


Please input coefficients below.
Coefficient of   x^14                     = Coefficient of   x^11 * y^1 * z^1         = Coefficient of   x^8 * y^2 * z^2         = Coefficient of   x^5 * y^3 * z^3         = Coefficient of   x^2 * y^4 * z^4         = Coefficient of   x^1 * y^9               = Coefficient of   z^9                     = 
Here is the polynomial we're using this time:

1*x^14 + 1*x^11*y^1*z^1 + 4*x^8*y^2*z^2 + 4*x^5*y^3*z^3 + 1*x^2*y^4*z^4 + 3*x^1*y^9 + 3*z^9

The final length of G is 63
[11, 1, 0, 0]  	112	5 
[11, 0, 1, 0]  	113	5 
[13, 0, 0, 0]  	117	6  <--- 1
[1, 9, 0, 0]  	126	2 
[10, 2, 1, 0]  	130	6 
[10, 1, 2, 0]  	131	6 
[8, 3, 2, 0]  	139	5 
[8, 2, 3, 0]  	140	5 
[7, 4, 3, 0]  	157	6 
[7, 3, 4, 0]  	158	6 
[6, 0, 8, 0]  	166	5 
[7, 8, 0, 0]  	167	5 
[6, 5, 6, 0]  	203	5 
[6, 4, 7, 0]  	204	5 
[5, 5, 7, 0]  	208	5 
[5, 4, 8, 0]  	209	5 
[5, 3, 9, 0]  	210	5 
[5, 2, 10, 0]  	211	5 
[5, 1, 11, 0]  	212	5 
[5, 0, 12, 0]  	213	5 
[6, 8, 4, 0]  	214	5 
[6, 7, 5, 0]  	215	5 
[4, 1, 12, 0]  	217	4 
[4, 0, 13, 0]  	218	4 
[5, 7, 6, 0]  	220	4 
[3, 2, 12, 0]  	221	4 
[3, 1, 13, 0]  	222	4 
[3, 0, 14, 0]  	223	4 
[4, 8, 6, 0]  	224	4 
[4, 6, 8, 0]  	226	4 
[4, 5, 9, 0]  	227	4 
[4, 4, 10, 0]  	228	4 
[4, 3, 11, 0]  	229	4 
[3, 5, 10, 0]  	232	3 
[3, 4, 11, 0]  	233	3 
[2, 6, 10, 0]  	236	3 
[2, 5, 11, 0]  	237	3 
[2, 2, 14, 0]  	240	3 
[2, 1, 15, 0]  	241	3 
[1, 2, 15, 0]  	245	2 
[1, 1, 16, 0]  	246	2 
[0, 17, 2, 0]  	249	2 
[0, 16, 3, 0]  	250	2 
[1, 6, 12, 0]  	255	2 
[0, 7, 12, 0]  	259	1 
[0, 20, 0, 0]  	260	2  <--- 2
[0, 3, 16, 0]  	263	1 
[0, 12, 8, 0]  	268	1 
[1, 0, 19, 0]  	275	2 
[0, 14, 7, 0]  	280	2 
[0, 0, 21, 0]  	294	1  <--- 3
[5, 8, 5, 1]  	219	4 
[3, 6, 9, 1]  	231	3 
[2, 7, 9, 1]  	235	3 
[2, 0, 16, 1]  	242	3 
[1, 0, 17, 1]  	247	3 
[1, 7, 11, 1]  	254	2 
[3, 4, 10, 24]  	219	2 
[1, 2, 14, 24]  	231	2 
[0, 17, 1, 24]  	235	2 
[1, 5, 12, 24]  	242	2 
[0, 19, 0, 24]  	247	2 
[0, 12, 7, 24]  	254	1 
------
For 27 = d/2-d1-d2-d3 you get 2
1*x^3
1*y^1*z^1

For 153 = 3*d/2-d1-d2-d3 you get 4
1*x^5*y^4*z^4
1*x^3*z^9
1*x^2*y^5*z^5
1*y^1*z^10

For 279 = 5*d/2-d1-d2-d3 you get 2
1*y^15*z^6
1*y^1*z^19

The invariant extra is equal to 2.
Start computing 5^3 Delta^1 (x1x2x3)^4... Done.
Start computing 5^4 Delta^2 (x1x2x3)^4... Done.
Start computing 5^5 Delta^3 (x1x2x3)^4... Done.
Start computing 5^6 Delta^4 (x1x2x3)^4... Done.
Start computing 5^7 Delta^5 (x1x2x3)^4... Done.
Start computing 5^8 Delta^6 (x1x2x3)^4... Done.
Start computing 5^9 Delta^7 (x1x2x3)^4... Done.
Start computing 5^10 Delta^8 (x1x2x3)^4... Done.
Start computing 5^11 Delta^9 (x1x2x3)^4... Done.
Start computing 5^12 Delta^10 (x1x2x3)^4... Done.
Start computing aa.
1 2 3 4 5 6 7 8 
[3629420967144382,9266307492339952,7503734785622910,6125133493988795,10165824593892115,7954759470426370,7754924838975100,6438252832219375;\
11786088467560251,8974433624482175,554718158952360,10304709605183345,7947591292168485,9436599522288550,9095426872057175,3316310632498925;\
11477990261117272,1079287982298060,914736061686440,2613955938495985,4061770301745060,2711221464010115,4288438814663925,5723067940760675;\
9355905233199709,6419804748795370,10731762464063980,211300489013700,9709277505478180,11480226381921410,5906403492586600,5373324124821325;\
7294052660921932,1302748411154197,7519687892196290,494911645767845,7165409054380155,5596895526723130,1809232952525850,7837517820224850;\
375835860291140,3735341432990523,6807426539633490,345945611995125,4091345230271540,8452903946509075,5526377301010175,6651203577858150;\
1718241746329484,4315193391231904,8869001387172005,7258818247916845,6413255915605595,713853573472615,5821182516254750,8083188860897250;\
4860392950905584,455537543846006,7223657404496305,10518877957303895,8869815236875220,5968411415551995,10485190194711725,9934780569044950]
This should be the matrix of frobenius!
