


Please input coefficients below.
Coefficient of   x^14                     = Coefficient of   x^11 * y^1 * z^1         = Coefficient of   x^8 * y^2 * z^2         = Coefficient of   x^5 * y^3 * z^3         = Coefficient of   x^2 * y^4 * z^4         = Coefficient of   x^1 * y^9               = Coefficient of   z^9                     = 
Here is the polynomial we're using this time:

1*x^14 + 1*x^11*y^1*z^1 + 4*x^8*y^2*z^2 + 4*x^5*y^3*z^3 + 3*x^1*y^9 + 1*z^9

The final length of G is 72
[11, 1, 0, 0]  	112	4 
[11, 0, 1, 0]  	113	4 
[13, 0, 0, 0]  	117	5  <--- 1
[1, 9, 0, 0]  	126	2 
[10, 2, 1, 0]  	130	5 
[10, 1, 2, 0]  	131	5 
[8, 3, 2, 0]  	139	4 
[8, 2, 3, 0]  	140	4 
[6, 0, 8, 0]  	166	4 
[7, 8, 0, 0]  	167	4 
[5, 4, 8, 0]  	209	5 
[5, 3, 9, 0]  	210	5 
[5, 2, 10, 0]  	211	5 
[5, 1, 11, 0]  	212	5 
[5, 0, 12, 0]  	213	5 
[6, 8, 4, 0]  	214	5 
[4, 1, 12, 0]  	217	4 
[4, 0, 13, 0]  	218	4 
[5, 8, 5, 0]  	219	4 
[3, 2, 12, 0]  	221	4 
[3, 1, 13, 0]  	222	4 
[3, 0, 14, 0]  	223	4 
[4, 8, 6, 0]  	224	4 
[4, 6, 8, 0]  	226	4 
[4, 5, 9, 0]  	227	4 
[4, 4, 10, 0]  	228	4 
[4, 3, 11, 0]  	229	4 
[3, 6, 9, 0]  	231	3 
[3, 5, 10, 0]  	232	3 
[3, 4, 11, 0]  	233	3 
[2, 7, 9, 0]  	235	3 
[2, 5, 11, 0]  	237	3 
[2, 2, 14, 0]  	240	3 
[2, 0, 16, 0]  	242	3 
[1, 2, 15, 0]  	245	2 
[1, 1, 16, 0]  	246	2 
[1, 0, 17, 0]  	247	3 
[0, 17, 2, 0]  	249	2 
[0, 16, 3, 0]  	250	2 
[1, 7, 11, 0]  	254	2 
[1, 6, 12, 0]  	255	2 
[0, 7, 12, 0]  	259	1 
[0, 20, 0, 0]  	260	2  <--- 2
[0, 3, 16, 0]  	263	1 
[0, 12, 8, 0]  	268	1 
[0, 14, 7, 0]  	280	2 
[0, 0, 21, 0]  	294	1  <--- 3
[7, 4, 3, 1]  	157	5 
[7, 3, 4, 1]  	158	5 
[6, 4, 7, 2]  	204	5 
[5, 5, 7, 2]  	208	5 
[6, 7, 5, 2]  	215	5 
[5, 7, 6, 2]  	220	4 
[2, 6, 10, 2]  	236	3 
[2, 1, 15, 2]  	241	3 
[6, 5, 6, 3]  	203	4 
[4, 1, 11, 22]  	203	3 
[4, 0, 12, 23]  	204	4 
[3, 1, 12, 23]  	208	4 
[4, 3, 10, 23]  	215	4 
[3, 6, 8, 23]  	217	3 
[3, 3, 11, 23]  	220	3 
[2, 7, 8, 23]  	221	3 
[3, 8, 7, 23]  	229	3 
[0, 16, 2, 23]  	236	2 
[1, 6, 11, 23]  	241	2 
[5, 0, 8, 24]  	157	3 
[6, 8, 0, 24]  	158	3 
[4, 8, 5, 24]  	210	3 
[2, 3, 11, 24]  	211	3 
[2, 2, 12, 24]  	212	3 
[4, 5, 8, 24]  	213	3 
------
For 27 = d/2-d1-d2-d3 you get 2
1*x^3
1*y^1*z^1

For 153 = 3*d/2-d1-d2-d3 you get 4
1*x^5*y^4*z^4
1*x^3*z^9
1*x^2*y^5*z^5
1*y^1*z^10

For 279 = 5*d/2-d1-d2-d3 you get 2
1*y^15*z^6
1*y^1*z^19

The invariant extra is equal to 2.
Start computing 5^3 Delta^1 (x1x2x3)^4... Done.
Start computing 5^4 Delta^2 (x1x2x3)^4... Done.
Start computing 5^5 Delta^3 (x1x2x3)^4... Done.
Start computing 5^6 Delta^4 (x1x2x3)^4... Done.
Start computing 5^7 Delta^5 (x1x2x3)^4... Done.
Start computing 5^8 Delta^6 (x1x2x3)^4... Done.
Start computing 5^9 Delta^7 (x1x2x3)^4... Done.
Start computing 5^10 Delta^8 (x1x2x3)^4... Done.
Start computing 5^11 Delta^9 (x1x2x3)^4... Done.
Start computing 5^12 Delta^10 (x1x2x3)^4... Done.
Start computing aa.
1 2 3 4 5 6 7 8 
[5757774363729261,11061388740324918,3651284391223545,4135538369393690,8245962227169470,2006980189777300,9902269314271700,1393211648816700;\
6490393682875773,5433079774093103,6532492605289000,7060260591003610,2148567234014915,2615666326430435,686350474029925,8386926852914650;\
10478262231168483,1111344668089451,4307673284165775,382439552667190,3528900427832810,5177425140013570,6581630221721300,11146649244074675;\
5189620644257580,1455432892511376,7917020636661790,655623033551220,5331007630544230,11915243482198445,8943915872611400,2691892342638425;\
6875759604367177,238003008740237,7964790853734870,4361170690417215,11564615882541040,5727104262418510,6075666159172625,937430208266125;\
429284383714781,8720182639683541,7877589623195750,9678401611468230,725953890921700,9914852192839100,3562795935006850,9016586533483025;\
8192753452619105,505516079127732,5116661333918005,9209476497864915,9040105150205460,2869028245109440,732796084007050,9975065969060750;\
1167455278928237,11391199140906791,4620966163423755,5444801743874125,9139840089607375,11882518460351245,2514022751659775,3970179457339075]
This should be the matrix of frobenius!
