


Please input coefficients below.
Coefficient of   x^14                     = Coefficient of   x^11 * y^1 * z^1         = Coefficient of   x^8 * y^2 * z^2         = Coefficient of   x^5 * y^3 * z^3         = Coefficient of   x^2 * y^4 * z^4         = Coefficient of   x^1 * y^9               = Coefficient of   z^9                     = 
Here is the polynomial we're using this time:

1*x^14 + 1*x^11*y^1*z^1 + 2*x^8*y^2*z^2 + 1*x^5*y^3*z^3 + 2*x^2*y^4*z^4 + 4*x^1*y^9 + 1*z^9

The final length of G is 73
[11, 1, 0, 0]  	112	5 
[11, 0, 1, 0]  	113	5 
[13, 0, 0, 0]  	117	6  <--- 1
[1, 9, 0, 0]  	126	2 
[8, 3, 2, 0]  	139	5 
[8, 2, 3, 0]  	140	5 
[7, 4, 3, 0]  	157	6 
[7, 3, 4, 0]  	158	6 
[6, 0, 8, 0]  	166	5 
[7, 8, 0, 0]  	167	5 
[6, 5, 6, 0]  	203	5 
[6, 4, 7, 0]  	204	5 
[5, 5, 7, 0]  	208	5 
[5, 4, 8, 0]  	209	5 
[5, 3, 9, 0]  	210	5 
[5, 2, 10, 0]  	211	5 
[5, 1, 11, 0]  	212	5 
[5, 0, 12, 0]  	213	5 
[6, 8, 4, 0]  	214	5 
[6, 7, 5, 0]  	215	5 
[4, 0, 13, 0]  	218	4 
[5, 8, 5, 0]  	219	4 
[5, 7, 6, 0]  	220	4 
[3, 1, 13, 0]  	222	4 
[3, 0, 14, 0]  	223	4 
[4, 5, 9, 0]  	227	4 
[4, 4, 10, 0]  	228	4 
[3, 4, 11, 0]  	233	3 
[2, 5, 11, 0]  	237	3 
[2, 2, 14, 0]  	240	3 
[1, 2, 15, 0]  	245	2 
[0, 17, 2, 0]  	249	2 
[1, 7, 11, 0]  	254	2 
[1, 6, 12, 0]  	255	2 
[0, 7, 12, 0]  	259	1 
[0, 20, 0, 0]  	260	2  <--- 2
[0, 3, 16, 0]  	263	1 
[0, 12, 8, 0]  	268	1 
[1, 0, 20, 0]  	289	1 
[0, 0, 21, 0]  	294	1  <--- 3
[10, 2, 1, 1]  	130	6 
[10, 1, 2, 1]  	131	6 
[3, 5, 10, 1]  	232	3 
[2, 6, 10, 1]  	236	3 
[2, 1, 15, 1]  	241	3 
[1, 1, 16, 1]  	246	2 
[0, 16, 3, 1]  	250	2 
[1, 0, 19, 1]  	275	2 
[0, 14, 7, 1]  	280	2 
[4, 8, 6, 2]  	224	4 
[4, 6, 8, 2]  	226	4 
[3, 6, 9, 2]  	231	3 
[2, 7, 9, 2]  	235	3 
[2, 0, 16, 2]  	242	3 
[1, 0, 17, 2]  	247	3 
[4, 1, 12, 3]  	217	4 
[3, 2, 12, 3]  	221	4 
[4, 3, 11, 3]  	229	4 
[1, 2, 13, 23]  	217	2 
[0, 17, 0, 23]  	221	2 
[2, 4, 11, 23]  	224	2 
[1, 4, 12, 23]  	229	2 
[7, 3, 2, 24]  	130	5 
[7, 2, 3, 24]  	131	5 
[5, 4, 7, 24]  	195	4 
[6, 7, 4, 24]  	201	4 
[3, 6, 8, 24]  	217	3 
[2, 7, 8, 24]  	221	3 
[3, 8, 7, 24]  	229	3 
[0, 6, 11, 24]  	232	1 
[0, 2, 15, 24]  	236	1 
[0, 11, 8, 24]  	255	1 
[0, 0, 20, 24]  	280	1 
------
For 27 = d/2-d1-d2-d3 you get 2
1*x^3
1*y^1*z^1

For 153 = 3*d/2-d1-d2-d3 you get 4
1*x^5*y^4*z^4
1*x^3*z^9
1*x^2*y^5*z^5
1*y^1*z^10

For 279 = 5*d/2-d1-d2-d3 you get 2
1*y^15*z^6
1*y^1*z^19

The invariant extra is equal to 2.
Start computing 5^3 Delta^1 (x1x2x3)^4... Done.
Start computing 5^4 Delta^2 (x1x2x3)^4... Done.
Start computing 5^5 Delta^3 (x1x2x3)^4... Done.
Start computing 5^6 Delta^4 (x1x2x3)^4... Done.
Start computing 5^7 Delta^5 (x1x2x3)^4... Done.
Start computing 5^8 Delta^6 (x1x2x3)^4... Done.
Start computing 5^9 Delta^7 (x1x2x3)^4... Done.
Start computing 5^10 Delta^8 (x1x2x3)^4... Done.
Start computing 5^11 Delta^9 (x1x2x3)^4... Done.
Start computing 5^12 Delta^10 (x1x2x3)^4... Done.
Start computing aa.
1 2 3 4 5 6 7 8 
[10344192132807214,7912586119223029,8134957022661770,7993522721610600,6163424288359925,4213289551706385,4186589926690825,8620003575253150;\
5811107936293017,6663051611647545,680732099372400,3340421636658590,1053502526632480,6521105130850230,10930879245716625,2860484638791525;\
7218495815238872,10953731895910278,9501481003870370,2164023622560970,5700259609071610,1335471101367615,8736989932831750,2021476120739150;\
2145505015586915,7245387710130035,11147789183981060,11207835100893070,5517467157055640,9630046625950505,3065905286341125,4604396163592400;\
969903337232538,5001827922832483,7858060655545840,11493670387649035,10972798568506025,8527254579995090,1004644137973125,6175967685033275;\
1226217437659415,5938108111733580,1726839601435895,11519193448125560,3447121698897030,8389664462409995,10544886411477575,5980072935288800;\
10588016749445869,11326887300330407,2007795632806045,710901606831560,1187630986412885,1727709383704145,10230376255763300,4856433896889700;\
7744578552601138,1674174376535407,7355642649540580,9473161233347530,3920667522452140,9895806041498485,705757154477900,6147411420743100]
This should be the matrix of frobenius!
