


Please input coefficients below.
Coefficient of   x^14                     = Coefficient of   x^11 * y^1 * z^1         = Coefficient of   x^8 * y^2 * z^2         = Coefficient of   x^5 * y^3 * z^3         = Coefficient of   x^2 * y^4 * z^4         = Coefficient of   x^1 * y^9               = Coefficient of   z^9                     = 
Here is the polynomial we're using this time:

1*x^14 + 1*x^11*y^1*z^1 + 2*x^8*y^2*z^2 + 2*x^5*y^3*z^3 + 2*x^1*y^9 + 2*z^9

The final length of G is 64
[11, 1, 0, 0]  	112	4 
[11, 0, 1, 0]  	113	4 
[13, 0, 0, 0]  	117	5  <--- 1
[1, 9, 0, 0]  	126	2 
[8, 3, 2, 0]  	139	4 
[8, 2, 3, 0]  	140	4 
[7, 4, 3, 0]  	157	5 
[7, 3, 4, 0]  	158	5 
[6, 0, 8, 0]  	166	4 
[7, 8, 0, 0]  	167	4 
[6, 5, 6, 0]  	203	4 
[6, 4, 7, 0]  	204	5 
[5, 5, 7, 0]  	208	5 
[5, 4, 8, 0]  	209	5 
[5, 3, 9, 0]  	210	5 
[5, 2, 10, 0]  	211	5 
[5, 1, 11, 0]  	212	5 
[5, 0, 12, 0]  	213	5 
[6, 8, 4, 0]  	214	5 
[6, 7, 5, 0]  	215	5 
[4, 1, 12, 0]  	217	4 
[4, 0, 13, 0]  	218	4 
[5, 8, 5, 0]  	219	4 
[5, 7, 6, 0]  	220	4 
[3, 2, 12, 0]  	221	4 
[3, 1, 13, 0]  	222	4 
[3, 0, 14, 0]  	223	4 
[4, 8, 6, 0]  	224	4 
[4, 6, 8, 0]  	226	4 
[4, 5, 9, 0]  	227	4 
[4, 4, 10, 0]  	228	4 
[4, 3, 11, 0]  	229	4 
[3, 6, 9, 0]  	231	3 
[3, 5, 10, 0]  	232	3 
[3, 4, 11, 0]  	233	3 
[2, 7, 9, 0]  	235	3 
[2, 6, 10, 0]  	236	3 
[2, 5, 11, 0]  	237	3 
[2, 2, 14, 0]  	240	3 
[2, 1, 15, 0]  	241	3 
[2, 0, 16, 0]  	242	3 
[1, 1, 16, 0]  	246	2 
[1, 0, 17, 0]  	247	3 
[0, 17, 2, 0]  	249	2 
[1, 7, 11, 0]  	254	2 
[0, 7, 12, 0]  	259	1 
[0, 20, 0, 0]  	260	2  <--- 2
[0, 3, 16, 0]  	263	1 
[0, 12, 8, 0]  	268	1 
[0, 0, 21, 0]  	294	1  <--- 3
[10, 2, 1, 1]  	130	5 
[10, 1, 2, 1]  	131	5 
[1, 2, 15, 1]  	245	2 
[0, 16, 3, 1]  	250	2 
[1, 6, 12, 1]  	255	2 
[0, 14, 7, 1]  	280	2 
[7, 3, 2, 24]  	130	3 
[7, 2, 3, 24]  	131	3 
[5, 4, 7, 24]  	195	5 
[6, 7, 4, 24]  	201	5 
[0, 7, 11, 24]  	245	1 
[0, 2, 16, 24]  	250	1 
[0, 11, 8, 24]  	255	1 
[0, 0, 20, 24]  	280	1 
------
For 27 = d/2-d1-d2-d3 you get 2
1*x^3
1*y^1*z^1

For 153 = 3*d/2-d1-d2-d3 you get 4
1*x^5*y^4*z^4
1*x^3*z^9
1*x^2*y^5*z^5
1*y^1*z^10

For 279 = 5*d/2-d1-d2-d3 you get 2
1*y^15*z^6
1*y^1*z^19

The invariant extra is equal to 2.
Start computing 5^3 Delta^1 (x1x2x3)^4... Done.
Start computing 5^4 Delta^2 (x1x2x3)^4... Done.
Start computing 5^5 Delta^3 (x1x2x3)^4... Done.
Start computing 5^6 Delta^4 (x1x2x3)^4... Done.
Start computing 5^7 Delta^5 (x1x2x3)^4... Done.
Start computing 5^8 Delta^6 (x1x2x3)^4... Done.
Start computing 5^9 Delta^7 (x1x2x3)^4... Done.
Start computing 5^10 Delta^8 (x1x2x3)^4... Done.
Start computing 5^11 Delta^9 (x1x2x3)^4... Done.
Start computing 5^12 Delta^10 (x1x2x3)^4... Done.
Start computing aa.
1 2 3 4 5 6 7 8 
[3501467556389343,7204157912516389,8935598683071735,92063219179770,11200131869957740,771003904991685,11131826264089450,3672310516234050;\
999240920652011,2857132092773430,9512900943163885,10532518680340015,11897617167924005,9659913068579225,1624256513077800,891593738899450;\
7215124717832636,2478659819359955,11235438497198495,4820273297525945,11883471636675875,5888555739258320,9591023406016175,3793073599590625;\
8374563985729481,3733466496918850,8558010423922400,2503226465661235,2783808088981055,5777998655694575,7804967968581750,11084139333842800;\
7128363815429628,2590723421859066,6657827399061800,1342213012814090,9553385210784490,1294617618504935,1874572180713825,1494734343395625;\
7082529119159008,1808455901936698,4034243799418725,1481674011096290,6953959532512570,10087930437297355,5353775787424425,2970128991656850;\
6184734975552241,5116153881891510,9007804926787675,11281810572092785,5280679714084105,11293014439022100,7170211808994500,6822640124068475;\
2055632750134382,2386670334455645,4985100108849485,441991727011975,2263697534347570,3893920498304710,5637461999239200,838774237541775]
This should be the matrix of frobenius!
