


Please input coefficients below.
Coefficient of   x^14                     = Coefficient of   x^11 * y^1 * z^1         = Coefficient of   x^8 * y^2 * z^2         = Coefficient of   x^5 * y^3 * z^3         = Coefficient of   x^2 * y^4 * z^4         = Coefficient of   x^1 * y^9               = Coefficient of   z^9                     = 
Here is the polynomial we're using this time:

1*x^14 + 1*x^11*y^1*z^1 + 3*x^8*y^2*z^2 + 4*x^5*y^3*z^3 + 3*x^2*y^4*z^4 + 3*x^1*y^9 + 4*z^9

The final length of G is 70
[11, 1, 0, 0]  	112	5 
[11, 0, 1, 0]  	113	5 
[13, 0, 0, 0]  	117	6  <--- 1
[1, 9, 0, 0]  	126	2 
[10, 2, 1, 0]  	130	6 
[10, 1, 2, 0]  	131	6 
[8, 3, 2, 0]  	139	5 
[8, 2, 3, 0]  	140	5 
[7, 4, 3, 0]  	157	6 
[7, 3, 4, 0]  	158	6 
[6, 0, 8, 0]  	166	5 
[7, 8, 0, 0]  	167	5 
[6, 5, 6, 0]  	203	5 
[6, 4, 7, 0]  	204	5 
[5, 4, 8, 0]  	209	5 
[5, 3, 9, 0]  	210	5 
[5, 0, 12, 0]  	213	5 
[6, 8, 4, 0]  	214	5 
[4, 1, 12, 0]  	217	4 
[4, 0, 13, 0]  	218	4 
[5, 8, 5, 0]  	219	4 
[5, 7, 6, 0]  	220	4 
[5, 6, 7, 0]  	221	4 
[3, 2, 12, 0]  	221	4 
[3, 1, 13, 0]  	222	4 
[3, 0, 14, 0]  	223	4 
[4, 8, 6, 0]  	224	4 
[4, 6, 8, 0]  	226	4 
[4, 5, 9, 0]  	227	4 
[4, 4, 10, 0]  	228	4 
[4, 3, 11, 0]  	229	4 
[3, 4, 11, 0]  	233	3 
[2, 5, 11, 0]  	237	3 
[2, 2, 14, 0]  	240	3 
[1, 2, 15, 0]  	245	2 
[0, 17, 2, 0]  	249	2 
[1, 7, 11, 0]  	254	2 
[1, 6, 12, 0]  	255	2 
[0, 7, 12, 0]  	259	1 
[0, 20, 0, 0]  	260	2  <--- 2
[0, 3, 16, 0]  	263	1 
[0, 12, 8, 0]  	268	1 
[1, 0, 20, 0]  	289	1 
[0, 0, 21, 0]  	294	1  <--- 3
[5, 5, 7, 1]  	208	5 
[6, 7, 5, 1]  	215	5 
[3, 6, 9, 1]  	231	3 
[3, 5, 10, 1]  	232	3 
[2, 7, 9, 1]  	235	3 
[2, 6, 10, 1]  	236	3 
[2, 1, 15, 1]  	241	3 
[2, 0, 16, 1]  	242	3 
[1, 1, 16, 1]  	246	2 
[1, 0, 17, 1]  	247	3 
[0, 16, 3, 1]  	250	2 
[0, 14, 7, 1]  	280	2 
[5, 2, 10, 2]  	211	5 
[5, 1, 11, 2]  	212	5 
[4, 7, 6, 23]  	211	4 
[4, 6, 7, 23]  	212	4 
[3, 1, 12, 24]  	208	4 
[4, 3, 10, 24]  	215	4 
[1, 2, 14, 24]  	231	2 
[0, 6, 11, 24]  	232	1 
[0, 17, 1, 24]  	235	2 
[0, 2, 15, 24]  	236	1 
[1, 5, 12, 24]  	242	2 
[0, 19, 0, 24]  	247	2 
[0, 11, 8, 24]  	255	1 
[0, 0, 20, 24]  	280	1 
------
For 27 = d/2-d1-d2-d3 you get 2
1*x^3
1*y^1*z^1

For 153 = 3*d/2-d1-d2-d3 you get 4
1*x^5*y^4*z^4
1*x^3*z^9
1*x^2*y^5*z^5
1*y^1*z^10

For 279 = 5*d/2-d1-d2-d3 you get 2
1*y^15*z^6
1*y^1*z^19

The invariant extra is equal to 2.
Start computing 5^3 Delta^1 (x1x2x3)^4... Done.
Start computing 5^4 Delta^2 (x1x2x3)^4... Done.
Start computing 5^5 Delta^3 (x1x2x3)^4... Done.
Start computing 5^6 Delta^4 (x1x2x3)^4... Done.
Start computing 5^7 Delta^5 (x1x2x3)^4... Done.
Start computing 5^8 Delta^6 (x1x2x3)^4... Done.
Start computing 5^9 Delta^7 (x1x2x3)^4... Done.
Start computing 5^10 Delta^8 (x1x2x3)^4... Done.
Start computing 5^11 Delta^9 (x1x2x3)^4... Done.
Start computing 5^12 Delta^10 (x1x2x3)^4... Done.
Start computing aa.
1 2 3 4 5 6 7 8 
[5725072334313064,9087345454509362,6141291887540910,2669679667986845,9547632997321450,6003880599243195,8197845115724075,7471790276543425;\
1111468816539113,7681839750649893,2942187343113800,4069022510853630,3323431656908480,4912494872672210,9770465334209225,542044684372150;\
6037863667422666,6006854060982201,4059045056330165,4422055975588225,3777134831817450,6103014682746665,685514411310725,8601196282693425;\
2056309560170824,38190882130291,3860938894691975,9951467633659130,828452665899435,7168362991957510,8058206013918075,3827116602487475;\
831939373934859,9445912766556653,6292066730655150,8225446701701445,3269389764309550,7936444046441185,3079210494804650,5048355545875700;\
3232821463531631,527791484623400,7399883158900560,8694300485288850,4245588132477130,974094741048600,8318114265260675,9411884425407325;\
2181969713083147,10344664924208599,6526198943377365,3197519421652300,5208624615594370,8839556580953580,8938778078672650,11130741080944050;\
5960815237975902,7819507216472193,5864813146291535,7521179534449675,8119684197989310,2791062462685330,1671075851826650,1790756080470075]
This should be the matrix of frobenius!
