


Please input coefficients below.
Coefficient of   x^14                     = Coefficient of   x^11 * y^1 * z^1         = Coefficient of   x^8 * y^2 * z^2         = Coefficient of   x^5 * y^3 * z^3         = Coefficient of   x^2 * y^4 * z^4         = Coefficient of   x^1 * y^9               = Coefficient of   z^9                     = 
Here is the polynomial we're using this time:

1*x^14 + 2*x^11*y^1*z^1 + 2*x^5*y^3*z^3 + 4*x^2*y^4*z^4 + 2*x^1*y^9 + 1*z^9

The final length of G is 65
[11, 1, 0, 0]  	112	4 
[11, 0, 1, 0]  	113	4 
[13, 0, 0, 0]  	117	5  <--- 1
[1, 9, 0, 0]  	126	2 
[10, 2, 1, 0]  	130	6 
[10, 1, 2, 0]  	131	6 
[8, 3, 2, 0]  	139	5 
[8, 2, 3, 0]  	140	5 
[6, 0, 8, 0]  	166	5 
[7, 8, 0, 0]  	167	5 
[6, 5, 6, 0]  	203	5 
[5, 5, 7, 0]  	208	5 
[5, 4, 8, 0]  	209	5 
[5, 3, 9, 0]  	210	5 
[7, 6, 5, 0]  	211	5 
[5, 2, 10, 0]  	211	5 
[5, 1, 11, 0]  	212	5 
[5, 0, 12, 0]  	213	5 
[6, 8, 4, 0]  	214	5 
[6, 7, 5, 0]  	215	5 
[4, 1, 12, 0]  	217	4 
[4, 0, 13, 0]  	218	4 
[5, 8, 5, 0]  	219	4 
[5, 7, 6, 0]  	220	4 
[3, 2, 12, 0]  	221	4 
[3, 1, 13, 0]  	222	4 
[3, 0, 14, 0]  	223	4 
[4, 8, 6, 0]  	224	4 
[4, 6, 8, 0]  	226	4 
[4, 5, 9, 0]  	227	4 
[4, 4, 10, 0]  	228	4 
[4, 3, 11, 0]  	229	4 
[3, 6, 9, 0]  	231	3 
[3, 5, 10, 0]  	232	3 
[2, 7, 9, 0]  	235	3 
[2, 5, 11, 0]  	237	3 
[2, 2, 14, 0]  	240	3 
[2, 0, 16, 0]  	242	3 
[1, 2, 15, 0]  	245	2 
[1, 1, 16, 0]  	246	2 
[1, 0, 17, 0]  	247	3 
[0, 17, 2, 0]  	249	2 
[0, 16, 3, 0]  	250	2 
[1, 7, 11, 0]  	254	2 
[1, 6, 12, 0]  	255	2 
[0, 7, 12, 0]  	259	1 
[0, 20, 0, 0]  	260	2  <--- 2
[0, 3, 16, 0]  	263	1 
[0, 12, 8, 0]  	268	1 
[0, 14, 7, 0]  	280	2 
[0, 0, 21, 0]  	294	1  <--- 3
[7, 4, 3, 1]  	157	6 
[7, 3, 4, 1]  	158	6 
[6, 4, 7, 1]  	204	5 
[3, 4, 11, 1]  	233	3 
[2, 6, 10, 2]  	236	3 
[2, 1, 15, 2]  	241	3 
[0, 16, 2, 23]  	236	2 
[1, 6, 11, 23]  	241	2 
[5, 0, 8, 24]  	157	4 
[6, 8, 0, 24]  	158	4 
[4, 0, 12, 24]  	204	4 
[4, 8, 5, 24]  	210	3 
[4, 5, 8, 24]  	213	3 
[1, 0, 16, 24]  	233	1 
------
For 27 = d/2-d1-d2-d3 you get 2
1*x^3
1*y^1*z^1

For 153 = 3*d/2-d1-d2-d3 you get 4
1*x^5*y^4*z^4
1*x^3*z^9
1*x^2*y^5*z^5
1*y^1*z^10

For 279 = 5*d/2-d1-d2-d3 you get 2
1*y^15*z^6
1*y^1*z^19

The invariant extra is equal to 2.
Start computing 5^3 Delta^1 (x1x2x3)^4... Done.
Start computing 5^4 Delta^2 (x1x2x3)^4... Done.
Start computing 5^5 Delta^3 (x1x2x3)^4... Done.
Start computing 5^6 Delta^4 (x1x2x3)^4... Done.
Start computing 5^7 Delta^5 (x1x2x3)^4... Done.
Start computing 5^8 Delta^6 (x1x2x3)^4... Done.
Start computing 5^9 Delta^7 (x1x2x3)^4... Done.
Start computing 5^10 Delta^8 (x1x2x3)^4... Done.
Start computing 5^11 Delta^9 (x1x2x3)^4... Done.
Start computing 5^12 Delta^10 (x1x2x3)^4... Done.
Start computing aa.
1 2 3 4 5 6 7 8 
[10614545193536034,5328545395766171,10932346183973190,2043431767571430,2563224329894700,8926922683330795,4269395704669025,7878980950108200;\
11842193365431262,818390147819633,1122689512569520,11498938317423705,2597483406860000,3482651946786840,9844210244371675,11593773280344575;\
9160282809340548,599361411305402,107599844343295,4249581550482400,10324300508582625,5890930687677505,11333430580412975,8160079211068550;\
1110034848629921,6494916231896117,716147359858725,10188179623992620,2748411965195560,5595837826725800,4190679569814950,7554196742281900;\
23389560192070,11721363403009796,6441437885315545,6922932018816890,9411732697088670,5514787923918630,3775070756223225,3635441616424950;\
7512734469130427,4231056000963575,736035329765875,8935771296730010,8641034923066790,4022296060185345,6372192191172675,8363021572963250;\
9717473265364910,970302007929481,8240004115426615,11687315673560980,6109894489037125,6866711145803435,10778653310166900,6143619335487825;\
8808622103440748,4855310466962078,7322456784485510,7697222484795880,3778378779463800,6911102093144815,5564256135077100,825145101383125]
This should be the matrix of frobenius!
