


Please input coefficients below.
Coefficient of   x^14                     = Coefficient of   x^11 * y^1 * z^1         = Coefficient of   x^8 * y^2 * z^2         = Coefficient of   x^5 * y^3 * z^3         = Coefficient of   x^2 * y^4 * z^4         = Coefficient of   x^1 * y^9               = Coefficient of   z^9                     = 
Here is the polynomial we're using this time:

1*x^14 + 2*x^11*y^1*z^1 + 4*x^8*y^2*z^2 + 4*x^2*y^4*z^4 + 1*x^1*y^9 + 3*z^9

The final length of G is 64
[11, 1, 0, 0]  	112	4 
[11, 0, 1, 0]  	113	4 
[13, 0, 0, 0]  	117	5  <--- 1
[1, 9, 0, 0]  	126	2 
[10, 2, 1, 0]  	130	6 
[10, 1, 2, 0]  	131	6 
[8, 3, 2, 0]  	139	5 
[8, 2, 3, 0]  	140	5 
[7, 4, 3, 0]  	157	6 
[7, 3, 4, 0]  	158	6 
[6, 0, 8, 0]  	166	5 
[7, 8, 0, 0]  	167	5 
[6, 5, 6, 0]  	203	5 
[6, 4, 7, 0]  	204	5 
[5, 4, 8, 0]  	209	5 
[5, 3, 9, 0]  	210	5 
[5, 2, 10, 0]  	211	5 
[5, 1, 11, 0]  	212	5 
[5, 0, 12, 0]  	213	5 
[6, 8, 4, 0]  	214	5 
[4, 1, 12, 0]  	217	4 
[4, 0, 13, 0]  	218	4 
[5, 8, 5, 0]  	219	4 
[5, 7, 6, 0]  	220	4 
[5, 6, 7, 0]  	221	4 
[3, 2, 12, 0]  	221	4 
[3, 1, 13, 0]  	222	4 
[3, 0, 14, 0]  	223	4 
[4, 5, 9, 0]  	227	4 
[4, 4, 10, 0]  	228	4 
[4, 3, 11, 0]  	229	4 
[3, 6, 9, 0]  	231	3 
[3, 5, 10, 0]  	232	3 
[3, 4, 11, 0]  	233	3 
[2, 7, 9, 0]  	235	3 
[2, 6, 10, 0]  	236	3 
[2, 5, 11, 0]  	237	3 
[2, 2, 14, 0]  	240	3 
[2, 1, 15, 0]  	241	3 
[2, 0, 16, 0]  	242	3 
[1, 2, 15, 0]  	245	2 
[1, 0, 17, 0]  	247	3 
[0, 16, 3, 0]  	250	2 
[1, 7, 11, 0]  	254	2 
[1, 6, 12, 0]  	255	2 
[0, 7, 12, 0]  	259	1 
[0, 3, 16, 0]  	263	1 
[0, 12, 8, 0]  	268	1 
[0, 21, 0, 0]  	273	1  <--- 2
[0, 14, 7, 0]  	280	2 
[0, 0, 21, 0]  	294	1  <--- 3
[5, 5, 7, 1]  	208	5 
[6, 7, 5, 1]  	215	5 
[1, 1, 16, 1]  	246	2 
[0, 17, 2, 1]  	249	2 
[0, 20, 0, 1]  	260	2 
[4, 8, 6, 2]  	224	4 
[4, 6, 8, 2]  	226	4 
[2, 4, 11, 23]  	224	3 
[2, 2, 13, 23]  	226	3 
[3, 1, 12, 24]  	208	3 
[4, 3, 10, 24]  	215	3 
[0, 6, 12, 24]  	246	1 
[0, 3, 15, 24]  	249	1 
------
For 27 = d/2-d1-d2-d3 you get 2
1*x^3
1*y^1*z^1

For 153 = 3*d/2-d1-d2-d3 you get 4
1*x^5*y^4*z^4
1*x^3*z^9
1*x^2*y^5*z^5
1*y^1*z^10

For 279 = 5*d/2-d1-d2-d3 you get 2
1*y^15*z^6
1*y^1*z^19

The invariant extra is equal to 2.
Start computing 5^3 Delta^1 (x1x2x3)^4... Done.
Start computing 5^4 Delta^2 (x1x2x3)^4... Done.
Start computing 5^5 Delta^3 (x1x2x3)^4... Done.
Start computing 5^6 Delta^4 (x1x2x3)^4... Done.
Start computing 5^7 Delta^5 (x1x2x3)^4... Done.
Start computing 5^8 Delta^6 (x1x2x3)^4... Done.
Start computing 5^9 Delta^7 (x1x2x3)^4... Done.
Start computing 5^10 Delta^8 (x1x2x3)^4... Done.
Start computing 5^11 Delta^9 (x1x2x3)^4... Done.
Start computing 5^12 Delta^10 (x1x2x3)^4... Done.
Start computing aa.
1 2 3 4 5 6 7 8 
[2958806437455650,4220347899379506,11297500357533860,9828197037782930,8965924844163885,5570803775747575,6561103631916575,10511825667165150;\
3524591144764282,10999903654472280,10177958982162870,4957413148796560,8774834254670685,2641308493505970,9454901512182700,11476365162234300;\
9979917407563731,1201937886364716,3739095894066670,7871715834631920,11874267647090375,6740601076420735,4942382099604450,9027556762458225;\
2511647489056737,7418169307046242,4485740171688970,6580534449149955,11685056559415530,7753321632727975,481747314203100,7218751212487100;\
2717929205913034,2814710768223713,3937513452457245,9598004914361185,3692478492858405,3731058412383045,2985439431643325,8718652608603050;\
11881306025031664,902335449157772,5128599030305920,2923571074685685,8595157207169070,4205001875837335,8009445196625625,7158049972235700;\
3515966901989264,2097151573789476,7666618348174860,3438734990664625,544368767047900,2311038919343290,10648134753441075,7447937409004475;\
6008520859885728,10668631373967090,7568195959789890,10303037554057455,416461787975800,1258854676569680,1813606208150525,3873138145843625]
This should be the matrix of frobenius!
