


Please input coefficients below.
Coefficient of   x^14                     = Coefficient of   x^11 * y^1 * z^1         = Coefficient of   x^8 * y^2 * z^2         = Coefficient of   x^5 * y^3 * z^3         = Coefficient of   x^2 * y^4 * z^4         = Coefficient of   x^1 * y^9               = Coefficient of   z^9                     = 
Here is the polynomial we're using this time:

1*x^14 + 2*x^11*y^1*z^1 + 3*x^8*y^2*z^2 + 3*x^2*y^4*z^4 + 1*x^1*y^9 + 1*z^9

The final length of G is 71
[11, 1, 0, 0]  	112	4 
[11, 0, 1, 0]  	113	4 
[13, 0, 0, 0]  	117	5  <--- 1
[1, 9, 0, 0]  	126	2 
[8, 3, 2, 0]  	139	5 
[8, 2, 3, 0]  	140	5 
[7, 4, 3, 0]  	157	6 
[7, 3, 4, 0]  	158	6 
[6, 0, 8, 0]  	166	4 
[7, 8, 0, 0]  	167	4 
[5, 3, 9, 0]  	210	5 
[5, 0, 12, 0]  	213	5 
[4, 1, 12, 0]  	217	4 
[4, 0, 13, 0]  	218	4 
[5, 8, 5, 0]  	219	4 
[3, 2, 12, 0]  	221	4 
[5, 5, 8, 0]  	222	4 
[3, 1, 13, 0]  	222	4 
[3, 0, 14, 0]  	223	4 
[4, 5, 9, 0]  	227	4 
[4, 4, 10, 0]  	228	4 
[4, 3, 11, 0]  	229	4 
[3, 4, 11, 0]  	233	3 
[2, 5, 11, 0]  	237	3 
[2, 2, 14, 0]  	240	3 
[1, 2, 15, 0]  	245	2 
[0, 17, 2, 0]  	249	2 
[1, 7, 11, 0]  	254	2 
[1, 6, 12, 0]  	255	2 
[0, 7, 12, 0]  	259	1 
[0, 20, 0, 0]  	260	2  <--- 2
[0, 3, 16, 0]  	263	1 
[0, 12, 8, 0]  	268	1 
[1, 0, 20, 0]  	289	1 
[0, 0, 21, 0]  	294	1  <--- 3
[10, 2, 1, 1]  	130	6 
[10, 1, 2, 1]  	131	6 
[6, 5, 6, 1]  	203	5 
[6, 4, 7, 1]  	204	5 
[5, 5, 7, 1]  	208	5 
[5, 4, 8, 1]  	209	5 
[6, 8, 4, 1]  	214	5 
[6, 7, 5, 1]  	215	5 
[5, 7, 6, 1]  	220	4 
[4, 8, 6, 1]  	224	4 
[4, 6, 8, 1]  	226	4 
[3, 6, 9, 1]  	231	3 
[3, 5, 10, 1]  	232	3 
[2, 7, 9, 1]  	235	3 
[2, 6, 10, 1]  	236	3 
[2, 1, 15, 1]  	241	3 
[2, 0, 16, 1]  	242	3 
[1, 1, 16, 1]  	246	2 
[1, 0, 17, 1]  	247	3 
[0, 16, 3, 1]  	250	2 
[0, 14, 7, 1]  	280	2 
[5, 2, 10, 2]  	211	5 
[5, 1, 11, 2]  	212	5 
[7, 3, 2, 24]  	130	5 
[7, 2, 3, 24]  	131	5 
[3, 0, 12, 24]  	195	4 
[4, 3, 9, 24]  	201	4 
[1, 2, 12, 24]  	203	2 
[4, 7, 6, 24]  	211	4 
[2, 3, 11, 24]  	211	2 
[4, 6, 7, 24]  	212	4 
[0, 17, 0, 24]  	221	2 
[0, 6, 11, 24]  	232	1 
[0, 2, 15, 24]  	236	1 
[0, 11, 8, 24]  	255	1 
[0, 0, 20, 24]  	280	1 
------
For 27 = d/2-d1-d2-d3 you get 2
1*x^3
1*y^1*z^1

For 153 = 3*d/2-d1-d2-d3 you get 4
1*x^5*y^4*z^4
1*x^3*z^9
1*x^2*y^5*z^5
1*y^1*z^10

For 279 = 5*d/2-d1-d2-d3 you get 2
1*y^15*z^6
1*y^1*z^19

The invariant extra is equal to 2.
Start computing 5^3 Delta^1 (x1x2x3)^4... Done.
Start computing 5^4 Delta^2 (x1x2x3)^4... Done.
Start computing 5^5 Delta^3 (x1x2x3)^4... Done.
Start computing 5^6 Delta^4 (x1x2x3)^4... Done.
Start computing 5^7 Delta^5 (x1x2x3)^4... Done.
Start computing 5^8 Delta^6 (x1x2x3)^4... Done.
Start computing 5^9 Delta^7 (x1x2x3)^4... Done.
Start computing 5^10 Delta^8 (x1x2x3)^4... Done.
Start computing 5^11 Delta^9 (x1x2x3)^4... Done.
Start computing 5^12 Delta^10 (x1x2x3)^4... Done.
Start computing aa.
1 2 3 4 5 6 7 8 
[4549698573121819,3363887076945186,371510484727715,7153253197491050,6908299714304135,10671472007695360,2158308880381575,9818313669291825;\
2159519739437939,7298720974076255,6176962229612470,11168793338001340,3183309429734580,2273313030555400,2112441578095550,11652208510523250;\
8029200300266733,3308666197281083,2245327957546025,11520080884986600,10217549861789310,4346132032266335,4693480040269225,5696964461893700;\
7385369764346364,6276037910615312,6713256418803985,7804796885464500,6966205990756350,6248472849010465,10218043420557750,9929799914436550;\
1551876988210754,2079706039695416,8209548889022395,7209423889082855,289085567283010,6288115187013230,6944130173244725,2360198031546475;\
2884581566093252,4040157754225260,7330591762302435,75867400907665,11186824342129625,11810842738832190,11475551121123900,7842453095789275;\
9137710875012350,2842382633266398,5732073150763965,1361326771497630,2477050081144220,8405081767675445,2287846486340050,5122216614621475;\
4635284280112441,7544360594955276,11246873852664275,2330236171876700,1955284975759570,6835776094615445,8121779897970025,5666672135695525]
This should be the matrix of frobenius!
