


Please input coefficients below.
Coefficient of   x^14                     = Coefficient of   x^11 * y^1 * z^1         = Coefficient of   x^8 * y^2 * z^2         = Coefficient of   x^5 * y^3 * z^3         = Coefficient of   x^2 * y^4 * z^4         = Coefficient of   x^1 * y^9               = Coefficient of   z^9                     = 
Here is the polynomial we're using this time:

1*x^14 + 2*x^11*y^1*z^1 + 4*x^8*y^2*z^2 + 2*x^5*y^3*z^3 + 2*x^1*y^9 + 1*z^9

The final length of G is 62
[11, 1, 0, 0]  	112	4 
[11, 0, 1, 0]  	113	4 
[13, 0, 0, 0]  	117	5  <--- 1
[1, 9, 0, 0]  	126	2 
[10, 2, 1, 0]  	130	5 
[10, 1, 2, 0]  	131	5 
[8, 3, 2, 0]  	139	4 
[8, 2, 3, 0]  	140	4 
[7, 4, 3, 0]  	157	5 
[7, 3, 4, 0]  	158	5 
[6, 0, 8, 0]  	166	4 
[7, 8, 0, 0]  	167	4 
[6, 5, 6, 0]  	203	4 
[6, 4, 7, 0]  	204	5 
[5, 5, 7, 0]  	208	5 
[5, 4, 8, 0]  	209	5 
[5, 3, 9, 0]  	210	5 
[5, 0, 12, 0]  	213	5 
[6, 8, 4, 0]  	214	5 
[6, 7, 5, 0]  	215	5 
[4, 1, 12, 0]  	217	4 
[5, 8, 5, 0]  	219	4 
[3, 2, 12, 0]  	221	4 
[3, 1, 13, 0]  	222	4 
[3, 0, 14, 0]  	223	4 
[4, 5, 9, 0]  	227	4 
[4, 4, 10, 0]  	228	4 
[4, 3, 11, 0]  	229	4 
[3, 6, 9, 0]  	231	3 
[3, 5, 10, 0]  	232	3 
[3, 4, 11, 0]  	233	3 
[2, 7, 9, 0]  	235	3 
[2, 6, 10, 0]  	236	3 
[2, 5, 11, 0]  	237	3 
[2, 2, 14, 0]  	240	3 
[2, 1, 15, 0]  	241	3 
[2, 0, 16, 0]  	242	3 
[1, 2, 15, 0]  	245	2 
[1, 0, 17, 0]  	247	3 
[0, 16, 3, 0]  	250	2 
[1, 7, 11, 0]  	254	2 
[1, 6, 12, 0]  	255	2 
[0, 7, 12, 0]  	259	1 
[0, 3, 16, 0]  	263	1 
[0, 12, 8, 0]  	268	1 
[0, 21, 0, 0]  	273	1  <--- 2
[0, 14, 7, 0]  	280	2 
[0, 0, 21, 0]  	294	1  <--- 3
[5, 2, 10, 1]  	211	5 
[5, 1, 11, 1]  	212	5 
[4, 0, 13, 1]  	218	4 
[5, 7, 6, 1]  	220	4 
[4, 8, 6, 1]  	224	4 
[4, 6, 8, 1]  	226	4 
[1, 1, 16, 1]  	246	2 
[0, 17, 2, 1]  	249	2 
[0, 20, 0, 1]  	260	2 
[2, 3, 11, 24]  	211	3 
[2, 2, 12, 24]  	212	3 
[3, 5, 9, 24]  	218	3 
[0, 6, 12, 24]  	246	1 
[0, 3, 15, 24]  	249	1 
------
For 27 = d/2-d1-d2-d3 you get 2
1*x^3
1*y^1*z^1

For 153 = 3*d/2-d1-d2-d3 you get 4
1*x^5*y^4*z^4
1*x^3*z^9
1*x^2*y^5*z^5
1*y^1*z^10

For 279 = 5*d/2-d1-d2-d3 you get 2
1*y^15*z^6
1*y^1*z^19

The invariant extra is equal to 2.
Start computing 5^3 Delta^1 (x1x2x3)^4... Done.
Start computing 5^4 Delta^2 (x1x2x3)^4... Done.
Start computing 5^5 Delta^3 (x1x2x3)^4... Done.
Start computing 5^6 Delta^4 (x1x2x3)^4... Done.
Start computing 5^7 Delta^5 (x1x2x3)^4... Done.
Start computing 5^8 Delta^6 (x1x2x3)^4... Done.
Start computing 5^9 Delta^7 (x1x2x3)^4... Done.
Start computing 5^10 Delta^8 (x1x2x3)^4... Done.
Start computing 5^11 Delta^9 (x1x2x3)^4... Done.
Start computing 5^12 Delta^10 (x1x2x3)^4... Done.
Start computing aa.
1 2 3 4 5 6 7 8 
[3894643591647222,3751560056612371,7159450150408380,1139234195058760,11568492656970445,2592699229695650,9229674645261500,4620478893144125;\
4875745372964054,3993182686283137,1740446925473055,4524065759384460,11069004686930545,4627197546625975,9736769687936950,9470962305727550;\
10230117338144848,3540817193597141,5624457514423085,1793587836485480,4296499645329280,1645469254124025,8581519186299075,9785237478180725;\
1909652237312799,10104613108965968,1149345370566355,258310983485740,9343766584183090,10455088268609225,8104915493739525,702652009864875;\
11050457297318601,5617201002552850,6024712784817210,8246032561828390,10677454564988080,3990833205086825,1737432805895100,5960534622148825;\
3002948000235805,8166356189073974,11040163071815870,6847829205265210,7631108406724230,4289824912102830,1844437416533075,8679329119073150;\
882879405608718,3556234950346051,276928997729635,3940395025465430,1461575204785105,284635886552000,7528733340142425,8845801326609725;\
5806221017198436,434580380677238,2982801346702040,9987540092920020,421046825151035,1197105299415355,4454981444262200,8767275278021225]
This should be the matrix of frobenius!
