


Please input coefficients below.
Coefficient of   x^14                     = Coefficient of   x^11 * y^1 * z^1         = Coefficient of   x^8 * y^2 * z^2         = Coefficient of   x^5 * y^3 * z^3         = Coefficient of   x^2 * y^4 * z^4         = Coefficient of   x^1 * y^9               = Coefficient of   z^9                     = 
Here is the polynomial we're using this time:

1*x^14 + 2*x^11*y^1*z^1 + 1*x^8*y^2*z^2 + 3*x^5*y^3*z^3 + 1*x^2*y^4*z^4 + 4*x^1*y^9 + 2*z^9

The final length of G is 72
[11, 1, 0, 0]  	112	5 
[11, 0, 1, 0]  	113	5 
[13, 0, 0, 0]  	117	6  <--- 1
[1, 9, 0, 0]  	126	2 
[10, 2, 1, 0]  	130	6 
[10, 1, 2, 0]  	131	6 
[8, 3, 2, 0]  	139	5 
[8, 2, 3, 0]  	140	5 
[7, 4, 3, 0]  	157	6 
[7, 3, 4, 0]  	158	6 
[6, 0, 8, 0]  	166	5 
[7, 8, 0, 0]  	167	5 
[6, 5, 6, 0]  	203	5 
[5, 5, 7, 0]  	208	5 
[5, 4, 8, 0]  	209	5 
[5, 2, 10, 0]  	211	5 
[5, 1, 11, 0]  	212	5 
[6, 8, 4, 0]  	214	5 
[6, 7, 5, 0]  	215	5 
[5, 8, 5, 0]  	219	4 
[3, 0, 14, 0]  	223	4 
[4, 8, 6, 0]  	224	4 
[4, 6, 8, 0]  	226	4 
[5, 0, 13, 0]  	227	4 
[4, 5, 9, 0]  	227	4 
[3, 6, 9, 0]  	231	3 
[3, 5, 10, 0]  	232	3 
[2, 7, 9, 0]  	235	3 
[2, 6, 10, 0]  	236	3 
[2, 5, 11, 0]  	237	3 
[2, 2, 14, 0]  	240	3 
[2, 1, 15, 0]  	241	3 
[2, 0, 16, 0]  	242	3 
[1, 2, 15, 0]  	245	2 
[1, 1, 16, 0]  	246	2 
[1, 0, 17, 0]  	247	3 
[0, 17, 2, 0]  	249	2 
[0, 16, 3, 0]  	250	2 
[1, 7, 11, 0]  	254	2 
[1, 6, 12, 0]  	255	2 
[0, 7, 12, 0]  	259	1 
[0, 20, 0, 0]  	260	2  <--- 2
[0, 3, 16, 0]  	263	1 
[0, 12, 8, 0]  	268	1 
[0, 14, 7, 0]  	280	2 
[0, 0, 21, 0]  	294	1  <--- 3
[6, 4, 7, 1]  	204	4 
[5, 3, 9, 1]  	210	5 
[5, 0, 12, 1]  	213	5 
[5, 7, 6, 1]  	220	4 
[3, 1, 13, 1]  	222	4 
[4, 4, 10, 1]  	228	4 
[3, 4, 12, 1]  	247	3 
[4, 1, 12, 2]  	217	4 
[4, 0, 13, 2]  	218	4 
[3, 2, 12, 2]  	221	4 
[4, 3, 11, 2]  	229	4 
[3, 4, 11, 2]  	233	3 
[3, 6, 8, 23]  	217	3 
[3, 5, 9, 23]  	218	2 
[2, 7, 8, 23]  	221	3 
[3, 8, 7, 23]  	229	3 
[1, 0, 16, 23]  	233	2 
[3, 5, 8, 24]  	204	1 
[4, 8, 5, 24]  	210	1 
[2, 8, 7, 24]  	220	1 
[2, 6, 9, 24]  	222	3 
[2, 0, 15, 24]  	228	3 
[1, 2, 14, 24]  	231	2 
[0, 17, 1, 24]  	235	2 
[1, 5, 12, 24]  	242	2 
[0, 19, 0, 24]  	247	2 
------
For 27 = d/2-d1-d2-d3 you get 2
1*x^3
1*y^1*z^1

For 153 = 3*d/2-d1-d2-d3 you get 4
1*x^5*y^4*z^4
1*x^3*z^9
1*x^2*y^5*z^5
1*y^1*z^10

For 279 = 5*d/2-d1-d2-d3 you get 2
1*y^15*z^6
1*y^1*z^19

The invariant extra is equal to 2.
Start computing 5^3 Delta^1 (x1x2x3)^4... Done.
Start computing 5^4 Delta^2 (x1x2x3)^4... Done.
Start computing 5^5 Delta^3 (x1x2x3)^4... Done.
Start computing 5^6 Delta^4 (x1x2x3)^4... Done.
Start computing 5^7 Delta^5 (x1x2x3)^4... Done.
Start computing 5^8 Delta^6 (x1x2x3)^4... Done.
Start computing 5^9 Delta^7 (x1x2x3)^4... Done.
Start computing 5^10 Delta^8 (x1x2x3)^4... Done.
Start computing 5^11 Delta^9 (x1x2x3)^4... Done.
Start computing 5^12 Delta^10 (x1x2x3)^4... Done.
Start computing aa.
1 2 3 4 5 6 7 8 
[2228757669682654,6629091360040606,5991961422854340,635354813724460,3842504832882560,2687587454638995,11239373246928000,1971215496466000;\
7517291389290943,11258307199857182,6793473643343605,6096306730091395,225688204978290,6205853360261370,3435419264371850,7209122470429475;\
7327150207674220,1230089272649230,11052229087952925,523028224495625,6866963905497900,9106300614459900,9982959840721525,6828458170614125;\
9800085119922807,4534452787663065,7345291768376560,2217488753756105,161504655793805,8598270650859055,7349742847032850,784997900328650;\
1183727299491106,2604200492911279,10208987990145655,8839011902689780,9623836015822665,1306159259418630,5200757250803125,1827452604646775;\
4311364400439878,5186478866035532,2676996569341350,462597190091495,11736622951219165,1034084281691470,1890649842820375,5966886271766075;\
11250555708151884,10308022974155357,3044070061984105,8423991463258220,11202464810250040,7776549267116895,11378900754710975,3164549969556000;\
6591867303195807,2221717423293004,8154212439958625,7251070768023030,6855023889723800,10779337568733480,4045044428022500,11817544427932275]
This should be the matrix of frobenius!
