


Please input coefficients below.
Coefficient of   x^14                     = Coefficient of   x^11 * y^1 * z^1         = Coefficient of   x^8 * y^2 * z^2         = Coefficient of   x^5 * y^3 * z^3         = Coefficient of   x^2 * y^4 * z^4         = Coefficient of   x^1 * y^9               = Coefficient of   z^9                     = 
Here is the polynomial we're using this time:

1*x^14 + 3*x^11*y^1*z^1 + 2*x^8*y^2*z^2 + 1*x^2*y^4*z^4 + 3*x^1*y^9 + 4*z^9

The final length of G is 68
[11, 1, 0, 0]  	112	4 
[11, 0, 1, 0]  	113	4 
[13, 0, 0, 0]  	117	5  <--- 1
[1, 9, 0, 0]  	126	2 
[10, 2, 1, 0]  	130	6 
[10, 1, 2, 0]  	131	6 
[8, 3, 2, 0]  	139	5 
[8, 2, 3, 0]  	140	5 
[6, 0, 8, 0]  	166	5 
[7, 8, 0, 0]  	167	5 
[6, 5, 6, 0]  	203	5 
[5, 5, 7, 0]  	208	5 
[5, 4, 8, 0]  	209	5 
[7, 6, 5, 0]  	211	5 
[5, 2, 10, 0]  	211	5 
[5, 1, 11, 0]  	212	5 
[6, 8, 4, 0]  	214	5 
[6, 7, 5, 0]  	215	5 
[4, 1, 12, 0]  	217	4 
[4, 0, 13, 0]  	218	4 
[5, 8, 5, 0]  	219	4 
[5, 7, 6, 0]  	220	4 
[3, 2, 12, 0]  	221	4 
[3, 0, 14, 0]  	223	4 
[4, 8, 6, 0]  	224	4 
[4, 6, 8, 0]  	226	4 
[4, 5, 9, 0]  	227	4 
[4, 3, 11, 0]  	229	4 
[3, 6, 9, 0]  	231	3 
[3, 5, 10, 0]  	232	3 
[3, 4, 11, 0]  	233	3 
[2, 7, 9, 0]  	235	3 
[2, 6, 10, 0]  	236	3 
[2, 5, 11, 0]  	237	3 
[2, 2, 14, 0]  	240	3 
[2, 1, 15, 0]  	241	3 
[2, 0, 16, 0]  	242	3 
[1, 1, 16, 0]  	246	2 
[1, 0, 17, 0]  	247	3 
[0, 17, 2, 0]  	249	2 
[1, 7, 11, 0]  	254	2 
[0, 7, 12, 0]  	259	1 
[0, 20, 0, 0]  	260	2  <--- 2
[0, 3, 16, 0]  	263	1 
[0, 12, 8, 0]  	268	1 
[0, 0, 21, 0]  	294	1  <--- 3
[7, 4, 3, 1]  	157	6 
[7, 3, 4, 1]  	158	6 
[6, 4, 7, 1]  	204	5 
[3, 1, 13, 1]  	222	4 
[4, 4, 10, 1]  	228	4 
[1, 2, 15, 1]  	245	2 
[0, 16, 3, 1]  	250	2 
[1, 6, 12, 1]  	255	2 
[0, 14, 7, 1]  	280	2 
[5, 3, 9, 2]  	210	5 
[5, 0, 12, 2]  	213	5 
[4, 8, 5, 22]  	210	4 
[4, 5, 8, 22]  	213	4 
[5, 0, 8, 24]  	157	4 
[6, 8, 0, 24]  	158	4 
[4, 0, 12, 24]  	204	4 
[2, 6, 9, 24]  	222	3 
[2, 0, 15, 24]  	228	3 
[0, 7, 11, 24]  	245	1 
[0, 2, 16, 24]  	250	1 
[0, 11, 8, 24]  	255	1 
[0, 0, 20, 24]  	280	1 
------
For 27 = d/2-d1-d2-d3 you get 2
1*x^3
1*y^1*z^1

For 153 = 3*d/2-d1-d2-d3 you get 4
1*x^5*y^4*z^4
1*x^3*z^9
1*x^2*y^5*z^5
1*y^1*z^10

For 279 = 5*d/2-d1-d2-d3 you get 2
1*y^15*z^6
1*y^1*z^19

The invariant extra is equal to 2.
Start computing 5^3 Delta^1 (x1x2x3)^4... Done.
Start computing 5^4 Delta^2 (x1x2x3)^4... Done.
Start computing 5^5 Delta^3 (x1x2x3)^4... Done.
Start computing 5^6 Delta^4 (x1x2x3)^4... Done.
Start computing 5^7 Delta^5 (x1x2x3)^4... Done.
Start computing 5^8 Delta^6 (x1x2x3)^4... Done.
Start computing 5^9 Delta^7 (x1x2x3)^4... Done.
Start computing 5^10 Delta^8 (x1x2x3)^4... Done.
Start computing 5^11 Delta^9 (x1x2x3)^4... Done.
Start computing 5^12 Delta^10 (x1x2x3)^4... Done.
Start computing aa.
1 2 3 4 5 6 7 8 
[671608783907103,1324668980096161,5638571963373470,7512948873104940,7364187938183380,3248653129884620,8131653180126325,7515098247361775;\
1076835260699479,11771115808203299,10266271828133150,2315305607039250,1365209353844370,7674477709842105,2303561411314550,1884389676726850;\
11513120044590202,7859782318485913,7957710301141205,9678364686593370,10814683456656970,7223222061178655,5493111599211250,3394088954728075;\
2701439934601230,2776883395918160,3084302137955025,3700050657788830,7193862652661305,11243252965394130,1475352309615800,3336285485132850;\
1295463844210585,3866962568128857,7516864197623035,10351219442894425,4057020977235140,11480103691630955,5664424964417200,5126222556247425;\
3658253721451931,7328219788180599,9631425664927440,9272951807738495,9061530606946775,8763426884137525,1156441387188625,10644232458134775;\
15057102240301,8764941639965157,5225709158632180,11101410024177745,5655964346326005,9092161669130470,6302779011745825,604040808068275;\
2470488276479471,8905390918319575,11722077471517495,549775654602030,7542294140598575,1661845034764200,9680579817800975,589930601231700]
This should be the matrix of frobenius!
