


Please input coefficients below.
Coefficient of   x^14                     = Coefficient of   x^11 * y^1 * z^1         = Coefficient of   x^8 * y^2 * z^2         = Coefficient of   x^5 * y^3 * z^3         = Coefficient of   x^2 * y^4 * z^4         = Coefficient of   x^1 * y^9               = Coefficient of   z^9                     = 
Here is the polynomial we're using this time:

1*x^14 + 3*x^11*y^1*z^1 + 2*x^8*y^2*z^2 + 3*x^5*y^3*z^3 + 3*x^2*y^4*z^4 + 3*x^1*y^9 + 2*z^9

The final length of G is 74
[11, 1, 0, 0]  	112	5 
[11, 0, 1, 0]  	113	5 
[13, 0, 0, 0]  	117	6  <--- 1
[1, 9, 0, 0]  	126	2 
[10, 2, 1, 0]  	130	6 
[10, 1, 2, 0]  	131	6 
[8, 3, 2, 0]  	139	5 
[8, 2, 3, 0]  	140	5 
[7, 4, 3, 0]  	157	6 
[7, 3, 4, 0]  	158	6 
[6, 0, 8, 0]  	166	5 
[7, 8, 0, 0]  	167	5 
[6, 5, 6, 0]  	203	5 
[6, 4, 7, 0]  	204	5 
[5, 4, 8, 0]  	209	5 
[5, 3, 9, 0]  	210	5 
[5, 0, 12, 0]  	213	5 
[6, 8, 4, 0]  	214	5 
[4, 1, 12, 0]  	217	4 
[4, 0, 13, 0]  	218	4 
[5, 8, 5, 0]  	219	4 
[5, 7, 6, 0]  	220	4 
[5, 6, 7, 0]  	221	4 
[3, 2, 12, 0]  	221	4 
[3, 1, 13, 0]  	222	4 
[3, 0, 14, 0]  	223	4 
[4, 8, 6, 0]  	224	4 
[4, 6, 8, 0]  	226	4 
[4, 5, 9, 0]  	227	4 
[4, 4, 10, 0]  	228	4 
[4, 3, 11, 0]  	229	4 
[3, 4, 11, 0]  	233	3 
[2, 5, 11, 0]  	237	3 
[2, 2, 14, 0]  	240	3 
[0, 17, 2, 0]  	249	2 
[1, 7, 11, 0]  	254	2 
[1, 2, 16, 0]  	259	1 
[0, 7, 12, 0]  	259	1 
[0, 20, 0, 0]  	260	2  <--- 2
[0, 3, 16, 0]  	263	1 
[0, 12, 8, 0]  	268	1 
[1, 0, 20, 0]  	289	1 
[0, 0, 21, 0]  	294	1  <--- 3
[5, 5, 7, 1]  	208	5 
[5, 2, 10, 1]  	211	5 
[5, 1, 11, 1]  	212	5 
[6, 7, 5, 1]  	215	5 
[3, 6, 9, 1]  	231	3 
[2, 7, 9, 1]  	235	3 
[2, 6, 10, 1]  	236	3 
[2, 1, 15, 1]  	241	3 
[2, 0, 16, 1]  	242	3 
[1, 2, 15, 1]  	245	2 
[1, 1, 16, 1]  	246	2 
[1, 0, 17, 1]  	247	3 
[1, 6, 12, 1]  	255	2 
[3, 5, 10, 2]  	232	3 
[0, 16, 3, 2]  	250	2 
[0, 14, 7, 2]  	280	2 
[0, 7, 11, 23]  	245	1 
[0, 2, 16, 23]  	250	1 
[0, 11, 8, 23]  	255	1 
[0, 0, 20, 23]  	280	1 
[3, 1, 12, 24]  	208	4 
[4, 7, 6, 24]  	211	3 
[4, 6, 7, 24]  	212	3 
[4, 3, 10, 24]  	215	4 
[1, 2, 14, 24]  	231	2 
[1, 1, 15, 24]  	232	2 
[0, 6, 11, 24]  	232	1 
[0, 17, 1, 24]  	235	2 
[0, 2, 15, 24]  	236	1 
[1, 5, 12, 24]  	242	2 
[0, 19, 0, 24]  	247	2 
------
For 27 = d/2-d1-d2-d3 you get 2
1*x^3
1*y^1*z^1

For 153 = 3*d/2-d1-d2-d3 you get 4
1*x^5*y^4*z^4
1*x^3*z^9
1*x^2*y^5*z^5
1*y^1*z^10

For 279 = 5*d/2-d1-d2-d3 you get 2
1*y^15*z^6
1*y^1*z^19

The invariant extra is equal to 2.
Start computing 5^3 Delta^1 (x1x2x3)^4... Done.
Start computing 5^4 Delta^2 (x1x2x3)^4... Done.
Start computing 5^5 Delta^3 (x1x2x3)^4... Done.
Start computing 5^6 Delta^4 (x1x2x3)^4... Done.
Start computing 5^7 Delta^5 (x1x2x3)^4... Done.
Start computing 5^8 Delta^6 (x1x2x3)^4... Done.
Start computing 5^9 Delta^7 (x1x2x3)^4... Done.
Start computing 5^10 Delta^8 (x1x2x3)^4... Done.
Start computing 5^11 Delta^9 (x1x2x3)^4... Done.
Start computing 5^12 Delta^10 (x1x2x3)^4... Done.
Start computing aa.
1 2 3 4 5 6 7 8 
[6292067292082629,61673839542139,11301303170552490,10479109428091930,11003991443241115,11077518743812070,6868873864879850,2107649350545950;\
2617522506237524,7167897501709413,6670439793732275,4439034320300930,2292747992345635,2764058751698215,4769237300596100,1940811279990925;\
5358474736887779,9567876684469168,7465544224323240,7903054210447410,5276769944929515,6190542479269745,4213507120434975,9713274535200075;\
8430908337034978,7538271246392124,10429687577128450,3701885718535155,2728539836599465,11671133156226660,1208099780906625,4623124433315825;\
6746105682875453,11354020464291627,7816783424637950,11758485128290925,7919226370378930,8990032482921305,5041132108480250,752385447265375;\
11471092067856576,9886983744928430,3525013989264315,5161344835623220,10063065665420700,659192315938010,7412632187858100,10323023163517300;\
7229398038268588,3532722675177517,10619166469675690,9194932527913730,2106801801373320,1326450637654730,107972938226075,8136222453203800;\
3515434562949899,4594128024925547,11072951053451930,11800827831320025,769458558596875,6181405200496530,2021847665918525,304937990369050]
This should be the matrix of frobenius!
