


Please input coefficients below.
Coefficient of   x^14                     = Coefficient of   x^11 * y^1 * z^1         = Coefficient of   x^8 * y^2 * z^2         = Coefficient of   x^5 * y^3 * z^3         = Coefficient of   x^2 * y^4 * z^4         = Coefficient of   x^1 * y^9               = Coefficient of   z^9                     = 
Here is the polynomial we're using this time:

1*x^14 + 3*x^11*y^1*z^1 + 4*x^8*y^2*z^2 + 1*x^5*y^3*z^3 + 1*x^2*y^4*z^4 + 2*x^1*y^9 + 1*z^9

The final length of G is 68
[11, 1, 0, 0]  	112	5 
[11, 0, 1, 0]  	113	5 
[13, 0, 0, 0]  	117	6  <--- 1
[1, 9, 0, 0]  	126	2 
[10, 2, 1, 0]  	130	6 
[10, 1, 2, 0]  	131	6 
[8, 3, 2, 0]  	139	5 
[8, 2, 3, 0]  	140	5 
[7, 4, 3, 0]  	157	6 
[7, 3, 4, 0]  	158	6 
[6, 0, 8, 0]  	166	5 
[7, 8, 0, 0]  	167	5 
[6, 4, 7, 0]  	204	5 
[5, 5, 7, 0]  	208	5 
[5, 4, 8, 0]  	209	5 
[5, 3, 9, 0]  	210	5 
[5, 0, 12, 0]  	213	5 
[6, 8, 4, 0]  	214	5 
[6, 7, 5, 0]  	215	5 
[5, 8, 5, 0]  	219	4 
[5, 7, 6, 0]  	220	4 
[3, 0, 14, 0]  	223	4 
[4, 8, 6, 0]  	224	4 
[4, 6, 8, 0]  	226	4 
[4, 5, 9, 0]  	227	4 
[3, 6, 9, 0]  	231	3 
[3, 5, 10, 0]  	232	3 
[2, 7, 9, 0]  	235	3 
[2, 6, 10, 0]  	236	3 
[2, 5, 11, 0]  	237	3 
[2, 2, 14, 0]  	240	3 
[2, 1, 15, 0]  	241	3 
[2, 0, 16, 0]  	242	3 
[1, 2, 15, 0]  	245	2 
[1, 1, 16, 0]  	246	2 
[1, 0, 17, 0]  	247	3 
[0, 17, 2, 0]  	249	2 
[0, 16, 3, 0]  	250	2 
[1, 7, 11, 0]  	254	2 
[1, 6, 12, 0]  	255	2 
[0, 7, 12, 0]  	259	1 
[0, 20, 0, 0]  	260	2  <--- 2
[0, 3, 16, 0]  	263	1 
[0, 12, 8, 0]  	268	1 
[0, 14, 7, 0]  	280	2 
[0, 0, 21, 0]  	294	1  <--- 3
[5, 2, 10, 1]  	211	5 
[5, 1, 11, 1]  	212	5 
[4, 1, 12, 1]  	217	4 
[4, 0, 13, 1]  	218	4 
[3, 2, 12, 1]  	221	4 
[3, 1, 13, 1]  	222	4 
[4, 4, 10, 1]  	228	4 
[4, 3, 11, 1]  	229	4 
[3, 4, 11, 1]  	233	3 
[6, 5, 6, 2]  	203	5 
[4, 1, 11, 24]  	203	4 
[3, 6, 7, 24]  	203	3 
[4, 7, 6, 24]  	211	3 
[3, 5, 9, 24]  	218	2 
[2, 7, 8, 24]  	221	3 
[2, 6, 9, 24]  	222	3 
[2, 0, 15, 24]  	228	3 
[1, 2, 14, 24]  	231	2 
[1, 0, 16, 24]  	233	2 
[0, 17, 1, 24]  	235	2 
[1, 5, 12, 24]  	242	2 
[0, 19, 0, 24]  	247	2 
------
For 27 = d/2-d1-d2-d3 you get 2
1*x^3
1*y^1*z^1

For 153 = 3*d/2-d1-d2-d3 you get 4
1*x^5*y^4*z^4
1*x^3*z^9
1*x^2*y^5*z^5
1*y^1*z^10

For 279 = 5*d/2-d1-d2-d3 you get 2
1*y^15*z^6
1*y^1*z^19

The invariant extra is equal to 2.
Start computing 5^3 Delta^1 (x1x2x3)^4... Done.
Start computing 5^4 Delta^2 (x1x2x3)^4... Done.
Start computing 5^5 Delta^3 (x1x2x3)^4... Done.
Start computing 5^6 Delta^4 (x1x2x3)^4... Done.
Start computing 5^7 Delta^5 (x1x2x3)^4... Done.
Start computing 5^8 Delta^6 (x1x2x3)^4... Done.
Start computing 5^9 Delta^7 (x1x2x3)^4... Done.
Start computing 5^10 Delta^8 (x1x2x3)^4... Done.
Start computing 5^11 Delta^9 (x1x2x3)^4... Done.
Start computing 5^12 Delta^10 (x1x2x3)^4... Done.
Start computing aa.
1 2 3 4 5 6 7 8 
[10928124177985950,1938866608850615,1375751095038170,2685409405441040,6227874315753890,7524490914760825,11367590875950875,3671443265093975;\
8908731232480986,3664489604053805,6340398982735300,4921503690255250,6438196378704910,1291431688493275,6592257648825300,9006446283527800;\
1336181638493618,756686911775121,10182607991098405,3444173223702835,11681212119333855,4856813559811910,8128940607719875,4814054739642500;\
9683840279293384,6150519214721361,8333452623050320,1714431277187950,2767793938983995,1672123160578710,7589166030153000,1829413082572125;\
9453202951104050,7945691709540849,8282328027572190,11187618253597510,11605148602756515,55513757288190,3733106153975725,7732824160053525;\
4396528140014600,8515296206653639,9263845955661585,8374452176683095,808612469913315,3196768707830470,2860983091777450,3607170070603075;\
4762866074082350,6246068716213537,627935076676915,10297910782042870,11131264618153525,3271304312573035,3228140756388575,8073377628297450;\
8900749628263397,11797095657933251,6567759292613935,8942806740321610,5204429423319295,754306908215025,5718076370577600,9715931927620200]
This should be the matrix of frobenius!
