


Please input coefficients below.
Coefficient of   x^14                     = Coefficient of   x^11 * y^1 * z^1         = Coefficient of   x^8 * y^2 * z^2         = Coefficient of   x^5 * y^3 * z^3         = Coefficient of   x^2 * y^4 * z^4         = Coefficient of   x^1 * y^9               = Coefficient of   z^9                     = 
Here is the polynomial we're using this time:

1*x^14 + 3*x^11*y^1*z^1 + 3*x^8*y^2*z^2 + 1*x^2*y^4*z^4 + 1*x^1*y^9 + 1*z^9

The final length of G is 65
[11, 1, 0, 0]  	112	4 
[11, 0, 1, 0]  	113	4 
[13, 0, 0, 0]  	117	5  <--- 1
[1, 9, 0, 0]  	126	2 
[8, 3, 2, 0]  	139	5 
[8, 2, 3, 0]  	140	5 
[7, 4, 3, 0]  	157	6 
[7, 3, 4, 0]  	158	6 
[6, 0, 8, 0]  	166	5 
[7, 8, 0, 0]  	167	5 
[6, 5, 6, 0]  	203	5 
[6, 4, 7, 0]  	204	5 
[5, 5, 7, 0]  	208	5 
[5, 4, 8, 0]  	209	5 
[5, 2, 10, 0]  	211	5 
[5, 1, 11, 0]  	212	5 
[6, 8, 4, 0]  	214	5 
[6, 7, 5, 0]  	215	5 
[4, 1, 12, 0]  	217	4 
[4, 0, 13, 0]  	218	4 
[5, 8, 5, 0]  	219	4 
[3, 2, 12, 0]  	221	4 
[3, 0, 14, 0]  	223	4 
[4, 8, 6, 0]  	224	4 
[4, 6, 8, 0]  	226	4 
[4, 5, 9, 0]  	227	4 
[4, 3, 11, 0]  	229	4 
[3, 6, 9, 0]  	231	3 
[3, 5, 10, 0]  	232	3 
[3, 4, 11, 0]  	233	3 
[2, 7, 9, 0]  	235	3 
[2, 6, 10, 0]  	236	3 
[2, 5, 11, 0]  	237	3 
[2, 2, 14, 0]  	240	3 
[2, 1, 15, 0]  	241	3 
[2, 0, 16, 0]  	242	3 
[1, 2, 15, 0]  	245	2 
[1, 1, 16, 0]  	246	2 
[1, 0, 17, 0]  	247	3 
[0, 17, 2, 0]  	249	2 
[0, 16, 3, 0]  	250	2 
[1, 7, 11, 0]  	254	2 
[1, 6, 12, 0]  	255	2 
[0, 7, 12, 0]  	259	1 
[0, 20, 0, 0]  	260	2  <--- 2
[0, 3, 16, 0]  	263	1 
[0, 12, 8, 0]  	268	1 
[0, 14, 7, 0]  	280	2 
[0, 0, 21, 0]  	294	1  <--- 3
[10, 2, 1, 1]  	130	6 
[10, 1, 2, 1]  	131	6 
[5, 3, 9, 1]  	210	5 
[5, 0, 12, 1]  	213	5 
[5, 7, 6, 1]  	220	4 
[3, 1, 13, 1]  	222	4 
[4, 4, 10, 1]  	228	4 
[7, 3, 2, 24]  	130	5 
[7, 2, 3, 24]  	131	5 
[5, 4, 7, 24]  	195	4 
[6, 7, 4, 24]  	201	4 
[4, 8, 5, 24]  	210	3 
[4, 5, 8, 24]  	213	3 
[3, 3, 11, 24]  	220	1 
[2, 6, 9, 24]  	222	3 
[2, 0, 15, 24]  	228	3 
------
For 27 = d/2-d1-d2-d3 you get 2
1*x^3
1*y^1*z^1

For 153 = 3*d/2-d1-d2-d3 you get 4
1*x^5*y^4*z^4
1*x^3*z^9
1*x^2*y^5*z^5
1*y^1*z^10

For 279 = 5*d/2-d1-d2-d3 you get 2
1*y^15*z^6
1*y^1*z^19

The invariant extra is equal to 2.
Start computing 5^3 Delta^1 (x1x2x3)^4... Done.
Start computing 5^4 Delta^2 (x1x2x3)^4... Done.
Start computing 5^5 Delta^3 (x1x2x3)^4... Done.
Start computing 5^6 Delta^4 (x1x2x3)^4... Done.
Start computing 5^7 Delta^5 (x1x2x3)^4... Done.
Start computing 5^8 Delta^6 (x1x2x3)^4... Done.
Start computing 5^9 Delta^7 (x1x2x3)^4... Done.
Start computing 5^10 Delta^8 (x1x2x3)^4... Done.
Start computing 5^11 Delta^9 (x1x2x3)^4... Done.
Start computing 5^12 Delta^10 (x1x2x3)^4... Done.
Start computing aa.
1 2 3 4 5 6 7 8 
[11371729664504900,3880564064232270,9685566059789120,2944574538852065,5515709976613450,3284413318022860,10055750998048500,9837902468234950;\
3601590482930328,3467876622225627,9127322053513655,4037082909335705,6433796605331515,11413038559605925,9340191637191375,9924255010537275;\
4184048488356820,6650966934423094,4065426566705835,432459034960260,9454251491648175,5155319771196655,547280685368175,1898259298462400;\
3360322924715007,9258264129156297,1725404333365820,4054845832372765,3511751708716975,7565209443670405,3726982992161000,2745737282409275;\
4614629785115848,9699008978145031,8645793176056075,811188722831780,8449919656972375,7097417169723555,4580463945558175,11683876402619800;\
2673405109640672,9806071179036309,11256470025748690,5697599624082010,4685894225101145,957319931118740,9917394554129250,997945655384075;\
6612413944067804,9732653678087764,9391341273508060,2442533269062235,215287535535185,10798894323776590,3844253319733925,4284938265282125;\
9212608393498007,2101899229213314,1377751756699010,9538956622112810,7968991413429955,7574212707275035,11244036704352975,1192011343865825]
This should be the matrix of frobenius!
