


Please input coefficients below.
Coefficient of   x^14                     = Coefficient of   x^11 * y^1 * z^1         = Coefficient of   x^8 * y^2 * z^2         = Coefficient of   x^5 * y^3 * z^3         = Coefficient of   x^2 * y^4 * z^4         = Coefficient of   x^1 * y^9               = Coefficient of   z^9                     = 
Here is the polynomial we're using this time:

1*x^14 + 4*x^11*y^1*z^1 + 1*x^8*y^2*z^2 + 1*x^5*y^3*z^3 + 3*x^2*y^4*z^4 + 2*x^1*y^9 + 1*z^9

The final length of G is 66
[11, 1, 0, 0]  	112	5 
[11, 0, 1, 0]  	113	5 
[13, 0, 0, 0]  	117	6  <--- 1
[1, 9, 0, 0]  	126	2 
[10, 2, 1, 0]  	130	6 
[10, 1, 2, 0]  	131	6 
[8, 3, 2, 0]  	139	5 
[8, 2, 3, 0]  	140	5 
[7, 4, 3, 0]  	157	6 
[7, 3, 4, 0]  	158	6 
[6, 0, 8, 0]  	166	5 
[7, 8, 0, 0]  	167	5 
[6, 5, 6, 0]  	203	5 
[5, 5, 7, 0]  	208	5 
[5, 4, 8, 0]  	209	5 
[5, 2, 10, 0]  	211	5 
[5, 1, 11, 0]  	212	5 
[6, 8, 4, 0]  	214	5 
[6, 7, 5, 0]  	215	5 
[5, 7, 6, 0]  	220	4 
[3, 1, 13, 0]  	222	4 
[5, 0, 13, 0]  	227	4 
[4, 4, 10, 0]  	228	4 
[3, 5, 10, 0]  	232	3 
[3, 4, 11, 0]  	233	3 
[2, 6, 10, 0]  	236	3 
[3, 0, 15, 0]  	237	3 
[2, 5, 11, 0]  	237	3 
[4, 6, 9, 0]  	240	3 
[2, 2, 14, 0]  	240	3 
[2, 1, 15, 0]  	241	3 
[1, 2, 15, 0]  	245	2 
[1, 1, 16, 0]  	246	2 
[0, 17, 2, 0]  	249	2 
[0, 16, 3, 0]  	250	2 
[1, 7, 11, 0]  	254	2 
[1, 6, 12, 0]  	255	2 
[0, 7, 12, 0]  	259	1 
[0, 20, 0, 0]  	260	2  <--- 2
[0, 3, 16, 0]  	263	1 
[0, 12, 8, 0]  	268	1 
[1, 0, 19, 0]  	275	2 
[0, 14, 7, 0]  	280	2 
[0, 0, 21, 0]  	294	1  <--- 3
[6, 4, 7, 1]  	204	5 
[5, 3, 9, 1]  	210	5 
[5, 0, 12, 1]  	213	5 
[4, 1, 12, 1]  	217	4 
[4, 0, 13, 1]  	218	4 
[5, 8, 5, 1]  	219	4 
[3, 2, 12, 1]  	221	4 
[3, 0, 14, 1]  	223	4 
[4, 5, 9, 1]  	227	4 
[4, 3, 11, 1]  	229	4 
[3, 6, 9, 1]  	231	3 
[2, 7, 9, 1]  	235	3 
[2, 0, 16, 1]  	242	3 
[1, 0, 17, 1]  	247	3 
[4, 8, 6, 2]  	224	4 
[4, 6, 8, 2]  	226	4 
[2, 4, 11, 23]  	224	3 
[2, 2, 13, 23]  	226	3 
[1, 1, 13, 24]  	204	2 
[2, 4, 10, 24]  	210	2 
[0, 17, 0, 24]  	221	2 
[1, 4, 12, 24]  	229	2 
------
For 27 = d/2-d1-d2-d3 you get 2
1*x^3
1*y^1*z^1

For 153 = 3*d/2-d1-d2-d3 you get 4
1*x^5*y^4*z^4
1*x^3*z^9
1*x^2*y^5*z^5
1*y^1*z^10

For 279 = 5*d/2-d1-d2-d3 you get 2
1*y^15*z^6
1*y^1*z^19

The invariant extra is equal to 2.
Start computing 5^3 Delta^1 (x1x2x3)^4... Done.
Start computing 5^4 Delta^2 (x1x2x3)^4... Done.
Start computing 5^5 Delta^3 (x1x2x3)^4... Done.
Start computing 5^6 Delta^4 (x1x2x3)^4... Done.
Start computing 5^7 Delta^5 (x1x2x3)^4... Done.
Start computing 5^8 Delta^6 (x1x2x3)^4... Done.
Start computing 5^9 Delta^7 (x1x2x3)^4... Done.
Start computing 5^10 Delta^8 (x1x2x3)^4... Done.
Start computing 5^11 Delta^9 (x1x2x3)^4... Done.
Start computing 5^12 Delta^10 (x1x2x3)^4... Done.
Start computing aa.
1 2 3 4 5 6 7 8 
[311692094046579,5898923965165807,11823697542779900,2392364130346680,439708570025895,873382812999035,59082084595350,11625550226256925;\
7900501386714315,7849571747119485,4683202716512490,6169002208754530,7805179414445485,2968390582152655,3563217646305325,1827876763380575;\
8540574566567925,5536315649576460,5856857765487425,3495881703760350,10092425591058725,10557822755867725,10241425155805025,5624849267521250;\
5554911981097599,8853498143677022,2134902190467995,2012393458001810,2227220809111560,8503657628130565,11341936893661750,701459340157800;\
6803488119584356,647410633556005,4444116119407565,5443719745288850,9914140795577270,11463282071181440,8592232585823950,2333013444507500;\
10091336776367793,274778430503601,1657486580044915,9624870695483060,7853572895717795,1510503717306530,4299862263734075,2277139273481275;\
4116886151817468,1119710673800680,4370343363751470,6002722646775430,10017627985428720,10307858730000355,10957188682162675,2207803958837225;\
1874865900377528,7917261633013069,9930705568891515,2527989437629640,11393621660047285,849487256093895,2384281494531925,5961450099673225]
This should be the matrix of frobenius!
