


Please input coefficients below.
Coefficient of   x^14                     = Coefficient of   x^11 * y^1 * z^1         = Coefficient of   x^8 * y^2 * z^2         = Coefficient of   x^5 * y^3 * z^3         = Coefficient of   x^2 * y^4 * z^4         = Coefficient of   x^1 * y^9               = Coefficient of   z^9                     = 
Here is the polynomial we're using this time:

1*x^14 + 4*x^11*y^1*z^1 + 3*x^5*y^3*z^3 + 4*x^2*y^4*z^4 + 1*x^1*y^9 + 4*z^9

The final length of G is 64
[11, 1, 0, 0]  	112	4 
[11, 0, 1, 0]  	113	4 
[13, 0, 0, 0]  	117	5  <--- 1
[1, 9, 0, 0]  	126	2 
[10, 2, 1, 0]  	130	6 
[10, 1, 2, 0]  	131	6 
[8, 3, 2, 0]  	139	5 
[8, 2, 3, 0]  	140	5 
[7, 4, 3, 0]  	157	6 
[7, 3, 4, 0]  	158	6 
[6, 0, 8, 0]  	166	5 
[7, 8, 0, 0]  	167	5 
[6, 5, 6, 0]  	203	5 
[6, 4, 7, 0]  	204	5 
[5, 5, 7, 0]  	208	5 
[5, 4, 8, 0]  	209	5 
[5, 3, 9, 0]  	210	5 
[5, 2, 10, 0]  	211	5 
[5, 1, 11, 0]  	212	5 
[5, 0, 12, 0]  	213	5 
[6, 8, 4, 0]  	214	5 
[6, 7, 5, 0]  	215	5 
[4, 0, 13, 0]  	218	4 
[5, 7, 6, 0]  	220	4 
[3, 1, 13, 0]  	222	4 
[3, 0, 14, 0]  	223	4 
[4, 8, 6, 0]  	224	4 
[4, 6, 8, 0]  	226	4 
[4, 5, 9, 0]  	227	4 
[4, 4, 10, 0]  	228	4 
[3, 6, 9, 0]  	231	3 
[3, 5, 10, 0]  	232	3 
[3, 4, 11, 0]  	233	3 
[2, 7, 9, 0]  	235	3 
[2, 6, 10, 0]  	236	3 
[2, 5, 11, 0]  	237	3 
[2, 2, 14, 0]  	240	3 
[2, 1, 15, 0]  	241	3 
[2, 0, 16, 0]  	242	3 
[1, 1, 16, 0]  	246	2 
[1, 0, 17, 0]  	247	3 
[0, 17, 2, 0]  	249	2 
[1, 7, 11, 0]  	254	2 
[0, 7, 12, 0]  	259	1 
[0, 20, 0, 0]  	260	2  <--- 2
[0, 3, 16, 0]  	263	1 
[0, 12, 8, 0]  	268	1 
[0, 0, 21, 0]  	294	1  <--- 3
[4, 1, 12, 1]  	217	4 
[5, 8, 5, 1]  	219	4 
[3, 2, 12, 1]  	221	4 
[4, 3, 11, 1]  	229	4 
[1, 2, 15, 2]  	245	2 
[0, 16, 3, 2]  	250	2 
[1, 6, 12, 2]  	255	2 
[0, 14, 7, 2]  	280	2 
[0, 7, 11, 23]  	245	1 
[0, 2, 16, 23]  	250	1 
[0, 11, 8, 23]  	255	1 
[0, 0, 20, 23]  	280	1 
[3, 6, 8, 24]  	217	3 
[3, 4, 10, 24]  	219	2 
[2, 7, 8, 24]  	221	3 
[3, 8, 7, 24]  	229	3 
------
For 27 = d/2-d1-d2-d3 you get 2
1*x^3
1*y^1*z^1

For 153 = 3*d/2-d1-d2-d3 you get 4
1*x^5*y^4*z^4
1*x^3*z^9
1*x^2*y^5*z^5
1*y^1*z^10

For 279 = 5*d/2-d1-d2-d3 you get 2
1*y^15*z^6
1*y^1*z^19

The invariant extra is equal to 2.
Start computing 5^3 Delta^1 (x1x2x3)^4... Done.
Start computing 5^4 Delta^2 (x1x2x3)^4... Done.
Start computing 5^5 Delta^3 (x1x2x3)^4... Done.
Start computing 5^6 Delta^4 (x1x2x3)^4... Done.
Start computing 5^7 Delta^5 (x1x2x3)^4... Done.
Start computing 5^8 Delta^6 (x1x2x3)^4... Done.
Start computing 5^9 Delta^7 (x1x2x3)^4... Done.
Start computing 5^10 Delta^8 (x1x2x3)^4... Done.
Start computing 5^11 Delta^9 (x1x2x3)^4... Done.
Start computing 5^12 Delta^10 (x1x2x3)^4... Done.
Start computing aa.
1 2 3 4 5 6 7 8 
[11678832292713644,3372637391413713,3645351141762220,11614674837612945,5080576114682715,10922693687349820,3797399678956500,283773832387975;\
7982085185326864,7947073440306939,11128468630757860,7737564337362070,10182399101397850,9837181690997255,9336478606424725,8529573820244900;\
1381990242387242,7670286009176694,9504028037886410,4581000111971555,2609157167124270,9774134239733535,7299222855372675,10599686781879075;\
7869590676292689,5116505877969717,5399817903097920,7076040377347615,11679539378263885,7992060270848690,2505317376245275,10932195681052250;\
4505134352288162,8368106966575002,1658465192543545,10359455191505950,8902279202296755,3240215095689065,10053978689250500,7581211811137400;\
1355485166691309,6766247249906049,4432293620881780,1166508994981190,6643931073057050,9843247133836960,8082108516708600,2531194439844075;\
2615151206430050,9452538727921174,8126046002607385,1871867146476215,10687611079189415,10221169516603810,7470651321775250,6842744011296500;\
1165137156937043,7290842014039873,6223960938260795,7101589226920290,9420474270537475,5167666350736545,10274894912504850,4397477877430175]
This should be the matrix of frobenius!
