


Please input coefficients below.
Coefficient of   x^14                     = Coefficient of   x^11 * y^1 * z^1         = Coefficient of   x^8 * y^2 * z^2         = Coefficient of   x^5 * y^3 * z^3         = Coefficient of   x^2 * y^4 * z^4         = Coefficient of   x^1 * y^9               = Coefficient of   z^9                     = 
Here is the polynomial we're using this time:

1*x^14 + 4*x^11*y^1*z^1 + 1*x^8*y^2*z^2 + 3*x^5*y^3*z^3 + 1*x^2*y^4*z^4 + 4*x^1*y^9 + 4*z^9

The final length of G is 64
[11, 1, 0, 0]  	112	5 
[11, 0, 1, 0]  	113	5 
[13, 0, 0, 0]  	117	6  <--- 1
[1, 9, 0, 0]  	126	2 
[10, 2, 1, 0]  	130	6 
[10, 1, 2, 0]  	131	6 
[8, 3, 2, 0]  	139	5 
[8, 2, 3, 0]  	140	5 
[7, 4, 3, 0]  	157	6 
[7, 3, 4, 0]  	158	6 
[6, 0, 8, 0]  	166	5 
[7, 8, 0, 0]  	167	5 
[6, 5, 6, 0]  	203	5 
[6, 4, 7, 0]  	204	5 
[5, 5, 7, 0]  	208	5 
[5, 3, 9, 0]  	210	5 
[5, 0, 12, 0]  	213	5 
[6, 7, 5, 0]  	215	5 
[4, 1, 12, 0]  	217	4 
[4, 0, 13, 0]  	218	4 
[5, 8, 5, 0]  	219	4 
[3, 2, 12, 0]  	221	4 
[3, 1, 13, 0]  	222	4 
[3, 0, 14, 0]  	223	4 
[4, 5, 9, 0]  	227	4 
[4, 4, 10, 0]  	228	4 
[4, 3, 11, 0]  	229	4 
[3, 6, 9, 0]  	231	3 
[3, 5, 10, 0]  	232	3 
[3, 4, 11, 0]  	233	3 
[2, 7, 9, 0]  	235	3 
[2, 5, 11, 0]  	237	3 
[2, 2, 14, 0]  	240	3 
[2, 0, 16, 0]  	242	3 
[1, 2, 15, 0]  	245	2 
[1, 1, 16, 0]  	246	2 
[1, 0, 17, 0]  	247	3 
[0, 17, 2, 0]  	249	2 
[0, 16, 3, 0]  	250	2 
[1, 7, 11, 0]  	254	2 
[1, 6, 12, 0]  	255	2 
[0, 7, 12, 0]  	259	1 
[0, 20, 0, 0]  	260	2  <--- 2
[0, 3, 16, 0]  	263	1 
[0, 12, 8, 0]  	268	1 
[0, 14, 7, 0]  	280	2 
[0, 0, 21, 0]  	294	1  <--- 3
[5, 2, 10, 1]  	211	5 
[5, 1, 11, 1]  	212	5 
[5, 7, 6, 1]  	220	4 
[2, 6, 10, 1]  	236	3 
[2, 1, 15, 1]  	241	3 
[5, 4, 8, 2]  	209	5 
[6, 8, 4, 2]  	214	5 
[4, 8, 6, 2]  	224	4 
[4, 6, 8, 2]  	226	4 
[3, 0, 13, 23]  	209	4 
[4, 4, 9, 23]  	214	4 
[2, 4, 11, 23]  	224	3 
[2, 2, 13, 23]  	226	3 
[2, 3, 11, 24]  	211	3 
[2, 2, 12, 24]  	212	3 
[0, 16, 2, 24]  	236	2 
[1, 6, 11, 24]  	241	2 
------
For 27 = d/2-d1-d2-d3 you get 2
1*x^3
1*y^1*z^1

For 153 = 3*d/2-d1-d2-d3 you get 4
1*x^5*y^4*z^4
1*x^3*z^9
1*x^2*y^5*z^5
1*y^1*z^10

For 279 = 5*d/2-d1-d2-d3 you get 2
1*y^15*z^6
1*y^1*z^19

The invariant extra is equal to 2.
Start computing 5^3 Delta^1 (x1x2x3)^4... Done.
Start computing 5^4 Delta^2 (x1x2x3)^4... Done.
Start computing 5^5 Delta^3 (x1x2x3)^4... Done.
Start computing 5^6 Delta^4 (x1x2x3)^4... Done.
Start computing 5^7 Delta^5 (x1x2x3)^4... Done.
Start computing 5^8 Delta^6 (x1x2x3)^4... Done.
Start computing 5^9 Delta^7 (x1x2x3)^4... Done.
Start computing 5^10 Delta^8 (x1x2x3)^4... Done.
Start computing 5^11 Delta^9 (x1x2x3)^4... Done.
Start computing 5^12 Delta^10 (x1x2x3)^4... Done.
Start computing aa.
1 2 3 4 5 6 7 8 
[11830855405218495,774704207629691,8321711004858540,8551756894079560,1331182479039810,7491857995706400,10628961279951375,689212036024400;\
5874536704596196,4501969708835958,9803331428792340,4755573580142710,3111912699873605,10463855962783350,4306232162152625,828799980476275;\
751287383571433,4298480686109705,7419004026437865,7451463925289290,2020815784584615,8314186109827785,6089107146989325,3608703856076550;\
2963997765715667,266578720179301,4152285682590480,6435792075184700,5207547606188505,832635860872355,11481917467914400,8109827093822625;\
7678629123199867,2758466981120042,10820896613214495,4898459517275280,11815152960644845,5207558776168255,3035353155173000,4226065336173025;\
7540498344990528,9359378467720654,6085125985850210,3816885249849305,2333086845276605,11468720603753835,4641654854330775,1646931540546750;\
2861968407485188,11752014168617801,6756028028977730,9402931275585270,4750673701662355,10752648692246135,1146196682383650,3145679433635550;\
78767159131279,1084641414953312,10723961333223225,6016776938600755,6869931619091250,8661843074995080,7218273082686725,298318748478150]
This should be the matrix of frobenius!
