


Please input coefficients below.
Coefficient of   x^14                     = Coefficient of   x^11 * y^1 * z^1         = Coefficient of   x^8 * y^2 * z^2         = Coefficient of   x^5 * y^3 * z^3         = Coefficient of   x^2 * y^4 * z^4         = Coefficient of   x^1 * y^9               = Coefficient of   z^9                     = 
Here is the polynomial we're using this time:

1*x^14 + 4*x^11*y^1*z^1 + 2*x^5*y^3*z^3 + 4*x^2*y^4*z^4 + 1*x^1*y^9 + 2*z^9

The final length of G is 65
[11, 1, 0, 0]  	112	4 
[11, 0, 1, 0]  	113	4 
[13, 0, 0, 0]  	117	5  <--- 1
[1, 9, 0, 0]  	126	2 
[10, 2, 1, 0]  	130	6 
[10, 1, 2, 0]  	131	6 
[8, 3, 2, 0]  	139	5 
[8, 2, 3, 0]  	140	5 
[7, 4, 3, 0]  	157	6 
[7, 3, 4, 0]  	158	6 
[6, 0, 8, 0]  	166	5 
[7, 8, 0, 0]  	167	5 
[5, 4, 8, 0]  	209	5 
[5, 3, 9, 0]  	210	5 
[5, 2, 10, 0]  	211	5 
[5, 1, 11, 0]  	212	5 
[5, 0, 12, 0]  	213	5 
[6, 8, 4, 0]  	214	5 
[4, 1, 12, 0]  	217	4 
[4, 0, 13, 0]  	218	4 
[5, 8, 5, 0]  	219	4 
[3, 2, 12, 0]  	221	4 
[3, 1, 13, 0]  	222	4 
[3, 0, 14, 0]  	223	4 
[4, 8, 6, 0]  	224	4 
[4, 6, 8, 0]  	226	4 
[4, 5, 9, 0]  	227	4 
[4, 4, 10, 0]  	228	4 
[4, 3, 11, 0]  	229	4 
[3, 6, 9, 0]  	231	3 
[3, 4, 11, 0]  	233	3 
[2, 7, 9, 0]  	235	3 
[2, 6, 10, 0]  	236	3 
[2, 5, 11, 0]  	237	3 
[2, 2, 14, 0]  	240	3 
[2, 1, 15, 0]  	241	3 
[2, 0, 16, 0]  	242	3 
[1, 2, 15, 0]  	245	2 
[1, 1, 16, 0]  	246	2 
[1, 0, 17, 0]  	247	3 
[0, 17, 2, 0]  	249	2 
[0, 16, 3, 0]  	250	2 
[1, 7, 11, 0]  	254	2 
[1, 6, 12, 0]  	255	2 
[0, 7, 12, 0]  	259	1 
[0, 20, 0, 0]  	260	2  <--- 2
[0, 3, 16, 0]  	263	1 
[0, 12, 8, 0]  	268	1 
[0, 14, 7, 0]  	280	2 
[0, 0, 21, 0]  	294	1  <--- 3
[6, 4, 7, 1]  	204	5 
[5, 5, 7, 1]  	208	5 
[6, 7, 5, 1]  	215	5 
[5, 7, 6, 1]  	220	4 
[3, 5, 10, 1]  	232	3 
[6, 5, 6, 3]  	203	5 
[4, 1, 11, 22]  	203	4 
[4, 0, 12, 24]  	204	4 
[3, 1, 12, 24]  	208	3 
[4, 3, 10, 24]  	215	3 
[3, 6, 8, 24]  	217	3 
[3, 3, 11, 24]  	220	3 
[2, 7, 8, 24]  	221	3 
[3, 8, 7, 24]  	229	3 
[1, 1, 15, 24]  	232	2 
------
For 27 = d/2-d1-d2-d3 you get 2
1*x^3
1*y^1*z^1

For 153 = 3*d/2-d1-d2-d3 you get 4
1*x^5*y^4*z^4
1*x^3*z^9
1*x^2*y^5*z^5
1*y^1*z^10

For 279 = 5*d/2-d1-d2-d3 you get 2
1*y^15*z^6
1*y^1*z^19

The invariant extra is equal to 2.
Start computing 5^3 Delta^1 (x1x2x3)^4... Done.
Start computing 5^4 Delta^2 (x1x2x3)^4... Done.
Start computing 5^5 Delta^3 (x1x2x3)^4... Done.
Start computing 5^6 Delta^4 (x1x2x3)^4... Done.
Start computing 5^7 Delta^5 (x1x2x3)^4... Done.
Start computing 5^8 Delta^6 (x1x2x3)^4... Done.
Start computing 5^9 Delta^7 (x1x2x3)^4... Done.
Start computing 5^10 Delta^8 (x1x2x3)^4... Done.
Start computing 5^11 Delta^9 (x1x2x3)^4... Done.
Start computing 5^12 Delta^10 (x1x2x3)^4... Done.
Start computing aa.
1 2 3 4 5 6 7 8 
[6888951613242676,3839726633044382,6687134298135085,10704142882538960,1507055979950990,8273383210339895,11465839687767250,7698220152722775;\
9679403178516348,5948963373666569,6468159958698825,5226392076439210,2064811049452425,8939056905217465,819548157852750,7095248969639200;\
643722533213835,4192676006401058,5423439533442745,8131912278785820,7929097837628970,10141586670082520,7580447227407800,3213148667291825;\
3727413072282101,2757000462246308,5849367823295810,121171044175240,2913882217403875,2586037093599495,7907294998328150,3273603486859750;\
10898967208731496,11805987221083931,2469761628758260,5736008155779920,9878941234883850,8390473009255030,9062423957996425,8154942367499925;\
671175270121114,5877163434190877,6195968387541270,978864218313125,11135242605338135,5485266177551095,3578820114785100,857868934914575;\
9118062595987455,4753644662188035,4218861059418585,11162008913436745,5150628317975585,8910066546957030,5781663695713875,6611708065507125;\
9137079080476935,8894138413580313,10210098014715260,4032884436346925,742892994765510,4429841595386565,1864576301062650,5079835784355200]
This should be the matrix of frobenius!
