


Please input coefficients below.
Coefficient of   x^14                     = Coefficient of   x^11 * y^1 * z^1         = Coefficient of   x^8 * y^2 * z^2         = Coefficient of   x^5 * y^3 * z^3         = Coefficient of   x^2 * y^4 * z^4         = Coefficient of   x^1 * y^9               = Coefficient of   z^9                     = 
Here is the polynomial we're using this time:

1*x^14 + 4*x^11*y^1*z^1 + 1*x^5*y^3*z^3 + 4*x^2*y^4*z^4 + 1*x^1*y^9 + 4*z^9

The final length of G is 66
[11, 1, 0, 0]  	112	4 
[11, 0, 1, 0]  	113	4 
[13, 0, 0, 0]  	117	5  <--- 1
[1, 9, 0, 0]  	126	2 
[10, 2, 1, 0]  	130	6 
[10, 1, 2, 0]  	131	6 
[8, 3, 2, 0]  	139	5 
[8, 2, 3, 0]  	140	5 
[6, 0, 8, 0]  	166	5 
[7, 8, 0, 0]  	167	5 
[6, 5, 6, 0]  	203	5 
[5, 5, 7, 0]  	208	5 
[5, 4, 8, 0]  	209	5 
[5, 3, 9, 0]  	210	5 
[7, 6, 5, 0]  	211	5 
[5, 2, 10, 0]  	211	5 
[5, 1, 11, 0]  	212	5 
[5, 0, 12, 0]  	213	5 
[6, 8, 4, 0]  	214	5 
[6, 7, 5, 0]  	215	5 
[4, 1, 12, 0]  	217	4 
[4, 0, 13, 0]  	218	4 
[5, 8, 5, 0]  	219	4 
[5, 7, 6, 0]  	220	4 
[3, 2, 12, 0]  	221	4 
[3, 1, 13, 0]  	222	4 
[3, 0, 14, 0]  	223	4 
[4, 8, 6, 0]  	224	4 
[4, 6, 8, 0]  	226	4 
[4, 5, 9, 0]  	227	4 
[4, 4, 10, 0]  	228	4 
[4, 3, 11, 0]  	229	4 
[3, 6, 9, 0]  	231	3 
[3, 5, 10, 0]  	232	3 
[2, 7, 9, 0]  	235	3 
[2, 5, 11, 0]  	237	3 
[2, 2, 14, 0]  	240	3 
[2, 0, 16, 0]  	242	3 
[1, 2, 15, 0]  	245	2 
[1, 1, 16, 0]  	246	2 
[1, 0, 17, 0]  	247	3 
[0, 17, 2, 0]  	249	2 
[0, 16, 3, 0]  	250	2 
[1, 7, 11, 0]  	254	2 
[1, 6, 12, 0]  	255	2 
[0, 7, 12, 0]  	259	1 
[0, 20, 0, 0]  	260	2  <--- 2
[0, 3, 16, 0]  	263	1 
[0, 12, 8, 0]  	268	1 
[0, 14, 7, 0]  	280	2 
[0, 0, 21, 0]  	294	1  <--- 3
[6, 4, 7, 1]  	204	5 
[7, 7, 4, 1]  	210	5 
[3, 4, 11, 1]  	233	3 
[7, 4, 3, 2]  	157	6 
[7, 3, 4, 2]  	158	6 
[2, 6, 10, 2]  	236	3 
[2, 1, 15, 2]  	241	3 
[5, 0, 8, 23]  	157	5 
[6, 8, 0, 23]  	158	5 
[0, 16, 2, 23]  	236	2 
[1, 6, 11, 23]  	241	2 
[4, 0, 12, 24]  	204	4 
[4, 8, 5, 24]  	210	3 
[4, 5, 8, 24]  	213	3 
[1, 0, 16, 24]  	233	1 
------
For 27 = d/2-d1-d2-d3 you get 2
1*x^3
1*y^1*z^1

For 153 = 3*d/2-d1-d2-d3 you get 4
1*x^5*y^4*z^4
1*x^3*z^9
1*x^2*y^5*z^5
1*y^1*z^10

For 279 = 5*d/2-d1-d2-d3 you get 2
1*y^15*z^6
1*y^1*z^19

The invariant extra is equal to 2.
Start computing 5^3 Delta^1 (x1x2x3)^4... Done.
Start computing 5^4 Delta^2 (x1x2x3)^4... Done.
Start computing 5^5 Delta^3 (x1x2x3)^4... Done.
Start computing 5^6 Delta^4 (x1x2x3)^4... Done.
Start computing 5^7 Delta^5 (x1x2x3)^4... Done.
Start computing 5^8 Delta^6 (x1x2x3)^4... Done.
Start computing 5^9 Delta^7 (x1x2x3)^4... Done.
Start computing 5^10 Delta^8 (x1x2x3)^4... Done.
Start computing 5^11 Delta^9 (x1x2x3)^4... Done.
Start computing 5^12 Delta^10 (x1x2x3)^4... Done.
Start computing aa.
1 2 3 4 5 6 7 8 
[3280722595572489,10593108660198111,3402297622566730,10105961642452545,5100795758429790,8430068458878955,3143854506576575,6533519725102825;\
11442614377058597,8636815898299458,10974091579462040,7619950461602155,8357494877938920,10948008943803510,2793797435900100,11902523014326650;\
1886351293211614,11823896838309546,11095564769151670,6727314468939180,834828489052065,8533131203542285,9314937415175100,8978055058720000;\
1554544813784212,9548375557012989,126548390970535,9240368879028810,7494934346649960,217249181758045,3320653692678725,1891757274792950;\
5707666412919770,5033760539967141,11786498219943125,6379115904011645,9133880171529615,6322918918878515,11487397259504125,6933075695330050;\
2440310469964008,5432682526581775,8040280534690180,7220656435322280,5689252349908250,2999532110280205,9949168096475475,8470982749936325;\
8129103032104460,1411071644817573,777162715825645,9586477910544095,10987217506295585,4534384024296430,8284330736792425,2208514185544475;\
429458469581238,3225703534220908,2352695319071430,9894701849592975,4148697059259700,2767267496254880,7251560529616500,430009360829700]
This should be the matrix of frobenius!
