


Please input coefficients below.
Coefficient of   x^14                     = Coefficient of   x^11 * y^1 * z^1         = Coefficient of   x^8 * y^2 * z^2         = Coefficient of   x^5 * y^3 * z^3         = Coefficient of   x^2 * y^4 * z^4         = Coefficient of   x^1 * y^9               = Coefficient of   z^9                     = 
Here is the polynomial we're using this time:

1*x^14 + 4*x^11*y^1*z^1 + 1*x^8*y^2*z^2 + 3*x^2*y^4*z^4 + 4*x^1*y^9 + 3*z^9

The final length of G is 70
[11, 1, 0, 0]  	112	4 
[11, 0, 1, 0]  	113	4 
[13, 0, 0, 0]  	117	5  <--- 1
[1, 9, 0, 0]  	126	2 
[10, 2, 1, 0]  	130	6 
[10, 1, 2, 0]  	131	6 
[8, 3, 2, 0]  	139	5 
[8, 2, 3, 0]  	140	5 
[6, 0, 8, 0]  	166	5 
[7, 8, 0, 0]  	167	5 
[6, 5, 6, 0]  	203	5 
[6, 4, 7, 0]  	204	5 
[5, 5, 7, 0]  	208	5 
[5, 4, 8, 0]  	209	5 
[7, 7, 4, 0]  	210	5 
[5, 3, 9, 0]  	210	5 
[7, 6, 5, 0]  	211	5 
[5, 2, 10, 0]  	211	5 
[5, 1, 11, 0]  	212	5 
[5, 0, 12, 0]  	213	5 
[6, 8, 4, 0]  	214	5 
[6, 7, 5, 0]  	215	5 
[4, 1, 12, 0]  	217	4 
[4, 0, 13, 0]  	218	4 
[5, 8, 5, 0]  	219	4 
[3, 2, 12, 0]  	221	4 
[3, 1, 13, 0]  	222	4 
[3, 0, 14, 0]  	223	4 
[4, 8, 6, 0]  	224	4 
[4, 6, 8, 0]  	226	4 
[4, 5, 9, 0]  	227	4 
[4, 4, 10, 0]  	228	4 
[4, 3, 11, 0]  	229	4 
[3, 4, 11, 0]  	233	3 
[2, 5, 11, 0]  	237	3 
[2, 2, 14, 0]  	240	3 
[1, 2, 15, 0]  	245	2 
[0, 17, 2, 0]  	249	2 
[1, 7, 11, 0]  	254	2 
[1, 6, 12, 0]  	255	2 
[0, 7, 12, 0]  	259	1 
[0, 20, 0, 0]  	260	2  <--- 2
[0, 3, 16, 0]  	263	1 
[0, 12, 8, 0]  	268	1 
[1, 0, 20, 0]  	289	1 
[0, 0, 21, 0]  	294	1  <--- 3
[7, 4, 3, 1]  	157	6 
[7, 3, 4, 1]  	158	6 
[5, 7, 6, 1]  	220	4 
[3, 6, 9, 2]  	231	3 
[3, 5, 10, 2]  	232	3 
[2, 7, 9, 2]  	235	3 
[2, 6, 10, 2]  	236	3 
[2, 1, 15, 2]  	241	3 
[2, 0, 16, 2]  	242	3 
[1, 1, 16, 2]  	246	2 
[1, 0, 17, 2]  	247	3 
[0, 16, 3, 2]  	250	2 
[0, 14, 7, 2]  	280	2 
[1, 2, 14, 23]  	231	2 
[0, 6, 11, 23]  	232	1 
[0, 17, 1, 23]  	235	2 
[0, 2, 15, 23]  	236	1 
[1, 5, 12, 23]  	242	2 
[0, 19, 0, 23]  	247	2 
[0, 11, 8, 23]  	255	1 
[0, 0, 20, 23]  	280	1 
[5, 0, 8, 24]  	157	5 
[6, 8, 0, 24]  	158	5 
[3, 3, 11, 24]  	220	3 
------
For 27 = d/2-d1-d2-d3 you get 2
1*x^3
1*y^1*z^1

For 153 = 3*d/2-d1-d2-d3 you get 4
1*x^5*y^4*z^4
1*x^3*z^9
1*x^2*y^5*z^5
1*y^1*z^10

For 279 = 5*d/2-d1-d2-d3 you get 2
1*y^15*z^6
1*y^1*z^19

The invariant extra is equal to 2.
Start computing 5^3 Delta^1 (x1x2x3)^4... Done.
Start computing 5^4 Delta^2 (x1x2x3)^4... Done.
Start computing 5^5 Delta^3 (x1x2x3)^4... Done.
Start computing 5^6 Delta^4 (x1x2x3)^4... Done.
Start computing 5^7 Delta^5 (x1x2x3)^4... Done.
Start computing 5^8 Delta^6 (x1x2x3)^4... Done.
Start computing 5^9 Delta^7 (x1x2x3)^4... Done.
Start computing 5^10 Delta^8 (x1x2x3)^4... Done.
Start computing 5^11 Delta^9 (x1x2x3)^4... Done.
Start computing 5^12 Delta^10 (x1x2x3)^4... Done.
Start computing aa.
1 2 3 4 5 6 7 8 
[9841357894335044,7546362970382101,1146159900566390,10570621440642460,1231977158696490,9211497950426845,28995060646325,8832132463049525;\
5877624222153892,11840792225120617,6415493287665940,7792861069016100,3412691462101925,6780941658129650,8189742284445775,9063850763535575;\
7335210909000438,9707693082246860,3605422500243095,8510963466537560,8849805010274430,1603181582414890,8135423819281850,11804613474372400;\
11543102736076585,6777314544427724,11844975210293545,10702824225688960,2235043347746590,2933369947022075,9501509647895125,11097016023305925;\
9315271339387535,8878483850447648,6366272424342960,5563842921907630,10484572430680270,6620520453318605,7670951110653350,11702002372350975;\
636462323824937,7429566268800187,2947734088357100,2006840672885325,6950072719651320,6906784077240010,6406232492405150,681005478743475;\
2535417610355788,11712273107993635,3060664479671475,11909938295205800,127666887893665,7187676753413335,10340165616212600,1465842339193700;\
9287575912000002,9730509586982570,6346796412395585,3570767801510930,3746579696815905,6471799418809805,5374557929809325,11456556848838775]
This should be the matrix of frobenius!
