


Please input coefficients below.
Coefficient of   x^14                     = Coefficient of   x^11 * y^1 * z^1         = Coefficient of   x^8 * y^2 * z^2         = Coefficient of   x^5 * y^3 * z^3         = Coefficient of   x^2 * y^4 * z^4         = Coefficient of   x^1 * y^9               = Coefficient of   z^9                     = 
Here is the polynomial we're using this time:

1*x^14 + 4*x^11*y^1*z^1 + 3*x^8*y^2*z^2 + 2*x^5*y^3*z^3 + 3*x^2*y^4*z^4 + 3*x^1*y^9 + 3*z^9

The final length of G is 64
[11, 1, 0, 0]  	112	5 
[11, 0, 1, 0]  	113	5 
[13, 0, 0, 0]  	117	6  <--- 1
[1, 9, 0, 0]  	126	2 
[10, 2, 1, 0]  	130	6 
[10, 1, 2, 0]  	131	6 
[8, 3, 2, 0]  	139	5 
[8, 2, 3, 0]  	140	5 
[6, 0, 8, 0]  	166	5 
[7, 8, 0, 0]  	167	5 
[6, 4, 7, 0]  	204	5 
[5, 5, 7, 0]  	208	5 
[5, 4, 8, 0]  	209	5 
[7, 7, 4, 0]  	210	5 
[5, 3, 9, 0]  	210	5 
[5, 2, 10, 0]  	211	5 
[5, 1, 11, 0]  	212	5 
[5, 0, 12, 0]  	213	5 
[6, 8, 4, 0]  	214	5 
[6, 7, 5, 0]  	215	5 
[4, 1, 12, 0]  	217	4 
[4, 0, 13, 0]  	218	4 
[5, 8, 5, 0]  	219	4 
[5, 7, 6, 0]  	220	4 
[3, 2, 12, 0]  	221	4 
[3, 1, 13, 0]  	222	4 
[3, 0, 14, 0]  	223	4 
[4, 8, 6, 0]  	224	4 
[4, 6, 8, 0]  	226	4 
[4, 5, 9, 0]  	227	4 
[4, 4, 10, 0]  	228	4 
[4, 3, 11, 0]  	229	4 
[3, 6, 9, 0]  	231	3 
[3, 5, 10, 0]  	232	3 
[3, 4, 11, 0]  	233	3 
[2, 7, 9, 0]  	235	3 
[2, 5, 11, 0]  	237	3 
[2, 2, 14, 0]  	240	3 
[2, 0, 16, 0]  	242	3 
[1, 2, 15, 0]  	245	2 
[1, 1, 16, 0]  	246	2 
[1, 0, 17, 0]  	247	3 
[0, 17, 2, 0]  	249	2 
[0, 16, 3, 0]  	250	2 
[1, 7, 11, 0]  	254	2 
[1, 6, 12, 0]  	255	2 
[0, 7, 12, 0]  	259	1 
[0, 20, 0, 0]  	260	2  <--- 2
[0, 3, 16, 0]  	263	1 
[0, 12, 8, 0]  	268	1 
[0, 14, 7, 0]  	280	2 
[0, 0, 21, 0]  	294	1  <--- 3
[7, 4, 3, 1]  	157	6 
[7, 3, 4, 1]  	158	6 
[2, 6, 10, 1]  	236	3 
[2, 1, 15, 1]  	241	3 
[6, 5, 6, 2]  	203	5 
[4, 1, 11, 23]  	203	4 
[5, 0, 8, 24]  	157	5 
[6, 8, 0, 24]  	158	5 
[4, 7, 6, 24]  	211	4 
[4, 6, 7, 24]  	212	4 
[0, 16, 2, 24]  	236	2 
[1, 6, 11, 24]  	241	2 
------
For 27 = d/2-d1-d2-d3 you get 2
1*x^3
1*y^1*z^1

For 153 = 3*d/2-d1-d2-d3 you get 4
1*x^5*y^4*z^4
1*x^3*z^9
1*x^2*y^5*z^5
1*y^1*z^10

For 279 = 5*d/2-d1-d2-d3 you get 2
1*y^15*z^6
1*y^1*z^19

The invariant extra is equal to 2.
Start computing 5^3 Delta^1 (x1x2x3)^4... Done.
Start computing 5^4 Delta^2 (x1x2x3)^4... Done.
Start computing 5^5 Delta^3 (x1x2x3)^4... Done.
Start computing 5^6 Delta^4 (x1x2x3)^4... Done.
Start computing 5^7 Delta^5 (x1x2x3)^4... Done.
Start computing 5^8 Delta^6 (x1x2x3)^4... Done.
Start computing 5^9 Delta^7 (x1x2x3)^4... Done.
Start computing 5^10 Delta^8 (x1x2x3)^4... Done.
Start computing 5^11 Delta^9 (x1x2x3)^4... Done.
Start computing 5^12 Delta^10 (x1x2x3)^4... Done.
Start computing aa.
1 2 3 4 5 6 7 8 
[4560731185352363,10753259494461376,5405117082995305,1382788540893800,8944755414870830,3632256878733000,2978441298336575,10178670848676950;\
10363183571500421,7011673061259157,1743240652395870,10068959832556345,5011086020556515,1927090052416555,7025246531438350,9659704915841150;\
4958944084916620,1062930310434482,543695986779545,9573687806680490,6325172064111465,6752113614499745,1519092404051775,1457197255065900;\
6981559155517972,2412430614624202,6837929892525605,5765774525181440,9023363320352810,3170733767818015,10472934534311925,779078124029525;\
4514256273842708,3375681062136475,7276856806176890,11734575386330275,7147124334239930,5138249281667130,1036082955858200,1861355477891050;\
11659401075992003,11801694812025428,6107023280015815,3215453656124470,5050472275938560,7141842588140095,422998278130950,11146102550249150;\
7320968984662027,1348147370308433,5758426336708825,11637603030718300,3677359212264335,3165431569501630,6168150586171025,10037300444935750;\
2671718276236231,5147087639281845,9006657174832985,4763618950070345,6720509545850450,10542382678397200,7679535639592325,10978140693813950]
This should be the matrix of frobenius!
