


Please input coefficients below.
Coefficient of   x^14                     = Coefficient of   x^11 * y^1 * z^1         = Coefficient of   x^8 * y^2 * z^2         = Coefficient of   x^5 * y^3 * z^3         = Coefficient of   x^2 * y^4 * z^4         = Coefficient of   x^1 * y^9               = Coefficient of   z^9                     = 
Here is the polynomial we're using this time:

2*x^14 + 1*x^11*y^1*z^1 + 1*x^8*y^2*z^2 + 1*x^2*y^4*z^4 + 1*x^1*y^9 + 2*z^9

The final length of G is 65
[11, 1, 0, 0]  	112	4 
[11, 0, 1, 0]  	113	4 
[13, 0, 0, 0]  	117	5  <--- 1
[1, 9, 0, 0]  	126	2 
[8, 3, 2, 0]  	139	5 
[8, 2, 3, 0]  	140	5 
[7, 4, 3, 0]  	157	6 
[7, 3, 4, 0]  	158	6 
[6, 0, 8, 0]  	166	5 
[7, 8, 0, 0]  	167	5 
[5, 3, 9, 0]  	210	5 
[5, 0, 12, 0]  	213	5 
[4, 1, 12, 0]  	217	4 
[4, 0, 13, 0]  	218	4 
[5, 8, 5, 0]  	219	4 
[3, 2, 12, 0]  	221	4 
[5, 5, 8, 0]  	222	4 
[3, 1, 13, 0]  	222	4 
[3, 0, 14, 0]  	223	4 
[4, 5, 9, 0]  	227	4 
[4, 4, 10, 0]  	228	4 
[4, 3, 11, 0]  	229	4 
[3, 5, 10, 0]  	232	3 
[3, 4, 11, 0]  	233	3 
[2, 6, 10, 0]  	236	3 
[2, 5, 11, 0]  	237	3 
[2, 2, 14, 0]  	240	3 
[2, 1, 15, 0]  	241	3 
[1, 2, 15, 0]  	245	2 
[1, 1, 16, 0]  	246	2 
[0, 17, 2, 0]  	249	2 
[0, 16, 3, 0]  	250	2 
[1, 7, 11, 0]  	254	2 
[1, 6, 12, 0]  	255	2 
[0, 7, 12, 0]  	259	1 
[0, 20, 0, 0]  	260	2  <--- 2
[0, 3, 16, 0]  	263	1 
[0, 12, 8, 0]  	268	1 
[1, 0, 19, 0]  	275	2 
[0, 14, 7, 0]  	280	2 
[0, 0, 21, 0]  	294	1  <--- 3
[10, 2, 1, 1]  	130	6 
[10, 1, 2, 1]  	131	6 
[6, 5, 6, 1]  	203	5 
[6, 4, 7, 1]  	204	5 
[5, 5, 7, 1]  	208	5 
[5, 4, 8, 1]  	209	5 
[5, 2, 10, 1]  	211	5 
[5, 1, 11, 1]  	212	5 
[6, 8, 4, 1]  	214	5 
[6, 7, 5, 1]  	215	5 
[5, 7, 6, 1]  	220	4 
[4, 8, 6, 1]  	224	4 
[4, 6, 8, 1]  	226	4 
[3, 6, 9, 1]  	231	3 
[2, 7, 9, 1]  	235	3 
[2, 0, 16, 1]  	242	3 
[1, 0, 17, 1]  	247	3 
[7, 3, 2, 24]  	130	5 
[7, 2, 3, 24]  	131	5 
[3, 0, 12, 24]  	195	4 
[4, 3, 9, 24]  	201	4 
[1, 2, 12, 24]  	203	2 
[2, 3, 11, 24]  	211	2 
[0, 17, 0, 24]  	221	2 
------
For 27 = d/2-d1-d2-d3 you get 2
1*x^3
1*y^1*z^1

For 153 = 3*d/2-d1-d2-d3 you get 4
1*x^5*y^4*z^4
1*x^3*z^9
1*x^2*y^5*z^5
1*y^1*z^10

For 279 = 5*d/2-d1-d2-d3 you get 2
1*y^15*z^6
1*y^1*z^19

The invariant extra is equal to 2.
Start computing 5^3 Delta^1 (x1x2x3)^4... Done.
Start computing 5^4 Delta^2 (x1x2x3)^4... Done.
Start computing 5^5 Delta^3 (x1x2x3)^4... Done.
Start computing 5^6 Delta^4 (x1x2x3)^4... Done.
Start computing 5^7 Delta^5 (x1x2x3)^4... Done.
Start computing 5^8 Delta^6 (x1x2x3)^4... Done.
Start computing 5^9 Delta^7 (x1x2x3)^4... Done.
Start computing 5^10 Delta^8 (x1x2x3)^4... Done.
Start computing 5^11 Delta^9 (x1x2x3)^4... Done.
Start computing 5^12 Delta^10 (x1x2x3)^4... Done.
Start computing aa.
1 2 3 4 5 6 7 8 
[7500659611282663,8844882067199501,7792866682643180,4440644583455815,3251157381612260,7804312345230070,455729386277600,10427352167557425;\
1644443083170842,3016732478441228,5852761169892460,720336174782780,10460344737471205,2466041334766165,7717685418952875,8306639705569950;\
11746625943875975,10545166310259085,5998617769254215,4706709758757010,5156653421014720,1032474040518370,7391765488485275,3752110342682150;\
11638643609515823,10354215437483970,8337581875994325,10667138809609010,4339494416147050,10217705532139600,8227097853537900,1673998772193300;\
5740534774093667,11172313805957841,5511009635267845,146553140830720,6237061587134195,11266785039259740,10750516909227325,1232969152950200;\
441616325247970,2502513739475054,4505476075564130,8964039410895530,6954928501196985,1269053598963935,1113097225742900,10533429528090800;\
10386751466622445,8967987336706461,10768581098703455,9489478010458020,7405690966042850,3188347388543395,8352948310503775,10993442013769950;\
2782812970099945,1759095154037875,7906277175482660,3861614684715740,8723151428543980,7898139041964130,4370989333540175,7647145914889100]
This should be the matrix of frobenius!
