


Please input coefficients below.
Coefficient of   x^14                     = Coefficient of   x^11 * y^1 * z^1         = Coefficient of   x^8 * y^2 * z^2         = Coefficient of   x^5 * y^3 * z^3         = Coefficient of   x^2 * y^4 * z^4         = Coefficient of   x^1 * y^9               = Coefficient of   z^9                     = 
Here is the polynomial we're using this time:

2*x^14 + 1*x^11*y^1*z^1 + 3*x^8*y^2*z^2 + 1*x^5*y^3*z^3 + 3*x^2*y^4*z^4 + 4*x^1*y^9 + 4*z^9

The final length of G is 66
[11, 1, 0, 0]  	112	5 
[11, 0, 1, 0]  	113	5 
[13, 0, 0, 0]  	117	6  <--- 1
[1, 9, 0, 0]  	126	2 
[10, 2, 1, 0]  	130	6 
[10, 1, 2, 0]  	131	6 
[8, 3, 2, 0]  	139	5 
[8, 2, 3, 0]  	140	5 
[6, 0, 8, 0]  	166	5 
[7, 8, 0, 0]  	167	5 
[6, 5, 6, 0]  	203	5 
[6, 4, 7, 0]  	204	5 
[5, 4, 8, 0]  	209	5 
[7, 7, 4, 0]  	210	5 
[5, 3, 9, 0]  	210	5 
[7, 6, 5, 0]  	211	5 
[5, 2, 10, 0]  	211	5 
[5, 1, 11, 0]  	212	5 
[5, 0, 12, 0]  	213	5 
[6, 8, 4, 0]  	214	5 
[4, 1, 12, 0]  	217	4 
[5, 8, 5, 0]  	219	4 
[5, 7, 6, 0]  	220	4 
[5, 6, 7, 0]  	221	4 
[3, 2, 12, 0]  	221	4 
[3, 1, 13, 0]  	222	4 
[3, 0, 14, 0]  	223	4 
[4, 8, 6, 0]  	224	4 
[4, 6, 8, 0]  	226	4 
[4, 5, 9, 0]  	227	4 
[4, 4, 10, 0]  	228	4 
[4, 3, 11, 0]  	229	4 
[3, 6, 9, 0]  	231	3 
[3, 5, 10, 0]  	232	3 
[3, 4, 11, 0]  	233	3 
[2, 7, 9, 0]  	235	3 
[2, 5, 11, 0]  	237	3 
[2, 2, 14, 0]  	240	3 
[2, 0, 16, 0]  	242	3 
[1, 2, 15, 0]  	245	2 
[1, 1, 16, 0]  	246	2 
[1, 0, 17, 0]  	247	3 
[0, 17, 2, 0]  	249	2 
[0, 16, 3, 0]  	250	2 
[1, 7, 11, 0]  	254	2 
[1, 6, 12, 0]  	255	2 
[0, 7, 12, 0]  	259	1 
[0, 20, 0, 0]  	260	2  <--- 2
[0, 3, 16, 0]  	263	1 
[0, 12, 8, 0]  	268	1 
[0, 14, 7, 0]  	280	2 
[0, 0, 21, 0]  	294	1  <--- 3
[7, 4, 3, 1]  	157	6 
[7, 3, 4, 1]  	158	6 
[5, 5, 7, 1]  	208	5 
[6, 7, 5, 1]  	215	5 
[4, 0, 13, 1]  	218	4 
[2, 6, 10, 1]  	236	3 
[2, 1, 15, 1]  	241	3 
[5, 0, 8, 24]  	157	5 
[6, 8, 0, 24]  	158	5 
[3, 1, 12, 24]  	208	4 
[4, 3, 10, 24]  	215	4 
[3, 5, 9, 24]  	218	3 
[0, 16, 2, 24]  	236	2 
[1, 6, 11, 24]  	241	2 
------
For 27 = d/2-d1-d2-d3 you get 2
1*x^3
1*y^1*z^1

For 153 = 3*d/2-d1-d2-d3 you get 4
1*x^5*y^4*z^4
1*x^3*z^9
1*x^2*y^5*z^5
1*y^1*z^10

For 279 = 5*d/2-d1-d2-d3 you get 2
1*y^15*z^6
1*y^1*z^19

The invariant extra is equal to 2.
Start computing 5^3 Delta^1 (x1x2x3)^4... Done.
Start computing 5^4 Delta^2 (x1x2x3)^4... Done.
Start computing 5^5 Delta^3 (x1x2x3)^4... Done.
Start computing 5^6 Delta^4 (x1x2x3)^4... Done.
Start computing 5^7 Delta^5 (x1x2x3)^4... Done.
Start computing 5^8 Delta^6 (x1x2x3)^4... Done.
Start computing 5^9 Delta^7 (x1x2x3)^4... Done.
Start computing 5^10 Delta^8 (x1x2x3)^4... Done.
Start computing 5^11 Delta^9 (x1x2x3)^4... Done.
Start computing 5^12 Delta^10 (x1x2x3)^4... Done.
Start computing aa.
1 2 3 4 5 6 7 8 
[8059388144724178,8744278129279955,4841978246418675,212412642045905,6941476466064360,8136973613132880,8407157915038375,225048341659175;\
3497853198758579,8023200894320224,5092189506014485,3756070078584930,3154720404725975,2667273094821090,11678333863317500,675569136204375;\
633694741983883,8853960745609135,1687045600022415,216355490614870,1777520455466395,4160412131590990,2863769260719125,6825394510283700;\
4609544370201139,5108857735406351,8903472668290925,5178597317918200,11421146540435900,5913736521869325,4270264739325800,9256753962851700;\
2450545265608622,10371197593800346,11271358511393755,3853728699768190,9999906948739855,6790145391183845,1688229197421975,4920946067524850;\
11914003375892230,7763874773295383,3088170932092300,10881773064558850,8450013495247740,11735830311885105,8200603024227075,5484241998550800;\
9764249534964268,548504484374685,9266219231401440,10114992092411170,6514632986985570,5223072358864240,4073350955358800,3832381866806825;\
4381819904623718,6490739388561362,3917932772601220,10982829168415835,6287441555572030,7489813176444365,2161162830043100,7684697948124975]
This should be the matrix of frobenius!
