


Please input coefficients below.
Coefficient of   x^14                     = Coefficient of   x^11 * y^1 * z^1         = Coefficient of   x^8 * y^2 * z^2         = Coefficient of   x^5 * y^3 * z^3         = Coefficient of   x^2 * y^4 * z^4         = Coefficient of   x^1 * y^9               = Coefficient of   z^9                     = 
Here is the polynomial we're using this time:

2*x^14 + 1*x^11*y^1*z^1 + 1*x^8*y^2*z^2 + 4*x^2*y^4*z^4 + 4*x^1*y^9 + 3*z^9

The final length of G is 69
[11, 1, 0, 0]  	112	4 
[11, 0, 1, 0]  	113	4 
[13, 0, 0, 0]  	117	5  <--- 1
[1, 9, 0, 0]  	126	2 
[8, 3, 2, 0]  	139	5 
[8, 2, 3, 0]  	140	5 
[7, 4, 3, 0]  	157	6 
[7, 3, 4, 0]  	158	6 
[6, 0, 8, 0]  	166	5 
[7, 8, 0, 0]  	167	5 
[6, 5, 6, 0]  	203	5 
[6, 4, 7, 0]  	204	5 
[5, 5, 7, 0]  	208	5 
[5, 4, 8, 0]  	209	5 
[5, 3, 9, 0]  	210	5 
[5, 2, 10, 0]  	211	5 
[5, 1, 11, 0]  	212	5 
[5, 0, 12, 0]  	213	5 
[6, 8, 4, 0]  	214	5 
[6, 7, 5, 0]  	215	5 
[4, 1, 12, 0]  	217	4 
[4, 0, 13, 0]  	218	4 
[3, 2, 12, 0]  	221	4 
[3, 1, 13, 0]  	222	4 
[3, 0, 14, 0]  	223	4 
[4, 5, 9, 0]  	227	4 
[4, 4, 10, 0]  	228	4 
[4, 3, 11, 0]  	229	4 
[3, 6, 9, 0]  	231	3 
[3, 5, 10, 0]  	232	3 
[3, 4, 11, 0]  	233	3 
[2, 7, 9, 0]  	235	3 
[2, 6, 10, 0]  	236	3 
[2, 5, 11, 0]  	237	3 
[2, 2, 14, 0]  	240	3 
[2, 1, 15, 0]  	241	3 
[2, 0, 16, 0]  	242	3 
[1, 1, 16, 0]  	246	2 
[1, 0, 17, 0]  	247	3 
[0, 17, 2, 0]  	249	2 
[1, 7, 11, 0]  	254	2 
[0, 7, 12, 0]  	259	1 
[0, 20, 0, 0]  	260	2  <--- 2
[0, 3, 16, 0]  	263	1 
[0, 12, 8, 0]  	268	1 
[0, 0, 21, 0]  	294	1  <--- 3
[10, 2, 1, 1]  	130	6 
[10, 1, 2, 1]  	131	6 
[5, 8, 5, 1]  	219	4 
[5, 7, 6, 1]  	220	4 
[1, 2, 15, 1]  	245	2 
[0, 16, 3, 1]  	250	2 
[1, 6, 12, 1]  	255	2 
[0, 14, 7, 1]  	280	2 
[4, 8, 6, 2]  	224	4 
[4, 6, 8, 2]  	226	4 
[2, 4, 11, 23]  	224	3 
[2, 2, 13, 23]  	226	3 
[7, 3, 2, 24]  	130	5 
[7, 2, 3, 24]  	131	5 
[5, 4, 7, 24]  	195	4 
[6, 7, 4, 24]  	201	4 
[3, 4, 10, 24]  	219	3 
[3, 3, 11, 24]  	220	2 
[1, 0, 16, 24]  	233	2 
[0, 7, 11, 24]  	245	1 
[0, 2, 16, 24]  	250	1 
[0, 11, 8, 24]  	255	1 
[0, 0, 20, 24]  	280	1 
------
For 27 = d/2-d1-d2-d3 you get 2
1*x^3
1*y^1*z^1

For 153 = 3*d/2-d1-d2-d3 you get 4
1*x^5*y^4*z^4
1*x^3*z^9
1*x^2*y^5*z^5
1*y^1*z^10

For 279 = 5*d/2-d1-d2-d3 you get 2
1*y^15*z^6
1*y^1*z^19

The invariant extra is equal to 2.
Start computing 5^3 Delta^1 (x1x2x3)^4... Done.
Start computing 5^4 Delta^2 (x1x2x3)^4... Done.
Start computing 5^5 Delta^3 (x1x2x3)^4... Done.
Start computing 5^6 Delta^4 (x1x2x3)^4... Done.
Start computing 5^7 Delta^5 (x1x2x3)^4... Done.
Start computing 5^8 Delta^6 (x1x2x3)^4... Done.
Start computing 5^9 Delta^7 (x1x2x3)^4... Done.
Start computing 5^10 Delta^8 (x1x2x3)^4... Done.
Start computing 5^11 Delta^9 (x1x2x3)^4... Done.
Start computing 5^12 Delta^10 (x1x2x3)^4... Done.
Start computing aa.
1 2 3 4 5 6 7 8 
[906380861845135,8054078209971627,6605922716309630,3381762666257125,930444698252655,10588546672202885,7868274312785625,9963483355499400;\
7812764359158023,2261662631277748,6301138765629675,10799796589636195,4946724518051770,4954604948408775,3200522344684875,7586336653134550;\
3369665901220230,8912167137229000,5824030343839600,1738742080963035,7187137917775930,11349673679074820,2891747364126475,8248425107677275;\
1937767268363557,5132669236938117,7530167336465420,5364759863444250,1830798720368080,1644046778821485,8982620541083075,9297339836111525;\
10586216294227746,4830232930023939,2953563229397725,3706840963578540,8976636611495230,6245469192838955,2169235580049550,8363946975094850;\
3659454008408338,11417294877431067,1071045536496180,5603387592140140,6525491592967415,9511558523155735,7331829967826675,7304990954032300;\
6806744702699456,9841462227999687,6456913437991340,9351216390600625,6586942329207605,11715267071861220,2104519416187175,1838571183138350;\
5236671278720949,5843044740867483,7022646195159885,9385469445016840,4768934167021990,8521874467373435,9474463664058050,1362251410864500]
This should be the matrix of frobenius!
