


Please input coefficients below.
Coefficient of   x^14                     = Coefficient of   x^11 * y^1 * z^1         = Coefficient of   x^8 * y^2 * z^2         = Coefficient of   x^5 * y^3 * z^3         = Coefficient of   x^2 * y^4 * z^4         = Coefficient of   x^1 * y^9               = Coefficient of   z^9                     = 
Here is the polynomial we're using this time:

2*x^14 + 1*x^11*y^1*z^1 + 2*x^8*y^2*z^2 + 4*x^5*y^3*z^3 + 1*x^2*y^4*z^4 + 3*x^1*y^9 + 3*z^9

The final length of G is 70
[11, 1, 0, 0]  	112	5 
[11, 0, 1, 0]  	113	5 
[13, 0, 0, 0]  	117	6  <--- 1
[1, 9, 0, 0]  	126	2 
[10, 2, 1, 0]  	130	6 
[10, 1, 2, 0]  	131	6 
[8, 3, 2, 0]  	139	5 
[8, 2, 3, 0]  	140	5 
[6, 0, 8, 0]  	166	5 
[7, 8, 0, 0]  	167	5 
[6, 5, 6, 0]  	203	5 
[6, 4, 7, 0]  	204	5 
[5, 5, 7, 0]  	208	5 
[5, 4, 8, 0]  	209	5 
[7, 7, 4, 0]  	210	5 
[5, 3, 9, 0]  	210	5 
[7, 6, 5, 0]  	211	5 
[5, 2, 10, 0]  	211	5 
[5, 1, 11, 0]  	212	5 
[5, 0, 12, 0]  	213	5 
[6, 8, 4, 0]  	214	5 
[6, 7, 5, 0]  	215	5 
[5, 8, 5, 0]  	219	4 
[5, 7, 6, 0]  	220	4 
[3, 0, 14, 0]  	223	4 
[4, 8, 6, 0]  	224	4 
[4, 6, 8, 0]  	226	4 
[4, 5, 9, 0]  	227	4 
[3, 6, 9, 0]  	231	3 
[3, 5, 10, 0]  	232	3 
[2, 7, 9, 0]  	235	3 
[2, 6, 10, 0]  	236	3 
[2, 5, 11, 0]  	237	3 
[2, 2, 14, 0]  	240	3 
[2, 1, 15, 0]  	241	3 
[2, 0, 16, 0]  	242	3 
[1, 2, 15, 0]  	245	2 
[1, 0, 17, 0]  	247	3 
[0, 16, 3, 0]  	250	2 
[1, 7, 11, 0]  	254	2 
[1, 6, 12, 0]  	255	2 
[0, 7, 12, 0]  	259	1 
[0, 3, 16, 0]  	263	1 
[0, 12, 8, 0]  	268	1 
[0, 21, 0, 0]  	273	1  <--- 2
[0, 14, 7, 0]  	280	2 
[0, 0, 21, 0]  	294	1  <--- 3
[7, 4, 3, 1]  	157	6 
[7, 3, 4, 1]  	158	6 
[4, 1, 12, 1]  	217	4 
[4, 0, 13, 1]  	218	4 
[3, 2, 12, 1]  	221	4 
[3, 1, 13, 1]  	222	4 
[4, 4, 10, 1]  	228	4 
[4, 3, 11, 1]  	229	4 
[3, 4, 11, 1]  	233	3 
[1, 1, 16, 1]  	246	2 
[0, 17, 2, 1]  	249	2 
[0, 20, 0, 1]  	260	2 
[5, 0, 8, 24]  	157	5 
[6, 8, 0, 24]  	158	5 
[3, 6, 8, 24]  	217	3 
[3, 5, 9, 24]  	218	2 
[2, 7, 8, 24]  	221	3 
[2, 6, 9, 24]  	222	3 
[2, 0, 15, 24]  	228	3 
[3, 8, 7, 24]  	229	3 
[1, 2, 14, 24]  	231	1 
[0, 5, 12, 24]  	233	1 
[0, 3, 14, 24]  	235	1 
------
For 27 = d/2-d1-d2-d3 you get 2
1*x^3
1*y^1*z^1

For 153 = 3*d/2-d1-d2-d3 you get 4
1*x^5*y^4*z^4
1*x^3*z^9
1*x^2*y^5*z^5
1*y^1*z^10

For 279 = 5*d/2-d1-d2-d3 you get 2
1*y^15*z^6
1*y^1*z^19

The invariant extra is equal to 2.
Start computing 5^3 Delta^1 (x1x2x3)^4... Done.
Start computing 5^4 Delta^2 (x1x2x3)^4... Done.
Start computing 5^5 Delta^3 (x1x2x3)^4... Done.
Start computing 5^6 Delta^4 (x1x2x3)^4... Done.
Start computing 5^7 Delta^5 (x1x2x3)^4... Done.
Start computing 5^8 Delta^6 (x1x2x3)^4... Done.
Start computing 5^9 Delta^7 (x1x2x3)^4... Done.
Start computing 5^10 Delta^8 (x1x2x3)^4... Done.
Start computing 5^11 Delta^9 (x1x2x3)^4... Done.
Start computing 5^12 Delta^10 (x1x2x3)^4... Done.
Start computing aa.
1 2 3 4 5 6 7 8 
[2609155155421732,3648162115874582,11255852722854030,2755425355606085,7112374987394690,6581551701074770,7337291484270450,5275209546201000;\
9529543089616732,9555884001148480,2277417893710190,4005726399144435,10088599778143435,4106802916110210,3863804064409700,969615801686975;\
5021475418700042,10880887669796387,3721930285042305,9478926482048565,4374003246032765,5563085755900800,8917888108265625,7948990464669550;\
3597218877871033,9265497346714733,9326014117797830,5557571439026205,5005754827726920,8994129470540455,8434379836626800,3673370348780625;\
4824477026891903,2629425395870560,5456051861488020,10965984377062615,6119254391955600,5051362128098435,10499626484721650,6663662306691425;\
3445661033587703,5230180409042059,3108220465798130,4527924662863095,9891415319761495,2289308534117010,9047840291326075,1833858285180700;\
3516030886735156,10357815767220331,3518104972432790,4107866234478395,866531393142245,8735147089608625,2990540067363150,6061152602974900;\
6470744824373595,5098646547344203,1775511036635395,4537997393493810,10945460764334380,3860261628253925,582716039044000,3743399516550525]
This should be the matrix of frobenius!
