


Please input coefficients below.
Coefficient of   x^14                     = Coefficient of   x^11 * y^1 * z^1         = Coefficient of   x^8 * y^2 * z^2         = Coefficient of   x^5 * y^3 * z^3         = Coefficient of   x^2 * y^4 * z^4         = Coefficient of   x^1 * y^9               = Coefficient of   z^9                     = 
Here is the polynomial we're using this time:

2*x^14 + 1*x^11*y^1*z^1 + 3*x^5*y^3*z^3 + 2*x^2*y^4*z^4 + 1*x^1*y^9 + 2*z^9

The final length of G is 64
[11, 1, 0, 0]  	112	4 
[11, 0, 1, 0]  	113	4 
[13, 0, 0, 0]  	117	5  <--- 1
[1, 9, 0, 0]  	126	2 
[10, 2, 1, 0]  	130	6 
[10, 1, 2, 0]  	131	6 
[8, 3, 2, 0]  	139	5 
[8, 2, 3, 0]  	140	5 
[7, 4, 3, 0]  	157	6 
[7, 3, 4, 0]  	158	6 
[6, 0, 8, 0]  	166	5 
[7, 8, 0, 0]  	167	5 
[6, 5, 6, 0]  	203	5 
[6, 4, 7, 0]  	204	5 
[5, 5, 7, 0]  	208	5 
[5, 3, 9, 0]  	210	5 
[5, 2, 10, 0]  	211	5 
[5, 1, 11, 0]  	212	5 
[5, 0, 12, 0]  	213	5 
[6, 7, 5, 0]  	215	5 
[4, 1, 12, 0]  	217	4 
[4, 0, 13, 0]  	218	4 
[5, 8, 5, 0]  	219	4 
[5, 7, 6, 0]  	220	4 
[3, 2, 12, 0]  	221	4 
[3, 1, 13, 0]  	222	4 
[3, 0, 14, 0]  	223	4 
[4, 5, 9, 0]  	227	4 
[4, 4, 10, 0]  	228	4 
[4, 3, 11, 0]  	229	4 
[3, 6, 9, 0]  	231	3 
[3, 5, 10, 0]  	232	3 
[3, 4, 11, 0]  	233	3 
[2, 7, 9, 0]  	235	3 
[2, 6, 10, 0]  	236	3 
[2, 5, 11, 0]  	237	3 
[2, 2, 14, 0]  	240	3 
[2, 1, 15, 0]  	241	3 
[2, 0, 16, 0]  	242	3 
[1, 1, 16, 0]  	246	2 
[1, 0, 17, 0]  	247	3 
[0, 17, 2, 0]  	249	2 
[1, 7, 11, 0]  	254	2 
[0, 7, 12, 0]  	259	1 
[0, 20, 0, 0]  	260	2  <--- 2
[0, 3, 16, 0]  	263	1 
[0, 12, 8, 0]  	268	1 
[0, 0, 21, 0]  	294	1  <--- 3
[5, 4, 8, 1]  	209	5 
[6, 8, 4, 1]  	214	5 
[4, 8, 6, 1]  	224	4 
[4, 6, 8, 1]  	226	4 
[1, 2, 15, 1]  	245	2 
[0, 16, 3, 1]  	250	2 
[1, 6, 12, 1]  	255	2 
[0, 14, 7, 1]  	280	2 
[3, 0, 13, 24]  	209	4 
[4, 4, 9, 24]  	214	4 
[2, 4, 11, 24]  	224	3 
[2, 2, 13, 24]  	226	3 
[0, 7, 11, 24]  	245	1 
[0, 2, 16, 24]  	250	1 
[0, 11, 8, 24]  	255	1 
[0, 0, 20, 24]  	280	1 
------
For 27 = d/2-d1-d2-d3 you get 2
1*x^3
1*y^1*z^1

For 153 = 3*d/2-d1-d2-d3 you get 4
1*x^5*y^4*z^4
1*x^3*z^9
1*x^2*y^5*z^5
1*y^1*z^10

For 279 = 5*d/2-d1-d2-d3 you get 2
1*y^15*z^6
1*y^1*z^19

The invariant extra is equal to 2.
Start computing 5^3 Delta^1 (x1x2x3)^4... Done.
Start computing 5^4 Delta^2 (x1x2x3)^4... Done.
Start computing 5^5 Delta^3 (x1x2x3)^4... Done.
Start computing 5^6 Delta^4 (x1x2x3)^4... Done.
Start computing 5^7 Delta^5 (x1x2x3)^4... Done.
Start computing 5^8 Delta^6 (x1x2x3)^4... Done.
Start computing 5^9 Delta^7 (x1x2x3)^4... Done.
Start computing 5^10 Delta^8 (x1x2x3)^4... Done.
Start computing 5^11 Delta^9 (x1x2x3)^4... Done.
Start computing 5^12 Delta^10 (x1x2x3)^4... Done.
Start computing aa.
1 2 3 4 5 6 7 8 
[2204935727072485,4136086107202589,3207170350429845,9415248682506330,4009691134179685,9954201583124115,10057106929917950,738478176250375;\
3447019007992403,10749880816650173,2392096228940315,2815983763194025,4301887025604730,10501856413700895,8684985029650750,8948221251418700;\
10119038941276986,3958216515558137,3133584778926730,1744199791246130,11858744266273650,10074075170352930,3655556903522925,5729245519731375;\
5539797521011943,946792975885590,6214458820996175,4144216284895865,3600987982945475,8699536098044715,7983244535580400,10955555142484000;\
6097482674390209,1960645144777585,9385869571991350,8504912231503700,5054208081512820,7369802987760415,9266115620137925,11604303989647775;\
5085644246602380,11126215933813741,6506831061656430,9657870005720580,2094133008081140,11596310743420735,1624851576478750,2421617375562275;\
5658711982784028,3103998292540148,11740387135894945,4760505182753330,6130543423014760,2215964382835425,8399559991981400,11892105449360100;\
10545902208073118,4666118479523412,1606753708385330,7370288817357760,9807983148590255,2351547926202545,10830830443587225,4221710048196050]
This should be the matrix of frobenius!
