


Please input coefficients below.
Coefficient of   x^14                     = Coefficient of   x^11 * y^1 * z^1         = Coefficient of   x^8 * y^2 * z^2         = Coefficient of   x^5 * y^3 * z^3         = Coefficient of   x^2 * y^4 * z^4         = Coefficient of   x^1 * y^9               = Coefficient of   z^9                     = 
Here is the polynomial we're using this time:

2*x^14 + 1*x^11*y^1*z^1 + 2*x^8*y^2*z^2 + 3*x^5*y^3*z^3 + 4*x^2*y^4*z^4 + 2*x^1*y^9 + 1*z^9

The final length of G is 65
[11, 1, 0, 0]  	112	5 
[11, 0, 1, 0]  	113	5 
[13, 0, 0, 0]  	117	6  <--- 1
[1, 9, 0, 0]  	126	2 
[10, 2, 1, 0]  	130	6 
[10, 1, 2, 0]  	131	6 
[8, 3, 2, 0]  	139	5 
[8, 2, 3, 0]  	140	5 
[7, 4, 3, 0]  	157	6 
[7, 3, 4, 0]  	158	6 
[6, 0, 8, 0]  	166	5 
[7, 8, 0, 0]  	167	5 
[6, 4, 7, 0]  	204	5 
[5, 5, 7, 0]  	208	5 
[5, 4, 8, 0]  	209	5 
[5, 3, 9, 0]  	210	5 
[5, 2, 10, 0]  	211	5 
[5, 1, 11, 0]  	212	5 
[5, 0, 12, 0]  	213	5 
[6, 8, 4, 0]  	214	5 
[6, 7, 5, 0]  	215	5 
[4, 1, 12, 0]  	217	4 
[4, 0, 13, 0]  	218	4 
[5, 8, 5, 0]  	219	4 
[5, 7, 6, 0]  	220	4 
[3, 2, 12, 0]  	221	4 
[3, 1, 13, 0]  	222	4 
[4, 8, 6, 0]  	224	4 
[4, 6, 8, 0]  	226	4 
[4, 4, 10, 0]  	228	4 
[4, 3, 11, 0]  	229	4 
[3, 6, 9, 0]  	231	3 
[3, 5, 10, 0]  	232	3 
[2, 7, 9, 0]  	235	3 
[2, 6, 10, 0]  	236	3 
[3, 0, 15, 0]  	237	3 
[2, 5, 11, 0]  	237	3 
[2, 2, 14, 0]  	240	3 
[2, 1, 15, 0]  	241	3 
[2, 0, 16, 0]  	242	3 
[1, 1, 16, 0]  	246	2 
[1, 0, 17, 0]  	247	3 
[0, 17, 2, 0]  	249	2 
[1, 7, 11, 0]  	254	2 
[0, 7, 12, 0]  	259	1 
[0, 20, 0, 0]  	260	2  <--- 2
[0, 3, 16, 0]  	263	1 
[0, 12, 8, 0]  	268	1 
[0, 0, 21, 0]  	294	1  <--- 3
[6, 5, 6, 1]  	203	5 
[3, 0, 14, 1]  	223	4 
[4, 5, 9, 1]  	227	4 
[3, 4, 11, 1]  	233	3 
[1, 2, 15, 2]  	245	2 
[0, 16, 3, 2]  	250	2 
[1, 6, 12, 2]  	255	2 
[0, 14, 7, 2]  	280	2 
[0, 7, 11, 23]  	245	1 
[0, 2, 16, 23]  	250	1 
[0, 11, 8, 23]  	255	1 
[0, 0, 20, 23]  	280	1 
[4, 1, 11, 24]  	203	4 
[2, 5, 10, 24]  	223	3 
[2, 1, 14, 24]  	227	3 
[1, 0, 16, 24]  	233	2 
------
For 27 = d/2-d1-d2-d3 you get 2
1*x^3
1*y^1*z^1

For 153 = 3*d/2-d1-d2-d3 you get 4
1*x^5*y^4*z^4
1*x^3*z^9
1*x^2*y^5*z^5
1*y^1*z^10

For 279 = 5*d/2-d1-d2-d3 you get 2
1*y^15*z^6
1*y^1*z^19

The invariant extra is equal to 2.
Start computing 5^3 Delta^1 (x1x2x3)^4... Done.
Start computing 5^4 Delta^2 (x1x2x3)^4... Done.
Start computing 5^5 Delta^3 (x1x2x3)^4... Done.
Start computing 5^6 Delta^4 (x1x2x3)^4... Done.
Start computing 5^7 Delta^5 (x1x2x3)^4... Done.
Start computing 5^8 Delta^6 (x1x2x3)^4... Done.
Start computing 5^9 Delta^7 (x1x2x3)^4... Done.
Start computing 5^10 Delta^8 (x1x2x3)^4... Done.
Start computing 5^11 Delta^9 (x1x2x3)^4... Done.
Start computing 5^12 Delta^10 (x1x2x3)^4... Done.
Start computing aa.
1 2 3 4 5 6 7 8 
[6424193868808205,4811090957639168,10907082389132590,8032690807149460,7034545601762955,3463241206266985,12774258096400,1582887804455600;\
9524933161179546,9289113001497342,6514993202143270,8556929407209950,5803153959801225,9798043216487500,4442696444717075,1684324576801375;\
9442848887424425,2390460063614529,3396149300246590,6842199887569155,10169093132431165,6586579379430255,4311482896678600,10971051227375450;\
10409315440609853,8624940660604629,8156855827541290,3636663544708570,10415448242533625,6115515153611965,1209001757132175,6574094116749775;\
2321614777348131,6617942239253953,11794127749670910,5370308174862630,2758065456971550,10394424005937120,4805307159377150,6344267931167525;\
4505502677880751,6485668394682007,4764125186400930,2064602125747710,611378715924295,5253575818108745,5957391518893500,8617844362612200;\
70457685126955,10718583091129801,8947902520165345,10478158806617250,9708459339709935,8636422388914100,3380879425470575,9020653262236675;\
5345729011038300,4516172171050006,11895895080497125,2999518579606890,902542587171560,1117532517611440,5759883448719125,3113765795125925]
This should be the matrix of frobenius!
