


Please input coefficients below.
Coefficient of   x^14                     = Coefficient of   x^11 * y^1 * z^1         = Coefficient of   x^8 * y^2 * z^2         = Coefficient of   x^5 * y^3 * z^3         = Coefficient of   x^2 * y^4 * z^4         = Coefficient of   x^1 * y^9               = Coefficient of   z^9                     = 
Here is the polynomial we're using this time:

2*x^14 + 1*x^11*y^1*z^1 + 2*x^8*y^2*z^2 + 4*x^5*y^3*z^3 + 4*x^2*y^4*z^4 + 1*x^1*y^9 + 2*z^9

The final length of G is 68
[11, 1, 0, 0]  	112	5 
[11, 0, 1, 0]  	113	5 
[13, 0, 0, 0]  	117	6  <--- 1
[1, 9, 0, 0]  	126	2 
[10, 2, 1, 0]  	130	6 
[10, 1, 2, 0]  	131	6 
[8, 3, 2, 0]  	139	5 
[8, 2, 3, 0]  	140	5 
[7, 4, 3, 0]  	157	6 
[7, 3, 4, 0]  	158	6 
[6, 0, 8, 0]  	166	5 
[7, 8, 0, 0]  	167	5 
[6, 5, 6, 0]  	203	5 
[6, 4, 7, 0]  	204	5 
[5, 5, 7, 0]  	208	5 
[5, 4, 8, 0]  	209	5 
[6, 8, 4, 0]  	214	5 
[6, 7, 5, 0]  	215	5 
[4, 0, 13, 0]  	218	4 
[5, 8, 5, 0]  	219	4 
[5, 7, 6, 0]  	220	4 
[3, 1, 13, 0]  	222	4 
[3, 0, 14, 0]  	223	4 
[4, 8, 6, 0]  	224	4 
[4, 6, 8, 0]  	226	4 
[4, 5, 9, 0]  	227	4 
[4, 4, 10, 0]  	228	4 
[3, 6, 9, 0]  	231	3 
[3, 5, 10, 0]  	232	3 
[3, 4, 11, 0]  	233	3 
[2, 7, 9, 0]  	235	3 
[2, 6, 10, 0]  	236	3 
[2, 5, 11, 0]  	237	3 
[2, 2, 14, 0]  	240	3 
[2, 1, 15, 0]  	241	3 
[2, 0, 16, 0]  	242	3 
[1, 2, 15, 0]  	245	2 
[1, 0, 17, 0]  	247	3 
[0, 16, 3, 0]  	250	2 
[1, 7, 11, 0]  	254	2 
[1, 6, 12, 0]  	255	2 
[0, 7, 12, 0]  	259	1 
[0, 3, 16, 0]  	263	1 
[0, 12, 8, 0]  	268	1 
[0, 21, 0, 0]  	273	1  <--- 2
[0, 14, 7, 0]  	280	2 
[0, 0, 21, 0]  	294	1  <--- 3
[5, 3, 9, 1]  	210	5 
[5, 2, 10, 1]  	211	5 
[5, 1, 11, 1]  	212	5 
[5, 0, 12, 1]  	213	5 
[4, 1, 12, 1]  	217	4 
[3, 2, 12, 1]  	221	4 
[4, 3, 11, 1]  	229	4 
[1, 1, 16, 1]  	246	2 
[0, 17, 2, 1]  	249	2 
[0, 20, 0, 1]  	260	2 
[4, 8, 5, 24]  	210	4 
[4, 7, 6, 24]  	211	4 
[4, 6, 7, 24]  	212	4 
[4, 5, 8, 24]  	213	4 
[3, 6, 8, 24]  	217	2 
[2, 7, 8, 24]  	221	2 
[2, 4, 11, 24]  	224	3 
[2, 2, 13, 24]  	226	3 
[3, 8, 7, 24]  	229	2 
[0, 6, 12, 24]  	246	1 
[0, 3, 15, 24]  	249	1 
------
For 27 = d/2-d1-d2-d3 you get 2
1*x^3
1*y^1*z^1

For 153 = 3*d/2-d1-d2-d3 you get 4
1*x^5*y^4*z^4
1*x^3*z^9
1*x^2*y^5*z^5
1*y^1*z^10

For 279 = 5*d/2-d1-d2-d3 you get 2
1*y^15*z^6
1*y^1*z^19

The invariant extra is equal to 2.
Start computing 5^3 Delta^1 (x1x2x3)^4... Done.
Start computing 5^4 Delta^2 (x1x2x3)^4... Done.
Start computing 5^5 Delta^3 (x1x2x3)^4... Done.
Start computing 5^6 Delta^4 (x1x2x3)^4... Done.
Start computing 5^7 Delta^5 (x1x2x3)^4... Done.
Start computing 5^8 Delta^6 (x1x2x3)^4... Done.
Start computing 5^9 Delta^7 (x1x2x3)^4... Done.
Start computing 5^10 Delta^8 (x1x2x3)^4... Done.
Start computing 5^11 Delta^9 (x1x2x3)^4... Done.
Start computing 5^12 Delta^10 (x1x2x3)^4... Done.
Start computing aa.
1 2 3 4 5 6 7 8 
[11604812715680782,9000426372652237,1371535527895090,10683320437334125,8990049932860715,1700853359721360,4382497860549325,9763614697391325;\
5940110764278578,11775240065444602,5128641089517240,6533981417271785,7458160908769870,2461804517014070,11759794327174175,6094648243717275;\
10297937030192883,441019714843746,2913854901483660,5866326727596020,9837218012378220,1665418063881950,7250569761074075,2205521720377100;\
4536839909763036,10493698597636535,2169186723928010,1437941442008410,1364724269426910,10617654444345605,1319737300462475,10733302666827100;\
3178167084165083,1741008513707069,1380830985041530,5362026963471465,2498561862169395,2531555879896990,2411452220708275,2185228084032175;\
10045254980052651,1723967379825014,8402198488807080,1345635691108275,28554285073125,3541811714174075,968958865895225,8499406088494525;\
2010655876946118,2155902273900606,9834481599237235,346424913041970,3699790886952270,5002038944062700,7302338186627250,11753856246673725;\
10645663719717420,9975214750054440,1290827379219080,10786052017260775,5449523605411755,6661097558752210,8181534360308425,1048431799911825]
This should be the matrix of frobenius!
