


Please input coefficients below.
Coefficient of   x^14                     = Coefficient of   x^11 * y^1 * z^1         = Coefficient of   x^8 * y^2 * z^2         = Coefficient of   x^5 * y^3 * z^3         = Coefficient of   x^2 * y^4 * z^4         = Coefficient of   x^1 * y^9               = Coefficient of   z^9                     = 
Here is the polynomial we're using this time:

2*x^14 + 2*x^11*y^1*z^1 + 3*x^8*y^2*z^2 + 3*x^5*y^3*z^3 + 1*x^2*y^4*z^4 + 1*x^1*y^9 + 4*z^9

The final length of G is 67
[11, 1, 0, 0]  	112	5 
[11, 0, 1, 0]  	113	5 
[13, 0, 0, 0]  	117	6  <--- 1
[1, 9, 0, 0]  	126	2 
[10, 2, 1, 0]  	130	6 
[10, 1, 2, 0]  	131	6 
[8, 3, 2, 0]  	139	5 
[8, 2, 3, 0]  	140	5 
[7, 4, 3, 0]  	157	6 
[7, 3, 4, 0]  	158	6 
[6, 0, 8, 0]  	166	5 
[7, 8, 0, 0]  	167	5 
[6, 5, 6, 0]  	203	5 
[6, 4, 7, 0]  	204	5 
[5, 5, 7, 0]  	208	5 
[5, 2, 10, 0]  	211	5 
[5, 1, 11, 0]  	212	5 
[6, 7, 5, 0]  	215	5 
[4, 1, 12, 0]  	217	4 
[5, 8, 5, 0]  	219	4 
[5, 7, 6, 0]  	220	4 
[3, 2, 12, 0]  	221	4 
[4, 8, 6, 0]  	224	4 
[4, 6, 8, 0]  	226	4 
[4, 3, 11, 0]  	229	4 
[3, 6, 9, 0]  	231	3 
[4, 0, 14, 0]  	232	3 
[3, 5, 10, 0]  	232	3 
[3, 4, 11, 0]  	233	3 
[2, 7, 9, 0]  	235	3 
[3, 1, 14, 0]  	236	3 
[2, 6, 10, 0]  	236	3 
[3, 0, 15, 0]  	237	3 
[2, 5, 11, 0]  	237	3 
[2, 2, 14, 0]  	240	3 
[2, 1, 15, 0]  	241	3 
[2, 0, 16, 0]  	242	3 
[1, 2, 15, 0]  	245	2 
[1, 1, 16, 0]  	246	2 
[1, 0, 17, 0]  	247	3 
[0, 17, 2, 0]  	249	2 
[0, 16, 3, 0]  	250	2 
[1, 7, 11, 0]  	254	2 
[1, 6, 12, 0]  	255	2 
[0, 7, 12, 0]  	259	1 
[0, 20, 0, 0]  	260	2  <--- 2
[0, 3, 16, 0]  	263	1 
[0, 12, 8, 0]  	268	1 
[0, 14, 7, 0]  	280	2 
[0, 0, 21, 0]  	294	1  <--- 3
[5, 3, 9, 1]  	210	5 
[5, 0, 12, 1]  	213	5 
[4, 0, 13, 1]  	218	4 
[3, 1, 13, 1]  	222	4 
[3, 0, 14, 1]  	223	4 
[4, 5, 9, 1]  	227	4 
[4, 4, 10, 1]  	228	4 
[5, 4, 8, 3]  	209	5 
[6, 8, 4, 3]  	214	5 
[3, 0, 13, 23]  	209	4 
[4, 4, 9, 23]  	214	4 
[2, 5, 10, 23]  	223	3 
[2, 1, 14, 23]  	227	3 
[2, 5, 9, 24]  	209	3 
[4, 8, 5, 24]  	210	4 
[4, 5, 8, 24]  	213	4 
[2, 0, 14, 24]  	214	3 
------
For 27 = d/2-d1-d2-d3 you get 2
1*x^3
1*y^1*z^1

For 153 = 3*d/2-d1-d2-d3 you get 4
1*x^5*y^4*z^4
1*x^3*z^9
1*x^2*y^5*z^5
1*y^1*z^10

For 279 = 5*d/2-d1-d2-d3 you get 2
1*y^15*z^6
1*y^1*z^19

The invariant extra is equal to 2.
Start computing 5^3 Delta^1 (x1x2x3)^4... Done.
Start computing 5^4 Delta^2 (x1x2x3)^4... Done.
Start computing 5^5 Delta^3 (x1x2x3)^4... Done.
Start computing 5^6 Delta^4 (x1x2x3)^4... Done.
Start computing 5^7 Delta^5 (x1x2x3)^4... Done.
Start computing 5^8 Delta^6 (x1x2x3)^4... Done.
Start computing 5^9 Delta^7 (x1x2x3)^4... Done.
Start computing 5^10 Delta^8 (x1x2x3)^4... Done.
Start computing 5^11 Delta^9 (x1x2x3)^4... Done.
Start computing 5^12 Delta^10 (x1x2x3)^4... Done.
Start computing aa.
1 2 3 4 5 6 7 8 
[3594854660637888,2056004593346632,1034006846885,8796033444735910,292926636000530,11806704297876490,837942089165300,3561747595779200;\
2124898092249363,776644120125793,4575968726431085,1984403589235495,3887627362126710,7579545623940705,10631624849764200,10358008173582425;\
9450012524015125,8893730241422691,7931815773467950,781176446282545,5714398919835675,9531906849452425,2853990827567150,4179523493577450;\
11756939916957388,2655184511897331,11002617015325995,95208747032915,9953778198085435,9226869047402000,3280460009021875,2822026838813550;\
5646150886874304,2699225698673831,11251852066423990,6111260381873950,8558327444391655,5635452232822360,2662158245119675,9739084677054375;\
1128805888989975,5668628711117064,4229181610135560,4633878258866210,720273986427505,11011375749972930,6617479346752175,9835630623713175;\
9260049274449936,5369714300274567,9080528585658955,2706100304909615,6164346374219395,9961561266628555,3486138877082100,1844548918367025;\
2077844764668170,1608720393770852,5558996257012950,6429478380073665,10836911012516325,8774093270873250,7123014916730775,5007178607757525]
This should be the matrix of frobenius!
