


Please input coefficients below.
Coefficient of   x^14                     = Coefficient of   x^11 * y^1 * z^1         = Coefficient of   x^8 * y^2 * z^2         = Coefficient of   x^5 * y^3 * z^3         = Coefficient of   x^2 * y^4 * z^4         = Coefficient of   x^1 * y^9               = Coefficient of   z^9                     = 
Here is the polynomial we're using this time:

2*x^14 + 2*x^11*y^1*z^1 + 3*x^8*y^2*z^2 + 2*x^5*y^3*z^3 + 1*x^2*y^4*z^4 + 4*x^1*y^9 + 2*z^9

The final length of G is 70
[11, 1, 0, 0]  	112	5 
[11, 0, 1, 0]  	113	5 
[13, 0, 0, 0]  	117	6  <--- 1
[1, 9, 0, 0]  	126	2 
[10, 2, 1, 0]  	130	6 
[10, 1, 2, 0]  	131	6 
[8, 3, 2, 0]  	139	5 
[8, 2, 3, 0]  	140	5 
[6, 0, 8, 0]  	166	5 
[7, 8, 0, 0]  	167	5 
[6, 5, 6, 0]  	203	5 
[6, 4, 7, 0]  	204	5 
[5, 5, 7, 0]  	208	5 
[5, 4, 8, 0]  	209	5 
[7, 7, 4, 0]  	210	5 
[5, 3, 9, 0]  	210	5 
[7, 6, 5, 0]  	211	5 
[5, 2, 10, 0]  	211	5 
[5, 1, 11, 0]  	212	5 
[5, 0, 12, 0]  	213	5 
[6, 8, 4, 0]  	214	5 
[6, 7, 5, 0]  	215	5 
[5, 8, 5, 0]  	219	4 
[5, 7, 6, 0]  	220	4 
[3, 0, 14, 0]  	223	4 
[4, 8, 6, 0]  	224	4 
[4, 6, 8, 0]  	226	4 
[4, 5, 9, 0]  	227	4 
[3, 6, 9, 0]  	231	3 
[3, 5, 10, 0]  	232	3 
[2, 7, 9, 0]  	235	3 
[2, 6, 10, 0]  	236	3 
[2, 5, 11, 0]  	237	3 
[2, 2, 14, 0]  	240	3 
[2, 1, 15, 0]  	241	3 
[2, 0, 16, 0]  	242	3 
[1, 2, 15, 0]  	245	2 
[1, 0, 17, 0]  	247	3 
[0, 16, 3, 0]  	250	2 
[1, 7, 11, 0]  	254	2 
[1, 6, 12, 0]  	255	2 
[0, 7, 12, 0]  	259	1 
[0, 3, 16, 0]  	263	1 
[0, 12, 8, 0]  	268	1 
[0, 21, 0, 0]  	273	1  <--- 2
[0, 14, 7, 0]  	280	2 
[0, 0, 21, 0]  	294	1  <--- 3
[7, 4, 3, 1]  	157	6 
[7, 3, 4, 1]  	158	6 
[4, 1, 12, 1]  	217	4 
[4, 0, 13, 1]  	218	4 
[3, 2, 12, 1]  	221	4 
[4, 3, 11, 1]  	229	4 
[3, 4, 11, 1]  	233	3 
[1, 1, 16, 1]  	246	2 
[0, 17, 2, 1]  	249	2 
[0, 20, 0, 1]  	260	2 
[3, 1, 13, 2]  	222	4 
[4, 4, 10, 2]  	228	4 
[2, 6, 9, 23]  	222	3 
[2, 0, 15, 23]  	228	3 
[5, 0, 8, 24]  	157	5 
[6, 8, 0, 24]  	158	5 
[3, 6, 8, 24]  	217	3 
[3, 5, 9, 24]  	218	2 
[2, 7, 8, 24]  	221	3 
[3, 8, 7, 24]  	229	3 
[1, 2, 14, 24]  	231	1 
[0, 5, 12, 24]  	233	1 
[0, 3, 14, 24]  	235	1 
------
For 27 = d/2-d1-d2-d3 you get 2
1*x^3
1*y^1*z^1

For 153 = 3*d/2-d1-d2-d3 you get 4
1*x^5*y^4*z^4
1*x^3*z^9
1*x^2*y^5*z^5
1*y^1*z^10

For 279 = 5*d/2-d1-d2-d3 you get 2
1*y^15*z^6
1*y^1*z^19

The invariant extra is equal to 2.
Start computing 5^3 Delta^1 (x1x2x3)^4... Done.
Start computing 5^4 Delta^2 (x1x2x3)^4... Done.
Start computing 5^5 Delta^3 (x1x2x3)^4... Done.
Start computing 5^6 Delta^4 (x1x2x3)^4... Done.
Start computing 5^7 Delta^5 (x1x2x3)^4... Done.
Start computing 5^8 Delta^6 (x1x2x3)^4... Done.
Start computing 5^9 Delta^7 (x1x2x3)^4... Done.
Start computing 5^10 Delta^8 (x1x2x3)^4... Done.
Start computing 5^11 Delta^9 (x1x2x3)^4... Done.
Start computing 5^12 Delta^10 (x1x2x3)^4... Done.
Start computing aa.
1 2 3 4 5 6 7 8 
[11900614984210622,5865337057081367,7435970525912155,1596238521700130,3955388752172025,8577299649321120,6586606003981850,6382689922811550;\
49427713726302,327749377150650,775541787019370,10930742268423080,2534603845717795,204264325472980,10628870409915625,7172643500657700;\
9896936401173071,2746675370047971,9270822134268340,1782148095866985,7753774173591175,2168498030495545,8839523543417300,6858427312540900;\
197234835001246,2493107544355941,9998002993611680,3760791301290905,2040823293798620,3998516284712710,9262048826076025,11836370596168800;\
4359811617550933,8733716832814395,6688884250335725,9211508228194845,6816109163574415,311141499080600,5206503396873775,5953841168241050;\
10697392153267567,9170615379799266,7014400213192145,2360563320632790,6203368892128240,3012327576913450,185359873436900,4271581027201125;\
8250512220895363,8258630443303,7109575688852270,10061782075819305,6096095023294525,1190685212926210,5807502687158925,8231971633929450;\
10866900547447055,9763324320993363,1931873762453635,10416268914575730,766872957631130,10116090962709700,10251658651641450,8021988505901450]
This should be the matrix of frobenius!
