


Please input coefficients below.
Coefficient of   x^14                     = Coefficient of   x^11 * y^1 * z^1         = Coefficient of   x^8 * y^2 * z^2         = Coefficient of   x^5 * y^3 * z^3         = Coefficient of   x^2 * y^4 * z^4         = Coefficient of   x^1 * y^9               = Coefficient of   z^9                     = 
Here is the polynomial we're using this time:

2*x^14 + 3*x^11*y^1*z^1 + 4*x^8*y^2*z^2 + 2*x^5*y^3*z^3 + 3*x^1*y^9 + 1*z^9

The final length of G is 66
[11, 1, 0, 0]  	112	4 
[11, 0, 1, 0]  	113	4 
[13, 0, 0, 0]  	117	5  <--- 1
[1, 9, 0, 0]  	126	2 
[8, 3, 2, 0]  	139	4 
[8, 2, 3, 0]  	140	4 
[7, 4, 3, 0]  	157	5 
[7, 3, 4, 0]  	158	5 
[6, 0, 8, 0]  	166	4 
[7, 8, 0, 0]  	167	4 
[6, 5, 6, 0]  	203	4 
[6, 4, 7, 0]  	204	5 
[5, 5, 7, 0]  	208	5 
[5, 4, 8, 0]  	209	5 
[5, 3, 9, 0]  	210	5 
[5, 2, 10, 0]  	211	5 
[5, 1, 11, 0]  	212	5 
[5, 0, 12, 0]  	213	5 
[6, 8, 4, 0]  	214	5 
[6, 7, 5, 0]  	215	5 
[4, 1, 12, 0]  	217	4 
[4, 0, 13, 0]  	218	4 
[5, 8, 5, 0]  	219	4 
[5, 7, 6, 0]  	220	4 
[3, 2, 12, 0]  	221	4 
[3, 1, 13, 0]  	222	4 
[3, 0, 14, 0]  	223	4 
[4, 8, 6, 0]  	224	4 
[4, 6, 8, 0]  	226	4 
[4, 5, 9, 0]  	227	4 
[4, 4, 10, 0]  	228	4 
[4, 3, 11, 0]  	229	4 
[3, 5, 10, 0]  	232	3 
[3, 4, 11, 0]  	233	3 
[2, 6, 10, 0]  	236	3 
[2, 5, 11, 0]  	237	3 
[2, 2, 14, 0]  	240	3 
[2, 1, 15, 0]  	241	3 
[1, 2, 15, 0]  	245	2 
[1, 1, 16, 0]  	246	2 
[0, 17, 2, 0]  	249	2 
[0, 16, 3, 0]  	250	2 
[1, 6, 12, 0]  	255	2 
[0, 7, 12, 0]  	259	1 
[0, 20, 0, 0]  	260	2  <--- 2
[0, 3, 16, 0]  	263	1 
[0, 12, 8, 0]  	268	1 
[1, 0, 19, 0]  	275	2 
[0, 14, 7, 0]  	280	2 
[0, 0, 21, 0]  	294	1  <--- 3
[1, 7, 11, 1]  	254	2 
[3, 6, 9, 2]  	231	3 
[2, 7, 9, 2]  	235	3 
[2, 0, 16, 2]  	242	3 
[1, 0, 17, 2]  	247	3 
[10, 2, 1, 3]  	130	5 
[10, 1, 2, 3]  	131	5 
[7, 3, 2, 22]  	130	4 
[7, 2, 3, 22]  	131	4 
[5, 4, 7, 22]  	195	5 
[6, 7, 4, 22]  	201	5 
[1, 2, 14, 23]  	231	2 
[0, 17, 1, 23]  	235	2 
[1, 5, 12, 23]  	242	2 
[0, 19, 0, 23]  	247	2 
[0, 12, 7, 24]  	254	1 
------
For 27 = d/2-d1-d2-d3 you get 2
1*x^3
1*y^1*z^1

For 153 = 3*d/2-d1-d2-d3 you get 4
1*x^5*y^4*z^4
1*x^3*z^9
1*x^2*y^5*z^5
1*y^1*z^10

For 279 = 5*d/2-d1-d2-d3 you get 2
1*y^15*z^6
1*y^1*z^19

The invariant extra is equal to 2.
Start computing 5^3 Delta^1 (x1x2x3)^4... Done.
Start computing 5^4 Delta^2 (x1x2x3)^4... Done.
Start computing 5^5 Delta^3 (x1x2x3)^4... Done.
Start computing 5^6 Delta^4 (x1x2x3)^4... Done.
Start computing 5^7 Delta^5 (x1x2x3)^4... Done.
Start computing 5^8 Delta^6 (x1x2x3)^4... Done.
Start computing 5^9 Delta^7 (x1x2x3)^4... Done.
Start computing 5^10 Delta^8 (x1x2x3)^4... Done.
Start computing 5^11 Delta^9 (x1x2x3)^4... Done.
Start computing 5^12 Delta^10 (x1x2x3)^4... Done.
Start computing aa.
1 2 3 4 5 6 7 8 
[3370744380615661,7534910989102601,3456116014792515,7322103949104635,8825951643738885,2018487541700180,10949968818811050,2602339047145775;\
10729000111871054,2053882910816657,4147220686703220,10768974639963025,11170853704265965,5398197610781145,9862074928822400,2288952152135600;\
1736030939816771,3075197011996509,1758481246173980,8281971530223945,11258763769618610,8936357209796605,9892852165282350,6950844874044350;\
11855730608880026,8350219873816875,1436428045350475,8255621478402850,3411398270305585,9206745699114675,8403171034327025,10898210355584225;\
10254656905150626,6807146981243573,7990907875576855,7120319483971540,2150608183977190,4634413885520375,5452755262638875,10018646277930350;\
10957498732654978,6934983424426631,11038849341003600,3704948420962755,4528587472387880,7433754263680735,10112741571707725,8759177961648925;\
6811535625695602,1150454977562485,9966049795923425,9288753219536850,6251112646153345,7086004142473600,10258489434172050,4976497292903350;\
1065423857261321,2359013889315446,1689488657408095,324439351415080,7930873582314135,7551014123793120,7018655073897150,10871641061145250]
This should be the matrix of frobenius!
