


Please input coefficients below.
Coefficient of   x^14                     = Coefficient of   x^11 * y^1 * z^1         = Coefficient of   x^8 * y^2 * z^2         = Coefficient of   x^5 * y^3 * z^3         = Coefficient of   x^2 * y^4 * z^4         = Coefficient of   x^1 * y^9               = Coefficient of   z^9                     = 
Here is the polynomial we're using this time:

2*x^14 + 3*x^11*y^1*z^1 + 2*x^8*y^2*z^2 + 1*x^5*y^3*z^3 + 1*x^1*y^9 + 4*z^9

The final length of G is 71
[11, 1, 0, 0]  	112	4 
[11, 0, 1, 0]  	113	4 
[13, 0, 0, 0]  	117	5  <--- 1
[1, 9, 0, 0]  	126	2 
[10, 2, 1, 0]  	130	5 
[10, 1, 2, 0]  	131	5 
[8, 3, 2, 0]  	139	4 
[8, 2, 3, 0]  	140	4 
[7, 4, 3, 0]  	157	5 
[7, 3, 4, 0]  	158	5 
[6, 0, 8, 0]  	166	4 
[7, 8, 0, 0]  	167	4 
[6, 5, 6, 0]  	203	3 
[6, 4, 7, 0]  	204	5 
[5, 3, 9, 0]  	210	5 
[5, 2, 10, 0]  	211	5 
[5, 1, 11, 0]  	212	5 
[5, 0, 12, 0]  	213	5 
[4, 0, 13, 0]  	218	4 
[5, 7, 6, 0]  	220	4 
[5, 6, 7, 0]  	221	3 
[3, 0, 14, 0]  	223	4 
[4, 8, 6, 0]  	224	4 
[4, 6, 8, 0]  	226	4 
[4, 5, 9, 0]  	227	4 
[3, 6, 9, 0]  	231	3 
[3, 5, 10, 0]  	232	3 
[3, 4, 11, 0]  	233	3 
[3, 2, 13, 0]  	235	3 
[2, 7, 9, 0]  	235	3 
[2, 6, 10, 0]  	236	3 
[2, 5, 11, 0]  	237	3 
[2, 2, 14, 0]  	240	3 
[2, 1, 15, 0]  	241	3 
[2, 0, 16, 0]  	242	3 
[1, 1, 16, 0]  	246	2 
[1, 0, 17, 0]  	247	3 
[0, 17, 2, 0]  	249	2 
[1, 7, 11, 0]  	254	2 
[0, 7, 12, 0]  	259	1 
[0, 20, 0, 0]  	260	2  <--- 2
[0, 3, 16, 0]  	263	1 
[0, 12, 8, 0]  	268	1 
[0, 0, 21, 0]  	294	1  <--- 3
[5, 4, 8, 1]  	209	5 
[6, 8, 4, 1]  	214	5 
[5, 8, 5, 1]  	219	4 
[1, 2, 15, 1]  	245	2 
[0, 16, 3, 1]  	250	2 
[1, 6, 12, 1]  	255	2 
[0, 14, 7, 1]  	280	2 
[4, 1, 12, 2]  	217	4 
[3, 2, 12, 2]  	221	4 
[4, 3, 11, 2]  	229	4 
[5, 5, 7, 3]  	208	5 
[6, 7, 5, 3]  	215	5 
[3, 1, 13, 3]  	222	4 
[4, 4, 10, 3]  	228	4 
[2, 6, 9, 21]  	222	3 
[2, 0, 15, 21]  	228	3 
[2, 6, 8, 23]  	208	3 
[3, 8, 6, 23]  	215	3 
[3, 1, 12, 24]  	208	4 
[3, 0, 13, 24]  	209	2 
[4, 4, 9, 24]  	214	2 
[4, 3, 10, 24]  	215	4 
[3, 4, 10, 24]  	219	3 
[0, 7, 11, 24]  	245	1 
[0, 2, 16, 24]  	250	1 
[0, 11, 8, 24]  	255	1 
[0, 0, 20, 24]  	280	1 
------
For 27 = d/2-d1-d2-d3 you get 2
1*x^3
1*y^1*z^1

For 153 = 3*d/2-d1-d2-d3 you get 4
1*x^5*y^4*z^4
1*x^3*z^9
1*x^2*y^5*z^5
1*y^1*z^10

For 279 = 5*d/2-d1-d2-d3 you get 2
1*y^15*z^6
1*y^1*z^19

The invariant extra is equal to 2.
Start computing 5^3 Delta^1 (x1x2x3)^4... Done.
Start computing 5^4 Delta^2 (x1x2x3)^4... Done.
Start computing 5^5 Delta^3 (x1x2x3)^4... Done.
Start computing 5^6 Delta^4 (x1x2x3)^4... Done.
Start computing 5^7 Delta^5 (x1x2x3)^4... Done.
Start computing 5^8 Delta^6 (x1x2x3)^4... Done.
Start computing 5^9 Delta^7 (x1x2x3)^4... Done.
Start computing 5^10 Delta^8 (x1x2x3)^4... Done.
Start computing 5^11 Delta^9 (x1x2x3)^4... Done.
Start computing 5^12 Delta^10 (x1x2x3)^4... Done.
Start computing aa.
1 2 3 4 5 6 7 8 
[3705650566537474,7052247104433471,716122181832430,492207318354490,10159965235859290,6780252784575090,10123724372807200,5812503486031050;\
1925286870118222,6246682814976891,433291946669740,8680022008300820,1094315838092510,2057642808710340,10163199162181900,6416295486357350;\
3559990372122152,7204600037103766,8729478188239910,6850291031117355,7149233751314800,4255358341410375,585370636995200,6128449717422375;\
3538170760014829,3053468208051262,10729211151672645,5777230086530180,2431388269986560,9074278361619585,8841672551076450,11214109993769875;\
5322155627824841,11577748023147066,11291204474572595,1838046592965595,4064862738850785,1652971011971035,1625569185968325,7247436353564125;\
10115302723583080,6772321007259375,8828516855773975,3153363989808000,4910265024031535,4298703377656030,9931687515450200,7714096844080300;\
310548059262352,1126751540765051,10512794246958610,3645081927258915,588172487052405,11405177217745930,7701810088810475,8826511826471800;\
11298245832844811,3939538035447888,4749858250412705,3604143098546315,1866559617180900,5605595418014625,5033078984491000,8757910812226375]
This should be the matrix of frobenius!
