


Please input coefficients below.
Coefficient of   x^14                     = Coefficient of   x^11 * y^1 * z^1         = Coefficient of   x^8 * y^2 * z^2         = Coefficient of   x^5 * y^3 * z^3         = Coefficient of   x^2 * y^4 * z^4         = Coefficient of   x^1 * y^9               = Coefficient of   z^9                     = 
Here is the polynomial we're using this time:

2*x^14 + 3*x^11*y^1*z^1 + 3*x^8*y^2*z^2 + 1*x^5*y^3*z^3 + 3*x^2*y^4*z^4 + 1*x^1*y^9 + 4*z^9

The final length of G is 66
[11, 1, 0, 0]  	112	5 
[11, 0, 1, 0]  	113	5 
[13, 0, 0, 0]  	117	6  <--- 1
[1, 9, 0, 0]  	126	2 
[10, 2, 1, 0]  	130	6 
[10, 1, 2, 0]  	131	6 
[8, 3, 2, 0]  	139	5 
[8, 2, 3, 0]  	140	5 
[6, 0, 8, 0]  	166	5 
[7, 8, 0, 0]  	167	5 
[6, 5, 6, 0]  	203	5 
[5, 5, 7, 0]  	208	5 
[5, 4, 8, 0]  	209	5 
[5, 3, 9, 0]  	210	5 
[7, 6, 5, 0]  	211	5 
[5, 2, 10, 0]  	211	5 
[5, 1, 11, 0]  	212	5 
[5, 0, 12, 0]  	213	5 
[6, 8, 4, 0]  	214	5 
[6, 7, 5, 0]  	215	5 
[4, 1, 12, 0]  	217	4 
[4, 0, 13, 0]  	218	4 
[5, 8, 5, 0]  	219	4 
[3, 2, 12, 0]  	221	4 
[3, 1, 13, 0]  	222	4 
[3, 0, 14, 0]  	223	4 
[4, 8, 6, 0]  	224	4 
[4, 6, 8, 0]  	226	4 
[4, 5, 9, 0]  	227	4 
[4, 4, 10, 0]  	228	4 
[4, 3, 11, 0]  	229	4 
[3, 6, 9, 0]  	231	3 
[3, 4, 11, 0]  	233	3 
[2, 7, 9, 0]  	235	3 
[2, 6, 10, 0]  	236	3 
[2, 5, 11, 0]  	237	3 
[2, 2, 14, 0]  	240	3 
[2, 1, 15, 0]  	241	3 
[2, 0, 16, 0]  	242	3 
[1, 2, 15, 0]  	245	2 
[1, 1, 16, 0]  	246	2 
[1, 0, 17, 0]  	247	3 
[0, 17, 2, 0]  	249	2 
[0, 16, 3, 0]  	250	2 
[1, 6, 12, 0]  	255	2 
[0, 7, 12, 0]  	259	1 
[0, 20, 0, 0]  	260	2  <--- 2
[0, 3, 16, 0]  	263	1 
[0, 12, 8, 0]  	268	1 
[0, 14, 7, 0]  	280	2 
[0, 0, 21, 0]  	294	1  <--- 3
[6, 4, 7, 1]  	204	5 
[7, 7, 4, 1]  	210	5 
[5, 7, 6, 1]  	220	4 
[7, 4, 3, 2]  	157	6 
[7, 3, 4, 2]  	158	6 
[1, 7, 11, 2]  	254	2 
[3, 5, 10, 3]  	232	3 
[1, 1, 15, 22]  	232	2 
[5, 0, 8, 23]  	157	5 
[6, 8, 0, 23]  	158	5 
[0, 12, 7, 23]  	254	1 
[4, 0, 12, 24]  	204	2 
[4, 8, 5, 24]  	210	4 
[4, 5, 8, 24]  	213	4 
[3, 3, 11, 24]  	220	2 
------
For 27 = d/2-d1-d2-d3 you get 2
1*x^3
1*y^1*z^1

For 153 = 3*d/2-d1-d2-d3 you get 4
1*x^5*y^4*z^4
1*x^3*z^9
1*x^2*y^5*z^5
1*y^1*z^10

For 279 = 5*d/2-d1-d2-d3 you get 2
1*y^15*z^6
1*y^1*z^19

The invariant extra is equal to 2.
Start computing 5^3 Delta^1 (x1x2x3)^4... Done.
Start computing 5^4 Delta^2 (x1x2x3)^4... Done.
Start computing 5^5 Delta^3 (x1x2x3)^4... Done.
Start computing 5^6 Delta^4 (x1x2x3)^4... Done.
Start computing 5^7 Delta^5 (x1x2x3)^4... Done.
Start computing 5^8 Delta^6 (x1x2x3)^4... Done.
Start computing 5^9 Delta^7 (x1x2x3)^4... Done.
Start computing 5^10 Delta^8 (x1x2x3)^4... Done.
Start computing 5^11 Delta^9 (x1x2x3)^4... Done.
Start computing 5^12 Delta^10 (x1x2x3)^4... Done.
Start computing aa.
1 2 3 4 5 6 7 8 
[2123300722787189,8556385584492632,3342597907257020,2005128433593045,8993438411018535,2765744509724915,2989420584753425,7851976238171250;\
7661234955103603,3558162980731282,3999971545797745,2466454353020040,5000267951180175,1858396785038685,4630625566924650,5636630537055900;\
10056042359000394,3329659089351217,8203934669105035,6543364270895810,8066813893155835,3264131463677440,6868191506605900,1916227762457800;\
9570651560275395,57631982725031,4534419522435460,9634207390948160,7043891195076535,4214465938673900,10976239869118200,9269584334724300;\
649021401709152,7375622698319436,9469363306434865,11670383432489335,6287889890790295,11557395617485925,8569226754628025,7956937808694950;\
504944295230010,4037488393855535,5949999889438290,9663488116520990,5190906036936880,4772692738184165,332670271111825,11622894939433450;\
9556223770560985,4574218187721026,7719061774357740,8893628849138775,2280984397446105,5997918413157215,50907269666850,742479999493050;\
5098968240171601,6784407477163892,2030981269109075,3159993095465815,10747791209742610,10003144919993470,7682272343228075,10342133290912025]
This should be the matrix of frobenius!
