


Please input coefficients below.
Coefficient of   x^14                     = Coefficient of   x^11 * y^1 * z^1         = Coefficient of   x^8 * y^2 * z^2         = Coefficient of   x^5 * y^3 * z^3         = Coefficient of   x^2 * y^4 * z^4         = Coefficient of   x^1 * y^9               = Coefficient of   z^9                     = 
Here is the polynomial we're using this time:

2*x^14 + 3*x^11*y^1*z^1 + 4*x^8*y^2*z^2 + 3*x^5*y^3*z^3 + 2*x^2*y^4*z^4 + 3*x^1*y^9 + 2*z^9

The final length of G is 65
[11, 1, 0, 0]  	112	5 
[11, 0, 1, 0]  	113	5 
[13, 0, 0, 0]  	117	6  <--- 1
[1, 9, 0, 0]  	126	2 
[8, 3, 2, 0]  	139	5 
[8, 2, 3, 0]  	140	5 
[7, 4, 3, 0]  	157	6 
[7, 3, 4, 0]  	158	6 
[6, 0, 8, 0]  	166	5 
[7, 8, 0, 0]  	167	5 
[6, 5, 6, 0]  	203	5 
[6, 4, 7, 0]  	204	5 
[5, 5, 7, 0]  	208	5 
[5, 4, 8, 0]  	209	5 
[5, 3, 9, 0]  	210	5 
[5, 2, 10, 0]  	211	5 
[5, 1, 11, 0]  	212	5 
[5, 0, 12, 0]  	213	5 
[6, 8, 4, 0]  	214	5 
[6, 7, 5, 0]  	215	5 
[4, 0, 13, 0]  	218	4 
[5, 8, 5, 0]  	219	4 
[3, 1, 13, 0]  	222	4 
[3, 0, 14, 0]  	223	4 
[4, 8, 6, 0]  	224	4 
[4, 6, 8, 0]  	226	4 
[4, 5, 9, 0]  	227	4 
[4, 4, 10, 0]  	228	4 
[3, 6, 9, 0]  	231	3 
[3, 5, 10, 0]  	232	3 
[2, 7, 9, 0]  	235	3 
[2, 6, 10, 0]  	236	3 
[2, 5, 11, 0]  	237	3 
[2, 2, 14, 0]  	240	3 
[2, 1, 15, 0]  	241	3 
[2, 0, 16, 0]  	242	3 
[1, 2, 15, 0]  	245	2 
[1, 1, 16, 0]  	246	2 
[3, 4, 12, 0]  	247	3 
[1, 0, 17, 0]  	247	3 
[0, 17, 2, 0]  	249	2 
[0, 16, 3, 0]  	250	2 
[1, 7, 11, 0]  	254	2 
[1, 6, 12, 0]  	255	2 
[0, 7, 12, 0]  	259	1 
[0, 20, 0, 0]  	260	2  <--- 2
[0, 3, 16, 0]  	263	1 
[0, 12, 8, 0]  	268	1 
[0, 14, 7, 0]  	280	2 
[0, 0, 21, 0]  	294	1  <--- 3
[4, 1, 12, 1]  	217	4 
[5, 7, 6, 1]  	220	4 
[3, 2, 12, 1]  	221	4 
[4, 3, 11, 1]  	229	4 
[3, 4, 11, 1]  	233	3 
[10, 2, 1, 3]  	130	6 
[10, 1, 2, 3]  	131	6 
[7, 3, 2, 22]  	130	5 
[7, 2, 3, 22]  	131	5 
[5, 4, 7, 22]  	195	5 
[6, 7, 4, 22]  	201	5 
[3, 6, 8, 24]  	217	1 
[2, 8, 7, 24]  	220	1 
[2, 7, 8, 24]  	221	1 
[1, 0, 16, 24]  	233	1 
------
For 27 = d/2-d1-d2-d3 you get 2
1*x^3
1*y^1*z^1

For 153 = 3*d/2-d1-d2-d3 you get 4
1*x^5*y^4*z^4
1*x^3*z^9
1*x^2*y^5*z^5
1*y^1*z^10

For 279 = 5*d/2-d1-d2-d3 you get 2
1*y^15*z^6
1*y^1*z^19

The invariant extra is equal to 2.
Start computing 5^3 Delta^1 (x1x2x3)^4... Done.
Start computing 5^4 Delta^2 (x1x2x3)^4... Done.
Start computing 5^5 Delta^3 (x1x2x3)^4... Done.
Start computing 5^6 Delta^4 (x1x2x3)^4... Done.
Start computing 5^7 Delta^5 (x1x2x3)^4... Done.
Start computing 5^8 Delta^6 (x1x2x3)^4... Done.
Start computing 5^9 Delta^7 (x1x2x3)^4... Done.
Start computing 5^10 Delta^8 (x1x2x3)^4... Done.
Start computing 5^11 Delta^9 (x1x2x3)^4... Done.
Start computing 5^12 Delta^10 (x1x2x3)^4... Done.
Start computing aa.
1 2 3 4 5 6 7 8 
[6749491420834916,6690904168951332,8731015312728215,8186136071405735,2917663567794075,9393080061119460,527989704991000,9676418119784250;\
6635531572481302,10650599739153670,4244197861566180,8059906779033535,11382095169955605,5257726230677845,976491700772375,8615778783035900;\
9267963795679628,6567989930673603,5576868776909105,3665951805181080,1244087822675815,2901564128990635,11422776292999400,9557594316981125;\
5969078014127681,7647466760428537,2520280331138080,4665316561619510,7590273337164255,1155552666186230,8615857282330775,8728906159365900;\
2603208087099194,5126103382741268,5135769645527855,9253499098818950,2383118025556470,7816733216914630,5392053651759000,10868585586340425;\
9175734982390710,1945188398810483,3030579350249785,531559168929220,5618349585253175,8648540274169155,4422812655730625,9363155240039550;\
1405394596013507,11608711696764048,4271388632183985,1702260919332140,134213146170685,6177609747808870,2995527932428725,38840337438525;\
11270526197973435,7342683830526288,6567010098894670,4481889772431310,7772416237859350,610037660008665,11525343113266650,504911070109700]
This should be the matrix of frobenius!
