


Please input coefficients below.
Coefficient of   x^14                     = Coefficient of   x^11 * y^1 * z^1         = Coefficient of   x^8 * y^2 * z^2         = Coefficient of   x^5 * y^3 * z^3         = Coefficient of   x^2 * y^4 * z^4         = Coefficient of   x^1 * y^9               = Coefficient of   z^9                     = 
Here is the polynomial we're using this time:

2*x^14 + 4*x^11*y^1*z^1 + 1*x^8*y^2*z^2 + 3*x^2*y^4*z^4 + 2*x^1*y^9 + 3*z^9

The final length of G is 67
[11, 1, 0, 0]  	112	4 
[11, 0, 1, 0]  	113	4 
[13, 0, 0, 0]  	117	5  <--- 1
[1, 9, 0, 0]  	126	2 
[8, 3, 2, 0]  	139	5 
[8, 2, 3, 0]  	140	5 
[7, 4, 3, 0]  	157	6 
[7, 3, 4, 0]  	158	6 
[6, 0, 8, 0]  	166	5 
[7, 8, 0, 0]  	167	5 
[6, 5, 6, 0]  	203	5 
[6, 4, 7, 0]  	204	5 
[5, 5, 7, 0]  	208	5 
[5, 4, 8, 0]  	209	5 
[5, 3, 9, 0]  	210	5 
[5, 2, 10, 0]  	211	5 
[5, 1, 11, 0]  	212	5 
[5, 0, 12, 0]  	213	5 
[6, 8, 4, 0]  	214	5 
[6, 7, 5, 0]  	215	5 
[4, 0, 13, 0]  	218	4 
[5, 8, 5, 0]  	219	4 
[3, 1, 13, 0]  	222	4 
[3, 0, 14, 0]  	223	4 
[4, 8, 6, 0]  	224	4 
[4, 6, 8, 0]  	226	4 
[4, 5, 9, 0]  	227	4 
[4, 4, 10, 0]  	228	4 
[3, 6, 9, 0]  	231	3 
[3, 5, 10, 0]  	232	3 
[2, 7, 9, 0]  	235	3 
[2, 6, 10, 0]  	236	3 
[2, 5, 11, 0]  	237	3 
[2, 2, 14, 0]  	240	3 
[2, 1, 15, 0]  	241	3 
[2, 0, 16, 0]  	242	3 
[1, 2, 15, 0]  	245	2 
[1, 1, 16, 0]  	246	2 
[3, 4, 12, 0]  	247	3 
[1, 0, 17, 0]  	247	3 
[0, 17, 2, 0]  	249	2 
[0, 16, 3, 0]  	250	2 
[1, 6, 12, 0]  	255	2 
[0, 7, 12, 0]  	259	1 
[0, 20, 0, 0]  	260	2  <--- 2
[0, 3, 16, 0]  	263	1 
[0, 12, 8, 0]  	268	1 
[0, 14, 7, 0]  	280	2 
[0, 0, 21, 0]  	294	1  <--- 3
[10, 2, 1, 1]  	130	6 
[10, 1, 2, 1]  	131	6 
[5, 7, 6, 1]  	220	4 
[3, 4, 11, 1]  	233	3 
[4, 1, 12, 2]  	217	4 
[3, 2, 12, 2]  	221	4 
[4, 3, 11, 2]  	229	4 
[1, 7, 11, 2]  	254	2 
[3, 6, 8, 23]  	217	3 
[2, 7, 8, 23]  	221	3 
[3, 8, 7, 23]  	229	3 
[0, 12, 7, 23]  	254	1 
[7, 3, 2, 24]  	130	5 
[7, 2, 3, 24]  	131	5 
[5, 4, 7, 24]  	195	5 
[6, 7, 4, 24]  	201	5 
[2, 8, 7, 24]  	220	1 
[1, 0, 16, 24]  	233	1 
------
For 27 = d/2-d1-d2-d3 you get 2
1*x^3
1*y^1*z^1

For 153 = 3*d/2-d1-d2-d3 you get 4
1*x^5*y^4*z^4
1*x^3*z^9
1*x^2*y^5*z^5
1*y^1*z^10

For 279 = 5*d/2-d1-d2-d3 you get 2
1*y^15*z^6
1*y^1*z^19

The invariant extra is equal to 2.
Start computing 5^3 Delta^1 (x1x2x3)^4... Done.
Start computing 5^4 Delta^2 (x1x2x3)^4... Done.
Start computing 5^5 Delta^3 (x1x2x3)^4... Done.
Start computing 5^6 Delta^4 (x1x2x3)^4... Done.
Start computing 5^7 Delta^5 (x1x2x3)^4... Done.
Start computing 5^8 Delta^6 (x1x2x3)^4... Done.
Start computing 5^9 Delta^7 (x1x2x3)^4... Done.
Start computing 5^10 Delta^8 (x1x2x3)^4... Done.
Start computing 5^11 Delta^9 (x1x2x3)^4... Done.
Start computing 5^12 Delta^10 (x1x2x3)^4... Done.
Start computing aa.
1 2 3 4 5 6 7 8 
[4657995863904398,2303757396588668,5166540938001855,8010956760730765,1626501627220060,6982090866936125,4068342346570500,4335949869693100;\
1902919020828577,4985987883535894,3661582454168730,7757142872128215,1530237842349765,6493958308848535,7035774152989600,10765715428833100;\
1814982507591207,7358563834423924,468230684505960,5624446781146510,7501133832250485,5957044167065430,716320351772025,5954785382180225;\
3303444692731126,7712660065356574,11078580636788130,1411041509322685,2264935742848050,7695822844821360,8979339489595875,11514437294417750;\
9640362002385656,918873438757751,7211104965599705,2552831848285755,497125327399070,10479838682686575,8352279952168000,5670381779786450;\
9655752329153616,1797995666220465,3597354716837510,5630326305438830,3269738344113980,1405029916887915,427522317482125,1972536689548750;\
10346800168678834,11363794561027331,2934093548072295,6447866399901125,9332773949528225,5105201407360970,10177838713468775,2433815435437300;\
5079851013484168,4831678543904428,6390509333624190,4984326550209385,9483441189414260,8339261287186110,10737619234129675,2201492786522175]
This should be the matrix of frobenius!
