


Please input coefficients below.
Coefficient of   x^14                     = Coefficient of   x^11 * y^1 * z^1         = Coefficient of   x^8 * y^2 * z^2         = Coefficient of   x^5 * y^3 * z^3         = Coefficient of   x^2 * y^4 * z^4         = Coefficient of   x^1 * y^9               = Coefficient of   z^9                     = 
Here is the polynomial we're using this time:

2*x^14 + 4*x^11*y^1*z^1 + 4*x^5*y^3*z^3 + 3*x^2*y^4*z^4 + 1*x^1*y^9 + 2*z^9

The final length of G is 67
[11, 1, 0, 0]  	112	4 
[11, 0, 1, 0]  	113	4 
[13, 0, 0, 0]  	117	5  <--- 1
[1, 9, 0, 0]  	126	2 
[10, 2, 1, 0]  	130	6 
[10, 1, 2, 0]  	131	6 
[8, 3, 2, 0]  	139	5 
[8, 2, 3, 0]  	140	5 
[6, 0, 8, 0]  	166	5 
[7, 8, 0, 0]  	167	5 
[6, 5, 6, 0]  	203	5 
[5, 5, 7, 0]  	208	5 
[5, 4, 8, 0]  	209	5 
[5, 3, 9, 0]  	210	5 
[7, 6, 5, 0]  	211	5 
[5, 2, 10, 0]  	211	5 
[5, 1, 11, 0]  	212	5 
[5, 0, 12, 0]  	213	5 
[6, 8, 4, 0]  	214	5 
[6, 7, 5, 0]  	215	5 
[4, 1, 12, 0]  	217	4 
[4, 0, 13, 0]  	218	4 
[5, 8, 5, 0]  	219	4 
[5, 7, 6, 0]  	220	4 
[3, 2, 12, 0]  	221	4 
[3, 1, 13, 0]  	222	4 
[3, 0, 14, 0]  	223	4 
[4, 8, 6, 0]  	224	4 
[4, 6, 8, 0]  	226	4 
[4, 5, 9, 0]  	227	4 
[4, 4, 10, 0]  	228	4 
[4, 3, 11, 0]  	229	4 
[3, 5, 10, 0]  	232	3 
[3, 4, 11, 0]  	233	3 
[2, 6, 10, 0]  	236	3 
[2, 5, 11, 0]  	237	3 
[2, 2, 14, 0]  	240	3 
[2, 1, 15, 0]  	241	3 
[1, 2, 15, 0]  	245	2 
[1, 1, 16, 0]  	246	2 
[0, 17, 2, 0]  	249	2 
[0, 16, 3, 0]  	250	2 
[1, 7, 11, 0]  	254	2 
[1, 6, 12, 0]  	255	2 
[0, 7, 12, 0]  	259	1 
[0, 20, 0, 0]  	260	2  <--- 2
[0, 3, 16, 0]  	263	1 
[0, 12, 8, 0]  	268	1 
[1, 0, 19, 0]  	275	2 
[0, 14, 7, 0]  	280	2 
[0, 0, 21, 0]  	294	1  <--- 3
[7, 4, 3, 1]  	157	6 
[7, 3, 4, 1]  	158	6 
[3, 6, 9, 1]  	231	3 
[2, 7, 9, 1]  	235	3 
[2, 0, 16, 1]  	242	3 
[1, 0, 17, 1]  	247	3 
[6, 4, 7, 3]  	204	5 
[4, 0, 12, 22]  	204	4 
[5, 0, 8, 24]  	157	4 
[6, 8, 0, 24]  	158	4 
[4, 8, 5, 24]  	210	4 
[4, 5, 8, 24]  	213	4 
[1, 2, 14, 24]  	231	2 
[0, 17, 1, 24]  	235	2 
[1, 5, 12, 24]  	242	2 
[0, 19, 0, 24]  	247	2 
------
For 27 = d/2-d1-d2-d3 you get 2
1*x^3
1*y^1*z^1

For 153 = 3*d/2-d1-d2-d3 you get 4
1*x^5*y^4*z^4
1*x^3*z^9
1*x^2*y^5*z^5
1*y^1*z^10

For 279 = 5*d/2-d1-d2-d3 you get 2
1*y^15*z^6
1*y^1*z^19

The invariant extra is equal to 2.
Start computing 5^3 Delta^1 (x1x2x3)^4... Done.
Start computing 5^4 Delta^2 (x1x2x3)^4... Done.
Start computing 5^5 Delta^3 (x1x2x3)^4... Done.
Start computing 5^6 Delta^4 (x1x2x3)^4... Done.
Start computing 5^7 Delta^5 (x1x2x3)^4... Done.
Start computing 5^8 Delta^6 (x1x2x3)^4... Done.
Start computing 5^9 Delta^7 (x1x2x3)^4... Done.
Start computing 5^10 Delta^8 (x1x2x3)^4... Done.
Start computing 5^11 Delta^9 (x1x2x3)^4... Done.
Start computing 5^12 Delta^10 (x1x2x3)^4... Done.
Start computing aa.
1 2 3 4 5 6 7 8 
[8957794277019204,6579734622795259,2220630589476375,5225264492031925,10378981830838025,997244741731145,3975917519119625,2658919376908100;\
3283569070932136,7639273499878129,3716782223756085,501072408463295,4042387340420935,6470058549306250,6331819266395925,7114149598037750;\
4591645531215060,1932914673322043,10088030366706325,2818640599841200,3546937592972490,6957506650216420,2967761517248650,5849855320009850;\
9542873258984145,7884678124840933,1671068775402730,4724739771951675,5916290725573475,2998368908987730,9214041735284575,3219449733821900;\
5999038187580264,3200691354939062,421522747565390,1575074888961990,11804266188236390,9329208737200455,4984772993419250,2761094404625150;\
10286597959840521,1204165071783197,8601780330914180,8207429945201270,7099390102801350,10213981206248230,11061414732024825,2670101647969875;\
1464281117933401,3883488495178125,4552924436378725,5811356752782160,601508516753300,7262217065333830,11888177778084550,5610499454507075;\
3835714282862061,1320850269614319,6510447303808550,4550710895531060,11667042731249270,11682651079227490,9876723916719025,4342163624766125]
This should be the matrix of frobenius!
