


Please input coefficients below.
Coefficient of   x^14                     = Coefficient of   x^11 * y^1 * z^1         = Coefficient of   x^8 * y^2 * z^2         = Coefficient of   x^5 * y^3 * z^3         = Coefficient of   x^2 * y^4 * z^4         = Coefficient of   x^1 * y^9               = Coefficient of   z^9                     = 
Here is the polynomial we're using this time:

2*x^14 + 4*x^11*y^1*z^1 + 3*x^8*y^2*z^2 + 3*x^5*y^3*z^3 + 4*x^1*y^9 + 2*z^9

The final length of G is 66
[11, 1, 0, 0]  	112	4 
[11, 0, 1, 0]  	113	4 
[13, 0, 0, 0]  	117	5  <--- 1
[1, 9, 0, 0]  	126	2 
[10, 2, 1, 0]  	130	5 
[10, 1, 2, 0]  	131	5 
[8, 3, 2, 0]  	139	4 
[8, 2, 3, 0]  	140	4 
[7, 4, 3, 0]  	157	5 
[7, 3, 4, 0]  	158	5 
[6, 0, 8, 0]  	166	4 
[7, 8, 0, 0]  	167	4 
[6, 5, 6, 0]  	203	4 
[6, 4, 7, 0]  	204	5 
[5, 5, 7, 0]  	208	5 
[5, 4, 8, 0]  	209	5 
[5, 2, 10, 0]  	211	5 
[5, 1, 11, 0]  	212	5 
[6, 8, 4, 0]  	214	5 
[6, 7, 5, 0]  	215	5 
[4, 1, 12, 0]  	217	4 
[4, 0, 13, 0]  	218	4 
[5, 8, 5, 0]  	219	4 
[5, 7, 6, 0]  	220	4 
[3, 2, 12, 0]  	221	4 
[3, 0, 14, 0]  	223	4 
[4, 8, 6, 0]  	224	4 
[4, 6, 8, 0]  	226	4 
[4, 5, 9, 0]  	227	4 
[4, 3, 11, 0]  	229	4 
[3, 5, 10, 0]  	232	3 
[3, 4, 11, 0]  	233	3 
[2, 5, 11, 0]  	237	3 
[2, 2, 14, 0]  	240	3 
[1, 2, 15, 0]  	245	2 
[1, 1, 16, 0]  	246	2 
[2, 7, 10, 0]  	249	2 
[0, 17, 2, 0]  	249	2 
[0, 16, 3, 0]  	250	2 
[1, 7, 11, 0]  	254	2 
[1, 6, 12, 0]  	255	2 
[0, 7, 12, 0]  	259	1 
[0, 20, 0, 0]  	260	2  <--- 2
[0, 3, 16, 0]  	263	1 
[0, 12, 8, 0]  	268	1 
[1, 0, 19, 0]  	275	2 
[0, 14, 7, 0]  	280	2 
[0, 0, 21, 0]  	294	1  <--- 3
[5, 3, 9, 1]  	210	5 
[5, 0, 12, 1]  	213	5 
[3, 1, 13, 1]  	222	4 
[4, 4, 10, 1]  	228	4 
[3, 6, 9, 1]  	231	3 
[2, 7, 9, 1]  	235	3 
[2, 0, 16, 1]  	242	3 
[1, 0, 17, 1]  	247	3 
[2, 6, 10, 2]  	236	3 
[2, 1, 15, 2]  	241	3 
[0, 16, 2, 23]  	236	2 
[1, 6, 11, 23]  	241	2 
[4, 8, 5, 24]  	210	3 
[4, 5, 8, 24]  	213	3 
[0, 16, 1, 24]  	222	2 
[1, 5, 11, 24]  	228	2 
[1, 2, 14, 24]  	231	2 
[0, 19, 0, 24]  	247	2 
------
For 27 = d/2-d1-d2-d3 you get 2
1*x^3
1*y^1*z^1

For 153 = 3*d/2-d1-d2-d3 you get 4
1*x^5*y^4*z^4
1*x^3*z^9
1*x^2*y^5*z^5
1*y^1*z^10

For 279 = 5*d/2-d1-d2-d3 you get 2
1*y^15*z^6
1*y^1*z^19

The invariant extra is equal to 2.
Start computing 5^3 Delta^1 (x1x2x3)^4... Done.
Start computing 5^4 Delta^2 (x1x2x3)^4... Done.
Start computing 5^5 Delta^3 (x1x2x3)^4... Done.
Start computing 5^6 Delta^4 (x1x2x3)^4... Done.
Start computing 5^7 Delta^5 (x1x2x3)^4... Done.
Start computing 5^8 Delta^6 (x1x2x3)^4... Done.
Start computing 5^9 Delta^7 (x1x2x3)^4... Done.
Start computing 5^10 Delta^8 (x1x2x3)^4... Done.
Start computing 5^11 Delta^9 (x1x2x3)^4... Done.
Start computing 5^12 Delta^10 (x1x2x3)^4... Done.
Start computing aa.
1 2 3 4 5 6 7 8 
[9486928188200875,9934057847715247,8906643660870740,2134431478553065,8651976530461760,10910750265780915,46662940996800,9355047309029525;\
2128587336060088,1865379338281523,2618941423641280,1318656855842545,1725665381223355,7854948083673245,6932669574618075,4101307959342050;\
167052114866172,1036265983318339,2405248829471010,11836948787557405,4715276133780170,9676061233702155,10242840014992900,11307105199018975;\
6097999153700400,8483351841124205,3955562588154580,4302398354714470,10747952950182010,1237998725159385,4939134661020750,7596784004536175;\
10681790022094971,3636395620678101,8835217768281315,6044723654446225,8994571247116770,4385686461242750,299282195653575,11437977228610000;\
4450868444555428,8005153291996548,3600614198606755,9764776721102940,10236715228936450,10496572854601155,188433121314875,11089866184653150;\
11908182387725960,10677885055406995,9970456221156155,565854934549445,11798460637592135,5808767133057360,11251347576506250,895435530587200;\
5710401458979231,5825510888645602,2417260095494840,8174375381685180,740680765986680,7996853634916010,2057262273250225,6477844882592325]
This should be the matrix of frobenius!
