


Please input coefficients below.
Coefficient of   x^14                     = Coefficient of   x^11 * y^1 * z^1         = Coefficient of   x^8 * y^2 * z^2         = Coefficient of   x^5 * y^3 * z^3         = Coefficient of   x^2 * y^4 * z^4         = Coefficient of   x^1 * y^9               = Coefficient of   z^9                     = 
Here is the polynomial we're using this time:

2*x^14 + 4*x^11*y^1*z^1 + 2*x^5*y^3*z^3 + 3*x^2*y^4*z^4 + 3*x^1*y^9 + 2*z^9

The final length of G is 67
[11, 1, 0, 0]  	112	4 
[11, 0, 1, 0]  	113	4 
[13, 0, 0, 0]  	117	5  <--- 1
[1, 9, 0, 0]  	126	2 
[10, 2, 1, 0]  	130	6 
[10, 1, 2, 0]  	131	6 
[8, 3, 2, 0]  	139	5 
[8, 2, 3, 0]  	140	5 
[7, 4, 3, 0]  	157	6 
[7, 3, 4, 0]  	158	6 
[6, 0, 8, 0]  	166	5 
[7, 8, 0, 0]  	167	5 
[6, 5, 6, 0]  	203	5 
[6, 4, 7, 0]  	204	5 
[5, 5, 7, 0]  	208	5 
[5, 4, 8, 0]  	209	5 
[5, 3, 9, 0]  	210	5 
[5, 2, 10, 0]  	211	5 
[5, 1, 11, 0]  	212	5 
[5, 0, 12, 0]  	213	5 
[6, 8, 4, 0]  	214	5 
[6, 7, 5, 0]  	215	5 
[5, 8, 5, 0]  	219	4 
[5, 7, 6, 0]  	220	4 
[3, 0, 14, 0]  	223	4 
[4, 8, 6, 0]  	224	4 
[4, 6, 8, 0]  	226	4 
[4, 5, 9, 0]  	227	4 
[3, 6, 9, 0]  	231	3 
[3, 5, 10, 0]  	232	3 
[2, 7, 9, 0]  	235	3 
[2, 6, 10, 0]  	236	3 
[2, 5, 11, 0]  	237	3 
[2, 2, 14, 0]  	240	3 
[2, 1, 15, 0]  	241	3 
[2, 0, 16, 0]  	242	3 
[1, 2, 15, 0]  	245	2 
[1, 1, 16, 0]  	246	2 
[1, 0, 17, 0]  	247	3 
[0, 17, 2, 0]  	249	2 
[0, 16, 3, 0]  	250	2 
[1, 7, 11, 0]  	254	2 
[1, 6, 12, 0]  	255	2 
[0, 7, 12, 0]  	259	1 
[0, 20, 0, 0]  	260	2  <--- 2
[0, 3, 16, 0]  	263	1 
[0, 12, 8, 0]  	268	1 
[0, 14, 7, 0]  	280	2 
[0, 0, 21, 0]  	294	1  <--- 3
[4, 1, 12, 1]  	217	4 
[4, 0, 13, 1]  	218	4 
[3, 2, 12, 1]  	221	4 
[4, 3, 11, 1]  	229	4 
[3, 4, 11, 1]  	233	3 
[3, 1, 13, 2]  	222	4 
[4, 4, 10, 2]  	228	4 
[2, 6, 9, 23]  	222	3 
[2, 0, 15, 23]  	228	3 
[3, 6, 8, 24]  	217	3 
[3, 5, 9, 24]  	218	1 
[2, 7, 8, 24]  	221	3 
[3, 8, 7, 24]  	229	3 
[1, 2, 14, 24]  	231	2 
[1, 0, 16, 24]  	233	1 
[0, 17, 1, 24]  	235	2 
[1, 5, 12, 24]  	242	2 
[0, 19, 0, 24]  	247	2 
------
For 27 = d/2-d1-d2-d3 you get 2
1*x^3
1*y^1*z^1

For 153 = 3*d/2-d1-d2-d3 you get 4
1*x^5*y^4*z^4
1*x^3*z^9
1*x^2*y^5*z^5
1*y^1*z^10

For 279 = 5*d/2-d1-d2-d3 you get 2
1*y^15*z^6
1*y^1*z^19

The invariant extra is equal to 2.
Start computing 5^3 Delta^1 (x1x2x3)^4... Done.
Start computing 5^4 Delta^2 (x1x2x3)^4... Done.
Start computing 5^5 Delta^3 (x1x2x3)^4... Done.
Start computing 5^6 Delta^4 (x1x2x3)^4... Done.
Start computing 5^7 Delta^5 (x1x2x3)^4... Done.
Start computing 5^8 Delta^6 (x1x2x3)^4... Done.
Start computing 5^9 Delta^7 (x1x2x3)^4... Done.
Start computing 5^10 Delta^8 (x1x2x3)^4... Done.
Start computing 5^11 Delta^9 (x1x2x3)^4... Done.
Start computing 5^12 Delta^10 (x1x2x3)^4... Done.
Start computing aa.
1 2 3 4 5 6 7 8 
[7538105747861707,3777300405020103,3447347494542400,899144811421945,5427594464266950,6034826242599230,3928384530271975,8566902018099500;\
8565727601683803,8193369590558350,7746727105326960,26774760249005,8325053350985560,1367194695176250,2512296327888875,8390190820620325;\
9614929785509384,7422475853091014,11719090503059575,10123338289977090,5421959057964635,2575875243985545,3043371077958150,3827425444784350;\
8076566084206155,7123069107032296,2208990471346735,6313875631978315,9062767010652160,6092152981166550,10203315493534450,8806898639500725;\
7645543568198006,2259947072660712,4150341421602295,4201845204939280,1038493638641370,9066638346039065,9044577753440050,67607788066675;\
2535450135178171,8089488855971755,6586575355320505,1780788053118585,6775919711952395,9575989422630285,9600224428361800,10571130150249650;\
7382065039866352,3617925556187525,10130865380446570,6907298214527160,3036956012947990,8687260011336275,11514272121190650,344075987170725;\
354626032970237,3178453450393794,8334390778365505,11646694894074655,116921074830920,7646405242326320,10825846983942800,4666643639001625]
This should be the matrix of frobenius!
