


Please input coefficients below.
Coefficient of   x^14                     = Coefficient of   x^11 * y^1 * z^1         = Coefficient of   x^8 * y^2 * z^2         = Coefficient of   x^5 * y^3 * z^3         = Coefficient of   x^2 * y^4 * z^4         = Coefficient of   x^1 * y^9               = Coefficient of   z^9                     = 
Here is the polynomial we're using this time:

2*x^14 + 4*x^11*y^1*z^1 + 2*x^8*y^2*z^2 + 3*x^5*y^3*z^3 + 2*x^2*y^4*z^4 + 2*x^1*y^9 + 4*z^9

The final length of G is 72
[11, 1, 0, 0]  	112	5 
[11, 0, 1, 0]  	113	5 
[13, 0, 0, 0]  	117	6  <--- 1
[1, 9, 0, 0]  	126	2 
[10, 2, 1, 0]  	130	6 
[10, 1, 2, 0]  	131	6 
[8, 3, 2, 0]  	139	5 
[8, 2, 3, 0]  	140	5 
[7, 4, 3, 0]  	157	6 
[7, 3, 4, 0]  	158	6 
[6, 0, 8, 0]  	166	5 
[7, 8, 0, 0]  	167	5 
[6, 4, 7, 0]  	204	5 
[5, 5, 7, 0]  	208	5 
[5, 2, 10, 0]  	211	5 
[5, 1, 11, 0]  	212	5 
[6, 7, 5, 0]  	215	5 
[4, 1, 12, 0]  	217	4 
[5, 8, 5, 0]  	219	4 
[5, 7, 6, 0]  	220	4 
[3, 2, 12, 0]  	221	4 
[4, 8, 6, 0]  	224	4 
[4, 6, 8, 0]  	226	4 
[4, 3, 11, 0]  	229	4 
[3, 6, 9, 0]  	231	3 
[4, 0, 14, 0]  	232	3 
[3, 5, 10, 0]  	232	3 
[3, 4, 11, 0]  	233	3 
[2, 7, 9, 0]  	235	3 
[3, 1, 14, 0]  	236	3 
[2, 6, 10, 0]  	236	3 
[3, 0, 15, 0]  	237	3 
[2, 5, 11, 0]  	237	3 
[2, 2, 14, 0]  	240	3 
[2, 1, 15, 0]  	241	3 
[2, 0, 16, 0]  	242	3 
[1, 1, 16, 0]  	246	2 
[1, 0, 17, 0]  	247	3 
[0, 17, 2, 0]  	249	2 
[1, 7, 11, 0]  	254	2 
[0, 7, 12, 0]  	259	1 
[0, 20, 0, 0]  	260	2  <--- 2
[0, 3, 16, 0]  	263	1 
[0, 12, 8, 0]  	268	1 
[0, 0, 21, 0]  	294	1  <--- 3
[6, 5, 6, 1]  	203	5 
[3, 0, 14, 1]  	223	4 
[4, 5, 9, 1]  	227	4 
[1, 2, 15, 1]  	245	2 
[0, 16, 3, 1]  	250	2 
[1, 6, 12, 1]  	255	2 
[0, 14, 7, 1]  	280	2 
[5, 3, 9, 2]  	210	5 
[5, 0, 12, 2]  	213	5 
[4, 0, 13, 2]  	218	4 
[3, 1, 13, 2]  	222	4 
[4, 4, 10, 2]  	228	4 
[5, 4, 8, 3]  	209	5 
[6, 8, 4, 3]  	214	5 
[2, 5, 10, 22]  	223	3 
[2, 1, 14, 22]  	227	3 
[2, 5, 9, 23]  	209	3 
[4, 8, 5, 23]  	210	4 
[4, 5, 8, 23]  	213	4 
[2, 0, 14, 23]  	214	3 
[4, 1, 11, 24]  	203	4 
[3, 0, 13, 24]  	209	4 
[4, 4, 9, 24]  	214	4 
[0, 7, 11, 24]  	245	1 
[0, 2, 16, 24]  	250	1 
[0, 11, 8, 24]  	255	1 
[0, 0, 20, 24]  	280	1 
------
For 27 = d/2-d1-d2-d3 you get 2
1*x^3
1*y^1*z^1

For 153 = 3*d/2-d1-d2-d3 you get 4
1*x^5*y^4*z^4
1*x^3*z^9
1*x^2*y^5*z^5
1*y^1*z^10

For 279 = 5*d/2-d1-d2-d3 you get 2
1*y^15*z^6
1*y^1*z^19

The invariant extra is equal to 2.
Start computing 5^3 Delta^1 (x1x2x3)^4... Done.
Start computing 5^4 Delta^2 (x1x2x3)^4... Done.
Start computing 5^5 Delta^3 (x1x2x3)^4... Done.
Start computing 5^6 Delta^4 (x1x2x3)^4... Done.
Start computing 5^7 Delta^5 (x1x2x3)^4... Done.
Start computing 5^8 Delta^6 (x1x2x3)^4... Done.
Start computing 5^9 Delta^7 (x1x2x3)^4... Done.
Start computing 5^10 Delta^8 (x1x2x3)^4... Done.
Start computing 5^11 Delta^9 (x1x2x3)^4... Done.
Start computing 5^12 Delta^10 (x1x2x3)^4... Done.
Start computing aa.
1 2 3 4 5 6 7 8 
[7258094153123070,9539811096799032,5754928442318790,9767337891756240,6307523065925070,411354000971220,9075775251032175,6085356469369800;\
9105381391984747,11826394054243310,4989550206291050,2157828656003850,8902355084876930,448937774123380,5894558285464725,4699623037400;\
7779901353397652,6904662317628223,6481660180915295,5307399575471480,9217255845647770,7647104713577780,4583037514964700,1891285939294350;\
7438428912100385,3721293612499660,3364500120415205,1754897874812430,7518057996587785,5093092014027260,11013391214925950,172661716073200;\
8972706646439034,649860113941950,5211647167222085,790687903053525,9355884404173930,6763372775203405,10480020940276825,7053053393272725;\
7778836858102401,8766283587097198,2157929643575025,5516734826079775,5619220719178545,10566117456122445,2953938859144625,9263973204859450;\
1325757873761208,10884802339115316,4646499337230230,647786022637190,10994536123563080,6029856675711425,10414673478918650,324532392936675;\
4736177644875771,4328673313163981,1922581301693760,4185698527520500,2893930092619560,3547351638951530,11504335817020325,4578335643784625]
This should be the matrix of frobenius!
