


Please input coefficients below.
Coefficient of   x^14                     = Coefficient of   x^11 * y^1 * z^1         = Coefficient of   x^8 * y^2 * z^2         = Coefficient of   x^5 * y^3 * z^3         = Coefficient of   x^2 * y^4 * z^4         = Coefficient of   x^1 * y^9               = Coefficient of   z^9                     = 
Here is the polynomial we're using this time:

2*x^14 + 4*x^11*y^1*z^1 + 1*x^8*y^2*z^2 + 4*x^2*y^4*z^4 + 2*x^1*y^9 + 4*z^9

The final length of G is 69
[11, 1, 0, 0]  	112	4 
[11, 0, 1, 0]  	113	4 
[13, 0, 0, 0]  	117	5  <--- 1
[1, 9, 0, 0]  	126	2 
[8, 3, 2, 0]  	139	5 
[8, 2, 3, 0]  	140	5 
[7, 4, 3, 0]  	157	6 
[7, 3, 4, 0]  	158	6 
[6, 0, 8, 0]  	166	5 
[7, 8, 0, 0]  	167	5 
[6, 5, 6, 0]  	203	5 
[6, 4, 7, 0]  	204	5 
[5, 5, 7, 0]  	208	5 
[5, 4, 8, 0]  	209	5 
[5, 3, 9, 0]  	210	5 
[5, 2, 10, 0]  	211	5 
[5, 1, 11, 0]  	212	5 
[5, 0, 12, 0]  	213	5 
[6, 8, 4, 0]  	214	5 
[6, 7, 5, 0]  	215	5 
[4, 1, 12, 0]  	217	4 
[4, 0, 13, 0]  	218	4 
[3, 2, 12, 0]  	221	4 
[3, 1, 13, 0]  	222	4 
[3, 0, 14, 0]  	223	4 
[4, 5, 9, 0]  	227	4 
[4, 4, 10, 0]  	228	4 
[4, 3, 11, 0]  	229	4 
[3, 6, 9, 0]  	231	3 
[3, 5, 10, 0]  	232	3 
[3, 4, 11, 0]  	233	3 
[2, 7, 9, 0]  	235	3 
[2, 6, 10, 0]  	236	3 
[2, 5, 11, 0]  	237	3 
[2, 2, 14, 0]  	240	3 
[2, 1, 15, 0]  	241	3 
[2, 0, 16, 0]  	242	3 
[1, 1, 16, 0]  	246	2 
[1, 0, 17, 0]  	247	3 
[0, 17, 2, 0]  	249	2 
[1, 7, 11, 0]  	254	2 
[0, 7, 12, 0]  	259	1 
[0, 20, 0, 0]  	260	2  <--- 2
[0, 3, 16, 0]  	263	1 
[0, 12, 8, 0]  	268	1 
[0, 0, 21, 0]  	294	1  <--- 3
[10, 2, 1, 1]  	130	6 
[10, 1, 2, 1]  	131	6 
[5, 8, 5, 1]  	219	4 
[5, 7, 6, 1]  	220	4 
[1, 2, 15, 1]  	245	2 
[0, 16, 3, 1]  	250	2 
[1, 6, 12, 1]  	255	2 
[0, 14, 7, 1]  	280	2 
[4, 8, 6, 3]  	224	4 
[4, 6, 8, 3]  	226	4 
[2, 4, 11, 22]  	224	3 
[2, 2, 13, 22]  	226	3 
[7, 3, 2, 24]  	130	5 
[7, 2, 3, 24]  	131	5 
[5, 4, 7, 24]  	195	4 
[6, 7, 4, 24]  	201	4 
[3, 4, 10, 24]  	219	3 
[3, 3, 11, 24]  	220	2 
[1, 0, 16, 24]  	233	2 
[0, 7, 11, 24]  	245	1 
[0, 2, 16, 24]  	250	1 
[0, 11, 8, 24]  	255	1 
[0, 0, 20, 24]  	280	1 
------
For 27 = d/2-d1-d2-d3 you get 2
1*x^3
1*y^1*z^1

For 153 = 3*d/2-d1-d2-d3 you get 4
1*x^5*y^4*z^4
1*x^3*z^9
1*x^2*y^5*z^5
1*y^1*z^10

For 279 = 5*d/2-d1-d2-d3 you get 2
1*y^15*z^6
1*y^1*z^19

The invariant extra is equal to 2.
Start computing 5^3 Delta^1 (x1x2x3)^4... Done.
Start computing 5^4 Delta^2 (x1x2x3)^4... Done.
Start computing 5^5 Delta^3 (x1x2x3)^4... Done.
Start computing 5^6 Delta^4 (x1x2x3)^4... Done.
Start computing 5^7 Delta^5 (x1x2x3)^4... Done.
Start computing 5^8 Delta^6 (x1x2x3)^4... Done.
Start computing 5^9 Delta^7 (x1x2x3)^4... Done.
Start computing 5^10 Delta^8 (x1x2x3)^4... Done.
Start computing 5^11 Delta^9 (x1x2x3)^4... Done.
Start computing 5^12 Delta^10 (x1x2x3)^4... Done.
Start computing aa.
1 2 3 4 5 6 7 8 
[9771084074667575,10234090226571006,3768749599940825,3442321691389985,765526570862795,2227274949969435,465536463834800,7866251065020400;\
4505001927041511,4229625064684783,1796279029772030,1181272283333950,531163181196695,7778552125244815,5426074576895600,5457615388539025;\
4189690436947025,8387505932787785,3964443985495750,5786217040238970,640396474825995,10125744885048760,3095445686721250,9016938910508950;\
6164019857083102,64510360011281,6429405784164995,4805377803137145,11412898435946865,7825809260513195,446408647728050,9828221232667025;\
6023411137496593,6757238752568511,5797791085501860,8705740138493520,3973251335919870,6850276988108095,5147993605501100,6286808596063775;\
3701568022133287,2001806995812724,102623735991850,6634857151382735,11636783892144980,10167790059197800,2227585388156725,3190733407551950;\
4088892506826647,3550689650090722,8849864765561035,9720961553213255,8938966852542285,9379122140534385,3009645483085850,5337828596201150;\
4591045356416537,6972106193931047,8188225661326935,2646561428246925,8792365015665930,10638623714638695,10374884394560025,6517875613733100]
This should be the matrix of frobenius!
