


Please input coefficients below.
Coefficient of   x^14                     = Coefficient of   x^11 * y^1 * z^1         = Coefficient of   x^8 * y^2 * z^2         = Coefficient of   x^5 * y^3 * z^3         = Coefficient of   x^2 * y^4 * z^4         = Coefficient of   x^1 * y^9               = Coefficient of   z^9                     = 
Here is the polynomial we're using this time:

2*x^14 + 4*x^11*y^1*z^1 + 4*x^8*y^2*z^2 + 3*x^5*y^3*z^3 + 1*x^2*y^4*z^4 + 4*x^1*y^9 + 1*z^9

The final length of G is 64
[11, 1, 0, 0]  	112	5 
[11, 0, 1, 0]  	113	5 
[13, 0, 0, 0]  	117	6  <--- 1
[1, 9, 0, 0]  	126	2 
[10, 2, 1, 0]  	130	6 
[10, 1, 2, 0]  	131	6 
[8, 3, 2, 0]  	139	5 
[8, 2, 3, 0]  	140	5 
[6, 0, 8, 0]  	166	5 
[7, 8, 0, 0]  	167	5 
[6, 4, 7, 0]  	204	5 
[5, 5, 7, 0]  	208	5 
[5, 4, 8, 0]  	209	5 
[7, 7, 4, 0]  	210	5 
[5, 3, 9, 0]  	210	5 
[5, 2, 10, 0]  	211	5 
[5, 1, 11, 0]  	212	5 
[5, 0, 12, 0]  	213	5 
[6, 8, 4, 0]  	214	5 
[6, 7, 5, 0]  	215	5 
[4, 1, 12, 0]  	217	4 
[4, 0, 13, 0]  	218	4 
[5, 7, 6, 0]  	220	4 
[3, 2, 12, 0]  	221	4 
[3, 0, 14, 0]  	223	4 
[4, 8, 6, 0]  	224	4 
[4, 6, 8, 0]  	226	4 
[4, 5, 9, 0]  	227	4 
[4, 3, 11, 0]  	229	4 
[3, 6, 9, 0]  	231	3 
[2, 7, 9, 0]  	235	3 
[2, 6, 10, 0]  	236	3 
[2, 5, 11, 0]  	237	3 
[2, 2, 14, 0]  	240	3 
[2, 1, 15, 0]  	241	3 
[2, 0, 16, 0]  	242	3 
[1, 2, 15, 0]  	245	2 
[1, 1, 16, 0]  	246	2 
[1, 0, 17, 0]  	247	3 
[0, 17, 2, 0]  	249	2 
[0, 16, 3, 0]  	250	2 
[1, 7, 11, 0]  	254	2 
[1, 6, 12, 0]  	255	2 
[0, 7, 12, 0]  	259	1 
[0, 20, 0, 0]  	260	2  <--- 2
[0, 3, 16, 0]  	263	1 
[0, 12, 8, 0]  	268	1 
[0, 14, 7, 0]  	280	2 
[0, 0, 21, 0]  	294	1  <--- 3
[7, 4, 3, 1]  	157	6 
[7, 3, 4, 1]  	158	6 
[6, 5, 6, 1]  	203	5 
[5, 8, 5, 1]  	219	4 
[3, 1, 13, 1]  	222	4 
[4, 4, 10, 1]  	228	4 
[3, 5, 10, 1]  	232	3 
[3, 4, 11, 1]  	233	3 
[5, 0, 8, 24]  	157	5 
[6, 8, 0, 24]  	158	5 
[4, 1, 11, 24]  	203	4 
[4, 7, 6, 24]  	211	3 
[4, 6, 7, 24]  	212	3 
[1, 0, 15, 24]  	219	2 
[2, 6, 9, 24]  	222	2 
------
For 27 = d/2-d1-d2-d3 you get 2
1*x^3
1*y^1*z^1

For 153 = 3*d/2-d1-d2-d3 you get 4
1*x^5*y^4*z^4
1*x^3*z^9
1*x^2*y^5*z^5
1*y^1*z^10

For 279 = 5*d/2-d1-d2-d3 you get 2
1*y^15*z^6
1*y^1*z^19

The invariant extra is equal to 2.
Start computing 5^3 Delta^1 (x1x2x3)^4... Done.
Start computing 5^4 Delta^2 (x1x2x3)^4... Done.
Start computing 5^5 Delta^3 (x1x2x3)^4... Done.
Start computing 5^6 Delta^4 (x1x2x3)^4... Done.
Start computing 5^7 Delta^5 (x1x2x3)^4... Done.
Start computing 5^8 Delta^6 (x1x2x3)^4... Done.
Start computing 5^9 Delta^7 (x1x2x3)^4... Done.
Start computing 5^10 Delta^8 (x1x2x3)^4... Done.
Start computing 5^11 Delta^9 (x1x2x3)^4... Done.
Start computing 5^12 Delta^10 (x1x2x3)^4... Done.
Start computing aa.
1 2 3 4 5 6 7 8 
[9637979589066134,1884470486096067,7413958225462235,7271248278968370,1541294185813485,11298769161051360,7648444327434300,278183905298425;\
7479574233413231,3697144796294341,8543504929422205,1768089221551510,5673257698499055,103279320501295,2570253741403150,10012734873847625;\
10782685179991851,9754452523262031,874929484863395,2782469424605275,2514693467235735,2092924525958055,6416323626443125,4192670796905075;\
6329147991274398,7613454199447758,68867657130025,10813881817854710,9746649485187870,4022923899446770,10921872824322875,5194480489603925;\
6533064902808577,4992444178038555,6602858162439885,8846016399658715,7733365768499590,6082790743571050,1278820854902825,7402390954886075;\
340607895047886,10811128803010664,3721989962427835,8452653411829110,3206416475451230,1679982411786130,6221569397673375,2490103071178825;\
4834007873026097,3692988148791703,5138992258739025,3274547658585510,10842877612619605,7495839049852155,10039283285626850,4447270224046675;\
7192439010420490,6523165215809149,2238092786500290,4178378879383940,7309823078477615,8183407703855155,3108380889649750,4533570760071350]
This should be the matrix of frobenius!
