


Please input coefficients below.
Coefficient of   x^14                     = Coefficient of   x^11 * y^1 * z^1         = Coefficient of   x^8 * y^2 * z^2         = Coefficient of   x^5 * y^3 * z^3         = Coefficient of   x^2 * y^4 * z^4         = Coefficient of   x^1 * y^9               = Coefficient of   z^9                     = 
Here is the polynomial we're using this time:

2*x^14 + 4*x^11*y^1*z^1 + 2*x^8*y^2*z^2 + 1*x^5*y^3*z^3 + 4*x^2*y^4*z^4 + 4*x^1*y^9 + 4*z^9

The final length of G is 64
[11, 1, 0, 0]  	112	5 
[11, 0, 1, 0]  	113	5 
[13, 0, 0, 0]  	117	6  <--- 1
[1, 9, 0, 0]  	126	2 
[10, 2, 1, 0]  	130	6 
[10, 1, 2, 0]  	131	6 
[8, 3, 2, 0]  	139	5 
[8, 2, 3, 0]  	140	5 
[7, 4, 3, 0]  	157	6 
[7, 3, 4, 0]  	158	6 
[6, 0, 8, 0]  	166	5 
[7, 8, 0, 0]  	167	5 
[6, 5, 6, 0]  	203	5 
[6, 4, 7, 0]  	204	5 
[5, 5, 7, 0]  	208	5 
[5, 4, 8, 0]  	209	5 
[6, 8, 4, 0]  	214	5 
[6, 7, 5, 0]  	215	5 
[4, 0, 13, 0]  	218	4 
[5, 7, 6, 0]  	220	4 
[3, 1, 13, 0]  	222	4 
[4, 8, 6, 0]  	224	4 
[4, 6, 8, 0]  	226	4 
[4, 4, 10, 0]  	228	4 
[3, 6, 9, 0]  	231	3 
[3, 5, 10, 0]  	232	3 
[3, 4, 11, 0]  	233	3 
[2, 7, 9, 0]  	235	3 
[2, 6, 10, 0]  	236	3 
[3, 0, 15, 0]  	237	3 
[2, 5, 11, 0]  	237	3 
[2, 2, 14, 0]  	240	3 
[2, 1, 15, 0]  	241	3 
[2, 0, 16, 0]  	242	3 
[1, 2, 15, 0]  	245	2 
[1, 1, 16, 0]  	246	2 
[1, 0, 17, 0]  	247	3 
[0, 17, 2, 0]  	249	2 
[0, 16, 3, 0]  	250	2 
[1, 7, 11, 0]  	254	2 
[1, 6, 12, 0]  	255	2 
[0, 7, 12, 0]  	259	1 
[0, 20, 0, 0]  	260	2  <--- 2
[0, 3, 16, 0]  	263	1 
[0, 12, 8, 0]  	268	1 
[0, 14, 7, 0]  	280	2 
[0, 0, 21, 0]  	294	1  <--- 3
[5, 3, 9, 1]  	210	5 
[5, 2, 10, 1]  	211	5 
[5, 1, 11, 1]  	212	5 
[5, 0, 12, 1]  	213	5 
[4, 1, 12, 1]  	217	4 
[5, 8, 5, 1]  	219	4 
[3, 2, 12, 1]  	221	4 
[3, 0, 14, 1]  	223	4 
[4, 5, 9, 1]  	227	4 
[4, 3, 11, 1]  	229	4 
[2, 4, 10, 24]  	210	3 
[4, 7, 6, 24]  	211	4 
[4, 6, 7, 24]  	212	4 
[2, 1, 13, 24]  	213	3 
[3, 6, 8, 24]  	217	2 
[2, 7, 8, 24]  	221	2 
[3, 8, 7, 24]  	229	2 
------
For 27 = d/2-d1-d2-d3 you get 2
1*x^3
1*y^1*z^1

For 153 = 3*d/2-d1-d2-d3 you get 4
1*x^5*y^4*z^4
1*x^3*z^9
1*x^2*y^5*z^5
1*y^1*z^10

For 279 = 5*d/2-d1-d2-d3 you get 2
1*y^15*z^6
1*y^1*z^19

The invariant extra is equal to 2.
Start computing 5^3 Delta^1 (x1x2x3)^4... Done.
Start computing 5^4 Delta^2 (x1x2x3)^4... Done.
Start computing 5^5 Delta^3 (x1x2x3)^4... Done.
Start computing 5^6 Delta^4 (x1x2x3)^4... Done.
Start computing 5^7 Delta^5 (x1x2x3)^4... Done.
Start computing 5^8 Delta^6 (x1x2x3)^4... Done.
Start computing 5^9 Delta^7 (x1x2x3)^4... Done.
Start computing 5^10 Delta^8 (x1x2x3)^4... Done.
Start computing 5^11 Delta^9 (x1x2x3)^4... Done.
Start computing 5^12 Delta^10 (x1x2x3)^4... Done.
Start computing aa.
1 2 3 4 5 6 7 8 
[3165655912482934,2424077248560856,4714538673007020,4637789726192720,1730846761912590,4486654589086030,2869599747815650,11277847225227150;\
6714212587876577,4444248057954845,8753535753248360,3445210799222290,11343807435002160,10332220149390405,10571243678329475,10509185706829225;\
7244452412703509,3601695035394801,1335096517223715,5828851105708045,1177993127338235,3920287231476290,1447219864393375,10176986483106600;\
7179958869814532,10608482771140390,10635752057386010,11248770788311160,5820677390828660,3048000407452480,4776700187000575,9588639703998975;\
9102198173063982,2572315081060429,10741017644244330,2710224068094860,322011671925955,11887223937791605,11744511756894475,4600882391763950;\
2366646809064728,4523440184816279,814597285168965,8866935766514695,8793340898269400,11810855573510085,1004686267888500,1475323225461050;\
2012183238437664,3478209953108731,7327884468359365,1015642693160420,9031342519762435,10335254272031190,5214355737244425,5601210007240975;\
10532418072587081,4863888783213682,5630277081454885,9282358579805255,4966843107010370,1888578783060030,8064040340428450,4164763200331250]
This should be the matrix of frobenius!
