


Please input coefficients below.
Coefficient of   x^14                     = Coefficient of   x^11 * y^1 * z^1         = Coefficient of   x^8 * y^2 * z^2         = Coefficient of   x^5 * y^3 * z^3         = Coefficient of   x^2 * y^4 * z^4         = Coefficient of   x^1 * y^9               = Coefficient of   z^9                     = 
Here is the polynomial we're using this time:

3*x^14 + 1*x^11*y^1*z^1 + 3*x^8*y^2*z^2 + 1*x^5*y^3*z^3 + 4*x^1*y^9 + 2*z^9

The final length of G is 73
[11, 1, 0, 0]  	112	4 
[11, 0, 1, 0]  	113	4 
[13, 0, 0, 0]  	117	5  <--- 1
[1, 9, 0, 0]  	126	2 
[10, 2, 1, 0]  	130	5 
[10, 1, 2, 0]  	131	5 
[8, 3, 2, 0]  	139	4 
[8, 2, 3, 0]  	140	4 
[6, 0, 8, 0]  	166	4 
[7, 8, 0, 0]  	167	4 
[5, 4, 8, 0]  	209	5 
[5, 3, 9, 0]  	210	5 
[5, 2, 10, 0]  	211	5 
[5, 1, 11, 0]  	212	5 
[5, 0, 12, 0]  	213	5 
[6, 8, 4, 0]  	214	5 
[4, 1, 12, 0]  	217	4 
[4, 0, 13, 0]  	218	4 
[5, 8, 5, 0]  	219	4 
[3, 2, 12, 0]  	221	4 
[3, 1, 13, 0]  	222	4 
[3, 0, 14, 0]  	223	4 
[4, 8, 6, 0]  	224	4 
[4, 6, 8, 0]  	226	4 
[4, 5, 9, 0]  	227	4 
[4, 4, 10, 0]  	228	4 
[4, 3, 11, 0]  	229	4 
[3, 6, 9, 0]  	231	3 
[3, 5, 10, 0]  	232	3 
[3, 4, 11, 0]  	233	3 
[2, 7, 9, 0]  	235	3 
[2, 6, 10, 0]  	236	3 
[2, 5, 11, 0]  	237	3 
[2, 2, 14, 0]  	240	3 
[2, 1, 15, 0]  	241	3 
[2, 0, 16, 0]  	242	3 
[1, 2, 15, 0]  	245	2 
[1, 0, 17, 0]  	247	3 
[0, 16, 3, 0]  	250	2 
[1, 7, 11, 0]  	254	2 
[1, 6, 12, 0]  	255	2 
[0, 7, 12, 0]  	259	1 
[0, 3, 16, 0]  	263	1 
[0, 12, 8, 0]  	268	1 
[0, 21, 0, 0]  	273	1  <--- 2
[0, 14, 7, 0]  	280	2 
[0, 0, 21, 0]  	294	1  <--- 3
[7, 4, 3, 1]  	157	5 
[7, 3, 4, 1]  	158	5 
[1, 1, 16, 1]  	246	2 
[0, 17, 2, 1]  	249	2 
[0, 20, 0, 1]  	260	2 
[6, 4, 7, 2]  	204	5 
[5, 5, 7, 2]  	208	5 
[6, 7, 5, 2]  	215	5 
[5, 7, 6, 2]  	220	4 
[6, 5, 6, 3]  	203	4 
[4, 1, 11, 22]  	203	3 
[4, 0, 12, 23]  	204	4 
[3, 1, 12, 23]  	208	4 
[4, 3, 10, 23]  	215	4 
[3, 6, 8, 23]  	217	3 
[3, 3, 11, 23]  	220	3 
[2, 7, 8, 23]  	221	3 
[3, 8, 7, 23]  	229	3 
[5, 0, 8, 24]  	157	3 
[6, 8, 0, 24]  	158	3 
[4, 8, 5, 24]  	210	3 
[2, 3, 11, 24]  	211	3 
[2, 2, 12, 24]  	212	3 
[4, 5, 8, 24]  	213	3 
[0, 6, 12, 24]  	246	1 
[0, 3, 15, 24]  	249	1 
------
For 27 = d/2-d1-d2-d3 you get 2
1*x^3
1*y^1*z^1

For 153 = 3*d/2-d1-d2-d3 you get 4
1*x^5*y^4*z^4
1*x^3*z^9
1*x^2*y^5*z^5
1*y^1*z^10

For 279 = 5*d/2-d1-d2-d3 you get 2
1*y^15*z^6
1*y^1*z^19

The invariant extra is equal to 2.
Start computing 5^3 Delta^1 (x1x2x3)^4... Done.
Start computing 5^4 Delta^2 (x1x2x3)^4... Done.
Start computing 5^5 Delta^3 (x1x2x3)^4... Done.
Start computing 5^6 Delta^4 (x1x2x3)^4... Done.
Start computing 5^7 Delta^5 (x1x2x3)^4... Done.
Start computing 5^8 Delta^6 (x1x2x3)^4... Done.
Start computing 5^9 Delta^7 (x1x2x3)^4... Done.
Start computing 5^10 Delta^8 (x1x2x3)^4... Done.
Start computing 5^11 Delta^9 (x1x2x3)^4... Done.
Start computing 5^12 Delta^10 (x1x2x3)^4... Done.
Start computing aa.
1 2 3 4 5 6 7 8 
[6989401065106168,3371550618466577,9984317567161265,8913852936225810,10106188464072940,4749160254893055,1105649207539250,345177432762425;\
5368579221893633,2139167292224438,10007302240968115,11166071447184555,7254041505903350,7997850471167905,5528743715939550,1115212671414625;\
6303106045684935,2851997633922657,2581317257398870,10170668076623005,11147182132769045,858302985023480,3788348979161975,9483870292794425;\
3913967674879274,1591412025395199,2953838259624465,178456441936640,4817278462980565,356305525397550,6212162957981725,2460516241567250;\
10628030423304119,7515028771223873,9101736017658185,3893930223407185,4498499295936565,7998877631226695,8249007206905725,11085273585948450;\
8490294946789702,4206288498799360,415470499684400,885267524569120,11267785669520880,4750664773811120,351143305603275,3256772599182875;\
9440503463799734,10499503077700639,9949577123964840,3150440913105690,874852360471515,5524327167475150,1931128575528225,8010424830312775;\
4442901974459258,1900923958872430,4267600678189975,6156412595856235,4546306813930250,2720503406478305,1203742111577375,11003440284386100]
This should be the matrix of frobenius!
