


Please input coefficients below.
Coefficient of   x^14                     = Coefficient of   x^11 * y^1 * z^1         = Coefficient of   x^8 * y^2 * z^2         = Coefficient of   x^5 * y^3 * z^3         = Coefficient of   x^2 * y^4 * z^4         = Coefficient of   x^1 * y^9               = Coefficient of   z^9                     = 
Here is the polynomial we're using this time:

3*x^14 + 1*x^11*y^1*z^1 + 4*x^8*y^2*z^2 + 4*x^5*y^3*z^3 + 1*x^2*y^4*z^4 + 2*x^1*y^9 + 2*z^9

The final length of G is 64
[11, 1, 0, 0]  	112	5 
[11, 0, 1, 0]  	113	5 
[13, 0, 0, 0]  	117	6  <--- 1
[1, 9, 0, 0]  	126	2 
[8, 3, 2, 0]  	139	5 
[8, 2, 3, 0]  	140	5 
[7, 4, 3, 0]  	157	6 
[7, 3, 4, 0]  	158	6 
[6, 0, 8, 0]  	166	5 
[7, 8, 0, 0]  	167	5 
[6, 5, 6, 0]  	203	5 
[6, 4, 7, 0]  	204	5 
[5, 5, 7, 0]  	208	5 
[5, 4, 8, 0]  	209	5 
[5, 3, 9, 0]  	210	5 
[5, 2, 10, 0]  	211	5 
[5, 1, 11, 0]  	212	5 
[5, 0, 12, 0]  	213	5 
[6, 8, 4, 0]  	214	5 
[6, 7, 5, 0]  	215	5 
[4, 0, 13, 0]  	218	4 
[5, 8, 5, 0]  	219	4 
[5, 7, 6, 0]  	220	4 
[3, 1, 13, 0]  	222	4 
[3, 0, 14, 0]  	223	4 
[4, 8, 6, 0]  	224	4 
[4, 6, 8, 0]  	226	4 
[4, 5, 9, 0]  	227	4 
[4, 4, 10, 0]  	228	4 
[3, 6, 9, 0]  	231	3 
[3, 4, 11, 0]  	233	3 
[2, 7, 9, 0]  	235	3 
[2, 6, 10, 0]  	236	3 
[2, 5, 11, 0]  	237	3 
[2, 2, 14, 0]  	240	3 
[2, 1, 15, 0]  	241	3 
[2, 0, 16, 0]  	242	3 
[1, 2, 15, 0]  	245	2 
[1, 1, 16, 0]  	246	2 
[1, 0, 17, 0]  	247	3 
[0, 17, 2, 0]  	249	2 
[0, 16, 3, 0]  	250	2 
[1, 7, 11, 0]  	254	2 
[1, 6, 12, 0]  	255	2 
[0, 7, 12, 0]  	259	1 
[0, 20, 0, 0]  	260	2  <--- 2
[0, 3, 16, 0]  	263	1 
[0, 12, 8, 0]  	268	1 
[0, 14, 7, 0]  	280	2 
[0, 0, 21, 0]  	294	1  <--- 3
[4, 1, 12, 1]  	217	4 
[3, 2, 12, 1]  	221	4 
[4, 3, 11, 1]  	229	4 
[10, 2, 1, 2]  	130	6 
[10, 1, 2, 2]  	131	6 
[3, 5, 10, 2]  	232	3 
[7, 3, 2, 23]  	130	5 
[7, 2, 3, 23]  	131	5 
[5, 4, 7, 23]  	195	5 
[6, 7, 4, 23]  	201	5 
[1, 1, 15, 23]  	232	2 
[3, 6, 8, 24]  	217	3 
[2, 7, 8, 24]  	221	3 
[3, 8, 7, 24]  	229	3 
------
For 27 = d/2-d1-d2-d3 you get 2
1*x^3
1*y^1*z^1

For 153 = 3*d/2-d1-d2-d3 you get 4
1*x^5*y^4*z^4
1*x^3*z^9
1*x^2*y^5*z^5
1*y^1*z^10

For 279 = 5*d/2-d1-d2-d3 you get 2
1*y^15*z^6
1*y^1*z^19

The invariant extra is equal to 2.
Start computing 5^3 Delta^1 (x1x2x3)^4... Done.
Start computing 5^4 Delta^2 (x1x2x3)^4... Done.
Start computing 5^5 Delta^3 (x1x2x3)^4... Done.
Start computing 5^6 Delta^4 (x1x2x3)^4... Done.
Start computing 5^7 Delta^5 (x1x2x3)^4... Done.
Start computing 5^8 Delta^6 (x1x2x3)^4... Done.
Start computing 5^9 Delta^7 (x1x2x3)^4... Done.
Start computing 5^10 Delta^8 (x1x2x3)^4... Done.
Start computing 5^11 Delta^9 (x1x2x3)^4... Done.
Start computing 5^12 Delta^10 (x1x2x3)^4... Done.
Start computing aa.
1 2 3 4 5 6 7 8 
[1288202527156548,237965582440342,5706620312888995,8356044124890770,4191110371795520,2479665619310880,2312609441948725,5997905418217875;\
2016491893526395,2937221219464298,5213323108075060,4887594357791095,6913273621913280,120700063244420,5760334454559775,4612144819026950;\
5101017576915707,2958841715968902,1389588395169850,5516193927124480,4259445418636820,9184818542914310,417955870449300,10087117720603400;\
309157842063567,5699132096545346,556565978689585,7357189238552010,6263625963874015,5107091041361385,5603159185316050,11537153031981750;\
3665519716006454,3949432392781144,11352604036221115,4995999603421700,7940811197093325,1480415390571510,4530840273584250,1271692935977850;\
4523660695272468,10425425938947985,2303839281245675,10467831499072665,8625667897269040,9128908303036265,8044712010851475,3569168405822200;\
6235670254403605,6178749591145954,7349608848571205,9438364018866750,4370297468410025,10399708570645270,6746527104541050,2022247011119800;\
2041522607261702,4178801452674077,9244966887414125,737013686183755,6785002093317745,5915046950257560,9057003228144625,11794625614596025]
This should be the matrix of frobenius!
