


Please input coefficients below.
Coefficient of   x^14                     = Coefficient of   x^11 * y^1 * z^1         = Coefficient of   x^8 * y^2 * z^2         = Coefficient of   x^5 * y^3 * z^3         = Coefficient of   x^2 * y^4 * z^4         = Coefficient of   x^1 * y^9               = Coefficient of   z^9                     = 
Here is the polynomial we're using this time:

3*x^14 + 1*x^11*y^1*z^1 + 4*x^8*y^2*z^2 + 1*x^5*y^3*z^3 + 2*x^2*y^4*z^4 + 3*x^1*y^9 + 1*z^9

The final length of G is 68
[11, 1, 0, 0]  	112	5 
[11, 0, 1, 0]  	113	5 
[13, 0, 0, 0]  	117	6  <--- 1
[1, 9, 0, 0]  	126	2 
[8, 3, 2, 0]  	139	5 
[8, 2, 3, 0]  	140	5 
[7, 4, 3, 0]  	157	6 
[7, 3, 4, 0]  	158	6 
[6, 0, 8, 0]  	166	5 
[7, 8, 0, 0]  	167	5 
[6, 5, 6, 0]  	203	5 
[6, 4, 7, 0]  	204	5 
[5, 5, 7, 0]  	208	5 
[5, 4, 8, 0]  	209	5 
[5, 3, 9, 0]  	210	5 
[5, 2, 10, 0]  	211	5 
[5, 1, 11, 0]  	212	5 
[5, 0, 12, 0]  	213	5 
[6, 8, 4, 0]  	214	5 
[6, 7, 5, 0]  	215	5 
[4, 1, 12, 0]  	217	4 
[4, 0, 13, 0]  	218	4 
[5, 8, 5, 0]  	219	4 
[5, 7, 6, 0]  	220	4 
[3, 2, 12, 0]  	221	4 
[3, 0, 14, 0]  	223	4 
[4, 5, 9, 0]  	227	4 
[4, 3, 11, 0]  	229	4 
[3, 6, 9, 0]  	231	3 
[3, 5, 10, 0]  	232	3 
[3, 4, 11, 0]  	233	3 
[2, 7, 9, 0]  	235	3 
[2, 6, 10, 0]  	236	3 
[2, 5, 11, 0]  	237	3 
[2, 2, 14, 0]  	240	3 
[2, 1, 15, 0]  	241	3 
[2, 0, 16, 0]  	242	3 
[1, 1, 16, 0]  	246	2 
[1, 0, 17, 0]  	247	3 
[0, 17, 2, 0]  	249	2 
[1, 7, 11, 0]  	254	2 
[0, 7, 12, 0]  	259	1 
[0, 20, 0, 0]  	260	2  <--- 2
[0, 3, 16, 0]  	263	1 
[0, 12, 8, 0]  	268	1 
[0, 0, 21, 0]  	294	1  <--- 3
[3, 1, 13, 1]  	222	4 
[4, 4, 10, 1]  	228	4 
[1, 2, 15, 1]  	245	2 
[0, 16, 3, 1]  	250	2 
[1, 6, 12, 1]  	255	2 
[0, 14, 7, 1]  	280	2 
[10, 2, 1, 2]  	130	6 
[10, 1, 2, 2]  	131	6 
[4, 8, 6, 2]  	224	4 
[4, 6, 8, 2]  	226	4 
[7, 3, 2, 23]  	130	5 
[7, 2, 3, 23]  	131	5 
[5, 4, 7, 23]  	195	5 
[6, 7, 4, 23]  	201	5 
[2, 4, 11, 23]  	224	3 
[2, 2, 13, 23]  	226	3 
[2, 6, 9, 24]  	222	3 
[2, 0, 15, 24]  	228	3 
[0, 7, 11, 24]  	245	1 
[0, 2, 16, 24]  	250	1 
[0, 11, 8, 24]  	255	1 
[0, 0, 20, 24]  	280	1 
------
For 27 = d/2-d1-d2-d3 you get 2
1*x^3
1*y^1*z^1

For 153 = 3*d/2-d1-d2-d3 you get 4
1*x^5*y^4*z^4
1*x^3*z^9
1*x^2*y^5*z^5
1*y^1*z^10

For 279 = 5*d/2-d1-d2-d3 you get 2
1*y^15*z^6
1*y^1*z^19

The invariant extra is equal to 2.
Start computing 5^3 Delta^1 (x1x2x3)^4... Done.
Start computing 5^4 Delta^2 (x1x2x3)^4... Done.
Start computing 5^5 Delta^3 (x1x2x3)^4... Done.
Start computing 5^6 Delta^4 (x1x2x3)^4... Done.
Start computing 5^7 Delta^5 (x1x2x3)^4... Done.
Start computing 5^8 Delta^6 (x1x2x3)^4... Done.
Start computing 5^9 Delta^7 (x1x2x3)^4... Done.
Start computing 5^10 Delta^8 (x1x2x3)^4... Done.
Start computing 5^11 Delta^9 (x1x2x3)^4... Done.
Start computing 5^12 Delta^10 (x1x2x3)^4... Done.
Start computing aa.
1 2 3 4 5 6 7 8 
[2591346737804175,8439447649988676,793749996577220,2892316066729305,6835709778298960,1051885729183110,4139505811209025,9689690059052350;\
3793610756649809,7296036776528534,7611476453045290,2385382453310990,4576106287198935,5837322510808805,6806230466621100,902220673546075;\
10925662494514764,7902925821862530,1400486666359185,1950038851434700,11328074215444740,8428289164318095,3588067798928575,966671605343000;\
8299657835308913,1690411471583659,828433657196480,751956874499860,2321300454540500,6437514057816600,11485211401786750,484592918902975;\
786749626571040,594211480915877,3644744485104770,4442199384253825,4238402561491145,9032274320305730,5772783493156800,3500600031514450;\
4736824569826409,3921815847207147,6210409320061155,9188516869728780,32158297840270,4707138876152755,8957404153708225,105710858107075;\
641074341676003,5504606985042939,10966451860117875,5744556347435445,6106389140694730,6233470955187025,5258208734376850,10840105523322325;\
11494327440990727,3421882990023315,1293470535330630,6350127505333400,7953397643752920,5729669482308510,9990547266590450,7117045192709375]
This should be the matrix of frobenius!
