


Please input coefficients below.
Coefficient of   x^14                     = Coefficient of   x^11 * y^1 * z^1         = Coefficient of   x^8 * y^2 * z^2         = Coefficient of   x^5 * y^3 * z^3         = Coefficient of   x^2 * y^4 * z^4         = Coefficient of   x^1 * y^9               = Coefficient of   z^9                     = 
Here is the polynomial we're using this time:

3*x^14 + 1*x^11*y^1*z^1 + 4*x^8*y^2*z^2 + 2*x^2*y^4*z^4 + 1*x^1*y^9 + 1*z^9

The final length of G is 66
[11, 1, 0, 0]  	112	4 
[11, 0, 1, 0]  	113	4 
[13, 0, 0, 0]  	117	5  <--- 1
[1, 9, 0, 0]  	126	2 
[8, 3, 2, 0]  	139	5 
[8, 2, 3, 0]  	140	5 
[7, 4, 3, 0]  	157	6 
[7, 3, 4, 0]  	158	6 
[6, 0, 8, 0]  	166	5 
[7, 8, 0, 0]  	167	5 
[6, 5, 6, 0]  	203	5 
[6, 4, 7, 0]  	204	5 
[5, 5, 7, 0]  	208	5 
[5, 4, 8, 0]  	209	5 
[5, 3, 9, 0]  	210	5 
[5, 2, 10, 0]  	211	5 
[5, 1, 11, 0]  	212	5 
[5, 0, 12, 0]  	213	5 
[6, 8, 4, 0]  	214	5 
[6, 7, 5, 0]  	215	5 
[4, 0, 13, 0]  	218	4 
[5, 8, 5, 0]  	219	4 
[3, 1, 13, 0]  	222	4 
[3, 0, 14, 0]  	223	4 
[4, 8, 6, 0]  	224	4 
[4, 6, 8, 0]  	226	4 
[4, 5, 9, 0]  	227	4 
[4, 4, 10, 0]  	228	4 
[3, 6, 9, 0]  	231	3 
[3, 5, 10, 0]  	232	3 
[2, 7, 9, 0]  	235	3 
[2, 6, 10, 0]  	236	3 
[2, 5, 11, 0]  	237	3 
[2, 2, 14, 0]  	240	3 
[2, 1, 15, 0]  	241	3 
[2, 0, 16, 0]  	242	3 
[1, 2, 15, 0]  	245	2 
[1, 1, 16, 0]  	246	2 
[3, 4, 12, 0]  	247	3 
[1, 0, 17, 0]  	247	3 
[0, 17, 2, 0]  	249	2 
[0, 16, 3, 0]  	250	2 
[1, 6, 12, 0]  	255	2 
[0, 7, 12, 0]  	259	1 
[0, 20, 0, 0]  	260	2  <--- 2
[0, 3, 16, 0]  	263	1 
[0, 12, 8, 0]  	268	1 
[0, 14, 7, 0]  	280	2 
[0, 0, 21, 0]  	294	1  <--- 3
[4, 1, 12, 1]  	217	4 
[5, 7, 6, 1]  	220	4 
[3, 2, 12, 1]  	221	4 
[4, 3, 11, 1]  	229	4 
[3, 4, 11, 1]  	233	3 
[1, 7, 11, 1]  	254	2 
[10, 2, 1, 2]  	130	6 
[10, 1, 2, 2]  	131	6 
[7, 3, 2, 23]  	130	5 
[7, 2, 3, 23]  	131	5 
[5, 4, 7, 23]  	195	5 
[6, 7, 4, 23]  	201	5 
[3, 6, 8, 24]  	217	1 
[2, 8, 7, 24]  	220	1 
[2, 7, 8, 24]  	221	1 
[1, 0, 16, 24]  	233	1 
[0, 12, 7, 24]  	254	1 
------
For 27 = d/2-d1-d2-d3 you get 2
1*x^3
1*y^1*z^1

For 153 = 3*d/2-d1-d2-d3 you get 4
1*x^5*y^4*z^4
1*x^3*z^9
1*x^2*y^5*z^5
1*y^1*z^10

For 279 = 5*d/2-d1-d2-d3 you get 2
1*y^15*z^6
1*y^1*z^19

The invariant extra is equal to 2.
Start computing 5^3 Delta^1 (x1x2x3)^4... Done.
Start computing 5^4 Delta^2 (x1x2x3)^4... Done.
Start computing 5^5 Delta^3 (x1x2x3)^4... Done.
Start computing 5^6 Delta^4 (x1x2x3)^4... Done.
Start computing 5^7 Delta^5 (x1x2x3)^4... Done.
Start computing 5^8 Delta^6 (x1x2x3)^4... Done.
Start computing 5^9 Delta^7 (x1x2x3)^4... Done.
Start computing 5^10 Delta^8 (x1x2x3)^4... Done.
Start computing 5^11 Delta^9 (x1x2x3)^4... Done.
Start computing 5^12 Delta^10 (x1x2x3)^4... Done.
Start computing aa.
1 2 3 4 5 6 7 8 
[8748210208704833,9828329252893759,7794628436016320,368450045304800,6275687112105705,10129384927848010,1720989141196100,7697084332195600;\
6043935226911659,3729690264547504,11708084739049265,248573508621610,10128302510280660,7922574855734055,1793848745866525,1653079569968000;\
10508253389058859,2370275132948504,3779509889904295,5013853014037175,3424276249279405,717403346489495,6799911038645550,3502429524065625;\
7826819753379901,2134170924905467,2075188868915890,10573997267357380,9897682431835515,8469181361060915,9406554878416275,302639511827100;\
10213832615525687,95198141840741,6279359405500625,5425863549076775,11252283037170920,5469987644846240,6496431556389100,9083152018493375;\
7744516859523931,6601801184918925,982521337650110,7502827901279350,11734160849792335,5679366227126865,9398386323567625,5906026292670100;\
6299168491071117,2900626701409589,9059436537295705,2697663789077015,1423986876618705,11245898273474220,54835913298550,9190521488501475;\
4489440924233684,5052975764678337,10637782794645200,7258216790679310,10910480199085790,11641959630943910,9171601963165700,1922749049311525]
This should be the matrix of frobenius!
