


Please input coefficients below.
Coefficient of   x^14                     = Coefficient of   x^11 * y^1 * z^1         = Coefficient of   x^8 * y^2 * z^2         = Coefficient of   x^5 * y^3 * z^3         = Coefficient of   x^2 * y^4 * z^4         = Coefficient of   x^1 * y^9               = Coefficient of   z^9                     = 
Here is the polynomial we're using this time:

3*x^14 + 1*x^11*y^1*z^1 + 2*x^8*y^2*z^2 + 2*x^5*y^3*z^3 + 3*x^2*y^4*z^4 + 4*x^1*y^9 + 4*z^9

The final length of G is 64
[11, 1, 0, 0]  	112	5 
[11, 0, 1, 0]  	113	5 
[13, 0, 0, 0]  	117	6  <--- 1
[1, 9, 0, 0]  	126	2 
[10, 2, 1, 0]  	130	6 
[10, 1, 2, 0]  	131	6 
[8, 3, 2, 0]  	139	5 
[8, 2, 3, 0]  	140	5 
[7, 4, 3, 0]  	157	6 
[7, 3, 4, 0]  	158	6 
[6, 0, 8, 0]  	166	5 
[7, 8, 0, 0]  	167	5 
[6, 4, 7, 0]  	204	5 
[5, 5, 7, 0]  	208	5 
[5, 4, 8, 0]  	209	5 
[5, 3, 9, 0]  	210	5 
[5, 0, 12, 0]  	213	5 
[6, 8, 4, 0]  	214	5 
[6, 7, 5, 0]  	215	5 
[4, 0, 13, 0]  	218	4 
[5, 8, 5, 0]  	219	4 
[5, 7, 6, 0]  	220	4 
[3, 1, 13, 0]  	222	4 
[3, 0, 14, 0]  	223	4 
[4, 8, 6, 0]  	224	4 
[4, 6, 8, 0]  	226	4 
[4, 5, 9, 0]  	227	4 
[4, 4, 10, 0]  	228	4 
[3, 6, 9, 0]  	231	3 
[3, 5, 10, 0]  	232	3 
[3, 4, 11, 0]  	233	3 
[2, 7, 9, 0]  	235	3 
[2, 6, 10, 0]  	236	3 
[2, 5, 11, 0]  	237	3 
[2, 2, 14, 0]  	240	3 
[2, 1, 15, 0]  	241	3 
[2, 0, 16, 0]  	242	3 
[1, 1, 16, 0]  	246	2 
[1, 0, 17, 0]  	247	3 
[0, 17, 2, 0]  	249	2 
[1, 7, 11, 0]  	254	2 
[0, 7, 12, 0]  	259	1 
[0, 20, 0, 0]  	260	2  <--- 2
[0, 3, 16, 0]  	263	1 
[0, 12, 8, 0]  	268	1 
[0, 0, 21, 0]  	294	1  <--- 3
[6, 5, 6, 1]  	203	5 
[4, 1, 12, 1]  	217	4 
[3, 2, 12, 1]  	221	4 
[4, 3, 11, 1]  	229	4 
[5, 2, 10, 2]  	211	5 
[5, 1, 11, 2]  	212	5 
[1, 2, 15, 2]  	245	2 
[0, 16, 3, 2]  	250	2 
[1, 6, 12, 2]  	255	2 
[0, 14, 7, 2]  	280	2 
[4, 7, 6, 23]  	211	4 
[4, 6, 7, 23]  	212	4 
[0, 7, 11, 23]  	245	1 
[0, 2, 16, 23]  	250	1 
[0, 11, 8, 23]  	255	1 
[0, 0, 20, 23]  	280	1 
[3, 6, 7, 24]  	203	3 
[2, 7, 8, 24]  	221	3 
------
For 27 = d/2-d1-d2-d3 you get 2
1*x^3
1*y^1*z^1

For 153 = 3*d/2-d1-d2-d3 you get 4
1*x^5*y^4*z^4
1*x^3*z^9
1*x^2*y^5*z^5
1*y^1*z^10

For 279 = 5*d/2-d1-d2-d3 you get 2
1*y^15*z^6
1*y^1*z^19

The invariant extra is equal to 2.
Start computing 5^3 Delta^1 (x1x2x3)^4... Done.
Start computing 5^4 Delta^2 (x1x2x3)^4... Done.
Start computing 5^5 Delta^3 (x1x2x3)^4... Done.
Start computing 5^6 Delta^4 (x1x2x3)^4... Done.
Start computing 5^7 Delta^5 (x1x2x3)^4... Done.
Start computing 5^8 Delta^6 (x1x2x3)^4... Done.
Start computing 5^9 Delta^7 (x1x2x3)^4... Done.
Start computing 5^10 Delta^8 (x1x2x3)^4... Done.
Start computing 5^11 Delta^9 (x1x2x3)^4... Done.
Start computing 5^12 Delta^10 (x1x2x3)^4... Done.
Start computing aa.
1 2 3 4 5 6 7 8 
[7454420993055960,6811750540551527,1192666958144200,1371325043236495,4871640853594925,5750314701124790,3411936263927325,6511721328183725;\
7496314523501349,11870096751934740,870192123655330,3367563645734490,100930171299320,4734341798921580,11901440096420500,5370334673985000;\
2010529818462219,7884016860120106,7751249057801575,6572698989077275,10919293669806525,10327335733596355,1349925018047800,8998659341078750;\
8099379388213013,1924551794338086,648211824728385,8768901852558005,1145879723228675,11571966884480780,11453174367197600,10923504404093825;\
10800698915861069,6025046962178394,9588564817466840,9467164628210570,3999820242214810,8070589583193060,3416291344154975,3650107656437875;\
8956357828300396,5106256312295872,11659833960849255,507786364301830,10020762574014635,8219730043403390,10428672894187525,11748454016540750;\
6209113530180058,2628704057911642,4785144650021605,2593863580662665,1930266888003440,2525545995055220,10419586760298100,11512994503456325;\
1972778296158365,5790698725804825,11115873093328670,10787860051521035,11636581556174535,8843871936983065,6532943233062650,878851281155300]
This should be the matrix of frobenius!
