


Please input coefficients below.
Coefficient of   x^14                     = Coefficient of   x^11 * y^1 * z^1         = Coefficient of   x^8 * y^2 * z^2         = Coefficient of   x^5 * y^3 * z^3         = Coefficient of   x^2 * y^4 * z^4         = Coefficient of   x^1 * y^9               = Coefficient of   z^9                     = 
Here is the polynomial we're using this time:

3*x^14 + 1*x^11*y^1*z^1 + 4*x^8*y^2*z^2 + 4*x^5*y^3*z^3 + 2*x^1*y^9 + 2*z^9

The final length of G is 65
[11, 1, 0, 0]  	112	4 
[11, 0, 1, 0]  	113	4 
[13, 0, 0, 0]  	117	5  <--- 1
[1, 9, 0, 0]  	126	2 
[8, 3, 2, 0]  	139	4 
[8, 2, 3, 0]  	140	4 
[7, 4, 3, 0]  	157	5 
[7, 3, 4, 0]  	158	5 
[6, 0, 8, 0]  	166	4 
[7, 8, 0, 0]  	167	4 
[6, 5, 6, 0]  	203	4 
[6, 4, 7, 0]  	204	5 
[5, 5, 7, 0]  	208	5 
[5, 4, 8, 0]  	209	5 
[5, 3, 9, 0]  	210	5 
[5, 0, 12, 0]  	213	5 
[6, 8, 4, 0]  	214	5 
[6, 7, 5, 0]  	215	5 
[4, 1, 12, 0]  	217	4 
[5, 8, 5, 0]  	219	4 
[3, 2, 12, 0]  	221	4 
[3, 1, 13, 0]  	222	4 
[3, 0, 14, 0]  	223	4 
[4, 5, 9, 0]  	227	4 
[4, 4, 10, 0]  	228	4 
[4, 3, 11, 0]  	229	4 
[3, 6, 9, 0]  	231	3 
[3, 5, 10, 0]  	232	3 
[3, 4, 11, 0]  	233	3 
[2, 7, 9, 0]  	235	3 
[2, 5, 11, 0]  	237	3 
[2, 2, 14, 0]  	240	3 
[2, 0, 16, 0]  	242	3 
[1, 2, 15, 0]  	245	2 
[1, 1, 16, 0]  	246	2 
[1, 0, 17, 0]  	247	3 
[0, 17, 2, 0]  	249	2 
[0, 16, 3, 0]  	250	2 
[1, 7, 11, 0]  	254	2 
[1, 6, 12, 0]  	255	2 
[0, 7, 12, 0]  	259	1 
[0, 20, 0, 0]  	260	2  <--- 2
[0, 3, 16, 0]  	263	1 
[0, 12, 8, 0]  	268	1 
[0, 14, 7, 0]  	280	2 
[0, 0, 21, 0]  	294	1  <--- 3
[5, 2, 10, 1]  	211	5 
[5, 1, 11, 1]  	212	5 
[4, 0, 13, 1]  	218	4 
[5, 7, 6, 1]  	220	4 
[4, 8, 6, 1]  	224	4 
[4, 6, 8, 1]  	226	4 
[2, 6, 10, 1]  	236	3 
[2, 1, 15, 1]  	241	3 
[10, 2, 1, 2]  	130	5 
[10, 1, 2, 2]  	131	5 
[7, 3, 2, 23]  	130	4 
[7, 2, 3, 23]  	131	4 
[5, 4, 7, 23]  	195	5 
[6, 7, 4, 23]  	201	5 
[2, 3, 11, 24]  	211	3 
[2, 2, 12, 24]  	212	3 
[3, 5, 9, 24]  	218	3 
[0, 16, 2, 24]  	236	2 
[1, 6, 11, 24]  	241	2 
------
For 27 = d/2-d1-d2-d3 you get 2
1*x^3
1*y^1*z^1

For 153 = 3*d/2-d1-d2-d3 you get 4
1*x^5*y^4*z^4
1*x^3*z^9
1*x^2*y^5*z^5
1*y^1*z^10

For 279 = 5*d/2-d1-d2-d3 you get 2
1*y^15*z^6
1*y^1*z^19

The invariant extra is equal to 2.
Start computing 5^3 Delta^1 (x1x2x3)^4... Done.
Start computing 5^4 Delta^2 (x1x2x3)^4... Done.
Start computing 5^5 Delta^3 (x1x2x3)^4... Done.
Start computing 5^6 Delta^4 (x1x2x3)^4... Done.
Start computing 5^7 Delta^5 (x1x2x3)^4... Done.
Start computing 5^8 Delta^6 (x1x2x3)^4... Done.
Start computing 5^9 Delta^7 (x1x2x3)^4... Done.
Start computing 5^10 Delta^8 (x1x2x3)^4... Done.
Start computing 5^11 Delta^9 (x1x2x3)^4... Done.
Start computing 5^12 Delta^10 (x1x2x3)^4... Done.
Start computing aa.
1 2 3 4 5 6 7 8 
[7172185320669557,261190093849621,4559367013841285,6917657976500570,9307433335085150,422158549896695,9794703674779650,6271215081304575;\
4330074398191280,4894040137394507,4773561335471000,9540554078395630,4845370826608765,11435363946959755,3502476658214225,5078299998757650;\
3637135160823523,3391839121193818,2760681736138365,2922454656823015,1295412353950015,11193615168396270,703713830716000,9256823442963875;\
1983538781711723,1133082002869876,212051264090170,2997349269001445,1024784743286760,5808422803806005,1847640810045900,9782826595678525;\
2984317768915598,7274144698750618,957080211697780,5441259795648535,6189248721530755,1213714818357720,341243698785700,7831221848402175;\
6725216076049287,6908427112093129,6543733607899555,9477481633278200,2471660591497940,11659778650061115,4293510378551550,1552208390313650;\
4445208501143333,5645186532164366,9409648769076945,6090557373804995,10967317480641085,787855770679005,4801903624389900,7678674664712075;\
10263699262192252,11391969630345751,11836744708729575,3276800494447825,96849066345,2156869622543210,5457608267875900,7043993148236225]
This should be the matrix of frobenius!
