


Please input coefficients below.
Coefficient of   x^14                     = Coefficient of   x^11 * y^1 * z^1         = Coefficient of   x^8 * y^2 * z^2         = Coefficient of   x^5 * y^3 * z^3         = Coefficient of   x^2 * y^4 * z^4         = Coefficient of   x^1 * y^9               = Coefficient of   z^9                     = 
Here is the polynomial we're using this time:

3*x^14 + 2*x^11*y^1*z^1 + 4*x^8*y^2*z^2 + 2*x^2*y^4*z^4 + 4*x^1*y^9 + 3*z^9

The final length of G is 64
[11, 1, 0, 0]  	112	4 
[11, 0, 1, 0]  	113	4 
[13, 0, 0, 0]  	117	5  <--- 1
[1, 9, 0, 0]  	126	2 
[10, 2, 1, 0]  	130	6 
[10, 1, 2, 0]  	131	6 
[8, 3, 2, 0]  	139	5 
[8, 2, 3, 0]  	140	5 
[7, 4, 3, 0]  	157	6 
[7, 3, 4, 0]  	158	6 
[6, 0, 8, 0]  	166	5 
[7, 8, 0, 0]  	167	5 
[6, 5, 6, 0]  	203	5 
[6, 4, 7, 0]  	204	5 
[5, 5, 7, 0]  	208	5 
[5, 4, 8, 0]  	209	5 
[5, 2, 10, 0]  	211	5 
[5, 1, 11, 0]  	212	5 
[6, 8, 4, 0]  	214	5 
[6, 7, 5, 0]  	215	5 
[4, 1, 12, 0]  	217	4 
[4, 0, 13, 0]  	218	4 
[5, 7, 6, 0]  	220	4 
[3, 2, 12, 0]  	221	4 
[3, 1, 13, 0]  	222	4 
[4, 4, 10, 0]  	228	4 
[4, 3, 11, 0]  	229	4 
[3, 6, 9, 0]  	231	3 
[3, 5, 10, 0]  	232	3 
[3, 4, 11, 0]  	233	3 
[2, 7, 9, 0]  	235	3 
[2, 6, 10, 0]  	236	3 
[3, 0, 15, 0]  	237	3 
[2, 5, 11, 0]  	237	3 
[2, 2, 14, 0]  	240	3 
[2, 1, 15, 0]  	241	3 
[2, 0, 16, 0]  	242	3 
[1, 2, 15, 0]  	245	2 
[1, 0, 17, 0]  	247	3 
[0, 16, 3, 0]  	250	2 
[1, 7, 11, 0]  	254	2 
[1, 6, 12, 0]  	255	2 
[0, 7, 12, 0]  	259	1 
[0, 3, 16, 0]  	263	1 
[0, 12, 8, 0]  	268	1 
[0, 21, 0, 0]  	273	1  <--- 2
[0, 14, 7, 0]  	280	2 
[0, 0, 21, 0]  	294	1  <--- 3
[5, 3, 9, 1]  	210	5 
[5, 0, 12, 1]  	213	5 
[5, 8, 5, 1]  	219	4 
[3, 0, 14, 1]  	223	4 
[4, 5, 9, 1]  	227	4 
[1, 1, 16, 1]  	246	2 
[0, 17, 2, 1]  	249	2 
[0, 20, 0, 1]  	260	2 
[4, 8, 6, 2]  	224	4 
[4, 6, 8, 2]  	226	4 
[2, 4, 11, 23]  	224	3 
[2, 2, 13, 23]  	226	3 
[2, 4, 10, 24]  	210	3 
[2, 1, 13, 24]  	213	3 
[0, 6, 12, 24]  	246	1 
[0, 3, 15, 24]  	249	1 
------
For 27 = d/2-d1-d2-d3 you get 2
1*x^3
1*y^1*z^1

For 153 = 3*d/2-d1-d2-d3 you get 4
1*x^5*y^4*z^4
1*x^3*z^9
1*x^2*y^5*z^5
1*y^1*z^10

For 279 = 5*d/2-d1-d2-d3 you get 2
1*y^15*z^6
1*y^1*z^19

The invariant extra is equal to 2.
Start computing 5^3 Delta^1 (x1x2x3)^4... Done.
Start computing 5^4 Delta^2 (x1x2x3)^4... Done.
Start computing 5^5 Delta^3 (x1x2x3)^4... Done.
Start computing 5^6 Delta^4 (x1x2x3)^4... Done.
Start computing 5^7 Delta^5 (x1x2x3)^4... Done.
Start computing 5^8 Delta^6 (x1x2x3)^4... Done.
Start computing 5^9 Delta^7 (x1x2x3)^4... Done.
Start computing 5^10 Delta^8 (x1x2x3)^4... Done.
Start computing 5^11 Delta^9 (x1x2x3)^4... Done.
Start computing 5^12 Delta^10 (x1x2x3)^4... Done.
Start computing aa.
1 2 3 4 5 6 7 8 
[1644216026821737,6634932189755373,8919138666604505,10335875167870785,5310047664766600,9993572437994205,10961853482593550,929871546818850;\
3075888359212069,2311587142504205,3330183318404770,3587347504024620,8191899387848030,10522630269818830,5301007449607950,928966264176825;\
5525330825345900,4631785700170602,5803636000756495,3146850658983180,1783684951634275,3482297944122475,6914199786101850,8091921406744850;\
11315441115349006,735615519044239,10664048357568150,2203509946748765,7581146748931685,2457507421019710,6384188797560075,2565137425297325;\
2747196362566794,412911181691530,742455309727620,4116892872229075,11190355000767770,11087777858792910,106726596036350,9630514406006725;\
10456278263260699,4893406881823433,5868131471393215,9075863173687810,3529945087017520,8712261936412555,2776694457021500,8478844025226075;\
6286870272353274,10429879329381794,9514707746534425,2590980133653350,9506823350726760,831647528909870,2185431572053925,3770771301742175;\
10222510341900563,10015284103833962,9002760936114440,2847835969747785,5307986287443520,5888768236114990,5046706810285200,1770254795809550]
This should be the matrix of frobenius!
