


Please input coefficients below.
Coefficient of   x^14                     = Coefficient of   x^11 * y^1 * z^1         = Coefficient of   x^8 * y^2 * z^2         = Coefficient of   x^5 * y^3 * z^3         = Coefficient of   x^2 * y^4 * z^4         = Coefficient of   x^1 * y^9               = Coefficient of   z^9                     = 
Here is the polynomial we're using this time:

3*x^14 + 2*x^11*y^1*z^1 + 3*x^8*y^2*z^2 + 1*x^5*y^3*z^3 + 2*x^1*y^9 + 3*z^9

The final length of G is 66
[11, 1, 0, 0]  	112	4 
[11, 0, 1, 0]  	113	4 
[13, 0, 0, 0]  	117	5  <--- 1
[1, 9, 0, 0]  	126	2 
[10, 2, 1, 0]  	130	5 
[10, 1, 2, 0]  	131	5 
[8, 3, 2, 0]  	139	4 
[8, 2, 3, 0]  	140	4 
[7, 4, 3, 0]  	157	5 
[7, 3, 4, 0]  	158	5 
[6, 0, 8, 0]  	166	4 
[7, 8, 0, 0]  	167	4 
[6, 5, 6, 0]  	203	4 
[6, 4, 7, 0]  	204	5 
[5, 5, 7, 0]  	208	5 
[5, 4, 8, 0]  	209	5 
[5, 2, 10, 0]  	211	5 
[5, 1, 11, 0]  	212	5 
[6, 8, 4, 0]  	214	5 
[6, 7, 5, 0]  	215	5 
[4, 1, 12, 0]  	217	4 
[4, 0, 13, 0]  	218	4 
[5, 8, 5, 0]  	219	4 
[5, 7, 6, 0]  	220	4 
[3, 2, 12, 0]  	221	4 
[3, 0, 14, 0]  	223	4 
[4, 8, 6, 0]  	224	4 
[4, 6, 8, 0]  	226	4 
[4, 5, 9, 0]  	227	4 
[4, 3, 11, 0]  	229	4 
[3, 5, 10, 0]  	232	3 
[3, 4, 11, 0]  	233	3 
[2, 5, 11, 0]  	237	3 
[2, 2, 14, 0]  	240	3 
[1, 2, 15, 0]  	245	2 
[1, 1, 16, 0]  	246	2 
[2, 7, 10, 0]  	249	2 
[0, 17, 2, 0]  	249	2 
[0, 16, 3, 0]  	250	2 
[1, 7, 11, 0]  	254	2 
[1, 6, 12, 0]  	255	2 
[0, 7, 12, 0]  	259	1 
[0, 20, 0, 0]  	260	2  <--- 2
[0, 3, 16, 0]  	263	1 
[0, 12, 8, 0]  	268	1 
[1, 0, 19, 0]  	275	2 
[0, 14, 7, 0]  	280	2 
[0, 0, 21, 0]  	294	1  <--- 3
[5, 3, 9, 1]  	210	5 
[5, 0, 12, 1]  	213	5 
[3, 6, 9, 1]  	231	3 
[2, 7, 9, 1]  	235	3 
[2, 6, 10, 1]  	236	3 
[2, 1, 15, 1]  	241	3 
[2, 0, 16, 1]  	242	3 
[1, 0, 17, 1]  	247	3 
[3, 1, 13, 2]  	222	4 
[4, 4, 10, 2]  	228	4 
[4, 8, 5, 24]  	210	3 
[4, 5, 8, 24]  	213	3 
[2, 6, 9, 24]  	222	3 
[0, 16, 1, 24]  	222	2 
[2, 0, 15, 24]  	228	3 
[1, 5, 11, 24]  	228	2 
[1, 2, 14, 24]  	231	2 
[0, 19, 0, 24]  	247	2 
------
For 27 = d/2-d1-d2-d3 you get 2
1*x^3
1*y^1*z^1

For 153 = 3*d/2-d1-d2-d3 you get 4
1*x^5*y^4*z^4
1*x^3*z^9
1*x^2*y^5*z^5
1*y^1*z^10

For 279 = 5*d/2-d1-d2-d3 you get 2
1*y^15*z^6
1*y^1*z^19

The invariant extra is equal to 2.
Start computing 5^3 Delta^1 (x1x2x3)^4... Done.
Start computing 5^4 Delta^2 (x1x2x3)^4... Done.
Start computing 5^5 Delta^3 (x1x2x3)^4... Done.
Start computing 5^6 Delta^4 (x1x2x3)^4... Done.
Start computing 5^7 Delta^5 (x1x2x3)^4... Done.
Start computing 5^8 Delta^6 (x1x2x3)^4... Done.
Start computing 5^9 Delta^7 (x1x2x3)^4... Done.
Start computing 5^10 Delta^8 (x1x2x3)^4... Done.
Start computing 5^11 Delta^9 (x1x2x3)^4... Done.
Start computing 5^12 Delta^10 (x1x2x3)^4... Done.
Start computing aa.
1 2 3 4 5 6 7 8 
[272782730059335,8006135640862378,10516308435753930,6480025362697365,6967121974069140,6985181814842005,11899117320026400,1691356513881950;\
832813956133432,4897406970618988,10315432727437320,6681655065378055,3454294925887260,6733174955319465,1754665292150925,1284297388080225;\
9547685453390446,7477746951960883,697698300923425,2291713958225595,5274454708060870,2806367927675665,2747100354960900,3370586944863925;\
3089748876559825,1769777566593095,1558648825020505,11519682014792395,6184081082444480,10877861175537080,1250698871802700,1616017375817950;\
10914916442215096,7522232805992824,10403410228087520,9345587672111235,1180329217327215,11397134887654830,8132808722934775,2658398023654575;\
356018272593673,1293249179466107,11144957288831930,3320771525620660,6550428131960560,7957567106926270,420081951574475,180478122530500;\
7293041796134645,7865757639808950,8126202973366895,7892000038753955,240358569371745,6707790834338720,2947060666427925,11819219951004000;\
964988303160824,4670500205997767,1538106032460155,11711488095441025,1441188574200685,7573248058477615,8369292864576225,5851244449955700]
This should be the matrix of frobenius!
