


Please input coefficients below.
Coefficient of   x^14                     = Coefficient of   x^11 * y^1 * z^1         = Coefficient of   x^8 * y^2 * z^2         = Coefficient of   x^5 * y^3 * z^3         = Coefficient of   x^2 * y^4 * z^4         = Coefficient of   x^1 * y^9               = Coefficient of   z^9                     = 
Here is the polynomial we're using this time:

3*x^14 + 2*x^11*y^1*z^1 + 3*x^8*y^2*z^2 + 4*x^5*y^3*z^3 + 2*x^2*y^4*z^4 + 2*x^1*y^9 + 1*z^9

The final length of G is 66
[11, 1, 0, 0]  	112	5 
[11, 0, 1, 0]  	113	5 
[13, 0, 0, 0]  	117	6  <--- 1
[1, 9, 0, 0]  	126	2 
[10, 2, 1, 0]  	130	6 
[10, 1, 2, 0]  	131	6 
[8, 3, 2, 0]  	139	5 
[8, 2, 3, 0]  	140	5 
[7, 4, 3, 0]  	157	6 
[7, 3, 4, 0]  	158	6 
[6, 0, 8, 0]  	166	5 
[7, 8, 0, 0]  	167	5 
[6, 5, 6, 0]  	203	5 
[5, 5, 7, 0]  	208	5 
[5, 4, 8, 0]  	209	5 
[5, 3, 9, 0]  	210	5 
[5, 2, 10, 0]  	211	5 
[5, 1, 11, 0]  	212	5 
[5, 0, 12, 0]  	213	5 
[6, 8, 4, 0]  	214	5 
[6, 7, 5, 0]  	215	5 
[4, 1, 12, 0]  	217	4 
[4, 0, 13, 0]  	218	4 
[5, 8, 5, 0]  	219	4 
[5, 7, 6, 0]  	220	4 
[3, 2, 12, 0]  	221	4 
[3, 1, 13, 0]  	222	4 
[3, 0, 14, 0]  	223	4 
[4, 8, 6, 0]  	224	4 
[4, 6, 8, 0]  	226	4 
[4, 5, 9, 0]  	227	4 
[4, 4, 10, 0]  	228	4 
[4, 3, 11, 0]  	229	4 
[3, 5, 10, 0]  	232	3 
[2, 6, 10, 0]  	236	3 
[2, 5, 11, 0]  	237	3 
[2, 2, 14, 0]  	240	3 
[2, 1, 15, 0]  	241	3 
[1, 2, 15, 0]  	245	2 
[0, 16, 3, 0]  	250	2 
[1, 7, 11, 0]  	254	2 
[1, 6, 12, 0]  	255	2 
[0, 7, 12, 0]  	259	1 
[1, 1, 17, 0]  	260	3 
[0, 3, 16, 0]  	263	1 
[0, 12, 8, 0]  	268	1 
[0, 21, 0, 0]  	273	1  <--- 2
[1, 0, 19, 0]  	275	3 
[0, 14, 7, 0]  	280	2 
[0, 0, 21, 0]  	294	1  <--- 3
[6, 4, 7, 1]  	204	5 
[3, 4, 11, 1]  	233	3 
[1, 1, 16, 1]  	246	2 
[0, 17, 2, 1]  	249	2 
[0, 20, 0, 1]  	260	2 
[3, 6, 9, 2]  	231	3 
[2, 7, 9, 2]  	235	3 
[2, 0, 16, 2]  	242	3 
[1, 0, 17, 2]  	247	3 
[1, 2, 14, 23]  	231	2 
[1, 5, 12, 23]  	242	2 
[4, 0, 12, 24]  	204	4 
[0, 5, 12, 24]  	233	1 
[0, 17, 1, 24]  	235	2 
[0, 3, 14, 24]  	235	1 
[0, 19, 0, 24]  	247	2 
------
For 27 = d/2-d1-d2-d3 you get 2
1*x^3
1*y^1*z^1

For 153 = 3*d/2-d1-d2-d3 you get 4
1*x^5*y^4*z^4
1*x^3*z^9
1*x^2*y^5*z^5
1*y^1*z^10

For 279 = 5*d/2-d1-d2-d3 you get 2
1*y^15*z^6
1*y^1*z^19

The invariant extra is equal to 2.
Start computing 5^3 Delta^1 (x1x2x3)^4... Done.
Start computing 5^4 Delta^2 (x1x2x3)^4... Done.
Start computing 5^5 Delta^3 (x1x2x3)^4... Done.
Start computing 5^6 Delta^4 (x1x2x3)^4... Done.
Start computing 5^7 Delta^5 (x1x2x3)^4... Done.
Start computing 5^8 Delta^6 (x1x2x3)^4... Done.
Start computing 5^9 Delta^7 (x1x2x3)^4... Done.
Start computing 5^10 Delta^8 (x1x2x3)^4... Done.
Start computing 5^11 Delta^9 (x1x2x3)^4... Done.
Start computing 5^12 Delta^10 (x1x2x3)^4... Done.
Start computing aa.
1 2 3 4 5 6 7 8 
[4687343711023362,9047903534029497,3554567196238125,6884344572624680,6761433218328540,9590944221992885,1977969135444975,3803114120921750;\
8098185057585667,11717290623395984,10740344702850780,7579049344954445,2913323896211925,4786308792601125,7566017862434250,9689160693217800;\
1278325275740813,1203531472954192,2105063751119515,6869140323161970,3320815281382590,11061024772665985,1460569355311575,9245102422356475;\
10666735062427189,10698838900968522,1934779055662640,3671047722321905,233761891376560,4618191635767425,7196077925268625,10956558640483475;\
7646685543929716,4344329539269415,2173341361778905,9421011263462175,346733598466260,10211136240548790,11501173771250850,5205249333089675;\
233781064801781,8863249559001402,1440358590436750,10116104205555725,4265090284280620,1598699852346150,10842311703310875,10310900308526275;\
2325397414539941,4870302218264315,11201115970285465,9158529605829705,11490053011557365,6700649563734540,1476493807063350,2835312519052550;\
6119557398008319,3480952852197004,10077374764833475,8721218578474980,5231854241528725,1999052765250190,8707149510024475,8488088865904100]
This should be the matrix of frobenius!
