


Please input coefficients below.
Coefficient of   x^14                     = Coefficient of   x^11 * y^1 * z^1         = Coefficient of   x^8 * y^2 * z^2         = Coefficient of   x^5 * y^3 * z^3         = Coefficient of   x^2 * y^4 * z^4         = Coefficient of   x^1 * y^9               = Coefficient of   z^9                     = 
Here is the polynomial we're using this time:

3*x^14 + 2*x^11*y^1*z^1 + 2*x^8*y^2*z^2 + 1*x^5*y^3*z^3 + 4*x^1*y^9 + 4*z^9

The final length of G is 62
[11, 1, 0, 0]  	112	4 
[11, 0, 1, 0]  	113	4 
[13, 0, 0, 0]  	117	5  <--- 1
[1, 9, 0, 0]  	126	2 
[10, 2, 1, 0]  	130	5 
[10, 1, 2, 0]  	131	5 
[8, 3, 2, 0]  	139	4 
[8, 2, 3, 0]  	140	4 
[7, 4, 3, 0]  	157	5 
[7, 3, 4, 0]  	158	5 
[6, 0, 8, 0]  	166	4 
[7, 8, 0, 0]  	167	4 
[6, 4, 7, 0]  	204	5 
[5, 5, 7, 0]  	208	5 
[5, 3, 9, 0]  	210	5 
[5, 2, 10, 0]  	211	5 
[5, 1, 11, 0]  	212	5 
[5, 0, 12, 0]  	213	5 
[6, 7, 5, 0]  	215	5 
[4, 1, 12, 0]  	217	4 
[4, 0, 13, 0]  	218	4 
[5, 8, 5, 0]  	219	4 
[5, 7, 6, 0]  	220	4 
[3, 2, 12, 0]  	221	4 
[3, 1, 13, 0]  	222	4 
[3, 0, 14, 0]  	223	4 
[4, 8, 6, 0]  	224	4 
[4, 6, 8, 0]  	226	4 
[4, 5, 9, 0]  	227	4 
[4, 4, 10, 0]  	228	4 
[4, 3, 11, 0]  	229	4 
[3, 6, 9, 0]  	231	3 
[3, 5, 10, 0]  	232	3 
[2, 7, 9, 0]  	235	3 
[2, 5, 11, 0]  	237	3 
[2, 2, 14, 0]  	240	3 
[2, 0, 16, 0]  	242	3 
[1, 2, 15, 0]  	245	2 
[1, 1, 16, 0]  	246	2 
[1, 0, 17, 0]  	247	3 
[0, 17, 2, 0]  	249	2 
[0, 16, 3, 0]  	250	2 
[1, 7, 11, 0]  	254	2 
[1, 6, 12, 0]  	255	2 
[0, 7, 12, 0]  	259	1 
[0, 20, 0, 0]  	260	2  <--- 2
[0, 3, 16, 0]  	263	1 
[0, 12, 8, 0]  	268	1 
[0, 14, 7, 0]  	280	2 
[0, 0, 21, 0]  	294	1  <--- 3
[6, 5, 6, 1]  	203	4 
[5, 4, 8, 1]  	209	5 
[6, 8, 4, 1]  	214	5 
[2, 6, 10, 1]  	236	3 
[2, 1, 15, 1]  	241	3 
[3, 4, 11, 2]  	233	3 
[1, 0, 16, 23]  	233	2 
[4, 1, 11, 24]  	203	3 
[3, 0, 13, 24]  	209	4 
[4, 4, 9, 24]  	214	4 
[0, 16, 2, 24]  	236	2 
[1, 6, 11, 24]  	241	2 
------
For 27 = d/2-d1-d2-d3 you get 2
1*x^3
1*y^1*z^1

For 153 = 3*d/2-d1-d2-d3 you get 4
1*x^5*y^4*z^4
1*x^3*z^9
1*x^2*y^5*z^5
1*y^1*z^10

For 279 = 5*d/2-d1-d2-d3 you get 2
1*y^15*z^6
1*y^1*z^19

The invariant extra is equal to 2.
Start computing 5^3 Delta^1 (x1x2x3)^4... Done.
Start computing 5^4 Delta^2 (x1x2x3)^4... Done.
Start computing 5^5 Delta^3 (x1x2x3)^4... Done.
Start computing 5^6 Delta^4 (x1x2x3)^4... Done.
Start computing 5^7 Delta^5 (x1x2x3)^4... Done.
Start computing 5^8 Delta^6 (x1x2x3)^4... Done.
Start computing 5^9 Delta^7 (x1x2x3)^4... Done.
Start computing 5^10 Delta^8 (x1x2x3)^4... Done.
Start computing 5^11 Delta^9 (x1x2x3)^4... Done.
Start computing 5^12 Delta^10 (x1x2x3)^4... Done.
Start computing aa.
1 2 3 4 5 6 7 8 
[4290848603748836,2871030499992545,9842067230323945,6043886409814380,5858773018484655,4086955701541765,4726498950121325,7603617012895975;\
9382066532421055,2564322510225487,452568701975365,4919074255763830,969020187949995,3528913107278735,2325705606119375,4194880046286450;\
3625669835543642,4315208469458730,3308686967300230,2553048966742660,5181828881377695,9947348747677770,3006071314975325,2210045408878750;\
570000036453346,4239882003739073,9664167534798110,4169009827365795,161953972407150,11244969934473745,1932412345570575,5297063098028125;\
5533921752377485,470806255405198,6417992109354755,5607474205206960,6022613686850895,5618108546232960,10204658768084175,3602961518266275;\
4282193361923445,7178700133321851,187799523482625,3519439899382935,2985241026761030,9615089814575680,10659656994284600,11650038408878050;\
10586062447601043,4065944394989714,7132909067048105,637804121344285,4908530205767450,399899226720935,11777928508335475,7389703616237950;\
3604643173320520,4294835532674667,4243250422388055,7985073313387660,9951135037750035,410297302435415,11624213790365500,3431576437066350]
This should be the matrix of frobenius!
