


Please input coefficients below.
Coefficient of   x^14                     = Coefficient of   x^11 * y^1 * z^1         = Coefficient of   x^8 * y^2 * z^2         = Coefficient of   x^5 * y^3 * z^3         = Coefficient of   x^2 * y^4 * z^4         = Coefficient of   x^1 * y^9               = Coefficient of   z^9                     = 
Here is the polynomial we're using this time:

3*x^14 + 2*x^11*y^1*z^1 + 1*x^8*y^2*z^2 + 4*x^5*y^3*z^3 + 3*x^2*y^4*z^4 + 4*x^1*y^9 + 3*z^9

The final length of G is 68
[11, 1, 0, 0]  	112	5 
[11, 0, 1, 0]  	113	5 
[13, 0, 0, 0]  	117	6  <--- 1
[1, 9, 0, 0]  	126	2 
[8, 3, 2, 0]  	139	5 
[8, 2, 3, 0]  	140	5 
[7, 4, 3, 0]  	157	6 
[7, 3, 4, 0]  	158	6 
[6, 0, 8, 0]  	166	5 
[7, 8, 0, 0]  	167	5 
[6, 5, 6, 0]  	203	5 
[6, 4, 7, 0]  	204	5 
[5, 5, 7, 0]  	208	5 
[5, 4, 8, 0]  	209	5 
[5, 3, 9, 0]  	210	5 
[5, 2, 10, 0]  	211	5 
[5, 1, 11, 0]  	212	5 
[5, 0, 12, 0]  	213	5 
[6, 8, 4, 0]  	214	5 
[6, 7, 5, 0]  	215	5 
[4, 1, 12, 0]  	217	4 
[4, 0, 13, 0]  	218	4 
[5, 8, 5, 0]  	219	4 
[3, 2, 12, 0]  	221	4 
[3, 1, 13, 0]  	222	4 
[4, 8, 6, 0]  	224	4 
[4, 6, 8, 0]  	226	4 
[4, 4, 10, 0]  	228	4 
[4, 3, 11, 0]  	229	4 
[3, 6, 9, 0]  	231	3 
[3, 5, 10, 0]  	232	3 
[3, 4, 11, 0]  	233	3 
[2, 7, 9, 0]  	235	3 
[2, 6, 10, 0]  	236	3 
[3, 0, 15, 0]  	237	3 
[2, 5, 11, 0]  	237	3 
[2, 2, 14, 0]  	240	3 
[2, 1, 15, 0]  	241	3 
[2, 0, 16, 0]  	242	3 
[1, 1, 16, 0]  	246	2 
[1, 0, 17, 0]  	247	3 
[0, 17, 2, 0]  	249	2 
[1, 7, 11, 0]  	254	2 
[0, 7, 12, 0]  	259	1 
[0, 20, 0, 0]  	260	2  <--- 2
[0, 3, 16, 0]  	263	1 
[0, 12, 8, 0]  	268	1 
[0, 0, 21, 0]  	294	1  <--- 3
[10, 2, 1, 1]  	130	6 
[10, 1, 2, 1]  	131	6 
[5, 7, 6, 1]  	220	4 
[3, 0, 14, 1]  	223	4 
[4, 5, 9, 1]  	227	4 
[1, 2, 15, 1]  	245	2 
[0, 16, 3, 1]  	250	2 
[1, 6, 12, 1]  	255	2 
[0, 14, 7, 1]  	280	2 
[7, 3, 2, 24]  	130	5 
[7, 2, 3, 24]  	131	5 
[5, 4, 7, 24]  	195	3 
[6, 7, 4, 24]  	201	3 
[3, 3, 11, 24]  	220	2 
[2, 5, 10, 24]  	223	3 
[2, 1, 14, 24]  	227	3 
[0, 7, 11, 24]  	245	1 
[0, 2, 16, 24]  	250	1 
[0, 11, 8, 24]  	255	1 
[0, 0, 20, 24]  	280	1 
------
For 27 = d/2-d1-d2-d3 you get 2
1*x^3
1*y^1*z^1

For 153 = 3*d/2-d1-d2-d3 you get 4
1*x^5*y^4*z^4
1*x^3*z^9
1*x^2*y^5*z^5
1*y^1*z^10

For 279 = 5*d/2-d1-d2-d3 you get 2
1*y^15*z^6
1*y^1*z^19

The invariant extra is equal to 2.
Start computing 5^3 Delta^1 (x1x2x3)^4... Done.
Start computing 5^4 Delta^2 (x1x2x3)^4... Done.
Start computing 5^5 Delta^3 (x1x2x3)^4... Done.
Start computing 5^6 Delta^4 (x1x2x3)^4... Done.
Start computing 5^7 Delta^5 (x1x2x3)^4... Done.
Start computing 5^8 Delta^6 (x1x2x3)^4... Done.
Start computing 5^9 Delta^7 (x1x2x3)^4... Done.
Start computing 5^10 Delta^8 (x1x2x3)^4... Done.
Start computing 5^11 Delta^9 (x1x2x3)^4... Done.
Start computing 5^12 Delta^10 (x1x2x3)^4... Done.
Start computing aa.
1 2 3 4 5 6 7 8 
[11768490773657547,11787757526013053,3407353205556875,3552783584834155,6752919376114190,9799421116331695,10149572933782650,4670135684489950;\
9665769677405612,9102154065296687,4136107825540410,10596378882866055,197902746411615,9074590609903980,7061278178054600,7499835726225125;\
6047349053325249,11136736541538833,1717390177032015,7688375776827055,9038085069855590,5334641484799815,10333023530378800,4153757065784250;\
11279515117496995,375824901009881,468285301561295,4708871455828580,2729181202712900,8575130637408780,11288103261782475,6467322464162975;\
10792243161167273,1828049005632818,666684499082245,10341238555020570,11577353582458915,3065939823029955,1133497185399475,6630084423103775;\
1229809844142198,7725751916782130,6111356327830745,8707980720013355,9869276752201305,4788374781236435,1855253412141900,5248325141972375;\
2148635287016918,5105647851105416,10606769531141430,2016836719073910,9491899761621660,8860592510043375,11572438899178075,2106444346055825;\
10890013202455541,11576794205394182,323803693319585,8125793865922845,4215751999722910,4912110795953885,9728915112679375,2630836745780500]
This should be the matrix of frobenius!
