


Please input coefficients below.
Coefficient of   x^14                     = Coefficient of   x^11 * y^1 * z^1         = Coefficient of   x^8 * y^2 * z^2         = Coefficient of   x^5 * y^3 * z^3         = Coefficient of   x^2 * y^4 * z^4         = Coefficient of   x^1 * y^9               = Coefficient of   z^9                     = 
Here is the polynomial we're using this time:

3*x^14 + 3*x^11*y^1*z^1 + 2*x^8*y^2*z^2 + 3*x^5*y^3*z^3 + 1*x^2*y^4*z^4 + 1*x^1*y^9 + 3*z^9

The final length of G is 64
[11, 1, 0, 0]  	112	5 
[11, 0, 1, 0]  	113	5 
[13, 0, 0, 0]  	117	6  <--- 1
[1, 9, 0, 0]  	126	2 
[10, 2, 1, 0]  	130	6 
[10, 1, 2, 0]  	131	6 
[8, 3, 2, 0]  	139	5 
[8, 2, 3, 0]  	140	5 
[7, 4, 3, 0]  	157	6 
[7, 3, 4, 0]  	158	6 
[6, 0, 8, 0]  	166	5 
[7, 8, 0, 0]  	167	5 
[6, 5, 6, 0]  	203	5 
[6, 4, 7, 0]  	204	5 
[5, 5, 7, 0]  	208	5 
[5, 4, 8, 0]  	209	5 
[6, 8, 4, 0]  	214	5 
[6, 7, 5, 0]  	215	5 
[4, 0, 13, 0]  	218	4 
[5, 7, 6, 0]  	220	4 
[3, 1, 13, 0]  	222	4 
[4, 8, 6, 0]  	224	4 
[4, 6, 8, 0]  	226	4 
[4, 4, 10, 0]  	228	4 
[3, 6, 9, 0]  	231	3 
[3, 5, 10, 0]  	232	3 
[3, 4, 11, 0]  	233	3 
[2, 7, 9, 0]  	235	3 
[2, 6, 10, 0]  	236	3 
[3, 0, 15, 0]  	237	3 
[2, 5, 11, 0]  	237	3 
[2, 2, 14, 0]  	240	3 
[2, 1, 15, 0]  	241	3 
[2, 0, 16, 0]  	242	3 
[1, 2, 15, 0]  	245	2 
[1, 1, 16, 0]  	246	2 
[1, 0, 17, 0]  	247	3 
[0, 17, 2, 0]  	249	2 
[0, 16, 3, 0]  	250	2 
[1, 7, 11, 0]  	254	2 
[1, 6, 12, 0]  	255	2 
[0, 7, 12, 0]  	259	1 
[0, 20, 0, 0]  	260	2  <--- 2
[0, 3, 16, 0]  	263	1 
[0, 12, 8, 0]  	268	1 
[0, 14, 7, 0]  	280	2 
[0, 0, 21, 0]  	294	1  <--- 3
[5, 3, 9, 1]  	210	5 
[5, 2, 10, 1]  	211	5 
[5, 1, 11, 1]  	212	5 
[5, 0, 12, 1]  	213	5 
[4, 1, 12, 1]  	217	4 
[5, 8, 5, 1]  	219	4 
[3, 2, 12, 1]  	221	4 
[3, 0, 14, 1]  	223	4 
[4, 5, 9, 1]  	227	4 
[4, 3, 11, 1]  	229	4 
[2, 4, 10, 24]  	210	3 
[4, 7, 6, 24]  	211	4 
[4, 6, 7, 24]  	212	4 
[2, 1, 13, 24]  	213	3 
[3, 6, 8, 24]  	217	2 
[2, 7, 8, 24]  	221	2 
[3, 8, 7, 24]  	229	2 
------
For 27 = d/2-d1-d2-d3 you get 2
1*x^3
1*y^1*z^1

For 153 = 3*d/2-d1-d2-d3 you get 4
1*x^5*y^4*z^4
1*x^3*z^9
1*x^2*y^5*z^5
1*y^1*z^10

For 279 = 5*d/2-d1-d2-d3 you get 2
1*y^15*z^6
1*y^1*z^19

The invariant extra is equal to 2.
Start computing 5^3 Delta^1 (x1x2x3)^4... Done.
Start computing 5^4 Delta^2 (x1x2x3)^4... Done.
Start computing 5^5 Delta^3 (x1x2x3)^4... Done.
Start computing 5^6 Delta^4 (x1x2x3)^4... Done.
Start computing 5^7 Delta^5 (x1x2x3)^4... Done.
Start computing 5^8 Delta^6 (x1x2x3)^4... Done.
Start computing 5^9 Delta^7 (x1x2x3)^4... Done.
Start computing 5^10 Delta^8 (x1x2x3)^4... Done.
Start computing 5^11 Delta^9 (x1x2x3)^4... Done.
Start computing 5^12 Delta^10 (x1x2x3)^4... Done.
Start computing aa.
1 2 3 4 5 6 7 8 
[8752561608367429,9039289231474522,870769592833570,7946419035587970,683634598706615,3020430132213055,3587690257696000,7087454904014275;\
1388610415163886,3635130476735460,7216405375186460,5386768014205980,1447818850332855,8475877695085105,6010416384464225,8950547615415475;\
8164688300567069,1478885337535232,8196956707965190,7637262240562845,5683646048378280,10349196287862070,6645762577171450,6082701052349475;\
644252240898796,9682718597697530,6399535040447260,2549194134495200,10473880186001630,2367724084844355,7095126566425475,977511013475950;\
1695168582872396,10683702655535419,8697575813391305,11582560275194615,8863001601060610,10526023401966290,4088800999643050,1681397702657975;\
5329520097663562,9728184270141592,8767911684600425,6168747927006410,10590713461865895,3303002761456555,9730953900626125,7154987080183050;\
10662564534191976,2430120188083398,7083688154662085,4354417376766130,11245613449564570,5201158086452630,2624289676912225,352735967794900;\
37499881951102,4346098416110933,703942936624750,9758053392821505,8598753553340590,3435132650151325,8117261214054250,7392142941210450]
This should be the matrix of frobenius!
