


Please input coefficients below.
Coefficient of   x^14                     = Coefficient of   x^11 * y^1 * z^1         = Coefficient of   x^8 * y^2 * z^2         = Coefficient of   x^5 * y^3 * z^3         = Coefficient of   x^2 * y^4 * z^4         = Coefficient of   x^1 * y^9               = Coefficient of   z^9                     = 
Here is the polynomial we're using this time:

3*x^14 + 3*x^11*y^1*z^1 + 4*x^8*y^2*z^2 + 1*x^5*y^3*z^3 + 3*x^2*y^4*z^4 + 3*x^1*y^9 + 3*z^9

The final length of G is 69
[11, 1, 0, 0]  	112	5 
[11, 0, 1, 0]  	113	5 
[13, 0, 0, 0]  	117	6  <--- 1
[1, 9, 0, 0]  	126	2 
[10, 2, 1, 0]  	130	6 
[10, 1, 2, 0]  	131	6 
[8, 3, 2, 0]  	139	5 
[8, 2, 3, 0]  	140	5 
[7, 4, 3, 0]  	157	6 
[7, 3, 4, 0]  	158	6 
[6, 0, 8, 0]  	166	5 
[7, 8, 0, 0]  	167	5 
[6, 5, 6, 0]  	203	5 
[5, 5, 7, 0]  	208	5 
[5, 4, 8, 0]  	209	5 
[6, 8, 4, 0]  	214	5 
[6, 7, 5, 0]  	215	5 
[5, 8, 5, 0]  	219	4 
[5, 7, 6, 0]  	220	4 
[3, 1, 13, 0]  	222	4 
[3, 0, 14, 0]  	223	4 
[4, 8, 6, 0]  	224	4 
[4, 6, 8, 0]  	226	4 
[5, 0, 13, 0]  	227	4 
[4, 5, 9, 0]  	227	4 
[4, 4, 10, 0]  	228	4 
[3, 6, 9, 0]  	231	3 
[3, 5, 10, 0]  	232	3 
[3, 4, 11, 0]  	233	3 
[2, 7, 9, 0]  	235	3 
[2, 6, 10, 0]  	236	3 
[2, 5, 11, 0]  	237	3 
[2, 2, 14, 0]  	240	3 
[2, 1, 15, 0]  	241	3 
[2, 0, 16, 0]  	242	3 
[1, 2, 15, 0]  	245	2 
[1, 0, 17, 0]  	247	3 
[0, 16, 3, 0]  	250	2 
[1, 7, 11, 0]  	254	2 
[1, 6, 12, 0]  	255	2 
[0, 7, 12, 0]  	259	1 
[0, 3, 16, 0]  	263	1 
[0, 12, 8, 0]  	268	1 
[0, 21, 0, 0]  	273	1  <--- 2
[0, 14, 7, 0]  	280	2 
[0, 0, 21, 0]  	294	1  <--- 3
[6, 4, 7, 1]  	204	5 
[5, 3, 9, 1]  	210	5 
[5, 2, 10, 1]  	211	5 
[5, 1, 11, 1]  	212	5 
[5, 0, 12, 1]  	213	5 
[4, 1, 12, 1]  	217	4 
[3, 2, 12, 1]  	221	4 
[4, 3, 11, 1]  	229	4 
[1, 1, 16, 1]  	246	2 
[0, 17, 2, 1]  	249	2 
[0, 20, 0, 1]  	260	2 
[4, 0, 13, 2]  	218	4 
[3, 5, 9, 23]  	218	3 
[3, 5, 8, 24]  	204	3 
[4, 8, 5, 24]  	210	3 
[4, 7, 6, 24]  	211	4 
[4, 6, 7, 24]  	212	4 
[2, 7, 8, 24]  	221	3 
[2, 4, 11, 24]  	224	3 
[2, 2, 13, 24]  	226	3 
[3, 8, 7, 24]  	229	3 
[0, 6, 12, 24]  	246	1 
[0, 3, 15, 24]  	249	1 
------
For 27 = d/2-d1-d2-d3 you get 2
1*x^3
1*y^1*z^1

For 153 = 3*d/2-d1-d2-d3 you get 4
1*x^5*y^4*z^4
1*x^3*z^9
1*x^2*y^5*z^5
1*y^1*z^10

For 279 = 5*d/2-d1-d2-d3 you get 2
1*y^15*z^6
1*y^1*z^19

The invariant extra is equal to 2.
Start computing 5^3 Delta^1 (x1x2x3)^4... Done.
Start computing 5^4 Delta^2 (x1x2x3)^4... Done.
Start computing 5^5 Delta^3 (x1x2x3)^4... Done.
Start computing 5^6 Delta^4 (x1x2x3)^4... Done.
Start computing 5^7 Delta^5 (x1x2x3)^4... Done.
Start computing 5^8 Delta^6 (x1x2x3)^4... Done.
Start computing 5^9 Delta^7 (x1x2x3)^4... Done.
Start computing 5^10 Delta^8 (x1x2x3)^4... Done.
Start computing 5^11 Delta^9 (x1x2x3)^4... Done.
Start computing 5^12 Delta^10 (x1x2x3)^4... Done.
Start computing aa.
1 2 3 4 5 6 7 8 
[11573800366427946,3001223686316798,6709338062752460,6128559430083535,5817908898522595,11570063196586545,1166252953625725,309003527677475;\
316507892218991,1053626604337163,10960444708968690,5736560079792415,5539181536822430,1668528635072945,692607576678250,5700432603884700;\
1286826987828100,10519500386926675,3060669490426725,5386069507713125,11182903799319950,10948298938629225,6971945216545800,8983785320097375;\
4941798400123462,7789146097385835,4268784458901620,2656474653112950,1426017811147490,8214696102764315,859641708572075,9428809662046050;\
1415098356385337,2980335613887068,5879859110562615,6148588845768600,4744792858070810,6565772970462320,8472513843148500,9849612000155725;\
5616355445869948,8291000947925570,2694037881151865,4902940402448745,10503711074963990,6392286752949085,5614056655194050,7084607903528900;\
3034671035473303,1996047795880556,289204025063060,11753398682754030,6653153196406780,10822214805484860,1648356713261950,333414168380650;\
6650222120049021,4255617693863992,8176702846110560,11609201521213415,2686559285608815,96345828209160,9628783728489075,1269727850475875]
This should be the matrix of frobenius!
