


Please input coefficients below.
Coefficient of   x^14                     = Coefficient of   x^11 * y^1 * z^1         = Coefficient of   x^8 * y^2 * z^2         = Coefficient of   x^5 * y^3 * z^3         = Coefficient of   x^2 * y^4 * z^4         = Coefficient of   x^1 * y^9               = Coefficient of   z^9                     = 
Here is the polynomial we're using this time:

3*x^14 + 3*x^11*y^1*z^1 + 2*x^8*y^2*z^2 + 2*x^5*y^3*z^3 + 4*x^2*y^4*z^4 + 3*x^1*y^9 + 3*z^9

The final length of G is 67
[11, 1, 0, 0]  	112	5 
[11, 0, 1, 0]  	113	5 
[13, 0, 0, 0]  	117	6  <--- 1
[1, 9, 0, 0]  	126	2 
[10, 2, 1, 0]  	130	6 
[10, 1, 2, 0]  	131	6 
[8, 3, 2, 0]  	139	5 
[8, 2, 3, 0]  	140	5 
[7, 4, 3, 0]  	157	6 
[7, 3, 4, 0]  	158	6 
[6, 0, 8, 0]  	166	5 
[7, 8, 0, 0]  	167	5 
[6, 5, 6, 0]  	203	5 
[6, 4, 7, 0]  	204	5 
[5, 5, 7, 0]  	208	5 
[5, 2, 10, 0]  	211	5 
[5, 1, 11, 0]  	212	5 
[6, 7, 5, 0]  	215	5 
[4, 1, 12, 0]  	217	4 
[5, 8, 5, 0]  	219	4 
[5, 7, 6, 0]  	220	4 
[3, 2, 12, 0]  	221	4 
[4, 8, 6, 0]  	224	4 
[4, 6, 8, 0]  	226	4 
[4, 3, 11, 0]  	229	4 
[3, 6, 9, 0]  	231	3 
[4, 0, 14, 0]  	232	3 
[3, 5, 10, 0]  	232	3 
[3, 4, 11, 0]  	233	3 
[2, 7, 9, 0]  	235	3 
[3, 1, 14, 0]  	236	3 
[2, 6, 10, 0]  	236	3 
[3, 0, 15, 0]  	237	3 
[2, 5, 11, 0]  	237	3 
[2, 2, 14, 0]  	240	3 
[2, 1, 15, 0]  	241	3 
[2, 0, 16, 0]  	242	3 
[1, 2, 15, 0]  	245	2 
[1, 1, 16, 0]  	246	2 
[1, 0, 17, 0]  	247	3 
[0, 17, 2, 0]  	249	2 
[0, 16, 3, 0]  	250	2 
[1, 7, 11, 0]  	254	2 
[1, 6, 12, 0]  	255	2 
[0, 7, 12, 0]  	259	1 
[0, 20, 0, 0]  	260	2  <--- 2
[0, 3, 16, 0]  	263	1 
[0, 12, 8, 0]  	268	1 
[0, 14, 7, 0]  	280	2 
[0, 0, 21, 0]  	294	1  <--- 3
[5, 3, 9, 1]  	210	5 
[5, 0, 12, 1]  	213	5 
[4, 0, 13, 1]  	218	4 
[3, 1, 13, 1]  	222	4 
[3, 0, 14, 1]  	223	4 
[4, 5, 9, 1]  	227	4 
[4, 4, 10, 1]  	228	4 
[5, 4, 8, 2]  	209	5 
[6, 8, 4, 2]  	214	5 
[2, 5, 10, 23]  	223	3 
[2, 1, 14, 23]  	227	3 
[3, 0, 13, 24]  	209	4 
[2, 5, 9, 24]  	209	3 
[4, 8, 5, 24]  	210	4 
[4, 5, 8, 24]  	213	4 
[4, 4, 9, 24]  	214	4 
[2, 0, 14, 24]  	214	3 
------
For 27 = d/2-d1-d2-d3 you get 2
1*x^3
1*y^1*z^1

For 153 = 3*d/2-d1-d2-d3 you get 4
1*x^5*y^4*z^4
1*x^3*z^9
1*x^2*y^5*z^5
1*y^1*z^10

For 279 = 5*d/2-d1-d2-d3 you get 2
1*y^15*z^6
1*y^1*z^19

The invariant extra is equal to 2.
Start computing 5^3 Delta^1 (x1x2x3)^4... Done.
Start computing 5^4 Delta^2 (x1x2x3)^4... Done.
Start computing 5^5 Delta^3 (x1x2x3)^4... Done.
Start computing 5^6 Delta^4 (x1x2x3)^4... Done.
Start computing 5^7 Delta^5 (x1x2x3)^4... Done.
Start computing 5^8 Delta^6 (x1x2x3)^4... Done.
Start computing 5^9 Delta^7 (x1x2x3)^4... Done.
Start computing 5^10 Delta^8 (x1x2x3)^4... Done.
Start computing 5^11 Delta^9 (x1x2x3)^4... Done.
Start computing 5^12 Delta^10 (x1x2x3)^4... Done.
Start computing aa.
1 2 3 4 5 6 7 8 
[3821650357597103,10796918214108606,2977596368865255,1974020483314615,9664504876375450,6952022733833875,7255263804873625,2915750793130550;\
10284348214293206,11548692082796528,8924326794874035,769003360249250,7227960961697740,7505675136414310,3431691362876675,6763658495390075;\
2941762237057180,4105875152828541,1721671244923200,2448476250719865,263117324833885,210684807106480,10800678542213075,4212005435335825;\
11154890488028303,7176094371417668,6902494835665860,1709141119430895,10060322481468385,9978626376111745,11179183156345075,2946180958684700;\
8365548511884533,7434073175782781,4826990630697465,11574999695361330,11352314551507540,7673179706749105,5880299787871275,8365825516293975;\
11177748158352340,2022618628647332,8188542400856905,3148964877905535,2075075798995385,1339949671600565,11020033604276950,6614813380650225;\
11206787893901398,1853914520237503,6239835684691570,2858737219925375,1404977545193085,11113174559560235,2256685430741075,11142919613153225;\
597093471460920,11611631113014098,4559069115447350,9099972947575795,4917514577594130,11243818912765790,8094578290938075,1433541764059350]
This should be the matrix of frobenius!
