


Please input coefficients below.
Coefficient of   x^14                     = Coefficient of   x^11 * y^1 * z^1         = Coefficient of   x^8 * y^2 * z^2         = Coefficient of   x^5 * y^3 * z^3         = Coefficient of   x^2 * y^4 * z^4         = Coefficient of   x^1 * y^9               = Coefficient of   z^9                     = 
Here is the polynomial we're using this time:

3*x^14 + 3*x^11*y^1*z^1 + 2*x^8*y^2*z^2 + 4*x^5*y^3*z^3 + 3*x^2*y^4*z^4 + 3*x^1*y^9 + 3*z^9

The final length of G is 72
[11, 1, 0, 0]  	112	5 
[11, 0, 1, 0]  	113	5 
[13, 0, 0, 0]  	117	6  <--- 1
[1, 9, 0, 0]  	126	2 
[10, 2, 1, 0]  	130	6 
[10, 1, 2, 0]  	131	6 
[8, 3, 2, 0]  	139	5 
[8, 2, 3, 0]  	140	5 
[7, 4, 3, 0]  	157	6 
[7, 3, 4, 0]  	158	6 
[6, 0, 8, 0]  	166	5 
[7, 8, 0, 0]  	167	5 
[6, 4, 7, 0]  	204	5 
[5, 5, 7, 0]  	208	5 
[5, 2, 10, 0]  	211	5 
[5, 1, 11, 0]  	212	5 
[6, 7, 5, 0]  	215	5 
[4, 1, 12, 0]  	217	4 
[5, 8, 5, 0]  	219	4 
[5, 7, 6, 0]  	220	4 
[3, 2, 12, 0]  	221	4 
[4, 8, 6, 0]  	224	4 
[4, 6, 8, 0]  	226	4 
[4, 3, 11, 0]  	229	4 
[3, 6, 9, 0]  	231	3 
[4, 0, 14, 0]  	232	3 
[3, 5, 10, 0]  	232	3 
[3, 4, 11, 0]  	233	3 
[2, 7, 9, 0]  	235	3 
[3, 1, 14, 0]  	236	3 
[2, 6, 10, 0]  	236	3 
[3, 0, 15, 0]  	237	3 
[2, 5, 11, 0]  	237	3 
[2, 2, 14, 0]  	240	3 
[2, 1, 15, 0]  	241	3 
[2, 0, 16, 0]  	242	3 
[1, 1, 16, 0]  	246	2 
[1, 0, 17, 0]  	247	3 
[0, 17, 2, 0]  	249	2 
[1, 7, 11, 0]  	254	2 
[0, 7, 12, 0]  	259	1 
[0, 20, 0, 0]  	260	2  <--- 2
[0, 3, 16, 0]  	263	1 
[0, 12, 8, 0]  	268	1 
[0, 0, 21, 0]  	294	1  <--- 3
[6, 5, 6, 1]  	203	5 
[5, 3, 9, 1]  	210	5 
[5, 0, 12, 1]  	213	5 
[4, 0, 13, 1]  	218	4 
[3, 1, 13, 1]  	222	4 
[3, 0, 14, 1]  	223	4 
[4, 5, 9, 1]  	227	4 
[4, 4, 10, 1]  	228	4 
[1, 2, 15, 1]  	245	2 
[0, 16, 3, 1]  	250	2 
[1, 6, 12, 1]  	255	2 
[0, 14, 7, 1]  	280	2 
[5, 4, 8, 2]  	209	5 
[6, 8, 4, 2]  	214	5 
[2, 5, 10, 23]  	223	3 
[2, 1, 14, 23]  	227	3 
[4, 1, 11, 24]  	203	4 
[3, 0, 13, 24]  	209	4 
[2, 5, 9, 24]  	209	3 
[4, 8, 5, 24]  	210	4 
[4, 5, 8, 24]  	213	4 
[4, 4, 9, 24]  	214	4 
[2, 0, 14, 24]  	214	3 
[0, 7, 11, 24]  	245	1 
[0, 2, 16, 24]  	250	1 
[0, 11, 8, 24]  	255	1 
[0, 0, 20, 24]  	280	1 
------
For 27 = d/2-d1-d2-d3 you get 2
1*x^3
1*y^1*z^1

For 153 = 3*d/2-d1-d2-d3 you get 4
1*x^5*y^4*z^4
1*x^3*z^9
1*x^2*y^5*z^5
1*y^1*z^10

For 279 = 5*d/2-d1-d2-d3 you get 2
1*y^15*z^6
1*y^1*z^19

The invariant extra is equal to 2.
Start computing 5^3 Delta^1 (x1x2x3)^4... Done.
Start computing 5^4 Delta^2 (x1x2x3)^4... Done.
Start computing 5^5 Delta^3 (x1x2x3)^4... Done.
Start computing 5^6 Delta^4 (x1x2x3)^4... Done.
Start computing 5^7 Delta^5 (x1x2x3)^4... Done.
Start computing 5^8 Delta^6 (x1x2x3)^4... Done.
Start computing 5^9 Delta^7 (x1x2x3)^4... Done.
Start computing 5^10 Delta^8 (x1x2x3)^4... Done.
Start computing 5^11 Delta^9 (x1x2x3)^4... Done.
Start computing 5^12 Delta^10 (x1x2x3)^4... Done.
Start computing aa.
1 2 3 4 5 6 7 8 
[2509567285879065,5378782818436134,4971211466346825,1881588348431010,3077378909607470,3564275585611160,2511233214728325,4986700735556575;\
4384992011026436,9619829698173390,11771952428432170,8044994276162895,3568623701501870,9279873939732675,4600108907333550,7454091648394025;\
4429718908708467,76826718168341,10698667255241025,8577241937628220,4749518656424565,11003224875056420,5162554554388525,9763722737952800;\
1767679159671335,4714999111148115,480682995125165,8988785576436105,4652082070486485,5296484334770570,9949510790663575,3693737068192575;\
10270496762110477,1830313813731490,4215781083706745,5539636949515490,6769615407631785,4820128342499465,7377822800429175,3280826917584075;\
4021143497666839,10979507846506279,1183838237315990,11879250407721160,6356737970646150,3340029389450060,5864783836878075,487105569865525;\
1221322402939637,8074425861725618,9037158831444755,6249080642899395,2079918273643155,3209971642247565,11192912944138425,8183018488808950;\
3968289604113572,9086164830567754,9169101835889795,652915101971420,10035114211569675,6840165928378150,3644533829572400,4159896181331400]
This should be the matrix of frobenius!
