


Please input coefficients below.
Coefficient of   x^14                     = Coefficient of   x^11 * y^1 * z^1         = Coefficient of   x^8 * y^2 * z^2         = Coefficient of   x^5 * y^3 * z^3         = Coefficient of   x^2 * y^4 * z^4         = Coefficient of   x^1 * y^9               = Coefficient of   z^9                     = 
Here is the polynomial we're using this time:

3*x^14 + 4*x^11*y^1*z^1 + 4*x^8*y^2*z^2 + 4*x^5*y^3*z^3 + 4*x^1*y^9 + 4*z^9

The final length of G is 66
[11, 1, 0, 0]  	112	4 
[11, 0, 1, 0]  	113	4 
[13, 0, 0, 0]  	117	5  <--- 1
[1, 9, 0, 0]  	126	2 
[8, 3, 2, 0]  	139	4 
[8, 2, 3, 0]  	140	4 
[7, 4, 3, 0]  	157	5 
[7, 3, 4, 0]  	158	5 
[6, 0, 8, 0]  	166	4 
[7, 8, 0, 0]  	167	4 
[6, 5, 6, 0]  	203	4 
[6, 4, 7, 0]  	204	5 
[5, 5, 7, 0]  	208	5 
[5, 4, 8, 0]  	209	5 
[5, 3, 9, 0]  	210	5 
[5, 2, 10, 0]  	211	5 
[5, 1, 11, 0]  	212	5 
[5, 0, 12, 0]  	213	5 
[6, 8, 4, 0]  	214	5 
[6, 7, 5, 0]  	215	5 
[4, 1, 12, 0]  	217	4 
[4, 0, 13, 0]  	218	4 
[5, 8, 5, 0]  	219	4 
[5, 7, 6, 0]  	220	4 
[3, 2, 12, 0]  	221	4 
[3, 1, 13, 0]  	222	4 
[3, 0, 14, 0]  	223	4 
[4, 8, 6, 0]  	224	4 
[4, 6, 8, 0]  	226	4 
[4, 5, 9, 0]  	227	4 
[4, 4, 10, 0]  	228	4 
[4, 3, 11, 0]  	229	4 
[3, 5, 10, 0]  	232	3 
[3, 4, 11, 0]  	233	3 
[2, 6, 10, 0]  	236	3 
[2, 5, 11, 0]  	237	3 
[2, 2, 14, 0]  	240	3 
[2, 1, 15, 0]  	241	3 
[1, 2, 15, 0]  	245	2 
[1, 1, 16, 0]  	246	2 
[0, 17, 2, 0]  	249	2 
[0, 16, 3, 0]  	250	2 
[1, 6, 12, 0]  	255	2 
[0, 7, 12, 0]  	259	1 
[0, 20, 0, 0]  	260	2  <--- 2
[0, 3, 16, 0]  	263	1 
[0, 12, 8, 0]  	268	1 
[1, 0, 19, 0]  	275	2 
[0, 14, 7, 0]  	280	2 
[0, 0, 21, 0]  	294	1  <--- 3
[10, 2, 1, 1]  	130	5 
[10, 1, 2, 1]  	131	5 
[3, 6, 9, 1]  	231	3 
[2, 7, 9, 1]  	235	3 
[2, 0, 16, 1]  	242	3 
[1, 0, 17, 1]  	247	3 
[1, 7, 11, 1]  	254	2 
[7, 3, 2, 24]  	130	3 
[7, 2, 3, 24]  	131	3 
[5, 4, 7, 24]  	195	5 
[6, 7, 4, 24]  	201	5 
[1, 2, 14, 24]  	231	2 
[0, 17, 1, 24]  	235	2 
[1, 5, 12, 24]  	242	2 
[0, 19, 0, 24]  	247	2 
[0, 12, 7, 24]  	254	1 
------
For 27 = d/2-d1-d2-d3 you get 2
1*x^3
1*y^1*z^1

For 153 = 3*d/2-d1-d2-d3 you get 4
1*x^5*y^4*z^4
1*x^3*z^9
1*x^2*y^5*z^5
1*y^1*z^10

For 279 = 5*d/2-d1-d2-d3 you get 2
1*y^15*z^6
1*y^1*z^19

The invariant extra is equal to 2.
Start computing 5^3 Delta^1 (x1x2x3)^4... Done.
Start computing 5^4 Delta^2 (x1x2x3)^4... Done.
Start computing 5^5 Delta^3 (x1x2x3)^4... Done.
Start computing 5^6 Delta^4 (x1x2x3)^4... Done.
Start computing 5^7 Delta^5 (x1x2x3)^4... Done.
Start computing 5^8 Delta^6 (x1x2x3)^4... Done.
Start computing 5^9 Delta^7 (x1x2x3)^4... Done.
Start computing 5^10 Delta^8 (x1x2x3)^4... Done.
Start computing 5^11 Delta^9 (x1x2x3)^4... Done.
Start computing 5^12 Delta^10 (x1x2x3)^4... Done.
Start computing aa.
1 2 3 4 5 6 7 8 
[7293578180149006,4801479362385174,4789567654149820,1473877830580455,5115163524276365,6693132493073615,1468917957076750,2317391505319475;\
1341199139706861,2240526806428112,1925425170932240,10058433050182985,880852460401590,5236443184619555,10049771141051650,8693983609750800;\
4062238123953158,11256571828215208,2153368332869630,6545289457812525,7204044359811420,10007748389601275,11369996452966750,2180916894376300;\
8573331816792453,3251601020662425,131254406682435,3758513490132355,407548493685270,4089014695953395,7048627476838900,8207534213618625;\
9492643916326691,6022541100028852,3784840808758115,49257716849765,2903410572396920,4935545326417350,1959572047830225,10675139425852300;\
1320798006598268,4703653602228939,9379391695452705,6143792231438740,8968830317682620,2402047927858150,10895671689823500,11063502440653675;\
6336249559012714,3299978414359480,4595411758901705,6867566905514965,42290428216360,6527855395753410,8506122870142575,8297967423169325;\
5095264433791799,2266808307697791,7926141411850120,1699804889376105,64181218323260,2934192021172370,6311619423813050,546514954788875]
This should be the matrix of frobenius!
