


Please input coefficients below.
Coefficient of   x^14                     = Coefficient of   x^11 * y^1 * z^1         = Coefficient of   x^8 * y^2 * z^2         = Coefficient of   x^5 * y^3 * z^3         = Coefficient of   x^2 * y^4 * z^4         = Coefficient of   x^1 * y^9               = Coefficient of   z^9                     = 
Here is the polynomial we're using this time:

3*x^14 + 4*x^11*y^1*z^1 + 4*x^8*y^2*z^2 + 1*x^5*y^3*z^3 + 2*x^2*y^4*z^4 + 4*x^1*y^9 + 3*z^9

The final length of G is 65
[11, 1, 0, 0]  	112	5 
[11, 0, 1, 0]  	113	5 
[13, 0, 0, 0]  	117	6  <--- 1
[1, 9, 0, 0]  	126	2 
[8, 3, 2, 0]  	139	5 
[8, 2, 3, 0]  	140	5 
[7, 4, 3, 0]  	157	6 
[7, 3, 4, 0]  	158	6 
[6, 0, 8, 0]  	166	5 
[7, 8, 0, 0]  	167	5 
[6, 5, 6, 0]  	203	5 
[6, 4, 7, 0]  	204	5 
[5, 5, 7, 0]  	208	5 
[5, 4, 8, 0]  	209	5 
[5, 2, 10, 0]  	211	5 
[5, 1, 11, 0]  	212	5 
[6, 8, 4, 0]  	214	5 
[6, 7, 5, 0]  	215	5 
[4, 1, 12, 0]  	217	4 
[4, 0, 13, 0]  	218	4 
[5, 8, 5, 0]  	219	4 
[5, 7, 6, 0]  	220	4 
[3, 2, 12, 0]  	221	4 
[3, 0, 14, 0]  	223	4 
[4, 8, 6, 0]  	224	4 
[4, 6, 8, 0]  	226	4 
[4, 5, 9, 0]  	227	4 
[4, 3, 11, 0]  	229	4 
[3, 6, 9, 0]  	231	3 
[3, 5, 10, 0]  	232	3 
[3, 4, 11, 0]  	233	3 
[2, 7, 9, 0]  	235	3 
[2, 6, 10, 0]  	236	3 
[2, 5, 11, 0]  	237	3 
[2, 2, 14, 0]  	240	3 
[2, 1, 15, 0]  	241	3 
[2, 0, 16, 0]  	242	3 
[1, 2, 15, 0]  	245	2 
[1, 1, 16, 0]  	246	2 
[1, 0, 17, 0]  	247	3 
[0, 17, 2, 0]  	249	2 
[0, 16, 3, 0]  	250	2 
[1, 6, 12, 0]  	255	2 
[0, 7, 12, 0]  	259	1 
[0, 20, 0, 0]  	260	2  <--- 2
[0, 3, 16, 0]  	263	1 
[0, 12, 8, 0]  	268	1 
[0, 14, 7, 0]  	280	2 
[0, 0, 21, 0]  	294	1  <--- 3
[10, 2, 1, 1]  	130	6 
[10, 1, 2, 1]  	131	6 
[5, 3, 9, 1]  	210	5 
[5, 0, 12, 1]  	213	5 
[3, 1, 13, 1]  	222	4 
[4, 4, 10, 1]  	228	4 
[1, 7, 11, 1]  	254	2 
[7, 3, 2, 24]  	130	5 
[7, 2, 3, 24]  	131	5 
[5, 4, 7, 24]  	195	4 
[6, 7, 4, 24]  	201	4 
[4, 8, 5, 24]  	210	3 
[4, 5, 8, 24]  	213	3 
[2, 6, 9, 24]  	222	3 
[2, 0, 15, 24]  	228	3 
[0, 12, 7, 24]  	254	1 
------
For 27 = d/2-d1-d2-d3 you get 2
1*x^3
1*y^1*z^1

For 153 = 3*d/2-d1-d2-d3 you get 4
1*x^5*y^4*z^4
1*x^3*z^9
1*x^2*y^5*z^5
1*y^1*z^10

For 279 = 5*d/2-d1-d2-d3 you get 2
1*y^15*z^6
1*y^1*z^19

The invariant extra is equal to 2.
Start computing 5^3 Delta^1 (x1x2x3)^4... Done.
Start computing 5^4 Delta^2 (x1x2x3)^4... Done.
Start computing 5^5 Delta^3 (x1x2x3)^4... Done.
Start computing 5^6 Delta^4 (x1x2x3)^4... Done.
Start computing 5^7 Delta^5 (x1x2x3)^4... Done.
Start computing 5^8 Delta^6 (x1x2x3)^4... Done.
Start computing 5^9 Delta^7 (x1x2x3)^4... Done.
Start computing 5^10 Delta^8 (x1x2x3)^4... Done.
Start computing 5^11 Delta^9 (x1x2x3)^4... Done.
Start computing 5^12 Delta^10 (x1x2x3)^4... Done.
Start computing aa.
1 2 3 4 5 6 7 8 
[7770269340512307,9111899501346917,8349476613818325,6806954072424225,10058353608652110,2198662643415730,10151189458974650,9755940765952900;\
8877785332881537,10640988746648033,5117092944389435,4193991271464310,9246329641689345,2920466518220180,4930944948882800,10658771859009300;\
7755722464393066,8173808312930176,8862772598635295,10338145801586855,3766822166993005,2831538529560700,10673666305814000,3270694539463450;\
3521989776439391,8748893110471199,7440848021667910,6838110936877695,11454570148251835,1214501042124645,5451536853772200,7206545846938025;\
9656721541568114,6603923661309911,1442472900845670,318207769930335,9722598781023960,6489655543683115,8067300708887475,6504336949945100;\
7097663658582017,9934497362741216,11358500705559335,4734105548232950,4633288020673770,5118114584756405,4382496998270275,1012168642959050;\
1985486154798352,6848635495625091,5631269448850,1957021593843195,762847168704135,233987104687115,1909343824116050,4554892504456650;\
8412012982625915,4949483291258932,6163461611777455,9056574375787805,10204488291596900,10926454254520970,5207434970560075,6084572779227125]
This should be the matrix of frobenius!
