


Please input coefficients below.
Coefficient of   x^14                     = Coefficient of   x^11 * y^1 * z^1         = Coefficient of   x^8 * y^2 * z^2         = Coefficient of   x^5 * y^3 * z^3         = Coefficient of   x^2 * y^4 * z^4         = Coefficient of   x^1 * y^9               = Coefficient of   z^9                     = 
Here is the polynomial we're using this time:

3*x^14 + 4*x^11*y^1*z^1 + 3*x^5*y^3*z^3 + 2*x^1*y^9 + 4*z^9

The final length of G is 69
[11, 1, 0, 0]  	112	3 
[11, 0, 1, 0]  	113	3 
[13, 0, 0, 0]  	117	4  <--- 1
[1, 9, 0, 0]  	126	2 
[10, 2, 1, 0]  	130	5 
[10, 1, 2, 0]  	131	5 
[8, 3, 2, 0]  	139	4 
[8, 2, 3, 0]  	140	4 
[6, 0, 8, 0]  	166	4 
[7, 8, 0, 0]  	167	4 
[5, 4, 8, 0]  	209	5 
[5, 3, 9, 0]  	210	5 
[5, 2, 10, 0]  	211	5 
[5, 1, 11, 0]  	212	5 
[5, 0, 12, 0]  	213	5 
[6, 8, 4, 0]  	214	5 
[4, 1, 12, 0]  	217	4 
[5, 8, 5, 0]  	219	4 
[3, 2, 12, 0]  	221	4 
[3, 1, 13, 0]  	222	4 
[3, 0, 14, 0]  	223	4 
[4, 8, 6, 0]  	224	4 
[4, 6, 8, 0]  	226	4 
[4, 5, 9, 0]  	227	4 
[4, 4, 10, 0]  	228	4 
[4, 3, 11, 0]  	229	4 
[3, 6, 9, 0]  	231	3 
[3, 5, 10, 0]  	232	3 
[3, 4, 11, 0]  	233	3 
[2, 7, 9, 0]  	235	3 
[2, 5, 11, 0]  	237	3 
[2, 2, 14, 0]  	240	3 
[2, 0, 16, 0]  	242	3 
[1, 2, 15, 0]  	245	2 
[1, 1, 16, 0]  	246	2 
[1, 0, 17, 0]  	247	3 
[0, 17, 2, 0]  	249	2 
[0, 16, 3, 0]  	250	2 
[1, 7, 11, 0]  	254	2 
[1, 6, 12, 0]  	255	2 
[0, 7, 12, 0]  	259	1 
[0, 20, 0, 0]  	260	2  <--- 2
[0, 3, 16, 0]  	263	1 
[0, 12, 8, 0]  	268	1 
[0, 14, 7, 0]  	280	2 
[0, 0, 21, 0]  	294	1  <--- 3
[7, 4, 3, 1]  	157	5 
[7, 3, 4, 1]  	158	5 
[6, 5, 6, 1]  	203	4 
[6, 4, 7, 1]  	204	5 
[5, 5, 7, 1]  	208	5 
[6, 7, 5, 1]  	215	5 
[4, 0, 13, 1]  	218	4 
[5, 7, 6, 1]  	220	4 
[2, 6, 10, 1]  	236	3 
[2, 1, 15, 1]  	241	3 
[5, 0, 8, 24]  	157	3 
[6, 8, 0, 24]  	158	3 
[4, 1, 11, 24]  	203	3 
[3, 5, 8, 24]  	204	3 
[3, 1, 12, 24]  	208	3 
[4, 8, 5, 24]  	210	3 
[2, 3, 11, 24]  	211	3 
[2, 2, 12, 24]  	212	3 
[4, 3, 10, 24]  	215	3 
[2, 7, 8, 24]  	221	3 
[3, 8, 7, 24]  	229	3 
[0, 16, 2, 24]  	236	2 
[1, 6, 11, 24]  	241	2 
------
For 27 = d/2-d1-d2-d3 you get 2
1*x^3
1*y^1*z^1

For 153 = 3*d/2-d1-d2-d3 you get 4
1*x^5*y^4*z^4
1*x^3*z^9
1*x^2*y^5*z^5
1*y^1*z^10

For 279 = 5*d/2-d1-d2-d3 you get 2
1*y^15*z^6
1*y^1*z^19

The invariant extra is equal to 2.
Start computing 5^3 Delta^1 (x1x2x3)^4... Done.
Start computing 5^4 Delta^2 (x1x2x3)^4... Done.
Start computing 5^5 Delta^3 (x1x2x3)^4... Done.
Start computing 5^6 Delta^4 (x1x2x3)^4... Done.
Start computing 5^7 Delta^5 (x1x2x3)^4... Done.
Start computing 5^8 Delta^6 (x1x2x3)^4... Done.
Start computing 5^9 Delta^7 (x1x2x3)^4... Done.
Start computing 5^10 Delta^8 (x1x2x3)^4... Done.
Start computing 5^11 Delta^9 (x1x2x3)^4... Done.
Start computing 5^12 Delta^10 (x1x2x3)^4... Done.
Start computing aa.
1 2 3 4 5 6 7 8 
[2770164584982781,8726956717674068,5163020164056560,7039860576757615,8125887865131160,6997758167378155,6366717157246150,2393103628866475;\
7689864947245382,4720459514010698,6640359088297700,1484859949633560,8071914918560985,5872867443591130,3680728615569100,5980488037169800;\
1775019724058143,2503384831912565,10087100884760085,2744990338749895,4786166932983160,2216343684158965,3345621456016300,30437048543275;\
11307754473347464,1807509358364228,1914993220311085,8094024267075110,7371587969356385,2079328886474350,13399236930850,8312707737774450;\
352089102965222,241331407595032,330707920980730,4114619780710230,10132845108477825,3806405347233135,2654436793339000,11498788011596500;\
11319340261858789,10078367885121694,9229201207665615,7517339336088220,9275242628943230,1340972467858855,8552047378068100,8112955430005625;\
5931777260305442,6954195771924349,11182089279613605,1986555951164605,9004767981618480,8566538857768700,8360363259330050,11907009883976125;\
3162636952184701,5051043429896418,5977801134068925,9113440843049290,426287948838475,6215643830133610,10901350942702350,8706291104910850]
This should be the matrix of frobenius!
