


Please input coefficients below.
Coefficient of   x^14                     = Coefficient of   x^11 * y^1 * z^1         = Coefficient of   x^8 * y^2 * z^2         = Coefficient of   x^5 * y^3 * z^3         = Coefficient of   x^2 * y^4 * z^4         = Coefficient of   x^1 * y^9               = Coefficient of   z^9                     = 
Here is the polynomial we're using this time:

3*x^14 + 4*x^11*y^1*z^1 + 2*x^8*y^2*z^2 + 4*x^2*y^4*z^4 + 3*x^1*y^9 + 2*z^9

The final length of G is 76
[11, 1, 0, 0]  	112	4 
[11, 0, 1, 0]  	113	4 
[13, 0, 0, 0]  	117	5  <--- 1
[1, 9, 0, 0]  	126	2 
[10, 2, 1, 0]  	130	6 
[10, 1, 2, 0]  	131	6 
[8, 3, 2, 0]  	139	4 
[8, 2, 3, 0]  	140	4 
[6, 0, 8, 0]  	166	5 
[7, 8, 0, 0]  	167	5 
[6, 5, 6, 0]  	203	5 
[6, 4, 7, 0]  	204	5 
[5, 5, 7, 0]  	208	5 
[5, 4, 8, 0]  	209	5 
[7, 7, 4, 0]  	210	5 
[5, 3, 9, 0]  	210	5 
[7, 6, 5, 0]  	211	5 
[5, 2, 10, 0]  	211	5 
[5, 1, 11, 0]  	212	5 
[5, 0, 12, 0]  	213	5 
[6, 8, 4, 0]  	214	5 
[6, 7, 5, 0]  	215	5 
[4, 1, 12, 0]  	217	4 
[4, 0, 13, 0]  	218	4 
[5, 8, 5, 0]  	219	4 
[3, 2, 12, 0]  	221	4 
[3, 1, 13, 0]  	222	4 
[3, 0, 14, 0]  	223	4 
[4, 8, 6, 0]  	224	4 
[4, 6, 8, 0]  	226	4 
[4, 5, 9, 0]  	227	4 
[4, 4, 10, 0]  	228	4 
[4, 3, 11, 0]  	229	4 
[3, 4, 11, 0]  	233	3 
[2, 5, 11, 0]  	237	3 
[2, 2, 14, 0]  	240	3 
[1, 2, 15, 0]  	245	2 
[1, 7, 11, 0]  	254	2 
[1, 6, 12, 0]  	255	2 
[0, 7, 12, 0]  	259	1 
[0, 17, 3, 0]  	263	1 
[0, 3, 16, 0]  	263	1 
[0, 12, 8, 0]  	268	1 
[0, 21, 0, 0]  	273	1  <--- 2
[1, 0, 20, 0]  	289	1 
[0, 0, 21, 0]  	294	1  <--- 3
[7, 4, 3, 1]  	157	6 
[7, 3, 4, 1]  	158	6 
[5, 7, 6, 1]  	220	4 
[3, 6, 9, 1]  	231	3 
[3, 5, 10, 1]  	232	3 
[2, 7, 9, 1]  	235	3 
[2, 0, 16, 1]  	242	3 
[1, 0, 17, 1]  	247	3 
[0, 17, 2, 1]  	249	2 
[0, 16, 3, 1]  	250	2 
[0, 20, 0, 1]  	260	2 
[0, 14, 7, 1]  	280	2 
[1, 1, 16, 2]  	246	2 
[2, 6, 10, 4]  	236	3 
[2, 1, 15, 4]  	241	3 
[1, 6, 11, 21]  	241	2 
[0, 16, 2, 22]  	236	2 
[0, 6, 12, 23]  	246	1 
[0, 3, 15, 23]  	249	1 
[5, 0, 8, 24]  	157	5 
[6, 8, 0, 24]  	158	5 
[3, 3, 11, 24]  	220	3 
[1, 2, 14, 24]  	231	2 
[0, 6, 11, 24]  	232	1 
[0, 17, 1, 24]  	235	2 
[0, 2, 15, 24]  	236	1 
[1, 5, 12, 24]  	242	2 
[0, 19, 0, 24]  	247	2 
[0, 11, 8, 24]  	255	1 
[0, 0, 20, 24]  	280	1 
------
For 27 = d/2-d1-d2-d3 you get 2
1*x^3
1*y^1*z^1

For 153 = 3*d/2-d1-d2-d3 you get 4
1*x^5*y^4*z^4
1*x^3*z^9
1*x^2*y^5*z^5
1*y^1*z^10

For 279 = 5*d/2-d1-d2-d3 you get 2
1*y^15*z^6
1*y^1*z^19

The invariant extra is equal to 2.
Start computing 5^3 Delta^1 (x1x2x3)^4... Done.
Start computing 5^4 Delta^2 (x1x2x3)^4... Done.
Start computing 5^5 Delta^3 (x1x2x3)^4... Done.
Start computing 5^6 Delta^4 (x1x2x3)^4... Done.
Start computing 5^7 Delta^5 (x1x2x3)^4... Done.
Start computing 5^8 Delta^6 (x1x2x3)^4... Done.
Start computing 5^9 Delta^7 (x1x2x3)^4... Done.
Start computing 5^10 Delta^8 (x1x2x3)^4... Done.
Start computing 5^11 Delta^9 (x1x2x3)^4... Done.
Start computing 5^12 Delta^10 (x1x2x3)^4... Done.
Start computing aa.
1 2 3 4 5 6 7 8 
[11260658610127286,1459445161336273,5838794850113995,7657286201395180,10807455448382810,4492623584627655,1031351272045950,6659505424020575;\
5754186494246504,1837581367774973,9605477736928085,1954228024418355,3021023603073500,9979460604779545,996724963222200,11069377604307525;\
740694532598399,1800858307294245,7822548273002470,325469138354725,2050434077685775,5069637673419250,5441411579288050,2050868290182000;\
413970219671230,3662421613421407,7008160017811160,7904222761643305,9231273959206980,4546266396330470,10762232652097450,3198944105246075;\
8609020270217605,4081322387734771,4116845361770340,4168291245838225,1879633475995975,891654054696850,2673333603554725,11512935678108325;\
3905355511115511,9321821184219152,9943417568530180,3342015362887170,6664546389520415,9207101301051495,10683554520718950,5772333731048500;\
4094842281085823,10198961121138730,9348394707337555,7459226531488015,7850987417749690,371654983568310,11365331495652125,10042846064647875;\
2354524953924629,4443543477936595,4333463449169125,10932706153704155,3702233184724180,8298436229848870,599363369923500,4429005658111750]
This should be the matrix of frobenius!
