


Please input coefficients below.
Coefficient of   x^14                     = Coefficient of   x^11 * y^1 * z^1         = Coefficient of   x^8 * y^2 * z^2         = Coefficient of   x^5 * y^3 * z^3         = Coefficient of   x^2 * y^4 * z^4         = Coefficient of   x^1 * y^9               = Coefficient of   z^9                     = 
Here is the polynomial we're using this time:

3*x^14 + 4*x^11*y^1*z^1 + 4*x^8*y^2*z^2 + 4*x^5*y^3*z^3 + 3*x^2*y^4*z^4 + 1*x^1*y^9 + 3*z^9

The final length of G is 70
[11, 1, 0, 0]  	112	5 
[11, 0, 1, 0]  	113	5 
[13, 0, 0, 0]  	117	6  <--- 1
[1, 9, 0, 0]  	126	2 
[8, 3, 2, 0]  	139	5 
[8, 2, 3, 0]  	140	5 
[7, 4, 3, 0]  	157	6 
[7, 3, 4, 0]  	158	6 
[6, 0, 8, 0]  	166	5 
[7, 8, 0, 0]  	167	5 
[5, 3, 9, 0]  	210	5 
[5, 2, 10, 0]  	211	5 
[5, 1, 11, 0]  	212	5 
[5, 0, 12, 0]  	213	5 
[4, 1, 12, 0]  	217	4 
[4, 0, 13, 0]  	218	4 
[5, 8, 5, 0]  	219	4 
[3, 2, 12, 0]  	221	4 
[5, 5, 8, 0]  	222	4 
[3, 1, 13, 0]  	222	4 
[3, 0, 14, 0]  	223	4 
[4, 8, 6, 0]  	224	4 
[4, 6, 8, 0]  	226	4 
[4, 5, 9, 0]  	227	4 
[4, 4, 10, 0]  	228	4 
[4, 3, 11, 0]  	229	4 
[3, 6, 9, 0]  	231	3 
[3, 5, 10, 0]  	232	3 
[2, 7, 9, 0]  	235	3 
[2, 6, 10, 0]  	236	3 
[2, 5, 11, 0]  	237	3 
[2, 2, 14, 0]  	240	3 
[2, 1, 15, 0]  	241	3 
[2, 0, 16, 0]  	242	3 
[1, 1, 16, 0]  	246	2 
[1, 0, 17, 0]  	247	3 
[0, 17, 2, 0]  	249	2 
[1, 7, 11, 0]  	254	2 
[0, 7, 12, 0]  	259	1 
[0, 20, 0, 0]  	260	2  <--- 2
[0, 3, 16, 0]  	263	1 
[0, 12, 8, 0]  	268	1 
[0, 0, 21, 0]  	294	1  <--- 3
[10, 2, 1, 1]  	130	6 
[10, 1, 2, 1]  	131	6 
[6, 4, 7, 1]  	204	5 
[5, 5, 7, 1]  	208	5 
[5, 4, 8, 1]  	209	5 
[6, 8, 4, 1]  	214	5 
[6, 7, 5, 1]  	215	5 
[5, 7, 6, 1]  	220	4 
[3, 4, 11, 1]  	233	3 
[1, 2, 15, 1]  	245	2 
[0, 16, 3, 1]  	250	2 
[1, 6, 12, 1]  	255	2 
[0, 14, 7, 1]  	280	2 
[6, 5, 6, 2]  	203	5 
[4, 1, 11, 23]  	203	4 
[7, 3, 2, 24]  	130	5 
[7, 2, 3, 24]  	131	5 
[3, 0, 12, 24]  	195	4 
[4, 3, 9, 24]  	201	4 
[3, 6, 8, 24]  	217	2 
[2, 8, 7, 24]  	220	2 
[2, 7, 8, 24]  	221	2 
[1, 0, 16, 24]  	233	2 
[0, 7, 11, 24]  	245	1 
[0, 2, 16, 24]  	250	1 
[0, 11, 8, 24]  	255	1 
[0, 0, 20, 24]  	280	1 
------
For 27 = d/2-d1-d2-d3 you get 2
1*x^3
1*y^1*z^1

For 153 = 3*d/2-d1-d2-d3 you get 4
1*x^5*y^4*z^4
1*x^3*z^9
1*x^2*y^5*z^5
1*y^1*z^10

For 279 = 5*d/2-d1-d2-d3 you get 2
1*y^15*z^6
1*y^1*z^19

The invariant extra is equal to 2.
Start computing 5^3 Delta^1 (x1x2x3)^4... Done.
Start computing 5^4 Delta^2 (x1x2x3)^4... Done.
Start computing 5^5 Delta^3 (x1x2x3)^4... Done.
Start computing 5^6 Delta^4 (x1x2x3)^4... Done.
Start computing 5^7 Delta^5 (x1x2x3)^4... Done.
Start computing 5^8 Delta^6 (x1x2x3)^4... Done.
Start computing 5^9 Delta^7 (x1x2x3)^4... Done.
Start computing 5^10 Delta^8 (x1x2x3)^4... Done.
Start computing 5^11 Delta^9 (x1x2x3)^4... Done.
Start computing 5^12 Delta^10 (x1x2x3)^4... Done.
Start computing aa.
1 2 3 4 5 6 7 8 
[1028197539204348,8298930539702406,3654579447386240,6846749275707035,7331664602868215,1224962437050750,2322145938411475,11409728921052875;\
8304525684225273,11420965228480387,4198020918584285,5245169334690035,9081467049194330,5578142020102895,4506188981196700,10860610118257375;\
4121152683003693,4577819412713724,2747248278329910,6285699548290820,9325577802807865,8117530597486350,65489203157625,3188470932146200;\
385598866929493,8134312822224857,4544873094081530,9067348940753040,9435532838136480,9963508932273425,1429222107609850,9550557680578875;\
10235434638590129,9698462785463438,10210871917235325,5298883079950030,6581892529924570,5967952823148975,11895072064950800,9641381361437925;\
7150973660002350,5815239156149036,11365614947078595,3511583836478765,8444166705457845,3310766515496220,6241419126958025,11265078290423450;\
9611136811372498,1234979314194636,9776716336211020,1810772299112955,2882808324319845,3299286359007600,1695996262138950,11656517386139325;\
5742776244858173,6800983101989157,8167010659875950,10209900221958735,7586995132576235,4737499953732075,2593807035505700,6078203082625700]
This should be the matrix of frobenius!
