


Please input coefficients below.
Coefficient of   x^14                     = Coefficient of   x^11 * y^1 * z^1         = Coefficient of   x^8 * y^2 * z^2         = Coefficient of   x^5 * y^3 * z^3         = Coefficient of   x^2 * y^4 * z^4         = Coefficient of   x^1 * y^9               = Coefficient of   z^9                     = 
Here is the polynomial we're using this time:

4*x^14 + 1*x^11*y^1*z^1 + 1*x^8*y^2*z^2 + 1*x^5*y^3*z^3 + 4*x^2*y^4*z^4 + 2*x^1*y^9 + 3*z^9

The final length of G is 69
[11, 1, 0, 0]  	112	5 
[11, 0, 1, 0]  	113	5 
[13, 0, 0, 0]  	117	6  <--- 1
[1, 9, 0, 0]  	126	2 
[10, 2, 1, 0]  	130	6 
[10, 1, 2, 0]  	131	6 
[8, 3, 2, 0]  	139	5 
[8, 2, 3, 0]  	140	5 
[7, 4, 3, 0]  	157	6 
[7, 3, 4, 0]  	158	6 
[6, 0, 8, 0]  	166	5 
[7, 8, 0, 0]  	167	5 
[6, 5, 6, 0]  	203	5 
[5, 5, 7, 0]  	208	5 
[5, 4, 8, 0]  	209	5 
[5, 2, 10, 0]  	211	5 
[5, 1, 11, 0]  	212	5 
[6, 8, 4, 0]  	214	5 
[6, 7, 5, 0]  	215	5 
[5, 8, 5, 0]  	219	4 
[3, 0, 14, 0]  	223	4 
[4, 8, 6, 0]  	224	4 
[4, 6, 8, 0]  	226	4 
[5, 0, 13, 0]  	227	4 
[4, 5, 9, 0]  	227	4 
[3, 6, 9, 0]  	231	3 
[3, 5, 10, 0]  	232	3 
[2, 7, 9, 0]  	235	3 
[2, 6, 10, 0]  	236	3 
[2, 5, 11, 0]  	237	3 
[2, 2, 14, 0]  	240	3 
[2, 1, 15, 0]  	241	3 
[2, 0, 16, 0]  	242	3 
[1, 2, 15, 0]  	245	2 
[1, 1, 16, 0]  	246	2 
[1, 0, 17, 0]  	247	3 
[0, 17, 2, 0]  	249	2 
[0, 16, 3, 0]  	250	2 
[1, 7, 11, 0]  	254	2 
[1, 6, 12, 0]  	255	2 
[0, 7, 12, 0]  	259	1 
[0, 20, 0, 0]  	260	2  <--- 2
[0, 3, 16, 0]  	263	1 
[0, 12, 8, 0]  	268	1 
[0, 14, 7, 0]  	280	2 
[0, 0, 21, 0]  	294	1  <--- 3
[6, 4, 7, 1]  	204	5 
[5, 3, 9, 1]  	210	5 
[5, 0, 12, 1]  	213	5 
[4, 1, 12, 1]  	217	4 
[4, 0, 13, 1]  	218	4 
[3, 2, 12, 1]  	221	4 
[3, 1, 13, 1]  	222	4 
[4, 4, 10, 1]  	228	4 
[4, 3, 11, 1]  	229	4 
[3, 4, 11, 1]  	233	3 
[5, 7, 6, 2]  	220	4 
[3, 5, 8, 24]  	204	1 
[4, 8, 5, 24]  	210	1 
[3, 3, 11, 24]  	220	2 
[2, 8, 7, 24]  	220	1 
[2, 7, 8, 24]  	221	1 
[2, 6, 9, 24]  	222	3 
[2, 0, 15, 24]  	228	3 
[1, 2, 14, 24]  	231	2 
[1, 0, 16, 24]  	233	1 
[0, 17, 1, 24]  	235	2 
[1, 5, 12, 24]  	242	2 
[0, 19, 0, 24]  	247	2 
------
For 27 = d/2-d1-d2-d3 you get 2
1*x^3
1*y^1*z^1

For 153 = 3*d/2-d1-d2-d3 you get 4
1*x^5*y^4*z^4
1*x^3*z^9
1*x^2*y^5*z^5
1*y^1*z^10

For 279 = 5*d/2-d1-d2-d3 you get 2
1*y^15*z^6
1*y^1*z^19

The invariant extra is equal to 2.
Start computing 5^3 Delta^1 (x1x2x3)^4... Done.
Start computing 5^4 Delta^2 (x1x2x3)^4... Done.
Start computing 5^5 Delta^3 (x1x2x3)^4... Done.
Start computing 5^6 Delta^4 (x1x2x3)^4... Done.
Start computing 5^7 Delta^5 (x1x2x3)^4... Done.
Start computing 5^8 Delta^6 (x1x2x3)^4... Done.
Start computing 5^9 Delta^7 (x1x2x3)^4... Done.
Start computing 5^10 Delta^8 (x1x2x3)^4... Done.
Start computing 5^11 Delta^9 (x1x2x3)^4... Done.
Start computing 5^12 Delta^10 (x1x2x3)^4... Done.
Start computing aa.
1 2 3 4 5 6 7 8 
[1672720662406149,3695104782258809,11043364084783240,646941797094360,11654355519086605,7079262388094855,11576366246395400,11405649302032525;\
699892759809257,1333077699735707,3552821874049170,845837571245005,11629046034726070,4205439515865035,2261429259679525,2115620894971025;\
10056436429078085,1977441379546825,9627463075126900,11285281972240600,10221685366126975,550527689457425,1027543572677350,7526371928925875;\
6222146261884096,6106626512624605,7582882877140280,349146033255135,3173103172439145,2690459849331735,4180198735059725,1777741238499050;\
5043312869899516,10025164263101861,10263272693022175,11554606624651195,2050853950917245,2124662624126120,6402126087904775,4779704926567025;\
4619070185953363,6302044104187648,8183132281409545,3819362515821220,2603237327320655,11389068368417740,5337985387014500,3513217564789550;\
8670975513282073,1523144774126231,8819416303429325,6382841666756100,7793175198194895,3434734224740720,187161517563150,458694679182675;\
3512806948638413,9706820912410619,3555500598887615,4516680084986475,7822393391033015,11326445612529760,4544119916916900,8973752538281100]
This should be the matrix of frobenius!
