


Please input coefficients below.
Coefficient of   x^14                     = Coefficient of   x^11 * y^1 * z^1         = Coefficient of   x^8 * y^2 * z^2         = Coefficient of   x^5 * y^3 * z^3         = Coefficient of   x^2 * y^4 * z^4         = Coefficient of   x^1 * y^9               = Coefficient of   z^9                     = 
Here is the polynomial we're using this time:

4*x^14 + 1*x^11*y^1*z^1 + 3*x^8*y^2*z^2 + 1*x^5*y^3*z^3 + 2*x^1*y^9 + 1*z^9

The final length of G is 65
[11, 1, 0, 0]  	112	4 
[11, 0, 1, 0]  	113	4 
[13, 0, 0, 0]  	117	5  <--- 1
[1, 9, 0, 0]  	126	2 
[8, 3, 2, 0]  	139	4 
[8, 2, 3, 0]  	140	4 
[7, 4, 3, 0]  	157	5 
[7, 3, 4, 0]  	158	5 
[6, 0, 8, 0]  	166	4 
[7, 8, 0, 0]  	167	4 
[6, 5, 6, 0]  	203	4 
[6, 4, 7, 0]  	204	5 
[5, 5, 7, 0]  	208	5 
[5, 4, 8, 0]  	209	5 
[5, 3, 9, 0]  	210	5 
[5, 0, 12, 0]  	213	5 
[6, 8, 4, 0]  	214	5 
[6, 7, 5, 0]  	215	5 
[4, 1, 12, 0]  	217	4 
[5, 8, 5, 0]  	219	4 
[3, 2, 12, 0]  	221	4 
[3, 1, 13, 0]  	222	4 
[3, 0, 14, 0]  	223	4 
[4, 5, 9, 0]  	227	4 
[4, 4, 10, 0]  	228	4 
[4, 3, 11, 0]  	229	4 
[3, 6, 9, 0]  	231	3 
[3, 5, 10, 0]  	232	3 
[3, 4, 11, 0]  	233	3 
[2, 7, 9, 0]  	235	3 
[2, 5, 11, 0]  	237	3 
[2, 2, 14, 0]  	240	3 
[2, 0, 16, 0]  	242	3 
[1, 2, 15, 0]  	245	2 
[1, 1, 16, 0]  	246	2 
[1, 0, 17, 0]  	247	3 
[0, 17, 2, 0]  	249	2 
[0, 16, 3, 0]  	250	2 
[1, 7, 11, 0]  	254	2 
[1, 6, 12, 0]  	255	2 
[0, 7, 12, 0]  	259	1 
[0, 20, 0, 0]  	260	2  <--- 2
[0, 3, 16, 0]  	263	1 
[0, 12, 8, 0]  	268	1 
[0, 14, 7, 0]  	280	2 
[0, 0, 21, 0]  	294	1  <--- 3
[5, 2, 10, 1]  	211	5 
[5, 1, 11, 1]  	212	5 
[4, 0, 13, 1]  	218	4 
[5, 7, 6, 1]  	220	4 
[4, 8, 6, 1]  	224	4 
[4, 6, 8, 1]  	226	4 
[2, 6, 10, 1]  	236	3 
[2, 1, 15, 1]  	241	3 
[10, 2, 1, 2]  	130	5 
[10, 1, 2, 2]  	131	5 
[7, 3, 2, 23]  	130	4 
[7, 2, 3, 23]  	131	4 
[5, 4, 7, 23]  	195	5 
[6, 7, 4, 23]  	201	5 
[2, 3, 11, 24]  	211	3 
[2, 2, 12, 24]  	212	3 
[3, 5, 9, 24]  	218	3 
[0, 16, 2, 24]  	236	2 
[1, 6, 11, 24]  	241	2 
------
For 27 = d/2-d1-d2-d3 you get 2
1*x^3
1*y^1*z^1

For 153 = 3*d/2-d1-d2-d3 you get 4
1*x^5*y^4*z^4
1*x^3*z^9
1*x^2*y^5*z^5
1*y^1*z^10

For 279 = 5*d/2-d1-d2-d3 you get 2
1*y^15*z^6
1*y^1*z^19

The invariant extra is equal to 2.
Start computing 5^3 Delta^1 (x1x2x3)^4... Done.
Start computing 5^4 Delta^2 (x1x2x3)^4... Done.
Start computing 5^5 Delta^3 (x1x2x3)^4... Done.
Start computing 5^6 Delta^4 (x1x2x3)^4... Done.
Start computing 5^7 Delta^5 (x1x2x3)^4... Done.
Start computing 5^8 Delta^6 (x1x2x3)^4... Done.
Start computing 5^9 Delta^7 (x1x2x3)^4... Done.
Start computing 5^10 Delta^8 (x1x2x3)^4... Done.
Start computing 5^11 Delta^9 (x1x2x3)^4... Done.
Start computing 5^12 Delta^10 (x1x2x3)^4... Done.
Start computing aa.
1 2 3 4 5 6 7 8 
[726294897509633,8500089469334266,9881017798386230,3477530130342915,2277120180386410,6363615398294720,1638032512245275,3562936611127075;\
8103528610135770,4803645311056413,2934876838574060,6689159994685535,7166688928726770,131615794425495,4391579369900600,6472108271040275;\
5797234658912853,11012165326598007,3010208926335325,1343747841794760,10881326967266570,657547704463220,9896713457035650,6224144798915325;\
11787535548616083,6682068426615219,3451061588243335,575485107966665,11321782435606145,11790387912672630,74386979556300,11787607708648200;\
1858800551275966,1164919082648589,5707238742628570,4279763905320030,634036792700700,8814307526699440,8665187097127050,2348113330993700;\
8998555286487369,1359589285796852,6388269383967955,3230247375384630,696711334268235,7783162552980745,3410851825443225,1098533627823100;\
738734865553761,7059629995306958,5494686193975145,6571034446151305,2706908799306015,8197429932389760,4652110384746225,1858675933798750;\
4060001496489278,8797362793698266,10271007627041545,7662360190638970,3234337132761045,2499089185892890,1826603618187175,2391429934907425]
This should be the matrix of frobenius!
