


Please input coefficients below.
Coefficient of   x^14                     = Coefficient of   x^11 * y^1 * z^1         = Coefficient of   x^8 * y^2 * z^2         = Coefficient of   x^5 * y^3 * z^3         = Coefficient of   x^2 * y^4 * z^4         = Coefficient of   x^1 * y^9               = Coefficient of   z^9                     = 
Here is the polynomial we're using this time:

4*x^14 + 1*x^11*y^1*z^1 + 1*x^8*y^2*z^2 + 4*x^5*y^3*z^3 + 4*x^1*y^9 + 4*z^9

The final length of G is 76
[11, 1, 0, 0]  	112	4 
[11, 0, 1, 0]  	113	4 
[13, 0, 0, 0]  	117	5  <--- 1
[1, 9, 0, 0]  	126	2 
[10, 2, 1, 0]  	130	5 
[10, 1, 2, 0]  	131	5 
[8, 3, 2, 0]  	139	4 
[8, 2, 3, 0]  	140	4 
[6, 0, 8, 0]  	166	4 
[7, 8, 0, 0]  	167	4 
[5, 4, 8, 0]  	209	5 
[5, 3, 9, 0]  	210	5 
[5, 2, 10, 0]  	211	5 
[5, 1, 11, 0]  	212	5 
[5, 0, 12, 0]  	213	5 
[6, 8, 4, 0]  	214	5 
[4, 1, 12, 0]  	217	4 
[4, 0, 13, 0]  	218	4 
[5, 8, 5, 0]  	219	4 
[3, 2, 12, 0]  	221	4 
[3, 1, 13, 0]  	222	4 
[3, 0, 14, 0]  	223	4 
[4, 5, 9, 0]  	227	4 
[4, 4, 10, 0]  	228	4 
[4, 3, 11, 0]  	229	4 
[3, 6, 9, 0]  	231	3 
[3, 4, 11, 0]  	233	3 
[2, 7, 9, 0]  	235	3 
[2, 6, 10, 0]  	236	3 
[2, 5, 11, 0]  	237	3 
[2, 2, 14, 0]  	240	3 
[2, 1, 15, 0]  	241	3 
[2, 0, 16, 0]  	242	3 
[1, 2, 15, 0]  	245	2 
[1, 1, 16, 0]  	246	2 
[1, 0, 17, 0]  	247	3 
[0, 17, 2, 0]  	249	2 
[0, 16, 3, 0]  	250	2 
[1, 6, 12, 0]  	255	2 
[0, 7, 12, 0]  	259	1 
[0, 20, 0, 0]  	260	2  <--- 2
[0, 3, 16, 0]  	263	1 
[0, 12, 8, 0]  	268	1 
[0, 14, 7, 0]  	280	2 
[0, 0, 21, 0]  	294	1  <--- 3
[6, 4, 7, 1]  	204	5 
[5, 5, 7, 1]  	208	5 
[7, 7, 4, 1]  	210	5 
[6, 7, 5, 1]  	215	5 
[5, 7, 6, 1]  	220	4 
[4, 8, 6, 1]  	224	4 
[4, 6, 8, 1]  	226	4 
[3, 5, 10, 1]  	232	3 
[7, 4, 3, 2]  	157	5 
[7, 3, 4, 2]  	158	5 
[6, 5, 6, 2]  	203	4 
[1, 7, 11, 2]  	254	2 
[5, 0, 8, 23]  	157	4 
[6, 8, 0, 23]  	158	4 
[4, 1, 11, 23]  	203	3 
[2, 4, 11, 23]  	224	3 
[2, 2, 13, 23]  	226	3 
[0, 12, 7, 23]  	254	1 
[4, 0, 12, 24]  	204	3 
[3, 1, 12, 24]  	208	4 
[4, 8, 5, 24]  	210	3 
[4, 7, 6, 24]  	211	4 
[2, 3, 11, 24]  	211	3 
[4, 6, 7, 24]  	212	4 
[2, 2, 12, 24]  	212	3 
[4, 5, 8, 24]  	213	3 
[4, 3, 10, 24]  	215	4 
[3, 6, 8, 24]  	217	3 
[2, 7, 8, 24]  	221	3 
[3, 8, 7, 24]  	229	3 
[1, 1, 15, 24]  	232	2 
------
For 27 = d/2-d1-d2-d3 you get 2
1*x^3
1*y^1*z^1

For 153 = 3*d/2-d1-d2-d3 you get 4
1*x^5*y^4*z^4
1*x^3*z^9
1*x^2*y^5*z^5
1*y^1*z^10

For 279 = 5*d/2-d1-d2-d3 you get 2
1*y^15*z^6
1*y^1*z^19

The invariant extra is equal to 2.
Start computing 5^3 Delta^1 (x1x2x3)^4... Done.
Start computing 5^4 Delta^2 (x1x2x3)^4... Done.
Start computing 5^5 Delta^3 (x1x2x3)^4... Done.
Start computing 5^6 Delta^4 (x1x2x3)^4... Done.
Start computing 5^7 Delta^5 (x1x2x3)^4... Done.
Start computing 5^8 Delta^6 (x1x2x3)^4... Done.
Start computing 5^9 Delta^7 (x1x2x3)^4... Done.
Start computing 5^10 Delta^8 (x1x2x3)^4... Done.
Start computing 5^11 Delta^9 (x1x2x3)^4... Done.
Start computing 5^12 Delta^10 (x1x2x3)^4... Done.
Start computing aa.
1 2 3 4 5 6 7 8 
[7029238957720843,6200175037788637,2554423712697685,431721072808465,640358802687235,7303255924762190,4297528098495625,3485090993339800;\
3889784923707383,1501553013157301,7307517096657765,1268816350894955,3584072361615865,7421120040548940,2981180234486000,5356664926908225;\
4743850118044344,4137894379832461,7526860165301160,9102132792775975,7591352545317445,9862391960208660,2993658946672300,1298966211716050;\
6181869156965532,11152093695292269,8316027866892355,422594890197800,11787527231886135,3240237732183060,8233055372803350,4458250165229175;\
7813332538764830,3001909523948350,5859360330647445,5792600310556335,9520309884914880,6437845470669380,7300885632474050,1851319549136750;\
4764723087449426,2079867829248406,6319090838792575,7297334389336265,2618627313516175,2613515188403865,11104518032390550,10834899384988125;\
6170562801456551,5420575956360877,653985158120315,1427469677511550,3599257176426080,8047277680703030,1660396527064300,11701053291413225;\
6315029366677470,8764645065915927,2991506227050325,9717154008270475,2788273370697975,11732069113196785,3196478749399750,5564712838083600]
This should be the matrix of frobenius!
