


Please input coefficients below.
Coefficient of   x^14                     = Coefficient of   x^11 * y^1 * z^1         = Coefficient of   x^8 * y^2 * z^2         = Coefficient of   x^5 * y^3 * z^3         = Coefficient of   x^2 * y^4 * z^4         = Coefficient of   x^1 * y^9               = Coefficient of   z^9                     = 
Here is the polynomial we're using this time:

4*x^14 + 1*x^11*y^1*z^1 + 4*x^8*y^2*z^2 + 2*x^5*y^3*z^3 + 1*x^1*y^9 + 1*z^9

The final length of G is 67
[11, 1, 0, 0]  	112	4 
[11, 0, 1, 0]  	113	4 
[13, 0, 0, 0]  	117	5  <--- 1
[1, 9, 0, 0]  	126	2 
[10, 2, 1, 0]  	130	5 
[10, 1, 2, 0]  	131	5 
[8, 3, 2, 0]  	139	4 
[8, 2, 3, 0]  	140	4 
[7, 4, 3, 0]  	157	5 
[7, 3, 4, 0]  	158	5 
[6, 0, 8, 0]  	166	4 
[7, 8, 0, 0]  	167	4 
[6, 5, 6, 0]  	203	4 
[6, 4, 7, 0]  	204	5 
[5, 3, 9, 0]  	210	5 
[5, 2, 10, 0]  	211	5 
[5, 1, 11, 0]  	212	5 
[5, 0, 12, 0]  	213	5 
[4, 0, 13, 0]  	218	4 
[5, 7, 6, 0]  	220	4 
[5, 6, 7, 0]  	221	4 
[3, 1, 13, 0]  	222	4 
[3, 0, 14, 0]  	223	4 
[4, 8, 6, 0]  	224	4 
[4, 6, 8, 0]  	226	4 
[4, 5, 9, 0]  	227	4 
[4, 4, 10, 0]  	228	4 
[3, 6, 9, 0]  	231	3 
[3, 5, 10, 0]  	232	3 
[3, 4, 11, 0]  	233	3 
[2, 7, 9, 0]  	235	3 
[2, 6, 10, 0]  	236	3 
[2, 5, 11, 0]  	237	3 
[2, 2, 14, 0]  	240	3 
[2, 1, 15, 0]  	241	3 
[2, 0, 16, 0]  	242	3 
[1, 1, 16, 0]  	246	2 
[1, 0, 17, 0]  	247	3 
[0, 17, 2, 0]  	249	2 
[1, 7, 11, 0]  	254	2 
[0, 7, 12, 0]  	259	1 
[0, 20, 0, 0]  	260	2  <--- 2
[0, 3, 16, 0]  	263	1 
[0, 12, 8, 0]  	268	1 
[0, 0, 21, 0]  	294	1  <--- 3
[5, 5, 7, 1]  	208	5 
[5, 4, 8, 1]  	209	5 
[6, 8, 4, 1]  	214	5 
[6, 7, 5, 1]  	215	5 
[4, 1, 12, 1]  	217	4 
[5, 8, 5, 1]  	219	4 
[3, 2, 12, 1]  	221	4 
[4, 3, 11, 1]  	229	4 
[1, 2, 15, 1]  	245	2 
[0, 16, 3, 1]  	250	2 
[1, 6, 12, 1]  	255	2 
[0, 14, 7, 1]  	280	2 
[2, 6, 8, 24]  	208	3 
[3, 0, 13, 24]  	209	2 
[4, 4, 9, 24]  	214	2 
[3, 8, 6, 24]  	215	3 
[3, 4, 10, 24]  	219	3 
[2, 0, 15, 24]  	228	3 
[0, 7, 11, 24]  	245	1 
[0, 2, 16, 24]  	250	1 
[0, 11, 8, 24]  	255	1 
[0, 0, 20, 24]  	280	1 
------
For 27 = d/2-d1-d2-d3 you get 2
1*x^3
1*y^1*z^1

For 153 = 3*d/2-d1-d2-d3 you get 4
1*x^5*y^4*z^4
1*x^3*z^9
1*x^2*y^5*z^5
1*y^1*z^10

For 279 = 5*d/2-d1-d2-d3 you get 2
1*y^15*z^6
1*y^1*z^19

The invariant extra is equal to 2.
Start computing 5^3 Delta^1 (x1x2x3)^4... Done.
Start computing 5^4 Delta^2 (x1x2x3)^4... Done.
Start computing 5^5 Delta^3 (x1x2x3)^4... Done.
Start computing 5^6 Delta^4 (x1x2x3)^4... Done.
Start computing 5^7 Delta^5 (x1x2x3)^4... Done.
Start computing 5^8 Delta^6 (x1x2x3)^4... Done.
Start computing 5^9 Delta^7 (x1x2x3)^4... Done.
Start computing 5^10 Delta^8 (x1x2x3)^4... Done.
Start computing 5^11 Delta^9 (x1x2x3)^4... Done.
Start computing 5^12 Delta^10 (x1x2x3)^4... Done.
Start computing aa.
1 2 3 4 5 6 7 8 
[8964042710091176,9976117501675848,3263445044444070,4320049547076415,1317003301296780,231387132748155,11717003340984800,8074200532231100;\
8018884194962604,11527237826718204,8126871141273660,2708998759069125,8816952885755900,11309234532026050,8405827726165275,7997681206733475;\
10016992559400248,879120421992753,9689413186651100,3644408349032370,5851300890888485,8712455627777770,9397099006534125,4280543084680875;\
1387867938583542,170101261294057,1735735741981325,2624264701180810,7391088652267095,5591183409980370,11062167572887275,4777742484990925;\
3649754006800244,8209107803021073,9322145685010570,4232567048823200,1268741900029145,6772032711467650,4718013194031250,389298436316575;\
9529290725883890,7211697800839485,3741992561708875,779134580771725,4549351313879005,11229687909618895,5658325739317000,7988536722474175;\
2195009696416309,6661360597743969,4112857525469925,2305189874553920,10245865088187315,1251064147047840,544732856571675,1203826246156175;\
4433599415040497,6756345623468967,7837899217297425,9968221720986905,9137331096709215,490977193657305,6307920528222600,7521581565389000]
This should be the matrix of frobenius!
