


Please input coefficients below.
Coefficient of   x^14                     = Coefficient of   x^11 * y^1 * z^1         = Coefficient of   x^8 * y^2 * z^2         = Coefficient of   x^5 * y^3 * z^3         = Coefficient of   x^2 * y^4 * z^4         = Coefficient of   x^1 * y^9               = Coefficient of   z^9                     = 
Here is the polynomial we're using this time:

4*x^14 + 2*x^11*y^1*z^1 + 2*x^8*y^2*z^2 + 1*x^2*y^4*z^4 + 3*x^1*y^9 + 2*z^9

The final length of G is 66
[11, 1, 0, 0]  	112	4 
[11, 0, 1, 0]  	113	4 
[13, 0, 0, 0]  	117	5  <--- 1
[1, 9, 0, 0]  	126	2 
[8, 3, 2, 0]  	139	5 
[8, 2, 3, 0]  	140	5 
[7, 4, 3, 0]  	157	6 
[7, 3, 4, 0]  	158	6 
[6, 0, 8, 0]  	166	5 
[7, 8, 0, 0]  	167	5 
[6, 5, 6, 0]  	203	5 
[6, 4, 7, 0]  	204	5 
[5, 5, 7, 0]  	208	5 
[5, 4, 8, 0]  	209	5 
[5, 3, 9, 0]  	210	5 
[5, 2, 10, 0]  	211	5 
[5, 1, 11, 0]  	212	5 
[5, 0, 12, 0]  	213	5 
[6, 8, 4, 0]  	214	5 
[6, 7, 5, 0]  	215	5 
[4, 0, 13, 0]  	218	4 
[5, 8, 5, 0]  	219	4 
[3, 1, 13, 0]  	222	4 
[3, 0, 14, 0]  	223	4 
[4, 8, 6, 0]  	224	4 
[4, 6, 8, 0]  	226	4 
[4, 5, 9, 0]  	227	4 
[4, 4, 10, 0]  	228	4 
[3, 6, 9, 0]  	231	3 
[3, 5, 10, 0]  	232	3 
[2, 7, 9, 0]  	235	3 
[2, 6, 10, 0]  	236	3 
[2, 5, 11, 0]  	237	3 
[2, 2, 14, 0]  	240	3 
[2, 1, 15, 0]  	241	3 
[2, 0, 16, 0]  	242	3 
[1, 2, 15, 0]  	245	2 
[1, 1, 16, 0]  	246	2 
[3, 4, 12, 0]  	247	3 
[1, 0, 17, 0]  	247	3 
[0, 17, 2, 0]  	249	2 
[0, 16, 3, 0]  	250	2 
[1, 6, 12, 0]  	255	2 
[0, 7, 12, 0]  	259	1 
[0, 20, 0, 0]  	260	2  <--- 2
[0, 3, 16, 0]  	263	1 
[0, 12, 8, 0]  	268	1 
[0, 14, 7, 0]  	280	2 
[0, 0, 21, 0]  	294	1  <--- 3
[10, 2, 1, 1]  	130	6 
[10, 1, 2, 1]  	131	6 
[4, 1, 12, 1]  	217	4 
[5, 7, 6, 1]  	220	4 
[3, 2, 12, 1]  	221	4 
[4, 3, 11, 1]  	229	4 
[3, 4, 11, 1]  	233	3 
[1, 7, 11, 1]  	254	2 
[7, 3, 2, 24]  	130	5 
[7, 2, 3, 24]  	131	5 
[5, 4, 7, 24]  	195	5 
[6, 7, 4, 24]  	201	5 
[3, 6, 8, 24]  	217	1 
[2, 8, 7, 24]  	220	1 
[2, 7, 8, 24]  	221	1 
[1, 0, 16, 24]  	233	1 
[0, 12, 7, 24]  	254	1 
------
For 27 = d/2-d1-d2-d3 you get 2
1*x^3
1*y^1*z^1

For 153 = 3*d/2-d1-d2-d3 you get 4
1*x^5*y^4*z^4
1*x^3*z^9
1*x^2*y^5*z^5
1*y^1*z^10

For 279 = 5*d/2-d1-d2-d3 you get 2
1*y^15*z^6
1*y^1*z^19

The invariant extra is equal to 2.
Start computing 5^3 Delta^1 (x1x2x3)^4... Done.
Start computing 5^4 Delta^2 (x1x2x3)^4... Done.
Start computing 5^5 Delta^3 (x1x2x3)^4... Done.
Start computing 5^6 Delta^4 (x1x2x3)^4... Done.
Start computing 5^7 Delta^5 (x1x2x3)^4... Done.
Start computing 5^8 Delta^6 (x1x2x3)^4... Done.
Start computing 5^9 Delta^7 (x1x2x3)^4... Done.
Start computing 5^10 Delta^8 (x1x2x3)^4... Done.
Start computing 5^11 Delta^9 (x1x2x3)^4... Done.
Start computing 5^12 Delta^10 (x1x2x3)^4... Done.
Start computing aa.
1 2 3 4 5 6 7 8 
[10395315295496662,1819945445595054,11362147698510695,5612902908529355,2906350184865370,2458401815740725,5399981406562350,8113496332854325;\
5434968981119104,3267867175240616,5246482787774085,447354991571555,8316634294824785,3178596746087185,5234137308945575,8890842775057125;\
11491584606880632,7720260474991093,1647029033508875,1985065055871355,10825611630714125,11400979271222490,1427901346221125,634560557127675;\
1955398941038472,95208197523526,8745698074569290,5044373185706625,11258126046002360,9768256687529735,10177011798153575,7232491042672450;\
1034044901071874,10092077094074283,4809819484290385,5733152255501035,9884856079836915,8084566255560425,6228377516354400,9472213296323425;\
3683848756012393,9118334211642720,3287101896846525,7886494051570470,859910601204095,5242272727946260,6855224117038825,10049724467340300;\
10770646124415877,2452653390578251,539852760848415,1301320575259635,11164868372855385,6069309809908705,11223420498758150,10989052025038300;\
1557132313310706,3558158129236777,8022267225443840,9518159918259545,403974386688260,2189060002756085,9368136031468950,5067004548427775]
This should be the matrix of frobenius!
