


Please input coefficients below.
Coefficient of   x^14                     = Coefficient of   x^11 * y^1 * z^1         = Coefficient of   x^8 * y^2 * z^2         = Coefficient of   x^5 * y^3 * z^3         = Coefficient of   x^2 * y^4 * z^4         = Coefficient of   x^1 * y^9               = Coefficient of   z^9                     = 
Here is the polynomial we're using this time:

4*x^14 + 2*x^11*y^1*z^1 + 1*x^8*y^2*z^2 + 2*x^5*y^3*z^3 + 1*x^2*y^4*z^4 + 1*x^1*y^9 + 3*z^9

The final length of G is 63
[11, 1, 0, 0]  	112	5 
[11, 0, 1, 0]  	113	5 
[13, 0, 0, 0]  	117	6  <--- 1
[1, 9, 0, 0]  	126	2 
[10, 2, 1, 0]  	130	6 
[10, 1, 2, 0]  	131	6 
[8, 3, 2, 0]  	139	4 
[8, 2, 3, 0]  	140	4 
[6, 0, 8, 0]  	166	5 
[7, 8, 0, 0]  	167	5 
[6, 5, 6, 0]  	203	5 
[6, 4, 7, 0]  	204	5 
[5, 4, 8, 0]  	209	5 
[7, 7, 4, 0]  	210	5 
[5, 3, 9, 0]  	210	5 
[7, 6, 5, 0]  	211	5 
[5, 2, 10, 0]  	211	5 
[5, 1, 11, 0]  	212	5 
[5, 0, 12, 0]  	213	5 
[6, 8, 4, 0]  	214	5 
[4, 1, 12, 0]  	217	4 
[4, 0, 13, 0]  	218	4 
[5, 8, 5, 0]  	219	4 
[5, 7, 6, 0]  	220	4 
[5, 6, 7, 0]  	221	4 
[3, 2, 12, 0]  	221	4 
[3, 1, 13, 0]  	222	4 
[3, 0, 14, 0]  	223	4 
[4, 8, 6, 0]  	224	4 
[4, 6, 8, 0]  	226	4 
[4, 5, 9, 0]  	227	4 
[4, 4, 10, 0]  	228	4 
[4, 3, 11, 0]  	229	4 
[3, 6, 9, 0]  	231	3 
[3, 5, 10, 0]  	232	3 
[3, 4, 11, 0]  	233	3 
[2, 7, 9, 0]  	235	3 
[2, 6, 10, 0]  	236	3 
[2, 5, 11, 0]  	237	3 
[2, 2, 14, 0]  	240	3 
[2, 1, 15, 0]  	241	3 
[2, 0, 16, 0]  	242	3 
[1, 2, 15, 0]  	245	2 
[1, 1, 16, 0]  	246	2 
[1, 0, 17, 0]  	247	3 
[0, 17, 2, 0]  	249	2 
[0, 16, 3, 0]  	250	2 
[1, 7, 11, 0]  	254	2 
[1, 6, 12, 0]  	255	2 
[0, 7, 12, 0]  	259	1 
[0, 20, 0, 0]  	260	2  <--- 2
[0, 3, 16, 0]  	263	1 
[0, 12, 8, 0]  	268	1 
[0, 14, 7, 0]  	280	2 
[0, 0, 21, 0]  	294	1  <--- 3
[7, 4, 3, 1]  	157	6 
[7, 3, 4, 1]  	158	6 
[5, 5, 7, 1]  	208	5 
[6, 7, 5, 1]  	215	5 
[5, 0, 8, 24]  	157	5 
[6, 8, 0, 24]  	158	5 
[3, 1, 12, 24]  	208	3 
[4, 3, 10, 24]  	215	3 
------
For 27 = d/2-d1-d2-d3 you get 2
1*x^3
1*y^1*z^1

For 153 = 3*d/2-d1-d2-d3 you get 4
1*x^5*y^4*z^4
1*x^3*z^9
1*x^2*y^5*z^5
1*y^1*z^10

For 279 = 5*d/2-d1-d2-d3 you get 2
1*y^15*z^6
1*y^1*z^19

The invariant extra is equal to 2.
Start computing 5^3 Delta^1 (x1x2x3)^4... Done.
Start computing 5^4 Delta^2 (x1x2x3)^4... Done.
Start computing 5^5 Delta^3 (x1x2x3)^4... Done.
Start computing 5^6 Delta^4 (x1x2x3)^4... Done.
Start computing 5^7 Delta^5 (x1x2x3)^4... Done.
Start computing 5^8 Delta^6 (x1x2x3)^4... Done.
Start computing 5^9 Delta^7 (x1x2x3)^4... Done.
Start computing 5^10 Delta^8 (x1x2x3)^4... Done.
Start computing 5^11 Delta^9 (x1x2x3)^4... Done.
Start computing 5^12 Delta^10 (x1x2x3)^4... Done.
Start computing aa.
1 2 3 4 5 6 7 8 
[10798076717656743,10101246350268173,9403213418307375,11849341558382890,149365521100845,7227391452996340,638565509127975,8100690932236525;\
3913293211191736,3384190147967800,773085258528625,11630539872951725,5907924057866915,7070005157680050,3239335853619000,11362490016993075;\
8142275674014146,9327162132095928,216128464184275,2732154842684605,10576577526762415,11602680877554270,1920045280222225,12431009857425;\
9782817722416156,8988069365527046,11385390389262905,10130561712864620,9032301624341080,924338385986960,4297099476150875,1731376744320625;\
6558607569565573,7023996133152078,1756236857022870,5671016463563335,4846733480026050,2976845635562185,2020357817473575,8186916636794500;\
6096109959676957,2114511011396069,5893575460611555,7731565705057480,2321658031814630,667675240542020,1021453139400625,9562744474003175;\
7414987537569673,8625035789166419,4331209982892425,8101341403190840,6553281749810895,2481239161017335,6442119145576125,9554933992860775;\
8172186798718828,9318699577600602,3947360112269575,1044521714210155,6460904538186325,2259377623503945,3146370369274050,1845067602901125]
This should be the matrix of frobenius!
