


Please input coefficients below.
Coefficient of   x^14                     = Coefficient of   x^11 * y^1 * z^1         = Coefficient of   x^8 * y^2 * z^2         = Coefficient of   x^5 * y^3 * z^3         = Coefficient of   x^2 * y^4 * z^4         = Coefficient of   x^1 * y^9               = Coefficient of   z^9                     = 
Here is the polynomial we're using this time:

4*x^14 + 2*x^11*y^1*z^1 + 1*x^8*y^2*z^2 + 2*x^5*y^3*z^3 + 2*x^2*y^4*z^4 + 3*x^1*y^9 + 1*z^9

The final length of G is 65
[11, 1, 0, 0]  	112	5 
[11, 0, 1, 0]  	113	5 
[13, 0, 0, 0]  	117	6  <--- 1
[1, 9, 0, 0]  	126	2 
[10, 2, 1, 0]  	130	6 
[10, 1, 2, 0]  	131	6 
[8, 3, 2, 0]  	139	5 
[8, 2, 3, 0]  	140	5 
[7, 4, 3, 0]  	157	6 
[7, 3, 4, 0]  	158	6 
[6, 0, 8, 0]  	166	5 
[7, 8, 0, 0]  	167	5 
[6, 5, 6, 0]  	203	5 
[5, 5, 7, 0]  	208	5 
[5, 4, 8, 0]  	209	5 
[5, 2, 10, 0]  	211	5 
[5, 1, 11, 0]  	212	5 
[6, 8, 4, 0]  	214	5 
[6, 7, 5, 0]  	215	5 
[5, 8, 5, 0]  	219	4 
[5, 7, 6, 0]  	220	4 
[3, 1, 13, 0]  	222	4 
[3, 0, 14, 0]  	223	4 
[4, 8, 6, 0]  	224	4 
[4, 6, 8, 0]  	226	4 
[5, 0, 13, 0]  	227	4 
[4, 5, 9, 0]  	227	4 
[4, 4, 10, 0]  	228	4 
[3, 6, 9, 0]  	231	3 
[3, 5, 10, 0]  	232	3 
[3, 4, 11, 0]  	233	3 
[2, 7, 9, 0]  	235	3 
[2, 6, 10, 0]  	236	3 
[2, 5, 11, 0]  	237	3 
[2, 2, 14, 0]  	240	3 
[2, 1, 15, 0]  	241	3 
[2, 0, 16, 0]  	242	3 
[1, 1, 16, 0]  	246	2 
[1, 0, 17, 0]  	247	3 
[0, 17, 2, 0]  	249	2 
[1, 7, 11, 0]  	254	2 
[0, 7, 12, 0]  	259	1 
[0, 20, 0, 0]  	260	2  <--- 2
[0, 3, 16, 0]  	263	1 
[0, 12, 8, 0]  	268	1 
[0, 0, 21, 0]  	294	1  <--- 3
[1, 2, 15, 1]  	245	2 
[0, 16, 3, 1]  	250	2 
[1, 6, 12, 1]  	255	2 
[0, 14, 7, 1]  	280	2 
[6, 4, 7, 2]  	204	5 
[5, 3, 9, 2]  	210	5 
[5, 0, 12, 2]  	213	5 
[4, 1, 12, 2]  	217	4 
[4, 0, 13, 2]  	218	4 
[3, 2, 12, 2]  	221	4 
[4, 3, 11, 2]  	229	4 
[3, 5, 8, 23]  	204	3 
[4, 8, 5, 23]  	210	3 
[2, 7, 8, 23]  	221	3 
[3, 8, 7, 23]  	229	3 
[0, 7, 11, 24]  	245	1 
[0, 2, 16, 24]  	250	1 
[0, 11, 8, 24]  	255	1 
[0, 0, 20, 24]  	280	1 
------
For 27 = d/2-d1-d2-d3 you get 2
1*x^3
1*y^1*z^1

For 153 = 3*d/2-d1-d2-d3 you get 4
1*x^5*y^4*z^4
1*x^3*z^9
1*x^2*y^5*z^5
1*y^1*z^10

For 279 = 5*d/2-d1-d2-d3 you get 2
1*y^15*z^6
1*y^1*z^19

The invariant extra is equal to 2.
Start computing 5^3 Delta^1 (x1x2x3)^4... Done.
Start computing 5^4 Delta^2 (x1x2x3)^4... Done.
Start computing 5^5 Delta^3 (x1x2x3)^4... Done.
Start computing 5^6 Delta^4 (x1x2x3)^4... Done.
Start computing 5^7 Delta^5 (x1x2x3)^4... Done.
Start computing 5^8 Delta^6 (x1x2x3)^4... Done.
Start computing 5^9 Delta^7 (x1x2x3)^4... Done.
Start computing 5^10 Delta^8 (x1x2x3)^4... Done.
Start computing 5^11 Delta^9 (x1x2x3)^4... Done.
Start computing 5^12 Delta^10 (x1x2x3)^4... Done.
Start computing aa.
1 2 3 4 5 6 7 8 
[1578424072491104,305519593988980,564828805055515,8678672304398875,1332280477055120,136424420628255,4962253269373925,6402920739581275;\
7421142018257053,6093864273918800,1665673820691530,8314040750916760,9433384583844940,5626769831410165,5101121072711375,9124474281742200;\
314869072730840,7337254084670550,247114285786525,4845941794686900,7362972749799050,1709393357977550,6959006271690600,2471779271629125;\
8793222429021176,4979064889569101,11449821009832105,6194710958395485,1311723516621315,1129612602900610,6187316531601800,4544954505744650;\
4069486419854317,3819938779707419,8132014273370480,554578735411820,6120907282258465,2799102816361620,10914093057016250,7901964855184075;\
8779568154915456,9286577500287741,3511249984114505,10856950918667970,766608455832060,827277783715920,11252625970315150,4200497562928000;\
7324576906405565,6048652509073624,777260738760070,5197737280054910,2986025164665265,3423218993445520,6892241472159900,4185508702161475;\
5826513280258422,11621844265802885,2414798126514045,3809117647881730,11525709723457115,466181177759890,1775363244005675,2120224986508175]
This should be the matrix of frobenius!
