


Please input coefficients below.
Coefficient of   x^14                     = Coefficient of   x^11 * y^1 * z^1         = Coefficient of   x^8 * y^2 * z^2         = Coefficient of   x^5 * y^3 * z^3         = Coefficient of   x^2 * y^4 * z^4         = Coefficient of   x^1 * y^9               = Coefficient of   z^9                     = 
Here is the polynomial we're using this time:

4*x^14 + 2*x^11*y^1*z^1 + 4*x^8*y^2*z^2 + 3*x^5*y^3*z^3 + 4*x^1*y^9 + 1*z^9

The final length of G is 64
[11, 1, 0, 0]  	112	4 
[11, 0, 1, 0]  	113	4 
[13, 0, 0, 0]  	117	5  <--- 1
[1, 9, 0, 0]  	126	2 
[10, 2, 1, 0]  	130	5 
[10, 1, 2, 0]  	131	5 
[8, 3, 2, 0]  	139	4 
[8, 2, 3, 0]  	140	4 
[7, 4, 3, 0]  	157	5 
[7, 3, 4, 0]  	158	5 
[6, 0, 8, 0]  	166	4 
[7, 8, 0, 0]  	167	4 
[6, 4, 7, 0]  	204	5 
[5, 5, 7, 0]  	208	5 
[5, 4, 8, 0]  	209	5 
[5, 3, 9, 0]  	210	5 
[5, 2, 10, 0]  	211	5 
[5, 1, 11, 0]  	212	5 
[5, 0, 12, 0]  	213	5 
[6, 8, 4, 0]  	214	5 
[6, 7, 5, 0]  	215	5 
[4, 1, 12, 0]  	217	4 
[4, 0, 13, 0]  	218	4 
[5, 7, 6, 0]  	220	4 
[3, 2, 12, 0]  	221	4 
[3, 1, 13, 0]  	222	4 
[3, 0, 14, 0]  	223	4 
[4, 8, 6, 0]  	224	4 
[4, 6, 8, 0]  	226	4 
[4, 5, 9, 0]  	227	4 
[4, 4, 10, 0]  	228	4 
[4, 3, 11, 0]  	229	4 
[3, 5, 10, 0]  	232	3 
[3, 4, 11, 0]  	233	3 
[2, 6, 10, 0]  	236	3 
[2, 5, 11, 0]  	237	3 
[2, 2, 14, 0]  	240	3 
[2, 1, 15, 0]  	241	3 
[1, 2, 15, 0]  	245	2 
[1, 1, 16, 0]  	246	2 
[0, 17, 2, 0]  	249	2 
[0, 16, 3, 0]  	250	2 
[1, 6, 12, 0]  	255	2 
[0, 7, 12, 0]  	259	1 
[0, 20, 0, 0]  	260	2  <--- 2
[0, 3, 16, 0]  	263	1 
[0, 12, 8, 0]  	268	1 
[1, 0, 19, 0]  	275	2 
[0, 14, 7, 0]  	280	2 
[0, 0, 21, 0]  	294	1  <--- 3
[6, 5, 6, 1]  	203	4 
[5, 8, 5, 1]  	219	4 
[3, 6, 9, 1]  	231	3 
[2, 7, 9, 1]  	235	3 
[2, 0, 16, 1]  	242	3 
[1, 0, 17, 1]  	247	3 
[1, 7, 11, 1]  	254	2 
[4, 1, 11, 24]  	203	3 
[3, 4, 10, 24]  	219	2 
[1, 2, 14, 24]  	231	2 
[0, 17, 1, 24]  	235	2 
[1, 5, 12, 24]  	242	2 
[0, 19, 0, 24]  	247	2 
[0, 12, 7, 24]  	254	1 
------
For 27 = d/2-d1-d2-d3 you get 2
1*x^3
1*y^1*z^1

For 153 = 3*d/2-d1-d2-d3 you get 4
1*x^5*y^4*z^4
1*x^3*z^9
1*x^2*y^5*z^5
1*y^1*z^10

For 279 = 5*d/2-d1-d2-d3 you get 2
1*y^15*z^6
1*y^1*z^19

The invariant extra is equal to 2.
Start computing 5^3 Delta^1 (x1x2x3)^4... Done.
Start computing 5^4 Delta^2 (x1x2x3)^4... Done.
Start computing 5^5 Delta^3 (x1x2x3)^4... Done.
Start computing 5^6 Delta^4 (x1x2x3)^4... Done.
Start computing 5^7 Delta^5 (x1x2x3)^4... Done.
Start computing 5^8 Delta^6 (x1x2x3)^4... Done.
Start computing 5^9 Delta^7 (x1x2x3)^4... Done.
Start computing 5^10 Delta^8 (x1x2x3)^4... Done.
Start computing 5^11 Delta^9 (x1x2x3)^4... Done.
Start computing 5^12 Delta^10 (x1x2x3)^4... Done.
Start computing aa.
1 2 3 4 5 6 7 8 
[7850339306004083,1612691793714144,2763632891168840,7779218175967420,10574624047815425,7204286120690770,4599997122542100,9278781908220700;\
6974435494938660,9579121430293830,4868756824431810,6607816575964540,3090588890493750,1977273638754405,6916742479453025,2975939799775750;\
5008939866332102,4253118100075644,1560496248753360,4141816083258905,6501759667857925,10510088362192530,4405897487965275,5777557789205000;\
8426125056779197,11908362162479829,2310188372302460,692443046049330,2650132989621950,2546007504871680,5567422139578800,11152123009825850;\
9763671810291632,2416365808707297,6571108212226620,9880758255622495,5013405367349080,5147956245258650,5541359932445075,6266698356439825;\
8685150342739531,2831043915043666,3194306314403640,4735642262474035,6230506511291725,1751074693260040,4830500080202475,4439841807693250;\
4519920326247169,11278169516317978,3180648690784295,3006044554612410,1309140815724125,1847261376059035,6855610278868850,664528687733250;\
10631868242509104,7701336217821406,8066685523965770,9558809176108815,4784647434203870,10149678613074060,6803620500034675,11251793270046425]
This should be the matrix of frobenius!
