


Please input coefficients below.
Coefficient of   x^14                     = Coefficient of   x^11 * y^1 * z^1         = Coefficient of   x^8 * y^2 * z^2         = Coefficient of   x^5 * y^3 * z^3         = Coefficient of   x^2 * y^4 * z^4         = Coefficient of   x^1 * y^9               = Coefficient of   z^9                     = 
Here is the polynomial we're using this time:

4*x^14 + 2*x^11*y^1*z^1 + 3*x^8*y^2*z^2 + 2*x^5*y^3*z^3 + 2*x^2*y^4*z^4 + 1*x^1*y^9 + 1*z^9

The final length of G is 74
[11, 1, 0, 0]  	112	5 
[11, 0, 1, 0]  	113	5 
[13, 0, 0, 0]  	117	6  <--- 1
[1, 9, 0, 0]  	126	2 
[10, 2, 1, 0]  	130	6 
[10, 1, 2, 0]  	131	6 
[8, 3, 2, 0]  	139	5 
[8, 2, 3, 0]  	140	5 
[7, 4, 3, 0]  	157	6 
[7, 3, 4, 0]  	158	6 
[6, 0, 8, 0]  	166	5 
[7, 8, 0, 0]  	167	5 
[6, 5, 6, 0]  	203	5 
[6, 4, 7, 0]  	204	5 
[5, 4, 8, 0]  	209	5 
[5, 3, 9, 0]  	210	5 
[5, 0, 12, 0]  	213	5 
[6, 8, 4, 0]  	214	5 
[4, 1, 12, 0]  	217	4 
[4, 0, 13, 0]  	218	4 
[5, 8, 5, 0]  	219	4 
[5, 7, 6, 0]  	220	4 
[5, 6, 7, 0]  	221	4 
[3, 2, 12, 0]  	221	4 
[3, 1, 13, 0]  	222	4 
[3, 0, 14, 0]  	223	4 
[4, 8, 6, 0]  	224	4 
[4, 6, 8, 0]  	226	4 
[4, 5, 9, 0]  	227	4 
[4, 4, 10, 0]  	228	4 
[4, 3, 11, 0]  	229	4 
[3, 4, 11, 0]  	233	3 
[2, 5, 11, 0]  	237	3 
[2, 2, 14, 0]  	240	3 
[0, 17, 2, 0]  	249	2 
[1, 7, 11, 0]  	254	2 
[1, 2, 16, 0]  	259	1 
[0, 7, 12, 0]  	259	1 
[0, 20, 0, 0]  	260	2  <--- 2
[0, 3, 16, 0]  	263	1 
[0, 12, 8, 0]  	268	1 
[1, 0, 20, 0]  	289	1 
[0, 0, 21, 0]  	294	1  <--- 3
[5, 2, 10, 1]  	211	5 
[5, 1, 11, 1]  	212	5 
[3, 6, 9, 1]  	231	3 
[2, 7, 9, 1]  	235	3 
[2, 6, 10, 1]  	236	3 
[2, 1, 15, 1]  	241	3 
[2, 0, 16, 1]  	242	3 
[1, 2, 15, 1]  	245	2 
[1, 1, 16, 1]  	246	2 
[1, 0, 17, 1]  	247	3 
[1, 6, 12, 1]  	255	2 
[5, 5, 7, 2]  	208	5 
[6, 7, 5, 2]  	215	5 
[3, 5, 10, 2]  	232	3 
[0, 16, 3, 2]  	250	2 
[0, 14, 7, 2]  	280	2 
[3, 1, 12, 23]  	208	4 
[4, 3, 10, 23]  	215	4 
[0, 7, 11, 23]  	245	1 
[0, 2, 16, 23]  	250	1 
[0, 11, 8, 23]  	255	1 
[0, 0, 20, 23]  	280	1 
[4, 7, 6, 24]  	211	3 
[4, 6, 7, 24]  	212	3 
[1, 2, 14, 24]  	231	2 
[1, 1, 15, 24]  	232	2 
[0, 6, 11, 24]  	232	1 
[0, 17, 1, 24]  	235	2 
[0, 2, 15, 24]  	236	1 
[1, 5, 12, 24]  	242	2 
[0, 19, 0, 24]  	247	2 
------
For 27 = d/2-d1-d2-d3 you get 2
1*x^3
1*y^1*z^1

For 153 = 3*d/2-d1-d2-d3 you get 4
1*x^5*y^4*z^4
1*x^3*z^9
1*x^2*y^5*z^5
1*y^1*z^10

For 279 = 5*d/2-d1-d2-d3 you get 2
1*y^15*z^6
1*y^1*z^19

The invariant extra is equal to 2.
Start computing 5^3 Delta^1 (x1x2x3)^4... Done.
Start computing 5^4 Delta^2 (x1x2x3)^4... Done.
Start computing 5^5 Delta^3 (x1x2x3)^4... Done.
Start computing 5^6 Delta^4 (x1x2x3)^4... Done.
Start computing 5^7 Delta^5 (x1x2x3)^4... Done.
Start computing 5^8 Delta^6 (x1x2x3)^4... Done.
Start computing 5^9 Delta^7 (x1x2x3)^4... Done.
Start computing 5^10 Delta^8 (x1x2x3)^4... Done.
Start computing 5^11 Delta^9 (x1x2x3)^4... Done.
Start computing 5^12 Delta^10 (x1x2x3)^4... Done.
Start computing aa.
1 2 3 4 5 6 7 8 
[4166172336243224,8700948129949238,1971060885916925,597648600756350,11300080453512275,2839997760176220,9009276618927350,8620770693381725;\
8248941663331117,6619332077941768,3851383890526115,1167378240727925,6355802265810830,4990824362116765,10732257501522575,7538929607778325;\
8979054056883842,5312479788777428,8506237573854680,5332296520176240,7386629257043660,10041374156953480,10355220578338325,11916027290344200;\
11605434693773683,6097897397252468,10294341770485355,8592456869126495,11623083952653200,278322389659670,7925620541811650,702045567815225;\
4719849044321064,7698078558129362,6532293515864250,5645588767443045,703893545864510,6771940992297460,9267640132834350,6821276945945200;\
9636420621558911,1124186917621770,6376268007625370,2039343743089450,7143367153675350,1168561976995700,5638771382631100,8488026393467275;\
1139279856961321,8615190144891883,8545782965318785,46826444256515,8851099115574975,10739979644920765,8909952760269325,5092233788413850;\
7985926676499363,3389253573006778,912592921681675,7419889540803715,5447663547457370,11892470923339570,5363516705817625,1274027793298050]
This should be the matrix of frobenius!
