


Please input coefficients below.
Coefficient of   x^14                     = Coefficient of   x^11 * y^1 * z^1         = Coefficient of   x^8 * y^2 * z^2         = Coefficient of   x^5 * y^3 * z^3         = Coefficient of   x^2 * y^4 * z^4         = Coefficient of   x^1 * y^9               = Coefficient of   z^9                     = 
Here is the polynomial we're using this time:

4*x^14 + 2*x^11*y^1*z^1 + 4*x^8*y^2*z^2 + 3*x^5*y^3*z^3 + 4*x^2*y^4*z^4 + 1*x^1*y^9 + 1*z^9

The final length of G is 69
[11, 1, 0, 0]  	112	5 
[11, 0, 1, 0]  	113	5 
[13, 0, 0, 0]  	117	6  <--- 1
[1, 9, 0, 0]  	126	2 
[10, 2, 1, 0]  	130	6 
[10, 1, 2, 0]  	131	6 
[8, 3, 2, 0]  	139	5 
[8, 2, 3, 0]  	140	5 
[7, 4, 3, 0]  	157	6 
[7, 3, 4, 0]  	158	6 
[6, 0, 8, 0]  	166	5 
[7, 8, 0, 0]  	167	5 
[6, 5, 6, 0]  	203	5 
[5, 5, 7, 0]  	208	5 
[5, 4, 8, 0]  	209	5 
[5, 2, 10, 0]  	211	5 
[5, 1, 11, 0]  	212	5 
[6, 8, 4, 0]  	214	5 
[6, 7, 5, 0]  	215	5 
[5, 8, 5, 0]  	219	4 
[3, 0, 14, 0]  	223	4 
[4, 8, 6, 0]  	224	4 
[4, 6, 8, 0]  	226	4 
[5, 0, 13, 0]  	227	4 
[4, 5, 9, 0]  	227	4 
[3, 6, 9, 0]  	231	3 
[3, 5, 10, 0]  	232	3 
[2, 7, 9, 0]  	235	3 
[2, 6, 10, 0]  	236	3 
[2, 5, 11, 0]  	237	3 
[2, 2, 14, 0]  	240	3 
[2, 1, 15, 0]  	241	3 
[2, 0, 16, 0]  	242	3 
[1, 2, 15, 0]  	245	2 
[1, 1, 16, 0]  	246	2 
[1, 0, 17, 0]  	247	3 
[0, 17, 2, 0]  	249	2 
[0, 16, 3, 0]  	250	2 
[1, 6, 12, 0]  	255	2 
[0, 7, 12, 0]  	259	1 
[0, 20, 0, 0]  	260	2  <--- 2
[0, 3, 16, 0]  	263	1 
[0, 12, 8, 0]  	268	1 
[0, 14, 7, 0]  	280	2 
[0, 0, 21, 0]  	294	1  <--- 3
[6, 4, 7, 1]  	204	5 
[5, 3, 9, 1]  	210	5 
[5, 0, 12, 1]  	213	5 
[4, 1, 12, 1]  	217	4 
[4, 0, 13, 1]  	218	4 
[5, 7, 6, 1]  	220	4 
[3, 2, 12, 1]  	221	4 
[4, 3, 11, 1]  	229	4 
[3, 4, 11, 1]  	233	3 
[3, 1, 13, 2]  	222	4 
[4, 4, 10, 2]  	228	4 
[1, 7, 11, 2]  	254	2 
[2, 6, 9, 23]  	222	3 
[2, 0, 15, 23]  	228	3 
[0, 12, 7, 23]  	254	1 
[3, 5, 8, 24]  	204	1 
[4, 8, 5, 24]  	210	1 
[2, 8, 7, 24]  	220	1 
[2, 7, 8, 24]  	221	1 
[1, 2, 14, 24]  	231	2 
[1, 0, 16, 24]  	233	1 
[0, 17, 1, 24]  	235	2 
[1, 5, 12, 24]  	242	2 
[0, 19, 0, 24]  	247	2 
------
For 27 = d/2-d1-d2-d3 you get 2
1*x^3
1*y^1*z^1

For 153 = 3*d/2-d1-d2-d3 you get 4
1*x^5*y^4*z^4
1*x^3*z^9
1*x^2*y^5*z^5
1*y^1*z^10

For 279 = 5*d/2-d1-d2-d3 you get 2
1*y^15*z^6
1*y^1*z^19

The invariant extra is equal to 2.
Start computing 5^3 Delta^1 (x1x2x3)^4... Done.
Start computing 5^4 Delta^2 (x1x2x3)^4... Done.
Start computing 5^5 Delta^3 (x1x2x3)^4... Done.
Start computing 5^6 Delta^4 (x1x2x3)^4... Done.
Start computing 5^7 Delta^5 (x1x2x3)^4... Done.
Start computing 5^8 Delta^6 (x1x2x3)^4... Done.
Start computing 5^9 Delta^7 (x1x2x3)^4... Done.
Start computing 5^10 Delta^8 (x1x2x3)^4... Done.
Start computing 5^11 Delta^9 (x1x2x3)^4... Done.
Start computing 5^12 Delta^10 (x1x2x3)^4... Done.
Start computing aa.
1 2 3 4 5 6 7 8 
[10604331520937270,4310064600702413,7089979385208860,1683962939155765,3598062088003710,449671940623280,258277559016675,6470395865929550;\
2893919092295890,3297809823152471,4069504399500190,4386992756654810,3210951020267755,376479045440625,1126642415358575,2886035934768575;\
4966951389357655,661557040206620,2004905045597225,9083138166319225,7151497666664300,10626197986562300,2361175978868725,7241820405839625;\
3156546285360786,4716401069076028,5696230630180495,4370383779795315,11150593932044085,3700568618773645,5603768952849675,8183998480330750;\
6957221076206395,917248635105033,10330696726473680,8296354957362360,10618241642701360,10940525068087680,7472342739512375,4453939274149925;\
6568812791118030,6495626461085659,11032840432589995,2026828458668095,940483974718880,10036046069067430,6876298683566525,1281865258560725;\
9419926024420939,855068335365529,10678037063901265,6518992334501800,10074993943083735,8891099154135955,3416986409366500,7744752620462450;\
5706276605075316,1003042917346952,9185971229185280,11680576435711495,4492911251495605,230635452577750,120614916024825,1461681783601175]
This should be the matrix of frobenius!
