


Please input coefficients below.
Coefficient of   x^14                     = Coefficient of   x^11 * y^1 * z^1         = Coefficient of   x^8 * y^2 * z^2         = Coefficient of   x^5 * y^3 * z^3         = Coefficient of   x^2 * y^4 * z^4         = Coefficient of   x^1 * y^9               = Coefficient of   z^9                     = 
Here is the polynomial we're using this time:

4*x^14 + 2*x^11*y^1*z^1 + 2*x^8*y^2*z^2 + 3*x^2*y^4*z^4 + 3*x^1*y^9 + 1*z^9

The final length of G is 69
[11, 1, 0, 0]  	112	4 
[11, 0, 1, 0]  	113	4 
[13, 0, 0, 0]  	117	5  <--- 1
[1, 9, 0, 0]  	126	2 
[8, 3, 2, 0]  	139	5 
[8, 2, 3, 0]  	140	5 
[7, 4, 3, 0]  	157	6 
[7, 3, 4, 0]  	158	6 
[6, 0, 8, 0]  	166	5 
[7, 8, 0, 0]  	167	5 
[6, 5, 6, 0]  	203	5 
[6, 4, 7, 0]  	204	5 
[5, 5, 7, 0]  	208	5 
[5, 4, 8, 0]  	209	5 
[5, 3, 9, 0]  	210	5 
[5, 2, 10, 0]  	211	5 
[5, 1, 11, 0]  	212	5 
[5, 0, 12, 0]  	213	5 
[6, 8, 4, 0]  	214	5 
[6, 7, 5, 0]  	215	5 
[4, 1, 12, 0]  	217	4 
[4, 0, 13, 0]  	218	4 
[3, 2, 12, 0]  	221	4 
[3, 1, 13, 0]  	222	4 
[3, 0, 14, 0]  	223	4 
[4, 5, 9, 0]  	227	4 
[4, 4, 10, 0]  	228	4 
[4, 3, 11, 0]  	229	4 
[3, 6, 9, 0]  	231	3 
[3, 5, 10, 0]  	232	3 
[2, 7, 9, 0]  	235	3 
[2, 6, 10, 0]  	236	3 
[2, 5, 11, 0]  	237	3 
[2, 2, 14, 0]  	240	3 
[2, 1, 15, 0]  	241	3 
[2, 0, 16, 0]  	242	3 
[1, 1, 16, 0]  	246	2 
[1, 0, 17, 0]  	247	3 
[0, 17, 2, 0]  	249	2 
[1, 7, 11, 0]  	254	2 
[0, 7, 12, 0]  	259	1 
[0, 20, 0, 0]  	260	2  <--- 2
[0, 3, 16, 0]  	263	1 
[0, 12, 8, 0]  	268	1 
[0, 0, 21, 0]  	294	1  <--- 3
[10, 2, 1, 1]  	130	6 
[10, 1, 2, 1]  	131	6 
[5, 8, 5, 1]  	219	4 
[5, 7, 6, 1]  	220	4 
[4, 8, 6, 1]  	224	4 
[4, 6, 8, 1]  	226	4 
[1, 2, 15, 1]  	245	2 
[0, 16, 3, 1]  	250	2 
[1, 6, 12, 1]  	255	2 
[0, 14, 7, 1]  	280	2 
[3, 4, 11, 3]  	233	3 
[1, 0, 16, 21]  	233	2 
[7, 3, 2, 24]  	130	5 
[7, 2, 3, 24]  	131	5 
[5, 4, 7, 24]  	195	4 
[6, 7, 4, 24]  	201	4 
[3, 4, 10, 24]  	219	3 
[3, 3, 11, 24]  	220	2 
[2, 4, 11, 24]  	224	3 
[2, 2, 13, 24]  	226	3 
[0, 7, 11, 24]  	245	1 
[0, 2, 16, 24]  	250	1 
[0, 11, 8, 24]  	255	1 
[0, 0, 20, 24]  	280	1 
------
For 27 = d/2-d1-d2-d3 you get 2
1*x^3
1*y^1*z^1

For 153 = 3*d/2-d1-d2-d3 you get 4
1*x^5*y^4*z^4
1*x^3*z^9
1*x^2*y^5*z^5
1*y^1*z^10

For 279 = 5*d/2-d1-d2-d3 you get 2
1*y^15*z^6
1*y^1*z^19

The invariant extra is equal to 2.
Start computing 5^3 Delta^1 (x1x2x3)^4... Done.
Start computing 5^4 Delta^2 (x1x2x3)^4... Done.
Start computing 5^5 Delta^3 (x1x2x3)^4... Done.
Start computing 5^6 Delta^4 (x1x2x3)^4... Done.
Start computing 5^7 Delta^5 (x1x2x3)^4... Done.
Start computing 5^8 Delta^6 (x1x2x3)^4... Done.
Start computing 5^9 Delta^7 (x1x2x3)^4... Done.
Start computing 5^10 Delta^8 (x1x2x3)^4... Done.
Start computing 5^11 Delta^9 (x1x2x3)^4... Done.
Start computing 5^12 Delta^10 (x1x2x3)^4... Done.
Start computing aa.
1 2 3 4 5 6 7 8 
[1647676726866335,8187402998598568,1765610027621100,9570461670021760,8582245521652215,360343677870870,7228745173508275,10658647511090375;\
2172269166463177,5740310847510507,8539977250617665,3566320820499515,715684894747810,7581579652260075,140524514448925,7531126978365325;\
9230352812568450,2658653560485370,9102865646564425,912389800831540,3851434947006995,9657128831750205,10361928377677350,4996055148321600;\
9735790065977599,5170348599227544,7104851787036935,3552578611357985,3626934037968870,11672092013084015,4540801980336875,5728067393705425;\
8164044008635872,5674035154381543,10675097635128460,11778050299922585,2255342576669845,9327466252426250,8694174770608800,6454147755663175;\
3600127363039671,851187750673884,9072002697733075,5786539899911835,11347667027902285,2779608978638930,3289606874305750,3754996469838625;\
5518722851663296,8900929276796277,10221716737958595,3626815297729935,3976149685200610,11890214719454695,11038516760151425,8624161126788900;\
10968102731646194,9769598227050168,8465932768540155,2049991925115570,7897467088997430,5021564882997990,4164068299285950,3161885067084300]
This should be the matrix of frobenius!
