


Please input coefficients below.
Coefficient of   x^14                     = Coefficient of   x^11 * y^1 * z^1         = Coefficient of   x^8 * y^2 * z^2         = Coefficient of   x^5 * y^3 * z^3         = Coefficient of   x^2 * y^4 * z^4         = Coefficient of   x^1 * y^9               = Coefficient of   z^9                     = 
Here is the polynomial we're using this time:

4*x^14 + 3*x^11*y^1*z^1 + 3*x^8*y^2*z^2 + 3*x^5*y^3*z^3 + 1*x^2*y^4*z^4 + 3*x^1*y^9 + 1*z^9

The final length of G is 73
[11, 1, 0, 0]  	112	5 
[11, 0, 1, 0]  	113	5 
[13, 0, 0, 0]  	117	6  <--- 1
[1, 9, 0, 0]  	126	2 
[10, 2, 1, 0]  	130	6 
[10, 1, 2, 0]  	131	6 
[8, 3, 2, 0]  	139	5 
[8, 2, 3, 0]  	140	5 
[6, 0, 8, 0]  	166	5 
[7, 8, 0, 0]  	167	5 
[6, 5, 6, 0]  	203	5 
[6, 4, 7, 0]  	204	5 
[5, 5, 7, 0]  	208	5 
[5, 4, 8, 0]  	209	5 
[7, 7, 4, 0]  	210	5 
[5, 3, 9, 0]  	210	5 
[7, 6, 5, 0]  	211	5 
[5, 2, 10, 0]  	211	5 
[5, 1, 11, 0]  	212	5 
[5, 0, 12, 0]  	213	5 
[6, 8, 4, 0]  	214	5 
[6, 7, 5, 0]  	215	5 
[4, 1, 12, 0]  	217	4 
[4, 0, 13, 0]  	218	4 
[5, 8, 5, 0]  	219	4 
[5, 7, 6, 0]  	220	4 
[3, 2, 12, 0]  	221	4 
[3, 1, 13, 0]  	222	4 
[3, 0, 14, 0]  	223	4 
[4, 8, 6, 0]  	224	4 
[4, 6, 8, 0]  	226	4 
[4, 5, 9, 0]  	227	4 
[4, 4, 10, 0]  	228	4 
[4, 3, 11, 0]  	229	4 
[3, 4, 11, 0]  	233	3 
[2, 5, 11, 0]  	237	3 
[2, 2, 14, 0]  	240	3 
[0, 17, 2, 0]  	249	2 
[1, 7, 11, 0]  	254	2 
[1, 2, 16, 0]  	259	1 
[0, 7, 12, 0]  	259	1 
[0, 20, 0, 0]  	260	2  <--- 2
[0, 3, 16, 0]  	263	1 
[0, 12, 8, 0]  	268	1 
[1, 0, 20, 0]  	289	1 
[0, 0, 21, 0]  	294	1  <--- 3
[7, 4, 3, 1]  	157	6 
[7, 3, 4, 1]  	158	6 
[3, 6, 9, 1]  	231	3 
[2, 7, 9, 1]  	235	3 
[2, 6, 10, 1]  	236	3 
[2, 1, 15, 1]  	241	3 
[2, 0, 16, 1]  	242	3 
[1, 1, 16, 1]  	246	2 
[1, 0, 17, 1]  	247	3 
[3, 5, 10, 2]  	232	3 
[1, 2, 15, 2]  	245	2 
[1, 6, 12, 2]  	255	2 
[0, 16, 3, 3]  	250	2 
[0, 14, 7, 3]  	280	2 
[0, 7, 11, 22]  	245	1 
[0, 2, 16, 22]  	250	1 
[0, 11, 8, 22]  	255	1 
[0, 0, 20, 22]  	280	1 
[5, 0, 8, 24]  	157	4 
[6, 8, 0, 24]  	158	4 
[1, 2, 14, 24]  	231	2 
[1, 1, 15, 24]  	232	2 
[0, 6, 11, 24]  	232	1 
[0, 17, 1, 24]  	235	2 
[0, 2, 15, 24]  	236	1 
[1, 5, 12, 24]  	242	2 
[0, 19, 0, 24]  	247	2 
------
For 27 = d/2-d1-d2-d3 you get 2
1*x^3
1*y^1*z^1

For 153 = 3*d/2-d1-d2-d3 you get 4
1*x^5*y^4*z^4
1*x^3*z^9
1*x^2*y^5*z^5
1*y^1*z^10

For 279 = 5*d/2-d1-d2-d3 you get 2
1*y^15*z^6
1*y^1*z^19

The invariant extra is equal to 2.
Start computing 5^3 Delta^1 (x1x2x3)^4... Done.
Start computing 5^4 Delta^2 (x1x2x3)^4... Done.
Start computing 5^5 Delta^3 (x1x2x3)^4... Done.
Start computing 5^6 Delta^4 (x1x2x3)^4... Done.
Start computing 5^7 Delta^5 (x1x2x3)^4... Done.
Start computing 5^8 Delta^6 (x1x2x3)^4... Done.
Start computing 5^9 Delta^7 (x1x2x3)^4... Done.
Start computing 5^10 Delta^8 (x1x2x3)^4... Done.
Start computing 5^11 Delta^9 (x1x2x3)^4... Done.
Start computing 5^12 Delta^10 (x1x2x3)^4... Done.
Start computing aa.
1 2 3 4 5 6 7 8 
[10442117387648006,1670280039780376,3420006898417420,8667500984112100,5397825659090225,761808983680010,7440063291057125,9418632796081650;\
5552634301722887,3865933011691465,4315640296138030,9764283988360590,11460929259332410,11484712587225250,7022623385030525,4523252416939175;\
10435288527478934,10452545164229288,6596019517139380,9458434486240345,1932610571515585,4826215060287760,7719525167840400,7483722644420125;\
5826937845337924,1178290585871138,10332663929978590,760861719793490,5611960463323305,5886637827523180,3731280290404425,1248545256897850;\
4888091449048829,9832223594855441,5602753325078940,6713674694612060,11785914023952450,7790100306904840,137566377180850,1240212599380550;\
4476658259187129,2150844844968962,10210407135708180,9461080853829340,4752991754913215,10046828427617480,2305736930152825,3015626610114975;\
1631081718251812,8965396294664821,9463428133091975,3103261854100710,9230308443065605,4311142555233540,1047323652500225,2601615184214175;\
8395642961084767,5454737316487089,10098819537170490,11413522175507735,11853577849126230,6603880469938205,509794114361525,10824786480360625]
This should be the matrix of frobenius!
