


Please input coefficients below.
Coefficient of   x^14                     = Coefficient of   x^11 * y^1 * z^1         = Coefficient of   x^8 * y^2 * z^2         = Coefficient of   x^5 * y^3 * z^3         = Coefficient of   x^2 * y^4 * z^4         = Coefficient of   x^1 * y^9               = Coefficient of   z^9                     = 
Here is the polynomial we're using this time:

4*x^14 + 3*x^11*y^1*z^1 + 2*x^8*y^2*z^2 + 2*x^5*y^3*z^3 + 1*x^1*y^9 + 3*z^9

The final length of G is 64
[11, 1, 0, 0]  	112	4 
[11, 0, 1, 0]  	113	4 
[13, 0, 0, 0]  	117	5  <--- 1
[1, 9, 0, 0]  	126	2 
[8, 3, 2, 0]  	139	4 
[8, 2, 3, 0]  	140	4 
[7, 4, 3, 0]  	157	5 
[7, 3, 4, 0]  	158	5 
[6, 0, 8, 0]  	166	4 
[7, 8, 0, 0]  	167	4 
[6, 5, 6, 0]  	203	4 
[6, 4, 7, 0]  	204	5 
[5, 5, 7, 0]  	208	5 
[5, 4, 8, 0]  	209	5 
[5, 3, 9, 0]  	210	5 
[5, 0, 12, 0]  	213	5 
[6, 8, 4, 0]  	214	5 
[6, 7, 5, 0]  	215	5 
[4, 1, 12, 0]  	217	4 
[4, 0, 13, 0]  	218	4 
[3, 2, 12, 0]  	221	4 
[3, 1, 13, 0]  	222	4 
[3, 0, 14, 0]  	223	4 
[4, 5, 9, 0]  	227	4 
[4, 4, 10, 0]  	228	4 
[4, 3, 11, 0]  	229	4 
[3, 6, 9, 0]  	231	3 
[3, 5, 10, 0]  	232	3 
[2, 7, 9, 0]  	235	3 
[2, 6, 10, 0]  	236	3 
[2, 5, 11, 0]  	237	3 
[2, 2, 14, 0]  	240	3 
[2, 1, 15, 0]  	241	3 
[2, 0, 16, 0]  	242	3 
[1, 2, 15, 0]  	245	2 
[1, 1, 16, 0]  	246	2 
[1, 0, 17, 0]  	247	3 
[0, 17, 2, 0]  	249	2 
[0, 16, 3, 0]  	250	2 
[1, 7, 11, 0]  	254	2 
[1, 6, 12, 0]  	255	2 
[0, 7, 12, 0]  	259	1 
[0, 20, 0, 0]  	260	2  <--- 2
[0, 3, 16, 0]  	263	1 
[0, 12, 8, 0]  	268	1 
[0, 14, 7, 0]  	280	2 
[0, 0, 21, 0]  	294	1  <--- 3
[5, 2, 10, 1]  	211	5 
[5, 1, 11, 1]  	212	5 
[5, 8, 5, 1]  	219	4 
[5, 7, 6, 1]  	220	4 
[4, 8, 6, 1]  	224	4 
[4, 6, 8, 1]  	226	4 
[3, 4, 11, 1]  	233	3 
[10, 2, 1, 3]  	130	5 
[10, 1, 2, 3]  	131	5 
[7, 3, 2, 22]  	130	4 
[7, 2, 3, 22]  	131	4 
[5, 4, 7, 22]  	195	5 
[6, 7, 4, 22]  	201	5 
[1, 0, 16, 23]  	233	2 
[2, 3, 11, 24]  	211	3 
[2, 2, 12, 24]  	212	3 
[3, 4, 10, 24]  	219	3 
------
For 27 = d/2-d1-d2-d3 you get 2
1*x^3
1*y^1*z^1

For 153 = 3*d/2-d1-d2-d3 you get 4
1*x^5*y^4*z^4
1*x^3*z^9
1*x^2*y^5*z^5
1*y^1*z^10

For 279 = 5*d/2-d1-d2-d3 you get 2
1*y^15*z^6
1*y^1*z^19

The invariant extra is equal to 2.
Start computing 5^3 Delta^1 (x1x2x3)^4... Done.
Start computing 5^4 Delta^2 (x1x2x3)^4... Done.
Start computing 5^5 Delta^3 (x1x2x3)^4... Done.
Start computing 5^6 Delta^4 (x1x2x3)^4... Done.
Start computing 5^7 Delta^5 (x1x2x3)^4... Done.
Start computing 5^8 Delta^6 (x1x2x3)^4... Done.
Start computing 5^9 Delta^7 (x1x2x3)^4... Done.
Start computing 5^10 Delta^8 (x1x2x3)^4... Done.
Start computing 5^11 Delta^9 (x1x2x3)^4... Done.
Start computing 5^12 Delta^10 (x1x2x3)^4... Done.
Start computing aa.
1 2 3 4 5 6 7 8 
[8666059744498844,9224715307091881,7998831797864710,4382600531452030,3105906989873650,7527565971450480,5701050597991300,11557186512237650;\
973518942946511,4275946089698207,11474299516248575,220492969978075,10623552093292520,6539621058061555,9984226183306775,1751464639027975;\
9063858452468214,2981348976833689,7888358686287555,3266520254935775,4232473710156125,3818504284549055,394117294368025,2090881025420275;\
6341307048931416,1330623311014346,6661279775902250,1787667404418400,2315306426133940,6617078738314870,5351272493087525,11151855150580675;\
3002291535715681,1461135569578899,4645481944804050,4399414556149690,9582713626953670,1241854337893535,8091454729007125,3489024951586875;\
9426762091535681,5998102696343225,7383091371643050,4728726526199705,7003246667486115,8433742867224625,4270127367925425,11070252480429575;\
3189975080617994,6549590435082719,8995591480950250,9050581372788575,9265627075457660,7760033867708730,477344128075350,321976917494475;\
2811727532390210,523658076297000,6366095481419335,9589687021137175,9860042359984205,1553647873082000,4867845275654900,6666499870812100]
This should be the matrix of frobenius!
