


Please input coefficients below.
Coefficient of   x^14                     = Coefficient of   x^11 * y^1 * z^1         = Coefficient of   x^8 * y^2 * z^2         = Coefficient of   x^5 * y^3 * z^3         = Coefficient of   x^2 * y^4 * z^4         = Coefficient of   x^1 * y^9               = Coefficient of   z^9                     = 
Here is the polynomial we're using this time:

4*x^14 + 3*x^11*y^1*z^1 + 3*x^8*y^2*z^2 + 4*x^5*y^3*z^3 + 4*x^2*y^4*z^4 + 4*x^1*y^9 + 3*z^9

The final length of G is 68
[11, 1, 0, 0]  	112	5 
[11, 0, 1, 0]  	113	5 
[13, 0, 0, 0]  	117	6  <--- 1
[1, 9, 0, 0]  	126	2 
[10, 2, 1, 0]  	130	6 
[10, 1, 2, 0]  	131	6 
[8, 3, 2, 0]  	139	5 
[8, 2, 3, 0]  	140	5 
[7, 4, 3, 0]  	157	6 
[7, 3, 4, 0]  	158	6 
[6, 0, 8, 0]  	166	5 
[7, 8, 0, 0]  	167	5 
[6, 5, 6, 0]  	203	5 
[5, 5, 7, 0]  	208	5 
[5, 4, 8, 0]  	209	5 
[6, 8, 4, 0]  	214	5 
[6, 7, 5, 0]  	215	5 
[5, 8, 5, 0]  	219	4 
[5, 7, 6, 0]  	220	4 
[3, 1, 13, 0]  	222	4 
[3, 0, 14, 0]  	223	4 
[5, 0, 13, 0]  	227	4 
[4, 5, 9, 0]  	227	4 
[4, 4, 10, 0]  	228	4 
[3, 6, 9, 0]  	231	3 
[3, 5, 10, 0]  	232	3 
[3, 4, 11, 0]  	233	3 
[2, 7, 9, 0]  	235	3 
[2, 6, 10, 0]  	236	3 
[2, 5, 11, 0]  	237	3 
[2, 2, 14, 0]  	240	3 
[2, 1, 15, 0]  	241	3 
[2, 0, 16, 0]  	242	3 
[1, 2, 15, 0]  	245	2 
[1, 0, 17, 0]  	247	3 
[0, 16, 3, 0]  	250	2 
[1, 7, 11, 0]  	254	2 
[1, 6, 12, 0]  	255	2 
[0, 7, 12, 0]  	259	1 
[0, 3, 16, 0]  	263	1 
[0, 12, 8, 0]  	268	1 
[0, 21, 0, 0]  	273	1  <--- 2
[0, 14, 7, 0]  	280	2 
[0, 0, 21, 0]  	294	1  <--- 3
[6, 4, 7, 1]  	204	5 
[5, 3, 9, 1]  	210	5 
[5, 2, 10, 1]  	211	5 
[5, 1, 11, 1]  	212	5 
[5, 0, 12, 1]  	213	5 
[4, 1, 12, 1]  	217	4 
[4, 0, 13, 1]  	218	4 
[3, 2, 12, 1]  	221	4 
[4, 3, 11, 1]  	229	4 
[4, 8, 6, 2]  	224	4 
[4, 6, 8, 2]  	226	4 
[1, 1, 16, 3]  	246	2 
[0, 17, 2, 3]  	249	2 
[0, 20, 0, 3]  	260	2 
[2, 4, 11, 22]  	224	3 
[2, 2, 13, 22]  	226	3 
[0, 6, 12, 22]  	246	1 
[0, 3, 15, 22]  	249	1 
[3, 5, 8, 24]  	204	3 
[4, 8, 5, 24]  	210	3 
[4, 7, 6, 24]  	211	4 
[4, 6, 7, 24]  	212	4 
[2, 7, 8, 24]  	221	3 
[3, 8, 7, 24]  	229	3 
------
For 27 = d/2-d1-d2-d3 you get 2
1*x^3
1*y^1*z^1

For 153 = 3*d/2-d1-d2-d3 you get 4
1*x^5*y^4*z^4
1*x^3*z^9
1*x^2*y^5*z^5
1*y^1*z^10

For 279 = 5*d/2-d1-d2-d3 you get 2
1*y^15*z^6
1*y^1*z^19

The invariant extra is equal to 2.
Start computing 5^3 Delta^1 (x1x2x3)^4... Done.
Start computing 5^4 Delta^2 (x1x2x3)^4... Done.
Start computing 5^5 Delta^3 (x1x2x3)^4... Done.
Start computing 5^6 Delta^4 (x1x2x3)^4... Done.
Start computing 5^7 Delta^5 (x1x2x3)^4... Done.
Start computing 5^8 Delta^6 (x1x2x3)^4... Done.
Start computing 5^9 Delta^7 (x1x2x3)^4... Done.
Start computing 5^10 Delta^8 (x1x2x3)^4... Done.
Start computing 5^11 Delta^9 (x1x2x3)^4... Done.
Start computing 5^12 Delta^10 (x1x2x3)^4... Done.
Start computing aa.
1 2 3 4 5 6 7 8 
[1612018499003534,6586506669839856,6504450850992210,6696719934275210,6959287590203580,5880599395687205,11049686984757525,3229171704221525;\
1786741642981798,9484667024605382,2803673473527600,44376524380410,9118802124400715,10920709052960785,4338058176376825,2168017981428000;\
2914979114216080,2709737783021280,3524476124305675,8249720361704200,2018146848904700,5587304667855825,4686833215568975,7083565832840750;\
6883496555203658,11648568732736555,2027456211450095,1597093669509560,3739271055707405,3909267622161590,3846793677737425,8109706409156625;\
7321118026942438,1479855047749306,3086396453243280,11610051284511350,1224295722668275,5045810338300335,9753371093892725,7746597107056700;\
5351307680323464,8035336113784885,9438111058279520,429196453565740,8149061934597080,6096779090540845,1190821590058475,10093585849148900;\
3782375393637527,11141854941874707,11186273734448020,1959375920552740,2102615802372255,8012394726184630,8542068971050950,11300179037919800;\
5182900836625028,7194661506861513,30058858659370,2530766912083350,1325810299123685,10581727987977480,11393453245539225,8986127589722025]
This should be the matrix of frobenius!
