


Please input coefficients below.
Coefficient of   x^14                     = Coefficient of   x^11 * y^1 * z^1         = Coefficient of   x^8 * y^2 * z^2         = Coefficient of   x^5 * y^3 * z^3         = Coefficient of   x^2 * y^4 * z^4         = Coefficient of   x^1 * y^9               = Coefficient of   z^9                     = 
Here is the polynomial we're using this time:

4*x^14 + 3*x^11*y^1*z^1 + 2*x^8*y^2*z^2 + 4*x^5*y^3*z^3 + 4*x^1*y^9 + 1*z^9

The final length of G is 65
[11, 1, 0, 0]  	112	4 
[11, 0, 1, 0]  	113	4 
[13, 0, 0, 0]  	117	5  <--- 1
[1, 9, 0, 0]  	126	2 
[8, 3, 2, 0]  	139	4 
[8, 2, 3, 0]  	140	4 
[7, 4, 3, 0]  	157	5 
[7, 3, 4, 0]  	158	5 
[6, 0, 8, 0]  	166	4 
[7, 8, 0, 0]  	167	4 
[6, 5, 6, 0]  	203	4 
[6, 4, 7, 0]  	204	5 
[5, 5, 7, 0]  	208	5 
[5, 4, 8, 0]  	209	5 
[5, 3, 9, 0]  	210	5 
[5, 2, 10, 0]  	211	5 
[5, 1, 11, 0]  	212	5 
[5, 0, 12, 0]  	213	5 
[6, 8, 4, 0]  	214	5 
[6, 7, 5, 0]  	215	5 
[4, 1, 12, 0]  	217	4 
[4, 0, 13, 0]  	218	4 
[5, 7, 6, 0]  	220	4 
[3, 2, 12, 0]  	221	4 
[3, 1, 13, 0]  	222	4 
[3, 0, 14, 0]  	223	4 
[4, 8, 6, 0]  	224	4 
[4, 6, 8, 0]  	226	4 
[4, 5, 9, 0]  	227	4 
[4, 4, 10, 0]  	228	4 
[4, 3, 11, 0]  	229	4 
[3, 6, 9, 0]  	231	3 
[3, 5, 10, 0]  	232	3 
[3, 4, 11, 0]  	233	3 
[2, 7, 9, 0]  	235	3 
[2, 6, 10, 0]  	236	3 
[2, 5, 11, 0]  	237	3 
[2, 2, 14, 0]  	240	3 
[2, 1, 15, 0]  	241	3 
[2, 0, 16, 0]  	242	3 
[1, 1, 16, 0]  	246	2 
[1, 0, 17, 0]  	247	3 
[0, 17, 2, 0]  	249	2 
[1, 7, 11, 0]  	254	2 
[0, 7, 12, 0]  	259	1 
[0, 20, 0, 0]  	260	2  <--- 2
[0, 3, 16, 0]  	263	1 
[0, 12, 8, 0]  	268	1 
[0, 0, 21, 0]  	294	1  <--- 3
[5, 8, 5, 1]  	219	4 
[10, 2, 1, 3]  	130	5 
[10, 1, 2, 3]  	131	5 
[1, 2, 15, 3]  	245	2 
[0, 16, 3, 3]  	250	2 
[1, 6, 12, 3]  	255	2 
[0, 14, 7, 3]  	280	2 
[7, 3, 2, 22]  	130	4 
[7, 2, 3, 22]  	131	4 
[5, 4, 7, 22]  	195	5 
[6, 7, 4, 22]  	201	5 
[0, 7, 11, 22]  	245	1 
[0, 2, 16, 22]  	250	1 
[0, 11, 8, 22]  	255	1 
[0, 0, 20, 22]  	280	1 
[3, 4, 10, 24]  	219	3 
------
For 27 = d/2-d1-d2-d3 you get 2
1*x^3
1*y^1*z^1

For 153 = 3*d/2-d1-d2-d3 you get 4
1*x^5*y^4*z^4
1*x^3*z^9
1*x^2*y^5*z^5
1*y^1*z^10

For 279 = 5*d/2-d1-d2-d3 you get 2
1*y^15*z^6
1*y^1*z^19

The invariant extra is equal to 2.
Start computing 5^3 Delta^1 (x1x2x3)^4... Done.
Start computing 5^4 Delta^2 (x1x2x3)^4... Done.
Start computing 5^5 Delta^3 (x1x2x3)^4... Done.
Start computing 5^6 Delta^4 (x1x2x3)^4... Done.
Start computing 5^7 Delta^5 (x1x2x3)^4... Done.
Start computing 5^8 Delta^6 (x1x2x3)^4... Done.
Start computing 5^9 Delta^7 (x1x2x3)^4... Done.
Start computing 5^10 Delta^8 (x1x2x3)^4... Done.
Start computing 5^11 Delta^9 (x1x2x3)^4... Done.
Start computing 5^12 Delta^10 (x1x2x3)^4... Done.
Start computing aa.
1 2 3 4 5 6 7 8 
[1405536750379768,9025304663543391,3997104610272135,11195187636262535,7104578123765045,3296815630995455,10945658164029500,2586508307084175;\
8229895178203352,8817078423030325,1891398674805295,8058677664129035,11680745995610285,10367780936741365,6788582222196400,6063626212867525;\
6672295301847380,5622140473743402,10882292451157650,1937403036781645,11792570486136405,98366360943920,5470548342161475,3702983807091675;\
10435841577326591,5918936978135896,6497096346367260,3597253398828990,4524836251363025,9243795759146170,9728009243287325,400078606581375;\
6564420777371222,10951822355444393,3080081281344760,8770993817185685,10051488151155040,5583159970564995,1406638636079250,3141829040545650;\
9001059731545864,2231337052924081,6953675556625530,5969369369549955,1280038042149860,11158318409352105,4276858602113950,6366836851245400;\
11856703999736977,2071124022366567,11386445599799645,4025893096474255,646463909111075,5359536597586690,7078756664082650,11483893773654425;\
8338250585176711,9760998413037454,7449434631745535,5377085218221645,5548375637897020,9899289263641650,9017983597541450,3883261595763475]
This should be the matrix of frobenius!
