


Please input coefficients below.
Coefficient of   x^14                     = Coefficient of   x^11 * y^1 * z^1         = Coefficient of   x^8 * y^2 * z^2         = Coefficient of   x^5 * y^3 * z^3         = Coefficient of   x^2 * y^4 * z^4         = Coefficient of   x^1 * y^9               = Coefficient of   z^9                     = 
Here is the polynomial we're using this time:

4*x^14 + 3*x^11*y^1*z^1 + 2*x^8*y^2*z^2 + 4*x^5*y^3*z^3 + 3*x^2*y^4*z^4 + 2*x^1*y^9 + 1*z^9

The final length of G is 69
[11, 1, 0, 0]  	112	5 
[11, 0, 1, 0]  	113	5 
[13, 0, 0, 0]  	117	6  <--- 1
[1, 9, 0, 0]  	126	2 
[8, 3, 2, 0]  	139	5 
[8, 2, 3, 0]  	140	5 
[7, 4, 3, 0]  	157	6 
[7, 3, 4, 0]  	158	6 
[6, 0, 8, 0]  	166	5 
[7, 8, 0, 0]  	167	5 
[6, 5, 6, 0]  	203	5 
[6, 4, 7, 0]  	204	5 
[5, 5, 7, 0]  	208	5 
[5, 4, 8, 0]  	209	5 
[5, 2, 10, 0]  	211	5 
[5, 1, 11, 0]  	212	5 
[6, 8, 4, 0]  	214	5 
[6, 7, 5, 0]  	215	5 
[4, 1, 12, 0]  	217	4 
[4, 0, 13, 0]  	218	4 
[5, 8, 5, 0]  	219	4 
[3, 2, 12, 0]  	221	4 
[3, 0, 14, 0]  	223	4 
[4, 8, 6, 0]  	224	4 
[4, 6, 8, 0]  	226	4 
[4, 5, 9, 0]  	227	4 
[4, 3, 11, 0]  	229	4 
[3, 5, 10, 0]  	232	3 
[3, 4, 11, 0]  	233	3 
[2, 5, 11, 0]  	237	3 
[2, 2, 14, 0]  	240	3 
[1, 2, 15, 0]  	245	2 
[1, 1, 16, 0]  	246	2 
[2, 7, 10, 0]  	249	2 
[0, 17, 2, 0]  	249	2 
[0, 16, 3, 0]  	250	2 
[1, 7, 11, 0]  	254	2 
[1, 6, 12, 0]  	255	2 
[0, 7, 12, 0]  	259	1 
[0, 20, 0, 0]  	260	2  <--- 2
[0, 3, 16, 0]  	263	1 
[0, 12, 8, 0]  	268	1 
[1, 0, 19, 0]  	275	2 
[0, 14, 7, 0]  	280	2 
[0, 0, 21, 0]  	294	1  <--- 3
[5, 3, 9, 1]  	210	5 
[5, 0, 12, 1]  	213	5 
[5, 7, 6, 1]  	220	4 
[3, 1, 13, 1]  	222	4 
[4, 4, 10, 1]  	228	4 
[3, 6, 9, 1]  	231	3 
[2, 7, 9, 1]  	235	3 
[2, 6, 10, 1]  	236	3 
[2, 1, 15, 1]  	241	3 
[2, 0, 16, 1]  	242	3 
[1, 0, 17, 1]  	247	3 
[10, 2, 1, 3]  	130	6 
[10, 1, 2, 3]  	131	6 
[7, 3, 2, 22]  	130	5 
[7, 2, 3, 22]  	131	5 
[5, 4, 7, 22]  	195	5 
[6, 7, 4, 22]  	201	5 
[4, 8, 5, 24]  	210	3 
[4, 5, 8, 24]  	213	3 
[3, 3, 11, 24]  	220	2 
[0, 16, 1, 24]  	222	2 
[1, 5, 11, 24]  	228	2 
[1, 2, 14, 24]  	231	2 
[0, 19, 0, 24]  	247	2 
------
For 27 = d/2-d1-d2-d3 you get 2
1*x^3
1*y^1*z^1

For 153 = 3*d/2-d1-d2-d3 you get 4
1*x^5*y^4*z^4
1*x^3*z^9
1*x^2*y^5*z^5
1*y^1*z^10

For 279 = 5*d/2-d1-d2-d3 you get 2
1*y^15*z^6
1*y^1*z^19

The invariant extra is equal to 2.
Start computing 5^3 Delta^1 (x1x2x3)^4... Done.
Start computing 5^4 Delta^2 (x1x2x3)^4... Done.
Start computing 5^5 Delta^3 (x1x2x3)^4... Done.
Start computing 5^6 Delta^4 (x1x2x3)^4... Done.
Start computing 5^7 Delta^5 (x1x2x3)^4... Done.
Start computing 5^8 Delta^6 (x1x2x3)^4... Done.
Start computing 5^9 Delta^7 (x1x2x3)^4... Done.
Start computing 5^10 Delta^8 (x1x2x3)^4... Done.
Start computing 5^11 Delta^9 (x1x2x3)^4... Done.
Start computing 5^12 Delta^10 (x1x2x3)^4... Done.
Start computing aa.
1 2 3 4 5 6 7 8 
[5977614050493064,8407921866183088,2273131789105140,4908932137123350,6228137374122750,1501831911871760,4752404788870400,10695193796162450;\
7521204378023922,5384822009291932,604282208608670,3054398599733060,2068040766405450,892427209207430,2776051535140125,5730159210563625;\
4517280199959989,871316176298373,5879414341434185,6356880699329705,1878184522142365,8382269491666665,5881887157268525,11510464814518750;\
7993209717413898,3465452225214760,11659165906501085,1553775937368750,6076279125013425,11221781831892575,1904293380592050,10887742471124025;\
5844741954812079,221156046018988,90425478197280,6232836830210485,10849192626506650,1136221486568580,9381395755298950,1405886707842675;\
811103955795154,8697858850096438,6137701888067055,3223572909772975,8372973435336285,2075492741483715,7522490633448550,7091205620301725;\
11640301844893449,5067084324664289,3313726219705140,2016877559776020,380706997106205,134306321824785,4537657560835750,2474688582473850;\
11456711795995314,5414201161978345,11302892828871245,5332095382682285,6341929163563820,11872607152125630,3640144447916200,2920685265789075]
This should be the matrix of frobenius!
