


Please input coefficients below.
Coefficient of   x^14                     = Coefficient of   x^11 * y^1 * z^1         = Coefficient of   x^8 * y^2 * z^2         = Coefficient of   x^5 * y^3 * z^3         = Coefficient of   x^2 * y^4 * z^4         = Coefficient of   x^1 * y^9               = Coefficient of   z^9                     = 
Here is the polynomial we're using this time:

4*x^14 + 3*x^11*y^1*z^1 + 1*x^8*y^2*z^2 + 4*x^5*y^3*z^3 + 1*x^1*y^9 + 4*z^9

The final length of G is 62
[11, 1, 0, 0]  	112	4 
[11, 0, 1, 0]  	113	4 
[13, 0, 0, 0]  	117	5  <--- 1
[1, 9, 0, 0]  	126	2 
[10, 2, 1, 0]  	130	5 
[10, 1, 2, 0]  	131	5 
[8, 3, 2, 0]  	139	4 
[8, 2, 3, 0]  	140	4 
[7, 4, 3, 0]  	157	5 
[7, 3, 4, 0]  	158	5 
[6, 0, 8, 0]  	166	4 
[7, 8, 0, 0]  	167	4 
[6, 5, 6, 0]  	203	4 
[6, 4, 7, 0]  	204	5 
[5, 4, 8, 0]  	209	5 
[5, 3, 9, 0]  	210	5 
[5, 2, 10, 0]  	211	5 
[5, 1, 11, 0]  	212	5 
[5, 0, 12, 0]  	213	5 
[6, 8, 4, 0]  	214	5 
[4, 0, 13, 0]  	218	4 
[5, 8, 5, 0]  	219	4 
[5, 7, 6, 0]  	220	4 
[5, 6, 7, 0]  	221	4 
[3, 0, 14, 0]  	223	4 
[4, 8, 6, 0]  	224	4 
[4, 6, 8, 0]  	226	4 
[4, 5, 9, 0]  	227	4 
[3, 6, 9, 0]  	231	3 
[3, 5, 10, 0]  	232	3 
[3, 4, 11, 0]  	233	3 
[3, 2, 13, 0]  	235	3 
[2, 7, 9, 0]  	235	3 
[2, 6, 10, 0]  	236	3 
[2, 5, 11, 0]  	237	3 
[2, 2, 14, 0]  	240	3 
[2, 1, 15, 0]  	241	3 
[2, 0, 16, 0]  	242	3 
[1, 2, 15, 0]  	245	2 
[1, 1, 16, 0]  	246	2 
[1, 0, 17, 0]  	247	3 
[0, 17, 2, 0]  	249	2 
[0, 16, 3, 0]  	250	2 
[1, 6, 12, 0]  	255	2 
[0, 7, 12, 0]  	259	1 
[0, 20, 0, 0]  	260	2  <--- 2
[0, 3, 16, 0]  	263	1 
[0, 12, 8, 0]  	268	1 
[0, 14, 7, 0]  	280	2 
[0, 0, 21, 0]  	294	1  <--- 3
[5, 5, 7, 1]  	208	5 
[6, 7, 5, 1]  	215	5 
[4, 1, 12, 1]  	217	4 
[3, 2, 12, 1]  	221	4 
[3, 1, 13, 1]  	222	4 
[4, 4, 10, 1]  	228	4 
[4, 3, 11, 1]  	229	4 
[1, 7, 11, 1]  	254	2 
[2, 6, 8, 24]  	208	3 
[3, 8, 6, 24]  	215	3 
[2, 0, 15, 24]  	228	3 
[0, 12, 7, 24]  	254	1 
------
For 27 = d/2-d1-d2-d3 you get 2
1*x^3
1*y^1*z^1

For 153 = 3*d/2-d1-d2-d3 you get 4
1*x^5*y^4*z^4
1*x^3*z^9
1*x^2*y^5*z^5
1*y^1*z^10

For 279 = 5*d/2-d1-d2-d3 you get 2
1*y^15*z^6
1*y^1*z^19

The invariant extra is equal to 2.
Start computing 5^3 Delta^1 (x1x2x3)^4... Done.
Start computing 5^4 Delta^2 (x1x2x3)^4... Done.
Start computing 5^5 Delta^3 (x1x2x3)^4... Done.
Start computing 5^6 Delta^4 (x1x2x3)^4... Done.
Start computing 5^7 Delta^5 (x1x2x3)^4... Done.
Start computing 5^8 Delta^6 (x1x2x3)^4... Done.
Start computing 5^9 Delta^7 (x1x2x3)^4... Done.
Start computing 5^10 Delta^8 (x1x2x3)^4... Done.
Start computing 5^11 Delta^9 (x1x2x3)^4... Done.
Start computing 5^12 Delta^10 (x1x2x3)^4... Done.
Start computing aa.
1 2 3 4 5 6 7 8 
[203411074669567,779231847350890,2697293497360620,9912429494177460,10432131870888135,9110742830310510,1353265819094600,4175239638991700;\
9628259098878973,7384311476098623,8256025972937990,6290020429871985,3987861974255210,4128566332112035,2228917432708775,11827120753258525;\
3670257138281419,7714215647448152,9252488917168930,6326606676835550,9583703645879085,9286885226647740,3328508490022575,306594410149250;\
1017395976669648,25232000074195,4147862143715925,319609238677750,1954043806183885,9351482627686625,746028269632800,2644654050814075;\
10612173573934327,5839830633634259,777342545036045,5142114723688425,1848673755287830,3395617251859840,9019689581987725,475778143003600;\
7003576865507322,1962256809589610,11166067429645025,8339788818356840,8743931932007915,7028564164487015,3603180206788100,5767467845513575;\
2341141293672549,4759255909891600,9686944653351700,7618465162336800,8602183329919080,6518337080333300,10413036584719025,1555950731642025;\
4530513241081808,9861868742640059,2113156807903485,8778131393320200,11185213107658970,11050236759521930,10970810334657075,9145178968578750]
This should be the matrix of frobenius!
