/* Comments begin... 
Coefficient of   x^11                     = -1
Coefficient of   x^6 * y^6               = 0
Coefficient of   x^5 * y^5 * z^1         = 0
Coefficient of   x^4 * y^4 * z^2         = -1
Coefficient of   x^3 * y^3 * z^3         = 0
Coefficient of   x^2 * y^2 * z^4         = 0
Coefficient of   x^1 * y^12               = 0
Coefficient of   x^1 * y^1 * z^5         = 1
Coefficient of   y^11 * z^1               = 1
Coefficient of   z^6                     = 1

Here is the polynomial we're using this time:

-1*x^11 + -1*x^4*y^4*z^2 + 1*x^1*y^1*z^5 + 1*y^11*z^1 + 1*z^6

Allocate G_len 20 elements and old = 0.
Allocate M_len = 400 elements.
Allocate G_len 40 elements and old = 20.
Allocate M_len = 800 elements.
Allocate G_len 80 elements and old = 40.
Allocate M_len = 1600 elements.
Allocate M_len = 3200 elements.
Allocate G_len 160 elements and old = 80.
Allocate M_len = 6400 elements.
The final length of G is 99
[4, 4, 1, 0]  	55	4 
[10, 0, 0, 0]  	60	3  <--- 1
[4, 3, 2, 0]  	61	3 
[7, 1, 4, 0]  	91	5 
[7, 0, 5, 0]  	97	6 
[4, 2, 6, 0]  	100	5 
[6, 13, 0, 0]  	101	8 
[6, 0, 6, 0]  	102	6 
[4, 1, 7, 0]  	106	6 
[5, 0, 7, 0]  	107	7 
[9, 11, 0, 0]  	109	7 
[4, 0, 8, 0]  	112	5 
[5, 17, 0, 0]  	115	7 
[3, 0, 9, 0]  	117	5 
[2, 21, 0, 0]  	117	5 
[3, 20, 0, 0]  	118	6 
[3, 9, 5, 0]  	118	6 
[3, 7, 6, 0]  	119	6 
[2, 0, 10, 0]  	122	5 
[2, 20, 1, 0]  	123	3 
[2, 9, 6, 0]  	123	3 
[3, 19, 1, 0]  	124	3 
[2, 18, 2, 0]  	124	3 
[2, 7, 7, 0]  	124	3 
[3, 17, 2, 0]  	125	4 
[3, 6, 7, 0]  	125	3 
[1, 4, 9, 0]  	125	4 
[2, 3, 9, 0]  	126	5 
[0, 17, 4, 0]  	129	2 
[2, 17, 3, 0]  	130	2 
[2, 6, 8, 0]  	130	2 
[0, 26, 0, 0]  	130	2  <--- 2
[1, 25, 0, 0]  	131	4 
[1, 3, 10, 0]  	131	4 
[0, 16, 5, 0]  	135	1 
[0, 5, 10, 0]  	135	1 
[0, 25, 1, 0]  	136	3 
[1, 24, 1, 0]  	137	5 
[1, 2, 11, 0]  	137	4 
[1, 0, 12, 0]  	138	3 
[0, 15, 6, 0]  	141	1 
[0, 4, 11, 0]  	141	1 
[1, 14, 6, 0]  	142	3 
[0, 14, 7, 0]  	147	1 
[0, 3, 12, 0]  	147	1 
[1, 13, 7, 0]  	148	2 
[0, 24, 3, 0]  	153	1 
[0, 13, 8, 0]  	153	1 
[0, 2, 13, 0]  	153	1 
[0, 12, 9, 0]  	159	1 
[0, 1, 14, 0]  	159	1 
[0, 0, 15, 0]  	165	1  <--- 3
[1, 1, 5, 1]  	66	3 
[3, 13, 1, 1]  	94	4 
[3, 12, 2, 1]  	100	6 
[1, 11, 4, 1]  	105	3 
[3, 11, 3, 1]  	106	6 
[2, 19, 1, 1]  	118	5 
[2, 17, 2, 1]  	119	5 
[2, 15, 3, 1]  	120	5 
[1, 19, 2, 1]  	123	4 
[1, 17, 3, 1]  	124	4 
[0, 25, 0, 1]  	125	3 
[1, 24, 0, 1]  	126	5 
[0, 15, 5, 1]  	130	2 
[0, 13, 7, 1]  	142	2 
[0, 23, 3, 1]  	148	3 
[0, 12, 8, 1]  	148	2 
[0, 11, 9, 1]  	154	2 
[3, 18, 0, 2]  	108	7 
[3, 10, 4, 2]  	112	6 
[1, 22, 1, 2]  	127	4 
[0, 24, 2, 2]  	142	3 
[0, 22, 3, 2]  	143	3 
[0, 24, 1, 3]  	131	3 
[0, 14, 6, 3]  	136	2 
[0, 23, 2, 4]  	137	3 
[0, 2, 11, 45]  	131	1 
[0, 12, 7, 45]  	137	2 
[1, 16, 3, 46]  	119	3 
[2, 16, 2, 47]  	114	4 
[1, 0, 11, 47]  	127	3 
[0, 0, 14, 47]  	154	1 
[4, 0, 7, 48]  	101	2 
[1, 0, 9, 48]  	105	3 
[2, 17, 1, 48]  	108	4 
[0, 0, 10, 48]  	110	1 
[2, 20, 0, 48]  	112	4 
[0, 24, 0, 48]  	120	1 
[0, 13, 5, 48]  	120	2 
[0, 11, 6, 48]  	121	2 
[0, 23, 1, 48]  	126	2 
[0, 6, 9, 48]  	129	1 
[0, 22, 2, 48]  	132	3 
[0, 0, 6, 49]  	66	1 
[0, 11, 2, 49]  	77	2 
[0, 10, 5, 49]  	105	1 
[0, 22, 0, 49]  	110	3 
[0, 20, 1, 49]  	111	2 
------
The gap is between 5 and 44.
Lengths: 2 2 6 8 2 5.
For 143 = 5*d/2-d1-d2-d3 you get 2 in char 0.
1*y^11*z^8
1*z^13

For 77 = 3*d/2-d1-d2-d3 you get 6 in char 0.
1*x^7*y^7
1*x^3*y^3*z^4
1*x^2*y^13
1*x^1*y^12*z^1
1*y^11*z^2
1*z^7

For 11 = d/2-d1-d2-d3 you get 2 in char 0.
1*x^1*y^1
1*z^1

Extra powers of p used 4.
The invariant extra is equal to 5.
Start computing 3^3 Delta^1 (x1x2x3)^2... Done.
Start computing 3^4 Delta^2 (x1x2x3)^2... Done.
Start computing 3^5 Delta^3 (x1x2x3)^2... Done.
Start computing 3^6 Delta^4 (x1x2x3)^2... Done.
Start computing 3^7 Delta^5 (x1x2x3)^2... Done.
Start computing 3^8 Delta^6 (x1x2x3)^2... Done.
Start computing 3^9 Delta^7 (x1x2x3)^2... Done.
Start computing 3^10 Delta^8 (x1x2x3)^2... Done.
Start computing 3^11 Delta^9 (x1x2x3)^2... Done.
Start computing 3^12 Delta^10 (x1x2x3)^2... Done.
Start computing aa.
1 2 3 4 5 6 7 8 9 10 
*/
A = \
[7580980647040974222393,7717970321223151452750,6510160408788304082640,5431291291943135655705,7746774491228042336985,2200299006459094644645,3735059594348049239835,2650478767099829383491,8481966987839563090467,2014142565093885030645;\
3764122984190523128364,6096610755374101636536,6228866328330134499162,7466153777329492412973,627694192904944985112,6918448780351570342608,4940038471886430177654,29583797289740294967,3279992546919748802265,4358968497065396643417;\
2655514316714550264351,4976936615697860194848,1276605939825210367584,5327503728879886110855,2377390097822487964317,6386421208160110402845,8130462199809595567929,5023177459379137446102,719266113560298380472,1655792420780511611793;\
3143693919420377251443,898977352872991108419,154329496958255582925,2678608889382007732347,6957434288107354035600,6464351257144801972839,1038703441772910772872,7365615349918081632246,301962239629466352372,7746706902032686347732;\
2221327664711596263348,318164476777273258191,2963046179927325059415,684560680633682856603,7913519903075566559400,6008232964154765935716,3589859622327148208727,3656701698658365360825,6134105679125431068045,4988048494487200109046;\
602512250210097994197,3076666377999176486025,8148583136381205395358,889758507490600517883,6202617671448989365833,5950934128775150676162,1708799259451751501418,885976568134496494146,6181636371089723166420,5394222440548792064964;\
143688930695812073442,4034646116745307188228,1698576417733646722944,3805932038733749168046,8011675596899081801454,4144768883967160953639,5295675948617334241260,479556288156677554044,5444577303795380883483,6323378719910716235682;\
8227994028675953781381,8565379955741709576816,2663480173066034258454,6773115771884037804948,6929116422832306604028,5793512007430853374752,5642441984966601609117,6327127996452982893987,3948376253104840814874,943031753775781620750;\
7792818544887506917389,3432462529555773642438,5502774926695604901588,3978710074299377686194,4960037108292752613744,8000342521710343213779,7142668511861690904807,159779644589532615111,4621551738341719599666,1253367386485010555022;\
4748762852349094862520,5934864739033517484573,5383950743584686365786,4625801583871416892800,2827301925914894606890,8612735923545851278674,8337197583002516777967,3031154872876606415769,6233514296990128364319,5847365945182433494113]
/* 
This matrix times 3^(-2) should be the matrix of frobenius.
*/ 
B = 3^(-2) * A; 
/* Freed 24 lists. */
