/* Comments begin... 
Coefficient of   x^21 * y^1               = 1
Coefficient of   x^10 * y^2 * z^6         = 1
Coefficient of   x^8 * y^5 * z^5         = 1
Coefficient of   x^6 * y^8 * z^4         = 0
Coefficient of   x^4 * y^11 * z^3         = 0
Coefficient of   x^2 * y^14 * z^2         = 0
Coefficient of   x^1 * z^13               = 1
Coefficient of   y^17 * z^1               = 1

Here is the polynomial we're using this time:

1*x^21*y^1 + 1*x^10*y^2*z^6 + 1*x^8*y^5*z^5 + 1*x^1*z^13 + 1*y^17*z^1

Allocate G_len 20 elements and old = 0.
Allocate M_len = 400 elements.
Allocate G_len 40 elements and old = 20.
Allocate M_len = 800 elements.
Allocate G_len 80 elements and old = 40.
Allocate M_len = 1600 elements.
Allocate M_len = 3200 elements.
Allocate G_len 160 elements and old = 80.
Allocate M_len = 6400 elements.
Allocate M_len = 12800 elements.
Allocate G_len 320 elements and old = 160.
The final length of G is 140
[21, 0, 0, 0]  	399	4  <--- 1
[10, 2, 6, 0]  	422	3 
[8, 5, 5, 0]  	422	3 
[8, 8, 4, 0]  	460	5 
[3, 0, 14, 0]  	491	4 
[18, 5, 4, 0]  	581	6 
[14, 0, 12, 0]  	638	5 
[12, 17, 1, 0]  	650	5 
[11, 17, 2, 0]  	662	4 
[9, 19, 2, 0]  	670	3 
[11, 19, 1, 0]  	677	4 
[13, 19, 0, 0]  	684	5 
[7, 11, 10, 0]  	696	5 
[7, 22, 2, 0]  	701	5 
[8, 20, 3, 0]  	705	7 
[9, 22, 1, 0]  	708	4 
[4, 17, 8, 0]  	715	4 
[7, 8, 13, 0]  	720	5 
[5, 25, 2, 0]  	732	7 
[6, 23, 3, 0]  	736	7 
[7, 25, 1, 0]  	739	4 
[4, 12, 13, 0]  	755	6 
[6, 12, 12, 0]  	762	5 
[5, 28, 1, 0]  	770	6 
[20, 17, 0, 0]  	771	2 
[7, 21, 5, 0]  	771	4 
[4, 29, 1, 0]  	774	6 
[6, 29, 0, 0]  	781	5 
[4, 28, 2, 0]  	782	6 
[3, 14, 13, 0]  	782	4 
[5, 14, 12, 0]  	789	6 
[6, 20, 7, 0]  	791	5 
[4, 15, 12, 0]  	793	5 
[2, 32, 1, 0]  	805	4 
[6, 22, 6, 0]  	806	6 
[3, 18, 11, 0]  	812	4 
[4, 23, 7, 0]  	822	4 
[2, 21, 10, 0]  	831	3 
[5, 24, 6, 0]  	833	5 
[3, 23, 8, 0]  	834	4 
[3, 34, 0, 0]  	839	4 
[2, 35, 0, 0]  	843	4 
[2, 26, 7, 0]  	853	3 
[3, 28, 5, 0]  	856	5 
[2, 28, 6, 0]  	868	4 
[2, 24, 9, 0]  	869	3 
[2, 4, 24, 0]  	874	4 
[2, 14, 17, 0]  	887	4 
[2, 10, 20, 0]  	888	3 
[1, 38, 0, 0]  	893	3 
[2, 13, 18, 0]  	895	3 
[1, 10, 21, 0]  	900	2 
[2, 12, 19, 0]  	903	3 
[2, 31, 5, 0]  	906	4 
[1, 13, 19, 0]  	907	2 
[1, 32, 5, 0]  	910	3 
[1, 12, 20, 0]  	915	2 
[0, 32, 6, 0]  	922	2 
[1, 30, 7, 0]  	926	2 
[2, 1, 28, 0]  	929	3 
[2, 0, 29, 0]  	937	3 
[0, 30, 8, 0]  	938	1 
[1, 1, 29, 0]  	941	2 
[1, 35, 4, 0]  	948	3 
[1, 0, 30, 0]  	949	2 
[0, 1, 30, 0]  	953	1 
[0, 16, 19, 0]  	957	1 
[1, 18, 17, 0]  	960	2 
[0, 35, 5, 0]  	960	2 
[0, 0, 31, 0]  	961	1  <--- 3
[0, 18, 18, 0]  	972	1 
[1, 4, 28, 0]  	979	2 
[0, 4, 29, 0]  	991	1 
[1, 21, 16, 0]  	998	2 
[0, 38, 4, 0]  	998	2 
[0, 21, 17, 0]  	1010	1 
[1, 27, 12, 0]  	1012	3 
[1, 7, 27, 0]  	1017	2 
[0, 7, 28, 0]  	1029	1 
[0, 41, 3, 0]  	1036	2 
[0, 24, 16, 0]  	1048	1 
[0, 10, 27, 0]  	1067	1 
[0, 47, 0, 0]  	1081	1  <--- 2
[0, 27, 15, 0]  	1086	1 
[0, 13, 26, 0]  	1105	1 
[10, 2, 5, 1]  	391	4 
[20, 1, 0, 1]  	403	4 
[13, 0, 12, 1]  	619	6 
[12, 0, 13, 1]  	631	3 
[10, 17, 2, 1]  	643	5 
[10, 19, 1, 1]  	658	5 
[12, 19, 0, 1]  	665	6 
[8, 22, 1, 1]  	689	5 
[6, 9, 13, 1]  	724	6 
[6, 26, 1, 1]  	743	6 
[19, 18, 0, 1]  	775	7 
[2, 15, 13, 1]  	786	4 
[2, 17, 12, 1]  	801	4 
[4, 25, 6, 1]  	837	5 
[2, 29, 5, 1]  	860	4 
[3, 27, 6, 1]  	864	4 
[2, 7, 22, 1]  	881	3 
[1, 15, 17, 1]  	891	3 
[2, 9, 21, 1]  	896	3 
[1, 14, 18, 1]  	899	3 
[1, 27, 9, 1]  	919	2 
[1, 18, 16, 1]  	929	3 
[0, 31, 7, 1]  	930	2 
[1, 29, 8, 1]  	934	2 
[1, 24, 12, 1]  	943	3 
[1, 21, 15, 1]  	967	3 
[0, 44, 0, 1]  	1012	2 
[11, 0, 13, 2]  	612	5 
[4, 26, 5, 2]  	829	5 
[2, 0, 27, 2]  	875	4 
[1, 31, 6, 2]  	918	3 
[5, 11, 13, 4]  	751	7 
[4, 28, 1, 96]  	751	6 
[1, 0, 29, 98]  	918	2 
[8, 5, 4, 99]  	391	3 
[9, 2, 6, 99]  	403	3 
[7, 8, 5, 99]  	472	4 
[10, 17, 1, 99]  	612	4 
[8, 19, 2, 99]  	651	4 
[6, 22, 3, 99]  	713	5 
[4, 12, 12, 99]  	724	3 
[5, 20, 7, 99]  	772	4 
[1, 32, 1, 99]  	786	2 
[1, 34, 0, 99]  	801	2 
[3, 23, 7, 99]  	803	3 
[5, 23, 6, 99]  	810	3 
[1, 15, 15, 99]  	829	3 
[0, 32, 3, 99]  	829	2 
[2, 28, 5, 99]  	837	4 
[2, 12, 17, 99]  	841	2 
[0, 10, 21, 99]  	881	1 
[0, 12, 20, 99]  	896	1 
[0, 0, 29, 99]  	899	1 
[0, 15, 19, 99]  	934	1 
[1, 4, 27, 99]  	948	2 
------
The gap is between 5 and 95.
Lengths: 3 3 5 5 3 3.
For 982 = 5*d/2-d1-d2-d3 you get 3 in char 0.
1*x^1*y^23*z^14
1*y^40*z^2
1*y^9*z^25

For 560 = 3*d/2-d1-d2-d3 you get 5 in char 0.
1*x^6*y^14*z^4
1*x^4*y^17*z^3
1*x^2*y^20*z^2
1*x^1*y^6*z^13
1*y^23*z^1

For 138 = d/2-d1-d2-d3 you get 3 in char 0.
1*x^4*z^2
1*x^2*y^3*z^1
1*y^6

Extra powers of p used 0.
The invariant extra is equal to 5.
Start computing 3^3 Delta^1 (x1x2x3)^2... Done.
Start computing 3^4 Delta^2 (x1x2x3)^2... Done.
Start computing 3^5 Delta^3 (x1x2x3)^2... Done.
Start computing 3^6 Delta^4 (x1x2x3)^2... Done.
Start computing 3^7 Delta^5 (x1x2x3)^2... Done.
Start computing 3^8 Delta^6 (x1x2x3)^2... Done.
Start computing 3^9 Delta^7 (x1x2x3)^2... Done.
Start computing 3^10 Delta^8 (x1x2x3)^2... Done.
Start computing 3^11 Delta^9 (x1x2x3)^2... Done.
Start computing 3^12 Delta^10 (x1x2x3)^2... Done.
Start computing aa.
1 2 3 4 5 6 7 8 9 10 11 
*/
A = \
[2396224471158016619525367388255817360258947809,2018583751469864535548938883767018789714905840,523807289783738835258345930151910882837481195,3215584523854425246792626796752348216854759971,4401658136528692045823714917590101814181584966,991164116633969907933520433740337917682289144,4250837224255156386904242866968508536066278891,1185920665140877376317877610894178805693380695,4933015174530344373078339959018325479966535192,5313890327683882773440944042145867463843420684,1243853018198760450505529544011037138412717659;\
608052947746793257900916697273712043436846630,5648037223468505799247474065290107216954343913,3298940796126446298105497010158637646816789230,1358572393033248343231266235639620656702763960,6279199530470254680265603287940429508751654273,4159217574818878310072587516712181512180011020,1989153357801005395132157737077617211721828218,2208362080027033732256641772135200157011237332,6055992049008917295948224417706774529120239174,366784121865390672653027729025970258488812994,5486615877539670593702449762632183259653662850;\
6211145466275222812341974653798277812481278587,3581749617109434863399707161466155434131253565,5528151656528914614995014773553220589665943063,5055595141006474409219211127353141927588720186,2347841894887607223549235501161623172814369011,6162779500036112601036383906871311664980880171,1040567443281623025074477551804541359896647286,5132590859039803345228696005440104407529164054,1525239408439671393536069182406839694520085176,6036054757572140355524462951743876375138074471,2110566575137482994148603840178651648387249612;\
1272345886389898842884292410170759520057941057,589325708432394443048685158923015982220954380,1817262665366187572378051381955729905525546718,1940462086547155347681646893836405600951912736,1216818354033896148220459767164243456847968889,115067182608657879857715148524838448067708882,47940175726702858178848107248004473468189823,1617979804243588903247249498257300457332765239,370691403142206783436797756282231872872402911,2041663588340134411515691525942251308461305222,1542039024067680419492635124607644449457991039;\
6352207620244730708363778524512385832023844669,1084677830742073048708767548563552283640974136,1028718032635007467194438354132713398876818187,5622395105902333367011081799386758416478737742,3981249527599851364541253326879583832050840627,6086576584086566042873924913272302743660427239,2700395092829618814535932693751320718707414759,5207050493610123007635236505743757713200507950,4685302389660333303534410054976470533431006147,2131447906775172036427000096548954522189726036,5583728382667123783498292400576808442911880427;\
1950264054647777319287619847373042708100745921,1388029568103572099780497025542445738149959886,4472333620709953194376297163240115529690159117,709648336622731531157818946971798589075225106,3262277985316094540271192252555564195001777755,3528980987673523260463294247391462509531789343,3360066423897325726234710568654185938312149731,4771869721213704537403478271688286823243649989,4564327168834152292114837290915724042919811,6021174965414356324340134536864008068338884859,876861222149615457676779233467199303573836017;\
3900974871914117919799317335883152296517692530,1523942924285629583511211557825391978460358950,5791707508528887455342497813349033683836568524,4477925779198823347781451652487761634368723338,4798615400296252440507614816954227052675659548,110989337639219447086318640756446982052992853,4838111209739709437333000970064986451836269973,2833854649300603398409766887735952530519564737,43801425829952616672360068938772245573419360,6101888750183018319704336658475096411541891319,4104935302859362705201216772505061606871218488;\
4198019692049231050581205551159213371635473533,1477429025230655943997915860032817910926312958,4970305696878987576512326024413227514730769161,114885256380183898107643138283736352056009648,3884301216645745865955770847131226220457164023,1929843582313811855550787713096655163697483036,2435862811748426557034082062791446654268863348,3485972300015655670694512073877958376007304542,6094119254478934117578924305364642811814350500,141513287777326208943428692160148137619815718,2430198414146091425633509743960315840135432126;\
1943355619304948709133029030968641265664019530,1293185675822248803453722374076070039487603023,1878318327779318417537826043744244298336080805,1034396957263310276681280246959890972214959338,1626680591205749872110027252422304176096903574,543150261596189664066492112582016636103989055,2087348828054046181099262502315943133936388114,883113634366859643380684578597309707700916352,1313162423244010891715323323436986964047505893,1552078396334920134815582653544283458671705407,2022462343258286052256544540278258078971776355;\
471262904804010193818412425027613840773115127,1168030346270947986147530723135884375433168777,1190211608283081887468955763196682717849063650,1294461132569525211099862584020683289987835711,1720992458379142954892926661583503271178038249,4776156821360724201772326983796149284700632128,1288677756644282114435945782383100007083324425,5010675581312298160879509776280398595210949698,385885964894104744376096615445150271169902344,5513114008646402842630523703062491224557029866,3146858379596068327282422191368790304076774680;\
4443369113862972739874250351394675076770106583,2500954773269336829918003888893360550141437724,2750062913570747732968387079989407063566862963,1765783967844950852829198353295758868960907524,4522676371382036496313164613782776021824254084,5671321960513534305936511176344951652112156791,3285738709931011590393907858291078372557970245,2646467348275839281759906987982045699029559114,3453231309470303980209571207853578871733448773,1642710400211141969020859624136195429531341028,3306419681208035032412250449248793909084906529]
/* 
This matrix times 3^(-1) should be the matrix of frobenius.
*/ 
B = 3^(-1) * A; 
/* Freed 27 lists. */
