/* Comments begin... 
Coefficient of   x^21 * y^1               = 0
Coefficient of   x^10 * y^2 * z^6         = -1
Coefficient of   x^8 * y^5 * z^5         = 1
Coefficient of   x^6 * y^8 * z^4         = -1
Coefficient of   x^4 * y^11 * z^3         = 1
Coefficient of   x^2 * y^14 * z^2         = -1
Coefficient of   x^1 * z^13               = 1
Coefficient of   y^17 * z^1               = -1

Here is the polynomial we're using this time:

-1*x^10*y^2*z^6 + 1*x^8*y^5*z^5 + -1*x^6*y^8*z^4 + 1*x^4*y^11*z^3 + -1*x^2*y^14*z^2 + 1*x^1*z^13 + -1*y^17*z^1

Allocate G_len 20 elements and old = 0.
Allocate M_len = 400 elements.
Allocate G_len 40 elements and old = 20.
Allocate M_len = 800 elements.
Allocate G_len 80 elements and old = 40.
Allocate M_len = 1600 elements.
Not smooth!
Coefficient of   x^21 * y^1               = -1
Coefficient of   x^10 * y^2 * z^6         = 0
Coefficient of   x^8 * y^5 * z^5         = 0
Coefficient of   x^6 * y^8 * z^4         = 0
Coefficient of   x^4 * y^11 * z^3         = -1
Coefficient of   x^2 * y^14 * z^2         = 0
Coefficient of   x^1 * z^13               = -1
Coefficient of   y^17 * z^1               = -1

Here is the polynomial we're using this time:

-1*x^21*y^1 + -1*x^4*y^11*z^3 + -1*x^1*z^13 + -1*y^17*z^1

Not smooth!
Coefficient of   x^21 * y^1               = 0
Coefficient of   x^10 * y^2 * z^6         = -1
Coefficient of   x^8 * y^5 * z^5         = 1
Coefficient of   x^6 * y^8 * z^4         = 1
Coefficient of   x^4 * y^11 * z^3         = 1
Coefficient of   x^2 * y^14 * z^2         = 0
Coefficient of   x^1 * z^13               = 0
Coefficient of   y^17 * z^1               = -1

Here is the polynomial we're using this time:

-1*x^10*y^2*z^6 + 1*x^8*y^5*z^5 + 1*x^6*y^8*z^4 + 1*x^4*y^11*z^3 + -1*y^17*z^1

Not smooth!
Coefficient of   x^21 * y^1               = -1
Coefficient of   x^10 * y^2 * z^6         = -1
Coefficient of   x^8 * y^5 * z^5         = 0
Coefficient of   x^6 * y^8 * z^4         = 1
Coefficient of   x^4 * y^11 * z^3         = 1
Coefficient of   x^2 * y^14 * z^2         = -1
Coefficient of   x^1 * z^13               = -1
Coefficient of   y^17 * z^1               = 1

Here is the polynomial we're using this time:

-1*x^21*y^1 + -1*x^10*y^2*z^6 + 1*x^6*y^8*z^4 + 1*x^4*y^11*z^3 + -1*x^2*y^14*z^2 + -1*x^1*z^13 + 1*y^17*z^1

Allocate M_len = 3200 elements.
Allocate G_len 160 elements and old = 80.
Allocate M_len = 6400 elements.
Allocate M_len = 12800 elements.
Allocate G_len 320 elements and old = 160.
Allocate M_len = 25600 elements.
The final length of G is 215
[21, 0, 0, 0]  	399	6  <--- 1
[10, 2, 6, 0]  	422	5 
[6, 8, 4, 0]  	422	5 
[6, 14, 3, 0]  	529	7 
[5, 0, 15, 0]  	560	6 
[16, 8, 3, 0]  	581	10 
[15, 11, 3, 0]  	631	5 
[14, 14, 2, 0]  	650	10 
[12, 0, 14, 0]  	662	9 
[9, 3, 14, 0]  	674	9 
[9, 20, 2, 0]  	693	8 
[18, 14, 1, 0]  	695	9 
[13, 17, 2, 0]  	700	8 
[11, 19, 2, 0]  	708	8 
[9, 6, 13, 0]  	712	8 
[8, 6, 14, 0]  	724	8 
[9, 23, 1, 0]  	731	7 
[6, 26, 1, 0]  	743	7 
[17, 17, 1, 0]  	745	7 
[20, 0, 12, 0]  	752	7 
[15, 19, 1, 0]  	753	7 
[5, 26, 2, 0]  	755	6 
[4, 12, 13, 0]  	755	6 
[12, 23, 0, 0]  	757	7 
[6, 28, 0, 0]  	758	7 
[5, 29, 0, 0]  	762	6 
[5, 25, 3, 0]  	763	6 
[4, 11, 14, 0]  	763	6 
[16, 20, 0, 0]  	764	7 
[9, 26, 0, 0]  	769	6 
[20, 17, 0, 0]  	771	2 
[5, 24, 4, 0]  	771	6 
[5, 15, 11, 0]  	781	6 
[3, 14, 13, 0]  	782	6 
[11, 25, 0, 0]  	784	6 
[5, 18, 9, 0]  	788	6 
[5, 14, 12, 0]  	789	6 
[4, 31, 0, 0]  	789	6 
[15, 22, 0, 0]  	791	6 
[4, 15, 12, 0]  	793	5 
[3, 32, 0, 0]  	793	5 
[5, 21, 7, 0]  	795	6 
[5, 17, 10, 0]  	796	6 
[19, 19, 0, 0]  	798	6 
[4, 18, 10, 0]  	800	5 
[3, 31, 1, 0]  	801	6 
[5, 20, 8, 0]  	803	6 
[2, 32, 1, 0]  	805	5 
[4, 17, 11, 0]  	808	5 
[5, 23, 6, 0]  	810	6 
[4, 24, 6, 0]  	814	5 
[4, 4, 21, 0]  	819	5 
[3, 17, 12, 0]  	820	5 
[3, 1, 24, 0]  	824	4 
[2, 18, 12, 0]  	824	4 
[4, 7, 19, 0]  	826	5 
[4, 3, 22, 0]  	827	5 
[4, 26, 5, 0]  	829	5 
[3, 12, 16, 0]  	829	5 
[4, 10, 17, 0]  	833	5 
[4, 6, 20, 0]  	834	5 
[3, 11, 17, 0]  	837	5 
[3, 7, 20, 0]  	838	4 
[3, 3, 23, 0]  	839	4 
[4, 9, 18, 0]  	841	5 
[2, 35, 0, 0]  	843	4 
[3, 10, 18, 0]  	845	4 
[3, 6, 21, 0]  	846	4 
[3, 21, 10, 0]  	850	4 
[3, 9, 19, 0]  	853	4 
[3, 28, 5, 0]  	856	5 
[3, 24, 8, 0]  	857	4 
[3, 20, 11, 0]  	858	4 
[2, 29, 5, 0]  	860	4 
[2, 21, 11, 0]  	862	3 
[2, 28, 6, 0]  	868	4 
[2, 24, 9, 0]  	869	3 
[3, 26, 7, 0]  	872	4 
[2, 4, 24, 0]  	874	4 
[2, 31, 4, 0]  	875	5 
[2, 27, 7, 0]  	876	3 
[2, 23, 10, 0]  	877	3 
[2, 15, 16, 0]  	879	4 
[2, 7, 22, 0]  	881	3 
[2, 14, 17, 0]  	887	4 
[2, 10, 20, 0]  	888	3 
[1, 15, 17, 0]  	891	3 
[1, 38, 0, 0]  	893	3 
[2, 13, 18, 0]  	895	3 
[2, 9, 21, 0]  	896	3 
[2, 1, 27, 0]  	898	4 
[1, 10, 21, 0]  	900	2 
[2, 12, 19, 0]  	903	3 
[2, 0, 28, 0]  	906	4 
[1, 13, 19, 0]  	907	2 
[1, 12, 20, 0]  	915	2 
[1, 31, 6, 0]  	918	3 
[0, 32, 6, 0]  	922	2 
[1, 30, 7, 0]  	926	2 
[1, 18, 16, 0]  	929	3 
[0, 31, 7, 0]  	930	2 
[0, 30, 8, 0]  	938	1 
[1, 24, 12, 0]  	943	3 
[1, 35, 4, 0]  	948	3 
[1, 0, 30, 0]  	949	2 
[0, 1, 30, 0]  	953	1 
[0, 16, 19, 0]  	957	1 
[0, 35, 5, 0]  	960	2 
[0, 0, 31, 0]  	961	1  <--- 3
[1, 21, 15, 0]  	967	3 
[0, 18, 18, 0]  	972	1 
[0, 4, 29, 0]  	991	1 
[0, 21, 17, 0]  	1010	1 
[1, 7, 27, 0]  	1017	2 
[0, 7, 28, 0]  	1029	1 
[0, 41, 3, 0]  	1036	2 
[0, 24, 16, 0]  	1048	1 
[0, 10, 27, 0]  	1067	1 
[0, 47, 0, 0]  	1081	1  <--- 2
[0, 27, 15, 0]  	1086	1 
[0, 13, 26, 0]  	1105	1 
[10, 2, 5, 1]  	391	6 
[20, 1, 0, 1]  	403	6 
[14, 11, 3, 1]  	612	9 
[11, 0, 14, 1]  	643	10 
[19, 11, 2, 1]  	676	9 
[12, 17, 2, 1]  	681	9 
[10, 19, 2, 1]  	689	9 
[7, 6, 14, 1]  	705	8 
[16, 0, 13, 1]  	707	8 
[16, 17, 1, 1]  	726	8 
[5, 25, 2, 1]  	732	7 
[19, 0, 12, 1]  	733	8 
[14, 19, 1, 1]  	734	8 
[5, 9, 14, 1]  	736	7 
[13, 20, 1, 1]  	738	7 
[7, 25, 1, 1]  	739	7 
[11, 22, 1, 1]  	746	7 
[8, 26, 0, 1]  	750	7 
[5, 11, 13, 1]  	751	7 
[10, 25, 0, 1]  	765	7 
[4, 26, 3, 1]  	767	6 
[5, 28, 1, 1]  	770	7 
[4, 14, 12, 1]  	770	6 
[14, 22, 0, 1]  	772	7 
[4, 29, 1, 1]  	774	6 
[19, 18, 0, 1]  	775	7 
[18, 19, 0, 1]  	779	7 
[4, 28, 2, 1]  	782	6 
[3, 29, 2, 1]  	786	5 
[3, 0, 24, 1]  	801	5 
[4, 1, 23, 1]  	812	5 
[4, 23, 7, 1]  	822	5 
[4, 21, 9, 1]  	838	4 
[2, 26, 8, 1]  	884	3 
[1, 14, 18, 1]  	899	3 
[1, 27, 9, 1]  	919	2 
[1, 29, 8, 1]  	934	2 
[0, 38, 4, 1]  	998	2 
[0, 44, 0, 1]  	1012	2 
[18, 11, 2, 2]  	657	10 
[15, 0, 13, 2]  	688	9 
[8, 5, 14, 2]  	701	8 
[12, 20, 1, 2]  	719	8 
[8, 22, 2, 2]  	720	8 
[7, 23, 2, 2]  	724	7 
[10, 22, 1, 2]  	727	8 
[4, 25, 5, 2]  	806	6 
[4, 21, 8, 2]  	807	5 
[3, 27, 6, 2]  	864	4 
[3, 23, 9, 2]  	865	4 
[1, 32, 5, 2]  	910	3 
[1, 4, 28, 2]  	979	2 
[4, 20, 9, 3]  	815	5 
[3, 4, 22, 3]  	831	4 
[1, 1, 29, 3]  	941	2 
[3, 31, 0, 97]  	770	5 
[3, 6, 20, 97]  	815	4 
[2, 21, 10, 97]  	831	3 
[0, 18, 17, 97]  	941	1 
[5, 12, 12, 98]  	743	5 
[5, 17, 9, 98]  	765	5 
[3, 11, 16, 98]  	806	5 
[3, 7, 19, 98]  	807	4 
[2, 13, 17, 98]  	864	3 
[2, 9, 20, 98]  	865	3 
[1, 12, 19, 98]  	884	2 
[0, 18, 16, 98]  	910	1 
[6, 8, 3, 99]  	391	4 
[9, 2, 6, 99]  	403	4 
[5, 14, 4, 99]  	541	5 
[12, 14, 2, 99]  	612	9 
[16, 14, 1, 99]  	657	9 
[3, 11, 12, 99]  	682	4 
[14, 17, 1, 99]  	688	8 
[5, 25, 1, 99]  	701	6 
[10, 23, 0, 99]  	719	7 
[14, 20, 0, 99]  	726	7 
[8, 25, 0, 99]  	727	7 
[5, 28, 0, 99]  	739	6 
[4, 28, 1, 99]  	751	6 
[2, 31, 1, 99]  	782	5 
[3, 6, 19, 99]  	784	4 
[2, 15, 13, 99]  	786	3 
[3, 17, 11, 99]  	789	3 
[2, 17, 12, 99]  	801	3 
[2, 1, 24, 99]  	805	4 
[2, 34, 0, 99]  	820	2 
[3, 9, 18, 99]  	822	3 
[2, 24, 8, 99]  	838	3 
[2, 26, 7, 99]  	853	2 
[0, 31, 6, 99]  	899	2 
[0, 13, 20, 99]  	919	1 
[0, 15, 19, 99]  	934	1 
[0, 7, 27, 99]  	998	1 
------
The gap is between 4 and 96.
Lengths: 3 3 5 5 3 3.
For 982 = 5*d/2-d1-d2-d3 you get 3 in char 0.
1*x^1*y^23*z^14
1*y^40*z^2
1*y^9*z^25

For 560 = 3*d/2-d1-d2-d3 you get 5 in char 0.
1*x^4*y^17*z^3
1*x^3*y^3*z^14
1*x^2*y^20*z^2
1*x^1*y^6*z^13
1*y^23*z^1

For 138 = d/2-d1-d2-d3 you get 3 in char 0.
1*x^4*z^2
1*x^2*y^3*z^1
1*y^6

Extra powers of p used 0.
The invariant extra is equal to 5.
Start computing 3^3 Delta^1 (x1x2x3)^2... Done.
Start computing 3^4 Delta^2 (x1x2x3)^2... Done.
Start computing 3^5 Delta^3 (x1x2x3)^2... Done.
Start computing 3^6 Delta^4 (x1x2x3)^2... Done.
Start computing 3^7 Delta^5 (x1x2x3)^2... Done.
Start computing 3^8 Delta^6 (x1x2x3)^2... Done.
Start computing 3^9 Delta^7 (x1x2x3)^2... Done.
Start computing 3^10 Delta^8 (x1x2x3)^2... Done.
Start computing 3^11 Delta^9 (x1x2x3)^2... Done.
Start computing 3^12 Delta^10 (x1x2x3)^2... Done.
Start computing aa.
1 2 3 4 5 6 7 8 9 10 11 
*/
A = \
[223003451858368690807662665242948177658066373,2159558706882733254854362681847410870503193563,3128185845909331228328561565207012577633512786,1310082330179636110461941854481316538267530093,3927238079627933034197448898838628749345218938,513631789961288825069871416277675544486078893,2571194055240483530300051626670502741247619136,2012564852326380775046696784724720687272335979,4778222477320185928048908440680857043715639694,4073448363803268590739898858893043807230765021,2598905960317826661602670490700880342539544009;\
4484605530075364993824400678714432078680346053,4964262897920330701260925861289878551124254939,4546628537964455030841710273711071415566088040,3818935309218998929029274971721536164616087627,3363778345763134372649135590846626864167623383,295607410076266314314179625681346408102835239,680965916838436532241223555820217546921984603,1922429329843985091711541745184569957668573686,4764546722516701744826214834418230287093921820,4992686086644601198396190626251387305283178545,6287960360588354058375944759476998198886740489;\
893417292297878516720806168065274340910001788,2969119690492465552915459117793305693873191318,4578878889122255076163822325625131225128834839,1034665486669661296526986456896191051396247999,5142384561969202152937336290268297884968658102,802299575910106954107560129727291801712432560,1868080545231554148527952949984767699407935020,2177298133845359433153638276401761076593876243,308442546013024145742754958774709892324538769,5613598295099351520119783766441321016255026300,5770045812439537669165713507501843929959243287;\
4271459474940922296967803629100704233401782936,480371082873879022206912501054706922553757053,1572999604618970731366978403021249815215357996,5956647392075066574326804004704056502029918548,2645082308217783714835340583595834473304720350,4843998558774105340789267067909086287007077144,4631388701914388195308584875187717988368390003,3004041196048601360239235566458962477249202642,1284109688781025232745469595832392218349937957,2464080572970120384503851043141295374464022763,5008612316912008406541126201488015009705010282;\
2540097485234500892909430589250323429428656455,3206197463024545257353421877822825595848398011,2156643402885852278239068813873724019777471991,4007631035519334997272066863515116176959953276,3384781271048780786594779969996542984780845511,3030015542613988342910131337704807635618770007,2205837144462546616640588795101653652078806354,1228020971497039076582064119218030724582433006,4428301644519994951462817942558200507837847898,1171570986381499307530651956628457663354594946,3583714227511537734727263639134895532835075259;\
1749501018442568021233312093121356733999375816,6324856610225600762629211645137173113049200944,3994237026854581432451336600165662237389722117,5122006707657401934052841530454608632446315094,2746493058384893990730526538302001770721649891,3432834785824361645548132533417738183260711631,1685480471047924237599453389382981426578072664,2077197977767290004428417671123143983268562634,3485445715171684155284273672640934135591616973,760956810627228314842000728381235485509046450,5518718006099517395601843088968739673491816785;\
5470231636514646078446192939011606214029833144,1668700203084938282419489643682888217809868238,2419102270797284763516840718305364216546148702,2755952045676488689168939127863302411797396940,2412595903493948070150125977898120305798836900,4150874192604482157733965327084211691581174827,3144873293238846238529976740561123980889242956,100175494719719684279777690046064499214738804,4218344711874238525796426677922279970890556264,1924186670153174075323387069344660869726650026,3391751784528450764687425174507174053657176955;\
589762125035842645569973537545060569217689075,6083625509763331631395567148550891641329756490,177298487158608840353260377778083701525809591,4844351037360317134573912338366145968204309105,312466675827846867295258939052630295740555145,4732244801342762623398889483760003599579150272,2897009307361123482160199547630547326316931544,3989929626002661854850321263615281343848894611,2263392016711621127776842314629782368627510364,5292328261576958909622308720811867779235353184,5319948439568879192683272669333548518198413144;\
4958636232664782013323193573623682912766790345,5209384947186342090099172925481908157707428437,5051966268007227359522570102674756364675322930,4295790181525770906621878766783103125861692799,4461470609554921361805374487143687667714269709,4939228342933347900913004785065060812354601867,4771941277994999118425450055252908022373175688,4837651680672901134242076461532816669576783228,5811009184408856279015367497099297178692195778,5164939418872208287784693138059661021868662538,4854793260794887177225536906047262685702229712;\
807332144674460731457360050659753247019808192,5669380851880171157579658208470736907620237287,2554639117662536862759977065486107167260267260,2373887287334827444135218596578903467363157746,3945657264549455341045089339265302136670257569,5473449720045354976875467849733985195169414553,2382277296461328350610690510505052159468312511,3066245444101784420399931281752870633485646797,3005436006599068810638833654546447836073175000,4411017702019297367806120701941694285936214101,2352014917169812071149675581601135484136645548;\
337135691421856772706292368483924665229538007,3011671361399543011799123989674157411843835857,385060382566175039254206032037860900724176618,5836366825344429475250499255359296319226941703,921853032130100879293549807359367070540791734,392014550239742523466894098910536213262211313,4920939092829766316395496251513121970327258435,5334309792319592887441528703499638597611373535,2135554093308737283118688691122469823131596757,1344149817767061359965603399392841588955792850,5746497365563505016109337560610543773208519556]
/* 
This matrix times 3^(-1) should be the matrix of frobenius.
*/ 
B = 3^(-1) * A; 
/* Freed 30 lists. */
