/* Comments begin... 
Coefficient of   x^21 * y^1               = 1
Coefficient of   x^10 * y^2 * z^6         = 1
Coefficient of   x^8 * y^5 * z^5         = -1
Coefficient of   x^6 * y^8 * z^4         = -1
Coefficient of   x^4 * y^11 * z^3         = 0
Coefficient of   x^2 * y^14 * z^2         = -1
Coefficient of   x^1 * z^13               = 0
Coefficient of   y^17 * z^1               = 0

Here is the polynomial we're using this time:

1*x^21*y^1 + 1*x^10*y^2*z^6 + -1*x^8*y^5*z^5 + -1*x^6*y^8*z^4 + -1*x^2*y^14*z^2

Allocate G_len 20 elements and old = 0.
Allocate M_len = 400 elements.
Allocate G_len 40 elements and old = 20.
Allocate M_len = 800 elements.
Allocate G_len 80 elements and old = 40.
Allocate M_len = 1600 elements.
Not smooth!
Coefficient of   x^21 * y^1               = 0
Coefficient of   x^10 * y^2 * z^6         = 1
Coefficient of   x^8 * y^5 * z^5         = 0
Coefficient of   x^6 * y^8 * z^4         = 0
Coefficient of   x^4 * y^11 * z^3         = 1
Coefficient of   x^2 * y^14 * z^2         = 0
Coefficient of   x^1 * z^13               = -1
Coefficient of   y^17 * z^1               = 0

Here is the polynomial we're using this time:

1*x^10*y^2*z^6 + 1*x^4*y^11*z^3 + -1*x^1*z^13

Not smooth!
Coefficient of   x^21 * y^1               = -1
Coefficient of   x^10 * y^2 * z^6         = -1
Coefficient of   x^8 * y^5 * z^5         = -1
Coefficient of   x^6 * y^8 * z^4         = 1
Coefficient of   x^4 * y^11 * z^3         = 0
Coefficient of   x^2 * y^14 * z^2         = -1
Coefficient of   x^1 * z^13               = -1
Coefficient of   y^17 * z^1               = -1

Here is the polynomial we're using this time:

-1*x^21*y^1 + -1*x^10*y^2*z^6 + -1*x^8*y^5*z^5 + 1*x^6*y^8*z^4 + -1*x^2*y^14*z^2 + -1*x^1*z^13 + -1*y^17*z^1

Allocate M_len = 3200 elements.
Allocate G_len 160 elements and old = 80.
Allocate M_len = 6400 elements.
Allocate M_len = 12800 elements.
Allocate G_len 320 elements and old = 160.
Allocate M_len = 25600 elements.
The final length of G is 217
[21, 0, 0, 0]  	399	6  <--- 1
[10, 2, 6, 0]  	422	5 
[8, 5, 5, 0]  	422	5 
[8, 8, 4, 0]  	460	7 
[6, 11, 4, 0]  	491	6 
[5, 0, 15, 0]  	560	6 
[18, 5, 4, 0]  	581	10 
[15, 11, 3, 0]  	631	9 
[19, 8, 3, 0]  	638	6 
[11, 0, 14, 0]  	643	9 
[13, 14, 3, 0]  	662	8 
[15, 14, 2, 0]  	669	5 
[9, 3, 14, 0]  	674	8 
[17, 14, 1, 0]  	676	8 
[10, 19, 2, 0]  	689	9 
[9, 20, 2, 0]  	693	7 
[13, 17, 2, 0]  	700	8 
[9, 19, 3, 0]  	701	8 
[7, 22, 2, 0]  	701	8 
[8, 20, 3, 0]  	705	8 
[7, 6, 14, 0]  	705	8 
[8, 23, 1, 0]  	712	8 
[7, 8, 13, 0]  	720	8 
[6, 9, 13, 0]  	724	7 
[6, 8, 14, 0]  	732	7 
[5, 25, 2, 0]  	732	7 
[5, 9, 14, 0]  	736	7 
[7, 25, 1, 0]  	739	7 
[11, 22, 1, 0]  	746	7 
[5, 11, 13, 0]  	751	7 
[20, 0, 12, 0]  	752	7 
[15, 19, 1, 0]  	753	6 
[5, 29, 0, 0]  	762	6 
[16, 20, 0, 0]  	764	7 
[4, 26, 3, 0]  	767	6 
[5, 28, 1, 0]  	770	7 
[20, 17, 0, 0]  	771	2 
[5, 24, 4, 0]  	771	6 
[4, 29, 1, 0]  	774	6 
[7, 28, 0, 0]  	777	6 
[5, 15, 11, 0]  	781	6 
[4, 28, 2, 0]  	782	7 
[3, 29, 2, 0]  	786	5 
[5, 18, 9, 0]  	788	6 
[5, 14, 12, 0]  	789	6 
[4, 31, 0, 0]  	789	6 
[15, 22, 0, 0]  	791	6 
[4, 15, 12, 0]  	793	5 
[3, 32, 0, 0]  	793	5 
[5, 17, 10, 0]  	796	6 
[19, 19, 0, 0]  	798	6 
[4, 18, 10, 0]  	800	5 
[3, 31, 1, 0]  	801	5 
[3, 0, 24, 0]  	801	5 
[3, 15, 13, 0]  	805	5 
[2, 32, 1, 0]  	805	5 
[4, 25, 5, 0]  	806	6 
[4, 17, 11, 0]  	808	5 
[5, 23, 6, 0]  	810	6 
[4, 1, 23, 0]  	812	5 
[4, 20, 9, 0]  	815	5 
[3, 17, 12, 0]  	820	5 
[13, 25, 0, 0]  	822	6 
[2, 18, 12, 0]  	824	4 
[4, 10, 17, 0]  	833	5 
[3, 11, 17, 0]  	837	5 
[3, 7, 20, 0]  	838	4 
[3, 3, 23, 0]  	839	4 
[4, 9, 18, 0]  	841	5 
[2, 35, 0, 0]  	843	4 
[3, 10, 18, 0]  	845	4 
[3, 6, 21, 0]  	846	4 
[3, 21, 10, 0]  	850	4 
[4, 23, 8, 0]  	853	4 
[3, 9, 19, 0]  	853	4 
[3, 28, 5, 0]  	856	5 
[3, 20, 11, 0]  	858	4 
[2, 21, 11, 0]  	862	3 
[2, 24, 9, 0]  	869	3 
[2, 4, 24, 0]  	874	4 
[2, 31, 4, 0]  	875	5 
[2, 23, 10, 0]  	877	3 
[2, 15, 16, 0]  	879	4 
[2, 7, 22, 0]  	881	3 
[2, 26, 8, 0]  	884	3 
[2, 14, 17, 0]  	887	4 
[2, 10, 20, 0]  	888	3 
[1, 15, 17, 0]  	891	3 
[1, 38, 0, 0]  	893	3 
[2, 13, 18, 0]  	895	3 
[2, 9, 21, 0]  	896	3 
[2, 28, 7, 0]  	899	3 
[1, 14, 18, 0]  	899	3 
[1, 10, 21, 0]  	900	2 
[2, 12, 19, 0]  	903	3 
[1, 13, 19, 0]  	907	2 
[1, 32, 5, 0]  	910	3 
[1, 12, 20, 0]  	915	2 
[1, 27, 9, 0]  	919	2 
[0, 32, 6, 0]  	922	2 
[2, 1, 28, 0]  	929	3 
[1, 18, 16, 0]  	929	3 
[1, 29, 8, 0]  	934	2 
[0, 30, 8, 0]  	938	1 
[1, 24, 12, 0]  	943	3 
[1, 0, 30, 0]  	949	2 
[0, 1, 30, 0]  	953	1 
[0, 16, 19, 0]  	957	1 
[0, 35, 5, 0]  	960	2 
[0, 0, 31, 0]  	961	1  <--- 3
[1, 21, 15, 0]  	967	3 
[0, 18, 18, 0]  	972	1 
[1, 4, 28, 0]  	979	2 
[0, 4, 29, 0]  	991	1 
[0, 38, 4, 0]  	998	2 
[0, 21, 17, 0]  	1010	1 
[0, 44, 0, 0]  	1012	2  <--- 2
[1, 7, 27, 0]  	1017	2 
[0, 7, 28, 0]  	1029	1 
[0, 24, 16, 0]  	1048	1 
[0, 10, 27, 0]  	1067	1 
[0, 27, 15, 0]  	1086	1 
[0, 13, 26, 0]  	1105	1 
[10, 2, 5, 1]  	391	6 
[20, 1, 0, 1]  	403	6 
[6, 14, 3, 1]  	529	7 
[14, 11, 3, 1]  	612	10 
[18, 8, 3, 1]  	619	10 
[14, 14, 2, 1]  	650	9 
[16, 14, 1, 1]  	657	9 
[12, 17, 2, 1]  	681	9 
[10, 22, 1, 1]  	727	8 
[19, 0, 12, 1]  	733	8 
[14, 19, 1, 1]  	734	7 
[13, 20, 1, 1]  	738	7 
[6, 26, 1, 1]  	743	7 
[6, 28, 0, 1]  	758	7 
[4, 11, 14, 1]  	763	6 
[14, 22, 0, 1]  	772	7 
[19, 18, 0, 1]  	775	7 
[18, 19, 0, 1]  	779	7 
[3, 14, 13, 1]  	782	6 
[11, 25, 0, 1]  	784	6 
[5, 21, 7, 1]  	795	6 
[4, 21, 8, 1]  	807	5 
[4, 24, 6, 1]  	814	5 
[4, 4, 21, 1]  	819	5 
[4, 7, 19, 1]  	826	5 
[3, 12, 16, 1]  	829	5 
[3, 4, 22, 1]  	831	4 
[4, 6, 20, 1]  	834	5 
[2, 29, 5, 1]  	860	4 
[3, 27, 6, 1]  	864	4 
[3, 23, 9, 1]  	865	4 
[2, 27, 7, 1]  	876	3 
[2, 1, 27, 1]  	898	4 
[2, 0, 28, 1]  	906	4 
[1, 31, 6, 1]  	918	3 
[1, 30, 7, 1]  	926	2 
[0, 31, 7, 1]  	930	2 
[1, 1, 29, 1]  	941	2 
[1, 35, 4, 1]  	948	3 
[16, 0, 13, 2]  	707	7 
[12, 20, 1, 2]  	719	8 
[4, 12, 13, 2]  	755	6 
[12, 23, 0, 2]  	757	7 
[10, 25, 0, 2]  	765	7 
[9, 26, 0, 2]  	769	6 
[4, 14, 12, 2]  	770	6 
[5, 20, 8, 2]  	803	6 
[4, 23, 7, 2]  	822	5 
[3, 24, 8, 2]  	857	4 
[2, 28, 6, 2]  	868	4 
[3, 26, 7, 2]  	872	4 
[0, 41, 3, 2]  	1036	2 
[15, 0, 13, 3]  	688	8 
[8, 26, 0, 3]  	750	7 
[4, 3, 22, 3]  	827	5 
[5, 15, 10, 97]  	750	6 
[3, 20, 10, 97]  	827	4 
[7, 5, 14, 98]  	682	8 
[14, 17, 1, 98]  	688	6 
[5, 15, 9, 98]  	719	6 
[14, 20, 0, 98]  	726	7 
[3, 29, 1, 98]  	755	3 
[4, 18, 9, 98]  	769	5 
[3, 31, 0, 98]  	770	4 
[3, 7, 18, 98]  	776	4 
[4, 6, 19, 98]  	803	5 
[2, 10, 18, 98]  	826	3 
[1, 14, 17, 98]  	868	3 
[0, 10, 26, 98]  	1036	1 
[8, 5, 4, 99]  	391	5 
[9, 2, 6, 99]  	403	4 
[7, 8, 5, 99]  	472	4 
[5, 0, 14, 99]  	529	6 
[5, 14, 4, 99]  	541	5 
[8, 19, 2, 99]  	651	6 
[7, 23, 1, 99]  	693	4 
[4, 25, 2, 99]  	713	5 
[4, 18, 8, 99]  	738	5 
[5, 12, 12, 99]  	743	6 
[4, 4, 19, 99]  	757	5 
[2, 7, 18, 99]  	757	3 
[3, 28, 2, 99]  	763	5 
[2, 31, 1, 99]  	782	5 
[2, 15, 13, 99]  	786	2 
[2, 17, 12, 99]  	801	2 
[3, 10, 17, 99]  	814	4 
[3, 24, 7, 99]  	826	4 
[1, 15, 15, 99]  	829	2 
[2, 21, 10, 99]  	831	2 
[1, 13, 17, 99]  	845	2 
[0, 32, 5, 99]  	891	1 
[0, 16, 17, 99]  	895	1 
[0, 0, 30, 99]  	930	1 
[1, 4, 27, 99]  	948	2 
------
The gap is between 4 and 96.
Lengths: 3 3 5 5 3 3.
For 982 = 5*d/2-d1-d2-d3 you get 3 in char 0.
1*x^1*y^23*z^14
1*y^40*z^2
1*y^9*z^25

For 560 = 3*d/2-d1-d2-d3 you get 5 in char 0.
1*x^4*y^17*z^3
1*x^3*y^3*z^14
1*x^2*y^20*z^2
1*x^1*y^6*z^13
1*y^23*z^1

For 138 = d/2-d1-d2-d3 you get 3 in char 0.
1*x^4*z^2
1*x^2*y^3*z^1
1*y^6

Extra powers of p used 0.
The invariant extra is equal to 5.
Start computing 3^3 Delta^1 (x1x2x3)^2... Done.
Start computing 3^4 Delta^2 (x1x2x3)^2... Done.
Start computing 3^5 Delta^3 (x1x2x3)^2... Done.
Start computing 3^6 Delta^4 (x1x2x3)^2... Done.
Start computing 3^7 Delta^5 (x1x2x3)^2... Done.
Start computing 3^8 Delta^6 (x1x2x3)^2... Done.
Start computing 3^9 Delta^7 (x1x2x3)^2... Done.
Start computing 3^10 Delta^8 (x1x2x3)^2... Done.
Start computing 3^11 Delta^9 (x1x2x3)^2... Done.
Start computing 3^12 Delta^10 (x1x2x3)^2... Done.
Start computing aa.
1 2 3 4 5 6 7 8 9 10 11 
*/
A = \
[2196353579222706048453917272586640107509458579,3526359820441420824760010346852371226004675407,1393008541626213304113911480223263756879781822,2475693613610663297437629381753283060823388291,3928598971343841331964992260461261912708632029,1748991942002075196286918655624074684580939736,601817389528313452216653072265677610827258423,5934710757760302814204361172928624602764816724,4985412914001595944455207699585281459715340747,1373233224399125087665801362766279785476811282,551514341223540321936682102267791131227642644;\
4560242003244308032072992764612321675864080089,4090049329000970405594767920969425141112987216,671285303913369263230199415763773655368531615,996553717923111522876188368987675494228197994,1865452278947965660335053648999722873221612063,1929962155550528160623975142315687476133620088,473432441528985099228308702963681516222965233,884225996430780873457142523407763199262242701,4814611878957012074556346525529122423044906813,3021100610921501133730989865755943430391564873,3862968877364942379124687096291292693196550533;\
5317433192976599110408321216118947556703049401,719453815939457557067251528221332428103720961,6247252409854717522647334020951748655985272751,1693929563345335295855230761562183712966999859,6210127512923199882109998563274993083025376389,1724453720029513397811190104863592572991673251,4704733428229634939976871766633895721757310525,4069207789897084696744566323956142281123767561,4894719717492088770074449869985044384303667830,134118064370427330916704897404485662136319190,529586232952994255956213365453340701849192591;\
1959050858173948362200235866182004513132812296,2354690834866090691109586404140393874416050597,974380109846281478364457196518121499125033370,1107761103559108450693383222572077304452155588,2699493681027037443316444613225455380954970587,5988740675058232081312274213490677454298238673,1556523878318749968981772021753167111290571990,5720826176738968531472559403684076955978265500,5916384616773085107774774466791040074249394059,6046552738336004016336875833516447536753160380,6262990188725880629336389617186997470927038190;\
1655497536157712490557976051594828309843994615,4749370010585676418762748034316331393650795969,550347207403237608352451037296024302727634185,4472162135399252990148626858729146107286159449,1851411840087531889338351578499255408772167285,4730505207060660092072734735865047146026764284,2082284579026019461611308045058090677412978597,4351520782943303252658593710964724025531705467,2719461170277594399373762849311566843755944480,3286158795076105220038540047288361074552549417,1278677415870658468944174536340660613397602062;\
3666550474363856361938505529720671059467202696,914035475040476179617701830294568624373745360,5145599263120966344993208473176332415563655410,540833652274247438111389806988303722627528120,2082728686132076924158350916218113222546044923,5839988007676366753407255250275661713191693472,3768520335014186604100707779423059611901776216,5238105241391512492558850268571908061583870565,6132890267089874481216305212703026029466485867,6119392750678815990345695997893974388459745420,1185026416753445863181416827436916356245998793;\
3319245754854481545415368311498773218169305988,4236131106574526481161638450857206195451495673,580999840872839834807674935810076632013869093,240694883993605752921216604129095623046393492,2863240895357670790171005091242985747420898013,4031841441032688104095780898203516681493569905,6129757658767193914054258020358883251401980382,4409378575798709905160217819701511545189518653,5510763078414011327531101242064908824309761011,5262978320107589127936359049667059735298732014,3525419645693829169696602536253666240650043024;\
6306133462165430820942981763937308612665812332,5906201970184694871175218864833342381765911988,6156052539429009261844489106020982594363584967,4731632297172263649761401720694862494595571587,5295025291071940499855837045204219367667079928,5489025370020825314386673159400864640081878279,1815363131236831164466018912810684005918216360,2748260592565144134133921068008621783935991979,3344859619658372690743041213299327018004343002,6252786029281968541981067615155988020243250622,5814972300044130819387535368364565773716797052;\
4959290906272433867098009036098032933462191959,6267423739488808977397819347099696981885107769,4875191615198154279339658945237818018972948540,4647780319453882962300662740836553616765239935,4790139751600059084219840239951022303231210768,5972517419279998973451889619816716670437423239,4916972773269177865364685622651587192196848411,4359388139310367003372899887358507928981108491,4818543256064024311650032426057338858924788171,4459460180437945830440773179461837119746748995,4518382911989601195166387167525679773702244398;\
3514665921186137580054026553409345583995186642,5272025487511737600576332902730418499181963660,859256338606378677215461215787260274464255317,3324886754090499155640962738690652371593534245,1217411771617620623674009418692313819097651204,4335200007543254348622370963463356210884682194,5736341165930251256156638510638766749782991960,772418379271953195785897555390224812024397722,5399015613590573349250864729330863332647533198,4933248049049213095323271512990670082207612520,5479664615829831876781077986703982467760128105;\
4807332367349315696566136201434030139717580085,1996239939879640106775859395789284684532004922,408517098874392584006582134733708236726816367,407837689839677787915962332616260402465368174,268691628051020256789118286871929000915829837,1541316071077035097505782325817239919723285513,3704633785244633552060144841234244410139232505,267076515972272251901900823381098364023616228,1195839861264326167721891049249448754932389393,2574916792752867826841600827330969001659634427,3865813200004538440853923320613504516634770563]
/* 
This matrix times 3^(-1) should be the matrix of frobenius.
*/ 
B = 3^(-1) * A; 
/* Freed 30 lists. */
