/* Comments begin... 
Coefficient of   x^21 * y^1               = 0
Coefficient of   x^10 * y^2 * z^6         = 0
Coefficient of   x^8 * y^5 * z^5         = -1
Coefficient of   x^6 * y^8 * z^4         = 1
Coefficient of   x^4 * y^11 * z^3         = -1
Coefficient of   x^2 * y^14 * z^2         = 0
Coefficient of   x^1 * z^13               = -1
Coefficient of   y^17 * z^1               = 1

Here is the polynomial we're using this time:

-1*x^8*y^5*z^5 + 1*x^6*y^8*z^4 + -1*x^4*y^11*z^3 + -1*x^1*z^13 + 1*y^17*z^1

Allocate G_len 20 elements and old = 0.
Allocate M_len = 400 elements.
Allocate G_len 40 elements and old = 20.
Allocate M_len = 800 elements.
Allocate G_len 80 elements and old = 40.
Allocate M_len = 1600 elements.
Not smooth!
Coefficient of   x^21 * y^1               = 1
Coefficient of   x^10 * y^2 * z^6         = -1
Coefficient of   x^8 * y^5 * z^5         = 1
Coefficient of   x^6 * y^8 * z^4         = 1
Coefficient of   x^4 * y^11 * z^3         = 1
Coefficient of   x^2 * y^14 * z^2         = -1
Coefficient of   x^1 * z^13               = 0
Coefficient of   y^17 * z^1               = 0

Here is the polynomial we're using this time:

1*x^21*y^1 + -1*x^10*y^2*z^6 + 1*x^8*y^5*z^5 + 1*x^6*y^8*z^4 + 1*x^4*y^11*z^3 + -1*x^2*y^14*z^2

Not smooth!
Coefficient of   x^21 * y^1               = -1
Coefficient of   x^10 * y^2 * z^6         = 0
Coefficient of   x^8 * y^5 * z^5         = 1
Coefficient of   x^6 * y^8 * z^4         = 1
Coefficient of   x^4 * y^11 * z^3         = 1
Coefficient of   x^2 * y^14 * z^2         = 0
Coefficient of   x^1 * z^13               = -1
Coefficient of   y^17 * z^1               = -1

Here is the polynomial we're using this time:

-1*x^21*y^1 + 1*x^8*y^5*z^5 + 1*x^6*y^8*z^4 + 1*x^4*y^11*z^3 + -1*x^1*z^13 + -1*y^17*z^1

Allocate M_len = 3200 elements.
Allocate G_len 160 elements and old = 80.
Allocate M_len = 6400 elements.
Allocate M_len = 12800 elements.
Allocate G_len 320 elements and old = 160.
Allocate M_len = 25600 elements.
Allocate M_len = 51200 elements.
The final length of G is 221
[8, 5, 4, 0]  	391	5 
[21, 0, 0, 0]  	399	5  <--- 1
[6, 8, 4, 0]  	422	4 
[19, 8, 3, 0]  	638	5 
[17, 11, 3, 0]  	669	6 
[12, 17, 2, 0]  	681	9 
[17, 0, 12, 0]  	695	8 
[15, 14, 3, 0]  	700	10 
[7, 22, 2, 0]  	701	6 
[16, 0, 13, 0]  	707	4 
[10, 20, 2, 0]  	712	8 
[14, 0, 15, 0]  	731	9 
[5, 25, 2, 0]  	732	7 
[11, 3, 15, 0]  	743	7 
[6, 26, 1, 0]  	743	7 
[17, 17, 1, 0]  	745	6 
[10, 23, 1, 0]  	750	7 
[14, 20, 1, 0]  	757	9 
[8, 25, 1, 0]  	758	8 
[4, 11, 14, 0]  	763	5 
[3, 28, 2, 0]  	763	5 
[12, 22, 1, 0]  	765	7 
[14, 3, 14, 0]  	769	7 
[5, 28, 1, 0]  	770	7 
[20, 17, 0, 0]  	771	2 
[5, 24, 4, 0]  	771	5 
[5, 12, 13, 0]  	774	6 
[4, 29, 1, 0]  	774	6 
[4, 15, 12, 0]  	793	6 
[7, 29, 0, 0]  	800	6 
[4, 14, 13, 0]  	801	5 
[3, 31, 1, 0]  	801	5 
[3, 15, 13, 0]  	805	5 
[2, 32, 1, 0]  	805	5 
[7, 5, 18, 0]  	806	6 
[5, 8, 17, 0]  	806	6 
[4, 25, 5, 0]  	806	6 
[16, 22, 0, 0]  	810	10 
[15, 23, 0, 0]  	814	8 
[9, 28, 0, 0]  	815	8 
[4, 4, 21, 0]  	819	5 
[4, 0, 24, 0]  	820	5 
[3, 17, 12, 0]  	820	5 
[13, 25, 0, 0]  	822	7 
[3, 1, 24, 0]  	824	4 
[2, 18, 12, 0]  	824	4 
[8, 1, 21, 0]  	826	6 
[6, 4, 20, 0]  	826	6 
[5, 21, 8, 0]  	826	6 
[6, 0, 23, 0]  	827	6 
[5, 17, 11, 0]  	827	6 
[5, 32, 0, 0]  	831	5 
[5, 1, 23, 0]  	831	5 
[4, 18, 11, 0]  	831	5 
[5, 20, 9, 0]  	834	6 
[7, 1, 22, 0]  	838	4 
[4, 21, 9, 0]  	838	5 
[8, 3, 20, 0]  	841	6 
[6, 6, 19, 0]  	841	6 
[5, 23, 7, 0]  	841	6 
[5, 7, 19, 0]  	845	5 
[4, 24, 7, 0]  	845	5 
[5, 3, 22, 0]  	846	5 
[4, 20, 10, 0]  	846	5 
[3, 21, 10, 0]  	850	4 
[7, 3, 21, 0]  	853	5 
[5, 6, 20, 0]  	853	5 
[4, 23, 8, 0]  	853	5 
[4, 7, 20, 0]  	857	4 
[3, 24, 8, 0]  	857	4 
[4, 3, 23, 0]  	858	4 
[3, 20, 11, 0]  	858	4 
[11, 0, 21, 0]  	860	4 
[3, 12, 17, 0]  	860	4 
[2, 29, 5, 0]  	860	4 
[3, 35, 0, 0]  	862	3 
[3, 4, 23, 0]  	862	3 
[2, 21, 11, 0]  	862	3 
[4, 10, 18, 0]  	864	4 
[3, 27, 6, 0]  	864	4 
[3, 23, 9, 0]  	865	4 
[3, 11, 18, 0]  	868	4 
[2, 28, 6, 0]  	868	4 
[2, 4, 24, 0]  	874	4 
[3, 14, 16, 0]  	875	5 
[2, 31, 4, 0]  	875	5 
[3, 10, 19, 0]  	876	3 
[2, 27, 7, 0]  	876	3 
[3, 6, 22, 0]  	877	3 
[2, 23, 10, 0]  	877	3 
[2, 15, 16, 0]  	879	4 
[2, 7, 22, 0]  	881	3 
[3, 9, 20, 0]  	884	3 
[2, 26, 8, 0]  	884	3 
[2, 14, 17, 0]  	887	4 
[2, 10, 20, 0]  	888	3 
[1, 15, 17, 0]  	891	3 
[1, 38, 0, 0]  	893	3 
[2, 9, 21, 0]  	896	3 
[2, 1, 27, 0]  	898	4 
[1, 14, 18, 0]  	899	3 
[1, 10, 21, 0]  	900	2 
[2, 0, 28, 0]  	906	4 
[1, 13, 19, 0]  	907	2 
[1, 32, 5, 0]  	910	3 
[1, 12, 20, 0]  	915	2 
[1, 31, 6, 0]  	918	3 
[1, 27, 9, 0]  	919	2 
[0, 32, 6, 0]  	922	2 
[1, 30, 7, 0]  	926	2 
[1, 18, 16, 0]  	929	3 
[0, 31, 7, 0]  	930	2 
[1, 29, 8, 0]  	934	2 
[0, 30, 8, 0]  	938	1 
[1, 1, 29, 0]  	941	2 
[1, 24, 12, 0]  	943	3 
[1, 35, 4, 0]  	948	3 
[1, 0, 30, 0]  	949	2 
[0, 1, 30, 0]  	953	1 
[0, 16, 19, 0]  	957	1 
[0, 0, 31, 0]  	961	1  <--- 3
[0, 18, 18, 0]  	972	1 
[1, 4, 28, 0]  	979	2 
[0, 4, 29, 0]  	991	1 
[0, 38, 4, 0]  	998	2 
[0, 21, 17, 0]  	1010	1 
[0, 44, 0, 0]  	1012	2  <--- 2
[0, 7, 28, 0]  	1029	1 
[0, 41, 3, 0]  	1036	2 
[0, 24, 16, 0]  	1048	1 
[0, 10, 27, 0]  	1067	1 
[0, 27, 15, 0]  	1086	1 
[0, 13, 26, 0]  	1105	1 
[20, 1, 0, 1]  	403	5 
[6, 11, 3, 1]  	460	6 
[4, 14, 3, 1]  	491	5 
[5, 0, 14, 1]  	529	6 
[18, 8, 3, 1]  	619	9 
[14, 14, 2, 1]  	650	10 
[19, 11, 2, 1]  	676	5 
[15, 0, 13, 1]  	688	10 
[13, 3, 13, 1]  	719	9 
[16, 17, 1, 1]  	726	7 
[4, 10, 15, 1]  	771	5 
[19, 18, 0, 1]  	775	8 
[6, 29, 0, 1]  	781	7 
[3, 14, 13, 1]  	782	5 
[4, 31, 0, 1]  	789	6 
[14, 23, 0, 1]  	795	8 
[8, 28, 0, 1]  	796	6 
[3, 0, 24, 1]  	801	5 
[12, 25, 0, 1]  	803	7 
[3, 11, 16, 1]  	806	5 
[11, 26, 0, 1]  	807	8 
[4, 7, 19, 1]  	826	5 
[4, 3, 22, 1]  	827	5 
[3, 4, 22, 1]  	831	4 
[3, 7, 20, 1]  	838	4 
[4, 9, 18, 1]  	841	5 
[2, 35, 0, 1]  	843	4 
[3, 10, 18, 1]  	845	4 
[3, 6, 21, 1]  	846	4 
[3, 9, 19, 1]  	853	4 
[2, 24, 9, 1]  	869	3 
[3, 26, 7, 1]  	872	4 
[2, 13, 18, 1]  	895	3 
[2, 12, 19, 1]  	903	3 
[0, 35, 5, 1]  	960	2 
[18, 11, 2, 2]  	657	9 
[4, 11, 13, 2]  	732	6 
[10, 26, 0, 2]  	788	6 
[4, 6, 20, 2]  	834	5 
[3, 34, 0, 2]  	839	5 
[3, 3, 23, 2]  	839	4 
[1, 21, 15, 2]  	967	3 
[1, 7, 27, 2]  	1017	2 
[4, 1, 23, 3]  	812	5 
[3, 32, 0, 4]  	793	5 
[4, 26, 2, 96]  	736	5 
[3, 29, 1, 96]  	755	5 
[3, 12, 14, 96]  	767	4 
[3, 27, 3, 96]  	771	4 
[2, 18, 11, 96]  	793	3 
[3, 23, 8, 96]  	834	4 
[4, 23, 2, 97]  	667	4 
[3, 9, 14, 97]  	698	4 
[5, 26, 1, 97]  	724	5 
[3, 28, 1, 97]  	732	5 
[3, 7, 19, 97]  	807	4 
[2, 29, 4, 97]  	829	4 
[4, 20, 2, 98]  	598	4 
[3, 20, 3, 98]  	610	4 
[3, 6, 14, 98]  	629	4 
[5, 25, 1, 98]  	701	5 
[2, 28, 2, 98]  	744	4 
[2, 17, 11, 98]  	770	3 
[2, 31, 1, 98]  	782	4 
[2, 15, 13, 98]  	786	3 
[4, 4, 20, 98]  	788	4 
[3, 3, 22, 98]  	808	4 
[2, 26, 7, 98]  	853	3 
[1, 10, 20, 98]  	869	2 
[2, 12, 18, 98]  	872	3 
[0, 38, 3, 98]  	967	2 
[0, 24, 15, 98]  	1017	1 
[7, 5, 5, 99]  	403	3 
[2, 17, 1, 99]  	460	3 
[5, 11, 4, 99]  	472	4 
[4, 0, 15, 99]  	541	5 
[3, 3, 14, 99]  	560	4 
[15, 0, 12, 99]  	657	7 
[5, 8, 13, 99]  	682	5 
[3, 11, 13, 99]  	713	5 
[3, 14, 12, 99]  	751	3 
[2, 14, 13, 99]  	763	3 
[14, 22, 0, 99]  	772	6 
[2, 0, 24, 99]  	782	3 
[2, 3, 23, 99]  	820	3 
[2, 6, 22, 99]  	858	3 
[1, 29, 6, 99]  	872	2 
[0, 4, 28, 99]  	960	1 
------
The gap is between 5 and 95.
Lengths: 3 3 5 7 3 3.
For 982 = 5*d/2-d1-d2-d3 you get 3 in char 0.
1*x^1*y^23*z^14
1*y^40*z^2
1*y^9*z^25

For 560 = 3*d/2-d1-d2-d3 you get 5 in char 0.
1*x^14*y^2*z^8
1*x^3*y^3*z^14
1*x^2*y^20*z^2
1*x^1*y^6*z^13
1*y^23*z^1

For 138 = d/2-d1-d2-d3 you get 3 in char 0.
1*x^4*z^2
1*x^2*y^3*z^1
1*y^6

Extra powers of p used 2.
The invariant extra is equal to 5.
Start computing 3^3 Delta^1 (x1x2x3)^2... Done.
Start computing 3^4 Delta^2 (x1x2x3)^2... Done.
Start computing 3^5 Delta^3 (x1x2x3)^2... Done.
Start computing 3^6 Delta^4 (x1x2x3)^2... Done.
Start computing 3^7 Delta^5 (x1x2x3)^2... Done.
Start computing 3^8 Delta^6 (x1x2x3)^2... Done.
Start computing 3^9 Delta^7 (x1x2x3)^2... Done.
Start computing 3^10 Delta^8 (x1x2x3)^2... Done.
Start computing 3^11 Delta^9 (x1x2x3)^2... Done.
Start computing 3^12 Delta^10 (x1x2x3)^2... Done.
Start computing aa.
1 2 3 4 5 6 7 8 9 10 11 
*/
A = \
[16529604509548835733428176224082157244124373061,43812743933330650672638345341139537786539357775,37711263273351247876027648819858815319914106593,46950721267059434606690369800818257614151843286,46968706939851031319414214306823704824401336515,13537622269176658271135923355418753934813494729,37701220075457255441895591820983961804068354519,44097736118082210027649689804090506294097344154,36924139938673913203073203863108492178978887951,41112970692468010724230351183870390939193002710,16445266983919427420518069228746518145443571954;\
57012793450412875343077005104555420056539321462,33360516754977182327901589549634983623480449013,24173497219025225559126614900193145898012912148,47069974013304271687412952331200795814729755045,35962553924799145379272099950744990838798180242,6984245556419673094119370571829654142725310566,14663773073674711845421494079064948424089640972,34410937782646375943563934755500542932689406380,56576190594036649123880048278520206985051368812,36251436090024679737344854558804389662179548240,19134694567000784663539476048672567210227000772;\
6289116544409486030471104688285068110432574788,39948059779532061982579795698308747873364208506,17777659871504832457286259887936009196014817903,16811082809289341350892290130030552366915671152,32341105455020887962460021962160885907425505460,28749533394107637781880370172591809658923854640,37579962041190581441032395557536943210125545495,16794027754450552456246393328542428638929265391,37183027601205526860521588723273907411207046689,30181795922581496427272352525522689448666241791,9025175738266438921138211803655422074879895290;\
11771271526116549444285903179907350870846420544,5618210431695760602370524635628079796275013433,3395065751833092371226985221049451447541678777,11333312246136832204047143294926196392359370599,5574014079264787056390424009308958383274739595,14959073623208852855115633355259389811205282819,10590803922285584856700130071486178783525078775,1276121233500874639038243107706131184513922344,18852335797516552975921802322657101086214155878,11467462570662397711082835273704814757219750332,263608665974978343610957148087595631360474542;\
55347139987029167798611182925249885579719981099,54932001673719207972895126665131648493340818807,31682836742239657998106040948996499654117571917,44314585101884110067046012068490872042904370950,6524083681290941642403370189840057096800314352,33014247198845639638967941444047887885518683843,51602081989357792769647053794135971809953844630,54628024626893975622484358055708347881536525546,24303355718328612194776916177651674375437175818,45492813630546668150218908048990961435091802789,9551948056782896809945819087099374527973806445;\
55377214922586835007318314720630378208238065647,44425622027205727126153629538614140085231940798,29819304059545079940605278203483885220192063232,13373793112940763123690221816093087484453759372,8613754849382449412016191012680818352588930191,18893795211628693516498602022329640389105721806,21446002535177916071480846831673397286035318977,30870331916815960727766467239903051525984523127,25507631612189914184019568760818016156712023292,53929613955015822401589115587625634800053061335,31840885546037932549644517242493351359759309039;\
54144679386472164038814020982267737161244382286,50784412225447674102208968149937177545608511272,10780618181340406938537232182166035734315961959,16433678296034865233319695603141077577393733405,4042332110020403779633552218408742482319151106,29091407776213928372680079503182861127891706508,12811943942495876281169171227502775591963175428,40520847023823522845983357905606018696489329070,648709010957433437849295113816107271408073624,2620804651477056383493659610682386132613097247,9611795289265130322205938216393005233834197444;\
23834836688239059766781850520472438620217325361,32016176085867178487081360577450542533713147496,48191904911130273820787399522709247781586889625,33512545629917270014508984418325313853425688360,51102745393068865873441292288146322235992296164,6047152806153857245344733775197538756471557770,39058092038318887026983737329669541886956730478,50779382300747995469320357866586421000533250883,15079536310233769522169612874591831419313956088,9568109431715439388637450355691518808939107720,32023478843368344324959119207553406275206521417;\
21215644474304088228862360008848338591924618392,146958425886695463411734352942164470582853463,37685201128216320945450977627160084340205719977,53740460948402576822300317574882324921340391158,21980746015941373070007707903540647901167298784,3963457058516076759422141148452395754236359930,40704880727658340166028984661794620018279867928,53870834403806078156008822766237740225775060376,17700070755138624598843414118251843447386472614,19750849960514065793692263796273586265812314257,601421857998752300705740692915272760138025842;\
11175267044815327732820869041963145752093474982,21976599576319741041540173736963353799623042374,24309462085856063421069308597188859843142151148,1353943766990711076655105757921602068069481539,40889516768686036217573491595951802260716535034,31061729868346594568483572810172568270823744362,19830274536781665089745786329184793711568678697,33482405759439121116516887029431870165186493602,5502240816634430871298434859571084869096075398,17169759501479369749391406660570101114890468404,56101740509748358824543412355796220618807044699;\
49257731674059380267696152410066820718614311176,30341995644254368317334163140490614740592452080,13439483846725124150766971344024002251487812410,10497419186082893732974823683062426138266207037,49583851190841500323216051996920622245160747851,3834584239087586130701566090386707798156639208,19410221084878562608455178856845857425778276252,7514118596005798413815872660571668351717176846,33892015351789376693377797138274161320240891241,18500745406134203726148050170560867482166325791,5913337579261878342088611351659396130677768997]
/* 
This matrix times 3^(-3) should be the matrix of frobenius.
*/ 
B = 3^(-3) * A; 
/* Freed 29 lists. */
