/* Comments begin... 
Coefficient of   x^21 * y^1               = -1
Coefficient of   x^10 * y^2 * z^6         = -1
Coefficient of   x^8 * y^5 * z^5         = 0
Coefficient of   x^6 * y^8 * z^4         = 1
Coefficient of   x^4 * y^11 * z^3         = 1
Coefficient of   x^2 * y^14 * z^2         = -1
Coefficient of   x^1 * z^13               = 1
Coefficient of   y^17 * z^1               = 1

Here is the polynomial we're using this time:

-1*x^21*y^1 + -1*x^10*y^2*z^6 + 1*x^6*y^8*z^4 + 1*x^4*y^11*z^3 + -1*x^2*y^14*z^2 + 1*x^1*z^13 + 1*y^17*z^1

Allocate G_len 20 elements and old = 0.
Allocate M_len = 400 elements.
Allocate G_len 40 elements and old = 20.
Allocate M_len = 800 elements.
Allocate G_len 80 elements and old = 40.
Allocate M_len = 1600 elements.
Allocate M_len = 3200 elements.
Allocate G_len 160 elements and old = 80.
Allocate M_len = 6400 elements.
Allocate M_len = 12800 elements.
Allocate G_len 320 elements and old = 160.
Allocate M_len = 25600 elements.
The final length of G is 215
[21, 0, 0, 0]  	399	6  <--- 1
[10, 2, 6, 0]  	422	5 
[6, 8, 4, 0]  	422	5 
[6, 14, 3, 0]  	529	7 
[5, 0, 15, 0]  	560	6 
[16, 8, 3, 0]  	581	10 
[15, 11, 3, 0]  	631	5 
[14, 14, 2, 0]  	650	10 
[12, 0, 14, 0]  	662	9 
[9, 3, 14, 0]  	674	9 
[9, 20, 2, 0]  	693	8 
[18, 14, 1, 0]  	695	9 
[13, 17, 2, 0]  	700	8 
[11, 19, 2, 0]  	708	8 
[9, 6, 13, 0]  	712	8 
[8, 6, 14, 0]  	724	8 
[9, 23, 1, 0]  	731	7 
[17, 17, 1, 0]  	745	7 
[20, 0, 12, 0]  	752	7 
[15, 19, 1, 0]  	753	7 
[5, 26, 2, 0]  	755	6 
[4, 12, 13, 0]  	755	6 
[12, 23, 0, 0]  	757	7 
[6, 28, 0, 0]  	758	7 
[7, 26, 1, 0]  	762	6 
[5, 29, 0, 0]  	762	6 
[5, 25, 3, 0]  	763	6 
[4, 11, 14, 0]  	763	6 
[16, 20, 0, 0]  	764	7 
[9, 26, 0, 0]  	769	6 
[20, 17, 0, 0]  	771	2 
[5, 24, 4, 0]  	771	6 
[5, 15, 11, 0]  	781	6 
[11, 25, 0, 0]  	784	6 
[5, 18, 9, 0]  	788	6 
[5, 14, 12, 0]  	789	6 
[4, 31, 0, 0]  	789	6 
[15, 22, 0, 0]  	791	6 
[4, 15, 12, 0]  	793	5 
[3, 32, 0, 0]  	793	5 
[5, 21, 7, 0]  	795	6 
[5, 17, 10, 0]  	796	6 
[19, 19, 0, 0]  	798	6 
[4, 18, 10, 0]  	800	5 
[3, 31, 1, 0]  	801	6 
[5, 20, 8, 0]  	803	6 
[2, 32, 1, 0]  	805	5 
[4, 17, 11, 0]  	808	5 
[5, 23, 6, 0]  	810	6 
[4, 4, 21, 0]  	819	5 
[4, 23, 7, 0]  	822	5 
[3, 1, 24, 0]  	824	4 
[2, 18, 12, 0]  	824	4 
[4, 7, 19, 0]  	826	5 
[4, 3, 22, 0]  	827	5 
[4, 26, 5, 0]  	829	5 
[3, 12, 16, 0]  	829	5 
[4, 10, 17, 0]  	833	5 
[4, 6, 20, 0]  	834	5 
[3, 11, 17, 0]  	837	5 
[4, 21, 9, 0]  	838	4 
[3, 7, 20, 0]  	838	4 
[3, 3, 23, 0]  	839	4 
[4, 9, 18, 0]  	841	5 
[2, 35, 0, 0]  	843	4 
[3, 10, 18, 0]  	845	4 
[3, 6, 21, 0]  	846	4 
[3, 21, 10, 0]  	850	4 
[3, 9, 19, 0]  	853	4 
[3, 28, 5, 0]  	856	5 
[3, 20, 11, 0]  	858	4 
[2, 29, 5, 0]  	860	4 
[2, 21, 11, 0]  	862	3 
[3, 27, 6, 0]  	864	4 
[2, 28, 6, 0]  	868	4 
[3, 26, 7, 0]  	872	4 
[2, 4, 24, 0]  	874	4 
[2, 31, 4, 0]  	875	5 
[2, 23, 10, 0]  	877	3 
[2, 15, 16, 0]  	879	4 
[2, 7, 22, 0]  	881	3 
[2, 26, 8, 0]  	884	3 
[2, 10, 20, 0]  	888	3 
[1, 15, 17, 0]  	891	3 
[1, 38, 0, 0]  	893	3 
[2, 13, 18, 0]  	895	3 
[2, 9, 21, 0]  	896	3 
[2, 1, 27, 0]  	898	4 
[1, 14, 18, 0]  	899	3 
[1, 10, 21, 0]  	900	2 
[2, 12, 19, 0]  	903	3 
[2, 0, 28, 0]  	906	4 
[1, 13, 19, 0]  	907	2 
[1, 32, 5, 0]  	910	3 
[1, 12, 20, 0]  	915	2 
[1, 31, 6, 0]  	918	3 
[1, 27, 9, 0]  	919	2 
[0, 32, 6, 0]  	922	2 
[1, 18, 16, 0]  	929	3 
[0, 31, 7, 0]  	930	2 
[1, 29, 8, 0]  	934	2 
[0, 30, 8, 0]  	938	1 
[1, 1, 29, 0]  	941	2 
[1, 24, 12, 0]  	943	3 
[1, 35, 4, 0]  	948	3 
[0, 1, 30, 0]  	953	1 
[0, 16, 19, 0]  	957	1 
[0, 35, 5, 0]  	960	2 
[0, 0, 31, 0]  	961	1  <--- 3
[0, 18, 18, 0]  	972	1 
[1, 4, 28, 0]  	979	2 
[0, 4, 29, 0]  	991	1 
[0, 38, 4, 0]  	998	2 
[0, 21, 17, 0]  	1010	1 
[0, 44, 0, 0]  	1012	2  <--- 2
[0, 7, 28, 0]  	1029	1 
[0, 41, 3, 0]  	1036	2 
[0, 24, 16, 0]  	1048	1 
[0, 10, 27, 0]  	1067	1 
[0, 27, 15, 0]  	1086	1 
[0, 13, 26, 0]  	1105	1 
[10, 2, 5, 1]  	391	6 
[20, 1, 0, 1]  	403	6 
[14, 11, 3, 1]  	612	9 
[11, 0, 14, 1]  	643	10 
[19, 11, 2, 1]  	676	9 
[12, 17, 2, 1]  	681	9 
[10, 19, 2, 1]  	689	9 
[7, 6, 14, 1]  	705	8 
[16, 0, 13, 1]  	707	8 
[16, 17, 1, 1]  	726	8 
[5, 25, 2, 1]  	732	7 
[19, 0, 12, 1]  	733	8 
[14, 19, 1, 1]  	734	8 
[5, 9, 14, 1]  	736	7 
[13, 20, 1, 1]  	738	7 
[7, 25, 1, 1]  	739	7 
[8, 23, 2, 1]  	743	8 
[11, 22, 1, 1]  	746	7 
[8, 26, 0, 1]  	750	7 
[10, 25, 0, 1]  	765	7 
[4, 26, 3, 1]  	767	6 
[5, 28, 1, 1]  	770	7 
[4, 14, 12, 1]  	770	6 
[14, 22, 0, 1]  	772	7 
[4, 29, 1, 1]  	774	6 
[19, 18, 0, 1]  	775	7 
[18, 19, 0, 1]  	779	7 
[4, 28, 2, 1]  	782	7 
[3, 14, 13, 1]  	782	6 
[3, 29, 2, 1]  	786	5 
[3, 0, 24, 1]  	801	5 
[4, 20, 9, 1]  	815	5 
[3, 23, 9, 1]  	865	4 
[2, 24, 9, 1]  	869	3 
[2, 14, 17, 1]  	887	4 
[1, 21, 15, 1]  	967	3 
[1, 7, 27, 1]  	1017	2 
[18, 11, 2, 2]  	657	10 
[15, 0, 13, 2]  	688	9 
[8, 5, 14, 2]  	701	8 
[12, 20, 1, 2]  	719	8 
[8, 22, 2, 2]  	720	8 
[7, 23, 2, 2]  	724	7 
[10, 22, 1, 2]  	727	8 
[6, 26, 1, 2]  	743	7 
[5, 11, 13, 2]  	751	7 
[4, 25, 5, 2]  	806	6 
[4, 21, 8, 2]  	807	5 
[4, 1, 23, 2]  	812	5 
[3, 17, 12, 2]  	820	5 
[3, 4, 22, 2]  	831	4 
[3, 24, 8, 2]  	857	4 
[1, 30, 7, 2]  	926	2 
[1, 0, 30, 2]  	949	2 
[4, 24, 6, 3]  	814	5 
[2, 27, 7, 5]  	876	3 
[1, 13, 18, 95]  	876	2 
[5, 12, 12, 97]  	743	6 
[3, 31, 0, 97]  	770	5 
[3, 10, 17, 97]  	814	4 
[2, 34, 0, 97]  	820	4 
[4, 28, 1, 98]  	751	6 
[5, 17, 9, 98]  	765	5 
[2, 31, 1, 98]  	782	5 
[2, 1, 24, 98]  	805	4 
[3, 11, 16, 98]  	806	5 
[3, 7, 19, 98]  	807	4 
[3, 18, 11, 98]  	812	4 
[2, 21, 10, 98]  	831	3 
[2, 28, 5, 98]  	837	4 
[2, 10, 19, 98]  	857	3 
[0, 16, 18, 98]  	926	1 
[6, 8, 3, 99]  	391	4 
[9, 2, 6, 99]  	403	4 
[5, 14, 4, 99]  	541	5 
[12, 14, 2, 99]  	612	9 
[16, 14, 1, 99]  	657	9 
[3, 11, 12, 99]  	682	4 
[14, 17, 1, 99]  	688	7 
[5, 25, 1, 99]  	701	6 
[10, 23, 0, 99]  	719	7 
[14, 20, 0, 99]  	726	7 
[8, 25, 0, 99]  	727	7 
[5, 28, 0, 99]  	739	6 
[3, 6, 19, 99]  	784	3 
[2, 15, 13, 99]  	786	4 
[3, 17, 11, 99]  	789	4 
[2, 17, 12, 99]  	801	4 
[2, 9, 20, 99]  	865	2 
[1, 10, 20, 99]  	869	2 
[1, 31, 5, 99]  	887	3 
[1, 27, 8, 99]  	888	2 
[0, 38, 3, 99]  	967	1 
[0, 24, 15, 99]  	1017	1 
------
The gap is between 6 and 94.
Lengths: 3 3 5 5 3 3.
For 982 = 5*d/2-d1-d2-d3 you get 3 in char 0.
1*x^1*y^23*z^14
1*y^40*z^2
1*y^9*z^25

For 560 = 3*d/2-d1-d2-d3 you get 5 in char 0.
1*x^4*y^17*z^3
1*x^3*y^3*z^14
1*x^2*y^20*z^2
1*x^1*y^6*z^13
1*y^23*z^1

For 138 = d/2-d1-d2-d3 you get 3 in char 0.
1*x^4*z^2
1*x^2*y^3*z^1
1*y^6

Extra powers of p used 0.
The invariant extra is equal to 5.
Start computing 3^3 Delta^1 (x1x2x3)^2... Done.
Start computing 3^4 Delta^2 (x1x2x3)^2... Done.
Start computing 3^5 Delta^3 (x1x2x3)^2... Done.
Start computing 3^6 Delta^4 (x1x2x3)^2... Done.
Start computing 3^7 Delta^5 (x1x2x3)^2... Done.
Start computing 3^8 Delta^6 (x1x2x3)^2... Done.
Start computing 3^9 Delta^7 (x1x2x3)^2... Done.
Start computing 3^10 Delta^8 (x1x2x3)^2... Done.
Start computing 3^11 Delta^9 (x1x2x3)^2... Done.
Start computing 3^12 Delta^10 (x1x2x3)^2... Done.
Start computing aa.
1 2 3 4 5 6 7 8 9 10 11 
*/
A = \
[2594717328926677417460934169363549549539804495,4674563490389856192520322248065604119672118107,4028468896169725329001647559473919796626816425,4550300979243387583190968406019117863754107604,3412372186219324081296193632076197680515565595,2283340207233280694877532910604500707667300559,5144472367790754095857140588473811315527764998,375999951673048718146613437708321166753340528,5109543355435798271915564351470125518170909995,1768705310131031728919358091336171920703965963,1418679677867726505825221555867164135766857674;\
5682159640362250411237786333900641387585009039,6216339539564055604326374098403647345536211062,4356556064797710322660048372875349018872017619,2904437132546923697008225928868503432223457059,2439249670426719527406250966367760531965647041,4151451687230967819743674592305221132170701956,2260565342333476887940072840836177987889847862,570709515240452630601065147835860870162999067,2575170850764203591891598443228783172975223659,1336557227777601847567079557207340871518643540,876688105647787596101826367695617659397517978;\
2503676548646997091142976031896525665875368927,848819711335772542438216867401845799470867244,3155215840044666295964862350083022448250940433,4178637922626706275656796912651373750367415696,2451669053503717450260432092245975269560481780,2452398914389841695175143370050347253292516292,3320360121202239921446504393930537446501832886,5885737668032840686170046242931253668071347007,6317574106262514286670704680824292079267098450,2290759997474611245066845871477946120228528074,632554174064990927923556777750198516596505181;\
1333290613432449799255703944359525388652494766,2749421980696154577874894615653171597015930427,6217009403674146698079920890771468300472530446,1713372986682512310468736878257693544695909694,89222904349280104593024135254823070793460282,5628023878028695429354518972146674707066213675,1819996220020865616535596356884418415003962970,4976661875322107407149920468498380587108331929,5949667922303037395712642300069595132426334532,983300947841278578894749870476886956950287454,4442607633792478041168283710081466339726447263;\
4254391494251695519020047723750994754179996091,3055204609528534526646260325417774671407626578,1631715526313948973223851058197493374435696997,5511799561273489005754135662935754209010270603,4676970707596880730306328131755420956337150037,2034630918780607727633565436424519757631993281,4392908366055298213535788596728762953006672149,2133406507338631981701612278163726043750561602,3981962773231949483045328238245864016330388454,3583043009378782208679437625508857736809605352,1235571722901927581600720547613779669948364623;\
3787737726313469783194468032152351127369006575,3045147701622579355792154026597943051521792934,4792822213505909304917945851361818303090934323,5878270558880451342284480965275365230438173255,4788852342586156347008633209809310443354516825,4120762972701327865348836377709728036215460568,2809867957317489081224585095544121250551951105,3149452492274760800721651428329603517139390087,6350646005335279717886270344220217984457670418,5621199608925245050851225306914558953095277404,2322808079700902559678777967539838081947845433;\
5408759623328259733619589927953972287425394529,19611104701381122358173843797943135536712378,3255048733323720627102203075869288293560696677,2969680802595355669632563456948984752822292145,3152290149313681255623957601846965902891254830,3857363601014120062829623939296928949311406241,5863794376063672027824043460677642824999881976,2045586348431977301394561452028894257562138648,3165101412696156422090875637026622798058461931,3973271196607885870226552741845272258457917405,2644162708570069361866500938824510892388347670;\
2679188679692738450588857019062594735077479229,1264059883946189428895413893436881246226006706,4791400172131770258357466151498858150036664985,4984324784757551046703082660831135017320531660,3445802651556627230178697907522865374483226759,753997938481777195649730036918819720833746479,5674132332249253559218736774245210721640390576,551588213105449391817960612045118532912980476,135784429690212345086312971820841584748767403,5244892585600966864026807566959709921591924763,219257720332552197474978520506947928133652523;\
5411933427283345423607636486129506183299357984,4448280622104187406040965768462709467054017176,4589761425278542945316920258938700871815034598,5067787585184264775916520285012888669531726994,4760794633220352256606230585805206173953614963,5966117923142132698223587249635070268525675778,6335788782060448220608634821541800849469370774,5033606267184534794297872948525339007688308559,6153580435442751825285237394707296085275417025,5868759203109330733970195346789859609466231223,5634728352507949448301298054485049275357299901;\
1225264817116827426143860492078792002929927208,6346660798393280541156995451327491966446743357,4935402109255291332157386653077510051330876080,654609268545981310608198727043161943750496807,4690384297499893358018385308754281834872223031,1411710807865757015001962756253029530587058818,3143527939933930355033340751384962602800963650,757405297056687729732343860376962843414641160,4221512767931690850162838886477278092062092806,4905119324717114016583124281936737650395404063,4371209911008739258152780987775843457846042664;\
2322557277910417614970380582998423442941341316,4306925332265551269678831918575712947210475119,1501141484064167934657422471550019072051114024,2862819784083123075582259929571823396782189650,4465780824291215073127220741999929648218259227,1394115846949211123864344248379222053298901568,4525246056663456150760527995894638371435609780,2257793424198655642330143392965789728153577557,1304763184800033303953197250955215003283185808,3224930189880693032278286223132253354007151441,3844521014677983347311802025283497974999392563]
/* 
This matrix times 3^(-1) should be the matrix of frobenius.
*/ 
B = 3^(-1) * A; 
/* Freed 30 lists. */
