/* Comments begin... 
Coefficient of   x^21 * y^1               = 1
Coefficient of   x^10 * y^2 * z^6         = -1
Coefficient of   x^8 * y^5 * z^5         = 1
Coefficient of   x^6 * y^8 * z^4         = 1
Coefficient of   x^4 * y^11 * z^3         = 1
Coefficient of   x^2 * y^14 * z^2         = -1
Coefficient of   x^1 * z^13               = 0
Coefficient of   y^17 * z^1               = 1

Here is the polynomial we're using this time:

1*x^21*y^1 + -1*x^10*y^2*z^6 + 1*x^8*y^5*z^5 + 1*x^6*y^8*z^4 + 1*x^4*y^11*z^3 + -1*x^2*y^14*z^2 + 1*y^17*z^1

Allocate G_len 20 elements and old = 0.
Allocate M_len = 400 elements.
Allocate G_len 40 elements and old = 20.
Allocate M_len = 800 elements.
Allocate G_len 80 elements and old = 40.
Allocate M_len = 1600 elements.
Allocate M_len = 3200 elements.
Not smooth!
Coefficient of   x^21 * y^1               = -1
Coefficient of   x^10 * y^2 * z^6         = 1
Coefficient of   x^8 * y^5 * z^5         = 1
Coefficient of   x^6 * y^8 * z^4         = 1
Coefficient of   x^4 * y^11 * z^3         = 0
Coefficient of   x^2 * y^14 * z^2         = -1
Coefficient of   x^1 * z^13               = 1
Coefficient of   y^17 * z^1               = 0

Here is the polynomial we're using this time:

-1*x^21*y^1 + 1*x^10*y^2*z^6 + 1*x^8*y^5*z^5 + 1*x^6*y^8*z^4 + -1*x^2*y^14*z^2 + 1*x^1*z^13

Allocate G_len 160 elements and old = 80.
Allocate M_len = 6400 elements.
Allocate M_len = 12800 elements.
Allocate G_len 320 elements and old = 160.
Allocate M_len = 25600 elements.
Not smooth!
Coefficient of   x^21 * y^1               = -1
Coefficient of   x^10 * y^2 * z^6         = 1
Coefficient of   x^8 * y^5 * z^5         = 0
Coefficient of   x^6 * y^8 * z^4         = 1
Coefficient of   x^4 * y^11 * z^3         = 0
Coefficient of   x^2 * y^14 * z^2         = -1
Coefficient of   x^1 * z^13               = 1
Coefficient of   y^17 * z^1               = 1

Here is the polynomial we're using this time:

-1*x^21*y^1 + 1*x^10*y^2*z^6 + 1*x^6*y^8*z^4 + -1*x^2*y^14*z^2 + 1*x^1*z^13 + 1*y^17*z^1

The final length of G is 200
[21, 0, 0, 0]  	399	5  <--- 1
[10, 2, 6, 0]  	422	4 
[6, 8, 4, 0]  	422	4 
[6, 14, 3, 0]  	529	6 
[5, 0, 15, 0]  	560	5 
[16, 8, 3, 0]  	581	8 
[13, 14, 2, 0]  	631	4 
[12, 0, 14, 0]  	662	6 
[9, 3, 14, 0]  	674	8 
[17, 14, 1, 0]  	676	7 
[9, 20, 2, 0]  	693	7 
[9, 6, 13, 0]  	712	8 
[8, 22, 2, 0]  	720	8 
[8, 6, 14, 0]  	724	7 
[7, 23, 2, 0]  	724	7 
[10, 22, 1, 0]  	727	8 
[9, 23, 1, 0]  	731	7 
[5, 25, 2, 0]  	732	7 
[5, 9, 14, 0]  	736	7 
[6, 26, 1, 0]  	743	7 
[5, 11, 13, 0]  	751	7 
[20, 0, 12, 0]  	752	7 
[15, 19, 1, 0]  	753	6 
[6, 28, 0, 0]  	758	7 
[5, 29, 0, 0]  	762	6 
[4, 11, 14, 0]  	763	6 
[16, 20, 0, 0]  	764	7 
[5, 28, 1, 0]  	770	6 
[4, 14, 12, 0]  	770	6 
[20, 17, 0, 0]  	771	2 
[5, 24, 4, 0]  	771	5 
[4, 29, 1, 0]  	774	6 
[5, 15, 11, 0]  	781	6 
[4, 28, 2, 0]  	782	6 
[3, 14, 13, 0]  	782	6 
[3, 29, 2, 0]  	786	5 
[5, 18, 9, 0]  	788	6 
[15, 22, 0, 0]  	791	6 
[3, 32, 0, 0]  	793	5 
[5, 21, 7, 0]  	795	6 
[5, 17, 10, 0]  	796	6 
[19, 19, 0, 0]  	798	6 
[4, 18, 10, 0]  	800	5 
[3, 31, 1, 0]  	801	5 
[3, 0, 24, 0]  	801	5 
[2, 32, 1, 0]  	805	5 
[4, 21, 8, 0]  	807	5 
[4, 17, 11, 0]  	808	5 
[5, 23, 6, 0]  	810	6 
[4, 20, 9, 0]  	815	5 
[3, 17, 12, 0]  	820	5 
[13, 25, 0, 0]  	822	5 
[4, 23, 7, 0]  	822	5 
[2, 18, 12, 0]  	824	4 
[4, 3, 22, 0]  	827	5 
[4, 26, 5, 0]  	829	5 
[3, 12, 16, 0]  	829	5 
[3, 4, 22, 0]  	831	4 
[4, 10, 17, 0]  	833	5 
[3, 11, 17, 0]  	837	5 
[3, 3, 23, 0]  	839	4 
[2, 35, 0, 0]  	843	4 
[3, 10, 18, 0]  	845	4 
[3, 6, 21, 0]  	846	4 
[3, 21, 10, 0]  	850	4 
[3, 28, 5, 0]  	856	5 
[3, 20, 11, 0]  	858	4 
[2, 29, 5, 0]  	860	4 
[2, 21, 11, 0]  	862	3 
[3, 23, 9, 0]  	865	4 
[2, 28, 6, 0]  	868	4 
[2, 24, 9, 0]  	869	3 
[3, 26, 7, 0]  	872	4 
[2, 4, 24, 0]  	874	4 
[2, 31, 4, 0]  	875	5 
[2, 27, 7, 0]  	876	3 
[2, 23, 10, 0]  	877	3 
[2, 15, 16, 0]  	879	4 
[2, 7, 22, 0]  	881	3 
[3, 9, 20, 0]  	884	3 
[2, 26, 8, 0]  	884	3 
[2, 14, 17, 0]  	887	4 
[2, 10, 20, 0]  	888	3 
[1, 15, 17, 0]  	891	3 
[1, 38, 0, 0]  	893	3 
[2, 13, 18, 0]  	895	3 
[2, 9, 21, 0]  	896	3 
[2, 1, 27, 0]  	898	4 
[1, 14, 18, 0]  	899	3 
[1, 10, 21, 0]  	900	2 
[2, 12, 19, 0]  	903	3 
[2, 0, 28, 0]  	906	4 
[1, 13, 19, 0]  	907	2 
[1, 12, 20, 0]  	915	2 
[1, 31, 6, 0]  	918	3 
[1, 27, 9, 0]  	919	2 
[0, 32, 6, 0]  	922	2 
[1, 18, 16, 0]  	929	3 
[0, 31, 7, 0]  	930	2 
[1, 29, 8, 0]  	934	2 
[0, 30, 8, 0]  	938	1 
[1, 1, 29, 0]  	941	2 
[0, 1, 30, 0]  	953	1 
[0, 16, 19, 0]  	957	1 
[0, 0, 31, 0]  	961	1  <--- 3
[0, 18, 18, 0]  	972	1 
[0, 4, 29, 0]  	991	1 
[0, 38, 4, 0]  	998	2 
[0, 21, 17, 0]  	1010	1 
[0, 44, 0, 0]  	1012	2  <--- 2
[1, 7, 27, 0]  	1017	2 
[0, 7, 28, 0]  	1029	1 
[0, 24, 16, 0]  	1048	1 
[0, 10, 27, 0]  	1067	1 
[0, 27, 15, 0]  	1086	1 
[0, 13, 26, 0]  	1105	1 
[10, 2, 5, 1]  	391	5 
[20, 1, 0, 1]  	403	5 
[12, 14, 2, 1]  	612	7 
[11, 0, 14, 1]  	643	9 
[16, 14, 1, 1]  	657	8 
[8, 5, 14, 1]  	701	8 
[7, 6, 14, 1]  	705	8 
[19, 0, 12, 1]  	733	8 
[14, 19, 1, 1]  	734	7 
[13, 20, 1, 1]  	738	7 
[8, 25, 1, 1]  	758	7 
[4, 26, 3, 1]  	767	6 
[14, 22, 0, 1]  	772	7 
[19, 18, 0, 1]  	775	7 
[18, 19, 0, 1]  	779	7 
[11, 25, 0, 1]  	784	6 
[4, 31, 0, 1]  	789	6 
[5, 20, 8, 1]  	803	6 
[4, 24, 6, 1]  	814	5 
[4, 4, 21, 1]  	819	5 
[4, 7, 19, 1]  	826	5 
[4, 6, 20, 1]  	834	5 
[3, 7, 20, 1]  	838	4 
[4, 9, 18, 1]  	841	5 
[3, 24, 8, 1]  	857	4 
[3, 27, 6, 1]  	864	4 
[1, 32, 5, 1]  	910	3 
[1, 24, 12, 1]  	943	3 
[1, 35, 4, 1]  	948	3 
[0, 35, 5, 1]  	960	2 
[1, 21, 15, 1]  	967	3 
[1, 4, 28, 1]  	979	2 
[0, 41, 3, 1]  	1036	2 
[16, 0, 13, 2]  	707	6 
[11, 19, 2, 2]  	708	7 
[12, 20, 1, 2]  	719	8 
[7, 25, 1, 2]  	739	7 
[4, 12, 13, 2]  	755	6 
[12, 23, 0, 2]  	757	7 
[10, 25, 0, 2]  	765	7 
[4, 25, 5, 2]  	806	6 
[4, 1, 23, 2]  	812	5 
[3, 9, 19, 2]  	853	4 
[1, 30, 7, 2]  	926	2 
[1, 0, 30, 2]  	949	2 
[15, 0, 13, 3]  	688	7 
[10, 19, 2, 3]  	689	9 
[9, 26, 0, 4]  	769	6 
[8, 26, 0, 5]  	750	7 
[5, 15, 10, 95]  	750	6 
[4, 18, 9, 96]  	769	5 
[9, 5, 13, 97]  	689	6 
[14, 17, 1, 98]  	688	6 
[9, 22, 1, 98]  	708	4 
[5, 15, 9, 98]  	719	6 
[14, 20, 0, 98]  	726	7 
[5, 28, 0, 98]  	739	5 
[3, 29, 1, 98]  	755	5 
[4, 21, 7, 98]  	776	5 
[3, 11, 16, 98]  	806	3 
[3, 18, 11, 98]  	812	2 
[2, 26, 7, 98]  	853	3 
[2, 10, 19, 98]  	857	3 
[0, 16, 18, 98]  	926	1 
[0, 21, 16, 98]  	979	1 
[0, 10, 26, 98]  	1036	1 
[6, 8, 3, 99]  	391	4 
[9, 2, 6, 99]  	403	3 
[5, 14, 4, 99]  	541	5 
[6, 22, 2, 99]  	682	7 
[5, 8, 14, 99]  	713	7 
[4, 18, 8, 99]  	738	4 
[3, 11, 14, 99]  	744	2 
[4, 4, 19, 99]  	757	5 
[3, 21, 7, 99]  	757	4 
[3, 17, 11, 99]  	789	2 
[2, 10, 17, 99]  	795	3 
[2, 24, 7, 99]  	807	2 
[2, 28, 5, 99]  	837	3 
[1, 1, 28, 99]  	910	2 
[0, 41, 0, 99]  	943	2 
[1, 4, 27, 99]  	948	2 
[0, 4, 28, 99]  	960	1 
[0, 38, 3, 99]  	967	1 
------
The gap is between 6 and 94.
Lengths: 3 3 5 5 3 3.
For 982 = 5*d/2-d1-d2-d3 you get 3 in char 0.
1*x^1*y^23*z^14
1*y^40*z^2
1*y^9*z^25

For 560 = 3*d/2-d1-d2-d3 you get 5 in char 0.
1*x^4*y^17*z^3
1*x^3*y^3*z^14
1*x^2*y^20*z^2
1*x^1*y^6*z^13
1*y^23*z^1

For 138 = d/2-d1-d2-d3 you get 3 in char 0.
1*x^4*z^2
1*x^2*y^3*z^1
1*y^6

Extra powers of p used 0.
The invariant extra is equal to 5.
Start computing 3^3 Delta^1 (x1x2x3)^2... Done.
Start computing 3^4 Delta^2 (x1x2x3)^2... Done.
Start computing 3^5 Delta^3 (x1x2x3)^2... Done.
Start computing 3^6 Delta^4 (x1x2x3)^2... Done.
Start computing 3^7 Delta^5 (x1x2x3)^2... Done.
Start computing 3^8 Delta^6 (x1x2x3)^2... Done.
Start computing 3^9 Delta^7 (x1x2x3)^2... Done.
Start computing 3^10 Delta^8 (x1x2x3)^2... Done.
Start computing 3^11 Delta^9 (x1x2x3)^2... Done.
Start computing 3^12 Delta^10 (x1x2x3)^2... Done.
Start computing aa.
1 2 3 4 5 6 7 8 9 10 11 
*/
A = \
[4021192267710536701863315894155759579985330057,4566630457734946213510703389866619072071700641,1206082092566319755456708443580087025341111751,1014507015128052485703216708524871817891861740,195797706541903734691374675496668661072890588,1790880683199704200561370971662196384750286760,3741156869185012444151736760571898040580635725,2628527075212104818216771514715730029855266747,616571840582238951558594424756877615695010070,5197266751422967867373950146761229137051430819,996513372300479736199379633823066102373553334;\
6248559066498768773482644552718529642798385981,4593683791481914022588478492577860407951768052,4622335435891210273834340913913192844740563594,3055532924833906672878830747967747708601527006,1203584468098864219677541155790818446545567017,5017983636736972042610816795948978686927729083,1202197436558190371850502644524426273966963511,5162936932539462418101145500592447148490367614,1355336294722442272056004333214346942851088603,267650971958570580493311674185632641332918485,3925707582176537397539364259686050803895879379;\
6050856055578270833294166066513634602854770563,5286064442239989712547911548091833549804295614,1328384448729503374212154827304810484733103944,4423939455249732337142890036647208741125392916,2018285787125263118553675331939495285005273327,4274525591637855493967650505136118935382057728,2310761935671301498847840587599782560893034938,5482849348699697737778055119572496629086951246,3123507517856045219703105236583184215753153117,6136211162297849948171166310179163212591819126,4683354388919292532000301970524867634905133216;\
2036334714876086292403348826347932115360358910,4765087069082847539147757148657102056457352425,4565036868016259795794124077045204032043663917,2094041761819745119345829526113788162682479722,3777019035799056409547786832462674428262539932,807433996660532615622377548959806892548654325,307200397742782725329726161001565417581568528,153624247101011990299557775561336602214555428,2867103417443429501524667989015404811669599633,2019183329277131259571093045998807371567228061,5059622346150953116976188749021026318495329182;\
1503581216707397637329630129113896821890548187,5314541419062871438109196670090886205546329784,1356745691732809390220525968582469762590964862,5885993849104945055381691203262253737674775927,4907182146698430401554923018821518467542386464,810406694988015032265599647634311104345212337,1207904037024121348233824495194798712798894718,2918530963259290847105633192297841926939081529,4915081407318304733658352657397086092595647855,2984951198282815072122584031660163891407530193,2429104525773595760647713471522452642166179202;\
4961120291963315150358305335839107358550560209,2607040058370149518826760120772992194004720828,5446836242774170945802868750329626320972926036,6274512708777722089222160800750729535141681859,815889161020021429467674031015345760861378443,4782390082610557439113187741849423281298346207,3802319556244740400034852682027762831842483145,1293535235840227016741788649776108859003256180,4666619684019847578408908337108023054147321352,5407485975406765191523808707964327310754066650,2972211757576743320344558106252666459240534658;\
5813335666099939723902838952281787310213938166,3878250666778176840743556574872764717185472257,4367970850312107601093514684896479458612385057,3451227051529789629698031342860778202614199428,2133715237678595127583031230342628122797605250,5329128661915269807181468834909293698265200598,368562091338139518778222882616196605216429718,193558972861501244943036584336095858581006693,5331078223105582546432816381447415236553958966,956343932585695071846198843614018334079223580,2240531874254627646698953250725488047480798433;\
4625170719871846662017402334417617533629622445,4903568593464638678275166789379180599864776865,2246377515965318977756331911382534768852970629,2158103800367022263544452015616107663692504020,5604814261925743272388539704030348645714395326,5374770289549105076956520405072143902222673275,2588032025578363965253147432201300860274040331,4071641881791469796856253855705411104414107562,1910971089806173741570287261809123624352891195,4056971854117967594357669721292357551889373787,3555491731258690012633815006770056347845629044;\
1598185493704103032565628468856034243538494223,1369381783929448850279859978042915874561486107,511165384045844166304505893741966457948734830,126336308258247820391520762668788317881213088,980057968040026638220843146933232421283981738,1932583415602646409801893798193954108565077015,1502275858787330159665712574370627947162072978,821314635185946083349141041882928215084238861,1342525902173339484933436492988647697061713124,1432174426948785342442614211017619818870159540,1961958448447615652047009247220986669060070981;\
821921315875124978638119421704178658481336669,850974771731783426686328000089259640315425592,23827766797675056746563255794475715368582629,1640471873874136811703553147421471225428120416,793803920240053023256921664427115148735856039,315251480382033076368187065639513562342730133,620536696326699719981782965136234728735325428,297823239390590307774832823425879868312273727,409156858304482675430581291038667285116431919,1301022592293323238280820764728820181202268134,1996390300815114041320077231449258335431062229;\
4558176334111527031146808986568547355547870490,1154197871314032618411686924304129154790163876,1921721953665650312561896472795345529472642682,7595943786256298135795822241400546693146438,2225200134972331603445448924948109621152952080,1448481790817017314512302600067005814189377602,1532594260267377395058091574705994955396930566,3979735214188770855314454487442497586678603592,464115911118616645223240291468833324241935569,851127763777745750130641929146318919633284816,4390096696397180858363974612599237551731299195]
/* 
This matrix times 3^(-1) should be the matrix of frobenius.
*/ 
B = 3^(-1) * A; 
/* Freed 30 lists. */
