/* Comments begin... 
Coefficient of   x^21 * y^1               = 1
Coefficient of   x^10 * y^2 * z^6         = -1
Coefficient of   x^8 * y^5 * z^5         = 1
Coefficient of   x^6 * y^8 * z^4         = 1
Coefficient of   x^4 * y^11 * z^3         = 1
Coefficient of   x^2 * y^14 * z^2         = 1
Coefficient of   x^1 * z^13               = 0
Coefficient of   y^17 * z^1               = 1

Here is the polynomial we're using this time:

1*x^21*y^1 + -1*x^10*y^2*z^6 + 1*x^8*y^5*z^5 + 1*x^6*y^8*z^4 + 1*x^4*y^11*z^3 + 1*x^2*y^14*z^2 + 1*y^17*z^1

Allocate G_len 20 elements and old = 0.
Allocate M_len = 400 elements.
Allocate G_len 40 elements and old = 20.
Allocate M_len = 800 elements.
Allocate G_len 80 elements and old = 40.
Allocate M_len = 1600 elements.
Not smooth!
Coefficient of   x^21 * y^1               = 1
Coefficient of   x^10 * y^2 * z^6         = 0
Coefficient of   x^8 * y^5 * z^5         = 1
Coefficient of   x^6 * y^8 * z^4         = -1
Coefficient of   x^4 * y^11 * z^3         = 0
Coefficient of   x^2 * y^14 * z^2         = 0
Coefficient of   x^1 * z^13               = 1
Coefficient of   y^17 * z^1               = -1

Here is the polynomial we're using this time:

1*x^21*y^1 + 1*x^8*y^5*z^5 + -1*x^6*y^8*z^4 + 1*x^1*z^13 + -1*y^17*z^1

Allocate M_len = 3200 elements.
Allocate G_len 160 elements and old = 80.
Allocate M_len = 6400 elements.
Allocate M_len = 12800 elements.
Allocate G_len 320 elements and old = 160.
Allocate M_len = 25600 elements.
The final length of G is 171
[8, 5, 4, 0]  	391	4 
[21, 0, 0, 0]  	399	4  <--- 1
[6, 8, 4, 0]  	422	3 
[6, 11, 3, 0]  	460	5 
[19, 8, 3, 0]  	638	4 
[14, 0, 13, 0]  	669	3 
[16, 0, 12, 0]  	676	4 
[12, 17, 2, 0]  	681	7 
[7, 22, 2, 0]  	701	3 
[15, 17, 1, 0]  	707	4 
[11, 3, 14, 0]  	712	7 
[10, 20, 2, 0]  	712	7 
[5, 25, 2, 0]  	732	5 
[6, 26, 1, 0]  	743	6 
[8, 25, 1, 0]  	758	8 
[3, 28, 2, 0]  	763	5 
[11, 23, 1, 0]  	769	6 
[5, 28, 1, 0]  	770	6 
[20, 17, 0, 0]  	771	2 
[5, 11, 14, 0]  	782	5 
[5, 14, 12, 0]  	789	7 
[15, 22, 0, 0]  	791	9 
[4, 15, 12, 0]  	793	6 
[7, 29, 0, 0]  	800	6 
[3, 31, 1, 0]  	801	5 
[8, 0, 21, 0]  	803	5 
[6, 3, 20, 0]  	803	5 
[5, 20, 8, 0]  	803	6 
[3, 15, 13, 0]  	805	5 
[2, 32, 1, 0]  	805	5 
[7, 5, 18, 0]  	806	5 
[5, 8, 17, 0]  	806	5 
[4, 25, 5, 0]  	806	6 
[5, 31, 0, 0]  	808	6 
[5, 18, 10, 0]  	819	6 
[3, 17, 12, 0]  	820	5 
[5, 6, 19, 0]  	822	4 
[4, 23, 7, 0]  	822	5 
[2, 18, 12, 0]  	824	4 
[5, 17, 11, 0]  	827	6 
[4, 18, 11, 0]  	831	5 
[7, 1, 22, 0]  	838	4 
[5, 4, 21, 0]  	838	4 
[4, 21, 9, 0]  	838	5 
[5, 0, 24, 0]  	839	4 
[3, 34, 0, 0]  	839	4 
[2, 35, 0, 0]  	843	4 
[13, 26, 0, 0]  	845	4 
[7, 0, 23, 0]  	846	4 
[5, 3, 22, 0]  	846	4 
[4, 20, 10, 0]  	846	5 
[4, 0, 25, 0]  	851	5 
[3, 24, 8, 0]  	857	4 
[3, 20, 11, 0]  	858	4 
[2, 29, 5, 0]  	860	4 
[2, 21, 11, 0]  	862	3 
[3, 27, 6, 0]  	864	4 
[3, 23, 9, 0]  	865	4 
[2, 28, 6, 0]  	868	4 
[3, 7, 21, 0]  	869	3 
[2, 24, 9, 0]  	869	3 
[2, 27, 7, 0]  	876	3 
[2, 23, 10, 0]  	877	3 
[2, 15, 16, 0]  	879	4 
[2, 7, 22, 0]  	881	3 
[2, 26, 8, 0]  	884	3 
[2, 14, 17, 0]  	887	4 
[3, 12, 18, 0]  	891	3 
[1, 15, 17, 0]  	891	3 
[1, 38, 0, 0]  	893	3 
[2, 13, 18, 0]  	895	3 
[2, 9, 21, 0]  	896	3 
[1, 14, 18, 0]  	899	3 
[1, 10, 21, 0]  	900	2 
[2, 12, 19, 0]  	903	3 
[1, 13, 19, 0]  	907	2 
[1, 32, 5, 0]  	910	3 
[1, 12, 20, 0]  	915	2 
[1, 31, 6, 0]  	918	3 
[1, 27, 9, 0]  	919	2 
[1, 18, 16, 0]  	929	3 
[0, 31, 7, 0]  	930	2 
[1, 29, 8, 0]  	934	2 
[2, 0, 29, 0]  	937	3 
[0, 30, 8, 0]  	938	1 
[1, 1, 29, 0]  	941	2 
[1, 24, 12, 0]  	943	3 
[0, 1, 30, 0]  	953	1 
[0, 16, 19, 0]  	957	1 
[0, 35, 5, 0]  	960	2 
[0, 0, 31, 0]  	961	1  <--- 3
[1, 21, 15, 0]  	967	3 
[0, 18, 18, 0]  	972	1 
[0, 4, 29, 0]  	991	1 
[0, 38, 4, 0]  	998	2 
[0, 21, 17, 0]  	1010	1 
[0, 44, 0, 0]  	1012	2  <--- 2
[0, 7, 28, 0]  	1029	1 
[0, 24, 16, 0]  	1048	1 
[0, 10, 27, 0]  	1067	1 
[0, 27, 15, 0]  	1086	1 
[0, 13, 26, 0]  	1105	1 
[20, 1, 0, 1]  	403	4 
[3, 0, 14, 1]  	491	4 
[18, 8, 3, 1]  	619	7 
[13, 0, 13, 1]  	650	6 
[15, 0, 12, 1]  	657	6 
[14, 17, 1, 1]  	688	5 
[4, 11, 13, 1]  	732	6 
[10, 23, 1, 1]  	750	7 
[5, 24, 4, 1]  	771	4 
[14, 22, 0, 1]  	772	7 
[4, 29, 1, 1]  	774	6 
[19, 18, 0, 1]  	775	7 
[6, 29, 0, 1]  	781	6 
[3, 14, 13, 1]  	782	4 
[13, 22, 1, 1]  	784	8 
[11, 26, 0, 1]  	807	7 
[4, 32, 0, 1]  	812	5 
[3, 21, 10, 1]  	850	4 
[2, 4, 24, 1]  	874	4 
[2, 31, 4, 1]  	875	5 
[2, 10, 20, 1]  	888	3 
[2, 1, 27, 1]  	898	4 
[2, 0, 28, 1]  	906	4 
[0, 32, 6, 1]  	922	2 
[1, 30, 7, 1]  	926	2 
[1, 0, 30, 1]  	949	2 
[1, 4, 28, 1]  	979	2 
[1, 7, 27, 1]  	1017	2 
[0, 41, 3, 1]  	1036	2 
[12, 22, 1, 2]  	765	7 
[10, 26, 0, 2]  	788	7 
[9, 28, 0, 2]  	815	8 
[8, 28, 0, 3]  	796	7 
[3, 26, 7, 3]  	872	4 
[1, 35, 4, 3]  	948	3 
[4, 26, 2, 96]  	736	5 
[3, 27, 3, 96]  	771	4 
[4, 20, 9, 96]  	815	4 
[2, 12, 18, 96]  	872	3 
[4, 23, 2, 97]  	667	5 
[4, 20, 8, 97]  	784	4 
[5, 17, 10, 97]  	796	5 
[1, 4, 27, 97]  	948	2 
[4, 20, 2, 98]  	598	5 
[5, 26, 1, 98]  	724	4 
[2, 15, 12, 98]  	755	4 
[5, 17, 9, 98]  	765	4 
[2, 31, 1, 98]  	782	4 
[2, 29, 4, 98]  	829	3 
[3, 23, 8, 98]  	834	4 
[2, 7, 21, 98]  	850	3 
[2, 0, 27, 98]  	875	4 
[0, 16, 18, 98]  	926	1 
[0, 24, 15, 98]  	1017	1 
[7, 5, 5, 99]  	403	2 
[1, 17, 2, 99]  	472	2 
[4, 25, 1, 99]  	682	4 
[2, 28, 1, 99]  	713	2 
[2, 14, 12, 99]  	732	4 
[1, 14, 13, 99]  	744	2 
[1, 31, 1, 99]  	763	2 
[1, 34, 0, 99]  	801	2 
[1, 7, 21, 99]  	831	1 
[1, 12, 18, 99]  	853	1 
[0, 0, 29, 99]  	899	1 
[0, 30, 7, 99]  	907	1 
[0, 35, 4, 99]  	929	1 
[0, 21, 15, 99]  	948	1 
[0, 7, 26, 99]  	967	1 
------
The gap is between 4 and 95.
Lengths: 3 3 5 7 3 4.
For 982 = 5*d/2-d1-d2-d3 you get 3 in char 0.
1*x^1*y^23*z^14
1*y^40*z^2
1*y^9*z^25

For 560 = 3*d/2-d1-d2-d3 you get 5 in char 0.
1*x^14*y^2*z^8
1*x^4*y^17*z^3
1*x^2*y^20*z^2
1*x^1*y^6*z^13
1*y^23*z^1

For 138 = d/2-d1-d2-d3 you get 3 in char 0.
1*x^4*z^2
1*x^2*y^3*z^1
1*y^6

Extra powers of p used 2.
The invariant extra is equal to 5.
Start computing 3^3 Delta^1 (x1x2x3)^2... Done.
Start computing 3^4 Delta^2 (x1x2x3)^2... Done.
Start computing 3^5 Delta^3 (x1x2x3)^2... Done.
Start computing 3^6 Delta^4 (x1x2x3)^2... Done.
Start computing 3^7 Delta^5 (x1x2x3)^2... Done.
Start computing 3^8 Delta^6 (x1x2x3)^2... Done.
Start computing 3^9 Delta^7 (x1x2x3)^2... Done.
Start computing 3^10 Delta^8 (x1x2x3)^2... Done.
Start computing 3^11 Delta^9 (x1x2x3)^2... Done.
Start computing 3^12 Delta^10 (x1x2x3)^2... Done.
Start computing aa.
1 2 3 4 5 6 7 8 9 10 11 
*/
A = \
[5188516140352908099735468847357314636957064569,17294806025357091840361271435123053144907253639,53268855994051726833763496374357127399253267663,27246007667177633293154357462139860991320094972,33871803402741362316976197678480354194620448787,12024397319235920759341417104184810737649548348,25116151248579614011642730511784872118187559333,54431902913643036017580449054949998369760601722,3118010085049961449018392303573596202077822472,39151701757003137355687889587382923654863987147,23503945174386521528465742484086426995647700664;\
52178939268716589786499658530543888991570824554,21248845606573022129544575580436053708471097842,47503113635158685790713894926842630827721285033,44009734895114653329170264714823899514575098455,46701025788512802218416337994152721578551025883,11426063664541314179184580253040379535206829952,19354800208939250918273769272119318052961912018,24603864661791403535451544149114010975544395038,981241796339246907696473853761110391641664757,37184199014804296720510036648159454673753157890,33716246004321752515041381605823061003964624877;\
26842100979642215051543509650166057777985083017,19099854541296355627777723441685076216015735345,43237936378819636414111890584773515709888383891,56068950390389445464066198491669935669194655084,56324228787908435472574199567038304417671945905,54474230945697225246863708235536654563428682830,37414895486051931531494850058338105044140170639,7753079857663548540613684824658568302626435186,1346625851251347926205651923394001055163841494,16036531555012240482049560189688678902778743156,10005104031398683471193011402665158925014689803;\
15578524202926229049281334561465510864323449710,7845811258286606583892045991065293218396164965,17331694459668187065739046723496610929766556598,18243880629226583945426393293925881332607981035,17798932894126697663032256510179473380446177224,14277736403093244692491259882676528874029446187,11778249720027299214756445728650682054371676468,435660017477056715968489711325958589053882657,10993911492025623332150946006255602753161061997,4714890059689558995511207187316366118257423213,15095890753196055557854125972336167549688688215;\
49146014885090960877429663410001859687427533563,36495601110547610915618285090519315990004444366,42094326407054054271743169570115103341382181201,54772058937586144278714135748581649668947831295,23709255687078851765307168476763452315667901359,7783560290407792903665197754154834607362289523,28257488229951522437856229384440587141238118359,35336895028153411141939517732736469543460491917,22924794143626318713204650518610627094090750099,35418563331053483539312176435686095982962764996,54721325194801367695199621125828046001083580354;\
52457457809215836799203649920517311259031860948,45614775187406444080721309589956124868698864649,28554071867408633815747584536181579096909894809,39586135822025691028979339224060131160675563393,18812155511768396533750608971560401507074546805,11691367706353218335636808045473474343884696286,31157009305361616890293498008212300439585275223,36850507742335076998860982843974730188725964657,9607272652736364799561265349148314807646283235,43182223956249194978361286650060461710559859087,15779252434544084926185171103931889859841589471;\
30487544903150116836195477506186194479418525774,12803173615721835554160593683298596836147713815,24143817162263067677771265469998047720132265209,36603954402163098804217546257071572703225185257,46304668949076459117422165894005249235344582470,455412843616026493974444713862197250278368503,10317291180730403834747058078763025202295851228,46813455043724853854170506609316920648951052401,30632847253926094560417406066178180336979762867,20035915926676386376911863136719069134104929793,19734617600771178601134345030324990358836560787;\
21446375842997906025566504943900197267657700885,7833569987979228865432905267526059139002685749,46197799769560875098695243248188219478496315185,32826178061174590979725263957339125977049689299,26664718844402547504664725231250991622936762969,10218744767165520572998627992252453550773633582,49112790399325863760256718638221688772911986530,23897607157120840870557541303427400568138551750,13295133102568480594265410610793417563397646545,10602167700170286537686432434146049251071200713,53303357376789605162396780860809548836748926929;\
23664228280577180173161969777248362793082019344,25192365676273862936826992660987938029047519109,24482011205852757121872231057546858640667083530,6479089691641253220789297575581707768005479710,26693841971550884426425216682890935136627414005,25870182940641404571793978894384849613313485670,25891941092714510249123788948488851706288302643,10537066759017997548594042273473267713767325578,4313438702611776609888436149055820288481382986,4634490305068181619696809135159705906900859819,12091068401195446052174548563746072074668738228;\
50981859269634458731059563322758571894819630163,39156596181978681541700454762386008001637101584,1015567006339287766014489740425930469550318368,23946673452154742398686886442238156144336230316,32045647182918861227848239199214141286759131688,31759560910659377210276480526983211620490707013,31982159756131961618248726330812265122098261133,2999820067947680256208336509346489644935597175,30873494909597122229882744863752527876115245517,33618952720442210331903176127266642567583401994,10045663262573374329095700212128409528218164069;\
31724478307110225569840914381539674618985342931,47608989522894716083273557396283831409769195607,37140228731905817028221430731279217505246669553,15018456258982765207958295162910533763620794490,11381503834382650355095768663669600448264048313,51555814115749804817035848577564723366217210934,40341877682748513222846495142755022303354120983,35590299896390149132936482068686482632052594480,38174527219274635931387410685065557429563317458,56146245927868475181339899858843685789052603458,4245387233139878429849450927523404921869776228]
/* 
This matrix times 3^(-3) should be the matrix of frobenius.
*/ 
B = 3^(-3) * A; 
/* Freed 27 lists. */
