/* Comments begin... 
Coefficient of   x^21 * y^1               = 0
Coefficient of   x^10 * y^2 * z^6         = 0
Coefficient of   x^8 * y^5 * z^5         = -1
Coefficient of   x^6 * y^8 * z^4         = 1
Coefficient of   x^4 * y^11 * z^3         = 0
Coefficient of   x^2 * y^14 * z^2         = 0
Coefficient of   x^1 * z^13               = 0
Coefficient of   y^17 * z^1               = 1

Here is the polynomial we're using this time:

-1*x^8*y^5*z^5 + 1*x^6*y^8*z^4 + 1*y^17*z^1

Allocate G_len 20 elements and old = 0.
Allocate M_len = 400 elements.
Not smooth!
Coefficient of   x^21 * y^1               = 1
Coefficient of   x^10 * y^2 * z^6         = 0
Coefficient of   x^8 * y^5 * z^5         = 1
Coefficient of   x^6 * y^8 * z^4         = 1
Coefficient of   x^4 * y^11 * z^3         = -1
Coefficient of   x^2 * y^14 * z^2         = 1
Coefficient of   x^1 * z^13               = 1
Coefficient of   y^17 * z^1               = -1

Here is the polynomial we're using this time:

1*x^21*y^1 + 1*x^8*y^5*z^5 + 1*x^6*y^8*z^4 + -1*x^4*y^11*z^3 + 1*x^2*y^14*z^2 + 1*x^1*z^13 + -1*y^17*z^1

Allocate G_len 40 elements and old = 20.
Allocate M_len = 800 elements.
Allocate G_len 80 elements and old = 40.
Allocate M_len = 1600 elements.
Allocate M_len = 3200 elements.
Allocate G_len 160 elements and old = 80.
Allocate M_len = 6400 elements.
Allocate M_len = 12800 elements.
Allocate G_len 320 elements and old = 160.
Allocate M_len = 25600 elements.
The final length of G is 189
[8, 5, 4, 0]  	391	6 
[21, 0, 0, 0]  	399	6  <--- 1
[6, 8, 4, 0]  	422	5 
[6, 11, 3, 0]  	460	6 
[4, 14, 3, 0]  	491	5 
[19, 8, 3, 0]  	638	6 
[15, 14, 2, 0]  	669	6 
[12, 17, 2, 0]  	681	9 
[18, 14, 1, 0]  	695	8 
[14, 0, 14, 0]  	700	4 
[7, 22, 2, 0]  	701	7 
[11, 3, 14, 0]  	712	8 
[10, 20, 2, 0]  	712	8 
[5, 25, 2, 0]  	732	6 
[4, 11, 13, 0]  	732	6 
[14, 3, 13, 0]  	738	6 
[6, 26, 1, 0]  	743	7 
[17, 17, 1, 0]  	745	7 
[20, 0, 12, 0]  	752	7 
[8, 25, 1, 0]  	758	7 
[3, 28, 2, 0]  	763	5 
[17, 3, 12, 0]  	764	7 
[5, 28, 1, 0]  	770	6 
[20, 17, 0, 0]  	771	2 
[3, 14, 13, 0]  	782	5 
[13, 22, 1, 0]  	784	7 
[10, 26, 0, 0]  	788	7 
[4, 31, 0, 0]  	789	6 
[3, 32, 0, 0]  	793	5 
[14, 23, 0, 0]  	795	8 
[7, 29, 0, 0]  	800	5 
[3, 31, 1, 0]  	801	5 
[2, 32, 1, 0]  	805	5 
[7, 5, 18, 0]  	806	5 
[5, 8, 17, 0]  	806	5 
[3, 11, 16, 0]  	806	5 
[16, 22, 0, 0]  	810	9 
[9, 28, 0, 0]  	815	5 
[4, 0, 24, 0]  	820	6 
[13, 25, 0, 0]  	822	6 
[3, 1, 24, 0]  	824	5 
[6, 4, 20, 0]  	826	5 
[4, 7, 19, 0]  	826	5 
[4, 3, 22, 0]  	827	5 
[5, 1, 23, 0]  	831	4 
[3, 4, 22, 0]  	831	4 
[6, 3, 21, 0]  	834	5 
[4, 6, 20, 0]  	834	5 
[5, 4, 21, 0]  	838	4 
[3, 7, 20, 0]  	838	4 
[3, 3, 23, 0]  	839	4 
[8, 3, 20, 0]  	841	5 
[6, 6, 19, 0]  	841	5 
[4, 9, 18, 0]  	841	5 
[3, 18, 12, 0]  	843	4 
[2, 35, 0, 0]  	843	4 
[9, 1, 21, 0]  	845	4 
[3, 10, 18, 0]  	845	4 
[7, 0, 23, 0]  	846	4 
[3, 6, 21, 0]  	846	4 
[3, 21, 10, 0]  	850	4 
[9, 0, 22, 0]  	853	4 
[3, 9, 19, 0]  	853	4 
[3, 24, 8, 0]  	857	4 
[3, 20, 11, 0]  	858	4 
[11, 0, 21, 0]  	860	4 
[2, 29, 5, 0]  	860	4 
[2, 21, 11, 0]  	862	3 
[3, 27, 6, 0]  	864	4 
[3, 23, 9, 0]  	865	4 
[2, 28, 6, 0]  	868	4 
[3, 26, 7, 0]  	872	4 
[2, 4, 24, 0]  	874	4 
[2, 31, 4, 0]  	875	5 
[2, 23, 10, 0]  	877	3 
[2, 7, 22, 0]  	881	3 
[2, 10, 20, 0]  	888	3 
[1, 15, 17, 0]  	891	3 
[1, 38, 0, 0]  	893	3 
[2, 9, 21, 0]  	896	3 
[2, 1, 27, 0]  	898	4 
[1, 10, 21, 0]  	900	2 
[2, 12, 19, 0]  	903	3 
[2, 0, 28, 0]  	906	4 
[1, 32, 5, 0]  	910	3 
[2, 26, 9, 0]  	915	2 
[1, 12, 20, 0]  	915	2 
[1, 27, 9, 0]  	919	2 
[0, 32, 6, 0]  	922	2 
[1, 30, 7, 0]  	926	2 
[1, 18, 16, 0]  	929	3 
[1, 14, 19, 0]  	930	2 
[0, 31, 7, 0]  	930	2 
[1, 29, 8, 0]  	934	2 
[0, 30, 8, 0]  	938	1 
[1, 1, 29, 0]  	941	2 
[1, 24, 12, 0]  	943	3 
[1, 35, 4, 0]  	948	3 
[1, 0, 30, 0]  	949	2 
[0, 1, 30, 0]  	953	1 
[0, 16, 19, 0]  	957	1 
[0, 0, 31, 0]  	961	1  <--- 3
[1, 21, 15, 0]  	967	3 
[0, 18, 18, 0]  	972	1 
[1, 4, 28, 0]  	979	2 
[0, 4, 29, 0]  	991	1 
[0, 38, 4, 0]  	998	2 
[0, 21, 17, 0]  	1010	1 
[0, 44, 0, 0]  	1012	2  <--- 2
[1, 7, 27, 0]  	1017	2 
[0, 7, 28, 0]  	1029	1 
[0, 41, 3, 0]  	1036	2 
[0, 24, 16, 0]  	1048	1 
[0, 10, 27, 0]  	1067	1 
[0, 27, 15, 0]  	1086	1 
[0, 13, 26, 0]  	1105	1 
[20, 1, 0, 1]  	403	6 
[5, 0, 14, 1]  	529	6 
[18, 8, 3, 1]  	619	10 
[14, 14, 2, 1]  	650	10 
[19, 11, 2, 1]  	676	6 
[16, 0, 13, 1]  	707	7 
[13, 3, 13, 1]  	719	7 
[16, 17, 1, 1]  	726	8 
[19, 0, 12, 1]  	733	7 
[12, 22, 1, 1]  	765	6 
[11, 23, 1, 1]  	769	7 
[4, 10, 15, 1]  	771	5 
[4, 29, 1, 1]  	774	6 
[19, 18, 0, 1]  	775	8 
[15, 20, 1, 1]  	776	8 
[6, 29, 0, 1]  	781	6 
[8, 28, 0, 1]  	796	6 
[3, 0, 24, 1]  	801	5 
[12, 25, 0, 1]  	803	6 
[3, 17, 12, 1]  	820	5 
[2, 26, 8, 1]  	884	3 
[2, 14, 17, 1]  	887	4 
[2, 13, 18, 1]  	895	3 
[1, 14, 18, 1]  	899	3 
[1, 13, 19, 1]  	907	2 
[1, 31, 6, 1]  	918	3 
[0, 35, 5, 1]  	960	2 
[18, 11, 2, 2]  	657	9 
[15, 0, 13, 2]  	688	8 
[10, 23, 1, 2]  	750	7 
[14, 20, 1, 2]  	757	7 
[4, 1, 23, 2]  	812	5 
[2, 24, 9, 2]  	869	3 
[2, 27, 7, 2]  	876	3 
[2, 15, 16, 2]  	879	4 
[4, 4, 21, 3]  	819	5 
[2, 18, 12, 6]  	824	4 
[1, 35, 0, 94]  	824	3 
[4, 26, 2, 96]  	736	5 
[3, 12, 14, 96]  	767	3 
[3, 27, 3, 96]  	771	4 
[3, 21, 9, 96]  	819	4 
[4, 23, 2, 97]  	667	5 
[3, 9, 14, 97]  	698	3 
[4, 20, 2, 98]  	598	5 
[3, 6, 14, 98]  	629	3 
[5, 26, 1, 98]  	724	6 
[1, 32, 0, 98]  	755	3 
[3, 18, 11, 98]  	812	4 
[2, 29, 4, 98]  	829	4 
[1, 10, 20, 98]  	869	2 
[0, 30, 7, 98]  	907	1 
[1, 0, 29, 98]  	918	2 
[7, 5, 5, 99]  	403	4 
[5, 11, 4, 99]  	472	4 
[4, 17, 2, 99]  	529	5 
[3, 17, 3, 99]  	541	3 
[3, 3, 14, 99]  	560	3 
[16, 14, 1, 99]  	657	8 
[5, 8, 13, 99]  	682	6 
[13, 3, 12, 99]  	688	7 
[5, 25, 1, 99]  	701	6 
[3, 11, 13, 99]  	713	4 
[1, 31, 0, 99]  	732	3 
[12, 22, 0, 99]  	734	5 
[2, 28, 2, 99]  	744	4 
[8, 26, 0, 99]  	750	6 
[4, 28, 1, 99]  	751	4 
[2, 0, 24, 99]  	782	4 
[1, 10, 19, 99]  	838	2 
[1, 13, 18, 99]  	876	2 
[0, 30, 6, 99]  	876	1 
[0, 4, 28, 99]  	960	1 
------
The gap is between 7 and 93.
Lengths: 3 3 5 6 3 3.
For 982 = 5*d/2-d1-d2-d3 you get 3 in char 0.
1*x^1*y^23*z^14
1*y^40*z^2
1*y^9*z^25

For 560 = 3*d/2-d1-d2-d3 you get 5 in char 0.
1*x^14*y^2*z^8
1*x^3*y^3*z^14
1*x^2*y^20*z^2
1*x^1*y^6*z^13
1*y^23*z^1

For 138 = d/2-d1-d2-d3 you get 3 in char 0.
1*x^4*z^2
1*x^2*y^3*z^1
1*y^6

Extra powers of p used 1.
The invariant extra is equal to 5.
Start computing 3^3 Delta^1 (x1x2x3)^2... Done.
Start computing 3^4 Delta^2 (x1x2x3)^2... Done.
Start computing 3^5 Delta^3 (x1x2x3)^2... Done.
Start computing 3^6 Delta^4 (x1x2x3)^2... Done.
Start computing 3^7 Delta^5 (x1x2x3)^2... Done.
Start computing 3^8 Delta^6 (x1x2x3)^2... Done.
Start computing 3^9 Delta^7 (x1x2x3)^2... Done.
Start computing 3^10 Delta^8 (x1x2x3)^2... Done.
Start computing 3^11 Delta^9 (x1x2x3)^2... Done.
Start computing 3^12 Delta^10 (x1x2x3)^2... Done.
Start computing aa.
1 2 3 4 5 6 7 8 9 10 11 
*/
A = \
[15751695507384468371859918977492558470154168034,16373288077615906304260151288832199496394711858,16093246367325245538325474325923276989184821630,16539057766126318984333268005010182942313640090,9788014442179841611446016554345630509402620155,6045192802889210094549668802661574818189109790,5040976385520507895496529536099116020301251426,14723459544844608568469213993505805648294403388,13408672658910181925878197229838823022078856547,9823239749120017616974944303260373037767002355,10120431156641470165273477920399754088459955054;\
4726708809220873604388780982929403417216604589,5062179906515810040128670324171691394078119812,3798329007333759435124054494082662795959968695,9535289802271889953469465994783981216432092622,18558092811940544468287877712571712062710159687,11666424386780566178414169236437643773628317635,16692187048919049251283783766541826275774595879,13844737183959387784015369955459947894668546096,2058525511402393286336105980577726478045335883,4071318234459355271875709782875363396171554502,15804323049603446987064554494488419056414370151;\
3832310123966407057651479125307773535113996514,7709964713790997889037462369160586855991262182,2192169934957535372780526210274323546383019159,8986291992648581400524663502928374800846614617,10478440752527397986767680662494958629875764328,7627410109479576869586446930642341198677508479,4734321787624899695842948704316371773460652455,9883134027338801825577380728955570128467264204,8546029080225538100825136870595218088736672382,18292671516756010860627389749961404518458266713,13836742652809081227756327671086777994286996171;\
6081353148660998523951279221209424059608701610,2737671010083095896114731193686918468946161534,5692158737988630747410871416743720991562391830,5686396874967729384912984696042651698050281150,4610560546685997944812531967136183189464047641,4243544890088234656513271401045464675341102496,3957927515388975706175648922224078453779264248,904192383621673991949912044104791128240588688,3120910047451757548155714817766149751730787233,3293552989088839633676194950452780980857747552,4629513431254099439164114323628146710608028337;\
11831786518305003505992703287666650302348204960,17044270966105136905821587701245609660160294775,1420586737504895719954523762995932390618634695,7861154470626833630818924994215668435403200861,4380576080534504282578627465020298354910736960,8794259007246686755771516663091321473968332265,2113294599214718486005892419797160645212615282,16607083072933711250193160966248126924578453493,9906178975077535398465165862336616691749660694,1518299976789359082587695377988595864040064002,17828874916777036200721779966908718098773293924;\
13644257577790457235049140524178691218588965659,12476572868388288655387160313432426629703860216,9328682322980033481389314311843626852186278062,14926150430262044163218511482637284669856718899,13994636956443615263652541300159925016035899698,18016868044095320191313325366369722172358918143,13478141591987275119202375137938367694863389127,2263133694282457907718650011223063785748456529,12964826227362078258761284614482000958134056032,1823759245164514995982516561910140218547821417,6386841683432754317642985656452063265167959330;\
11128901806602965543445842513506804784472032436,7123373800335120729772092903862632801902157318,3527901483075968476961818730668840246773017256,16606856283096674165860261202460424362069596280,5300830373432397491302212009682578752363589516,6339522109648323986642372561509380049251485865,8873166850494271231058833673106001692676219059,12912584222870377512243773932571675453171438976,9571595399576649974290252399552377157371794298,15113000861807227850187571609036670683809453345,8526764664837908308400356758973602729208034457;\
15518755556576460839607659814911874427732052287,8041333704960027358660318067789485882149986927,7030452335522016180375537321975550493558028246,5824492060212201714759215546519674950159571875,8359711206326004335462599159417402868416845381,12780564896432050034047706166096372611731286022,7789909502973410346358752499504381485594787668,6921015181739974888163014772838267178082941941,6901547208737266852743035083843139766288871950,12593074096222310308024385613102099134929479750,14894709941117209533213667104288654504710845482;\
4028520187758449590703680145867557710925675810,9749684939896018432586303183892460275046005182,15033040581987974459919241628432306647453203261,2251770710334092242853059887598643812644680955,3440350848235426659369199642236978895936399206,4287623332012406366979413042812309957251645042,16022017348052069693006886982477780630589855760,10256447440167855725223014009891861814359496057,8690406837507125489331771539530462584139634994,15476483739350856780770565341271371344683792804,1538290569692704552058168430983163455446649214;\
7172684329829234229779004614429605029970740463,1851683309676076783635081119026535630800915154,14633306390689589927869794862157645077066315302,11563109336475574109936269460314173994717063161,3890815544185217338500469360785214335737198178,17150008231451458802741259758006501242156805328,15457195047962212649563230358531593661279146420,13153350434129215592254360406847643126068082764,12931162255835303242614784801811948067799334985,17186961017828083214846318159413877241723930666,17335822882756279748573753579510550169302637296;\
15128155417877877491464224207480357411297193425,6660799913718181493700071673457161118319381484,9914408853777913384592811732085013239657836330,13585831430553569150050442628900464959456324881,18005010633154889748228897480676558407039178668,16155418267762471130907752895077066990292235155,3106382109825911197299722081204899467151107774,14560842568526257866010601422659341939689085586,16937270452720172256085645620917647221373708386,6268378155146901618184343431278872957729708451,11025270751293209284241363030896103581591531005]
/* 
This matrix times 3^(-2) should be the matrix of frobenius.
*/ 
B = 3^(-2) * A; 
/* Freed 28 lists. */
