/* Comments begin... 
Coefficient of   x^21 * y^1               = 1
Coefficient of   x^10 * y^2 * z^6         = 0
Coefficient of   x^8 * y^5 * z^5         = 0
Coefficient of   x^6 * y^8 * z^4         = 1
Coefficient of   x^4 * y^11 * z^3         = -1
Coefficient of   x^2 * y^14 * z^2         = -1
Coefficient of   x^1 * z^13               = -1
Coefficient of   y^17 * z^1               = 1

Here is the polynomial we're using this time:

1*x^21*y^1 + 1*x^6*y^8*z^4 + -1*x^4*y^11*z^3 + -1*x^2*y^14*z^2 + -1*x^1*z^13 + 1*y^17*z^1

Allocate G_len 20 elements and old = 0.
Allocate M_len = 400 elements.
Allocate G_len 40 elements and old = 20.
Allocate M_len = 800 elements.
Allocate G_len 80 elements and old = 40.
Allocate M_len = 1600 elements.
Allocate M_len = 3200 elements.
Allocate G_len 160 elements and old = 80.
Allocate M_len = 6400 elements.
Allocate M_len = 12800 elements.
The final length of G is 129
[6, 8, 3, 0]  	391	5 
[21, 0, 0, 0]  	399	5  <--- 1
[4, 11, 3, 0]  	422	4 
[4, 14, 2, 0]  	460	5 
[3, 0, 14, 0]  	491	4 
[18, 14, 1, 0]  	695	7 
[3, 28, 1, 0]  	732	5 
[14, 3, 13, 0]  	738	5 
[17, 17, 1, 0]  	745	6 
[20, 0, 12, 0]  	752	5 
[17, 3, 12, 0]  	764	6 
[12, 6, 13, 0]  	769	6 
[20, 17, 0, 0]  	771	2 
[3, 27, 3, 0]  	771	4 
[3, 14, 13, 0]  	782	5 
[15, 6, 12, 0]  	795	6 
[2, 28, 4, 0]  	806	4 
[13, 23, 1, 0]  	807	5 
[5, 32, 0, 0]  	831	4 
[10, 28, 0, 0]  	834	5 
[14, 25, 0, 0]  	841	5 
[3, 18, 12, 0]  	843	5 
[13, 26, 0, 0]  	845	4 
[7, 31, 0, 0]  	846	4 
[3, 21, 10, 0]  	850	4 
[3, 24, 8, 0]  	857	4 
[3, 35, 0, 0]  	862	4 
[3, 23, 9, 0]  	865	4 
[2, 24, 9, 0]  	869	3 
[3, 26, 7, 0]  	872	4 
[2, 35, 1, 0]  	874	4 
[2, 4, 24, 0]  	874	4 
[2, 0, 27, 0]  	875	3 
[2, 27, 7, 0]  	876	3 
[2, 7, 22, 0]  	881	3 
[2, 26, 8, 0]  	884	3 
[1, 15, 17, 0]  	891	3 
[2, 21, 12, 0]  	893	4 
[2, 13, 18, 0]  	895	3 
[2, 9, 21, 0]  	896	3 
[1, 14, 18, 0]  	899	3 
[1, 10, 21, 0]  	900	2 
[1, 13, 19, 0]  	907	2 
[2, 38, 0, 0]  	912	3 
[1, 12, 20, 0]  	915	2 
[1, 27, 9, 0]  	919	2 
[0, 32, 6, 0]  	922	2 
[1, 30, 7, 0]  	926	2 
[1, 18, 16, 0]  	929	3 
[0, 31, 7, 0]  	930	2 
[1, 29, 8, 0]  	934	2 
[0, 30, 8, 0]  	938	1 
[1, 1, 29, 0]  	941	2 
[1, 0, 30, 0]  	949	2 
[0, 1, 30, 0]  	953	1 
[0, 16, 19, 0]  	957	1 
[0, 35, 5, 0]  	960	2 
[0, 0, 31, 0]  	961	1  <--- 3
[1, 41, 0, 0]  	962	2 
[1, 21, 15, 0]  	967	3 
[0, 18, 18, 0]  	972	1 
[1, 4, 28, 0]  	979	2 
[0, 4, 29, 0]  	991	1 
[0, 21, 17, 0]  	1010	1 
[0, 44, 0, 0]  	1012	2  <--- 2
[1, 7, 27, 0]  	1017	2 
[0, 7, 28, 0]  	1029	1 
[0, 41, 3, 0]  	1036	2 
[0, 24, 16, 0]  	1048	1 
[0, 10, 27, 0]  	1067	1 
[0, 27, 15, 0]  	1086	1 
[0, 13, 26, 0]  	1105	1 
[20, 1, 0, 1]  	403	5 
[19, 11, 2, 1]  	676	5 
[16, 0, 13, 1]  	707	5 
[13, 3, 13, 1]  	719	8 
[16, 17, 1, 1]  	726	7 
[19, 0, 12, 1]  	733	6 
[11, 6, 13, 1]  	750	7 
[2, 14, 13, 1]  	763	3 
[19, 18, 0, 1]  	775	5 
[15, 20, 1, 1]  	776	6 
[2, 31, 1, 1]  	782	4 
[12, 23, 1, 1]  	788	6 
[9, 26, 1, 1]  	800	5 
[2, 17, 12, 1]  	801	3 
[4, 32, 0, 1]  	812	5 
[11, 25, 1, 1]  	815	5 
[12, 26, 0, 1]  	826	5 
[6, 31, 0, 1]  	827	5 
[9, 29, 0, 1]  	838	4 
[2, 20, 11, 1]  	839	3 
[2, 23, 10, 1]  	877	3 
[1, 38, 0, 1]  	893	3 
[2, 12, 19, 1]  	903	3 
[1, 32, 5, 1]  	910	3 
[1, 31, 6, 1]  	918	3 
[1, 24, 12, 1]  	943	3 
[1, 35, 4, 1]  	948	3 
[18, 11, 2, 2]  	657	8 
[15, 0, 13, 2]  	688	8 
[14, 20, 1, 2]  	757	7 
[8, 26, 1, 2]  	781	6 
[10, 25, 1, 2]  	796	6 
[8, 29, 0, 2]  	819	5 
[2, 35, 0, 2]  	843	4 
[2, 10, 20, 2]  	888	3 
[0, 38, 4, 4]  	998	2 
[0, 7, 27, 96]  	998	1 
[3, 21, 9, 97]  	819	4 
[2, 0, 24, 98]  	782	3 
[2, 3, 23, 98]  	820	3 
[2, 24, 8, 98]  	838	3 
[2, 6, 22, 98]  	858	3 
[1, 27, 8, 98]  	888	2 
[3, 11, 3, 99]  	403	3 
[16, 14, 1, 99]  	657	7 
[13, 3, 12, 99]  	688	6 
[2, 28, 2, 99]  	744	3 
[1, 0, 24, 99]  	763	2 
[6, 29, 0, 99]  	781	5 
[8, 28, 0, 99]  	796	5 
[1, 3, 23, 99]  	801	2 
[12, 25, 0, 99]  	803	5 
[1, 6, 22, 99]  	839	2 
[1, 27, 7, 99]  	857	2 
[1, 9, 21, 99]  	877	2 
[0, 41, 0, 99]  	943	2 
[0, 24, 15, 99]  	1017	1 
------
The gap is between 5 and 95.
Lengths: 3 3 5 5 3 3.
For 982 = 5*d/2-d1-d2-d3 you get 3 in char 0.
1*x^1*y^23*z^14
1*y^40*z^2
1*y^9*z^25

For 560 = 3*d/2-d1-d2-d3 you get 5 in char 0.
1*x^14*y^2*z^8
1*x^12*y^5*z^7
1*x^2*y^20*z^2
1*x^1*y^6*z^13
1*y^23*z^1

For 138 = d/2-d1-d2-d3 you get 3 in char 0.
1*x^4*z^2
1*x^2*y^3*z^1
1*y^6

Extra powers of p used 0.
The invariant extra is equal to 5.
Start computing 3^3 Delta^1 (x1x2x3)^2... Done.
Start computing 3^4 Delta^2 (x1x2x3)^2... Done.
Start computing 3^5 Delta^3 (x1x2x3)^2... Done.
Start computing 3^6 Delta^4 (x1x2x3)^2... Done.
Start computing 3^7 Delta^5 (x1x2x3)^2... Done.
Start computing 3^8 Delta^6 (x1x2x3)^2... Done.
Start computing 3^9 Delta^7 (x1x2x3)^2... Done.
Start computing 3^10 Delta^8 (x1x2x3)^2... Done.
Start computing 3^11 Delta^9 (x1x2x3)^2... Done.
Start computing 3^12 Delta^10 (x1x2x3)^2... Done.
Start computing aa.
1 2 3 4 5 6 7 8 9 10 11 
*/
A = \
[5266710773448504855144190243676051155398484200,2429284056716897985038210999083233790998942300,4877213027383565274818388010378131945687263262,561885418959901238645083498407421170446450289,4882520329084263500718483911744564399067230349,3591956914185522367138500472523635649242019520,3248756091293995601985394131330507646949410869,367896889286358943280707660171824502794871821,478138052528292686844824121822883975289957508,2679943757650510186784986445879811559480587165,5141077544164537254151960103712027807626390118;\
4560367127846522635439853998802262192813768884,6010209387372394142009180941263565253371968255,5950229530241870733617793766305260539891260387,224474278272486927303368971732245254872956306,2720632223253873301383780191581640673061603023,4785244990554270269641420476668729652445897704,1134434260894452496788077991455842790538333750,3339798527419965707284300787860769923669242615,4786470654496133064641973645150801653406279297,4451474305039277143538415087137210745745842528,2550185176515982838468565452255141062298924067;\
2725578065699800410974211278911979143301327055,1948207527612250584176209352765945378522813202,6271215322345441532154009558409757939993946261,5041932981257724430777079211263339628702721497,802132088127438171446766976325357121520429890,2010876676198376154734983784182105307400002718,4302111806759181768813467759523241163955699603,695444650491772613778423577375278433349563119,2806086637173547475329134544731409353084655704,5856796105201684995205314641679516302785232244,2353982338956090358356757385562109959677278884;\
1785641055784228714587261063578336715969471207,91905626286606566974388856815514653674705398,586533229066465932014794665948552894023653353,620609054509346168856663737724267503768077281,1327042475309461761723943794801764620894755159,1774568774042661707166508874796375432215663679,461468169669995086833188004604760295423281757,556704950463266505126519130185617734043722473,551454523142967659983314956881545731759319072,983162848800198928538165777089249191938165664,1897918458106418888609105921992761340039751355;\
1118052071137172186127830591630947513843631433,539543498438366710889670339154881949575999021,1374017108074060219768047301309910277422001464,228095459851895214424937540347285051564192929,774954678588414108981164727190161118159652235,2061580380110469996660077968981893257798918985,1774508351493581635524273611385480451525325778,1163953259668657670099572819010447368722535005,1321631824284462479216868981912310939443576960,533507261467848045222914437693940053691282046,1419218517239956160732493738288549098330001957;\
5056683436524306849784039774093620027338002352,98652087240070612749908365268091402383190046,3361107075602648851252037776145080644416003133,1104531097856299138055241591505022381044358547,4576478571240804080605704223045056911165359155,1413278062632485346164828074407857508591191688,384790330560111893197411667047737665654611638,1440867621321008318350558552400601439732174143,6023901365516124400048181184039214978845699390,3470435919341241644661937302921345686960973720,462417932924504178847057113039090474456384171;\
4659423233564392134861980829436996586712956530,866325426148765033212505308146165083555147262,5881860076706734545086039375750933950078537667,3986668272074515817039352800461927599676381602,1837491000707730460465302484937744483597611701,114992698094025694307804669046189577201266741,5976333082243079797360281329858259006832364460,1292173560343235846095340080620698473282752384,2962848149569813374717758487650290827672447318,3420455883412458257742504684240117539863040160,627380036397961727290966096017983046895149072;\
460299873137814745069333273675917190293961123,4923627532944807832454094795820635186052730425,3500582996840682172546904283386876845075409160,6076494537141677722963504720693236743321535813,2013615575018302602668121944568605931099146154,124923677869678725527770132617956441090974425,5345515209305172655504261039585838838054805431,371836754421501879811004380515375095345228514,5065662903569743395419168335129256445958592700,5866305462315698174638892034689609955844179300,4594202159192514849079817806599781360666665597;\
1419522257705404432753570347774128493385055964,5206790070436960345011981262919683666868582262,1173704483858654889600847823614428339567791827,1422742211756464536391177622750635259463837546,5008732867810743607364360007401675875727690337,5999838048988365781350982430839699573934903544,918780182315134099945787041715089211971547718,4682709271413056399672290969796868713439258444,6338557195278492486084749825825776397529536973,4925479060240922512615378626193477742480196981,3930748454974348958872528776350579276601583524;\
6033421995232758232070549629100258300395658640,2019900911717077988642873958125223459367334457,4032815301339555253293481529912125892652940792,5395838911521459016053659211495808280845071975,6345157459967847413631913790086734222243129942,3890331262717370325078790519804158493208006895,6074878705000928754731025465914311897690172847,108987638993688543662165748536517371776992555,1405809568485795893995109044265866017547374279,1529882892004694841403609768875576163265188221,4561475010929077144792463157426850839441205296;\
3752922572015316710508948512396607829499500127,5803239133482216663814248331874787873794041552,5528963843120757326353519372296194761070263999,5929152546541828951249663547864491182953580105,4599598887327588904968413081048457002200037673,2853959809822098992971508473910625266389088397,3265538435685915464484831451809256243795068858,4584779974303162622628898599379804048544008071,2641778973027794197557229711612847043247167276,1270616120344909177584875578722543707313144981,3134180437343597720844807130361114964356589117]
/* 
This matrix times 3^(-1) should be the matrix of frobenius.
*/ 
B = 3^(-1) * A; 
/* Freed 26 lists. */
