/* Comments begin... 
Coefficient of   x^21 * y^1               = 0
Coefficient of   x^10 * y^2 * z^6         = -1
Coefficient of   x^8 * y^5 * z^5         = 0
Coefficient of   x^6 * y^8 * z^4         = 0
Coefficient of   x^4 * y^11 * z^3         = 0
Coefficient of   x^2 * y^14 * z^2         = 0
Coefficient of   x^1 * z^13               = -1
Coefficient of   y^17 * z^1               = 1

Here is the polynomial we're using this time:

-1*x^10*y^2*z^6 + -1*x^1*z^13 + 1*y^17*z^1

Allocate G_len 20 elements and old = 0.
Allocate M_len = 400 elements.
Not smooth!
Coefficient of   x^21 * y^1               = 1
Coefficient of   x^10 * y^2 * z^6         = 0
Coefficient of   x^8 * y^5 * z^5         = 1
Coefficient of   x^6 * y^8 * z^4         = 0
Coefficient of   x^4 * y^11 * z^3         = 1
Coefficient of   x^2 * y^14 * z^2         = -1
Coefficient of   x^1 * z^13               = 1
Coefficient of   y^17 * z^1               = -1

Here is the polynomial we're using this time:

1*x^21*y^1 + 1*x^8*y^5*z^5 + 1*x^4*y^11*z^3 + -1*x^2*y^14*z^2 + 1*x^1*z^13 + -1*y^17*z^1

Allocate G_len 40 elements and old = 20.
Allocate M_len = 800 elements.
Allocate G_len 80 elements and old = 40.
Allocate M_len = 1600 elements.
Allocate M_len = 3200 elements.
Allocate G_len 160 elements and old = 80.
Allocate M_len = 6400 elements.
Allocate M_len = 12800 elements.
Allocate G_len 320 elements and old = 160.
Allocate M_len = 25600 elements.
Not smooth!
Coefficient of   x^21 * y^1               = -1
Coefficient of   x^10 * y^2 * z^6         = 1
Coefficient of   x^8 * y^5 * z^5         = 1
Coefficient of   x^6 * y^8 * z^4         = 0
Coefficient of   x^4 * y^11 * z^3         = 0
Coefficient of   x^2 * y^14 * z^2         = -1
Coefficient of   x^1 * z^13               = 1
Coefficient of   y^17 * z^1               = -1

Here is the polynomial we're using this time:

-1*x^21*y^1 + 1*x^10*y^2*z^6 + 1*x^8*y^5*z^5 + -1*x^2*y^14*z^2 + 1*x^1*z^13 + -1*y^17*z^1

The final length of G is 205
[21, 0, 0, 0]  	399	5  <--- 1
[10, 2, 6, 0]  	422	4 
[8, 5, 5, 0]  	422	4 
[8, 8, 4, 0]  	460	6 
[4, 14, 3, 0]  	491	5 
[18, 5, 4, 0]  	581	8 
[7, 0, 15, 0]  	598	7 
[15, 14, 1, 0]  	638	5 
[9, 3, 14, 0]  	674	8 
[9, 20, 2, 0]  	693	7 
[12, 19, 1, 0]  	696	7 
[7, 6, 14, 0]  	705	8 
[11, 19, 2, 0]  	708	6 
[7, 8, 13, 0]  	720	8 
[9, 23, 1, 0]  	731	6 
[6, 8, 14, 0]  	732	7 
[5, 25, 2, 0]  	732	7 
[5, 9, 14, 0]  	736	7 
[7, 25, 1, 0]  	739	7 
[6, 26, 1, 0]  	743	7 
[11, 22, 1, 0]  	746	6 
[20, 0, 12, 0]  	752	7 
[13, 22, 0, 0]  	753	6 
[4, 12, 13, 0]  	755	6 
[7, 11, 12, 0]  	758	7 
[6, 12, 12, 0]  	762	6 
[4, 11, 14, 0]  	763	6 
[16, 20, 0, 0]  	764	7 
[6, 0, 21, 0]  	765	6 
[5, 28, 1, 0]  	770	6 
[20, 17, 0, 0]  	771	2 
[6, 7, 16, 0]  	771	6 
[4, 29, 1, 0]  	774	6 
[7, 28, 0, 0]  	777	6 
[6, 29, 0, 0]  	781	6 
[4, 28, 2, 0]  	782	6 
[3, 14, 13, 0]  	782	6 
[5, 3, 20, 0]  	784	5 
[4, 31, 0, 0]  	789	6 
[3, 32, 0, 0]  	793	5 
[6, 4, 19, 0]  	795	6 
[19, 19, 0, 0]  	798	6 
[5, 1, 22, 0]  	800	5 
[3, 31, 1, 0]  	801	6 
[2, 32, 1, 0]  	805	5 
[5, 8, 17, 0]  	806	6 
[6, 6, 18, 0]  	810	6 
[4, 1, 23, 0]  	812	5 
[4, 4, 21, 0]  	819	5 
[4, 0, 24, 0]  	820	5 
[5, 6, 19, 0]  	822	5 
[4, 7, 19, 0]  	826	5 
[4, 10, 17, 0]  	833	5 
[4, 6, 20, 0]  	834	5 
[3, 11, 17, 0]  	837	5 
[3, 7, 20, 0]  	838	4 
[2, 35, 0, 0]  	843	4 
[3, 10, 18, 0]  	845	4 
[3, 9, 19, 0]  	853	4 
[3, 24, 8, 0]  	857	4 
[2, 21, 11, 0]  	862	3 
[3, 27, 6, 0]  	864	4 
[3, 23, 9, 0]  	865	4 
[2, 28, 6, 0]  	868	4 
[2, 24, 9, 0]  	869	3 
[3, 26, 7, 0]  	872	4 
[2, 27, 7, 0]  	876	3 
[2, 23, 10, 0]  	877	3 
[2, 15, 16, 0]  	879	4 
[2, 26, 8, 0]  	884	3 
[2, 14, 17, 0]  	887	4 
[2, 13, 18, 0]  	895	3 
[2, 31, 5, 0]  	906	5 
[1, 13, 19, 0]  	907	2 
[1, 32, 5, 0]  	910	3 
[0, 32, 6, 0]  	922	2 
[1, 30, 7, 0]  	926	2 
[1, 18, 16, 0]  	929	3 
[2, 0, 29, 0]  	937	3 
[0, 30, 8, 0]  	938	1 
[1, 1, 29, 0]  	941	2 
[2, 7, 24, 0]  	943	3 
[1, 24, 12, 0]  	943	3 
[1, 0, 30, 0]  	949	2 
[0, 1, 30, 0]  	953	1 
[0, 16, 19, 0]  	957	1 
[0, 35, 5, 0]  	960	2 
[0, 0, 31, 0]  	961	1  <--- 3
[1, 41, 0, 0]  	962	3 
[1, 21, 15, 0]  	967	3 
[0, 18, 18, 0]  	972	1 
[0, 4, 29, 0]  	991	1 
[0, 38, 4, 0]  	998	2 
[0, 21, 17, 0]  	1010	1 
[0, 7, 28, 0]  	1029	1 
[0, 41, 3, 0]  	1036	2 
[0, 24, 16, 0]  	1048	1 
[0, 10, 27, 0]  	1067	1 
[0, 47, 0, 0]  	1081	1  <--- 2
[0, 27, 15, 0]  	1086	1 
[0, 13, 26, 0]  	1105	1 
[10, 2, 5, 1]  	391	5 
[20, 1, 0, 1]  	403	5 
[14, 14, 1, 1]  	619	8 
[13, 14, 2, 1]  	631	4 
[10, 19, 2, 1]  	689	7 
[7, 22, 2, 1]  	701	8 
[8, 23, 1, 1]  	712	7 
[6, 9, 13, 1]  	724	7 
[10, 22, 1, 1]  	727	7 
[19, 0, 12, 1]  	733	8 
[12, 22, 0, 1]  	734	7 
[5, 11, 13, 1]  	751	7 
[19, 18, 0, 1]  	775	7 
[18, 19, 0, 1]  	779	7 
[3, 29, 2, 1]  	786	5 
[3, 0, 24, 1]  	801	5 
[3, 17, 12, 1]  	820	5 
[2, 18, 12, 1]  	824	4 
[4, 9, 18, 1]  	841	5 
[3, 21, 10, 1]  	850	4 
[3, 28, 5, 1]  	856	5 
[3, 20, 11, 1]  	858	4 
[2, 29, 5, 1]  	860	4 
[2, 31, 4, 1]  	875	5 
[2, 7, 22, 1]  	881	3 
[1, 15, 17, 1]  	891	3 
[1, 38, 0, 1]  	893	3 
[2, 9, 21, 1]  	896	3 
[2, 1, 27, 1]  	898	4 
[1, 14, 18, 1]  	899	3 
[1, 10, 21, 1]  	900	2 
[2, 12, 19, 1]  	903	3 
[2, 0, 28, 1]  	906	4 
[1, 12, 20, 1]  	915	2 
[0, 31, 7, 1]  	930	2 
[12, 14, 2, 2]  	612	7 
[13, 0, 13, 2]  	650	7 
[12, 0, 14, 2]  	662	6 
[9, 26, 0, 2]  	769	6 
[5, 0, 23, 2]  	808	5 
[5, 7, 18, 2]  	814	5 
[4, 3, 22, 2]  	827	5 
[3, 12, 16, 2]  	829	5 
[3, 4, 22, 2]  	831	4 
[3, 3, 23, 2]  	839	4 
[3, 6, 21, 2]  	846	4 
[2, 4, 24, 2]  	874	4 
[2, 10, 20, 2]  	888	3 
[1, 31, 6, 2]  	918	3 
[1, 27, 9, 2]  	919	2 
[1, 29, 8, 2]  	934	2 
[1, 35, 4, 2]  	948	3 
[1, 4, 28, 2]  	979	2 
[11, 0, 14, 3]  	643	7 
[8, 26, 0, 3]  	750	7 
[0, 44, 0, 3]  	1012	2 
[1, 7, 27, 6]  	1017	2 
[0, 24, 15, 93]  	1017	1 
[10, 20, 1, 97]  	681	6 
[7, 12, 10, 97]  	719	6 
[0, 13, 20, 97]  	919	1 
[0, 15, 19, 97]  	934	1 
[10, 17, 2, 98]  	643	6 
[12, 17, 1, 98]  	650	5 
[12, 20, 0, 98]  	688	7 
[5, 1, 20, 98]  	738	4 
[5, 4, 19, 98]  	776	5 
[4, 4, 20, 98]  	788	5 
[3, 7, 19, 98]  	807	2 
[3, 10, 17, 98]  	814	4 
[2, 23, 9, 98]  	846	2 
[1, 21, 12, 98]  	874	3 
[1, 0, 29, 98]  	918	2 
[0, 21, 15, 98]  	948	1 
[8, 5, 4, 99]  	391	4 
[9, 2, 6, 99]  	403	4 
[7, 8, 5, 99]  	472	4 
[6, 0, 16, 99]  	610	6 
[10, 17, 1, 99]  	612	5 
[7, 5, 14, 99]  	682	6 
[5, 25, 1, 99]  	701	6 
[5, 8, 14, 99]  	713	6 
[4, 12, 12, 99]  	724	4 
[4, 28, 1, 99]  	751	5 
[4, 4, 19, 99]  	757	3 
[3, 31, 0, 99]  	770	3 
[1, 32, 1, 99]  	786	2 
[3, 24, 6, 99]  	795	2 
[1, 34, 0, 99]  	801	2 
[2, 20, 10, 99]  	808	3 
[0, 23, 9, 99]  	808	1 
[0, 21, 11, 99]  	824	1 
[2, 29, 4, 99]  	829	4 
[0, 32, 3, 99]  	829	2 
[2, 14, 16, 99]  	856	4 
[1, 7, 22, 99]  	862	2 
[1, 9, 21, 99]  	877	2 
[1, 27, 8, 99]  	888	2 
[0, 13, 19, 99]  	888	1 
[0, 0, 29, 99]  	899	1 
[1, 29, 7, 99]  	903	2 
[0, 29, 8, 99]  	915	1 
[1, 4, 27, 99]  	948	2 
[0, 7, 27, 99]  	998	1 
------
The gap is between 7 and 92.
Lengths: 3 3 5 5 3 4.
For 982 = 5*d/2-d1-d2-d3 you get 3 in char 0.
1*x^1*y^23*z^14
1*y^40*z^2
1*y^9*z^25

For 560 = 3*d/2-d1-d2-d3 you get 5 in char 0.
1*x^5*z^15
1*x^3*y^3*z^14
1*x^2*y^20*z^2
1*x^1*y^6*z^13
1*y^23*z^1

For 138 = d/2-d1-d2-d3 you get 3 in char 0.
1*x^4*z^2
1*x^2*y^3*z^1
1*y^6

Extra powers of p used 3.
The invariant extra is equal to 5.
Start computing 3^3 Delta^1 (x1x2x3)^2... Done.
Start computing 3^4 Delta^2 (x1x2x3)^2... Done.
Start computing 3^5 Delta^3 (x1x2x3)^2... Done.
Start computing 3^6 Delta^4 (x1x2x3)^2... Done.
Start computing 3^7 Delta^5 (x1x2x3)^2... Done.
Start computing 3^8 Delta^6 (x1x2x3)^2... Done.
Start computing 3^9 Delta^7 (x1x2x3)^2... Done.
Start computing 3^10 Delta^8 (x1x2x3)^2... Done.
Start computing 3^11 Delta^9 (x1x2x3)^2... Done.
Start computing 3^12 Delta^10 (x1x2x3)^2... Done.
Start computing aa.
1 2 3 4 5 6 7 8 9 10 11 
*/
A = \
[3877994718306089644524822205367658594089170077,740677413101217771017369865437908785100220493,6514348711987196339468120960501934330146108871,8542574510184207296520949426890143091892645782,6645209860396820540900319216347132083732273713,12811778589328797567780125257409674802127836730,5593269119233113218252721020029742344602149937,10437192674706471316758884495043065813408500329,2620507682774526478831366138906360412066730810,614930359233604076883991238109428677679016426,13801860645798970431346720301800039373082729273;\
5588989502653980225224680615044779390348395224,11533048825211286046235299133151387809998576941,18665433521379570369684973792447954966585119687,744020399858870655151697942425675153347826662,1589771253289744690517517969856205086903531098,10822597052909938727625590100351057677343044205,4579650202845310946031631362616659887859653919,18858359417505024573954387125553290529295722195,9909099496156726504629249449868901618073277543,14139764811897480755952707317339701451943974827,17349680859468550366692308912954783857013455485;\
6501931952975747027721771057059591619505133667,11698792059630718351683767767459244973790026501,7489536674351068413742114343146730495488917327,14314602583950870374342307616143250692545723370,2946979192442105063125807244572442060686542894,2077841434961878823380237425890775780399024363,16324292735108999304494753778881628416006029527,4911955296696544195012050308759549866709083029,5493506203287352109359628086044194497954050795,14873078780002691305115100482197453597049456181,11902892253245898328941337266916282279509702015;\
6501819073060347102092764464696544791185076633,15902080445669452961563737451335365246312344952,18047577033162998358982813501156541434408770163,3193047249609713451327240559411528584424476885,11545715832170815944389559724892184608104565094,10752970785412522154492034683310418874162217555,856265636786550264545771986366731550165277649,2105312731167422030039270983248534275876898381,13195280447520079740245997595013865457435477032,12307872476590190101554467222126858784564450042,1163947105829935834686563002264642478891707305;\
8879190816802191968886542433175415041702781157,2578022879915046869417428538648520272700539764,10781097197225024513667715333942609656248651582,11093074773086444768757022577456065190305960212,16439183455759936734424869189016400340514150338,18760878913604562943687212695597658385902610110,8018889410468725505054795474427258395727176043,13439925418686319965641445933329533347680060520,17049131284428278205206652863727640480608031701,17000111722221707233962996461298403133848229004,18913917259376835731068767044008425310554843996;\
13992220044510240125834403009559607255387910177,773534361906972872359808685974331194542713256,2389478988408032753160984214524418831421879342,7275293654494265676202185220497771803417899656,14585874594162161552012220911521454597435431176,15541332041161478190007918378197183500623141014,810074388963049483409184910810323952169794701,8179035349221375643027804398727669631433108972,9381180928274498281234865675464610972703028224,10730911369141164824636860673995416691662493092,9846438167104812577156548533164393340879012385;\
2284677754471205921186592258605445792178699677,16484240846637946998571361539892509741874554130,17561413007569226449577515912625051954496004579,15857754494743325183531595147031044124628920245,8920879596007649499539062250591111671861318443,10620644335877737161720926530596733726703040513,13088412678180449591241096584363233573424321802,14052017387072584645025256671971167729776891826,9765726339507816650787492776308023301415565099,4678338099545067284527449560952102972968596365,6426358708257366098058925837560814223067185061;\
10656551217701907585856662692158120208118655107,4190714082857941097833943031768035569301078812,3313484863168548755231993557027092209540996396,7565523954199961214616496610104466312574979454,8564166363734243520996625852559492287049159523,12237934017887829375881963786235383735821122534,3703263711053611385427743071605560926877478657,4646140188116353348039368897544788956337798408,1446439736559938255718830987184531690779408418,16027626031850762317621089518522475483149320674,4111599980033609422966464905713708859101867344;\
5269567947640516709435363839906231593944516601,3646391685431847791000031426269444731844337480,2247982982770482102613341156642228311528509824,3595437509619932734655418712701631922259419382,2998409062274985709470479641943501318367678516,3016666532464661304136956291485306470564324851,2886653656309825316057210020076074843353460875,2985150323137717616656957920899969981716684953,2516682433742390201570968637850682059828258660,5615839366508293185704035924539802553268983157,2955489087803332048410302102562505925447220588;\
11082504726265572517534722066226784882456215866,10953830372780436491049586093201827437773255345,255216481233010071930769123512636245829834515,4066033029980356876939045079087619050668403181,8930949010439570987264856573862128066093956853,6064268535182072661693805225283797699541012721,16941960719794906850112461600565244953892031757,14200472312392364248177071831439820228162416110,13177255818665927391093721019888101305783818352,3527390749123548349545657960811651961446611039,2844997236718825337365915169067373136681858676;\
4040396277089169669367872916694444089366738629,11738947345074547877143843949659399446504101556,11354801261260060572187964532663706462641820011,13326807570488882450228452243412663194673078046,7001597166194613128383700565043276421249737950,14119949840950033079684168626339638203276776119,18547741090369374642355531635602183473041587751,7191804459092009606554413325747027193321643252,10237473274740653330942208232082674909531766688,12445726737511460665534542853662717915332993616,7326789911089042932776323935063734658973025787]
/* 
This matrix times 3^(-2) should be the matrix of frobenius.
*/ 
B = 3^(-2) * A; 
/* Freed 30 lists. */
