/* Comments begin... 
Coefficient of   x^21 * y^1               = 1
Coefficient of   x^10 * y^2 * z^6         = 0
Coefficient of   x^8 * y^5 * z^5         = -1
Coefficient of   x^6 * y^8 * z^4         = -1
Coefficient of   x^4 * y^11 * z^3         = 0
Coefficient of   x^2 * y^14 * z^2         = 1
Coefficient of   x^1 * z^13               = 1
Coefficient of   y^17 * z^1               = -1

Here is the polynomial we're using this time:

1*x^21*y^1 + -1*x^8*y^5*z^5 + -1*x^6*y^8*z^4 + 1*x^2*y^14*z^2 + 1*x^1*z^13 + -1*y^17*z^1

Allocate G_len 20 elements and old = 0.
Allocate M_len = 400 elements.
Allocate G_len 40 elements and old = 20.
Allocate M_len = 800 elements.
Allocate G_len 80 elements and old = 40.
Allocate M_len = 1600 elements.
Allocate M_len = 3200 elements.
Allocate G_len 160 elements and old = 80.
Allocate M_len = 6400 elements.
Allocate M_len = 12800 elements.
Allocate G_len 320 elements and old = 160.
Allocate M_len = 25600 elements.
Allocate M_len = 51200 elements.
The final length of G is 223
[8, 5, 4, 0]  	391	5 
[21, 0, 0, 0]  	399	5  <--- 1
[6, 8, 4, 0]  	422	4 
[6, 11, 3, 0]  	460	6 
[19, 8, 3, 0]  	638	5 
[15, 14, 2, 0]  	669	4 
[17, 14, 1, 0]  	676	5 
[12, 17, 2, 0]  	681	9 
[14, 0, 14, 0]  	700	9 
[7, 22, 2, 0]  	701	7 
[11, 3, 14, 0]  	712	8 
[10, 20, 2, 0]  	712	8 
[5, 25, 2, 0]  	732	7 
[14, 3, 13, 0]  	738	7 
[6, 26, 1, 0]  	743	7 
[20, 0, 12, 0]  	752	5 
[8, 25, 1, 0]  	758	8 
[3, 28, 2, 0]  	763	5 
[17, 3, 12, 0]  	764	7 
[11, 23, 1, 0]  	769	6 
[5, 28, 1, 0]  	770	7 
[20, 17, 0, 0]  	771	2 
[4, 29, 1, 0]  	774	6 
[15, 20, 1, 0]  	776	6 
[5, 11, 14, 0]  	782	5 
[5, 14, 12, 0]  	789	7 
[4, 15, 12, 0]  	793	6 
[7, 29, 0, 0]  	800	7 
[3, 31, 1, 0]  	801	5 
[3, 15, 13, 0]  	805	5 
[2, 32, 1, 0]  	805	5 
[7, 5, 18, 0]  	806	5 
[5, 8, 17, 0]  	806	5 
[4, 25, 5, 0]  	806	6 
[5, 31, 0, 0]  	808	6 
[16, 22, 0, 0]  	810	10 
[15, 23, 0, 0]  	814	8 
[5, 18, 10, 0]  	819	6 
[3, 17, 12, 0]  	820	5 
[2, 18, 12, 0]  	824	4 
[8, 1, 21, 0]  	826	5 
[6, 4, 20, 0]  	826	5 
[5, 21, 8, 0]  	826	6 
[5, 17, 11, 0]  	827	6 
[4, 18, 11, 0]  	831	5 
[8, 0, 22, 0]  	834	5 
[6, 3, 21, 0]  	834	5 
[5, 20, 9, 0]  	834	6 
[7, 1, 22, 0]  	838	4 
[5, 4, 21, 0]  	838	4 
[4, 21, 9, 0]  	838	5 
[5, 0, 24, 0]  	839	4 
[3, 34, 0, 0]  	839	4 
[10, 0, 21, 0]  	841	5 
[8, 3, 20, 0]  	841	5 
[6, 6, 19, 0]  	841	5 
[5, 23, 7, 0]  	841	6 
[2, 35, 0, 0]  	843	4 
[13, 26, 0, 0]  	845	4 
[5, 7, 19, 0]  	845	4 
[4, 24, 7, 0]  	845	5 
[7, 0, 23, 0]  	846	4 
[5, 3, 22, 0]  	846	4 
[4, 20, 10, 0]  	846	5 
[3, 21, 10, 0]  	850	4 
[4, 0, 25, 0]  	851	5 
[5, 6, 20, 0]  	853	4 
[4, 23, 8, 0]  	853	5 
[3, 24, 8, 0]  	857	4 
[3, 20, 11, 0]  	858	4 
[2, 29, 5, 0]  	860	4 
[3, 27, 6, 0]  	864	4 
[3, 23, 9, 0]  	865	4 
[3, 7, 21, 0]  	869	3 
[2, 24, 9, 0]  	869	3 
[3, 26, 7, 0]  	872	4 
[2, 31, 4, 0]  	875	5 
[2, 27, 7, 0]  	876	3 
[2, 15, 16, 0]  	879	4 
[2, 7, 22, 0]  	881	3 
[2, 26, 8, 0]  	884	3 
[2, 14, 17, 0]  	887	4 
[3, 12, 18, 0]  	891	3 
[1, 15, 17, 0]  	891	3 
[2, 13, 18, 0]  	895	3 
[2, 9, 21, 0]  	896	3 
[1, 14, 18, 0]  	899	3 
[1, 10, 21, 0]  	900	2 
[2, 12, 19, 0]  	903	3 
[1, 13, 19, 0]  	907	2 
[1, 32, 5, 0]  	910	3 
[1, 12, 20, 0]  	915	2 
[1, 31, 6, 0]  	918	3 
[1, 27, 9, 0]  	919	2 
[1, 18, 16, 0]  	929	3 
[0, 31, 7, 0]  	930	2 
[1, 29, 8, 0]  	934	2 
[2, 0, 29, 0]  	937	3 
[0, 30, 8, 0]  	938	1 
[1, 1, 29, 0]  	941	2 
[1, 24, 12, 0]  	943	3 
[0, 1, 30, 0]  	953	1 
[0, 16, 19, 0]  	957	1 
[0, 35, 5, 0]  	960	2 
[0, 0, 31, 0]  	961	1  <--- 3
[1, 41, 0, 0]  	962	2 
[0, 18, 18, 0]  	972	1 
[0, 4, 29, 0]  	991	1 
[0, 21, 17, 0]  	1010	1 
[0, 44, 0, 0]  	1012	2  <--- 2
[1, 7, 27, 0]  	1017	2 
[0, 7, 28, 0]  	1029	1 
[0, 24, 16, 0]  	1048	1 
[0, 41, 4, 0]  	1067	1 
[0, 10, 27, 0]  	1067	1 
[0, 27, 15, 0]  	1086	1 
[0, 13, 26, 0]  	1105	1 
[20, 1, 0, 1]  	403	5 
[4, 14, 3, 1]  	491	5 
[5, 0, 14, 1]  	529	6 
[18, 8, 3, 1]  	619	9 
[14, 14, 2, 1]  	650	8 
[16, 14, 1, 1]  	657	8 
[13, 3, 13, 1]  	719	8 
[4, 11, 13, 1]  	732	6 
[19, 0, 12, 1]  	733	8 
[10, 23, 1, 1]  	750	7 
[14, 20, 1, 1]  	757	7 
[4, 10, 15, 1]  	771	5 
[19, 18, 0, 1]  	775	8 
[6, 29, 0, 1]  	781	6 
[3, 14, 13, 1]  	782	5 
[13, 22, 1, 1]  	784	9 
[4, 31, 0, 1]  	789	6 
[3, 32, 0, 1]  	793	5 
[14, 23, 0, 1]  	795	8 
[3, 0, 24, 1]  	801	5 
[3, 11, 16, 1]  	806	5 
[11, 26, 0, 1]  	807	7 
[4, 1, 23, 1]  	812	5 
[4, 4, 21, 1]  	819	5 
[4, 7, 19, 1]  	826	5 
[4, 3, 22, 1]  	827	5 
[3, 4, 22, 1]  	831	4 
[4, 6, 20, 1]  	834	5 
[3, 7, 20, 1]  	838	4 
[3, 3, 23, 1]  	839	4 
[4, 9, 18, 1]  	841	5 
[3, 10, 18, 1]  	845	4 
[3, 6, 21, 1]  	846	4 
[3, 9, 19, 1]  	853	4 
[2, 21, 11, 1]  	862	3 
[2, 4, 24, 1]  	874	4 
[2, 23, 10, 1]  	877	3 
[2, 10, 20, 1]  	888	3 
[1, 38, 0, 1]  	893	3 
[2, 1, 27, 1]  	898	4 
[2, 0, 28, 1]  	906	4 
[0, 32, 6, 1]  	922	2 
[1, 35, 4, 1]  	948	3 
[1, 4, 28, 1]  	979	2 
[0, 38, 4, 1]  	998	2 
[0, 41, 3, 1]  	1036	2 
[16, 0, 13, 2]  	707	4 
[12, 22, 1, 2]  	765	8 
[10, 26, 0, 2]  	788	7 
[12, 25, 0, 2]  	803	9 
[9, 28, 0, 2]  	815	8 
[2, 28, 6, 2]  	868	4 
[1, 30, 7, 2]  	926	2 
[1, 0, 30, 2]  	949	2 
[15, 0, 13, 3]  	688	7 
[8, 28, 0, 3]  	796	7 
[1, 21, 15, 4]  	967	3 
[3, 9, 18, 95]  	822	4 
[4, 26, 2, 96]  	736	5 
[3, 12, 14, 96]  	767	4 
[3, 27, 3, 96]  	771	4 
[4, 6, 19, 96]  	803	5 
[3, 6, 20, 96]  	815	4 
[0, 38, 3, 96]  	967	2 
[4, 23, 2, 97]  	667	5 
[3, 9, 14, 97]  	698	4 
[3, 6, 19, 97]  	784	4 
[4, 3, 21, 97]  	796	5 
[1, 14, 17, 97]  	868	3 
[0, 16, 18, 97]  	926	1 
[4, 20, 2, 98]  	598	5 
[3, 6, 14, 98]  	629	4 
[14, 17, 1, 98]  	688	6 
[5, 26, 1, 98]  	724	6 
[15, 3, 12, 98]  	726	7 
[3, 29, 1, 98]  	755	5 
[4, 3, 20, 98]  	765	4 
[14, 22, 0, 98]  	772	6 
[2, 31, 1, 98]  	782	4 
[2, 15, 13, 98]  	786	4 
[2, 17, 12, 98]  	801	4 
[2, 29, 4, 98]  	829	3 
[3, 23, 8, 98]  	834	4 
[1, 7, 22, 98]  	862	2 
[1, 9, 21, 98]  	877	2 
[0, 7, 27, 98]  	998	1 
[0, 24, 15, 98]  	1017	1 
[7, 5, 5, 99]  	403	3 
[1, 17, 2, 99]  	472	2 
[3, 3, 14, 99]  	560	4 
[4, 25, 1, 99]  	682	5 
[2, 28, 1, 99]  	713	3 
[2, 14, 12, 99]  	732	4 
[1, 14, 13, 99]  	744	2 
[1, 31, 1, 99]  	763	2 
[3, 31, 0, 99]  	770	5 
[1, 34, 0, 99]  	801	2 
[1, 7, 21, 99]  	831	1 
[1, 12, 18, 99]  	853	1 
[2, 0, 27, 99]  	875	4 
[0, 0, 29, 99]  	899	1 
[0, 30, 7, 99]  	907	1 
[0, 35, 4, 99]  	929	1 
[1, 4, 27, 99]  	948	2 
[0, 21, 15, 99]  	948	1 
[0, 7, 26, 99]  	967	1 
------
The gap is between 5 and 94.
Lengths: 3 3 5 7 3 4.
For 982 = 5*d/2-d1-d2-d3 you get 3 in char 0.
1*x^1*y^23*z^14
1*y^40*z^2
1*y^9*z^25

For 560 = 3*d/2-d1-d2-d3 you get 5 in char 0.
1*x^14*y^2*z^8
1*x^3*y^3*z^14
1*x^2*y^20*z^2
1*x^1*y^6*z^13
1*y^23*z^1

For 138 = d/2-d1-d2-d3 you get 3 in char 0.
1*x^4*z^2
1*x^2*y^3*z^1
1*y^6

Extra powers of p used 2.
The invariant extra is equal to 5.
Start computing 3^3 Delta^1 (x1x2x3)^2... Done.
Start computing 3^4 Delta^2 (x1x2x3)^2... Done.
Start computing 3^5 Delta^3 (x1x2x3)^2... Done.
Start computing 3^6 Delta^4 (x1x2x3)^2... Done.
Start computing 3^7 Delta^5 (x1x2x3)^2... Done.
Start computing 3^8 Delta^6 (x1x2x3)^2... Done.
Start computing 3^9 Delta^7 (x1x2x3)^2... Done.
Start computing 3^10 Delta^8 (x1x2x3)^2... Done.
Start computing 3^11 Delta^9 (x1x2x3)^2... Done.
Start computing 3^12 Delta^10 (x1x2x3)^2... Done.
Start computing aa.
1 2 3 4 5 6 7 8 9 10 11 
*/
A = \
[1249866716264506676293280076988122250999990149,40431300532843085025242395223758204284057534933,28913573328824083263287130985703165782378238583,30000188693793602879661236933714771137006158570,39513274736253449995080054677626922531410479441,49523251254861893000096522802465403562213168391,57213447490922151440896068731001158391985243125,51724318970736850224972754564380761650540525944,50628946261524231244916889231110252422533944703,19005722243458560928084219977378902504601946176,53202200309087756707667572921229890499505956682;\
24171433219083886793921267986983384203764159959,52005123084584346225746412814366587429266559207,14315385429105659269554930317594779887236770911,54095496666782626427922827859707011070617528143,50646305091917217207475467765887335272342859158,8782641722437737380358529718012385548177382501,27471769589857314892848216008657959218840955641,25136878857894601923660874026290076959801515692,36921570998550689671255024153956036013431630114,31995993509211444625026547055995504372992766872,3862952779587046034229598642123317499638094725;\
35877346119174276919308596181209143773484299039,31033048231492253282070267235414853435671796667,27171597253396052423193108990139816794970511013,22094077195283019280742672207194121785090844154,35352272413808776750289110185590834967645023403,48546191832417796736435509198009275214064541804,26494115748730922472634450037296989574242579981,19274776071176650186734217302925648625297357412,52492637876956130760524138554278208806134147814,27439836968144392130504919887233758850514713461,22164775280900232604335832856540470515177383610;\
1843327479237541802449985519333002037600319384,4889139618271740399140113068009815750568267879,6166439019336499096693274773860601271215082043,16853566013741133793022463358381739178329262498,7916189085941548640978538926593354736950700862,13167813651279187236662613245163724507658174712,3542131028368837721876867689296265009167298410,9713401356356383231928094083157992872202163432,2007529717527516994595562938038756300295357778,11903335224876307743743707968436981311810428100,10895750739099578761578864124763407031260474497;\
42767033455835903199402678365475170649463655067,10551619784789198576769613778414492017643748273,5047842608886159447918420323377485960397312002,49377226575724515692402826818021192504802701622,18197150088189149760695843490440923280657512953,660582596632793901625524985543570963849275384,13072555032199756076581975392621888821615382150,5058193486205765348606795392762013564737177131,28457799141329250203036092168953267071798157921,34313019187945037795790908808347724215810187360,16309034761329184442159694804400236234372166206;\
38174279481152393733050261049471594993121809256,38645117026801927736280114066335199785630567470,55704205670171358126717485056519402804019697608,21038613327815918899327068413499535954716145380,24704706053636718484052225614015645133187054249,1672351659256687305456175782630775628393697813,5701592039873288260886874262305707483866009257,50765835589833443011235918516149802036083772478,13876781008387065641419572975586190804843396706,53002034489703103266537606112406582268703779000,50263493639046994485060030389310121986393868758;\
41632442240290625753613431576621506595197138555,11410586358430496568545878991690917093662422242,23462657871812346975068620967179537887216454757,30928260029885590810839561236734225799257685610,43770604543567057834304356251485960326265135997,29934714734494858660449374998741423308270747762,49345516831992326549621847142460313360089528439,21194420897342627185422261629767881081817728486,29753952327492220563873829472879615475827359893,1360689094467617023028670106186218573060309135,5550521055764440301272241513620345901507385816;\
35221879793791449826897900281445350164582106612,26919137484671419961164656033051100695809980110,3136545377070948775687848336412023805479032655,9184716464284382293707620907460818628492902963,53831842255620730957531344040977321496372250211,2542753900859543153614993019183568219750327567,7633291643617435915124843614796028144570841302,143241805400996008921263476772076717107970233,47750157996481517234445141629824467009826414704,2731405328606629907698938640182660661927718715,48442633883885840793235237095578914093595789688;\
470389084833350269034079439564237558269033861,32219641474871559921706032838534257404343174255,19362689124912471536477613742760748439261266765,55471244586735156643795353894425129272675822251,19337930702287086349201515336102466459819638396,2705934407696745526352073842142280983233941617,19327575619935171364104729238913405155075359735,40816203660374069883857914205639319431028443895,16158978893920677376654831633491929205063641445,20143380771770403395496834429550443745282532583,17488127014888057615934723566076278089982964256;\
10154185387716700938026491964271008636452799465,19708209471757294097998420557473866803505969226,27025757529889328048949365394880165829555842999,5771182652608170498207049670090950441170331821,33094342014301405422613070859743098549778860011,45081685170770842345217725148750853542639551881,50017563241941924022692365398517146433553831831,24241811179492280816539135543197103647408264414,46754355320542005873133245770615154937536667392,41168155028769570777558188806576541264928640794,3162340619797329805093271215311104760285446508;\
509330637165375329586344789005779457979485129,11310089088385213234205418903319270987085821633,36359397804929499423695209680396576824000703587,11072868687680908080924067453848468981402433677,51561560666450528272233490866125344526857569426,56073989838944936200696428205563595523215204761,23521851716790964639913409902064973709113214820,48033885089622217221424033645039674776835006456,8961604042100500856359722977113067782888908159,33667275144585901278106430469804890998837490247,48728037211253999630443335189978182050917818148]
/* 
This matrix times 3^(-3) should be the matrix of frobenius.
*/ 
B = 3^(-3) * A; 
/* Freed 30 lists. */
