/* Comments begin... 
Coefficient of   x^21 * y^1               = 1
Coefficient of   x^10 * y^2 * z^6         = 1
Coefficient of   x^8 * y^5 * z^5         = 0
Coefficient of   x^6 * y^8 * z^4         = -1
Coefficient of   x^4 * y^11 * z^3         = 1
Coefficient of   x^2 * y^14 * z^2         = -1
Coefficient of   x^1 * z^13               = 0
Coefficient of   y^17 * z^1               = 1

Here is the polynomial we're using this time:

1*x^21*y^1 + 1*x^10*y^2*z^6 + -1*x^6*y^8*z^4 + 1*x^4*y^11*z^3 + -1*x^2*y^14*z^2 + 1*y^17*z^1

Allocate G_len 20 elements and old = 0.
Allocate M_len = 400 elements.
Allocate G_len 40 elements and old = 20.
Allocate M_len = 800 elements.
Allocate G_len 80 elements and old = 40.
Allocate M_len = 1600 elements.
Not smooth!
Coefficient of   x^21 * y^1               = -1
Coefficient of   x^10 * y^2 * z^6         = 1
Coefficient of   x^8 * y^5 * z^5         = 1
Coefficient of   x^6 * y^8 * z^4         = -1
Coefficient of   x^4 * y^11 * z^3         = -1
Coefficient of   x^2 * y^14 * z^2         = -1
Coefficient of   x^1 * z^13               = 1
Coefficient of   y^17 * z^1               = -1

Here is the polynomial we're using this time:

-1*x^21*y^1 + 1*x^10*y^2*z^6 + 1*x^8*y^5*z^5 + -1*x^6*y^8*z^4 + -1*x^4*y^11*z^3 + -1*x^2*y^14*z^2 + 1*x^1*z^13 + -1*y^17*z^1

Allocate M_len = 3200 elements.
Allocate G_len 160 elements and old = 80.
Allocate M_len = 6400 elements.
Allocate M_len = 12800 elements.
Allocate G_len 320 elements and old = 160.
Allocate M_len = 25600 elements.
The final length of G is 210
[21, 0, 0, 0]  	399	7  <--- 1
[10, 2, 6, 0]  	422	6 
[8, 5, 5, 0]  	422	6 
[8, 8, 4, 0]  	460	7 
[6, 11, 4, 0]  	491	6 
[6, 14, 3, 0]  	529	7 
[5, 0, 15, 0]  	560	6 
[18, 5, 4, 0]  	581	12 
[15, 11, 3, 0]  	631	10 
[19, 8, 3, 0]  	638	7 
[12, 0, 14, 0]  	662	7 
[15, 14, 2, 0]  	669	7 
[9, 3, 14, 0]  	674	9 
[18, 14, 1, 0]  	695	9 
[13, 17, 2, 0]  	700	8 
[7, 22, 2, 0]  	701	8 
[9, 22, 1, 0]  	708	6 
[7, 8, 13, 0]  	720	8 
[6, 9, 13, 0]  	724	7 
[6, 8, 14, 0]  	732	8 
[5, 9, 14, 0]  	736	7 
[13, 20, 1, 0]  	738	6 
[7, 25, 1, 0]  	739	7 
[6, 26, 1, 0]  	743	7 
[17, 17, 1, 0]  	745	7 
[8, 26, 0, 0]  	750	7 
[6, 25, 2, 0]  	751	7 
[5, 11, 13, 0]  	751	7 
[20, 0, 12, 0]  	752	7 
[13, 22, 0, 0]  	753	6 
[5, 26, 2, 0]  	755	6 
[4, 12, 13, 0]  	755	6 
[5, 29, 0, 0]  	762	6 
[4, 11, 14, 0]  	763	6 
[16, 20, 0, 0]  	764	7 
[5, 28, 1, 0]  	770	6 
[4, 14, 12, 0]  	770	6 
[20, 17, 0, 0]  	771	2 
[4, 29, 1, 0]  	774	6 
[7, 28, 0, 0]  	777	6 
[4, 28, 2, 0]  	782	7 
[4, 20, 8, 0]  	784	5 
[3, 29, 2, 0]  	786	5 
[3, 32, 0, 0]  	793	5 
[19, 19, 0, 0]  	798	6 
[3, 31, 1, 0]  	801	5 
[3, 0, 24, 0]  	801	5 
[3, 15, 13, 0]  	805	5 
[2, 32, 1, 0]  	805	5 
[4, 17, 11, 0]  	808	5 
[4, 1, 23, 0]  	812	5 
[4, 4, 21, 0]  	819	5 
[3, 17, 12, 0]  	820	5 
[2, 18, 12, 0]  	824	4 
[4, 7, 19, 0]  	826	5 
[4, 3, 22, 0]  	827	5 
[4, 26, 5, 0]  	829	5 
[3, 4, 22, 0]  	831	4 
[4, 10, 17, 0]  	833	5 
[4, 6, 20, 0]  	834	5 
[3, 3, 23, 0]  	839	4 
[2, 35, 0, 0]  	843	4 
[3, 10, 18, 0]  	845	4 
[3, 6, 21, 0]  	846	4 
[3, 21, 10, 0]  	850	4 
[3, 9, 19, 0]  	853	4 
[3, 28, 5, 0]  	856	5 
[3, 24, 8, 0]  	857	4 
[3, 20, 11, 0]  	858	4 
[2, 29, 5, 0]  	860	4 
[3, 27, 6, 0]  	864	4 
[3, 23, 9, 0]  	865	4 
[2, 28, 6, 0]  	868	4 
[2, 24, 9, 0]  	869	3 
[3, 26, 7, 0]  	872	4 
[2, 4, 24, 0]  	874	4 
[2, 31, 4, 0]  	875	5 
[2, 27, 7, 0]  	876	3 
[2, 26, 8, 0]  	884	3 
[2, 10, 20, 0]  	888	3 
[2, 1, 27, 0]  	898	4 
[2, 12, 19, 0]  	903	3 
[2, 0, 28, 0]  	906	4 
[1, 13, 19, 0]  	907	2 
[1, 32, 5, 0]  	910	3 
[1, 27, 9, 0]  	919	2 
[0, 32, 6, 0]  	922	2 
[1, 30, 7, 0]  	926	2 
[0, 31, 7, 0]  	930	2 
[1, 29, 8, 0]  	934	2 
[0, 30, 8, 0]  	938	1 
[1, 1, 29, 0]  	941	2 
[1, 24, 12, 0]  	943	3 
[1, 35, 4, 0]  	948	3 
[1, 0, 30, 0]  	949	2 
[0, 1, 30, 0]  	953	1 
[0, 16, 19, 0]  	957	1 
[1, 18, 17, 0]  	960	2 
[0, 35, 5, 0]  	960	2 
[0, 0, 31, 0]  	961	1  <--- 3
[1, 41, 0, 0]  	962	2 
[1, 21, 15, 0]  	967	3 
[0, 18, 18, 0]  	972	1 
[1, 4, 28, 0]  	979	2 
[0, 4, 29, 0]  	991	1 
[0, 38, 4, 0]  	998	2 
[0, 21, 17, 0]  	1010	1 
[0, 44, 0, 0]  	1012	2  <--- 2
[0, 7, 28, 0]  	1029	1 
[0, 41, 3, 0]  	1036	2 
[0, 24, 16, 0]  	1048	1 
[0, 10, 27, 0]  	1067	1 
[0, 27, 15, 0]  	1086	1 
[0, 13, 26, 0]  	1105	1 
[10, 2, 5, 1]  	391	7 
[20, 1, 0, 1]  	403	7 
[14, 11, 3, 1]  	612	11 
[18, 8, 3, 1]  	619	11 
[11, 0, 14, 1]  	643	8 
[14, 14, 2, 1]  	650	10 
[19, 11, 2, 1]  	676	9 
[12, 17, 2, 1]  	681	9 
[8, 22, 1, 1]  	689	7 
[9, 20, 2, 1]  	693	8 
[16, 0, 13, 1]  	707	7 
[12, 20, 1, 1]  	719	7 
[16, 17, 1, 1]  	726	8 
[19, 0, 12, 1]  	733	8 
[12, 22, 0, 1]  	734	7 
[6, 28, 0, 1]  	758	7 
[5, 17, 9, 1]  	765	6 
[4, 26, 3, 1]  	767	6 
[19, 18, 0, 1]  	775	7 
[18, 19, 0, 1]  	779	7 
[3, 14, 13, 1]  	782	6 
[4, 31, 0, 1]  	789	6 
[4, 18, 10, 1]  	800	5 
[4, 24, 6, 1]  	814	5 
[3, 12, 16, 1]  	829	5 
[3, 11, 17, 1]  	837	5 
[3, 7, 20, 1]  	838	4 
[2, 21, 11, 1]  	862	3 
[2, 23, 10, 1]  	877	3 
[1, 38, 0, 1]  	893	3 
[1, 10, 21, 1]  	900	2 
[1, 12, 20, 1]  	915	2 
[1, 31, 6, 1]  	918	3 
[1, 15, 18, 1]  	922	2 
[1, 18, 16, 1]  	929	3 
[1, 7, 27, 1]  	1017	2 
[18, 11, 2, 2]  	657	10 
[15, 0, 13, 2]  	688	8 
[7, 6, 14, 2]  	705	8 
[5, 25, 2, 2]  	732	7 
[5, 24, 4, 2]  	771	6 
[5, 15, 11, 2]  	781	6 
[5, 21, 7, 2]  	795	6 
[4, 25, 5, 2]  	806	6 
[5, 23, 6, 2]  	810	6 
[4, 23, 7, 2]  	822	5 
[4, 9, 18, 2]  	841	5 
[2, 7, 22, 2]  	881	3 
[2, 13, 18, 2]  	895	3 
[2, 9, 21, 2]  	896	3 
[1, 14, 18, 2]  	899	3 
[2, 15, 16, 3]  	879	4 
[2, 14, 17, 3]  	887	4 
[1, 15, 17, 3]  	891	3 
[3, 26, 6, 96]  	841	4 
[1, 32, 4, 97]  	879	3 
[1, 0, 28, 97]  	887	2 
[0, 32, 5, 97]  	891	2 
[6, 23, 2, 98]  	705	7 
[7, 9, 12, 98]  	712	7 
[4, 11, 13, 98]  	732	6 
[3, 28, 2, 98]  	763	5 
[4, 10, 15, 98]  	771	5 
[4, 1, 22, 98]  	781	4 
[4, 7, 18, 98]  	795	5 
[4, 9, 17, 98]  	810	5 
[3, 9, 18, 98]  	822	4 
[1, 24, 10, 98]  	881	2 
[1, 30, 6, 98]  	895	2 
[1, 26, 9, 98]  	896	2 
[0, 31, 6, 98]  	899	2 
[8, 5, 4, 99]  	391	5 
[9, 2, 6, 99]  	403	5 
[7, 8, 5, 99]  	472	3 
[4, 0, 15, 99]  	541	4 
[16, 14, 1, 99]  	657	8 
[6, 22, 2, 99]  	682	7 
[12, 20, 0, 99]  	688	6 
[7, 23, 1, 99]  	693	5 
[5, 8, 14, 99]  	713	5 
[7, 26, 0, 99]  	731	4 
[2, 28, 2, 99]  	744	4 
[2, 31, 1, 99]  	782	4 
[3, 4, 21, 99]  	800	2 
[3, 11, 16, 99]  	806	5 
[2, 27, 5, 99]  	814	2 
[3, 21, 9, 99]  	819	4 
[0, 31, 4, 99]  	837	2 
[2, 24, 8, 99]  	838	2 
[0, 24, 10, 99]  	862	1 
[1, 30, 5, 99]  	864	2 
[2, 0, 27, 99]  	875	4 
[0, 26, 9, 99]  	877	1 
[0, 29, 8, 99]  	915	1 
[0, 1, 29, 99]  	922	1 
[0, 18, 17, 99]  	941	1 
------
The gap is between 4 and 95.
Lengths: 3 3 5 5 3 3.
For 982 = 5*d/2-d1-d2-d3 you get 3 in char 0.
1*x^1*y^23*z^14
1*y^40*z^2
1*y^9*z^25

For 560 = 3*d/2-d1-d2-d3 you get 5 in char 0.
1*x^4*y^17*z^3
1*x^3*y^3*z^14
1*x^2*y^20*z^2
1*x^1*y^6*z^13
1*y^23*z^1

For 138 = d/2-d1-d2-d3 you get 3 in char 0.
1*x^4*z^2
1*x^2*y^3*z^1
1*y^6

Extra powers of p used 0.
The invariant extra is equal to 5.
Start computing 3^3 Delta^1 (x1x2x3)^2... Done.
Start computing 3^4 Delta^2 (x1x2x3)^2... Done.
Start computing 3^5 Delta^3 (x1x2x3)^2... Done.
Start computing 3^6 Delta^4 (x1x2x3)^2... Done.
Start computing 3^7 Delta^5 (x1x2x3)^2... Done.
Start computing 3^8 Delta^6 (x1x2x3)^2... Done.
Start computing 3^9 Delta^7 (x1x2x3)^2... Done.
Start computing 3^10 Delta^8 (x1x2x3)^2... Done.
Start computing 3^11 Delta^9 (x1x2x3)^2... Done.
Start computing 3^12 Delta^10 (x1x2x3)^2... Done.
Start computing aa.
1 2 3 4 5 6 7 8 9 10 11 
*/
A = \
[6019546808751638836269242177232305387196404280,4442991222635584549256368070671896178533836967,3604085334341496857229718990964600417843898762,675013358065825101765096542731844629862498421,186846097505660687465843292089642398808017269,6117765615839167827671727287058908841189878070,4130792126651153490448303042763692250710389213,1829717513150706800570775191392533665294893017,1438267986156282074851330290027115403040425580,5030435098146359896097356649468343462902978175,2004118457295281051046564309487239498529868328;\
4380417873873165569136785700095284037286848064,2634643767235309718018364741675146026739487069,2098797804395429941402523307114320487227589537,227521164694042748340437056092326747955454218,4957144060135943749713199738765402755281356224,458813536271333157801721602791855177695406322,4059273570598406042118265294708631599232340774,5991583680132328086338550138167004011317749483,2325498692413725106276581425829465706605192342,4429441549384965887886052795526958198763544232,5076204618807067720220017866345713364690678495;\
789745820485068919148281551391024850555432817,5611251743881382276100653060436469943153401077,254889247633190672166896431449287868379385976,277620411018502614506467947083485906368822777,3733954453701122602186378820758137940163612943,2681349160786473687300442028040001974400089501,6022068981997939767424196832626275094963167905,403162456150699943419811989047438629303939820,215155759351547627074275566134022162965342530,2595670929366164008271718075360991236142636020,746221975108505424879673884773594218246085823;\
6100367798854565454914323605957863858846848211,5891124707091810721686051320356451109647726556,5161417282621213794424889370504937446834321452,3621049913402031351910833056838693524216665536,1656240939072584888493143106670737342125636109,4459334149467950720682005903225523105547165746,4067240390428464706696515456700983483372903162,714706773529001968439894179321265772786805119,1411658951767876451871757358308873050240507615,998867495448442342476852896530221658174518858,1132021306878876612187327674280372567500889101;\
4202254607156240824565291408798308781903781317,1742100855790345253291580750990529161196441685,1798590085160641372016671544692847454433026043,4933590520699122812927565193466051771613942108,6021803762121349200097042636964512828868787978,912963341959800540290202474500249902610495475,80014287400513455474952096145137014309150861,6216463711955224148848778858710675895520037461,5334917980328532253006234341004371426866745813,3008118355062873313164492139256985527155600134,2992435532481398482045315788791173065886874895;\
2613448996986949429991944618828916643075234644,170575035557330469613957765082701686112216666,179601058763529424474357500154359435487001986,4966775416471985133042022648484151793175145297,4254437071589298214966309508806828742964045759,4785087391483384090649774998322435398698087012,2682476391144330142017692361818820921808763472,3179987273228033316104495068656735436167194643,5080957494338473562742503196840999205633808454,5011741827137654806586023186714130284644337395,3603194632537890624498913442238003076042312608;\
3985970349053547810196121706868273174927150893,3506684037987498712918796866393227149096584361,894310929172059373414510648661219711401414395,2995710425527230901105635933182011797229893372,2251048546820589179682346225230280277432513898,5377838098390998440254114833741209348736280233,881140510114059588854511599877940693726601952,3410216278578922522030724170825732898952594606,2013808994440766795898860141773416955557806874,6302642890654851421970901667659173968145870250,1998909562507753950572215392279908375447040273;\
5146829044395735409335708674001437478728603553,3955772167237999103962600188642045107304037847,664819441182421483090288171351069412841459599,5249896224028631382263961740840224868092370256,5819181670860614984770403052072400012008882036,31854596236633012637625786945877899407768127,5505566602979648663618878404357940280803982805,5466299332574139973982255009200872883558085073,1962580513882496495165659536709891432512506247,804029829225246442616554685496517009921016280,5593152145227394579322273579912180928520697109;\
212295000660036302098503226930099997249457771,1923813025343077314107151036903507972754448694,788535978878448658188430232357173360346362716,2052567892464902092354854900326992376388210459,174831098075537912338410535396411797563620188,1686525141784674541594547646947616830084347326,662207200181387467693352985783646793555614332,582845109809132784301710784205673601480955562,1930947636866014063604639356240074045204114693,851310405350516095831024325154034756219014651,481983053736121564596403391333967740107189329;\
3110248793001625963071192229237791923277562465,3623721754015825001170224826039650126866416058,4659007096181297890923550489231563199613354999,6270860217494480753357620012532520195774281541,4909541900237525539913783425372353507160995621,3407661614081448338436730429023596091358808340,1480484199917819588165026120718016845389516971,3293048575970598098388527918820273208921286085,6356386656498106148791878315083260231892740485,3893566389869172895259673715063401401212788315,3599384761517442848189955466698335510245563153;\
5894641362798695344827848728929217925396705335,972810453416327130708393066556133016994322507,2139457795579406224578672995143919111894581730,4129889132743796673474444322278578146854491958,4512041472150699054277541806254435573271076811,918151864321565028904022515902586017959993130,2311442985877622207570601215772871132313939826,402425685410187614323511278788917925278599749,497513291870470448385655161428104215355117620,2625728176029858617415191298392925765578009412,3518235294539054731755982869058069420046980224]
/* 
This matrix times 3^(-1) should be the matrix of frobenius.
*/ 
B = 3^(-1) * A; 
/* Freed 30 lists. */
