


Please input coefficients below.
Coefficient of   x^14                     = Coefficient of   x^11 * y^1 * z^1         = Coefficient of   x^8 * y^2 * z^2         = Coefficient of   x^5 * y^3 * z^3         = Coefficient of   x^2 * y^4 * z^4         = Coefficient of   x^1 * y^9               = Coefficient of   z^9                     = 
Here is the polynomial we're using this time:

1*x^14 + 2*x^8*y^2*z^2 + 2*x^5*y^3*z^3 + 1*x^2*y^4*z^4 + 1*x^1*y^9 + 2*z^9

The final length of G is 66
[8, 2, 1, 0]  	112	4 
[8, 1, 2, 0]  	113	4 
[13, 0, 0, 0]  	117	5  <--- 1
[1, 9, 0, 0]  	126	2 
[7, 4, 3, 0]  	157	6 
[7, 3, 4, 0]  	158	6 
[6, 4, 6, 0]  	190	5 
[7, 0, 10, 0]  	203	4 
[5, 4, 8, 0]  	209	5 
[6, 8, 4, 0]  	214	5 
[4, 1, 12, 0]  	217	4 
[4, 0, 13, 0]  	218	4 
[6, 1, 11, 0]  	221	4 
[5, 6, 7, 0]  	221	4 
[3, 2, 12, 0]  	221	4 
[6, 0, 12, 0]  	222	4 
[3, 1, 13, 0]  	222	4 
[3, 0, 14, 0]  	223	4 
[5, 3, 10, 0]  	224	4 
[4, 8, 6, 0]  	224	4 
[4, 6, 8, 0]  	226	4 
[4, 5, 9, 0]  	227	4 
[4, 4, 10, 0]  	228	4 
[4, 3, 11, 0]  	229	4 
[3, 6, 9, 0]  	231	3 
[3, 5, 10, 0]  	232	3 
[3, 4, 11, 0]  	233	3 
[12, 0, 9, 0]  	234	4 
[2, 7, 9, 0]  	235	3 
[2, 5, 11, 0]  	237	3 
[2, 2, 14, 0]  	240	3 
[2, 0, 16, 0]  	242	3 
[1, 2, 15, 0]  	245	2 
[1, 1, 16, 0]  	246	2 
[1, 0, 17, 0]  	247	3 
[0, 17, 2, 0]  	249	2 
[0, 16, 3, 0]  	250	2 
[1, 7, 11, 0]  	254	2 
[1, 6, 12, 0]  	255	2 
[0, 7, 12, 0]  	259	1 
[0, 20, 0, 0]  	260	2  <--- 2
[0, 3, 16, 0]  	263	1 
[0, 12, 8, 0]  	268	1 
[0, 14, 7, 0]  	280	2 
[0, 0, 21, 0]  	294	1  <--- 3
[5, 7, 5, 1]  	206	4 
[5, 5, 7, 1]  	208	4 
[6, 0, 8, 2]  	166	5 
[7, 8, 0, 2]  	167	5 
[5, 2, 9, 2]  	197	5 
[5, 0, 11, 2]  	199	5 
[2, 6, 10, 3]  	236	3 
[2, 1, 15, 3]  	241	3 
[3, 3, 11, 20]  	220	3 
[4, 7, 6, 21]  	211	4 
[4, 6, 7, 21]  	212	4 
[3, 3, 10, 22]  	206	3 
[3, 1, 12, 22]  	208	3 
[0, 16, 2, 22]  	236	2 
[1, 6, 11, 22]  	241	2 
[5, 5, 4, 23]  	166	2 
[5, 4, 5, 23]  	167	2 
[4, 6, 5, 23]  	184	4 
[4, 5, 6, 23]  	185	4 
[3, 2, 10, 23]  	193	3 
[3, 1, 11, 23]  	194	3 
------
For 27 = d/2-d1-d2-d3 you get 2
1*x^3
1*y^1*z^1

For 153 = 3*d/2-d1-d2-d3 you get 4
1*x^5*y^4*z^4
1*x^3*z^9
1*x^2*y^5*z^5
1*y^1*z^10

For 279 = 5*d/2-d1-d2-d3 you get 2
1*y^15*z^6
1*y^1*z^19

The invariant extra is equal to 5.
Start computing 3^3 Delta^1 (x1x2x3)^2... Done.
Start computing 3^4 Delta^2 (x1x2x3)^2... Done.
Start computing 3^5 Delta^3 (x1x2x3)^2... Done.
Start computing 3^6 Delta^4 (x1x2x3)^2... Done.
Start computing 3^7 Delta^5 (x1x2x3)^2... Done.
Start computing 3^8 Delta^6 (x1x2x3)^2... Done.
Start computing 3^9 Delta^7 (x1x2x3)^2... Done.
Start computing 3^10 Delta^8 (x1x2x3)^2... Done.
Start computing 3^11 Delta^9 (x1x2x3)^2... Done.
Start computing 3^12 Delta^10 (x1x2x3)^2... Done.
Start computing aa.
1 2 3 4 5 6 7 8 
[8910590148,1365040149,8372896317,9398176821,18990072,834596325,5057265618,5476553451;\
1155481674,9425288187,9116619390,6500763648,4456998540,4823367237,8430591537,2154209418;\
2026710527,9161187506,5127634017,9643930974,115526601,6592111470,6802585173,9698885541;\
8036058483,3771619590,2592818208,1121432328,5353952472,100181637,2996429166,729851148;\
48044795,6372916049,3677008329,6805119204,9184741956,1718360505,10357664373,4231283427;\
7247346942,8556681236,5872892634,3702506508,4235832459,7938806148,8032573332,2924751861;\
87682743,6238253169,1464118362,5353843122,5716067454,630822168,6117313806,1401923457;\
2077050355,5082166855,8961863958,6012449127,3940726707,332815725,3147213636,7846299198]
This matrix times 3^(-1) should be the matrix of frobenius.
