


Please input coefficients below.
Coefficient of   x^14                     = Coefficient of   x^11 * y^1 * z^1         = Coefficient of   x^8 * y^2 * z^2         = Coefficient of   x^5 * y^3 * z^3         = Coefficient of   x^2 * y^4 * z^4         = Coefficient of   x^1 * y^9               = Coefficient of   z^9                     = 
Here is the polynomial we're using this time:

2*x^14 + 1*x^8*y^2*z^2 + 2*x^5*y^3*z^3 + 2*x^2*y^4*z^4 + 1*x^1*y^9 + 1*z^9

The final length of G is 66
[8, 2, 1, 0]  	112	4 
[8, 1, 2, 0]  	113	4 
[13, 0, 0, 0]  	117	5  <--- 1
[1, 9, 0, 0]  	126	2 
[7, 4, 3, 0]  	157	6 
[7, 3, 4, 0]  	158	6 
[6, 4, 6, 0]  	190	5 
[7, 0, 10, 0]  	203	4 
[5, 4, 8, 0]  	209	5 
[6, 8, 4, 0]  	214	5 
[4, 1, 12, 0]  	217	4 
[4, 0, 13, 0]  	218	4 
[6, 1, 11, 0]  	221	4 
[5, 6, 7, 0]  	221	4 
[3, 2, 12, 0]  	221	4 
[6, 0, 12, 0]  	222	4 
[3, 1, 13, 0]  	222	4 
[3, 0, 14, 0]  	223	4 
[5, 3, 10, 0]  	224	4 
[4, 8, 6, 0]  	224	4 
[4, 6, 8, 0]  	226	4 
[4, 5, 9, 0]  	227	4 
[4, 4, 10, 0]  	228	4 
[4, 3, 11, 0]  	229	4 
[3, 6, 9, 0]  	231	3 
[3, 5, 10, 0]  	232	3 
[3, 4, 11, 0]  	233	3 
[12, 0, 9, 0]  	234	4 
[2, 7, 9, 0]  	235	3 
[2, 5, 11, 0]  	237	3 
[2, 2, 14, 0]  	240	3 
[2, 0, 16, 0]  	242	3 
[1, 2, 15, 0]  	245	2 
[1, 1, 16, 0]  	246	2 
[1, 0, 17, 0]  	247	3 
[0, 17, 2, 0]  	249	2 
[0, 16, 3, 0]  	250	2 
[1, 7, 11, 0]  	254	2 
[1, 6, 12, 0]  	255	2 
[0, 7, 12, 0]  	259	1 
[0, 20, 0, 0]  	260	2  <--- 2
[0, 3, 16, 0]  	263	1 
[0, 12, 8, 0]  	268	1 
[0, 14, 7, 0]  	280	2 
[0, 0, 21, 0]  	294	1  <--- 3
[2, 6, 10, 1]  	236	3 
[2, 1, 15, 1]  	241	3 
[6, 0, 8, 2]  	166	5 
[7, 8, 0, 2]  	167	5 
[5, 2, 9, 2]  	197	5 
[5, 0, 11, 2]  	199	5 
[5, 7, 5, 2]  	206	4 
[5, 5, 7, 2]  	208	4 
[3, 3, 11, 19]  	220	3 
[3, 3, 10, 21]  	206	3 
[3, 1, 12, 21]  	208	3 
[4, 7, 6, 21]  	211	4 
[4, 6, 7, 21]  	212	4 
[5, 5, 4, 23]  	166	3 
[5, 4, 5, 23]  	167	3 
[4, 6, 5, 23]  	184	4 
[4, 5, 6, 23]  	185	4 
[3, 2, 10, 23]  	193	3 
[3, 1, 11, 23]  	194	3 
[0, 16, 2, 24]  	236	2 
[1, 6, 11, 24]  	241	2 
------
For 27 = d/2-d1-d2-d3 you get 2
1*x^3
1*y^1*z^1

For 153 = 3*d/2-d1-d2-d3 you get 4
1*x^5*y^4*z^4
1*x^3*z^9
1*x^2*y^5*z^5
1*y^1*z^10

For 279 = 5*d/2-d1-d2-d3 you get 2
1*y^15*z^6
1*y^1*z^19

The invariant extra is equal to 5.
Start computing 3^3 Delta^1 (x1x2x3)^2... Done.
Start computing 3^4 Delta^2 (x1x2x3)^2... Done.
Start computing 3^5 Delta^3 (x1x2x3)^2... Done.
Start computing 3^6 Delta^4 (x1x2x3)^2... Done.
Start computing 3^7 Delta^5 (x1x2x3)^2... Done.
Start computing 3^8 Delta^6 (x1x2x3)^2... Done.
Start computing 3^9 Delta^7 (x1x2x3)^2... Done.
Start computing 3^10 Delta^8 (x1x2x3)^2... Done.
Start computing 3^11 Delta^9 (x1x2x3)^2... Done.
Start computing 3^12 Delta^10 (x1x2x3)^2... Done.
Start computing aa.
1 2 3 4 5 6 7 8 
[9778265190,7515557472,121272012,9894804831,816057018,2415566097,4196511909,6738874704;\
9270263523,2605382685,9598382226,6495489792,7220221551,4311364158,4081985685,10433755881;\
894063394,6574708876,77008464,1211433552,10134922608,9831479823,4435853193,5723701272;\
2468261250,8317963914,6648934977,4012052373,3707875440,5450974947,9137974149,2268978075;\
9448336775,793291661,7544210787,1553770053,8144054955,7464037779,3371729760,4634359353;\
7839221829,4755592061,10347002298,55149309,4156972695,5636994237,8014773474,6165102618;\
2597601816,1109767302,1549127214,2026682910,3223627875,87615918,1404372438,439727454;\
6558863324,5153327435,7710041331,5081199093,7020048654,1660072878,3474958995,4286531232]
This matrix times 3^(-1) should be the matrix of frobenius.
