/* Comments begin... 
Coefficient of   x^13 * y^1               = 1
Coefficient of   x^6 * y^2 * z^4         = 3
Coefficient of   x^4 * y^5 * z^3         = -2
Coefficient of   x^2 * y^8 * z^2         = 2
Coefficient of   x^1 * z^9               = 3
Coefficient of   y^11 * z^1               = -3

Here is the polynomial we're using this time:

1*x^13*y^1 + 3*x^6*y^2*z^4 + -2*x^4*y^5*z^3 + 2*x^2*y^8*z^2 + 3*x^1*z^9 + -3*y^11*z^1

Allocate G_len 20 elements and old = 0.
Allocate M_len = 400 elements.
Allocate G_len 40 elements and old = 20.
Allocate M_len = 800 elements.
Allocate G_len 80 elements and old = 40.
Allocate M_len = 1600 elements.
Allocate M_len = 3200 elements.
Allocate G_len 160 elements and old = 80.
Allocate M_len = 6400 elements.
The final length of G is 87
[6, 2, 3, 0]  	165	5 
[13, 0, 0, 0]  	169	5  <--- 1
[12, 1, 0, 0]  	171	5 
[4, 5, 3, 0]  	184	4 
[4, 8, 2, 0]  	210	5 
[3, 0, 10, 0]  	229	3 
[10, 5, 2, 0]  	243	8 
[10, 8, 1, 0]  	269	7 
[5, 3, 9, 0]  	281	6 
[9, 0, 9, 0]  	288	6 
[8, 11, 1, 0]  	288	6 
[6, 13, 1, 0]  	292	6 
[5, 14, 1, 0]  	294	5 
[11, 0, 8, 0]  	295	6 
[4, 17, 0, 0]  	307	5 
[4, 16, 1, 0]  	311	5 
[3, 8, 8, 0]  	311	5 
[3, 17, 1, 0]  	313	4 
[2, 9, 8, 0]  	313	4 
[2, 8, 9, 0]  	317	4 
[6, 16, 0, 0]  	318	5 
[2, 17, 2, 0]  	319	4 
[11, 12, 0, 0]  	323	5 
[10, 13, 0, 0]  	325	5 
[2, 20, 0, 0]  	326	4 
[2, 19, 1, 0]  	330	4 
[2, 0, 16, 0]  	330	4 
[3, 11, 7, 0]  	337	4 
[2, 12, 7, 0]  	339	3 
[9, 15, 0, 0]  	342	5 
[2, 14, 6, 0]  	350	3 
[2, 4, 14, 0]  	352	3 
[2, 3, 15, 0]  	356	3 
[1, 9, 11, 0]  	357	3 
[1, 23, 0, 0]  	358	2 
[1, 4, 15, 0]  	358	2 
[2, 7, 12, 0]  	359	3 
[1, 8, 12, 0]  	361	3 
[2, 6, 13, 0]  	363	3 
[1, 7, 13, 0]  	365	2 
[1, 6, 14, 0]  	369	2 
[1, 15, 7, 0]  	371	2 
[1, 17, 6, 0]  	382	2 
[0, 18, 6, 0]  	384	1 
[0, 26, 0, 0]  	390	2  <--- 2
[1, 0, 20, 0]  	393	2 
[0, 20, 5, 0]  	395	1 
[0, 1, 20, 0]  	395	1 
[0, 10, 13, 0]  	397	1 
[0, 0, 21, 0]  	399	1  <--- 3
[0, 23, 3, 0]  	402	2 
[0, 12, 12, 0]  	408	1 
[0, 4, 19, 0]  	421	1 
[0, 15, 11, 0]  	434	1 
[0, 7, 18, 0]  	447	1 
[7, 0, 9, 1]  	262	7 
[3, 16, 1, 1]  	298	5 
[3, 6, 9, 1]  	300	5 
[8, 14, 0, 1]  	314	5 
[3, 15, 3, 1]  	321	4 
[3, 19, 0, 1]  	324	4 
[1, 20, 1, 1]  	332	3 
[3, 12, 6, 1]  	333	4 
[2, 16, 4, 1]  	342	4 
[1, 22, 0, 1]  	343	3 
[3, 14, 5, 1]  	344	4 
[1, 12, 8, 1]  	345	3 
[2, 15, 5, 1]  	346	3 
[1, 19, 4, 1]  	374	3 
[0, 20, 4, 1]  	376	2 
[1, 18, 5, 1]  	378	2 
[1, 1, 19, 1]  	389	2 
[0, 19, 5, 2]  	380	2 
[0, 0, 20, 48]  	380	1 
[0, 12, 11, 48]  	389	1 
[6, 11, 1, 49]  	262	6 
[2, 8, 8, 49]  	298	3 
[2, 17, 1, 49]  	300	4 
[2, 4, 12, 49]  	314	2 
[1, 0, 16, 49]  	317	2 
[2, 7, 10, 49]  	321	1 
[2, 11, 7, 49]  	324	3 
[1, 7, 11, 49]  	327	1 
[1, 3, 15, 49]  	343	2 
[0, 23, 0, 49]  	345	1 
[0, 10, 11, 49]  	359	1 
[0, 0, 19, 49]  	361	1 
------
The gap is between 3 and 47.
Lengths: 2 2 3 3 2 3.
For 413 = 5*d/2-d1-d2-d3 you get 2 in char 0.
1*y^25*z^2
1*y^6*z^17

For 229 = 3*d/2-d1-d2-d3 you get 3 in char 0.
1*x^2*y^11*z^2
1*x^1*y^3*z^9
1*y^14*z^1

For 45 = d/2-d1-d2-d3 you get 2 in char 0.
1*x^2*z^1
1*y^3

Extra powers of p used 1.
The invariant extra is equal to 1.
Start computing 7^3 Delta^1 (x1x2x3)^6... Done.
Start computing 7^4 Delta^2 (x1x2x3)^6... Done.
Start computing 7^5 Delta^3 (x1x2x3)^6... Done.
Start computing 7^6 Delta^4 (x1x2x3)^6... Done.
Start computing 7^7 Delta^5 (x1x2x3)^6... Done.
Start computing 7^8 Delta^6 (x1x2x3)^6... Done.
Start computing 7^9 Delta^7 (x1x2x3)^6... Done.
Start computing 7^10 Delta^8 (x1x2x3)^6... Done.
Start computing aa.
1 2 3 4 5 6 7 
*/
A = \
[211564293859373701805839568527643835584629,208856189334507713161955293086042517446116,96870828634447523151412709423335024242356,214107749253964685279007797103809721929842,152164379974027934556332782681961807305124,213909637898174686581408189264372125692478,195997434247380338778963145394861640203852;\
133553380744504508340566721584171125534529,251049175868083337915944393337612239081940,64775485154201020170647509269799966311373,90763477368472164588661937178882895622955,200094067214212799260812071402623426805681,120357778638556739588343913464629937414821,210126503140170692291548583702479793709182;\
253367096380723025610622990107455564000607,124624376444342981610369513838527368025657,247213707063012490258159362775757701153620,138308029514166657690486437017815319376322,142866956096798899066932752949429298928304,46691073531450831653428792867104467340701,47689121565883157889456572681716993812051;\
35150380879398998199273917259959512637419,41353019306584841592942490974623711624152,52502521894993032532330480859411692092521,91844111279632252734676348605846786385804,197595840514376076794946260009656834003845,39027091176119493444939204055319962248331,231511416428504948639237799949164284576427;\
45580775090922396432344699845522468305060,145154224513597450333914101973649555353306,137588213128669917292077328411086921973601,85846447103812811413835365315002292736162,115839794929640756185626225466875880020269,124911868315214605703646805140083413173304,150958195152492238316792253548885203225563;\
255057024713681483437787388209952223956570,111124925316331488380890866909912008088368,234520141045996436161905689864988451364947,66398954479633541344340806963632826663208,153211550645394083454642941285409275182354,17762371118673702791184514568305542934015,207032474668876316973508724912729330550556;\
3893057833626833211659525033518408278519,17797235565469283252328795578508169427379,131199532074437478941883134135114080303575,156612233948048305581328765134773960122091,20681266668824490904428255114595954775164,163614162691280612504216185342062840858292,45742535592272706347138493392480068247488]
/* 
This matrix times 7^(-1) should be the matrix of frobenius.
*/ 
B = 7^(-1) * A; 
/* Freed 59 lists. */
