/* Comments begin... 
Coefficient of   x^13 * y^1               = -2
Coefficient of   x^6 * y^2 * z^4         = 3
Coefficient of   x^4 * y^5 * z^3         = 3
Coefficient of   x^2 * y^8 * z^2         = 2
Coefficient of   x^1 * z^9               = 3
Coefficient of   y^11 * z^1               = -2

Here is the polynomial we're using this time:

-2*x^13*y^1 + 3*x^6*y^2*z^4 + 3*x^4*y^5*z^3 + 2*x^2*y^8*z^2 + 3*x^1*z^9 + -2*y^11*z^1

Allocate G_len 20 elements and old = 0.
Allocate M_len = 400 elements.
Allocate G_len 40 elements and old = 20.
Allocate M_len = 800 elements.
Allocate G_len 80 elements and old = 40.
Allocate M_len = 1600 elements.
Allocate M_len = 3200 elements.
Allocate G_len 160 elements and old = 80.
The final length of G is 81
[6, 2, 3, 0]  	165	5 
[13, 0, 0, 0]  	169	5  <--- 1
[12, 1, 0, 0]  	171	5 
[4, 5, 3, 0]  	184	4 
[3, 0, 10, 0]  	229	4 
[10, 5, 2, 0]  	243	8 
[8, 8, 2, 0]  	262	7 
[7, 0, 9, 0]  	262	7 
[10, 8, 1, 0]  	269	7 
[6, 11, 2, 0]  	281	6 
[5, 3, 9, 0]  	281	6 
[8, 11, 1, 0]  	288	6 
[11, 0, 8, 0]  	295	6 
[3, 16, 1, 0]  	298	5 
[4, 14, 2, 0]  	300	5 
[3, 6, 9, 0]  	300	5 
[6, 14, 1, 0]  	307	5 
[4, 17, 0, 0]  	307	5 
[3, 8, 8, 0]  	311	5 
[2, 9, 8, 0]  	313	4 
[2, 8, 9, 0]  	317	4 
[6, 16, 0, 0]  	318	5 
[2, 17, 2, 0]  	319	4 
[3, 15, 3, 0]  	321	4 
[11, 12, 0, 0]  	323	5 
[3, 19, 0, 0]  	324	4 
[10, 13, 0, 0]  	325	5 
[2, 20, 0, 0]  	326	4 
[2, 19, 1, 0]  	330	4 
[2, 0, 16, 0]  	330	4 
[1, 20, 1, 0]  	332	3 
[3, 12, 6, 0]  	333	4 
[3, 11, 7, 0]  	337	4 
[2, 12, 7, 0]  	339	3 
[9, 15, 0, 0]  	342	4 
[2, 16, 4, 0]  	342	4 
[1, 22, 0, 0]  	343	3 
[3, 14, 5, 0]  	344	4 
[1, 12, 8, 0]  	345	3 
[2, 15, 5, 0]  	346	3 
[2, 14, 6, 0]  	350	3 
[2, 4, 14, 0]  	352	3 
[2, 3, 15, 0]  	356	3 
[1, 9, 11, 0]  	357	3 
[1, 4, 15, 0]  	358	2 
[2, 7, 12, 0]  	359	3 
[2, 6, 13, 0]  	363	3 
[1, 6, 14, 0]  	369	2 
[1, 15, 7, 0]  	371	2 
[1, 19, 4, 0]  	374	3 
[0, 20, 4, 0]  	376	2 
[1, 18, 5, 0]  	378	2 
[0, 19, 5, 0]  	380	2 
[1, 17, 6, 0]  	382	2 
[0, 18, 6, 0]  	384	1 
[1, 1, 19, 0]  	389	2 
[0, 26, 0, 0]  	390	2  <--- 2
[1, 0, 20, 0]  	393	2 
[0, 1, 20, 0]  	395	1 
[0, 10, 13, 0]  	397	1 
[0, 0, 21, 0]  	399	1  <--- 3
[0, 12, 12, 0]  	408	1 
[0, 4, 19, 0]  	421	1 
[0, 15, 11, 0]  	434	1 
[0, 7, 18, 0]  	447	1 
[4, 8, 2, 1]  	210	5 
[6, 13, 1, 1]  	292	6 
[5, 14, 1, 1]  	294	5 
[8, 14, 0, 1]  	314	5 
[1, 8, 12, 1]  	361	3 
[1, 7, 13, 1]  	365	2 
[0, 23, 3, 2]  	402	2 
[0, 4, 18, 48]  	402	1 
[3, 0, 9, 49]  	210	3 
[3, 16, 0, 49]  	279	3 
[2, 8, 8, 49]  	298	4 
[3, 12, 5, 49]  	314	4 
[2, 15, 4, 49]  	327	3 
[0, 19, 4, 49]  	361	2 
[0, 18, 5, 49]  	365	1 
[0, 0, 20, 49]  	380	1 
------
The gap is between 3 and 47.
Lengths: 2 2 3 3 2 2.
For 413 = 5*d/2-d1-d2-d3 you get 2 in char 0.
1*y^25*z^2
1*y^6*z^17

For 229 = 3*d/2-d1-d2-d3 you get 3 in char 0.
1*x^2*y^11*z^2
1*x^1*y^3*z^9
1*y^14*z^1

For 45 = d/2-d1-d2-d3 you get 2 in char 0.
1*x^2*z^1
1*y^3

Extra powers of p used 0.
The invariant extra is equal to 1.
Start computing 7^3 Delta^1 (x1x2x3)^6... Done.
Start computing 7^4 Delta^2 (x1x2x3)^6... Done.
Start computing 7^5 Delta^3 (x1x2x3)^6... Done.
Start computing 7^6 Delta^4 (x1x2x3)^6... Done.
Start computing 7^7 Delta^5 (x1x2x3)^6... Done.
Start computing 7^8 Delta^6 (x1x2x3)^6... Done.
Start computing 7^9 Delta^7 (x1x2x3)^6... Done.
Start computing 7^10 Delta^8 (x1x2x3)^6... Done.
Start computing aa.
1 2 3 4 5 6 7 
*/
A = \
[21743208209980265372464201528527083002937,107665612140334743946464805055063044658201,210971408788175043449829151824954724498234,254762166639342036708642887703150904712926,51642426539316756916201042052950230915398,117899195992880167120821612470136830487048,58862639086417329738498804972186288560339;\
47255486451891167295422671671576231439217,144667118958737560057308902518516710097217,31012514379333127761947892309581260464401,102298714389918332097248431490248482683541,190751617889575332204546160979047850953898,107186480543116220556759067705266107274746,72164200557487139651796068172980226054668;\
50870429207559834703625900327353044677165,182629469018345263324747713239921951729093,37154288860505227782034345031839367379949,53663760105003391425444588323254582800963,179216778269423264651691221720944405528515,141982969309083181020208539599321749826081,109660674698813640077123807048939042078600;\
45506565212190472505555795247958144584029,28226829729669051798452777409047660304072,119173967821768202941173826332200574285830,104506751292397489802394796419237063291242,174042764212693528762105481467755949240250,7562370853201548421792236753283250156198,102094701422979082706642946228925106872199;\
209202454166428632325824473259795239012501,36220092104093990857025749876668869012711,218643847550354987100906302884400401266405,218959155506821068322861800038670882404993,159271379260566902459663859935320851978727,186431950534033260801513387077909971521098,145951466808714068760907926164227475246951;\
135843963693784775987252359952956931452729,242271869176085256108319017990587863672112,183412431777403184069911803359668034123843,9931991051329122843231965688052611866,58921716487804980898028430773080751841342,208773286496047539905780198426254020137289,195060560356033465638400693344960072543350;\
44524210750870736042249791612065934104848,183360393900934313965122232910546550024623,202776603797278975863359926715389069809785,114392850707110747003026782364596756144783,123357359542442023819294065537983072056707,173133978545810652931514080054369160279554,61845434872081965776874583098072070343915]
/* 
This should be the matrix of frobenius!
*/ 
B = A; 
/* Freed 59 lists. */
