/* Comments begin... 
Coefficient of   x^13 * y^1               = -2
Coefficient of   x^6 * y^2 * z^4         = 2
Coefficient of   x^4 * y^5 * z^3         = 3
Coefficient of   x^2 * y^8 * z^2         = -2
Coefficient of   x^1 * z^9               = 2
Coefficient of   y^11 * z^1               = -2

Here is the polynomial we're using this time:

-2*x^13*y^1 + 2*x^6*y^2*z^4 + 3*x^4*y^5*z^3 + -2*x^2*y^8*z^2 + 2*x^1*z^9 + -2*y^11*z^1

Allocate G_len 20 elements and old = 0.
Allocate M_len = 400 elements.
Allocate G_len 40 elements and old = 20.
Allocate M_len = 800 elements.
Allocate G_len 80 elements and old = 40.
Allocate M_len = 1600 elements.
Allocate M_len = 3200 elements.
Allocate G_len 160 elements and old = 80.
The final length of G is 83
[6, 2, 3, 0]  	165	5 
[13, 0, 0, 0]  	169	5  <--- 1
[12, 1, 0, 0]  	171	5 
[4, 5, 3, 0]  	184	4 
[4, 8, 2, 0]  	210	5 
[3, 0, 10, 0]  	229	4 
[10, 5, 2, 0]  	243	8 
[10, 8, 1, 0]  	269	7 
[5, 3, 9, 0]  	281	6 
[9, 0, 9, 0]  	288	6 
[8, 11, 1, 0]  	288	6 
[6, 13, 1, 0]  	292	6 
[5, 14, 1, 0]  	294	5 
[11, 0, 8, 0]  	295	6 
[3, 16, 1, 0]  	298	5 
[4, 17, 0, 0]  	307	5 
[2, 9, 8, 0]  	313	4 
[2, 8, 9, 0]  	317	4 
[6, 16, 0, 0]  	318	5 
[2, 17, 2, 0]  	319	4 
[11, 12, 0, 0]  	323	5 
[3, 19, 0, 0]  	324	4 
[10, 13, 0, 0]  	325	5 
[2, 20, 0, 0]  	326	4 
[2, 19, 1, 0]  	330	4 
[2, 0, 16, 0]  	330	4 
[3, 12, 6, 0]  	333	4 
[3, 11, 7, 0]  	337	4 
[2, 12, 7, 0]  	339	3 
[9, 15, 0, 0]  	342	5 
[3, 14, 5, 0]  	344	4 
[1, 12, 8, 0]  	345	3 
[2, 14, 6, 0]  	350	3 
[2, 4, 14, 0]  	352	3 
[1, 9, 11, 0]  	357	3 
[1, 23, 0, 0]  	358	3 
[2, 7, 12, 0]  	359	3 
[2, 16, 5, 0]  	361	3 
[1, 8, 12, 0]  	361	3 
[2, 6, 13, 0]  	363	3 
[1, 7, 13, 0]  	365	2 
[1, 15, 7, 0]  	371	2 
[1, 18, 5, 0]  	378	2 
[0, 19, 5, 0]  	380	2 
[1, 17, 6, 0]  	382	2 
[0, 18, 6, 0]  	384	1 
[1, 1, 19, 0]  	389	2 
[0, 26, 0, 0]  	390	2  <--- 2
[1, 0, 20, 0]  	393	2 
[0, 1, 20, 0]  	395	1 
[0, 10, 13, 0]  	397	1 
[0, 0, 21, 0]  	399	1  <--- 3
[0, 23, 3, 0]  	402	2 
[0, 12, 12, 0]  	408	1 
[0, 4, 19, 0]  	421	1 
[0, 15, 11, 0]  	434	1 
[0, 7, 18, 0]  	447	1 
[7, 0, 9, 1]  	262	7 
[3, 6, 9, 1]  	300	5 
[3, 8, 8, 1]  	311	5 
[8, 14, 0, 1]  	314	5 
[3, 15, 3, 1]  	321	4 
[1, 20, 1, 1]  	332	3 
[2, 16, 4, 1]  	342	4 
[1, 22, 0, 1]  	343	3 
[2, 15, 5, 1]  	346	3 
[2, 3, 15, 1]  	356	3 
[1, 19, 4, 1]  	374	3 
[0, 20, 4, 1]  	376	2 
[1, 4, 15, 2]  	358	2 
[1, 6, 14, 2]  	369	2 
[0, 15, 7, 48]  	358	1 
[0, 17, 6, 48]  	369	1 
[6, 11, 1, 49]  	262	6 
[2, 17, 1, 49]  	300	4 
[2, 19, 0, 49]  	311	4 
[3, 12, 5, 49]  	314	4 
[2, 7, 10, 49]  	321	2 
[1, 7, 11, 49]  	327	2 
[0, 12, 8, 49]  	332	1 
[0, 14, 7, 49]  	343	1 
[1, 0, 19, 49]  	374	2 
[0, 1, 19, 49]  	376	1 
------
The gap is between 3 and 47.
Lengths: 2 2 3 3 2 2.
For 413 = 5*d/2-d1-d2-d3 you get 2 in char 0.
1*y^25*z^2
1*y^6*z^17

For 229 = 3*d/2-d1-d2-d3 you get 3 in char 0.
1*x^2*y^11*z^2
1*x^1*y^3*z^9
1*y^14*z^1

For 45 = d/2-d1-d2-d3 you get 2 in char 0.
1*x^2*z^1
1*y^3

Extra powers of p used 0.
The invariant extra is equal to 1.
Start computing 7^3 Delta^1 (x1x2x3)^6... Done.
Start computing 7^4 Delta^2 (x1x2x3)^6... Done.
Start computing 7^5 Delta^3 (x1x2x3)^6... Done.
Start computing 7^6 Delta^4 (x1x2x3)^6... Done.
Start computing 7^7 Delta^5 (x1x2x3)^6... Done.
Start computing 7^8 Delta^6 (x1x2x3)^6... Done.
Start computing 7^9 Delta^7 (x1x2x3)^6... Done.
Start computing 7^10 Delta^8 (x1x2x3)^6... Done.
Start computing aa.
1 2 3 4 5 6 7 
*/
A = \
[149277421285092116406526735307152326176856,237497563057108077761498562072722864527667,8983573456125736633799216304801997837584,13667527591226571823742498214712125741182,119190862886592399663567315094304376327446,218183929939122475377484871809984977548560,142732019949338658724355736105790727623504;\
246330730680954885965801130757907768185313,131540433908923797333650549904044546867224,235156102708658755200801107542237586245518,147681851373266459182482702479200917011333,538101468951698512837856082670165341097,195895329495737994169606390306124690264630,127346993253297717747973389183692461864826;\
32915476078022546094101313058495145417793,14743532822868973092521909386331652525548,177373835508567158862705554330258284251320,185691551870904379218905989243761995075174,22024206051853981065223807627272265702742,205917866018311221153155374137758872453373,142582594583152481766834208026004346592208;\
183714405305740823971169716701474143995420,225028537570289068879540896400272024406574,237051039350034626370508548244502031795519,217604348892446531028090043014615389870530,240824585400520777632614632123553006919280,175128222432444008758322342717988601594804,9687506612144977386492885559420873390199;\
125667400071039260762722893346840614548148,134332938995485652015073102684978063978165,138964047073994309930847324821514084085662,147373152585343578048984517312469721191841,186740510067244074992283931159206520609281,44886990561822684233920518350607348381651,117306739304285394888715343329297958888194;\
141804258705343798644728163549968386666515,158801033026920193487332878045745364923969,16914397892823658217320100453858386260161,233440903577191166959835123251509258257816,32856852103977937215257888673859287040386,208820765861323599579568619989744451273511,68123809945433350133287450095093711173383;\
141143758034910496036589993559766360569111,117069366387638316970175882330730967631601,113943289361005222025701234023181244785678,114773747386331789611558158128121348693661,43490115175798007347064584994027236161445,38828557486438045009817198156101286967341,44150358243878763785286484527218108840914]
/* 
This should be the matrix of frobenius!
*/ 
B = A; 
/* Freed 58 lists. */
