/* Comments begin... 
Coefficient of   x^21 * y^1               = 1
Coefficient of   x^10 * y^2 * z^6         = -1
Coefficient of   x^8 * y^5 * z^5         = 2
Coefficient of   x^6 * y^8 * z^4         = 0
Coefficient of   x^4 * y^11 * z^3         = 2
Coefficient of   x^2 * y^14 * z^2         = 1
Coefficient of   x^1 * z^13               = -1
Coefficient of   y^17 * z^1               = 1

Here is the polynomial we're using this time:

1*x^21*y^1 + -1*x^10*y^2*z^6 + 2*x^8*y^5*z^5 + 2*x^4*y^11*z^3 + 1*x^2*y^14*z^2 + -1*x^1*z^13 + 1*y^17*z^1

Allocate G_len 20 elements and old = 0.
Allocate M_len = 400 elements.
Allocate G_len 40 elements and old = 20.
Allocate M_len = 800 elements.
Allocate G_len 80 elements and old = 40.
Allocate M_len = 1600 elements.
Allocate M_len = 3200 elements.
Allocate G_len 160 elements and old = 80.
Allocate M_len = 6400 elements.
Allocate M_len = 12800 elements.
Allocate G_len 320 elements and old = 160.
Allocate M_len = 25600 elements.
The final length of G is 177
[10, 2, 5, 0]  	391	6 
[21, 0, 0, 0]  	399	6  <--- 1
[20, 1, 0, 0]  	403	6 
[8, 5, 5, 0]  	422	5 
[6, 11, 4, 0]  	491	6 
[6, 14, 3, 0]  	529	7 
[5, 0, 15, 0]  	560	6 
[14, 11, 3, 0]  	612	10 
[16, 11, 2, 0]  	619	10 
[11, 0, 14, 0]  	643	9 
[14, 14, 2, 0]  	650	9 
[9, 3, 14, 0]  	674	9 
[12, 17, 2, 0]  	681	9 
[15, 0, 13, 0]  	688	9 
[10, 19, 2, 0]  	689	9 
[9, 20, 2, 0]  	693	8 
[18, 14, 1, 0]  	695	9 
[7, 22, 2, 0]  	701	8 
[7, 6, 14, 0]  	705	8 
[8, 23, 1, 0]  	712	8 
[7, 8, 13, 0]  	720	8 
[6, 9, 13, 0]  	724	7 
[16, 17, 1, 0]  	726	8 
[10, 22, 1, 0]  	727	8 
[6, 8, 14, 0]  	732	7 
[5, 25, 2, 0]  	732	7 
[19, 0, 12, 0]  	733	8 
[5, 9, 14, 0]  	736	7 
[6, 26, 1, 0]  	743	7 
[8, 26, 0, 0]  	750	7 
[4, 12, 13, 0]  	755	6 
[12, 23, 0, 0]  	757	7 
[6, 28, 0, 0]  	758	7 
[5, 29, 0, 0]  	762	6 
[16, 20, 0, 0]  	764	7 
[10, 25, 0, 0]  	765	7 
[5, 28, 1, 0]  	770	6 
[4, 14, 12, 0]  	770	6 
[5, 24, 4, 0]  	771	6 
[14, 22, 0, 0]  	772	7 
[4, 29, 1, 0]  	774	6 
[19, 18, 0, 0]  	775	7 
[18, 19, 0, 0]  	779	7 
[5, 15, 11, 0]  	781	6 
[4, 28, 2, 0]  	782	6 
[3, 14, 13, 0]  	782	6 
[3, 29, 2, 0]  	786	5 
[3, 32, 0, 0]  	793	5 
[5, 21, 7, 0]  	795	6 
[5, 17, 10, 0]  	796	6 
[4, 18, 10, 0]  	800	5 
[3, 31, 1, 0]  	801	5 
[3, 0, 24, 0]  	801	5 
[2, 32, 1, 0]  	805	5 
[4, 25, 5, 0]  	806	6 
[4, 21, 8, 0]  	807	5 
[4, 17, 11, 0]  	808	5 
[5, 23, 6, 0]  	810	6 
[4, 24, 6, 0]  	814	5 
[4, 4, 21, 0]  	819	5 
[3, 17, 12, 0]  	820	5 
[4, 23, 7, 0]  	822	5 
[2, 18, 12, 0]  	824	4 
[4, 7, 19, 0]  	826	5 
[4, 3, 22, 0]  	827	5 
[3, 12, 16, 0]  	829	5 
[3, 4, 22, 0]  	831	4 
[4, 10, 17, 0]  	833	5 
[4, 6, 20, 0]  	834	5 
[3, 11, 17, 0]  	837	5 
[3, 7, 20, 0]  	838	4 
[3, 3, 23, 0]  	839	4 
[4, 9, 18, 0]  	841	5 
[2, 35, 0, 0]  	843	4 
[3, 10, 18, 0]  	845	4 
[3, 6, 21, 0]  	846	4 
[3, 21, 10, 0]  	850	4 
[3, 28, 5, 0]  	856	5 
[3, 24, 8, 0]  	857	4 
[3, 20, 11, 0]  	858	4 
[2, 29, 5, 0]  	860	4 
[3, 23, 9, 0]  	865	4 
[2, 28, 6, 0]  	868	4 
[2, 24, 9, 0]  	869	3 
[3, 26, 7, 0]  	872	4 
[2, 4, 24, 0]  	874	4 
[2, 31, 4, 0]  	875	5 
[2, 27, 7, 0]  	876	3 
[2, 15, 16, 0]  	879	4 
[2, 7, 22, 0]  	881	3 
[2, 26, 8, 0]  	884	3 
[2, 14, 17, 0]  	887	4 
[2, 10, 20, 0]  	888	3 
[1, 15, 17, 0]  	891	3 
[2, 13, 18, 0]  	895	3 
[2, 9, 21, 0]  	896	3 
[2, 1, 27, 0]  	898	4 
[1, 14, 18, 0]  	899	3 
[1, 10, 21, 0]  	900	2 
[2, 12, 19, 0]  	903	3 
[2, 0, 28, 0]  	906	4 
[1, 32, 5, 0]  	910	3 
[1, 12, 20, 0]  	915	2 
[1, 27, 9, 0]  	919	2 
[0, 32, 6, 0]  	922	2 
[1, 30, 7, 0]  	926	2 
[0, 31, 7, 0]  	930	2 
[1, 29, 8, 0]  	934	2 
[0, 30, 8, 0]  	938	1 
[1, 1, 29, 0]  	941	2 
[1, 24, 12, 0]  	943	3 
[1, 0, 30, 0]  	949	2 
[0, 1, 30, 0]  	953	1 
[0, 16, 19, 0]  	957	1 
[0, 0, 31, 0]  	961	1  <--- 3
[1, 41, 0, 0]  	962	2 
[1, 21, 15, 0]  	967	3 
[0, 18, 18, 0]  	972	1 
[1, 4, 28, 0]  	979	2 
[0, 4, 29, 0]  	991	1 
[0, 21, 17, 0]  	1010	1 
[0, 44, 0, 0]  	1012	2  <--- 2
[0, 38, 5, 0]  	1029	1 
[0, 7, 28, 0]  	1029	1 
[0, 41, 3, 0]  	1036	2 
[0, 24, 16, 0]  	1048	1 
[0, 10, 27, 0]  	1067	1 
[0, 27, 15, 0]  	1086	1 
[0, 13, 26, 0]  	1105	1 
[8, 8, 4, 1]  	460	7 
[18, 5, 4, 1]  	581	10 
[12, 20, 1, 1]  	719	8 
[14, 19, 1, 1]  	734	8 
[7, 25, 1, 1]  	739	7 
[5, 11, 13, 1]  	751	7 
[4, 11, 14, 1]  	763	6 
[5, 18, 9, 1]  	788	6 
[5, 20, 8, 1]  	803	6 
[4, 1, 23, 1]  	812	5 
[4, 20, 9, 1]  	815	5 
[3, 9, 19, 1]  	853	4 
[2, 21, 11, 1]  	862	3 
[2, 23, 10, 1]  	877	3 
[1, 38, 0, 1]  	893	3 
[1, 13, 19, 1]  	907	2 
[1, 31, 6, 1]  	918	3 
[1, 18, 16, 1]  	929	3 
[1, 35, 4, 1]  	948	3 
[0, 35, 5, 1]  	960	2 
[0, 38, 4, 1]  	998	2 
[4, 26, 3, 2]  	767	6 
[4, 31, 0, 2]  	789	6 
[3, 27, 6, 2]  	864	4 
[1, 7, 27, 3]  	1017	2 
[0, 24, 15, 96]  	1017	1 
[3, 12, 14, 98]  	767	4 
[2, 13, 17, 98]  	864	3 
[6, 11, 3, 99]  	460	6 
[14, 11, 2, 99]  	581	8 
[12, 14, 2, 99]  	612	9 
[13, 0, 13, 99]  	650	7 
[10, 22, 0, 99]  	696	7 
[5, 28, 0, 99]  	739	5 
[4, 28, 1, 99]  	751	6 
[4, 4, 19, 99]  	757	5 
[3, 28, 2, 99]  	763	4 
[4, 21, 7, 99]  	776	4 
[4, 0, 23, 99]  	789	4 
[3, 17, 11, 99]  	789	3 
[3, 6, 20, 99]  	815	3 
[3, 23, 8, 99]  	834	4 
[2, 26, 7, 99]  	853	3 
[1, 7, 22, 99]  	862	2 
[1, 9, 21, 99]  	877	2 
[0, 30, 7, 99]  	907	1 
[1, 0, 29, 99]  	918	2 
[0, 4, 27, 99]  	929	1 
------
The gap is between 4 and 95.
Lengths: 3 3 5 5 3 3.
For 982 = 5*d/2-d1-d2-d3 you get 3 in char 0.
1*x^1*y^23*z^14
1*y^40*z^2
1*y^9*z^25

For 560 = 3*d/2-d1-d2-d3 you get 5 in char 0.
1*x^4*y^17*z^3
1*x^3*y^3*z^14
1*x^2*y^20*z^2
1*x^1*y^6*z^13
1*y^23*z^1

For 138 = d/2-d1-d2-d3 you get 3 in char 0.
1*x^4*z^2
1*x^2*y^3*z^1
1*y^6

Extra powers of p used 0.
The invariant extra is equal to 2.
Start computing 5^3 Delta^1 (x1x2x3)^4... Done.
Start computing 5^4 Delta^2 (x1x2x3)^4... Done.
Start computing 5^5 Delta^3 (x1x2x3)^4... Done.
Start computing 5^6 Delta^4 (x1x2x3)^4... Done.
Start computing 5^7 Delta^5 (x1x2x3)^4... Done.
Start computing 5^8 Delta^6 (x1x2x3)^4... Done.
Start computing 5^9 Delta^7 (x1x2x3)^4... Done.
Start computing 5^10 Delta^8 (x1x2x3)^4... Done.
Start computing 5^11 Delta^9 (x1x2x3)^4... Done.
Start computing 5^12 Delta^10 (x1x2x3)^4... Done.
Start computing aa.
1 2 3 4 5 6 7 8 9 10 11 
*/
A = \
[203245261231434069057027515023994072068084906881683715511590220675736,284533010242643574439796284207937452153336437348187252875355673029169,106478744490771813648640171116005127216097587221245500459380600368024,139802678133229647004849086395560419803843810426224043993058470191395,302149492027837814829379203317791587127877935749303122925631743104420,209334947271937017433277289811836597062451980347634883453126363066820,268146293747720801766016866716688015712876559855593829232145998009890,118342828222571302803122220121159215234104135968045358806986177821915,296963241728969010999332219913022927465894523758787249802795937772025,217261391453904861098975306084206204170244622424795266255654360372825,117556224734318079453124532261627566775509430141338230280435923136600;\
135740620230549978653715890338830925699240696374607413397236512824453,59317988027303605653730360560893681633746458016469211374504746097671,70123144846674130427834702900806235654468281643761189062496755251200,76989679857729199886385026109657418674536578467491442203465576048650,1843572532775848263925697474365390143183353171244313184441296485375,259260005675842822733677438452855270353037788234975904381081895929050,232357152145857705469677563882455641043434845660543348851584061994820,247758654634169217700589453073089056134650238863028072152386544647780,147946629625962547579335008274225245084557316732930684237328724738000,261985293013630535710744164516891831931133828539955738084939462797050,215779760854960152570713231856903188158512533036934851731268230504550;\
54831909766096576306409364801679987420786077348105856595912970243164,280554603057540916755446891719644563048095595605904677912517045106371,154871630160084713959648168248453494818448992765084470208883541982635,8538052126875487808525488171617670959966268555282628406628347077070,282932992195297025398584359910201455137905350751101461125718593497115,295339599758423878029681156859014297328411554040542646863437663104765,17682746064952711117114135646402328806850407096499138524291411347590,120042463565975899172623679363493433286392352065316802411563416063720,122710793234408403243295910987713733804074567128070712410523178517925,141947105483724560459452484481823250946012214181234970970691762866950,125221224230160551188854402777772824940700695361979949782900152435050;\
211223764646594738521133216907542649152969897088103859419615855828124,9073304365472480214145255414938976472214287039001617700872011263997,29151847835059629577653345199025773806397207058174883734241387950321,47861992905888985719769546179411648545475845124236416136946611155900,294458613668033430862849729994448214672786807748073336885050929733325,314998719334443058552937046848879149294094392417208113359886594133890,184152966445896115524953213619851835467609088933500289775740050266505,231292965498000535268254240951195747539635827611798099901963359058425,43652257445417314578581689436290013908142677102711699023550193773275,102301936789444640914306515021183936241252988860476675040760047928550,49634957935860855298110181422035099752656669192797827082751611328850;\
1725368827393044705872855570872227595291678395116898323891439749764,183759804086778169831666790195115530610398065432889506550869905129216,237033715486474038455355908349134291854437371455524176481793517050576,4347201752656634663999688964467183176916238717447694685182761126025,202687698008148018681873929459621255309920774885966289253367380754025,187836649544795475752453720088226296008639101379473983954030947303960,93716376231314915384656736375808659758212124250203467954742919233210,78292618594486391796524075716154164869992890749838274534338320898070,150614500708681250241757334641410232631070123338673808841547429263325,134775576365071444510294215568007717566094289047346977130263676832925,263866881062483062070108589209490455547247557863446739030674716175800;\
311434323822502462177324605382362371973140123717381929940845094465115,262487748225911918022071229647609466907012024182729680445634226468654,234666692338166025448601396781981130235093419523409680643304000140282,90966219966398918048401773855501264009326728790921130498347650131380,28342213192373750930634168482788417322711112983328494308585097926980,193981576172173417753986101195441535641214632446616131211436806459095,182983570087619636906745169331538645935755552357965160784301420317525,292680636793993829797432400059575994708856791925450592983149466616005,211894432948592424269469912884506239877818372416011314585572795565750,309128894201915039495295544771743279307671192438022897508997820030100,201070601202293080244682375280702627350177565949484462745313148413725;\
10656217739431144209673396605150065477364486286791217934963918617326,160458210997247563700183467195023920423027815172602951505888586996439,288967501818806920713336549257327859861486240021570365068132184178006,111650756444545485413298801619345018415530875093070915099674774361710,288875409804483824772414330394411715623894682938311404711802596691905,248107064650528058035845815572574022931426369060977756586099081439780,37565324654194569999712455495516049040707311773790083531104846019755,306893288518055128800421358451799661392607285845010042778626359332820,59932509067764559272871832100626718466119423203276549316721709778400,269229259124864819423058748794256929493325927071942743150556821651625,238383034843355604750644148130940102897772565824318806639296215542275;\
219355576727624584726380277316522782843232292701557909668755249307231,25750019811343600200930472275360649683321757221795906790348925612796,85840678475049852188585645877013431397557957949986390973290726438538,65570812543710881106965886953064215297747912934056889099842541077540,22573731678215364146435182466343466499809421531600572048123823669325,194854676981156915061262101071687374482976878810983703873888658787040,303233386707721529914102695004624664135110768766486992487254269708905,213555276739794114130018021407408475980723288294763227292469524828210,268089292245201563888976446738539090477154961359826543518525699060450,218727494779247547954447724795171040708381472651299773501545233884550,308037974754542576589001080215174302067029514359693258575339926205850;\
166399861301765224540585415672343266405536477640406959222686830309425,22335078808223140225010445153876662997455148929000112979889676877793,98305803471147554851638870484148451054657512217011800695382177999115,254355287955844852485275732563740316623876928403041694026435776827195,139205253386941577986375093000572570980643302436009578780734715807810,167105446957915261370463254551949224144232623181131771890268007122200,11487691777580137646643963948979000882604160894605638225608617478800,132857164196661329194761700810043195674117636942827658635141266749840,95328166996574396586030804307989447915462792749697884208135888187325,6613975477592013252788818033738658789269798750980583875091303585475,233015628240340018469980785660996855914152463924829743126452677333600;\
241809658968333400328644081598131387632921148158364924028455457418187,274452540578495449275286452418719830405208737296449957092519393092937,49915420947718140125182458270448642843736178948656671968261101029888,273767700680461932736193911210633319418854510341858594090397484475185,109809214599702287296162536595245768067214610761250684967978839362730,8608043448058719837188550970132065576397223770309423705157361917055,295813934225831792223077668457104859739525932166390500456186951349830,108044253079988994920957175532936756657576728198723440282839916707280,110810930550256780626320498606252904866336898391749918109217911160875,7420536561209503323566560995829012369958067408643732587794338730575,293921478198789668491818321995219277817134443947451577626370182596825;\
222075393765234686812036490983209240662217610992193629807265929489357,180216329310572055937103949910231522900314773886245841626385349453634,146597550352042719656670326547107060832764761487202196525136933086428,146270764347960720261192821976784280700003450867251115719948724435250,70738022929423748661741911317694283631740586593441420997632453854725,228184898654584480901386582221618108009817360926588873681119805615385,51628519849434058169100905620522283810844987880982344895818948367900,181600301489595098237540907563006656898375337930604550579864550886065,80854987181764275010764333055715642379552836351741181378726867774625,117391473151806786257243656824441671105302764985644354025339426106550,278591951925168257665205640495432477716748531070232109712122261124700]
/* 
This should be the matrix of frobenius!
*/ 
B = A; 
/* Freed 73 lists. */
