/* Comments begin... 
Coefficient of   x^21 * y^1               = 2
Coefficient of   x^10 * y^2 * z^6         = 2
Coefficient of   x^8 * y^5 * z^5         = -2
Coefficient of   x^6 * y^8 * z^4         = 2
Coefficient of   x^4 * y^11 * z^3         = -2
Coefficient of   x^2 * y^14 * z^2         = 0
Coefficient of   x^1 * z^13               = 1
Coefficient of   y^17 * z^1               = -2

Here is the polynomial we're using this time:

2*x^21*y^1 + 2*x^10*y^2*z^6 + -2*x^8*y^5*z^5 + 2*x^6*y^8*z^4 + -2*x^4*y^11*z^3 + 1*x^1*z^13 + -2*y^17*z^1

Allocate G_len 20 elements and old = 0.
Allocate M_len = 400 elements.
Allocate G_len 40 elements and old = 20.
Allocate M_len = 800 elements.
Allocate G_len 80 elements and old = 40.
Allocate M_len = 1600 elements.
Allocate M_len = 3200 elements.
Allocate G_len 160 elements and old = 80.
Allocate M_len = 6400 elements.
Allocate M_len = 12800 elements.
Allocate G_len 320 elements and old = 160.
Not smooth!
Coefficient of   x^21 * y^1               = 1
Coefficient of   x^10 * y^2 * z^6         = -1
Coefficient of   x^8 * y^5 * z^5         = -1
Coefficient of   x^6 * y^8 * z^4         = 0
Coefficient of   x^4 * y^11 * z^3         = 1
Coefficient of   x^2 * y^14 * z^2         = -1
Coefficient of   x^1 * z^13               = 1
Coefficient of   y^17 * z^1               = 1

Here is the polynomial we're using this time:

1*x^21*y^1 + -1*x^10*y^2*z^6 + -1*x^8*y^5*z^5 + 1*x^4*y^11*z^3 + -1*x^2*y^14*z^2 + 1*x^1*z^13 + 1*y^17*z^1

Allocate M_len = 25600 elements.
The final length of G is 184
[10, 2, 5, 0]  	391	6 
[21, 0, 0, 0]  	399	6  <--- 1
[20, 1, 0, 0]  	403	6 
[8, 5, 5, 0]  	422	5 
[6, 11, 4, 0]  	491	6 
[6, 14, 3, 0]  	529	7 
[5, 0, 15, 0]  	560	6 
[14, 11, 3, 0]  	612	10 
[16, 11, 2, 0]  	619	10 
[11, 0, 14, 0]  	643	9 
[14, 14, 2, 0]  	650	9 
[15, 0, 13, 0]  	688	9 
[10, 19, 2, 0]  	689	9 
[18, 14, 1, 0]  	695	9 
[7, 22, 2, 0]  	701	8 
[7, 6, 14, 0]  	705	8 
[12, 20, 1, 0]  	719	8 
[7, 8, 13, 0]  	720	8 
[6, 9, 13, 0]  	724	7 
[10, 22, 1, 0]  	727	8 
[6, 8, 14, 0]  	732	7 
[5, 25, 2, 0]  	732	7 
[19, 0, 12, 0]  	733	8 
[14, 19, 1, 0]  	734	8 
[5, 9, 14, 0]  	736	7 
[6, 26, 1, 0]  	743	7 
[8, 26, 0, 0]  	750	7 
[5, 11, 13, 0]  	751	7 
[4, 12, 13, 0]  	755	6 
[12, 23, 0, 0]  	757	7 
[8, 25, 1, 0]  	758	7 
[6, 28, 0, 0]  	758	7 
[5, 29, 0, 0]  	762	6 
[4, 11, 14, 0]  	763	6 
[16, 20, 0, 0]  	764	7 
[10, 25, 0, 0]  	765	7 
[4, 26, 3, 0]  	767	6 
[5, 28, 1, 0]  	770	6 
[4, 14, 12, 0]  	770	6 
[5, 24, 4, 0]  	771	6 
[14, 22, 0, 0]  	772	7 
[4, 29, 1, 0]  	774	6 
[19, 18, 0, 0]  	775	7 
[18, 19, 0, 0]  	779	7 
[4, 28, 2, 0]  	782	6 
[3, 14, 13, 0]  	782	6 
[3, 29, 2, 0]  	786	5 
[5, 18, 9, 0]  	788	6 
[4, 31, 0, 0]  	789	6 
[3, 32, 0, 0]  	793	5 
[5, 21, 7, 0]  	795	6 
[5, 17, 10, 0]  	796	6 
[4, 18, 10, 0]  	800	5 
[3, 31, 1, 0]  	801	5 
[3, 0, 24, 0]  	801	5 
[5, 20, 8, 0]  	803	6 
[2, 32, 1, 0]  	805	5 
[4, 25, 5, 0]  	806	6 
[4, 21, 8, 0]  	807	5 
[4, 17, 11, 0]  	808	5 
[5, 23, 6, 0]  	810	6 
[4, 1, 23, 0]  	812	5 
[4, 24, 6, 0]  	814	5 
[4, 20, 9, 0]  	815	5 
[3, 17, 12, 0]  	820	5 
[4, 23, 7, 0]  	822	5 
[2, 18, 12, 0]  	824	4 
[4, 7, 19, 0]  	826	5 
[4, 3, 22, 0]  	827	5 
[3, 12, 16, 0]  	829	5 
[3, 4, 22, 0]  	831	4 
[4, 10, 17, 0]  	833	5 
[4, 6, 20, 0]  	834	5 
[3, 11, 17, 0]  	837	5 
[3, 7, 20, 0]  	838	4 
[3, 3, 23, 0]  	839	4 
[2, 35, 0, 0]  	843	4 
[3, 10, 18, 0]  	845	4 
[3, 6, 21, 0]  	846	4 
[3, 9, 19, 0]  	853	4 
[3, 24, 8, 0]  	857	4 
[3, 20, 11, 0]  	858	4 
[2, 29, 5, 0]  	860	4 
[2, 21, 11, 0]  	862	3 
[3, 27, 6, 0]  	864	4 
[2, 28, 6, 0]  	868	4 
[2, 24, 9, 0]  	869	3 
[3, 26, 7, 0]  	872	4 
[2, 4, 24, 0]  	874	4 
[2, 31, 4, 0]  	875	5 
[2, 27, 7, 0]  	876	3 
[2, 23, 10, 0]  	877	3 
[2, 7, 22, 0]  	881	3 
[2, 10, 20, 0]  	888	3 
[1, 38, 0, 0]  	893	3 
[2, 9, 21, 0]  	896	3 
[1, 10, 21, 0]  	900	2 
[2, 12, 19, 0]  	903	3 
[2, 0, 28, 0]  	906	4 
[1, 13, 19, 0]  	907	2 
[1, 32, 5, 0]  	910	3 
[1, 12, 20, 0]  	915	2 
[1, 31, 6, 0]  	918	3 
[1, 30, 7, 0]  	926	2 
[1, 18, 16, 0]  	929	3 
[0, 30, 8, 0]  	938	1 
[1, 1, 29, 0]  	941	2 
[1, 35, 4, 0]  	948	3 
[1, 0, 30, 0]  	949	2 
[0, 32, 7, 0]  	953	1 
[0, 1, 30, 0]  	953	1 
[0, 16, 19, 0]  	957	1 
[0, 35, 5, 0]  	960	2 
[0, 0, 31, 0]  	961	1  <--- 3
[1, 21, 15, 0]  	967	3 
[0, 18, 18, 0]  	972	1 
[1, 4, 28, 0]  	979	2 
[0, 4, 29, 0]  	991	1 
[0, 21, 17, 0]  	1010	1 
[0, 44, 0, 0]  	1012	2  <--- 2
[1, 7, 27, 0]  	1017	2 
[0, 7, 28, 0]  	1029	1 
[0, 41, 3, 0]  	1036	2 
[0, 24, 16, 0]  	1048	1 
[0, 10, 27, 0]  	1067	1 
[0, 27, 15, 0]  	1086	1 
[0, 13, 26, 0]  	1105	1 
[8, 8, 4, 1]  	460	7 
[18, 5, 4, 1]  	581	10 
[9, 3, 14, 1]  	674	9 
[9, 20, 2, 1]  	693	8 
[8, 23, 1, 1]  	712	8 
[16, 17, 1, 1]  	726	8 
[7, 25, 1, 1]  	739	7 
[5, 15, 11, 1]  	781	6 
[4, 4, 21, 1]  	819	5 
[4, 9, 18, 1]  	841	5 
[3, 21, 10, 1]  	850	4 
[3, 28, 5, 1]  	856	5 
[3, 23, 9, 1]  	865	4 
[2, 26, 8, 1]  	884	3 
[1, 15, 17, 1]  	891	3 
[2, 1, 27, 1]  	898	4 
[1, 27, 9, 1]  	919	2 
[0, 31, 7, 1]  	930	2 
[1, 29, 8, 1]  	934	2 
[1, 24, 12, 1]  	943	3 
[0, 38, 4, 1]  	998	2 
[12, 17, 2, 2]  	681	9 
[2, 15, 16, 2]  	879	4 
[2, 14, 17, 2]  	887	4 
[1, 14, 18, 2]  	899	3 
[0, 32, 6, 2]  	922	2 
[2, 13, 18, 3]  	895	3 
[1, 30, 6, 97]  	895	2 
[0, 1, 29, 97]  	922	1 
[10, 20, 1, 98]  	681	8 
[1, 32, 4, 98]  	879	3 
[1, 31, 5, 98]  	887	3 
[1, 0, 29, 98]  	918	2 
[6, 11, 3, 99]  	460	6 
[14, 11, 2, 99]  	581	8 
[11, 0, 13, 99]  	612	8 
[10, 19, 1, 99]  	658	8 
[7, 6, 13, 99]  	674	6 
[6, 9, 12, 99]  	693	5 
[14, 20, 0, 99]  	726	6 
[7, 26, 0, 99]  	731	5 
[5, 28, 0, 99]  	739	5 
[4, 1, 22, 99]  	781	5 
[2, 7, 20, 99]  	819	3 
[3, 26, 6, 99]  	841	4 
[1, 31, 4, 99]  	856	3 
[1, 12, 19, 99]  	884	2 
[0, 32, 5, 99]  	891	2 
[1, 18, 15, 99]  	898	3 
[0, 31, 6, 99]  	899	2 
[0, 0, 29, 99]  	899	1 
[1, 1, 28, 99]  	910	2 
[0, 13, 20, 99]  	919	1 
[0, 15, 19, 99]  	934	1 
[0, 18, 17, 99]  	941	1 
[0, 41, 0, 99]  	943	1 
[0, 7, 27, 99]  	998	1 
------
The gap is between 4 and 96.
Lengths: 3 3 5 5 3 3.
For 982 = 5*d/2-d1-d2-d3 you get 3 in char 0.
1*x^1*y^23*z^14
1*y^40*z^2
1*y^9*z^25

For 560 = 3*d/2-d1-d2-d3 you get 5 in char 0.
1*x^4*y^17*z^3
1*x^3*y^3*z^14
1*x^2*y^20*z^2
1*x^1*y^6*z^13
1*y^23*z^1

For 138 = d/2-d1-d2-d3 you get 3 in char 0.
1*x^4*z^2
1*x^2*y^3*z^1
1*y^6

Extra powers of p used 0.
The invariant extra is equal to 2.
Start computing 5^3 Delta^1 (x1x2x3)^4... Done.
Start computing 5^4 Delta^2 (x1x2x3)^4... Done.
Start computing 5^5 Delta^3 (x1x2x3)^4... Done.
Start computing 5^6 Delta^4 (x1x2x3)^4... Done.
Start computing 5^7 Delta^5 (x1x2x3)^4... Done.
Start computing 5^8 Delta^6 (x1x2x3)^4... Done.
Start computing 5^9 Delta^7 (x1x2x3)^4... Done.
Start computing 5^10 Delta^8 (x1x2x3)^4... Done.
Start computing 5^11 Delta^9 (x1x2x3)^4... Done.
Start computing 5^12 Delta^10 (x1x2x3)^4... Done.
Start computing aa.
1 2 3 4 5 6 7 8 9 10 11 
*/
A = \
[158888089797248689782563279500106623582816636988170690152787154256571,29317930177879535954439273023646034305890159273512323730832480350515,257180997810300003334599856081356518203551830394633368404268338748078,36396976997429012152908648789311956687897613691856952722894105824285,26326068867276491109888635795259372694579101598030302841226645162400,310560310860431683806755439101442270984889244723787075410584231763870,128983293161141565384208344529599619781713638343723373752673831750665,42575994213355693969392554271827988933375448964183591533566207551075,25558451351004126393643318057776475866574463296703812606259342308025,127802696616255100329516216706891916628317265029890019526017841342725,13911908406461387177498283635616350835141982526874845018121635751600;\
168383839464949813028421890395247018922370280972552032665935329504663,63371686274645464089139559195917553224031855121798198531535999708116,153189364669160557980330638416239575936026031086230647242054952883874,20257489355306433043494189324432027722713661618961906711888381974355,53764677505637284800320689050315686455519651441460983565724619826320,302531858490886215286457255263687400748541963801331831303664074347495,18977746353954356740592781428943001535918252260697048131108424998700,219205512278416864175855734585973391441187020775045437639355707043990,256577296351271417369084370935763794010774242502445568211085476849100,295637833860666637778558709252409203121291078533379956518852234044775,159586372332379580080334337946988929844369352452199890473378781535500;\
243890699578464582659550698116853685779616652367313888703915546571880,157009062558208694639705323133351688335539797192701915504373912464664,213912524059656710921260256446033627517122721550509375519206691556682,54736547071863165207291347977095076795001409760470845123686754571540,299050836498182543633794697194664973595185559116892091536295454788840,25733925361598822957913359194790334293913914946225335046546092712560,109555271914605992805765152167577124370969790365577999025831890432175,191911766190816022349157710377802582965421553426358196387983224706460,97089450001606636970107339384050991631754045287683760683750417676725,173329127329113166651690325018008882654376261934418262938492844016875,13160938829308571355066372420623856728363038459975796792115534759450;\
5647171089972109258028133652025047858888762967189874365364911918204,51524611523195524371447688409366525692844055865981145206522386525190,105471765048187099629895857542837546459383718740244183604588702180666,270267171960867680563769923720289364218565399682222298580448795540030,27144738110090309980050470439073945504770646462028186305406441637310,33136215707903275101513646975026907434729886136852880952789284477280,288181417490010931437732013063698790335687193065804676977915662262965,109879309970086527176218412927833867212099180849847483245203505309500,77796167381032034458370556878892883543978330226921041280354271443350,87745965381967752009840724237919018266594253791244127292591973997350,200013985097825326203998062721478713757154452247846978751447743216375;\
117486386168283185674824099445399436169046730895470997321742677165095,23907662483026429474658076861632606037841436687953661301158505949548,274946269690306589046476009334356179500349291892602473035153370932144,196361214886903607042748560028662733702513745386383434357497877846925,224892443064170619722479389427883412233627662937701715426343577581275,36259961754396108835528397629993465737992036737278993388808707603265,42698750452502069453682264244057944012067840345324599096128870014160,99277787126669639649305956641098426131856507607879808120844968103400,145577353942186535462132755440226210044272317926282341746934919922800,78848507101278812781020623025473168297788489015336447976850336837275,73246421966602117901952914549482401698515122679450161523723629382100;\
27690911893434328899313350285367439923020422216001733673949492685019,19589148829909429958197482025650803408993845710586164198821107056067,244170160254957726578335651610613217888485533687789265190134249315679,3451542634211570942847928894815982835208583195001913923839053494725,218158062388410304688040980051172680891096529737858375379424739901130,102645758572335107496464880123820758050942825492266598171579801811005,306384552282371073629631500604606854308753221216368803449692082702860,308613126690762490180047216514501213423167684184201475141683544391195,295528976611632312990678639954342693217042256744793428682261129296900,109742775057651567805588839443341779683149729332275854286730970443150,220827224570298651117430600218165285320615164776930612501368509334375;\
180003483181453959726764728806771504033950850794302477774247872762391,287218979418592821059016130110073212280688003020893762287718443387202,119820451513006185162846404219383573328483516736487870713527227706724,295760360586728168449887632022962835519082093471047606785749434506525,164676160191257141756686361162068580351082178994109893110645799289515,311162909997651902491310093909152798910263331078154938355170419411240,80428506603992228200876878573438078823117788598263005376040975547030,276387454999984894089255235628847297952605420073159832738236870915620,150484470272272007867306610122737497882023891554406185179083862890950,292028544572193194216331637240288985654445257079231871558757556983075,312303910468443127529720104054026234995992404152673925560523756759400;\
266402847856244384651698980423376202956776064925559827117697334417253,65178731309614831608373555989949377673905779602536944112038537813772,300730370628078323273878087981972470108516140026329392258213222435170,226164066262171826793426676831183479163871562099495111900631554131480,255145777985559775607490765688350615146078311842692418881887413299345,292841712056233358967301368573023773500517474706642997798530470176890,193663622378886584138887250009660816618531345467372200018055912551100,169222606016916461283573266514731816927044171652562198323617905969210,285564671585099644377744041858294831523348237372237209993052791721300,3118826390160710881709489008238216217967502845708456679154185517750,149757388279705927648901817303331481157465383815134916727350186775000;\
112525697770377214377124301426678670519587654487174930052474823521074,239268470571601807212059479910681725867184729622932901833172788647836,159128372392141931733082767340490417029617313013638281588581432836594,45094698469522884694239267430455446219214933589777607385525101498680,213577885822523667188332386674992463724350887078327753668792988417495,139115285973713137224838903702817766570222072976781229626222845644020,99165959776362878103195691156297264814017706620767861349128962475635,198283876280566660020056032122835975978813680023884683485131891933755,190518711561191993075505286241059173821264138695359203364896296119625,275266930281637765736771404608375702971891122436573420721403145157075,243040485122806147980843551078232116895757897483510620051480838601775;\
4042792511923741499291209150910883028995437929754246033018717909948,13203944483335095559409658303632494496169611184086451716083387343473,1282766809728120422418581359077610706698999254757215170043209629526,179702394358862381181125915686941808097142787588172517705983694512010,54611518737745116026205948213647448431593363874117428738004514348340,189888322443770228760593113148275050584901168488175646260447834121745,106054478798723274763196243493938386572986216444218029033853836165790,311602856827862568336567047497361320109619451969266277506408286054435,5381501165472834702628610978594481633772782935310623251940413152550,307482906808487050108858336003491210349528206991202138684532757192075,220386219851718364310732469210500383355654569180149223779531382131625;\
53095186228010304750568196725926709251244143947903956429389386764943,245613138208296778339076867130048393425243394479923949888574764093120,153425875994225432785797017526681357519072835995852865579678480613382,245235973693831043268507919808605861053626708610605305111329001369510,298967783575840637075683946415028565388114401726113123173773621019870,206850058247571215192627015069302138355112385146215046978754244294135,296926120608431460727546955511776612916067690663418947349564849897480,194583612071602762143981095786544553758249961274609362337087972180125,139255438658368896227730891657751163347496386855637101490531779970450,196410019463297278059846755289199421706556909714657636021233717383125,125426253315849896107992416634347699921343054774081810833799872843375]
/* 
This should be the matrix of frobenius!
*/ 
B = A; 
/* Freed 73 lists. */
