/* Comments begin... 
Coefficient of   x^21 * y^1               = 1
Coefficient of   x^10 * y^2 * z^6         = 0
Coefficient of   x^8 * y^5 * z^5         = 2
Coefficient of   x^6 * y^8 * z^4         = 2
Coefficient of   x^4 * y^11 * z^3         = 2
Coefficient of   x^2 * y^14 * z^2         = 0
Coefficient of   x^1 * z^13               = 2
Coefficient of   y^17 * z^1               = 0

Here is the polynomial we're using this time:

1*x^21*y^1 + 2*x^8*y^5*z^5 + 2*x^6*y^8*z^4 + 2*x^4*y^11*z^3 + 2*x^1*z^13

Allocate G_len 20 elements and old = 0.
Allocate M_len = 400 elements.
Allocate G_len 40 elements and old = 20.
Allocate M_len = 800 elements.
Allocate G_len 80 elements and old = 40.
Allocate M_len = 1600 elements.
Not smooth!
Coefficient of   x^21 * y^1               = -2
Coefficient of   x^10 * y^2 * z^6         = -1
Coefficient of   x^8 * y^5 * z^5         = 1
Coefficient of   x^6 * y^8 * z^4         = -2
Coefficient of   x^4 * y^11 * z^3         = -2
Coefficient of   x^2 * y^14 * z^2         = 2
Coefficient of   x^1 * z^13               = 1
Coefficient of   y^17 * z^1               = 2

Here is the polynomial we're using this time:

-2*x^21*y^1 + -1*x^10*y^2*z^6 + 1*x^8*y^5*z^5 + -2*x^6*y^8*z^4 + -2*x^4*y^11*z^3 + 2*x^2*y^14*z^2 + 1*x^1*z^13 + 2*y^17*z^1

Allocate M_len = 3200 elements.
Allocate G_len 160 elements and old = 80.
Allocate M_len = 6400 elements.
Allocate M_len = 12800 elements.
Allocate G_len 320 elements and old = 160.
Allocate M_len = 25600 elements.
The final length of G is 184
[10, 2, 5, 0]  	391	7 
[21, 0, 0, 0]  	399	7  <--- 1
[20, 1, 0, 0]  	403	7 
[8, 5, 5, 0]  	422	6 
[8, 8, 4, 0]  	460	7 
[6, 14, 3, 0]  	529	7 
[7, 0, 15, 0]  	598	7 
[14, 11, 3, 0]  	612	11 
[18, 8, 3, 0]  	619	11 
[11, 0, 14, 0]  	643	10 
[14, 14, 2, 0]  	650	10 
[18, 11, 2, 0]  	657	11 
[15, 0, 13, 0]  	688	10 
[10, 19, 2, 0]  	689	9 
[9, 20, 2, 0]  	693	8 
[18, 14, 1, 0]  	695	9 
[7, 6, 14, 0]  	705	8 
[8, 23, 1, 0]  	712	8 
[12, 20, 1, 0]  	719	9 
[8, 22, 2, 0]  	720	8 
[7, 8, 13, 0]  	720	8 
[16, 17, 1, 0]  	726	9 
[10, 22, 1, 0]  	727	8 
[6, 8, 14, 0]  	732	7 
[5, 25, 2, 0]  	732	7 
[19, 0, 12, 0]  	733	9 
[14, 19, 1, 0]  	734	9 
[5, 9, 14, 0]  	736	7 
[7, 25, 1, 0]  	739	7 
[6, 26, 1, 0]  	743	7 
[8, 26, 0, 0]  	750	8 
[5, 11, 13, 0]  	751	7 
[12, 23, 0, 0]  	757	8 
[6, 28, 0, 0]  	758	7 
[6, 12, 12, 0]  	762	7 
[4, 11, 14, 0]  	763	6 
[16, 20, 0, 0]  	764	7 
[10, 25, 0, 0]  	765	8 
[4, 26, 3, 0]  	767	6 
[5, 28, 1, 0]  	770	6 
[4, 14, 12, 0]  	770	6 
[6, 7, 16, 0]  	771	6 
[5, 24, 4, 0]  	771	6 
[14, 22, 0, 0]  	772	7 
[4, 29, 1, 0]  	774	6 
[19, 18, 0, 0]  	775	8 
[18, 19, 0, 0]  	779	8 
[5, 15, 11, 0]  	781	6 
[4, 28, 2, 0]  	782	7 
[3, 29, 2, 0]  	786	5 
[6, 1, 21, 0]  	788	6 
[5, 18, 9, 0]  	788	6 
[3, 32, 0, 0]  	793	5 
[6, 4, 19, 0]  	795	6 
[5, 21, 7, 0]  	795	6 
[6, 0, 22, 0]  	796	6 
[5, 17, 10, 0]  	796	6 
[5, 1, 22, 0]  	800	5 
[4, 18, 10, 0]  	800	5 
[3, 31, 1, 0]  	801	5 
[3, 0, 24, 0]  	801	5 
[5, 20, 8, 0]  	803	6 
[2, 32, 1, 0]  	805	5 
[5, 8, 17, 0]  	806	6 
[4, 25, 5, 0]  	806	6 
[5, 4, 20, 0]  	807	5 
[4, 21, 8, 0]  	807	5 
[5, 31, 0, 0]  	808	6 
[4, 17, 11, 0]  	808	5 
[6, 6, 18, 0]  	810	6 
[5, 23, 6, 0]  	810	6 
[5, 7, 18, 0]  	814	5 
[4, 24, 6, 0]  	814	5 
[5, 3, 21, 0]  	815	5 
[4, 20, 9, 0]  	815	5 
[5, 6, 19, 0]  	822	5 
[4, 23, 7, 0]  	822	5 
[2, 18, 12, 0]  	824	4 
[4, 7, 19, 0]  	826	5 
[4, 3, 22, 0]  	827	5 
[3, 12, 16, 0]  	829	5 
[3, 4, 22, 0]  	831	4 
[4, 6, 20, 0]  	834	5 
[3, 11, 17, 0]  	837	5 
[3, 7, 20, 0]  	838	4 
[3, 3, 23, 0]  	839	4 
[4, 9, 18, 0]  	841	5 
[3, 10, 18, 0]  	845	4 
[3, 6, 21, 0]  	846	4 
[3, 21, 10, 0]  	850	4 
[3, 9, 19, 0]  	853	4 
[3, 28, 5, 0]  	856	5 
[3, 24, 8, 0]  	857	4 
[2, 29, 5, 0]  	860	4 
[2, 21, 11, 0]  	862	3 
[3, 27, 6, 0]  	864	4 
[3, 23, 9, 0]  	865	4 
[2, 28, 6, 0]  	868	4 
[2, 24, 9, 0]  	869	3 
[3, 26, 7, 0]  	872	4 
[2, 4, 24, 0]  	874	4 
[2, 31, 4, 0]  	875	5 
[2, 27, 7, 0]  	876	3 
[2, 23, 10, 0]  	877	3 
[2, 15, 16, 0]  	879	4 
[2, 7, 22, 0]  	881	3 
[2, 14, 17, 0]  	887	4 
[2, 10, 20, 0]  	888	3 
[1, 15, 17, 0]  	891	3 
[1, 38, 0, 0]  	893	3 
[2, 9, 21, 0]  	896	3 
[2, 1, 27, 0]  	898	4 
[1, 14, 18, 0]  	899	3 
[1, 10, 21, 0]  	900	2 
[2, 12, 19, 0]  	903	3 
[2, 0, 28, 0]  	906	4 
[1, 13, 19, 0]  	907	2 
[1, 12, 20, 0]  	915	2 
[1, 31, 6, 0]  	918	3 
[1, 27, 9, 0]  	919	2 
[0, 32, 6, 0]  	922	2 
[1, 30, 7, 0]  	926	2 
[1, 18, 16, 0]  	929	3 
[0, 31, 7, 0]  	930	2 
[1, 29, 8, 0]  	934	2 
[0, 30, 8, 0]  	938	1 
[1, 24, 12, 0]  	943	3 
[1, 35, 4, 0]  	948	3 
[1, 0, 30, 0]  	949	2 
[0, 1, 30, 0]  	953	1 
[0, 16, 19, 0]  	957	1 
[0, 35, 5, 0]  	960	2 
[0, 0, 31, 0]  	961	1  <--- 3
[1, 21, 15, 0]  	967	3 
[0, 18, 18, 0]  	972	1 
[0, 4, 29, 0]  	991	1 
[0, 38, 4, 0]  	998	2 
[0, 21, 17, 0]  	1010	1 
[0, 44, 0, 0]  	1012	2  <--- 2
[1, 7, 27, 0]  	1017	2 
[0, 7, 28, 0]  	1029	1 
[0, 41, 3, 0]  	1036	2 
[0, 24, 16, 0]  	1048	1 
[0, 10, 27, 0]  	1067	1 
[0, 27, 15, 0]  	1086	1 
[0, 13, 26, 0]  	1105	1 
[6, 11, 4, 1]  	491	6 
[5, 0, 15, 1]  	560	6 
[18, 5, 4, 1]  	581	12 
[7, 22, 2, 1]  	701	8 
[6, 9, 13, 1]  	724	7 
[5, 29, 0, 1]  	762	6 
[3, 14, 13, 1]  	782	6 
[4, 31, 0, 1]  	789	6 
[4, 1, 23, 1]  	812	5 
[4, 4, 21, 1]  	819	5 
[3, 17, 12, 1]  	820	5 
[2, 35, 0, 1]  	843	4 
[3, 20, 11, 1]  	858	4 
[2, 26, 8, 1]  	884	3 
[2, 13, 18, 1]  	895	3 
[1, 32, 5, 1]  	910	3 
[1, 1, 29, 1]  	941	2 
[1, 4, 28, 1]  	979	2 
[9, 3, 14, 2]  	674	9 
[12, 17, 2, 2]  	681	9 
[4, 12, 13, 2]  	755	6 
[4, 10, 17, 2]  	833	5 
[8, 20, 2, 98]  	674	8 
[10, 20, 1, 98]  	681	8 
[5, 26, 1, 98]  	724	6 
[3, 29, 1, 98]  	755	5 
[3, 27, 5, 98]  	833	4 
[4, 14, 3, 99]  	491	5 
[16, 8, 3, 99]  	581	10 
[6, 8, 13, 99]  	701	7 
[2, 31, 1, 99]  	782	5 
[2, 3, 22, 99]  	789	3 
[4, 6, 19, 99]  	803	4 
[2, 1, 24, 99]  	805	3 
[3, 21, 9, 99]  	819	4 
[1, 12, 19, 99]  	884	2 
[1, 30, 6, 99]  	895	2 
[0, 18, 16, 99]  	910	1 
------
The gap is between 3 and 97.
Lengths: 3 3 5 6 3 3.
For 982 = 5*d/2-d1-d2-d3 you get 3 in char 0.
1*x^1*y^23*z^14
1*y^40*z^2
1*y^9*z^25

For 560 = 3*d/2-d1-d2-d3 you get 5 in char 0.
1*x^4*y^17*z^3
1*x^3*y^3*z^14
1*x^2*y^20*z^2
1*x^1*y^6*z^13
1*y^23*z^1

For 138 = d/2-d1-d2-d3 you get 3 in char 0.
1*x^4*z^2
1*x^2*y^3*z^1
1*y^6

Extra powers of p used 1.
The invariant extra is equal to 2.
Start computing 5^3 Delta^1 (x1x2x3)^4... Done.
Start computing 5^4 Delta^2 (x1x2x3)^4... Done.
Start computing 5^5 Delta^3 (x1x2x3)^4... Done.
Start computing 5^6 Delta^4 (x1x2x3)^4... Done.
Start computing 5^7 Delta^5 (x1x2x3)^4... Done.
Start computing 5^8 Delta^6 (x1x2x3)^4... Done.
Start computing 5^9 Delta^7 (x1x2x3)^4... Done.
Start computing 5^10 Delta^8 (x1x2x3)^4... Done.
Start computing 5^11 Delta^9 (x1x2x3)^4... Done.
Start computing 5^12 Delta^10 (x1x2x3)^4... Done.
Start computing aa.
1 2 3 4 5 6 7 8 9 10 11 
*/
A = \
[1103984049079051598299079807887195268265637499697921695943273272435875,198678573339237497408951662700787292816005955696092397531328149904435,524421418751825823815162966379790707864317282730439952713087521578530,645226692411873560467447474153518404599394725357959110215670137123300,1552883116744253398146235431816358744788651383274935346289148673942000,1541608904827203681881613177451430834329912363760707358510737413943100,869328890140614277638352609423822105449622391504525676081960248298175,1169735425708957795915924281524691216707355102934169226203297155381900,478901114957621633718122936350332151187095301228850064127569859609000,1431719353915049370954277635147268745807096504934138319082620232310000,1168224570265994870222316791692834628649865780526125482654937247840875;\
817822753096220674349879490973989432022142838564106659109789610255700,152758542835656326610305646262143632445097173403061724371174844804735,294685337484094612322968764801524237350348933448326982837463195284790,1196453093995590898337442381170220701188231520426870316016805053637250,69117559471573246873566480167150009871982072985281544068551969069300,847407424480079481427722119250212093516350351630035193164320408202650,1151425343737333608064269219306036728435382509250469032634613961458850,1370504354643976719018892341581336187846268989528397207114749309415000,1257510419906841461056426172973790779555725140947394245441721237617750,1531452243823129860753256510553330917886752217464456258801808975861750,1497163453292627244175299201606184799608178066400151161632732608214375;\
273247089253832175643889789777624223353430256125675816285622511939610,350517916121481858378900207184988532293649465395264749293574253460225,1238243504553088096906802038651544711865705318275690257291205474456330,296809080419450987466884672440973829080922964420264761786664441761350,1437715493355198237585074475353425713631230878613057016828262765252950,1387791285288583193749367133227384186331842768317564028681342900207825,579075668987707928376293944417230185584220939908403846690506525061050,1242421037540627372318732093984410424158038211541477669910601330330625,1179195073295951800247886604655840204101233912198368632303297498688250,1408281309005825008324190426389369461904038573360575408423358500533250,18692302090359367079126704396887374449593749896133228436214418353375;\
923262220409089797975960168600338384636646527349707609603436995820959,932516726251106507256461984552607629120540390933660110257931916893125,345263366645357467306613116517960337518276303210861610615167728326242,974850962327575677086649914992171956592502433559947144153390298272250,726065414394105598809315646644441788518058054371625227337961884724070,728037781462983375710819637049390238224900779283899670429264621006590,841211374562225480350629052550336571186561669560795308225886263968505,631536031937608658132677836284817547212477826527926214505551753795630,589523431691899532973349991511773069924517833424986445210967342848300,1085299030335261427785067914168257708066919534825447280198571994586975,577311907256290751902524193692059901807614924649460515263177026725825;\
924983070892233839633599187644276005241250765764679009280083982848342,681832766426414790562680641760211144712919842492757604151207746216485,493566684988987043970289414773186364009256924364656394658457731424016,121835771001030328393935983782759470833522706229343064446807620915650,1558036696331500227649751883879869277685103317535148319200818016535210,73372245503905898159151582946711159622970338556073789168599054590370,12443911518455974574898172688544612088708369987410891947545059468965,213612811998959096790373769446855880585769252164945138684878906331840,1450448667323129487466155386877902720831459159622935987730672180622900,499908071395464056711469003358577066146932939784639496385554913054800,1073270091221848305503848037170975377661592785976752495372448148654600;\
920033647420493776204131807055992032959703235907293923158323086907083,748729275813048351215574550913599988336711867517578380291190464693235,585999352513966613342571524366694388801537823769644442709430979972774,1191340307557220415983256781497164574393405613589601551859392626208650,614996546809279962025137780123810386167852105735516203990367231006840,915650885726974521460159160502745090020678206668690042648966920695080,1305773684697735450390433222290914757318542732800508175795684663255535,392698679656828127228435637609318921956217567735639532503954462715760,604210803761929067147247721926111444716953834831055295998978432455600,887076732863264880206279471206942103987109398127856814271141854065575,902785358048450235895529276185131886799436993393301865900532378148150;\
1011990813577951394244277935015452901525951453665930379171221451911832,1242806057403066109492035463562857476155032458861973662257616191613230,917922063271005443358172656137155956108852440299029095689437696404351,442545303179691634074351567337777639992391779604588917988587024656175,509290350137419535671607211115779657261306515210113023575352054985035,419281511871796817562773026489955259579051265767402055859268832544570,825934377154429051826135477631894822711418216379053634890603527790490,853640822106212230461067974971620825337861564801713817688323534875065,949861366753356640864083227432066053796548932353462155775799318887400,832592312536589373700227688524388987366139418300698036889076474468175,1324161389496716194533270431075216371231621533208627317963746161251350;\
576287688275669072386905061341299179948440356938116226942123296998621,762183840115910204157917136681893062802902687325880850103568767641150,628520522430176429710576667688988952472131436531217579879266525618383,829467160230503944668713099246972595901177002503434463011644200908300,127076465324510061058448339167096338397358223535488628875442255860505,1132688323808117895350058734944972215316435925547191092682568530200835,529882696314096787827445652500260306548128998715305149854817942071170,1009109109471133152618595334217208337859555806560823124708411863501270,1133942205061195514782360232816956069474678662270149944777895056676825,749662775584075936063344558539917663477470991449154847566767111870400,1526313062783790527634170885392721283744412560269797401531960540198175;\
140611782022325339283303465278435869727816781974357282712103737304910,37475972207822075918966645462432084346274579781259029421782706737740,491070352776486322933218839580315263100046158313785808366747790803485,1248947371561696344643983032575110873122667377749830807294459947957725,83798895485943911831267308375344107471171677325406780347460350250,946086198546403203943827745983887206667447684756016805511244351464275,811412688101582470160174294048078460210630400708502283101491519692425,612930532309738365693401594843828333753535473023210730777968480362300,287409917255714904892744794607084069744063026472087121526624041896000,193884107925576015980082760033713348969420531221425370364803694804000,982122493230779047660893391811391644311753395442555335534643603049125;\
1138047156604585559505962432490993333309261555177376389283141685179199,1457654284161836087886819635552147587219974507450248111441375954956830,372744078469136965329298661050830860848074214723557989773014564136372,12763544074633153005914290161614667715887296297140193059618360799825,1453970669861840949965525178226300051573153720571253004073444117660795,209587940417398269029522352238427933905624530061630293130564096931965,1523110640669958328609085312785492426137860173715041941678239788534255,552047873842436936116747588203392197054357624327688728914811230860505,455642158562404941425619291428209406576231059902426433237540315369300,456347170345972431505319230418894608969649734313835913549752501877475,366035978562078260078556959554264910193425407082528742066153084882575;\
486081764531484332824629394536791461674990956054739425691850987894366,852713545539902036230852210186443815777940021268965347245096645465455,1066500504341879099978148743379314793543614245770792191469141829163963,1534894044423812264537537648774801237017012153987158420224983882169550,1192974309196110007069997314417158683095813506731908688474612241408155,769419476691053753996257455286890382499094316388391623286762885038910,68129585584702325882225976262007421193433052749015202936789419076695,439412485708233169107530067892848105295317526680445316870129133095945,587157103334219482284486721849578832991600030896673400444009701081075,10164501461708545932639822254575941488564646161866831266369779336525,111536994433899049577922914372696107395313607619270090294468548282175]
/* 
This matrix times 5^(-1) should be the matrix of frobenius.
*/ 
B = 5^(-1) * A; 
/* Freed 74 lists. */
