/* Comments begin... 
Coefficient of   x^21 * y^1               = 2
Coefficient of   x^10 * y^2 * z^6         = -2
Coefficient of   x^8 * y^5 * z^5         = 1
Coefficient of   x^6 * y^8 * z^4         = -1
Coefficient of   x^4 * y^11 * z^3         = 0
Coefficient of   x^2 * y^14 * z^2         = 0
Coefficient of   x^1 * z^13               = -1
Coefficient of   y^17 * z^1               = -2

Here is the polynomial we're using this time:

2*x^21*y^1 + -2*x^10*y^2*z^6 + 1*x^8*y^5*z^5 + -1*x^6*y^8*z^4 + -1*x^1*z^13 + -2*y^17*z^1

Allocate G_len 20 elements and old = 0.
Allocate M_len = 400 elements.
Allocate G_len 40 elements and old = 20.
Allocate M_len = 800 elements.
Allocate G_len 80 elements and old = 40.
Allocate M_len = 1600 elements.
Allocate M_len = 3200 elements.
Allocate G_len 160 elements and old = 80.
Allocate M_len = 6400 elements.
Allocate M_len = 12800 elements.
Allocate G_len 320 elements and old = 160.
The final length of G is 150
[10, 2, 5, 0]  	391	5 
[21, 0, 0, 0]  	399	5  <--- 1
[20, 1, 0, 0]  	403	5 
[8, 5, 5, 0]  	422	4 
[8, 8, 4, 0]  	460	6 
[6, 11, 4, 0]  	491	5 
[6, 14, 3, 0]  	529	7 
[5, 0, 15, 0]  	560	6 
[14, 11, 3, 0]  	612	8 
[18, 8, 3, 0]  	619	8 
[11, 0, 14, 0]  	643	7 
[15, 0, 12, 0]  	657	8 
[9, 3, 14, 0]  	674	7 
[12, 17, 2, 0]  	681	7 
[14, 17, 1, 0]  	688	7 
[10, 19, 2, 0]  	689	7 
[9, 20, 2, 0]  	693	6 
[12, 19, 1, 0]  	696	7 
[7, 22, 2, 0]  	701	7 
[14, 19, 0, 0]  	703	7 
[7, 6, 14, 0]  	705	7 
[8, 23, 1, 0]  	712	7 
[7, 8, 13, 0]  	720	7 
[6, 9, 13, 0]  	724	6 
[10, 22, 1, 0]  	727	7 
[6, 8, 14, 0]  	732	7 
[5, 25, 2, 0]  	732	7 
[5, 17, 8, 0]  	734	6 
[5, 9, 14, 0]  	736	7 
[7, 25, 1, 0]  	739	6 
[6, 26, 1, 0]  	743	6 
[8, 26, 0, 0]  	750	7 
[5, 11, 13, 0]  	751	7 
[4, 20, 7, 0]  	753	5 
[4, 12, 13, 0]  	755	6 
[6, 28, 0, 0]  	758	7 
[5, 29, 0, 0]  	762	5 
[4, 11, 14, 0]  	763	6 
[5, 28, 1, 0]  	770	5 
[4, 14, 12, 0]  	770	6 
[5, 24, 4, 0]  	771	6 
[4, 29, 1, 0]  	774	6 
[19, 18, 0, 0]  	775	7 
[5, 15, 11, 0]  	781	6 
[3, 14, 13, 0]  	782	6 
[3, 29, 2, 0]  	786	5 
[4, 31, 0, 0]  	789	6 
[4, 23, 6, 0]  	791	5 
[4, 18, 10, 0]  	800	5 
[3, 31, 1, 0]  	801	5 
[3, 0, 24, 0]  	801	5 
[4, 6, 19, 0]  	803	5 
[2, 32, 1, 0]  	805	5 
[4, 25, 5, 0]  	806	6 
[4, 17, 11, 0]  	808	5 
[4, 4, 21, 0]  	819	5 
[3, 17, 12, 0]  	820	5 
[3, 9, 18, 0]  	822	4 
[2, 18, 12, 0]  	824	4 
[4, 3, 22, 0]  	827	5 
[3, 12, 16, 0]  	829	5 
[3, 4, 22, 0]  	831	4 
[4, 10, 17, 0]  	833	5 
[3, 11, 17, 0]  	837	5 
[3, 7, 20, 0]  	838	4 
[3, 34, 0, 0]  	839	4 
[2, 35, 0, 0]  	843	4 
[3, 6, 21, 0]  	846	4 
[3, 21, 10, 0]  	850	4 
[3, 28, 5, 0]  	856	5 
[3, 24, 8, 0]  	857	4 
[3, 20, 11, 0]  	858	4 
[2, 21, 11, 0]  	862	3 
[3, 27, 6, 0]  	864	4 
[2, 28, 6, 0]  	868	4 
[2, 24, 9, 0]  	869	3 
[3, 26, 7, 0]  	872	4 
[2, 4, 24, 0]  	874	4 
[2, 31, 4, 0]  	875	5 
[2, 23, 10, 0]  	877	3 
[2, 15, 16, 0]  	879	4 
[2, 7, 22, 0]  	881	3 
[2, 26, 8, 0]  	884	3 
[2, 14, 17, 0]  	887	4 
[2, 10, 20, 0]  	888	3 
[1, 15, 17, 0]  	891	3 
[1, 38, 0, 0]  	893	3 
[2, 9, 21, 0]  	896	3 
[2, 1, 27, 0]  	898	4 
[1, 10, 21, 0]  	900	2 
[2, 12, 19, 0]  	903	3 
[1, 32, 5, 0]  	910	3 
[1, 12, 20, 0]  	915	2 
[1, 31, 6, 0]  	918	3 
[0, 32, 6, 0]  	922	2 
[1, 30, 7, 0]  	926	2 
[1, 18, 16, 0]  	929	3 
[1, 14, 19, 0]  	930	2 
[0, 31, 7, 0]  	930	2 
[2, 0, 29, 0]  	937	3 
[0, 30, 8, 0]  	938	1 
[1, 1, 29, 0]  	941	2 
[1, 35, 4, 0]  	948	3 
[1, 0, 30, 0]  	949	2 
[0, 1, 30, 0]  	953	1 
[0, 16, 19, 0]  	957	1 
[0, 35, 5, 0]  	960	2 
[0, 0, 31, 0]  	961	1  <--- 3
[1, 21, 15, 0]  	967	3 
[0, 18, 18, 0]  	972	1 
[1, 4, 28, 0]  	979	2 
[0, 4, 29, 0]  	991	1 
[0, 38, 4, 0]  	998	2 
[0, 21, 17, 0]  	1010	1 
[0, 44, 0, 0]  	1012	2  <--- 2
[0, 7, 28, 0]  	1029	1 
[0, 41, 3, 0]  	1036	2 
[0, 24, 16, 0]  	1048	1 
[0, 10, 27, 0]  	1067	1 
[0, 27, 15, 0]  	1086	1 
[0, 13, 26, 0]  	1105	1 
[18, 5, 4, 1]  	581	8 
[13, 0, 13, 1]  	650	7 
[4, 28, 2, 1]  	782	6 
[3, 1, 23, 1]  	793	4 
[2, 29, 5, 1]  	860	4 
[3, 23, 9, 1]  	865	4 
[2, 27, 7, 1]  	876	3 
[1, 14, 18, 1]  	899	3 
[2, 0, 28, 1]  	906	4 
[1, 13, 19, 1]  	907	2 
[1, 27, 9, 1]  	919	2 
[1, 29, 8, 1]  	934	2 
[1, 24, 12, 1]  	943	3 
[1, 7, 27, 1]  	1017	2 
[4, 26, 3, 2]  	767	6 
[2, 13, 18, 2]  	895	3 
[3, 12, 14, 98]  	767	5 
[1, 30, 6, 98]  	895	2 
[16, 8, 3, 99]  	581	6 
[12, 17, 1, 99]  	650	5 
[2, 31, 1, 99]  	782	4 
[2, 18, 11, 99]  	793	3 
[1, 15, 16, 99]  	860	3 
[2, 9, 20, 99]  	865	3 
[0, 30, 6, 99]  	876	1 
[0, 13, 20, 99]  	919	1 
[0, 15, 19, 99]  	934	1 
[0, 41, 0, 99]  	943	2 
[0, 24, 15, 99]  	1017	1 
------
The gap is between 3 and 97.
Lengths: 3 3 5 5 3 3.
For 982 = 5*d/2-d1-d2-d3 you get 3 in char 0.
1*x^1*y^23*z^14
1*y^40*z^2
1*y^9*z^25

For 560 = 3*d/2-d1-d2-d3 you get 5 in char 0.
1*x^4*y^17*z^3
1*x^3*y^3*z^14
1*x^2*y^20*z^2
1*x^1*y^6*z^13
1*y^23*z^1

For 138 = d/2-d1-d2-d3 you get 3 in char 0.
1*x^4*z^2
1*x^2*y^3*z^1
1*y^6

Extra powers of p used 0.
The invariant extra is equal to 2.
Start computing 5^3 Delta^1 (x1x2x3)^4... Done.
Start computing 5^4 Delta^2 (x1x2x3)^4... Done.
Start computing 5^5 Delta^3 (x1x2x3)^4... Done.
Start computing 5^6 Delta^4 (x1x2x3)^4... Done.
Start computing 5^7 Delta^5 (x1x2x3)^4... Done.
Start computing 5^8 Delta^6 (x1x2x3)^4... Done.
Start computing 5^9 Delta^7 (x1x2x3)^4... Done.
Start computing 5^10 Delta^8 (x1x2x3)^4... Done.
Start computing 5^11 Delta^9 (x1x2x3)^4... Done.
Start computing 5^12 Delta^10 (x1x2x3)^4... Done.
Start computing aa.
1 2 3 4 5 6 7 8 9 10 11 
*/
A = \
[52111393377112566421764964399791142449524881041701215829702073709210,242583656369410005829520393578202233464638907782473467178981472366056,7547257280496783474749516342135229350469484272597569500187177998807,153622373603774931416714715379184660677280722380938548273335187447115,268122831611778275059134632676124951807062997888049148405694483649070,3663830484805477081469449408891020114420479182059814763811501355015,52777912068513645896829812168411739062033698180401131269206442446595,265013154164213145013556417840558148657831929109307317926674399332655,49378843061051802359359522583933344588175893655907102299797690892700,293346376958831373917352022843869954116951038199117351938032923709500,262927157842020665440453223995771908733680376616878745099713171241325;\
70416787961281783828389653724419559582207102297917237629650777401617,147908551356760551919145332712972815756340714528937676951381255249629,247600568357568735079775834164031446989399090047532193749811408221111,271739352552886783299590482152601764610930042570087566422388798307865,265273065324003208668100399715201478251229832203763349553242184863535,208663254650141970263685341728100605042688560802035096035799440675390,88852342300064236887444444918261533115809393257839790098745723103440,180178539196525455266586974545468744264780786579348106237151606810125,146830071268091100972413822662668155309832644615687663016033932606775,123878240837847751302805280667557613142750023764334126101383982228150,180254847474825268058111852373775786382090897467089300584184209289125;\
96827142242478805955358842442923363437670173143327158849026570146752,24537205134650780299102120616595674489702623329715459531986826798892,249266384161838591405760896380275933352139427450782705685282862430196,207208540610841512001343659396184031659010803222304690598064870126635,245797676000711620742443489732090498916270007045469269557958007482960,23119187760282115662267981124163604914631398514739064492585961568810,54203777383718568289072362302355409839217987254887829775279687674105,209917649510380697305873210732766691225110147614808091710943664667020,106991267246166269105619846846104812942373081041250378608122113345550,197248202840360682077560556774142055764876789457224893743291207777725,243938582341435744491715717883423076733936836417998947408790775394425;\
210281799114988413863551363358522280021309874017704931528833639453356,194753042536914033077971550151950346726487750962608726610271601454791,252442133652720430002289967353044161446427549870695204195482267380404,97457621718639660710626112699182369820349330571640429768370732214925,126525207158611996611022461198972001375883914241370003175010805101335,193988076988603533970874395312880197626030453333454644812728170221885,199911315842222623273272783455492017407273829455341651532536171476200,30637720924189591999436284204861590875075198373618869137484948696310,117151461210900721603679079599561389710068350725395244980259300046825,136746877748736852839728924820376465220315671553357471194909510942500,244857723394102679477928515864517125325363488115124071176055408175675;\
103289478752587423292596089458273013403907220226124526728902732764432,93162211604316555515200689080168337969480805386307246922683666818595,121842770647216668447438288333314239333097535244017735203422131788728,255775014610203004255741426627684662858173603721319620478091853569545,306432588074896122102151207835370717469850903574419859418185281103655,90307980665390055124771277203844867445183909280237119888456013868625,148098529482826586966449764352973279396848858592827906425557989993085,111077704193977904636423605084305618978996652413171077134484704302960,165855771541460593551654792872221748191693244754293389430000678924800,272397934826657608062928292357942375433434693695746347199711782158525,264196585956737044209309141238622480917741212251480042469891667002225;\
303551871747207528418799967108555130081206043560994707278946905582607,172544334192919425731642225866770112736802255027423116904232369388369,11503295241821393567045834636787781794392779115998130904282196844362,46219942274673345346694071323436060473689882080602522766962554731810,210513029565107575480073876107084636449276794128624145374555164532205,248421454113287121670217858591662319395920686011388367991136692466705,29099353667912339194303829559458870175987002388014071571943799901225,16792013607223356934541191102505051380242956813633518506167578238530,271275991177346219831596438839900931426445144672445699274114368257875,96700393333966143043403024132895410181850568081628126487275541288850,95946149872582710201156419232079495796411799045522483164151296230525;\
29448574079138095639526551749788699375622923490668395004527242672981,146022831778450904043283516125196319864065455338520327905718933827659,153462165359359802670465324308938588517098223060869471182412241233656,208909630163940445811014682214781582228497385264882376594894733598885,264862921269503517837890166921648013510338913148129519442585742111015,190204569596422682950256292015234353796848974310267657729054606775955,112127357756728258185751963707001323859439440633816841892775354038285,264693388896301983924325132543707129457231420288084556586154512992925,440216603971463076079426735340341893207478560941924377994397214550,95384734469650930822644621222212545873086051259372235742674017032375,128880619922234174758222107367863786847185683795484031794516537730200;\
9295795730773038101508956534055109913328183114240791506488185625049,209637513852217938482067713565648587306736532051846682245697517937368,59750671520609155356220968538090385042287465728116107542961579905448,59674092040880271673883842530543741072740940956742957436167715969940,158137583171827826945252664378042697507040405897605308581204899030385,292574246732331969010931742469138244251801380902972938316285978774450,139962414235894696641884873067175845876034485463421794675151286308565,244962751309843689255426805489381573182911888172508144349571487876995,258726007373029487764050930886599293669096475579112476769016514917525,116189434082473160681657069670617655313392185686969431032526167145850,219825273572078087150831755962910504994016706813448786658019700779900;\
158740870451199444420399512334423605447509074159455190165605740387758,310188659209124686303177560124758425646399541588078350312899406862213,63854308655711595814396063275405981132865149498597882539660349528337,70446200179239474793915028111204630935767724998603666837898664652325,80002179621053791511656547441192408864199716339672052051007223498980,165479644089978360005690772447405368979920454346597293721016592179380,156957073491306242900400258303627588436379485037928317374571718790025,17795872541355047045642868304646606659717395879149073658810223684505,124071826845317389324675362472899027646358719891059297852814032524850,38487486699546488126313249437591407546407480866120246368283345918625,62176019402701918578256052278822869439423818112728536704070660842500;\
91647989520961681614042814073329747172839201756893189035599214468604,95275744749676694471892754318557687587720951845860534428052524747873,282298995698734620197479290209301463515086394476857023468090047951656,165933715467547248528007404140042016963613585294109766636427639159785,149920989332908636377776790877569198931148123458274457565490348160620,76449608027799083021189886456470214745878462205761171286929493508180,279798681192664631301534642029128664110957929156279293085450778008630,195401759949365203577480818382642258716033602006569962798969058023635,31669781494682348190862025289139223824054636387720074969815040343900,158541339992336315811991277361517233937163010849617432685905560272950,267001532223824630233248780029792950515903851424430842783651680380925;\
23749513874052117276329689286047324827436144644255945025685879668783,22514704854401617232789308526763072267069849370537711728756164409650,82044137334154744770985529757427647264162256260870578613317993055547,99286755788307828240072191987150338732246512746025482395842445560205,234249550448157710815418591677520558333899998881943952437631215232045,22022325416662204466716732327899382194128919695090227909890296696475,45821585321463084187032848334181811129918104823346336845992535794790,140406663153609529473930494405546552720629249860708848027669108180815,191057320526426111757114618325127774796818882361103838042532398437775,137608580035358414244928871334924361257042197300989233793387085823650,234210290380630165653523655122836484882196650504545543863665457175100]
/* 
This should be the matrix of frobenius!
*/ 
B = A; 
/* Freed 72 lists. */
