/* Comments begin... 
Coefficient of   x^21 * y^1               = 2
Coefficient of   x^10 * y^2 * z^6         = 1
Coefficient of   x^8 * y^5 * z^5         = -2
Coefficient of   x^6 * y^8 * z^4         = 2
Coefficient of   x^4 * y^11 * z^3         = -1
Coefficient of   x^2 * y^14 * z^2         = 1
Coefficient of   x^1 * z^13               = 2
Coefficient of   y^17 * z^1               = 2

Here is the polynomial we're using this time:

2*x^21*y^1 + 1*x^10*y^2*z^6 + -2*x^8*y^5*z^5 + 2*x^6*y^8*z^4 + -1*x^4*y^11*z^3 + 1*x^2*y^14*z^2 + 2*x^1*z^13 + 2*y^17*z^1

Allocate G_len 20 elements and old = 0.
Allocate M_len = 400 elements.
Allocate G_len 40 elements and old = 20.
Allocate M_len = 800 elements.
Allocate G_len 80 elements and old = 40.
Allocate M_len = 1600 elements.
Allocate M_len = 3200 elements.
Allocate G_len 160 elements and old = 80.
Allocate M_len = 6400 elements.
Allocate M_len = 12800 elements.
Allocate G_len 320 elements and old = 160.
Allocate M_len = 25600 elements.
The final length of G is 186
[10, 2, 5, 0]  	391	7 
[21, 0, 0, 0]  	399	7  <--- 1
[20, 1, 0, 0]  	403	7 
[8, 5, 5, 0]  	422	6 
[8, 8, 4, 0]  	460	7 
[6, 11, 4, 0]  	491	6 
[5, 0, 15, 0]  	560	6 
[14, 11, 3, 0]  	612	10 
[18, 8, 3, 0]  	619	11 
[12, 14, 3, 0]  	643	10 
[11, 0, 14, 0]  	643	9 
[14, 14, 2, 0]  	650	10 
[18, 11, 2, 0]  	657	10 
[10, 17, 3, 0]  	674	9 
[9, 3, 14, 0]  	674	9 
[12, 17, 2, 0]  	681	9 
[15, 0, 13, 0]  	688	9 
[8, 22, 1, 0]  	689	8 
[18, 14, 1, 0]  	695	9 
[7, 22, 2, 0]  	701	8 
[10, 20, 2, 0]  	712	8 
[7, 8, 13, 0]  	720	8 
[6, 9, 13, 0]  	724	7 
[16, 17, 1, 0]  	726	8 
[6, 8, 14, 0]  	732	7 
[5, 25, 2, 0]  	732	7 
[19, 0, 12, 0]  	733	8 
[14, 19, 1, 0]  	734	8 
[6, 23, 3, 0]  	736	7 
[5, 9, 14, 0]  	736	7 
[7, 25, 1, 0]  	739	7 
[6, 26, 1, 0]  	743	7 
[8, 26, 0, 0]  	750	7 
[5, 11, 13, 0]  	751	7 
[12, 23, 0, 0]  	757	7 
[6, 28, 0, 0]  	758	7 
[5, 29, 0, 0]  	762	6 
[16, 20, 0, 0]  	764	7 
[10, 25, 0, 0]  	765	7 
[5, 28, 1, 0]  	770	7 
[5, 24, 4, 0]  	771	6 
[14, 22, 0, 0]  	772	7 
[4, 29, 1, 0]  	774	6 
[19, 18, 0, 0]  	775	7 
[18, 19, 0, 0]  	779	7 
[5, 15, 11, 0]  	781	6 
[4, 28, 2, 0]  	782	7 
[3, 29, 2, 0]  	786	5 
[5, 18, 9, 0]  	788	6 
[5, 14, 12, 0]  	789	6 
[4, 31, 0, 0]  	789	6 
[4, 15, 12, 0]  	793	5 
[3, 32, 0, 0]  	793	5 
[5, 21, 7, 0]  	795	6 
[5, 17, 10, 0]  	796	6 
[4, 18, 10, 0]  	800	5 
[3, 31, 1, 0]  	801	5 
[3, 0, 24, 0]  	801	5 
[5, 20, 8, 0]  	803	6 
[3, 15, 13, 0]  	805	5 
[2, 32, 1, 0]  	805	5 
[4, 25, 5, 0]  	806	6 
[5, 23, 6, 0]  	810	6 
[4, 1, 23, 0]  	812	5 
[4, 24, 6, 0]  	814	5 
[4, 20, 9, 0]  	815	5 
[4, 4, 21, 0]  	819	5 
[3, 17, 12, 0]  	820	5 
[4, 23, 7, 0]  	822	5 
[2, 18, 12, 0]  	824	4 
[4, 7, 19, 0]  	826	5 
[4, 3, 22, 0]  	827	5 
[3, 4, 22, 0]  	831	4 
[3, 7, 20, 0]  	838	4 
[3, 3, 23, 0]  	839	4 
[4, 9, 18, 0]  	841	5 
[2, 35, 0, 0]  	843	4 
[3, 10, 18, 0]  	845	4 
[3, 6, 21, 0]  	846	4 
[3, 9, 19, 0]  	853	4 
[3, 28, 5, 0]  	856	5 
[3, 24, 8, 0]  	857	4 
[3, 20, 11, 0]  	858	4 
[2, 29, 5, 0]  	860	4 
[2, 21, 11, 0]  	862	3 
[3, 27, 6, 0]  	864	4 
[3, 23, 9, 0]  	865	4 
[2, 28, 6, 0]  	868	4 
[2, 24, 9, 0]  	869	3 
[3, 26, 7, 0]  	872	4 
[2, 4, 24, 0]  	874	4 
[2, 31, 4, 0]  	875	5 
[2, 27, 7, 0]  	876	3 
[2, 23, 10, 0]  	877	3 
[2, 15, 16, 0]  	879	4 
[2, 7, 22, 0]  	881	3 
[2, 10, 20, 0]  	888	3 
[1, 15, 17, 0]  	891	3 
[1, 38, 0, 0]  	893	3 
[2, 13, 18, 0]  	895	3 
[2, 9, 21, 0]  	896	3 
[2, 1, 27, 0]  	898	4 
[1, 14, 18, 0]  	899	3 
[2, 0, 28, 0]  	906	4 
[1, 32, 5, 0]  	910	3 
[1, 31, 6, 0]  	918	3 
[1, 27, 9, 0]  	919	2 
[0, 32, 6, 0]  	922	2 
[1, 30, 7, 0]  	926	2 
[1, 18, 16, 0]  	929	3 
[0, 31, 7, 0]  	930	2 
[1, 29, 8, 0]  	934	2 
[1, 13, 20, 0]  	938	1 
[0, 30, 8, 0]  	938	1 
[1, 1, 29, 0]  	941	2 
[1, 24, 12, 0]  	943	3 
[1, 35, 4, 0]  	948	3 
[1, 0, 30, 0]  	949	2 
[0, 1, 30, 0]  	953	1 
[0, 16, 19, 0]  	957	1 
[0, 35, 5, 0]  	960	2 
[0, 0, 31, 0]  	961	1  <--- 3
[1, 21, 15, 0]  	967	3 
[0, 18, 18, 0]  	972	1 
[1, 4, 28, 0]  	979	2 
[0, 4, 29, 0]  	991	1 
[0, 21, 17, 0]  	1010	1 
[0, 44, 0, 0]  	1012	2  <--- 2
[1, 7, 27, 0]  	1017	2 
[0, 7, 28, 0]  	1029	1 
[0, 41, 3, 0]  	1036	2 
[0, 24, 16, 0]  	1048	1 
[0, 10, 27, 0]  	1067	1 
[0, 27, 15, 0]  	1086	1 
[0, 13, 26, 0]  	1105	1 
[6, 14, 3, 1]  	529	7 
[18, 5, 4, 1]  	581	12 
[9, 20, 2, 1]  	693	8 
[7, 6, 14, 1]  	705	8 
[4, 12, 13, 1]  	755	6 
[4, 26, 3, 1]  	767	6 
[3, 14, 13, 1]  	782	6 
[4, 21, 8, 1]  	807	5 
[4, 17, 11, 1]  	808	5 
[3, 12, 16, 1]  	829	5 
[4, 10, 17, 1]  	833	5 
[4, 6, 20, 1]  	834	5 
[3, 11, 17, 1]  	837	5 
[3, 21, 10, 1]  	850	4 
[2, 26, 8, 1]  	884	3 
[2, 14, 17, 1]  	887	4 
[1, 10, 21, 1]  	900	2 
[2, 12, 19, 1]  	903	3 
[1, 12, 20, 1]  	915	2 
[0, 38, 4, 1]  	998	2 
[12, 20, 1, 2]  	719	8 
[4, 11, 14, 2]  	763	6 
[4, 14, 12, 2]  	770	6 
[1, 13, 19, 2]  	907	2 
[6, 23, 2, 98]  	705	7 
[10, 23, 0, 98]  	719	7 
[3, 28, 2, 98]  	763	5 
[3, 31, 0, 98]  	770	5 
[0, 30, 7, 98]  	907	1 
[5, 0, 14, 99]  	529	5 
[16, 8, 3, 99]  	581	10 
[7, 22, 1, 99]  	670	5 
[6, 8, 13, 99]  	701	5 
[5, 26, 1, 99]  	724	6 
[3, 29, 1, 99]  	755	4 
[2, 29, 2, 99]  	767	3 
[2, 31, 1, 99]  	782	3 
[2, 15, 13, 99]  	786	4 
[2, 17, 12, 99]  	801	4 
[3, 7, 19, 99]  	807	4 
[3, 3, 22, 99]  	808	4 
[3, 27, 5, 99]  	833	4 
[3, 23, 8, 99]  	834	4 
[2, 28, 5, 99]  	837	3 
[2, 7, 21, 99]  	850	3 
[1, 31, 4, 99]  	856	3 
[1, 15, 16, 99]  	860	2 
[2, 0, 27, 99]  	875	4 
[0, 29, 7, 99]  	884	1 
[0, 27, 9, 99]  	900	1 
[0, 7, 27, 99]  	998	1 
------
The gap is between 3 and 97.
Lengths: 3 3 5 5 3 3.
For 982 = 5*d/2-d1-d2-d3 you get 3 in char 0.
1*x^1*y^23*z^14
1*y^40*z^2
1*y^9*z^25

For 560 = 3*d/2-d1-d2-d3 you get 5 in char 0.
1*x^4*y^17*z^3
1*x^3*y^3*z^14
1*x^2*y^20*z^2
1*x^1*y^6*z^13
1*y^23*z^1

For 138 = d/2-d1-d2-d3 you get 3 in char 0.
1*x^4*z^2
1*x^2*y^3*z^1
1*y^6

Extra powers of p used 0.
The invariant extra is equal to 2.
Start computing 5^3 Delta^1 (x1x2x3)^4... Done.
Start computing 5^4 Delta^2 (x1x2x3)^4... Done.
Start computing 5^5 Delta^3 (x1x2x3)^4... Done.
Start computing 5^6 Delta^4 (x1x2x3)^4... Done.
Start computing 5^7 Delta^5 (x1x2x3)^4... Done.
Start computing 5^8 Delta^6 (x1x2x3)^4... Done.
Start computing 5^9 Delta^7 (x1x2x3)^4... Done.
Start computing 5^10 Delta^8 (x1x2x3)^4... Done.
Start computing 5^11 Delta^9 (x1x2x3)^4... Done.
Start computing 5^12 Delta^10 (x1x2x3)^4... Done.
Start computing aa.
1 2 3 4 5 6 7 8 9 10 11 
*/
A = \
[43084040627199375662361682771281159640338531237869974433438386589023,293073907899045320233704186507212115362997291193711891768164787772953,61372385557121723095520535974679895512090852413456973065160171010177,245586412584018634579313861669649174056791928366364015224277119801420,291663436182818229402453878992421750176237491652602218158542747238675,282235409194996029753447273749021845985839750413236613571764356147695,269846293734437890118824029160098684414151024402183935645211610354815,181541999300117216631672002331831368759089377227711727894786307091995,74611025130528359543356622560664040054282062328798112492329947484050,67374498547687540868181687522258480057241881095900478909593892941100,302333503370885268553502085323171589222665351171923253521862390750000;\
45438458685303090198786316814899220799548721901470612980174460917803,128752130034738659172911792721475967713015188397014507722909748664,153733077453473320744289940811790628944549481814452872714620920063238,304674143011102224433894903575876959905571398997859134278813739302255,269708201291746204092584296439699135355702518519633193798243715984115,76850077389335360859419236404124453375650036056856097280989377742220,176362442487604394190571477922592958806109240448570864770769316890080,151404843590333138279778830654644666741426389908336688592846227785660,186241008828049180073257570469820045962478391926731491996459342440200,128996651271880348747681818216228378743936296049075293027727959689125,26150080061955439913821723149506507440569971159263611031089621712300;\
262590148224667687127941762241513265808139777987100551539902837540719,63137194545754177158507869285176009337645310905984161223267159185856,167273257786966781183487684554164722895315518118461864552087216739231,60142504016877561494022476042585469182669560879188658939856497301055,196585469442679443214582877581592345438924049541844619366728020286790,135109443619346061582921419974184375375011117411629066499969836421765,264907298963633266501445491631315629286823782942601964442625602238815,88023377715419619047595416853769579691315510608115686304681742793230,108865955575538614932276931631200379681125730272326560035879475739775,177623632402056732421317667696787269525415266532376980831892973912800,180739018833170209693866949883497284839045808389403106442243187880300;\
283348156206719276183065784805092211041295932605068197943298357340826,277277687684495979969745443684321123976472343224892706917762393034450,52135355927610140681438724515666273157872597760147074883201276223813,13266638585654936398661745119358182685560865365683024532946628886565,214008022723409319980317067870207693122297210418475431982626185813045,77375713713122829837652380920327012655769833294273112819366697656215,152954735724146844089888537579742957229614047053364607322503915441320,232083654169187579395345561833134457106495378603592931936774577688060,182752546002754614989045908938201083763134467934995083046023937309250,121793666531180838303360849688843430677976284996372738245166293867775,38695894177357551710557782688892579837730138423272580280690332141775;\
244508527698744200964233314792864411357474575877568454846002958501498,228567991033375210842145123852500444579856096622171083625769636243441,130949470610148958257819024192108377598294482121814958730086552571384,72455020761934543622594272150113173422160206396623971899888609431375,140383559981713326720863981508183544120511893579820425393159032302545,145511686600695387050716694456479456724991900878683333881364085584075,9508616635542718012152827984831904966177168939957454962665305715910,240337528600514143917507219534128487021162432809120331035473989801590,167627055425423770532012670824236734402776693417431423151630398018350,152852136771733499167622879698850752588086081596534559118763350913025,248088113143441253320760596374325340267748529002698805784711605794825;\
82696434769756537344681970442004988840788739430380757321066805518154,46570289354313652855360720055689748024379017901974780645157376989259,273257048968622032947695842253356939791188292715168094071078954705075,166720200512522767458304285025190669941475701903710287852363338274465,134356217110925344601814392763660392191726494840083173507017912286555,187504705439759785814070057615712185366309465166454450425789186752575,92332566130086458166623879601762321654509723994557837943008056915105,291032674943884411687491987376453184535445535667609977433920308684060,124729983618929197328944809645224480690335547262244746020412469123850,195225456864088776198173254213252807237649002943534036036616317524075,189970510057956198616277834435632885105166534841389150178558556138125;\
145290569339807833314089748063869727187006931433150350874373083947465,119091226727725251795902002145785443078775386393566211191678763865625,234990436317324356843058370080678755067418776395285089131706728276856,285062352170410247027562726358984393222828094434139886273399673890960,8804452863255280913216971812392636275852073516287205652963537891070,2368236500614725435042442000430128260379728818271385887998110315285,83036105164342774466944836210439874686890911756075340214240218830750,269295270053107857828599472603164798548575049959457019847904956708395,205576167510202669009015527484658704617233139763433165666630061782975,260616122107685959506005377081198481049448245669114432878271307951125,178491469497386819619315579422451034462943389606535024449720570695350;\
309605039609586169094845889992699052841256659395690231359613056869091,162799926669520271157110325757798159939070682300334031707917030538294,312719871008865301233370145367892258591080772539484779174044140030833,294479919797479968911414571228520190247782038652823210451882792749715,175172971025946168165349041515807862743990282254778807614559572582710,164487703099152276108109183615749382807770778381783772252363640570425,54564547433083769699465954836438838212301439654860430270562742169940,181840168091455600762823204450754366116194422931256508472824908086395,48867898556068983923026127443299360909832013294620902762844634003825,141430579945977991287102986992150345766255490115640130620092313332750,231605974449457109460318759320192478916498003275214556904135576607250;\
174308031104615552359325031938120827170946297022944386194725962630464,312667804293843973335182236356869335892126651001533741226268803240300,171222459990034142199565835431606627375228296104005078204210283970387,83569273718601073128812330348052887597759735810994106280709486850460,121749776695587403192492555754948551154340087362148466324077626720180,228618759638932519972628859196321325429399501843033669541290325546360,40310596570137312279919544461052781474439216918154661361022494861255,158471021873264057521167724684708155862680103944109118033946488876315,241584817482520316703399612526747560705421278425286175026369563684375,140235972851523078055124437776203314380979212166252636778198101427000,116114465941503940041960026735917573153370016791765236163380736069475;\
212331823531147476164090337944535546131448208308077058173998860924460,208303287860760182799025969487240854799236763612396250077675274663026,3380587995361408479824610671091213195804715398532791548893924113140,164410457640278450758949887681401701818993019787122918983950056463705,61000528809847676221788826551708152033835492435541441721285383653560,126111926625960104785606850603946472960296185307589199576612966979930,266640562956616483705122884730042121047703023089721329566730336772175,60187978903640744331222465567952952760071907714543125365861178740785,220354364064543719770091761000887449899089452191279967860398584198900,8461512497754462492806656185744529187559442006895130095584764227900,226326673693405326627928801989200751757965618735053714073421462901875;\
167230415665635166559061279007865255939211904220557485512755077330487,8150183291954432650919012399789815506124310312087578510601288778443,85673255629209169743226598050159641410254405629033342091420656962752,103001508284854929726854542725581262595143314927624421095555625642805,227712565726380884845121185901041703021688860033280542845165344931065,249341115349967477795834895279657120371660014012199901700624653511380,169057186885717862543268087750516119637044362142316426101849122411250,83331364307099312579782173993166539674766007720839177898487334069345,75691505127228214726123322399046983617001268021373139346677054256750,234658923193873848081552991417600506466475610854023641517052196289575,38437067942798621912886619907122111909400298340293669845963893136350]
/* 
This should be the matrix of frobenius!
*/ 
B = A; 
/* Freed 74 lists. */
