/* Comments begin... 
Coefficient of   x^21 * y^1               = -1
Coefficient of   x^10 * y^2 * z^6         = -2
Coefficient of   x^8 * y^5 * z^5         = 0
Coefficient of   x^6 * y^8 * z^4         = -1
Coefficient of   x^4 * y^11 * z^3         = -1
Coefficient of   x^2 * y^14 * z^2         = -2
Coefficient of   x^1 * z^13               = -1
Coefficient of   y^17 * z^1               = 1

Here is the polynomial we're using this time:

-1*x^21*y^1 + -2*x^10*y^2*z^6 + -1*x^6*y^8*z^4 + -1*x^4*y^11*z^3 + -2*x^2*y^14*z^2 + -1*x^1*z^13 + 1*y^17*z^1

Allocate G_len 20 elements and old = 0.
Allocate M_len = 400 elements.
Allocate G_len 40 elements and old = 20.
Allocate M_len = 800 elements.
Allocate G_len 80 elements and old = 40.
Allocate M_len = 1600 elements.
Allocate M_len = 3200 elements.
Allocate G_len 160 elements and old = 80.
Allocate M_len = 6400 elements.
Allocate M_len = 12800 elements.
Allocate G_len 320 elements and old = 160.
Allocate M_len = 25600 elements.
The final length of G is 182
[10, 2, 5, 0]  	391	6 
[21, 0, 0, 0]  	399	6  <--- 1
[20, 1, 0, 0]  	403	6 
[6, 8, 4, 0]  	422	5 
[6, 14, 3, 0]  	529	7 
[5, 0, 15, 0]  	560	6 
[16, 8, 3, 0]  	581	10 
[14, 11, 3, 0]  	612	9 
[14, 14, 2, 0]  	650	10 
[18, 11, 2, 0]  	657	10 
[9, 3, 14, 0]  	674	9 
[13, 0, 14, 0]  	681	9 
[12, 17, 2, 0]  	681	9 
[15, 0, 13, 0]  	688	9 
[10, 19, 2, 0]  	689	9 
[18, 14, 1, 0]  	695	9 
[7, 6, 14, 0]  	705	8 
[9, 6, 13, 0]  	712	8 
[12, 20, 1, 0]  	719	8 
[8, 22, 2, 0]  	720	8 
[7, 23, 2, 0]  	724	7 
[10, 22, 1, 0]  	727	8 
[9, 23, 1, 0]  	731	7 
[19, 0, 12, 0]  	733	8 
[14, 19, 1, 0]  	734	8 
[7, 25, 1, 0]  	739	7 
[6, 26, 1, 0]  	743	7 
[8, 26, 0, 0]  	750	7 
[6, 25, 2, 0]  	751	7 
[5, 11, 13, 0]  	751	7 
[5, 26, 2, 0]  	755	6 
[4, 12, 13, 0]  	755	6 
[12, 23, 0, 0]  	757	7 
[6, 28, 0, 0]  	758	7 
[5, 29, 0, 0]  	762	6 
[5, 25, 3, 0]  	763	6 
[4, 11, 14, 0]  	763	6 
[16, 20, 0, 0]  	764	7 
[10, 25, 0, 0]  	765	7 
[4, 26, 3, 0]  	767	6 
[5, 28, 1, 0]  	770	7 
[5, 24, 4, 0]  	771	6 
[14, 22, 0, 0]  	772	7 
[4, 29, 1, 0]  	774	6 
[19, 18, 0, 0]  	775	7 
[18, 19, 0, 0]  	779	7 
[5, 15, 11, 0]  	781	6 
[4, 28, 2, 0]  	782	6 
[3, 14, 13, 0]  	782	6 
[5, 14, 12, 0]  	789	6 
[4, 31, 0, 0]  	789	6 
[4, 15, 12, 0]  	793	5 
[3, 32, 0, 0]  	793	5 
[5, 17, 10, 0]  	796	6 
[4, 18, 10, 0]  	800	5 
[3, 31, 1, 0]  	801	6 
[5, 20, 8, 0]  	803	6 
[2, 32, 1, 0]  	805	5 
[4, 25, 5, 0]  	806	6 
[4, 21, 8, 0]  	807	5 
[4, 17, 11, 0]  	808	5 
[5, 23, 6, 0]  	810	6 
[4, 24, 6, 0]  	814	5 
[4, 20, 9, 0]  	815	5 
[4, 4, 21, 0]  	819	5 
[4, 0, 24, 0]  	820	6 
[4, 23, 7, 0]  	822	5 
[3, 1, 24, 0]  	824	5 
[4, 7, 19, 0]  	826	5 
[4, 3, 22, 0]  	827	5 
[3, 12, 16, 0]  	829	5 
[3, 4, 22, 0]  	831	4 
[4, 10, 17, 0]  	833	5 
[4, 6, 20, 0]  	834	5 
[3, 11, 17, 0]  	837	5 
[3, 7, 20, 0]  	838	4 
[3, 3, 23, 0]  	839	4 
[4, 9, 18, 0]  	841	5 
[3, 18, 12, 0]  	843	4 
[2, 35, 0, 0]  	843	4 
[3, 10, 18, 0]  	845	4 
[3, 6, 21, 0]  	846	4 
[3, 21, 10, 0]  	850	4 
[3, 28, 5, 0]  	856	5 
[3, 20, 11, 0]  	858	4 
[2, 29, 5, 0]  	860	4 
[2, 21, 11, 0]  	862	3 
[3, 27, 6, 0]  	864	4 
[3, 23, 9, 0]  	865	4 
[2, 24, 9, 0]  	869	3 
[3, 26, 7, 0]  	872	4 
[2, 4, 24, 0]  	874	4 
[2, 31, 4, 0]  	875	5 
[2, 27, 7, 0]  	876	3 
[2, 23, 10, 0]  	877	3 
[2, 7, 22, 0]  	881	3 
[2, 26, 8, 0]  	884	3 
[2, 14, 17, 0]  	887	4 
[2, 10, 20, 0]  	888	3 
[1, 15, 17, 0]  	891	3 
[1, 38, 0, 0]  	893	3 
[2, 9, 21, 0]  	896	3 
[2, 1, 27, 0]  	898	4 
[1, 14, 18, 0]  	899	3 
[1, 10, 21, 0]  	900	2 
[2, 12, 19, 0]  	903	3 
[2, 0, 28, 0]  	906	4 
[1, 13, 19, 0]  	907	2 
[1, 32, 5, 0]  	910	3 
[1, 12, 20, 0]  	915	2 
[1, 31, 6, 0]  	918	3 
[0, 32, 6, 0]  	922	2 
[1, 30, 7, 0]  	926	2 
[1, 18, 16, 0]  	929	3 
[0, 30, 8, 0]  	938	1 
[1, 1, 29, 0]  	941	2 
[1, 35, 4, 0]  	948	3 
[1, 0, 30, 0]  	949	2 
[0, 1, 30, 0]  	953	1 
[0, 16, 19, 0]  	957	1 
[0, 35, 5, 0]  	960	2 
[0, 0, 31, 0]  	961	1  <--- 3
[1, 21, 15, 0]  	967	3 
[0, 18, 18, 0]  	972	1 
[1, 4, 28, 0]  	979	2 
[0, 4, 29, 0]  	991	1 
[0, 21, 17, 0]  	1010	1 
[0, 44, 0, 0]  	1012	2  <--- 2
[1, 7, 27, 0]  	1017	2 
[0, 7, 28, 0]  	1029	1 
[0, 41, 3, 0]  	1036	2 
[0, 24, 16, 0]  	1048	1 
[0, 10, 27, 0]  	1067	1 
[0, 27, 15, 0]  	1086	1 
[0, 13, 26, 0]  	1105	1 
[11, 0, 14, 1]  	643	10 
[9, 20, 2, 1]  	693	8 
[8, 5, 14, 1]  	701	8 
[16, 17, 1, 1]  	726	8 
[5, 25, 2, 1]  	732	7 
[5, 9, 14, 1]  	736	7 
[4, 14, 12, 1]  	770	6 
[3, 29, 2, 1]  	786	5 
[5, 18, 9, 1]  	788	6 
[5, 21, 7, 1]  	795	6 
[3, 0, 24, 1]  	801	5 
[4, 1, 23, 1]  	812	5 
[2, 18, 12, 1]  	824	4 
[3, 9, 19, 1]  	853	4 
[3, 24, 8, 1]  	857	4 
[2, 28, 6, 1]  	868	4 
[2, 13, 18, 1]  	895	3 
[1, 27, 9, 1]  	919	2 
[0, 31, 7, 1]  	930	2 
[1, 29, 8, 1]  	934	2 
[1, 24, 12, 1]  	943	3 
[0, 38, 4, 1]  	998	2 
[3, 17, 12, 2]  	820	5 
[2, 15, 16, 2]  	879	4 
[2, 34, 0, 98]  	820	4 
[1, 32, 4, 98]  	879	3 
[10, 17, 2, 99]  	643	6 
[8, 6, 13, 99]  	693	6 
[7, 22, 2, 99]  	701	6 
[14, 20, 0, 99]  	726	4 
[4, 11, 13, 99]  	732	5 
[4, 26, 2, 99]  	736	5 
[3, 31, 0, 99]  	770	4 
[1, 32, 1, 99]  	786	3 
[4, 4, 20, 99]  	788	4 
[4, 7, 18, 99]  	795	5 
[1, 34, 0, 99]  	801	3 
[3, 18, 11, 99]  	812	3 
[2, 26, 7, 99]  	853	3 
[2, 10, 19, 99]  	857	3 
[1, 14, 17, 99]  	868	3 
[1, 30, 6, 99]  	895	2 
[0, 13, 20, 99]  	919	1 
[0, 0, 30, 99]  	930	1 
[0, 15, 19, 99]  	934	1 
[0, 41, 0, 99]  	943	2 
[0, 7, 27, 99]  	998	1 
------
The gap is between 3 and 97.
Lengths: 3 3 5 5 3 3.
For 982 = 5*d/2-d1-d2-d3 you get 3 in char 0.
1*x^1*y^23*z^14
1*y^40*z^2
1*y^9*z^25

For 560 = 3*d/2-d1-d2-d3 you get 5 in char 0.
1*x^4*y^17*z^3
1*x^3*y^3*z^14
1*x^2*y^20*z^2
1*x^1*y^6*z^13
1*y^23*z^1

For 138 = d/2-d1-d2-d3 you get 3 in char 0.
1*x^4*z^2
1*x^2*y^3*z^1
1*y^6

Extra powers of p used 0.
The invariant extra is equal to 2.
Start computing 5^3 Delta^1 (x1x2x3)^4... Done.
Start computing 5^4 Delta^2 (x1x2x3)^4... Done.
Start computing 5^5 Delta^3 (x1x2x3)^4... Done.
Start computing 5^6 Delta^4 (x1x2x3)^4... Done.
Start computing 5^7 Delta^5 (x1x2x3)^4... Done.
Start computing 5^8 Delta^6 (x1x2x3)^4... Done.
Start computing 5^9 Delta^7 (x1x2x3)^4... Done.
Start computing 5^10 Delta^8 (x1x2x3)^4... Done.
Start computing 5^11 Delta^9 (x1x2x3)^4... Done.
Start computing 5^12 Delta^10 (x1x2x3)^4... Done.
Start computing aa.
1 2 3 4 5 6 7 8 9 10 11 
*/
A = \
[67242815467964394365286738610025629082055091773176626650215201575419,136070218143487150203487618702995380398074320651332694564565730806901,247898327902042114414095028793177634135942830716643116641809217236534,216907149804013340175993049641715634468770527150368359747037204426660,53081126364858145923943307080672246056624732122163946005809858818105,258525873948663386764977861666730312859347820812847064159552673624435,40906412385035670101048195322435667696386991100938206182264684755330,92306518915668217439835009551010579585116271511877281999901979795460,285110011184534957252923862918873986008238893141329671167511606890625,214339176428705434976717760375745501614038274284832937774472877409500,63535475905207947387456888033362334733318609877179084370301156795250;\
126934345878940368499104008628725551942242315461792056253349348160210,177173590801841575369320867828238892935272623719037241724111797732712,60551886471961709465929487062985684313387883256054267809218818357157,211152577652697788598445849560737512920666733550046716003571359676310,22047599780888313787186203623948608871072393552971776579116632256290,9397372155976299888552956411154859057898383529308091909522259295070,116646461121047570806528843230745706287512845805830910217900533672690,6057122898563675644673054309310165237367234097122175434935991100070,160009783139513385355909905560288392945847341624682823694880511439950,82208776319447772931227250892075458047144065651150921905604212842125,114795908193575520726667908772147867053445462780494797668133492219150;\
221152490067121686844506099754475496535221539599776136343339470153847,112983202705834120671397260627642408568608511782114340881811177162131,206184114502593363582271167366411094195501259062094605890867350567664,66805655310329379244187480873578618754612406123306196111283330458870,130656753590691969454134098305251524083568344371073224596829685305095,112488040220043061857032992749619991662322956226390585942250604570820,36352207293005352571326856118400872663585128699871489293882520452045,126655821790942270650821348269398443943622349194103236388782786241765,271795006600507743002300833034861955111317737462699958796512451815725,206509564965674357383049960016488755220192836349226287170580224175900,89422747201097747071325227406704938632382732988841132156159821861800;\
149126054531007160730749592033632860115296539857717314963319310900303,84785848585485565858681636017413391931420981672181978012292878244808,4477321765610870234802954002186323235098808201347388862719215231262,38836428663503994098820124943721934572904042351671943248742146298520,181601404304152908232569321562212704890765134869308128851287793717450,212277747356712694566452339064382562032941143463498407854991245960200,120929674333370883435343802974183431451751188755316457677179843398490,215476026202438227315512341626600846469860479783710699369653240495745,210912900714800444083192851203400290051892481398887485119634549244275,103959650827604498868838024337145884317071619045016836809376474009550,90347955575806636408006714346394966395868556431799829810078305441775;\
70094724236884292958467820464711909242784055137620577936616636719309,83828792206116942862650500875882348217271535670580795811477716910922,233885808699913180395469412616271693576338471124799032214433400811610,139999897513093333383161615000289276972518636341646639683487533935905,23294211893577408211986995037252058015386382822252777211577905203705,206532940216257356012816630061325592921324642951238050550425790010490,113122895321942195954999282811324548666594809626203646909860117475625,116889327288799878150122940568425390408453195568903122501537409858555,127266745683641450101558694971225855177179182570506311852923161503425,92946565458926911956317933125509234368912594778017579104334196246025,10769740934103188103213790343476020714359391840394315949939831163950;\
195232726048730208953549919772560165547567221181667132878592850942964,51204485037779681972401341482612116582485650889155814356574296454424,104044404481702428269165275435418519152353388846283486008548801333487,230399973127762506564925269787864939808308484244071501372118709291080,203345185747841755826582154079130851203600196263634623608106820562370,216726549574257827567014524550683367852346464437088143953795863822875,89329625860013855122722735234826657108980847671095827774257294866105,46074580374207872269796071272308987216528124043214370733185762529485,301506089252117632695293140253908038953828840816956445660741490957425,234931037143913031537815996255535907621872787808973415886847049671550,6465616649353838401893797855530508917713823279459901758433685270825;\
280406196171628180594161918438433068563770118417781165806365481553091,179204257598395705224705765343582540056920431067353733373496793766084,33045732096927405398040490713137443721758719978012556763952236567742,123885083180164127481313640558045443722503644603798069618884920193430,221845818208619483770062548972372159670747280637441825744607005979335,190586203239243904886385663166210290170073905991778973172406222895875,306723981243776360484269833150744217730805414835407680704057908534850,137544205335219305831616050720127941760464415767581883218923240703380,38080995958514934235660686014637854717347482531137030403922207124575,73817820851021512131401400165084503928887930343388940481516220193250,28436319020391130821493684663923932146309820959834795563322592109700;\
87107239680554114186390455170479995680376208925023684184158683564742,253367549154682963453839622656933968905948021068178747780983776200494,87670321599460824242900353687409178505334432285357731826712279418043,160387182293934599426820207799924644076418001482375726289853789426900,147885081168443204234863816526283980043965174687199414639260671178570,116528657095718053109870749814832067341147104523553544577328729657615,141151112453066515826327675794947782059458634545395340810641988221355,210178418112530568597513346916220973506357880322819572074735048330005,300156686650688316361875890610778008696064803258504254444077157801025,220204313775424702018963896185544354324080181652233294459829707793375,281072591296868017750677247738169149551646913920608622774792414607650;\
85518635288214664375895289834463562417808913131587107354368955857354,212624034067374006334865977779891157827408157414926348310176438614438,292250098624364870743719544899207817101216690195533686286459872554792,223772619861553775443900919237082904603742256149981256986800989393465,239533787036648774915095115304569530964555451982066410293281468964350,94430219218766578652484750985462394926042095950927608244980811719515,197610784250270521080646278200353243828145682188204897625618373264490,127039565809145523403976405905509266639878493096725884176142931663150,273609573062218832022039114148652465727684330022248403945980889320825,254482378613352048619739478131045758108727428227678491804902903130750,215221790859167752025788345721876665064328152076983251167772350404250;\
285173748415829900832716216299034110105965400297120289639591993882459,176006221286221621113431523009513742585903795658621019053643329222385,134115925159890625356092003247979154075906243642240414910818041240136,209880100195511090187852417068465723791817755803082865770282442529960,211750219023601064296769979417338460949711874558423999435393973194840,68160932833739255202642066891294209977548594976567940151457742192165,38212225742531612512748601367829000881042963139651942556643422118920,312035860180595375331854991758707829203092134308086818613693101656540,3804085585584240626684450475569479700260887592789332657454397734825,144761410533349521152762593532896918193508717549538898623756432128825,181345823267112544412109600101651602780971260485683970417483536693725;\
101016255552852979250184603058865452861992204549708111113672446678787,139316790225632572929326463973655034692208739600733653972108145695498,235558133439271174944693036569142750583949681314259048657795089269581,60528395721271166395472285974890113039403386034608048236796699133420,88898553247374183179610893815691577595745291852500908713729645125235,295000877699927040955634126253687128609107930566170830795495765781980,242572637344340915627271651408966126826813221436214168983360388195495,236872564352801676254270834180559730952734596195839358128059202568870,131448564742244630652058427371771551053366333714681654667609874525475,206755328835629962975948566998351671906243079731676127452809603599425,140548316602513139347589447157007526954966541952315282037249261172100]
/* 
This should be the matrix of frobenius!
*/ 
B = A; 
/* Freed 73 lists. */
