/* Comments begin... 
Coefficient of   x^21 * y^1               = 2
Coefficient of   x^10 * y^2 * z^6         = 2
Coefficient of   x^8 * y^5 * z^5         = 2
Coefficient of   x^6 * y^8 * z^4         = 0
Coefficient of   x^4 * y^11 * z^3         = 0
Coefficient of   x^2 * y^14 * z^2         = -2
Coefficient of   x^1 * z^13               = 0
Coefficient of   y^17 * z^1               = 0

Here is the polynomial we're using this time:

2*x^21*y^1 + 2*x^10*y^2*z^6 + 2*x^8*y^5*z^5 + -2*x^2*y^14*z^2

Allocate G_len 20 elements and old = 0.
Allocate M_len = 400 elements.
Allocate G_len 40 elements and old = 20.
Not smooth!
Coefficient of   x^21 * y^1               = -1
Coefficient of   x^10 * y^2 * z^6         = -2
Coefficient of   x^8 * y^5 * z^5         = 0
Coefficient of   x^6 * y^8 * z^4         = -2
Coefficient of   x^4 * y^11 * z^3         = 1
Coefficient of   x^2 * y^14 * z^2         = 1
Coefficient of   x^1 * z^13               = 2
Coefficient of   y^17 * z^1               = -1

Here is the polynomial we're using this time:

-1*x^21*y^1 + -2*x^10*y^2*z^6 + -2*x^6*y^8*z^4 + 1*x^4*y^11*z^3 + 1*x^2*y^14*z^2 + 2*x^1*z^13 + -1*y^17*z^1

Allocate M_len = 800 elements.
Allocate G_len 80 elements and old = 40.
Allocate M_len = 1600 elements.
Allocate M_len = 3200 elements.
Allocate G_len 160 elements and old = 80.
Allocate M_len = 6400 elements.
Allocate M_len = 12800 elements.
Allocate G_len 320 elements and old = 160.
Allocate M_len = 25600 elements.
The final length of G is 177
[10, 2, 5, 0]  	391	6 
[21, 0, 0, 0]  	399	6  <--- 1
[20, 1, 0, 0]  	403	6 
[6, 8, 4, 0]  	422	5 
[6, 14, 3, 0]  	529	7 
[5, 0, 15, 0]  	560	6 
[16, 8, 3, 0]  	581	10 
[14, 11, 3, 0]  	612	9 
[11, 0, 14, 0]  	643	10 
[14, 14, 2, 0]  	650	10 
[18, 11, 2, 0]  	657	10 
[9, 3, 14, 0]  	674	9 
[15, 0, 13, 0]  	688	9 
[9, 20, 2, 0]  	693	8 
[18, 14, 1, 0]  	695	9 
[8, 5, 14, 0]  	701	8 
[7, 6, 14, 0]  	705	8 
[9, 6, 13, 0]  	712	8 
[12, 20, 1, 0]  	719	8 
[8, 22, 2, 0]  	720	8 
[7, 23, 2, 0]  	724	7 
[16, 17, 1, 0]  	726	8 
[10, 22, 1, 0]  	727	8 
[9, 23, 1, 0]  	731	7 
[5, 25, 2, 0]  	732	7 
[19, 0, 12, 0]  	733	8 
[14, 19, 1, 0]  	734	8 
[5, 9, 14, 0]  	736	7 
[6, 26, 1, 0]  	743	7 
[8, 26, 0, 0]  	750	7 
[5, 11, 13, 0]  	751	7 
[4, 12, 13, 0]  	755	6 
[12, 23, 0, 0]  	757	7 
[8, 25, 1, 0]  	758	7 
[6, 28, 0, 0]  	758	7 
[5, 29, 0, 0]  	762	6 
[4, 11, 14, 0]  	763	6 
[16, 20, 0, 0]  	764	7 
[10, 25, 0, 0]  	765	7 
[5, 28, 1, 0]  	770	6 
[4, 14, 12, 0]  	770	6 
[5, 24, 4, 0]  	771	6 
[14, 22, 0, 0]  	772	7 
[4, 29, 1, 0]  	774	6 
[19, 18, 0, 0]  	775	7 
[18, 19, 0, 0]  	779	7 
[4, 28, 2, 0]  	782	6 
[3, 14, 13, 0]  	782	6 
[3, 29, 2, 0]  	786	5 
[5, 18, 9, 0]  	788	6 
[5, 21, 7, 0]  	795	6 
[4, 18, 10, 0]  	800	5 
[3, 31, 1, 0]  	801	5 
[3, 0, 24, 0]  	801	5 
[5, 20, 8, 0]  	803	6 
[4, 25, 5, 0]  	806	6 
[4, 21, 8, 0]  	807	5 
[4, 1, 23, 0]  	812	5 
[4, 24, 6, 0]  	814	5 
[4, 20, 9, 0]  	815	5 
[4, 4, 21, 0]  	819	5 
[4, 23, 7, 0]  	822	5 
[2, 18, 12, 0]  	824	4 
[4, 7, 19, 0]  	826	5 
[4, 3, 22, 0]  	827	5 
[3, 12, 16, 0]  	829	5 
[3, 4, 22, 0]  	831	4 
[4, 6, 20, 0]  	834	5 
[3, 11, 17, 0]  	837	5 
[3, 7, 20, 0]  	838	4 
[3, 3, 23, 0]  	839	4 
[3, 10, 18, 0]  	845	4 
[3, 6, 21, 0]  	846	4 
[3, 21, 10, 0]  	850	4 
[3, 9, 19, 0]  	853	4 
[3, 28, 5, 0]  	856	5 
[3, 20, 11, 0]  	858	4 
[2, 29, 5, 0]  	860	4 
[3, 35, 0, 0]  	862	3 
[2, 21, 11, 0]  	862	3 
[3, 27, 6, 0]  	864	4 
[2, 28, 6, 0]  	868	4 
[3, 26, 7, 0]  	872	4 
[2, 35, 1, 0]  	874	4 
[2, 4, 24, 0]  	874	4 
[2, 31, 4, 0]  	875	5 
[2, 23, 10, 0]  	877	3 
[2, 15, 16, 0]  	879	4 
[2, 7, 22, 0]  	881	3 
[2, 26, 8, 0]  	884	3 
[2, 14, 17, 0]  	887	4 
[1, 15, 17, 0]  	891	3 
[1, 38, 0, 0]  	893	3 
[2, 13, 18, 0]  	895	3 
[2, 9, 21, 0]  	896	3 
[2, 1, 27, 0]  	898	4 
[1, 14, 18, 0]  	899	3 
[1, 10, 21, 0]  	900	2 
[2, 0, 28, 0]  	906	4 
[1, 13, 19, 0]  	907	2 
[1, 32, 5, 0]  	910	3 
[1, 12, 20, 0]  	915	2 
[1, 31, 6, 0]  	918	3 
[0, 31, 7, 0]  	930	2 
[0, 30, 8, 0]  	938	1 
[1, 1, 29, 0]  	941	2 
[1, 24, 12, 0]  	943	3 
[1, 35, 4, 0]  	948	3 
[0, 1, 30, 0]  	953	1 
[0, 16, 19, 0]  	957	1 
[0, 35, 5, 0]  	960	2 
[0, 0, 31, 0]  	961	1  <--- 3
[1, 21, 15, 0]  	967	3 
[0, 18, 18, 0]  	972	1 
[1, 4, 28, 0]  	979	2 
[0, 4, 29, 0]  	991	1 
[0, 38, 4, 0]  	998	2 
[0, 21, 17, 0]  	1010	1 
[1, 7, 27, 0]  	1017	2 
[0, 7, 28, 0]  	1029	1 
[0, 41, 3, 0]  	1036	2 
[0, 24, 16, 0]  	1048	1 
[0, 10, 27, 0]  	1067	1 
[0, 47, 0, 0]  	1081	1  <--- 2
[0, 27, 15, 0]  	1086	1 
[0, 13, 26, 0]  	1105	1 
[12, 17, 2, 1]  	681	9 
[10, 19, 2, 1]  	689	9 
[7, 25, 1, 1]  	739	7 
[4, 26, 3, 1]  	767	6 
[5, 15, 11, 1]  	781	6 
[4, 31, 0, 1]  	789	6 
[3, 32, 0, 1]  	793	5 
[5, 17, 10, 1]  	796	6 
[2, 32, 1, 1]  	805	5 
[5, 23, 6, 1]  	810	6 
[3, 17, 12, 1]  	820	5 
[4, 10, 17, 1]  	833	5 
[4, 9, 18, 1]  	841	5 
[2, 35, 0, 1]  	843	4 
[3, 23, 9, 1]  	865	4 
[2, 24, 9, 1]  	869	3 
[2, 27, 7, 1]  	876	3 
[2, 12, 19, 1]  	903	3 
[1, 27, 9, 1]  	919	2 
[0, 32, 6, 1]  	922	2 
[1, 30, 7, 1]  	926	2 
[1, 18, 16, 1]  	929	3 
[1, 29, 8, 1]  	934	2 
[1, 0, 30, 1]  	949	2 
[0, 44, 0, 1]  	1012	2 
[3, 24, 8, 2]  	857	4 
[2, 10, 20, 2]  	888	3 
[4, 17, 11, 3]  	808	5 
[3, 3, 22, 97]  	808	4 
[1, 27, 8, 98]  	888	2 
[10, 20, 1, 99]  	681	5 
[9, 5, 13, 99]  	689	7 
[9, 22, 1, 99]  	708	5 
[8, 25, 0, 99]  	727	6 
[5, 28, 0, 99]  	739	6 
[3, 12, 14, 99]  	767	4 
[3, 18, 10, 99]  	781	3 
[4, 0, 23, 99]  	789	4 
[3, 1, 23, 99]  	793	3 
[4, 3, 21, 99]  	796	4 
[2, 1, 24, 99]  	805	3 
[3, 26, 5, 99]  	810	3 
[2, 3, 23, 99]  	820	3 
[2, 20, 11, 99]  	839	2 
[2, 10, 19, 99]  	857	3 
[0, 13, 18, 99]  	857	1 
[2, 6, 22, 99]  	858	3 
[2, 9, 20, 99]  	865	3 
[1, 10, 20, 99]  	869	2 
[0, 1, 29, 99]  	922	1 
[0, 35, 4, 99]  	929	2 
------
The gap is between 4 and 96.
Lengths: 3 3 5 5 3 3.
For 982 = 5*d/2-d1-d2-d3 you get 3 in char 0.
1*x^1*y^23*z^14
1*y^40*z^2
1*y^9*z^25

For 560 = 3*d/2-d1-d2-d3 you get 5 in char 0.
1*x^4*y^17*z^3
1*x^3*y^3*z^14
1*x^2*y^20*z^2
1*x^1*y^6*z^13
1*y^23*z^1

For 138 = d/2-d1-d2-d3 you get 3 in char 0.
1*x^4*z^2
1*x^2*y^3*z^1
1*y^6

Extra powers of p used 0.
The invariant extra is equal to 2.
Start computing 5^3 Delta^1 (x1x2x3)^4... Done.
Start computing 5^4 Delta^2 (x1x2x3)^4... Done.
Start computing 5^5 Delta^3 (x1x2x3)^4... Done.
Start computing 5^6 Delta^4 (x1x2x3)^4... Done.
Start computing 5^7 Delta^5 (x1x2x3)^4... Done.
Start computing 5^8 Delta^6 (x1x2x3)^4... Done.
Start computing 5^9 Delta^7 (x1x2x3)^4... Done.
Start computing 5^10 Delta^8 (x1x2x3)^4... Done.
Start computing 5^11 Delta^9 (x1x2x3)^4... Done.
Start computing 5^12 Delta^10 (x1x2x3)^4... Done.
Start computing aa.
1 2 3 4 5 6 7 8 9 10 11 
*/
A = \
[135469945110518996797682141737281701017810931085777430557456191145481,46514888874738766098438274368781854054427020312572308296965305562768,158963325355910609382619065487584840895713521433046245620757737170812,190078415214561484124967307746905542209182710756893898042208720085735,21955541850544728765379250111937308437121804523729837754623136548550,41722347551670882154699336176952981031016425295464435485909086578260,222495077610907868582989710276557554646742476541284157067810834195050,284244524615262580999074447017485538988889282466184546238578767736820,9672487328187005362072164102993696602999811521907775413074750902900,119654076821656224665281831559767597542250311380217302408988947134925,83102212742094492453250038179586420282351727183017011063505664213275;\
253288198091887404241958042913484870687455499691573905102401909329293,218838603807637294179213084748324189473330544479521383384933781515864,274613895442367275823603288660240059263528230182829591833574707826829,187076323907843692657222455645261141317464392587568064810529615821895,88993105660785971543400661712800392352987560440054933345820142121860,215117762925468306921004999126896132779477714214056624809605386358315,81767184244719026770387138100546670093714740438245410732773853547970,247357334196751756780428390988974418967161792143014211616913446203845,268153688781371402839832948778408612574429017111801543076044317681325,245365505458002586688056887253899583678230699897281135338686438085875,92810060512622988060162922845458615435594890239329115132077415293550;\
245290962586175753120571291578258520300404587748322081397928985706741,187988387834462470727574708047562875984183001766894495274516688270925,233347040983447001169122504646104798746364123656551255032513382366163,254201261459217079556537164210528149055960390317653515020293803863970,201323998257293754207722477594374226746517376559272102188785978505950,243891263268910728626477269636105485653975548146408139987354468175530,32597967948438249322420877466021997715412576693067407358125223094850,46705983241022998974282190908437320508281802013677328073190132485460,140508260138104505557883434152942822769320107081182771061505809215650,221287976088022002831291652910903814642710548903086790151143256186925,58160214103313576287255727867093734441058994598971914481871289105050;\
314848093931791198069917169906837050062779821625203842475143792670254,199565020594350081152991074975629658580438684763170301612162580334611,107873835454014661502997835834663925274191674621982137597853382358304,309839098361234976689654549350065649433436563334849993063792586716645,204926902410711058110472007430887459923095067362829166948743095180460,24765346764995310731240865612130183914412944533309146571447878348120,18269458006233365152903876963637062158623253639407339750943693223290,122496055318141105797083454530650049974998943099318412638388442948655,209791035496774161496835678707744965653564131307204116079412352280400,283149221120093216058518750055600543565357385654705947956453857403675,59125112898168572663375223076358054221441444944597383745262335788200;\
268757510976638461831173877637193113250592102307414836490897686552863,313441092707910298024148102260010955768190565303548963771435928580687,88740222371201331390380821831573252831119669999295047239677334220977,86836496628715066123638902980751596329846984264639176069463348552530,140607468433283341149199106914866265580415013422676491872642970541415,204275908620637213787382099789607297949488110749281053356888438541075,116962073049508120274814269205165470034059861031821734820132262131685,30615805970297359432504305026561948544337052342063007437515354904495,258559017666935735037773157639653477291975111713354850408923119297875,158559602502969966568867055793685241540397387547266388747772663526450,73738911663090009618621054108021560746511767511085579172277089825450;\
131744242919518213598526793507963279972868190889974680863212147872814,1524312720168328475276227674209105925561583919664133208924118618101,38044601846153682564358927588674043640258643262987510604395039120502,206474886504228938421948886761005516252657687264117938163578444297430,285918250579991224496763631729476994701287409888314391087856352834785,252298036791604012757824508818078200448671449796054957700273863299485,195066912607769778694225271372672392129152585711819115387710413994375,129834104240062883667819949637624345092036233044109476165948576953100,131733652093890627939625792803773799776340805735598576360320957955175,192177088226207777527618719467468361311676504793510987278983377988325,234276246984448693395107633284608905565806343940573057126301832296675;\
313555129946650859343554232411715115289134810567361790279083744510881,180660562585759843430442806267013646873385330810661942562714104917386,21832114507035220658237924972387130239416343077867421102560631895118,63833178855152236102653409528725441568501099729741545209845135013700,19729145036151121217145109900169910661360927176560641489614743161035,244885154956540750596153517482870361353355819523585860658838265097065,121370938212107482241853760624428377060497389919957119739002592893685,65236699476156185594952305743083025079045559845359768965043735342900,136767765772546041986401496831625897209634160309062529577519969544400,222348599792485032868747559027041145000789432822267675164406494568525,23047792194220657425750990480943979193056820050501080277212382833725;\
192302958470114548917193753260170596222360601416230986008298422747886,122895398511705137008922004481899102731024835582735086168627773819246,1600266455846267437377726810119332013537906802860999393022819767672,9649709573253938656396606276619530883486812791427988095054805299055,45472096824882760864451326030353988896237311206772231145166728690635,228323908868242475957343290093888382920248807828250622154588242955420,28915533678442327087548856645482322550712924422501115074851661975,200848616515109105832016418470231375767676106141864940540420514149910,310561045729736550187728903872970785069473394357962682080646800903900,179711495608937014433754263495045439379104214128286225600891691792175,15161134302180302277543747317478078661715789555884524948084522247250;\
277160075067809168208354620689549740783443791130634427206115793563637,105124744245159882774475847813882267153759311432571841408512389039990,251908045349314612295352892341052382854733700023290964221604544342663,78121029034505345726616704691556039441819194171623822714737312466190,86281256289557204638219156623182668127022125118630653763111020201010,253325151677888043098941212575003902406867763016720921631681414022745,138276004326374330723407584510524628056800231995290898547535678619385,153534648577829077237512984441609444189660656908615886709604784395855,25586702692926121068962872869559186443181499894495651407025995344825,217228736657171283116903887505388490170730978123508656773666692831675,168395769570550810071710964397642732613893357555364934695300533375650;\
74202264406219020623516817184654399092117669257441651112859802610535,315511651616918135118952381864400581626094415013642748290751588578517,34404415400385580324580076103500179214811600720284891960067305885590,120256902732640041077404414610804742016240839225637894168887344689795,72557239656476587772641834059940341858081247836760725502120199143925,158532225869198578650285396982811556501678715523192284683829667982920,124010641869731631538746845474771794509080547455063247487157093789770,50691344305689232372391841843644661677261389811710164954125874463075,242016044067400395874583140687909015956475341377992365450224417706225,291950578880075174897000878396821278848921293896724948758833213095625,70303474909245634524752716196925954982489172248300024103011559861225;\
212537164928184105655803274706086841856234870150585948142832703426268,193693134683621684127959657017914400049493563553559501736191341369527,53653116390342687349863651610808121972186545047207145939895288475038,306898210493904932945782294890870492506882499999803100403302210224640,103240467628652040634734723753971459161937832463048840446937467924070,76575448780571708368292985670241291763239672833503123088208980026090,243698460325941624022328676862248426663049186911384034605441815955005,119450999298984969412492705120577759050521448032287109639220732080235,152362367918792046275319514964000242689593961176012141510533813142300,196770473701748942258638305052252598495837190470688406782307631242750,305668646329145410288934204491158709232167755377068516012662821040275]
/* 
This should be the matrix of frobenius!
*/ 
B = A; 
/* Freed 73 lists. */
