/* Comments begin... 
Coefficient of   x^21 * y^1               = 2
Coefficient of   x^10 * y^2 * z^6         = 1
Coefficient of   x^8 * y^5 * z^5         = -2
Coefficient of   x^6 * y^8 * z^4         = 2
Coefficient of   x^4 * y^11 * z^3         = -1
Coefficient of   x^2 * y^14 * z^2         = 1
Coefficient of   x^1 * z^13               = -2
Coefficient of   y^17 * z^1               = 1

Here is the polynomial we're using this time:

2*x^21*y^1 + 1*x^10*y^2*z^6 + -2*x^8*y^5*z^5 + 2*x^6*y^8*z^4 + -1*x^4*y^11*z^3 + 1*x^2*y^14*z^2 + -2*x^1*z^13 + 1*y^17*z^1

Allocate G_len 20 elements and old = 0.
Allocate M_len = 400 elements.
Allocate G_len 40 elements and old = 20.
Allocate M_len = 800 elements.
Allocate G_len 80 elements and old = 40.
Allocate M_len = 1600 elements.
Allocate M_len = 3200 elements.
Allocate G_len 160 elements and old = 80.
Allocate M_len = 6400 elements.
Allocate M_len = 12800 elements.
Allocate G_len 320 elements and old = 160.
Allocate M_len = 25600 elements.
The final length of G is 177
[10, 2, 5, 0]  	391	7 
[21, 0, 0, 0]  	399	7  <--- 1
[20, 1, 0, 0]  	403	7 
[8, 5, 5, 0]  	422	6 
[8, 8, 4, 0]  	460	7 
[6, 11, 4, 0]  	491	6 
[5, 0, 15, 0]  	560	6 
[14, 11, 3, 0]  	612	10 
[18, 8, 3, 0]  	619	11 
[12, 14, 3, 0]  	643	10 
[11, 0, 14, 0]  	643	10 
[14, 14, 2, 0]  	650	10 
[18, 11, 2, 0]  	657	10 
[10, 17, 3, 0]  	674	9 
[9, 3, 14, 0]  	674	9 
[12, 17, 2, 0]  	681	9 
[15, 0, 13, 0]  	688	8 
[18, 14, 1, 0]  	695	9 
[7, 22, 2, 0]  	701	8 
[8, 20, 3, 0]  	705	8 
[7, 6, 14, 0]  	705	8 
[8, 23, 1, 0]  	712	8 
[12, 20, 1, 0]  	719	8 
[7, 8, 13, 0]  	720	8 
[6, 9, 13, 0]  	724	7 
[16, 17, 1, 0]  	726	8 
[10, 22, 1, 0]  	727	8 
[6, 8, 14, 0]  	732	7 
[5, 25, 2, 0]  	732	7 
[19, 0, 12, 0]  	733	8 
[12, 22, 0, 0]  	734	7 
[6, 23, 3, 0]  	736	7 
[5, 9, 14, 0]  	736	7 
[7, 25, 1, 0]  	739	7 
[6, 26, 1, 0]  	743	7 
[8, 26, 0, 0]  	750	7 
[5, 11, 13, 0]  	751	7 
[4, 12, 13, 0]  	755	6 
[6, 28, 0, 0]  	758	7 
[5, 29, 0, 0]  	762	6 
[4, 11, 14, 0]  	763	6 
[16, 20, 0, 0]  	764	7 
[10, 25, 0, 0]  	765	7 
[4, 26, 3, 0]  	767	6 
[5, 28, 1, 0]  	770	7 
[5, 24, 4, 0]  	771	6 
[4, 29, 1, 0]  	774	6 
[19, 18, 0, 0]  	775	7 
[18, 19, 0, 0]  	779	7 
[4, 28, 2, 0]  	782	6 
[3, 14, 13, 0]  	782	6 
[3, 29, 2, 0]  	786	5 
[5, 18, 9, 0]  	788	6 
[5, 14, 12, 0]  	789	6 
[4, 31, 0, 0]  	789	6 
[4, 15, 12, 0]  	793	5 
[3, 32, 0, 0]  	793	5 
[5, 21, 7, 0]  	795	6 
[4, 18, 10, 0]  	800	5 
[3, 31, 1, 0]  	801	5 
[3, 0, 24, 0]  	801	5 
[5, 20, 8, 0]  	803	6 
[2, 32, 1, 0]  	805	5 
[4, 25, 5, 0]  	806	6 
[4, 21, 8, 0]  	807	5 
[5, 23, 6, 0]  	810	6 
[4, 1, 23, 0]  	812	5 
[4, 24, 6, 0]  	814	5 
[4, 20, 9, 0]  	815	5 
[4, 4, 21, 0]  	819	5 
[3, 17, 12, 0]  	820	5 
[4, 23, 7, 0]  	822	5 
[2, 18, 12, 0]  	824	4 
[4, 7, 19, 0]  	826	5 
[4, 3, 22, 0]  	827	5 
[4, 10, 17, 0]  	833	5 
[4, 6, 20, 0]  	834	5 
[3, 11, 17, 0]  	837	5 
[3, 7, 20, 0]  	838	4 
[4, 9, 18, 0]  	841	5 
[2, 35, 0, 0]  	843	4 
[3, 10, 18, 0]  	845	4 
[3, 6, 21, 0]  	846	4 
[3, 21, 10, 0]  	850	4 
[3, 28, 5, 0]  	856	5 
[3, 24, 8, 0]  	857	4 
[3, 20, 11, 0]  	858	4 
[2, 29, 5, 0]  	860	4 
[3, 4, 23, 0]  	862	3 
[2, 21, 11, 0]  	862	3 
[3, 23, 9, 0]  	865	4 
[2, 28, 6, 0]  	868	4 
[2, 24, 9, 0]  	869	3 
[3, 26, 7, 0]  	872	4 
[2, 31, 4, 0]  	875	5 
[2, 27, 7, 0]  	876	3 
[2, 23, 10, 0]  	877	3 
[2, 15, 16, 0]  	879	4 
[2, 26, 8, 0]  	884	3 
[2, 14, 17, 0]  	887	4 
[2, 10, 20, 0]  	888	3 
[1, 38, 0, 0]  	893	3 
[2, 13, 18, 0]  	895	3 
[2, 1, 27, 0]  	898	4 
[1, 14, 18, 0]  	899	3 
[1, 10, 21, 0]  	900	2 
[2, 0, 28, 0]  	906	4 
[1, 13, 19, 0]  	907	2 
[1, 32, 5, 0]  	910	3 
[1, 12, 20, 0]  	915	2 
[1, 27, 9, 0]  	919	2 
[0, 32, 6, 0]  	922	2 
[1, 30, 7, 0]  	926	2 
[1, 18, 16, 0]  	929	3 
[0, 31, 7, 0]  	930	2 
[1, 29, 8, 0]  	934	2 
[0, 30, 8, 0]  	938	1 
[1, 1, 29, 0]  	941	2 
[1, 24, 12, 0]  	943	3 
[1, 35, 4, 0]  	948	3 
[1, 0, 30, 0]  	949	2 
[0, 1, 30, 0]  	953	1 
[0, 16, 19, 0]  	957	1 
[0, 35, 5, 0]  	960	2 
[0, 0, 31, 0]  	961	1  <--- 3
[0, 18, 18, 0]  	972	1 
[0, 4, 29, 0]  	991	1 
[0, 38, 4, 0]  	998	2 
[0, 21, 17, 0]  	1010	1 
[0, 44, 0, 0]  	1012	2  <--- 2
[1, 7, 27, 0]  	1017	2 
[0, 7, 28, 0]  	1029	1 
[0, 41, 3, 0]  	1036	2 
[0, 24, 16, 0]  	1048	1 
[0, 10, 27, 0]  	1067	1 
[0, 27, 15, 0]  	1086	1 
[0, 13, 26, 0]  	1105	1 
[6, 14, 3, 1]  	529	7 
[18, 5, 4, 1]  	581	12 
[10, 19, 2, 1]  	689	9 
[9, 20, 2, 1]  	693	8 
[5, 15, 11, 1]  	781	6 
[5, 17, 10, 1]  	796	6 
[4, 17, 11, 1]  	808	5 
[3, 12, 16, 1]  	829	5 
[3, 4, 22, 1]  	831	4 
[3, 3, 23, 1]  	839	4 
[3, 9, 19, 1]  	853	4 
[3, 27, 6, 1]  	864	4 
[2, 4, 24, 1]  	874	4 
[2, 7, 22, 1]  	881	3 
[2, 9, 21, 1]  	896	3 
[1, 31, 6, 1]  	918	3 
[1, 21, 15, 1]  	967	3 
[1, 4, 28, 1]  	979	2 
[4, 14, 12, 2]  	770	6 
[2, 12, 19, 2]  	903	3 
[1, 15, 17, 4]  	891	3 
[0, 32, 5, 96]  	891	2 
[3, 31, 0, 98]  	770	5 
[1, 29, 7, 98]  	903	2 
[5, 0, 14, 99]  	529	5 
[16, 8, 3, 99]  	581	10 
[7, 22, 1, 99]  	670	5 
[6, 8, 13, 99]  	701	5 
[6, 26, 0, 99]  	712	5 
[4, 1, 22, 99]  	781	5 
[4, 3, 21, 99]  	796	5 
[2, 20, 10, 99]  	808	3 
[2, 29, 4, 99]  	829	3 
[2, 26, 7, 99]  	853	2 
[2, 13, 17, 99]  	864	3 
[0, 38, 0, 99]  	874	2 
[1, 24, 10, 99]  	881	2 
[1, 26, 9, 99]  	896	2 
[1, 0, 29, 99]  	918	2 
[0, 21, 16, 99]  	979	1 
------
The gap is between 5 and 95.
Lengths: 3 3 5 5 3 4.
For 982 = 5*d/2-d1-d2-d3 you get 3 in char 0.
1*x^1*y^23*z^14
1*y^40*z^2
1*y^9*z^25

For 560 = 3*d/2-d1-d2-d3 you get 5 in char 0.
1*x^4*y^17*z^3
1*x^3*y^3*z^14
1*x^2*y^20*z^2
1*x^1*y^6*z^13
1*y^23*z^1

For 138 = d/2-d1-d2-d3 you get 3 in char 0.
1*x^4*z^2
1*x^2*y^3*z^1
1*y^6

Extra powers of p used 1.
The invariant extra is equal to 2.
Start computing 5^3 Delta^1 (x1x2x3)^4... Done.
Start computing 5^4 Delta^2 (x1x2x3)^4... Done.
Start computing 5^5 Delta^3 (x1x2x3)^4... Done.
Start computing 5^6 Delta^4 (x1x2x3)^4... Done.
Start computing 5^7 Delta^5 (x1x2x3)^4... Done.
Start computing 5^8 Delta^6 (x1x2x3)^4... Done.
Start computing 5^9 Delta^7 (x1x2x3)^4... Done.
Start computing 5^10 Delta^8 (x1x2x3)^4... Done.
Start computing 5^11 Delta^9 (x1x2x3)^4... Done.
Start computing 5^12 Delta^10 (x1x2x3)^4... Done.
Start computing aa.
1 2 3 4 5 6 7 8 9 10 11 
*/
A = \
[575877535871137116035015718278409819742467726180943071770270721706750,450744366419635431912283858243146984730525916596889402844085325099220,187074545768512984233518870286643293702117009200411661759007342857140,129066224793745395085309692423571965355521072032666461829651436574450,162389118438591221422869193533304882719589943031924655937579502928625,30354771919562853109765562878415953596919691842480140010115722422150,1294460661565933201122547582284869235619826356999326726430721841476275,400211142645590847024708682653739325369846186534005577440769412562150,1088099648895812072613457703134620574715677061306021293842837956792625,1541972041756304222390610025307291307361175770147650213796534658054875,206081868379680572843796764121100578340964944180034099397890160565375;\
1542937583430201318865448847406699411814435713166511072102062285599481,1227730523659086879474911628995530611106534168063231173605940999049089,427160195674845757869276464630324667917229464449018215882614025179648,1091434779655423650159557114078213746636050814926814322656873952481160,735819553264449234032417621952800486366107444253243615235941192694080,1272329370183599753075671435323584452668624665126662385940211059308225,845016604457972828630972465710962012415632657857283264567958185285910,157429845584363566945071042207616124345762565546335237061403583245995,664606172435413216005956253790792501751717454899991204012536696563975,531225343094881721542530114467409115602292753902232864362963084858725,960506853307391428678952587824904798195072525312191483964045776381625;\
315834028978711264983252375366422887849489534035896337925488098175772,530640503430960170646047700157964194428978221881689459676864010260403,488787419450599159065724398712490753435619234197590523629023025523971,388820586625446412916325504753360123715768527525521414381649723601270,535689418322985671544266297185139859431749793727702455040342287100535,1548324534365539814424744332869050890961632991400054210178100682761825,1287543457782405932787018725544130274319047382321611103256333452346470,764993900666225964631595760931150849539374510036468536098464524213640,713293677911570020892960327944533411375718179987188373186013152904575,871353874110682107068627146715825317582695498374272303799536871850075,20649008532431885151551227802872900392950553584274681059781237593250;\
532385414585910546682126419521697150049331798467932382979565301766567,235442383813635463150417491938937162193988708959640256370530560862268,428909235452534901858971850561546567981385147240866777320392750872526,548621471573867696837122376136895415640552945892865414210795897477895,951081962626702508338701213886550476976705307055758757881908468203085,1565628459787874183151747288597140434991858009823776243432788301493525,1347264831521723380710321565649639139602240905744685578162885092792045,1411696214670760822860599421592268791922666994755965398900344057283065,995229546236854254276788671958815409577324588565599224969926266837575,934401101805336813658163361415537589027698143363898690289490263586075,1054978670816454714856641147943113521288511055388448150046585699428375;\
904272586288166628408851096546595185056582698946664700943951298253751,1162727332827795806521798535673901778431111388522587172748720742699504,523129106034698687126300109111297976220502283168708269435678525148478,1549234196683843835855396258758811406576688498744525462257590342276860,753368915342866985841245498486249946648476246344817894420792094138730,690202195234801174211633271270570588810110235606403687885917395384575,54974225859668904296661582252087448790118523597934628559354254729035,508783102023247566686175172152902005630096597944751143854244223034320,1430316343137946951874131227829536894352886226791384335967190897143850,840501969385560834234471187472685966677545877313929890410635432772975,1345815507419190591032180112110187136763709108104398662328315823526500;\
1374501289506322848052652246134396647012137790945728323933530175181449,864141150225158428158765951861696292173136663164709296030025351971201,768954751739646058826879188232723004207464107040331373958124608750182,1234685094983979772066305172243070373587072790784602612681168925154265,1276748650623367389582433338011421278941897495745555399949643117515395,786330503990910976648835695460561769291034921159611097946678075443125,364813396424797839874662200690065574791668693725139044413885586206990,662453200226625249617602457243875264054540725918344705613607332579455,1172637710643082177026207624347879919386654154008621011694654085157275,221807968146128349995413356449225320937224761462009846229743949247150,80545294250754942181503797265201032030981212244341251968148089522125;\
940572154215940638243987806970581701176848396435380654805721485293669,58133472100041868182426805742962885752176489665854101684082313339751,653601463269860744747460231009573998029859880738862281170353743754132,598040726611933623430606155438036891370676082221052363346547038638240,756064709112573783429975601253834634888157973362292480653671036479620,935760845102407867643931112315005533949249822918390000542149401801475,442164858950577011528596704052200419145885142065633972024872581362215,347964892035619810299297027560517617703863786229322458591659477710480,624007158953338426397315682272280094021181970322193168550124746283525,418249808211712503458695816855828654525854740945002730617709315090775,1161746253389160084719132319362258799720521187594977743446204653131875;\
1560395609834890173335574323637076284549044730655490762928464606313730,938526367250439488721354876290741102568764840121365183909220352457350,1351772157022273056517119094583299323202786472585742565991125222356625,1128527399672115746490345083622561040166045364257817088640903612925150,1097121656825470677731446459108488546462048844380281558615174465889325,1050875801864780235212555124970785190958937554036790870212214846688875,440292930560267300836404647574501945448821274298267707804007921484350,683007652073903780634655572908179938104455843446639781067527089348350,22129681429210303184847119052376612146948464562813757726801126109500,637703215394425996686203137131041923550116412056699739546329682534375,125720075771271560938934397133487930339663353864377957609330595079875;\
650204529667874086410062284674033795401133599959577640914027858465977,304345828118906736336036531817939746342698284585470765183667716747708,128573957514239265941736606724506981943659437202643140924584307957356,239751662189231841386589856320387100844796924602728468669122314292245,670692948515802915902544041546258649918876750555133743784265295060385,157634532249756792042017895280063178151650081599666974025177045429525,1062244554212423043226611289635842500651041771743956322880011103364395,716234057104751935988370072341760529670625044185576745796201820672890,268625149406736660659749382956879246831133492361319329574062753772950,258676897958884987907829328553157468645269872728009322885447045608200,712049379258602186145042374883588210568793103950189009431655514699625;\
819316386383912947084268364397929275635193033117097165879396919175088,899818034514954150140205866227377576347459572714063802148715366493502,447374260738607119844219237219017044126028552183507615571520857525989,1241194411074255649135026856745503508887725696297365758682447747836105,178945967687840643461297631434128458749891180146124403927207124930965,1412440794639839739314732395835764945155473847385185792159739521325600,921894525595922651239542927255905031675928417402425115664151880219605,1181173126351744497416006783638547286728693651248103397231616788645160,1121867717187734204082544127387004627644827805485251838736933809790300,477163161782345041656848668535839659882933973555271638687033632578175,1542206309570107997444026533898745545367547929090731096017600323545250;\
122496487979661067640747570743038805998841004923368955404986668542529,1015605245964988188828685073619486244422299281845244629732062767798891,275699777119894214193156137835572143891316854714575080987129507446212,1063429342933782184139131109716297813502410011643136351584731753481740,262467550628355720885427423867889266380891797253291440623610324512295,1399135385918900848288992740154290067708544474628708718251652407145750,212030064690257657026331529690722150785750946036874227201364802729190,1115683410461000515232293816045798026838176053021565392476444121108305,104261933704275689259864834061312555832804006426674053956470709536025,1321902923641104112089066089267438977405293129052526036454007854009900,1486869602470192559992211588493265493361169770920570449296881201864375]
/* 
This matrix times 5^(-1) should be the matrix of frobenius.
*/ 
B = 5^(-1) * A; 
/* Freed 74 lists. */
