/* Comments begin... 
Coefficient of   x^21 * y^1               = 2
Coefficient of   x^10 * y^2 * z^6         = 2
Coefficient of   x^8 * y^5 * z^5         = 2
Coefficient of   x^6 * y^8 * z^4         = 1
Coefficient of   x^4 * y^11 * z^3         = -2
Coefficient of   x^2 * y^14 * z^2         = -1
Coefficient of   x^1 * z^13               = 2
Coefficient of   y^17 * z^1               = 2

Here is the polynomial we're using this time:

2*x^21*y^1 + 2*x^10*y^2*z^6 + 2*x^8*y^5*z^5 + 1*x^6*y^8*z^4 + -2*x^4*y^11*z^3 + -1*x^2*y^14*z^2 + 2*x^1*z^13 + 2*y^17*z^1

Allocate G_len 20 elements and old = 0.
Allocate M_len = 400 elements.
Allocate G_len 40 elements and old = 20.
Allocate M_len = 800 elements.
Allocate G_len 80 elements and old = 40.
Allocate M_len = 1600 elements.
Allocate M_len = 3200 elements.
Allocate G_len 160 elements and old = 80.
Allocate M_len = 6400 elements.
Allocate M_len = 12800 elements.
Allocate G_len 320 elements and old = 160.
Allocate M_len = 25600 elements.
The final length of G is 194
[10, 2, 5, 0]  	391	7 
[21, 0, 0, 0]  	399	7  <--- 1
[20, 1, 0, 0]  	403	7 
[8, 5, 5, 0]  	422	6 
[8, 8, 4, 0]  	460	7 
[6, 11, 4, 0]  	491	6 
[6, 14, 3, 0]  	529	7 
[5, 0, 15, 0]  	560	6 
[14, 11, 3, 0]  	612	10 
[18, 8, 3, 0]  	619	11 
[11, 0, 14, 0]  	643	10 
[18, 11, 2, 0]  	657	10 
[9, 3, 14, 0]  	674	9 
[16, 14, 2, 0]  	688	10 
[9, 20, 2, 0]  	693	8 
[18, 14, 1, 0]  	695	9 
[7, 22, 2, 0]  	701	8 
[7, 6, 14, 0]  	705	8 
[12, 20, 1, 0]  	719	8 
[7, 8, 13, 0]  	720	8 
[6, 9, 13, 0]  	724	7 
[17, 0, 13, 0]  	726	9 
[10, 22, 1, 0]  	727	8 
[6, 8, 14, 0]  	732	8 
[19, 0, 12, 0]  	733	8 
[6, 25, 2, 0]  	751	7 
[5, 11, 13, 0]  	751	7 
[5, 26, 2, 0]  	755	6 
[4, 12, 13, 0]  	755	6 
[12, 23, 0, 0]  	757	7 
[5, 29, 0, 0]  	762	6 
[5, 25, 3, 0]  	763	6 
[4, 11, 14, 0]  	763	6 
[16, 20, 0, 0]  	764	7 
[10, 25, 0, 0]  	765	7 
[4, 26, 3, 0]  	767	6 
[4, 14, 12, 0]  	770	6 
[16, 19, 1, 0]  	772	7 
[14, 22, 0, 0]  	772	7 
[4, 29, 1, 0]  	774	6 
[19, 18, 0, 0]  	775	7 
[18, 19, 0, 0]  	779	7 
[5, 15, 11, 0]  	781	6 
[4, 28, 2, 0]  	782	6 
[3, 14, 13, 0]  	782	6 
[4, 31, 0, 0]  	789	6 
[3, 31, 1, 0]  	801	6 
[5, 20, 8, 0]  	803	6 
[4, 25, 5, 0]  	806	6 
[4, 21, 8, 0]  	807	5 
[5, 23, 6, 0]  	810	6 
[4, 24, 6, 0]  	814	5 
[4, 20, 9, 0]  	815	5 
[4, 4, 21, 0]  	819	5 
[4, 0, 24, 0]  	820	6 
[4, 23, 7, 0]  	822	5 
[3, 1, 24, 0]  	824	5 
[4, 7, 19, 0]  	826	5 
[4, 3, 22, 0]  	827	5 
[3, 12, 16, 0]  	829	5 
[3, 4, 22, 0]  	831	4 
[4, 10, 17, 0]  	833	5 
[4, 6, 20, 0]  	834	5 
[3, 7, 20, 0]  	838	4 
[4, 9, 18, 0]  	841	5 
[3, 18, 12, 0]  	843	5 
[3, 10, 18, 0]  	845	4 
[3, 9, 19, 0]  	853	4 
[3, 28, 5, 0]  	856	5 
[3, 24, 8, 0]  	857	4 
[2, 29, 5, 0]  	860	4 
[3, 35, 0, 0]  	862	4 
[3, 27, 6, 0]  	864	4 
[2, 28, 6, 0]  	868	4 
[3, 26, 7, 0]  	872	4 
[2, 35, 1, 0]  	874	4 
[2, 4, 24, 0]  	874	4 
[2, 31, 4, 0]  	875	5 
[2, 26, 8, 0]  	884	3 
[2, 14, 17, 0]  	887	4 
[2, 10, 20, 0]  	888	3 
[1, 15, 17, 0]  	891	3 
[2, 21, 12, 0]  	893	4 
[2, 1, 27, 0]  	898	4 
[2, 24, 10, 0]  	900	2 
[1, 10, 21, 0]  	900	2 
[2, 12, 19, 0]  	903	3 
[2, 0, 28, 0]  	906	4 
[1, 12, 20, 0]  	915	2 
[1, 31, 6, 0]  	918	3 
[1, 27, 9, 0]  	919	2 
[0, 32, 6, 0]  	922	2 
[1, 30, 7, 0]  	926	2 
[1, 14, 19, 0]  	930	2 
[0, 31, 7, 0]  	930	2 
[1, 29, 8, 0]  	934	2 
[0, 30, 8, 0]  	938	1 
[1, 1, 29, 0]  	941	2 
[1, 24, 12, 0]  	943	3 
[1, 35, 4, 0]  	948	3 
[1, 0, 30, 0]  	949	2 
[0, 1, 30, 0]  	953	1 
[0, 16, 19, 0]  	957	1 
[0, 35, 5, 0]  	960	2 
[0, 0, 31, 0]  	961	1  <--- 3
[1, 41, 0, 0]  	962	2 
[1, 21, 15, 0]  	967	3 
[0, 18, 18, 0]  	972	1 
[1, 4, 28, 0]  	979	2 
[0, 4, 29, 0]  	991	1 
[0, 38, 4, 0]  	998	2 
[0, 21, 17, 0]  	1010	1 
[0, 44, 0, 0]  	1012	2  <--- 2
[1, 7, 27, 0]  	1017	2 
[0, 7, 28, 0]  	1029	1 
[0, 41, 3, 0]  	1036	2 
[0, 24, 16, 0]  	1048	1 
[0, 10, 27, 0]  	1067	1 
[0, 27, 15, 0]  	1086	1 
[0, 13, 26, 0]  	1105	1 
[18, 5, 4, 1]  	581	12 
[14, 14, 2, 1]  	650	10 
[12, 17, 2, 1]  	681	9 
[15, 0, 13, 1]  	688	9 
[10, 19, 2, 1]  	689	9 
[14, 19, 1, 1]  	734	8 
[5, 9, 14, 1]  	736	7 
[7, 25, 1, 1]  	739	7 
[6, 26, 1, 1]  	743	7 
[8, 26, 0, 1]  	750	7 
[6, 28, 0, 1]  	758	7 
[5, 28, 1, 1]  	770	6 
[5, 24, 4, 1]  	771	6 
[3, 29, 2, 1]  	786	5 
[5, 18, 9, 1]  	788	6 
[5, 21, 7, 1]  	795	6 
[5, 17, 10, 1]  	796	6 
[4, 18, 10, 1]  	800	5 
[3, 0, 24, 1]  	801	5 
[2, 32, 1, 1]  	805	5 
[4, 17, 11, 1]  	808	5 
[4, 1, 23, 1]  	812	5 
[2, 18, 12, 1]  	824	4 
[3, 11, 17, 1]  	837	5 
[3, 34, 0, 1]  	839	5 
[3, 3, 23, 1]  	839	4 
[2, 35, 0, 1]  	843	4 
[3, 6, 21, 1]  	846	4 
[3, 21, 10, 1]  	850	4 
[3, 20, 11, 1]  	858	4 
[2, 21, 11, 1]  	862	3 
[3, 23, 9, 1]  	865	4 
[2, 24, 9, 1]  	869	3 
[2, 23, 10, 1]  	877	3 
[2, 15, 16, 1]  	879	4 
[2, 7, 22, 1]  	881	3 
[1, 38, 0, 1]  	893	3 
[2, 13, 18, 1]  	895	3 
[2, 9, 21, 1]  	896	3 
[1, 14, 18, 1]  	899	3 
[1, 13, 19, 1]  	907	2 
[1, 32, 5, 1]  	910	3 
[1, 18, 16, 1]  	929	3 
[16, 17, 1, 2]  	726	8 
[3, 17, 12, 2]  	820	5 
[2, 27, 7, 2]  	876	3 
[8, 23, 1, 3]  	712	8 
[5, 25, 2, 3]  	732	7 
[3, 32, 0, 3]  	793	5 
[7, 9, 12, 97]  	712	7 
[4, 11, 13, 97]  	732	5 
[14, 20, 0, 98]  	726	7 
[7, 26, 0, 98]  	731	6 
[3, 1, 23, 98]  	793	4 
[1, 24, 10, 98]  	881	2 
[1, 26, 9, 98]  	896	2 
[16, 8, 3, 99]  	581	10 
[10, 20, 0, 99]  	650	7 
[7, 8, 12, 99]  	689	6 
[1, 3, 20, 99]  	708	2 
[4, 26, 2, 99]  	736	6 
[5, 12, 12, 99]  	743	6 
[5, 14, 11, 99]  	758	5 
[4, 10, 15, 99]  	771	4 
[4, 20, 8, 99]  	784	4 
[1, 1, 24, 99]  	786	2 
[4, 7, 18, 99]  	795	5 
[2, 34, 0, 99]  	820	4 
[2, 28, 5, 99]  	837	3 
[2, 20, 11, 99]  	839	3 
[2, 23, 9, 99]  	846	3 
[1, 13, 18, 99]  	876	2 
[0, 30, 6, 99]  	876	1 
[0, 35, 4, 99]  	929	2 
------
The gap is between 4 and 96.
Lengths: 3 3 5 5 3 3.
For 982 = 5*d/2-d1-d2-d3 you get 3 in char 0.
1*x^1*y^23*z^14
1*y^40*z^2
1*y^9*z^25

For 560 = 3*d/2-d1-d2-d3 you get 5 in char 0.
1*x^4*y^17*z^3
1*x^3*y^3*z^14
1*x^2*y^20*z^2
1*x^1*y^6*z^13
1*y^23*z^1

For 138 = d/2-d1-d2-d3 you get 3 in char 0.
1*x^4*z^2
1*x^2*y^3*z^1
1*y^6

Extra powers of p used 0.
The invariant extra is equal to 2.
Start computing 5^3 Delta^1 (x1x2x3)^4... Done.
Start computing 5^4 Delta^2 (x1x2x3)^4... Done.
Start computing 5^5 Delta^3 (x1x2x3)^4... Done.
Start computing 5^6 Delta^4 (x1x2x3)^4... Done.
Start computing 5^7 Delta^5 (x1x2x3)^4... Done.
Start computing 5^8 Delta^6 (x1x2x3)^4... Done.
Start computing 5^9 Delta^7 (x1x2x3)^4... Done.
Start computing 5^10 Delta^8 (x1x2x3)^4... Done.
Start computing 5^11 Delta^9 (x1x2x3)^4... Done.
Start computing 5^12 Delta^10 (x1x2x3)^4... Done.
Start computing aa.
1 2 3 4 5 6 7 8 9 10 11 
*/
A = \
[243458190665885696918804756537390824401178492964573452964157180395695,146558582622619326047248615448744721907571813469406778557908932199919,170961146461548069041142953766872983839827468015337121651413195171110,94491328602680192927950203137028147910659830002164199124732351011195,314025572746195293996334730203011242178248570339903022650311625570980,44029523239223349201742761990108877283167362076791382599239025979240,181151000152470139565360410032110284912934965798980723866790173557235,234777155256546342808599548964240225475709426373436642120164379062610,224343003059821323477467938431971861154002065073091198117212137947775,8718822609667289107691989641084519225544557022057598791287723017275,31951301663492969047271681633844544667635779505580564810064851019175;\
190364436182777899368295741381271707474316099811748775311278124238319,30238958958169175382306694473977177664693487893459727175722311171475,313501538919505058639220286226514617495472191247613886025989893655926,38912994950821511091119475543768930400646074610791186721825356106690,280234845034655722603044496818480595543157754068344220923474842713070,51472610897729116905520855131546502892541956385762712850883020846040,29805131248683326737338923324583985627991020779689343309260718699795,151845437959170053881780103074592129423928901876452123507316048415880,127958612040487400482505895086177598256673273304231134867353009395300,269411304776197105106490718663232323241067556203723180891567094742600,54732521652805276789027358944294073668694742411104016138516620190775;\
109036809024538672046891440954768368277366827033287937707876861644983,15443222654274986042931959265386087531638340816905635430147958030880,141754419533186230976173276752464838294936065780077809322070221388826,113069903459977117143683768596154983215939858811124480789502209172710,181584448415460815131890799356710693108154027996789116488588130659275,297875928130938581196090549536498476823963121223028938367893325081385,31013681874002151958814261156673617349610866914663005541630929253170,164038725638993160987737347451246849141670421543359995987920433098445,283201727521258303380398727389089491737542814872944917490108309941450,302133289941887184337870804934273359698717527980006847770674960470325,91045349463872964085543046096385913427992917085924564934931080368600;\
136910719937797194349394194508963878474963090493551902967436333824379,291228115838845477888107221078261764685562346836721281915725552081547,261478483228993913298123456496126096645502901478661711585934960761576,304292937595488251743950571958105239101780290498948155961800633291375,238137972904531263804474843825155564895950301770870440463388844575540,103100916121857050536651961251106362323275585742022661996461140961580,200252470106712766521948336208300560840236550674965661251975822978275,95378281299972970329663011985624659309437751506571514008813666004790,42752129115682871666364168830184450838747747211963457580096304533450,272936700147356163906375863157708681756399114353932991945700831505225,111978151077979045143346726918324491924468164057063069967713100913275;\
206465532121872593757783447864185531277541457516891202324039707198802,110484394854796625234661494643702386547130965393643492205208478834417,19027481439689473014563245033295702597237045255525015647076541847218,265910750436823330647260373314012456956024127121824143083569321754705,260692068892332312055760638239988585227374794104484512165857087453105,249183506209229906916711521305102310805181049542380898766679850715020,106810212397783409406024832816225698484128515759665773129632481728285,186049969305699245202280611524612671537675624381849432029405173384805,254827126203008299016991796906007438800904049078553645268247121502700,122161795415654279912925752040377373928017991006147946471150962929375,110844424531564651370484544540074388016021742868220006465231965290225;\
75701769563179795224401938729164731424849079335784124409588387643493,192044825951994680542216306271299280168101407038457339903738235975253,238536947058288326262013060021345240337339111509652211632909863353610,273948232033765385498290471324302422255510963919933916443057389366610,204163319120501208358141962998329524203740469214550764137663803203240,237311577880539229378890892778385672048670877363083129743643793611830,27295517455752477520555424500642739271523909047303926424438400012220,181905574457480570052686665648550015300363417794327424821333362574120,77280020228210136972476644993763977585564926755897268926263634981200,241784466305481877013482619320758236289504896950090742566205848078075,128496266215870003836149137022109645829722956991097931735702254443850;\
21696382894446427251408184385422544311053001960814297274743636355153,223229876241884617449914177398454108154872404975729095843352322342655,215547574330410475839631297130556837864409940469267351196263639289067,270368853204167157624702011846115249241512670292390630628739338221815,157703142379497333751038360961244295433757971964214612517891965985795,115407458166224541339974771889650046380712420860333819875346025695000,148123582596121799398795806150675801109070005995787447876762940322710,112258767368000969548712355129490997309393756847505500355902472917390,292533421116094006669539761854800391787528169415400018899138198799200,176410448306594782199725735230811023355197146596732328066503960747875,13650990651059264527310873231548492071299086343432880169287996243225;\
170494509807969828583963527020273409413703861983368100378278998496621,76960143320661123763261669631574384990854913841879478337097221079226,258010427926463015484340010768701325485412788980232601287572811309268,48963998279098066610764115393530509088335154946143903433520129875305,288767357469131619963510651664921188612157796943881636983988245657735,195198872714379558653463418182148616826606171865624374226842429749790,291952189829196492797711718768347875293020592408831372214743457348670,108811681179565690354744694421109110784703735799931973747800196029060,176452277600555390694834947714207062488950958966751704724302021077875,166422891743503041976215726390711860091248994420124247147070259100575,39266418542078410126921300476296092858555374511627057947966960530750;\
213076282932661415371798876678529794540719688253066736391363436671004,66799743132724329730838107259134411145838218988414607798778321263435,245665278938118884799145217344890182486753376452158539926521079146614,11547465739975776155101821637122552665365592371410383859648778941950,305326136653371061000008146936599538022681242710512725904802012223000,214770447499908304566402538288278916356853866766095837997921765496275,271616476819532860085180828659823550090576007413441283815627643729710,71778153626560655873806677497188060257676358434281303607888888231665,15715393407226070145970935905232554054320580051869121409820622032875,310950401313284804153353898692482859059005502367281494412722642425150,301015657212896743885781315554791846132119344768989510073862040609475;\
213440369993796626511245425299233519022767271300753222649752529837790,164731601763314333683542920569467736925217920142673823448963200978327,78026126444057139525025194377996022145870113266839752995055512408141,192968441930346716957606745271774577146187435048133058867261222104380,283767541101352860745939222688960447655948425940723414220775801353380,111978654308984096357265340228653070648501495104001464555759128277170,137769023904824494775288307212289974074847398887572004716681215595730,108097470813318338211320832400272329701653322752538404188980685729585,82435188859772685803077192972149268816959805328781487730713087615250,140637633700613568869606305314858900025840942647067263380350532707800,212896710867607879729011949917307635124429013264730916308849805065550;\
90860989769754572423189805742451222277755609754218735440884115857427,79984793446494386206606810502920875787716494427033863823767480779603,48088892574698187670901226654731635124120998196648774885120580250054,26266827664491294170857371147625553489538932499380219292163930538680,196377293897292176263158600885668461061705472489911157544211853762800,228444374367341445308975758789291860199995558521491629712867546271260,266536614787491017190068345043421214866927686354858031337836309251730,299908377825939589864544157008784645477992128805612433191516102295680,130465985871233444178161221591454380841835008356835817517631265859975,115447160209108347254821505083749956343785345823693764906688202434375,150472932382953620954076991982670661793694346645319847827386524564000]
/* 
This should be the matrix of frobenius!
*/ 
B = A; 
/* Freed 74 lists. */
