/* Comments begin... 
Coefficient of   x^21 * y^1               = 2
Coefficient of   x^10 * y^2 * z^6         = -1
Coefficient of   x^8 * y^5 * z^5         = 1
Coefficient of   x^6 * y^8 * z^4         = 1
Coefficient of   x^4 * y^11 * z^3         = 0
Coefficient of   x^2 * y^14 * z^2         = -1
Coefficient of   x^1 * z^13               = 2
Coefficient of   y^17 * z^1               = -2

Here is the polynomial we're using this time:

2*x^21*y^1 + -1*x^10*y^2*z^6 + 1*x^8*y^5*z^5 + 1*x^6*y^8*z^4 + -1*x^2*y^14*z^2 + 2*x^1*z^13 + -2*y^17*z^1

Allocate G_len 20 elements and old = 0.
Allocate M_len = 400 elements.
Allocate G_len 40 elements and old = 20.
Allocate M_len = 800 elements.
Allocate G_len 80 elements and old = 40.
Allocate M_len = 1600 elements.
Allocate M_len = 3200 elements.
Allocate G_len 160 elements and old = 80.
Allocate M_len = 6400 elements.
Allocate M_len = 12800 elements.
Allocate G_len 320 elements and old = 160.
Allocate M_len = 25600 elements.
The final length of G is 187
[10, 2, 5, 0]  	391	6 
[21, 0, 0, 0]  	399	6  <--- 1
[20, 1, 0, 0]  	403	6 
[8, 5, 5, 0]  	422	5 
[8, 8, 4, 0]  	460	7 
[6, 14, 3, 0]  	529	7 
[7, 0, 15, 0]  	598	7 
[14, 11, 3, 0]  	612	10 
[18, 8, 3, 0]  	619	10 
[11, 0, 14, 0]  	643	9 
[14, 14, 2, 0]  	650	9 
[16, 14, 1, 0]  	657	10 
[9, 3, 14, 0]  	674	8 
[15, 0, 13, 0]  	688	9 
[10, 19, 2, 0]  	689	9 
[9, 20, 2, 0]  	693	7 
[7, 22, 2, 0]  	701	8 
[7, 6, 14, 0]  	705	8 
[8, 23, 1, 0]  	712	8 
[12, 20, 1, 0]  	719	9 
[7, 8, 13, 0]  	720	8 
[6, 9, 13, 0]  	724	7 
[10, 22, 1, 0]  	727	9 
[6, 8, 14, 0]  	732	7 
[5, 25, 2, 0]  	732	7 
[19, 0, 12, 0]  	733	9 
[14, 19, 1, 0]  	734	8 
[5, 9, 14, 0]  	736	7 
[7, 25, 1, 0]  	739	8 
[6, 26, 1, 0]  	743	7 
[8, 26, 0, 0]  	750	8 
[5, 11, 13, 0]  	751	7 
[4, 12, 13, 0]  	755	6 
[12, 23, 0, 0]  	757	8 
[7, 11, 12, 0]  	758	8 
[6, 12, 12, 0]  	762	7 
[4, 11, 14, 0]  	763	6 
[16, 20, 0, 0]  	764	8 
[10, 25, 0, 0]  	765	8 
[4, 26, 3, 0]  	767	6 
[5, 28, 1, 0]  	770	6 
[4, 14, 12, 0]  	770	6 
[6, 7, 16, 0]  	771	6 
[5, 24, 4, 0]  	771	6 
[14, 22, 0, 0]  	772	7 
[19, 18, 0, 0]  	775	7 
[7, 28, 0, 0]  	777	6 
[18, 19, 0, 0]  	779	7 
[6, 29, 0, 0]  	781	6 
[5, 15, 11, 0]  	781	6 
[4, 28, 2, 0]  	782	6 
[3, 14, 13, 0]  	782	6 
[3, 29, 2, 0]  	786	5 
[6, 1, 21, 0]  	788	6 
[5, 18, 9, 0]  	788	6 
[4, 31, 0, 0]  	789	6 
[6, 0, 22, 0]  	796	6 
[5, 17, 10, 0]  	796	6 
[5, 1, 22, 0]  	800	5 
[4, 18, 10, 0]  	800	5 
[3, 31, 1, 0]  	801	5 
[3, 0, 24, 0]  	801	5 
[6, 3, 20, 0]  	803	6 
[5, 20, 8, 0]  	803	6 
[5, 8, 17, 0]  	806	6 
[4, 25, 5, 0]  	806	6 
[5, 4, 20, 0]  	807	5 
[4, 21, 8, 0]  	807	5 
[5, 0, 23, 0]  	808	5 
[4, 17, 11, 0]  	808	5 
[6, 6, 18, 0]  	810	6 
[5, 23, 6, 0]  	810	6 
[4, 1, 23, 0]  	812	5 
[5, 7, 18, 0]  	814	5 
[4, 24, 6, 0]  	814	5 
[5, 3, 21, 0]  	815	5 
[4, 20, 9, 0]  	815	5 
[4, 4, 21, 0]  	819	5 
[5, 6, 19, 0]  	822	5 
[4, 23, 7, 0]  	822	5 
[2, 18, 12, 0]  	824	4 
[4, 7, 19, 0]  	826	5 
[4, 3, 22, 0]  	827	5 
[3, 12, 16, 0]  	829	5 
[3, 4, 22, 0]  	831	4 
[4, 10, 17, 0]  	833	5 
[4, 6, 20, 0]  	834	5 
[3, 11, 17, 0]  	837	5 
[3, 7, 20, 0]  	838	4 
[3, 34, 0, 0]  	839	4 
[3, 3, 23, 0]  	839	4 
[4, 9, 18, 0]  	841	5 
[3, 10, 18, 0]  	845	4 
[3, 6, 21, 0]  	846	4 
[3, 21, 10, 0]  	850	4 
[3, 28, 5, 0]  	856	5 
[3, 24, 8, 0]  	857	4 
[2, 29, 5, 0]  	860	4 
[2, 21, 11, 0]  	862	3 
[2, 28, 6, 0]  	868	4 
[2, 24, 9, 0]  	869	3 
[2, 4, 24, 0]  	874	4 
[2, 23, 10, 0]  	877	3 
[2, 15, 16, 0]  	879	4 
[2, 7, 22, 0]  	881	3 
[2, 10, 20, 0]  	888	3 
[1, 15, 17, 0]  	891	3 
[1, 38, 0, 0]  	893	3 
[2, 9, 21, 0]  	896	3 
[2, 1, 27, 0]  	898	4 
[1, 14, 18, 0]  	899	3 
[1, 10, 21, 0]  	900	2 
[2, 12, 19, 0]  	903	3 
[2, 0, 28, 0]  	906	4 
[2, 27, 8, 0]  	907	2 
[1, 13, 19, 0]  	907	2 
[1, 32, 5, 0]  	910	3 
[1, 12, 20, 0]  	915	2 
[1, 31, 6, 0]  	918	3 
[1, 27, 9, 0]  	919	2 
[0, 32, 6, 0]  	922	2 
[1, 30, 7, 0]  	926	2 
[1, 18, 16, 0]  	929	3 
[1, 29, 8, 0]  	934	2 
[0, 30, 8, 0]  	938	1 
[1, 1, 29, 0]  	941	2 
[1, 24, 12, 0]  	943	3 
[1, 0, 30, 0]  	949	2 
[0, 1, 30, 0]  	953	1 
[0, 16, 19, 0]  	957	1 
[0, 35, 5, 0]  	960	2 
[0, 0, 31, 0]  	961	1  <--- 3
[1, 21, 15, 0]  	967	3 
[0, 18, 18, 0]  	972	1 
[1, 4, 28, 0]  	979	2 
[0, 4, 29, 0]  	991	1 
[0, 38, 4, 0]  	998	2 
[0, 21, 17, 0]  	1010	1 
[0, 44, 0, 0]  	1012	2  <--- 2
[1, 7, 27, 0]  	1017	2 
[0, 7, 28, 0]  	1029	1 
[0, 41, 3, 0]  	1036	2 
[0, 24, 16, 0]  	1048	1 
[0, 10, 27, 0]  	1067	1 
[0, 27, 15, 0]  	1086	1 
[0, 13, 26, 0]  	1105	1 
[6, 11, 4, 1]  	491	6 
[5, 0, 15, 1]  	560	6 
[18, 5, 4, 1]  	581	10 
[12, 17, 2, 1]  	681	9 
[6, 28, 0, 1]  	758	7 
[5, 29, 0, 1]  	762	6 
[4, 29, 1, 1]  	774	6 
[3, 32, 0, 1]  	793	5 
[5, 21, 7, 1]  	795	6 
[2, 32, 1, 1]  	805	5 
[3, 17, 12, 1]  	820	5 
[2, 35, 0, 1]  	843	4 
[3, 9, 19, 1]  	853	4 
[3, 20, 11, 1]  	858	4 
[3, 23, 9, 1]  	865	4 
[3, 26, 7, 1]  	872	4 
[2, 31, 4, 1]  	875	5 
[2, 27, 7, 1]  	876	3 
[2, 26, 8, 1]  	884	3 
[2, 14, 17, 1]  	887	4 
[2, 13, 18, 1]  	895	3 
[0, 31, 7, 1]  	930	2 
[1, 35, 4, 1]  	948	3 
[3, 27, 6, 2]  	864	4 
[4, 7, 18, 98]  	795	5 
[1, 30, 6, 98]  	895	2 
[4, 14, 3, 99]  	491	4 
[16, 8, 3, 99]  	581	8 
[10, 20, 1, 99]  	681	8 
[2, 1, 23, 99]  	774	3 
[1, 12, 18, 99]  	853	2 
[2, 6, 22, 99]  	858	3 
[2, 13, 17, 99]  	864	3 
[1, 30, 5, 99]  	864	2 
[2, 9, 20, 99]  	865	3 
[1, 21, 12, 99]  	874	3 
[2, 0, 27, 99]  	875	3 
[1, 18, 15, 99]  	898	3 
[0, 0, 30, 99]  	930	1 
[1, 4, 27, 99]  	948	2 
[0, 38, 3, 99]  	967	2 
------
The gap is between 3 and 97.
Lengths: 3 3 5 6 3 4.
For 982 = 5*d/2-d1-d2-d3 you get 3 in char 0.
1*x^1*y^23*z^14
1*y^40*z^2
1*y^9*z^25

For 560 = 3*d/2-d1-d2-d3 you get 5 in char 0.
1*x^4*y^17*z^3
1*x^3*y^3*z^14
1*x^2*y^20*z^2
1*x^1*y^6*z^13
1*y^23*z^1

For 138 = d/2-d1-d2-d3 you get 3 in char 0.
1*x^4*z^2
1*x^2*y^3*z^1
1*y^6

Extra powers of p used 2.
The invariant extra is equal to 2.
Start computing 5^3 Delta^1 (x1x2x3)^4... Done.
Start computing 5^4 Delta^2 (x1x2x3)^4... Done.
Start computing 5^5 Delta^3 (x1x2x3)^4... Done.
Start computing 5^6 Delta^4 (x1x2x3)^4... Done.
Start computing 5^7 Delta^5 (x1x2x3)^4... Done.
Start computing 5^8 Delta^6 (x1x2x3)^4... Done.
Start computing 5^9 Delta^7 (x1x2x3)^4... Done.
Start computing 5^10 Delta^8 (x1x2x3)^4... Done.
Start computing 5^11 Delta^9 (x1x2x3)^4... Done.
Start computing 5^12 Delta^10 (x1x2x3)^4... Done.
Start computing aa.
1 2 3 4 5 6 7 8 9 10 11 
*/
A = \
[242530041848956172044302252795689796205113544630348829593612552058445,201515875461328609526930464220012555501862140259829498076962505161245,132366223646922977580155748469020474345586532803759037719731930917030,149689946312303680080407679786935376873193092132632443114402087792475,83617013986991610005450020313701013951114807740191182562827957997625,204262531827198464226830288996405721898541981800116949516105445029225,80500262399501465143958893076363951687812786758090669229552877575025,136457133226524668502053206295168530448310710875340134442099300809975,294802567687822437789340145374876026618040742746352819641494378711000,168451323927939224644916489132248350181979537409716616766028924401500,124764539544160608634572696561806472946538289442515229700621483029750;\
150162768800194467887094105104403996765860001620543875003095265776160,232829514024762394256013798597264896433207582087347366750180330097710,83906928253543139334521830616604469786936671543830870371077779141840,220861624983061693366309145489055327349052490265304763949546778790925,280331824859785109634094488343375596865436070309103688173451581688375,91641564958697004525150851617698889945462640276097696338966696643925,257805785247186172516112849206504232453838610450516833537939240479700,63974222364245650767042068160748750756776873350706343816812628533050,228602159608609724719252931853534067999487203207398747262585230087375,106032029008578497700244499014803979445032795521672427977873405007625,19343673522971644176668739436465227333841699828961604439901133284250;\
110454538517031505343294989580607815528776317813348873262433574102980,84433486620628552593007989631174390563496945807417284559605405376280,62548491732484968798691962696031941298151670049685600161730145474220,139966832492424803151288754492791443476684763647679545590604017662275,313478120476920811819882603827736359632449248495557642215256919659500,68055983854260074101607637942417048100743121122176206089189406986650,134819308469365553920641038070698669767334221115189491048093777915975,279065576806123636497205358003870276566982592934953145379038445087275,305407789874110419077274031644851075050436421376092516388347546356500,311972175463024759993023350378386777813475140371606844323191293140375,203152610097320145362048279732972287119958100254415300970865424495875;\
297188255518572233270447985745685195887739863094399374770508670441984,58859523835636925405966830099189662356027913074726562888600401754584,220449923457974415601520725319753009273895595339174168030977085224456,210507321432673404307956697668673091809488986807602713036084895370420,76602613730785905420760662854913466430012954588290994034987868068100,29119873285618141242274858121074721482873010720104226393157201106445,189465191246487992410128494651837481059872064740615895203318059394605,288650881588357171812205604674601850140711005665179162476572633512745,114284335719602187260474785534110379931477855311705970641127686839200,186318700941358404215202685696146996431365786315185369152617748626050,36514483808172517605952995826654293387022117538009658460944970350825;\
247767891457201296576232719640358699535761537243638076240835121192087,294223721922000498628336434858235246376862537213099983576642513844712,32783844756803103783862210860492955235853140021129988726976778251308,133143005367581464471417040108420265731758411274767315759230043398935,309924064653616450291656341353274060307855799386454619417701041580425,225818029531255689773446942749931885386618795489639409934189878557885,92393357487128309007361932150771164268651701628876661327503849307265,66128018667174708690296519660756836245506314023336888173087351575785,53646598726389871288114131952713907666292156054389377881865573799350,82577601639750808850917666368237369202448655670258877846378897475775,24668386754839042462083013692716676472766769342624094282389170395475;\
105519196040776289212651179150669795447390871183600125090944196018109,39372190526509011402054926412533427410458754657147074442364402302734,252590132544181667611033360272719863904219623977722712885190482762031,297014046935388284228383722719395050466011350874602213921528909702295,193576562208869013329465038172655288004628343405069397503843492063350,78214819931739918037855212767237823455702719390093369013684855281695,305076356224414810045282587225125725549665521424755179785029008535105,42572375081557198869320959380602483348056353318496844602670853979495,200352701496923246802148745474799064776671968140224880150564734488575,50004387209689454385287286875157257229522684792597485599656307447300,127882959681790201127990567484436997223189836685134078310328812514575;\
105842516428945520611303490682964663332119372393946740164382739201510,177100743146281033187553765912611467142074490019363911293899035224685,29915759249592500843267026415161311371919235192366939024441473533490,284073287524607385594111682629267800787694668447951467485747889442675,149944207159112995652548863703851667870987266934643440673474011894500,129771397931064210441552746439582569256489207444631636703284429736550,36018356659758562175933377384746933712861573372339609850872469545200,95611777126528869161310580136529215797291192161121628660869302066300,95753384317122851374767709840109731739288342210300910249770501146750,131404793343071747512160275556941534259865737162298058512679163728250,300348709997077337290947364125162188941457358626232352287717238543000;\
35039058745616392589316694603916542560306213295940726920851913188112,62455625175167165918549332819365033032710725335986477806101829060587,300173806115960124958652398865241756461254033698173620787455792254583,78915024662345249442605832440935216739651561955793819301756458692185,105159387370996989709986528325798770888625079278631614584102797454675,93086840170680191123911961269304033964347029992804256380361672342135,160835892817513919351787317535718309492138940013569572477746696414515,76357978889442421342795676164061533820000488647429030981293978466535,199241806396249595334936714728516016953775035818837313101742310696850,217400074205914655018881575005756477199949852233192771736283541560775,124653610627503161197039795701744256117009852038467279101116531259225;\
268320604699708726682272258329557474419184517556162379527411905805830,168764374062791030806577483779754013806692828696026660635304513956255,292388989783273352580150649273500157263483132313034342961087451954995,297416728732579692965510755227822892677433483055828156385294528375400,284285849606706170175400206504881425250490628571654221627024184057500,185517299726952900061763799758557685035870962487141622193682964095775,165044756210804196616235155157270255154859289079461761006796956047350,280632532908325527039295866877515051619159879611567736807048214262275,144692796862589053036282246987953613568821400576581463830885131709000,55075898003904636147622190566490191201195383629243923037113696646000,95753807874972078783324224976927629982122924514940718529400186674625;\
18739720004242846466411665919782135827996420687115636507106278353977,299030283552576607713996874200349619692108022654604127115885833764127,270789667626193749886025335405312207894592847495618905081043162107143,51927256659685442854606682447007010440274875841749013325037844933385,14296549234264404911937258415658408545609757642240052360329606384175,703666836697543064958473269316376760625328036385742414750993462835,90365577263853932232625682994670869873593697519470156571350783787315,239381712865794285146927326866637985855392948015201090931339827437110,193172040997003701950930984235040672762858701079711881424595188038225,307164238577376924922209989287390382263104014454363262895632679009400,81740708790619239775921042643755126193543650057374476195699824423725;\
250553447800321582109264940362116442044397754507623974491744020951439,248719295072469125880871653045524111957947579446988062825902209143089,72775213299911207182688391199093999265159883541853885168860863843826,255567567037116956791658787173292380231597153516212259688145908128445,168850655652555905145339149781899623466028166675243671324420846356975,260005817053179497923382194549092433873296010381530235209335914762095,282360666352540658554958678121565781716834064032253085990012580962955,243510153839991730430184496095363955578389251050858049089934493745520,218047415049660996814147513778253583062544025494374010041197187298200,189065706643774660746705177384877204563771773523107526710353490778925,133849002957485383092172644107511146097075098044296974220078097187950]
/* 
This matrix times 5^(-2) should be the matrix of frobenius.
*/ 
B = 5^(-2) * A; 
/* Freed 74 lists. */
