/* Comments begin... 
Coefficient of   x^21 * y^1               = 2
Coefficient of   x^10 * y^2 * z^6         = -1
Coefficient of   x^8 * y^5 * z^5         = 1
Coefficient of   x^6 * y^8 * z^4         = -1
Coefficient of   x^4 * y^11 * z^3         = -2
Coefficient of   x^2 * y^14 * z^2         = 0
Coefficient of   x^1 * z^13               = -1
Coefficient of   y^17 * z^1               = -1

Here is the polynomial we're using this time:

2*x^21*y^1 + -1*x^10*y^2*z^6 + 1*x^8*y^5*z^5 + -1*x^6*y^8*z^4 + -2*x^4*y^11*z^3 + -1*x^1*z^13 + -1*y^17*z^1

Allocate G_len 20 elements and old = 0.
Allocate M_len = 400 elements.
Allocate G_len 40 elements and old = 20.
Allocate M_len = 800 elements.
Allocate G_len 80 elements and old = 40.
Allocate M_len = 1600 elements.
Allocate M_len = 3200 elements.
Allocate G_len 160 elements and old = 80.
Allocate M_len = 6400 elements.
Allocate M_len = 12800 elements.
Allocate G_len 320 elements and old = 160.
The final length of G is 168
[10, 2, 5, 0]  	391	6 
[21, 0, 0, 0]  	399	6  <--- 1
[20, 1, 0, 0]  	403	6 
[8, 5, 5, 0]  	422	5 
[8, 8, 4, 0]  	460	7 
[6, 11, 4, 0]  	491	6 
[6, 14, 3, 0]  	529	7 
[5, 0, 15, 0]  	560	6 
[14, 11, 3, 0]  	612	10 
[18, 8, 3, 0]  	619	10 
[11, 0, 14, 0]  	643	9 
[14, 14, 2, 0]  	650	10 
[18, 11, 2, 0]  	657	9 
[9, 3, 14, 0]  	674	8 
[12, 17, 2, 0]  	681	9 
[15, 0, 13, 0]  	688	8 
[9, 20, 2, 0]  	693	7 
[17, 0, 12, 0]  	695	8 
[7, 22, 2, 0]  	701	7 
[7, 6, 14, 0]  	705	7 
[8, 23, 1, 0]  	712	8 
[12, 20, 1, 0]  	719	8 
[7, 8, 13, 0]  	720	8 
[6, 9, 13, 0]  	724	6 
[16, 17, 1, 0]  	726	6 
[10, 22, 1, 0]  	727	8 
[6, 8, 14, 0]  	732	7 
[5, 25, 2, 0]  	732	7 
[14, 19, 1, 0]  	734	7 
[5, 9, 14, 0]  	736	7 
[7, 25, 1, 0]  	739	7 
[16, 19, 0, 0]  	741	7 
[6, 26, 1, 0]  	743	7 
[8, 26, 0, 0]  	750	7 
[5, 11, 13, 0]  	751	7 
[12, 23, 0, 0]  	757	7 
[5, 29, 0, 0]  	762	6 
[4, 11, 14, 0]  	763	6 
[10, 25, 0, 0]  	765	7 
[4, 26, 3, 0]  	767	6 
[5, 28, 1, 0]  	770	6 
[4, 14, 12, 0]  	770	6 
[5, 24, 4, 0]  	771	6 
[5, 20, 7, 0]  	772	6 
[19, 18, 0, 0]  	775	7 
[4, 28, 2, 0]  	782	6 
[3, 14, 13, 0]  	782	6 
[5, 18, 9, 0]  	788	6 
[5, 17, 10, 0]  	796	6 
[4, 18, 10, 0]  	800	5 
[3, 31, 1, 0]  	801	6 
[2, 32, 1, 0]  	805	5 
[4, 25, 5, 0]  	806	6 
[4, 21, 8, 0]  	807	5 
[4, 17, 11, 0]  	808	5 
[4, 1, 23, 0]  	812	5 
[4, 20, 9, 0]  	815	5 
[4, 4, 21, 0]  	819	5 
[4, 0, 24, 0]  	820	5 
[3, 17, 12, 0]  	820	5 
[3, 1, 24, 0]  	824	4 
[2, 18, 12, 0]  	824	4 
[4, 7, 19, 0]  	826	5 
[4, 3, 22, 0]  	827	5 
[3, 12, 16, 0]  	829	5 
[3, 4, 22, 0]  	831	4 
[4, 10, 17, 0]  	833	5 
[4, 6, 20, 0]  	834	5 
[3, 11, 17, 0]  	837	5 
[3, 7, 20, 0]  	838	4 
[3, 34, 0, 0]  	839	4 
[3, 3, 23, 0]  	839	4 
[4, 9, 18, 0]  	841	5 
[2, 35, 0, 0]  	843	4 
[3, 6, 21, 0]  	846	4 
[3, 21, 10, 0]  	850	4 
[3, 9, 19, 0]  	853	4 
[3, 28, 5, 0]  	856	5 
[3, 24, 8, 0]  	857	4 
[3, 20, 11, 0]  	858	4 
[2, 29, 5, 0]  	860	4 
[2, 21, 11, 0]  	862	3 
[3, 23, 9, 0]  	865	4 
[2, 24, 9, 0]  	869	3 
[2, 31, 4, 0]  	875	5 
[2, 23, 10, 0]  	877	3 
[2, 15, 16, 0]  	879	4 
[2, 7, 22, 0]  	881	3 
[2, 26, 8, 0]  	884	3 
[2, 14, 17, 0]  	887	4 
[2, 10, 20, 0]  	888	3 
[1, 15, 17, 0]  	891	3 
[1, 38, 0, 0]  	893	3 
[2, 13, 18, 0]  	895	3 
[2, 9, 21, 0]  	896	3 
[2, 1, 27, 0]  	898	4 
[2, 28, 7, 0]  	899	3 
[1, 14, 18, 0]  	899	3 
[2, 12, 19, 0]  	903	3 
[2, 0, 28, 0]  	906	4 
[1, 13, 19, 0]  	907	2 
[1, 32, 5, 0]  	910	3 
[1, 31, 6, 0]  	918	3 
[1, 27, 9, 0]  	919	2 
[0, 32, 6, 0]  	922	2 
[1, 30, 7, 0]  	926	2 
[1, 18, 16, 0]  	929	3 
[0, 31, 7, 0]  	930	2 
[1, 29, 8, 0]  	934	2 
[0, 30, 8, 0]  	938	1 
[1, 1, 29, 0]  	941	2 
[1, 24, 12, 0]  	943	3 
[1, 35, 4, 0]  	948	3 
[1, 0, 30, 0]  	949	2 
[0, 1, 30, 0]  	953	1 
[0, 16, 19, 0]  	957	1 
[0, 35, 5, 0]  	960	2 
[0, 0, 31, 0]  	961	1  <--- 3
[1, 21, 15, 0]  	967	3 
[0, 18, 18, 0]  	972	1 
[0, 4, 29, 0]  	991	1 
[0, 38, 4, 0]  	998	2 
[0, 21, 17, 0]  	1010	1 
[0, 44, 0, 0]  	1012	2  <--- 2
[1, 7, 27, 0]  	1017	2 
[0, 7, 28, 0]  	1029	1 
[0, 41, 3, 0]  	1036	2 
[0, 24, 16, 0]  	1048	1 
[0, 10, 27, 0]  	1067	1 
[0, 27, 15, 0]  	1086	1 
[0, 13, 26, 0]  	1105	1 
[18, 5, 4, 1]  	581	10 
[10, 19, 2, 1]  	689	9 
[4, 12, 13, 1]  	755	6 
[6, 28, 0, 1]  	758	7 
[5, 15, 11, 1]  	781	6 
[3, 29, 2, 1]  	786	5 
[4, 31, 0, 1]  	789	6 
[3, 32, 0, 1]  	793	5 
[3, 0, 24, 1]  	801	5 
[3, 27, 6, 1]  	864	4 
[2, 28, 6, 1]  	868	4 
[3, 26, 7, 1]  	872	4 
[2, 4, 24, 1]  	874	4 
[2, 27, 7, 1]  	876	3 
[1, 10, 21, 1]  	900	2 
[1, 12, 20, 1]  	915	2 
[1, 4, 28, 1]  	979	2 
[4, 29, 1, 2]  	774	6 
[4, 23, 6, 2]  	791	5 
[3, 10, 18, 3]  	845	4 
[2, 27, 6, 96]  	845	3 
[3, 15, 12, 98]  	774	5 
[3, 9, 17, 98]  	791	4 
[16, 8, 3, 99]  	581	8 
[8, 22, 1, 99]  	689	8 
[2, 15, 12, 99]  	755	4 
[4, 0, 22, 99]  	758	4 
[4, 17, 10, 99]  	777	4 
[3, 1, 23, 99]  	793	3 
[3, 18, 11, 99]  	812	4 
[1, 13, 17, 99]  	845	2 
[2, 12, 18, 99]  	872	2 
[1, 21, 12, 99]  	874	3 
[1, 30, 6, 99]  	895	2 
[0, 27, 9, 99]  	900	1 
[0, 29, 8, 99]  	915	1 
[0, 21, 16, 99]  	979	1 
------
The gap is between 4 and 95.
Lengths: 3 3 5 5 3 4.
For 982 = 5*d/2-d1-d2-d3 you get 3 in char 0.
1*x^1*y^23*z^14
1*y^40*z^2
1*y^9*z^25

For 560 = 3*d/2-d1-d2-d3 you get 5 in char 0.
1*x^4*y^17*z^3
1*x^3*y^3*z^14
1*x^2*y^20*z^2
1*x^1*y^6*z^13
1*y^23*z^1

For 138 = d/2-d1-d2-d3 you get 3 in char 0.
1*x^4*z^2
1*x^2*y^3*z^1
1*y^6

Extra powers of p used 1.
The invariant extra is equal to 2.
Start computing 5^3 Delta^1 (x1x2x3)^4... Done.
Start computing 5^4 Delta^2 (x1x2x3)^4... Done.
Start computing 5^5 Delta^3 (x1x2x3)^4... Done.
Start computing 5^6 Delta^4 (x1x2x3)^4... Done.
Start computing 5^7 Delta^5 (x1x2x3)^4... Done.
Start computing 5^8 Delta^6 (x1x2x3)^4... Done.
Start computing 5^9 Delta^7 (x1x2x3)^4... Done.
Start computing 5^10 Delta^8 (x1x2x3)^4... Done.
Start computing 5^11 Delta^9 (x1x2x3)^4... Done.
Start computing 5^12 Delta^10 (x1x2x3)^4... Done.
Start computing aa.
1 2 3 4 5 6 7 8 9 10 11 
*/
A = \
[1547580470711179336558900039260974200492428270658961025809515104134937,498525103805597094329858534089129584827398044456857320023293065954406,613372299485760100709212273837206998956373624174255493960380492955295,834764054613150270878856513757756250230663878261491663467271319137965,603591151192222366004817383228621676143410543659272088251733120919290,579784787620515186257587962639867572469937736891480590264277482797470,175042404337799162434882600865645466190082504126026313032005315693360,1349680308987785073875691228847921754495239031054650267183443425043410,1563087464146434168903318137252770288776177174999303775304380033640150,107564556201745266976612806856774905815308312810140380631253216649950,680101838476297006028544462397896602094831859260858641337795117443325;\
1330885688682668019258585146351107131398486575454337969691464890784206,528981331117477781426055015616594938978575747024652105523087298180693,413232593055990769516308301382530928687811813009248996384625804035080,228316805474365606883342659499903206070181296712497978965821868226420,701271093714209144667575614636708785856407698614370937375411108177145,1283826746121870492524356472875376118309900648870798954962733018028910,471867373020963375617697581873491700880826225213319691895362129126555,505606224586875934678363167568613170289432310814506635033232647227530,1011259542158854083176913954255004164031319338128497181381549568549825,1156850478868766625529749968549892394367690014113039432729155750095850,641581238099726767348158407468257054846804628734802672113616784534600;\
65446057475898436456228603249301579068450939866283420380366670003508,1151731500802522131470057419353127684459933112907064969985051784599499,712504632472384561351652245902815664897479712172654430822929948435740,551858392314798000789959609675227091839715362558877650851308425926335,938868278296097110932271331925325035457534717707404395879200752212110,168070459774979426141125739552443347047377186854142853988536456337355,774420706908003033360574928166632836562055440870133602308184116354965,97846024917551895282870911371280710743834782499242822318599234108840,937020923188553280662513133055064724498786979483281435381766513325350,410205215243959724194865459101252325135244120293053797052198558901550,153079768060050194572642563903459415225386682957399358312270376249300;\
599463972205156492930834536659847366327740515820459662708099998230890,14011797509107452195367539396994806271443712947417613354049826749855,1517550058301422197607695594825083088441636185558836015975174720418180,1205698190056860793698565019107572008649888830709476087930007353878225,314027770668056151470554930793115776577082615213264721348716682362375,332115645987214087730759648941366018056876635763427534024779038878300,1171414157916051686301847096224919488086556126645897779612087960158850,348391790193005368701204783231385570187629356482323580844696999064550,831178977003255071720545654324531145854474154330006624363837354606000,377912071615600503397477484049798578651690998921544632706467940285625,1404658020575227942610207018708298165183619012209869809999309033786875;\
221839187168631090180601703290662159722368139471991330609222605109440,644630330155012148084341313160659561374324425020630642989651261914460,886170621678300879511800605161622539636176833462797210121174882628095,118802837263132072426154496255189642633616682895236077495006752484650,1165443988898620316432650044241441617186795856548343376051545986460825,329573629840016683728121805309755555520353958455967711818196538455375,1120947472244994438435274159679035270519781624559352222801651534889050,233578373186480552654681297690065338796732606175769265676360069020800,522982424084806948950011330075056057703883868522461867341207988167875,1545298569632218245590537864960832015007906805114308637217781973162000,1000708633304757277736045906945291832880552205463388838571180396018750;\
922017996360445890817699550923638526039248038608852544111846616103169,1226207279982913973257517348035232954236719986015515622522044628497222,244824547533137015666940875513855679358166315185045134536524253675640,1004796218194088395329345641957731503018324327443869309203702223221005,71943733245732430129230464470168628158571825669817510984804085450680,861944272367786210159136950103275548889361883523467509472413516752065,861132468729801229483053088490152765071681724950108962323811786662720,108498756703677643441767226550172629310173101717201380022197834897320,1029927940327512062192410284739457852869953893900202051317603033785675,375120327501412744597556451710924173746070114657579927502741829501525,208999292694154779006267030231318773710602901038539663212449457732150;\
152822897946553850807377922419108239331361593240654206599143400484538,338609654108101604215605873289067215707905666904368582784105373140289,733163272453500012227733032975295630456616721969705359931327625200515,1564379255204870718917249896524024928834152370938649789602131205121410,136618844694958862796199136293533902352983220465407724565324008959760,1291453326163686218595417713194893697108110261401812688814677890092180,262267902258751293098460882831937229467051170729918626872574561732590,1219112346469503955914960517466540769170089926461822276457694743050865,121237191230967604105908530384700502805640316116665535579217680130475,485897386800953091764106664700102944963903383802205068479195358220300,336347503339133395191389489176226639426328535679913828041343967900300;\
1416365355892612711567910488215394602642132164085964141122575928226032,366850235645332166205423682871026683831785954533512629923588703408561,355091451687423166731259291524138616603415245426409826761100590901905,1057518956009688501454512645646959542340577450664819319399002710838715,379329635278763534597526369531783180980116473049270795612783684674765,1098230908832262966682766440381945412058854736438914120647119211247070,1577594335367458604789140806657042855217218775158376126324860000036010,218991568906110655961278928576830295229824828016822912534089235864960,195038365498215172054316797542074433839251956782034778781991233483275,455014084393506926241664544468972932053108499581016994962503905777075,409388971598024232233403471559442369209792920973950860395742141306825;\
1369766579742380961788712156181026447288512500816783047123229506016088,885364072059330000818679780673424922396211415838350893480402239810414,448445432804012822552174070449680814790165160520890751143647770255090,801339028499853059396053975527779548700034280108983188166798442856610,972620517881577393279562224754301055016384221559726436586275628389835,1082601316897460171708129456109884882494712194543321203692886373342855,762489055130923207759003186021616032943696282752019022595612607041940,920710738358776616931575238864750987992502640273780015384998683680590,573332364514328654360883374532134781669840959217073154677197153240850,887925111158962685232527189816399378646390841128988976502354108636300,748347220556428307512882415394683711125187037295876120336828621524300;\
478039027087753563854564249698348334405507823224380540971029189240027,1146076925053500886300106891003044017651007004594397826166609137090426,1490683259490442582726479860838740791011416324606824555260127373202145,349546308857763716455052240256649345896140913887995192231975849860365,369083773653529552955793868025110625735545785921741069876146361256415,1149283168963465986648133391779957651872777703665849067031170177713470,973271217277903349433240083609232358545210724779984834798834473590435,1225107816940187116581839336235692980766446777273120750468252043180535,1191173443290098179708250968076133032336081155426875924265747578000650,1275153033515107993459876249561762978183824491788284113199495667084200,1389991013680814869027223514911568463261351666373769899037350381378950;\
1065902917290502634941211690801932213600641655958591610742914760641434,1461561143593923117905171732404655407580210309868623121017238968685912,1149702004756722415568842819990912965780569843439116714801323574781450,1277351827412479518552194261370840939991267880043053796297640515418830,1241393387447157707377428590055576246192065749417017811685710796064430,1463510472771456130446112898519614145344457633471926050927504325391290,962811466558705761551775521407526299487122765674356075083790790811070,1365777239451601072732957514071544161133120186350066388597537763931120,1288004293917783572483477129226164137018061270106987528302495905507675,586917121558456189741464631075058835585319951403989640438779662467775,462200803184232855518808606014019596764799576732529378570826016031775]
/* 
This matrix times 5^(-1) should be the matrix of frobenius.
*/ 
B = 5^(-1) * A; 
/* Freed 74 lists. */
