/* Comments begin... 
Coefficient of   x^21 * y^1               = 1
Coefficient of   x^10 * y^2 * z^6         = -2
Coefficient of   x^8 * y^5 * z^5         = 1
Coefficient of   x^6 * y^8 * z^4         = 2
Coefficient of   x^4 * y^11 * z^3         = -2
Coefficient of   x^2 * y^14 * z^2         = 1
Coefficient of   x^1 * z^13               = -2
Coefficient of   y^17 * z^1               = 0

Here is the polynomial we're using this time:

1*x^21*y^1 + -2*x^10*y^2*z^6 + 1*x^8*y^5*z^5 + 2*x^6*y^8*z^4 + -2*x^4*y^11*z^3 + 1*x^2*y^14*z^2 + -2*x^1*z^13

Allocate G_len 20 elements and old = 0.
Allocate M_len = 400 elements.
Allocate G_len 40 elements and old = 20.
Allocate M_len = 800 elements.
Allocate G_len 80 elements and old = 40.
Allocate M_len = 1600 elements.
Allocate M_len = 3200 elements.
Allocate G_len 160 elements and old = 80.
Allocate M_len = 6400 elements.
Allocate M_len = 12800 elements.
Not smooth!
Coefficient of   x^21 * y^1               = 0
Coefficient of   x^10 * y^2 * z^6         = 0
Coefficient of   x^8 * y^5 * z^5         = 1
Coefficient of   x^6 * y^8 * z^4         = -1
Coefficient of   x^4 * y^11 * z^3         = -1
Coefficient of   x^2 * y^14 * z^2         = -2
Coefficient of   x^1 * z^13               = -1
Coefficient of   y^17 * z^1               = -2

Here is the polynomial we're using this time:

1*x^8*y^5*z^5 + -1*x^6*y^8*z^4 + -1*x^4*y^11*z^3 + -2*x^2*y^14*z^2 + -1*x^1*z^13 + -2*y^17*z^1

Not smooth!
Coefficient of   x^21 * y^1               = 2
Coefficient of   x^10 * y^2 * z^6         = -2
Coefficient of   x^8 * y^5 * z^5         = 0
Coefficient of   x^6 * y^8 * z^4         = -1
Coefficient of   x^4 * y^11 * z^3         = -2
Coefficient of   x^2 * y^14 * z^2         = 2
Coefficient of   x^1 * z^13               = 1
Coefficient of   y^17 * z^1               = 1

Here is the polynomial we're using this time:

2*x^21*y^1 + -2*x^10*y^2*z^6 + -1*x^6*y^8*z^4 + -2*x^4*y^11*z^3 + 2*x^2*y^14*z^2 + 1*x^1*z^13 + 1*y^17*z^1

Allocate G_len 320 elements and old = 160.
Allocate M_len = 25600 elements.
The final length of G is 182
[10, 2, 5, 0]  	391	6 
[21, 0, 0, 0]  	399	6  <--- 1
[20, 1, 0, 0]  	403	6 
[6, 8, 4, 0]  	422	5 
[5, 0, 15, 0]  	560	6 
[16, 8, 3, 0]  	581	10 
[14, 11, 3, 0]  	612	9 
[11, 0, 14, 0]  	643	10 
[14, 14, 2, 0]  	650	10 
[18, 11, 2, 0]  	657	10 
[9, 3, 14, 0]  	674	9 
[15, 0, 13, 0]  	688	9 
[10, 19, 2, 0]  	689	9 
[9, 20, 2, 0]  	693	8 
[18, 14, 1, 0]  	695	9 
[9, 19, 3, 0]  	701	8 
[8, 5, 14, 0]  	701	8 
[8, 20, 3, 0]  	705	8 
[7, 6, 14, 0]  	705	8 
[9, 6, 13, 0]  	712	8 
[8, 22, 2, 0]  	720	8 
[16, 17, 1, 0]  	726	8 
[7, 22, 3, 0]  	732	7 
[5, 25, 2, 0]  	732	7 
[19, 0, 12, 0]  	733	8 
[14, 19, 1, 0]  	734	8 
[6, 23, 3, 0]  	736	7 
[5, 9, 14, 0]  	736	7 
[5, 11, 13, 0]  	751	7 
[4, 12, 13, 0]  	755	6 
[4, 11, 14, 0]  	763	6 
[16, 20, 0, 0]  	764	7 
[10, 25, 0, 0]  	765	7 
[4, 26, 3, 0]  	767	6 
[5, 28, 1, 0]  	770	6 
[4, 14, 12, 0]  	770	6 
[5, 24, 4, 0]  	771	6 
[14, 22, 0, 0]  	772	7 
[4, 29, 1, 0]  	774	6 
[19, 18, 0, 0]  	775	7 
[18, 19, 0, 0]  	779	7 
[5, 15, 11, 0]  	781	6 
[4, 28, 2, 0]  	782	6 
[3, 14, 13, 0]  	782	6 
[5, 18, 9, 0]  	788	6 
[5, 21, 7, 0]  	795	6 
[5, 17, 10, 0]  	796	6 
[4, 18, 10, 0]  	800	5 
[3, 31, 1, 0]  	801	6 
[5, 20, 8, 0]  	803	6 
[2, 32, 1, 0]  	805	5 
[4, 25, 5, 0]  	806	6 
[4, 21, 8, 0]  	807	5 
[4, 17, 11, 0]  	808	5 
[5, 23, 6, 0]  	810	6 
[4, 1, 23, 0]  	812	5 
[4, 24, 6, 0]  	814	5 
[4, 20, 9, 0]  	815	5 
[4, 4, 21, 0]  	819	5 
[4, 0, 24, 0]  	820	6 
[4, 23, 7, 0]  	822	5 
[3, 1, 24, 0]  	824	4 
[4, 7, 19, 0]  	826	5 
[4, 3, 22, 0]  	827	5 
[3, 12, 16, 0]  	829	5 
[3, 4, 22, 0]  	831	4 
[4, 10, 17, 0]  	833	5 
[4, 6, 20, 0]  	834	5 
[3, 7, 20, 0]  	838	4 
[3, 34, 0, 0]  	839	4 
[3, 3, 23, 0]  	839	4 
[4, 9, 18, 0]  	841	5 
[3, 18, 12, 0]  	843	4 
[2, 35, 0, 0]  	843	4 
[3, 10, 18, 0]  	845	4 
[3, 21, 10, 0]  	850	4 
[3, 9, 19, 0]  	853	4 
[3, 28, 5, 0]  	856	5 
[3, 24, 8, 0]  	857	4 
[3, 20, 11, 0]  	858	4 
[2, 29, 5, 0]  	860	4 
[3, 27, 6, 0]  	864	4 
[8, 31, 0, 0]  	865	5 
[2, 28, 6, 0]  	868	4 
[3, 26, 7, 0]  	872	4 
[2, 4, 24, 0]  	874	4 
[2, 31, 4, 0]  	875	5 
[2, 27, 7, 0]  	876	3 
[2, 7, 22, 0]  	881	3 
[2, 26, 8, 0]  	884	3 
[2, 14, 17, 0]  	887	4 
[2, 10, 20, 0]  	888	3 
[1, 15, 17, 0]  	891	3 
[1, 38, 0, 0]  	893	3 
[2, 13, 18, 0]  	895	3 
[2, 9, 21, 0]  	896	3 
[2, 1, 27, 0]  	898	4 
[1, 14, 18, 0]  	899	3 
[2, 24, 10, 0]  	900	2 
[1, 10, 21, 0]  	900	2 
[2, 12, 19, 0]  	903	3 
[2, 0, 28, 0]  	906	4 
[1, 13, 19, 0]  	907	2 
[1, 32, 5, 0]  	910	3 
[1, 12, 20, 0]  	915	2 
[1, 27, 9, 0]  	919	2 
[0, 32, 6, 0]  	922	2 
[1, 30, 7, 0]  	926	2 
[1, 18, 16, 0]  	929	3 
[0, 31, 7, 0]  	930	2 
[1, 29, 8, 0]  	934	2 
[0, 30, 8, 0]  	938	1 
[1, 1, 29, 0]  	941	2 
[1, 24, 12, 0]  	943	3 
[1, 35, 4, 0]  	948	3 
[1, 0, 30, 0]  	949	2 
[0, 1, 30, 0]  	953	1 
[0, 16, 19, 0]  	957	1 
[0, 35, 5, 0]  	960	2 
[0, 0, 31, 0]  	961	1  <--- 3
[0, 18, 18, 0]  	972	1 
[1, 4, 28, 0]  	979	2 
[0, 4, 29, 0]  	991	1 
[0, 38, 4, 0]  	998	2 
[0, 21, 17, 0]  	1010	1 
[0, 44, 0, 0]  	1012	2  <--- 2
[1, 7, 27, 0]  	1017	2 
[0, 7, 28, 0]  	1029	1 
[0, 41, 3, 0]  	1036	2 
[0, 24, 16, 0]  	1048	1 
[0, 10, 27, 0]  	1067	1 
[0, 27, 15, 0]  	1086	1 
[0, 13, 26, 0]  	1105	1 
[6, 14, 3, 1]  	529	7 
[12, 17, 2, 1]  	681	9 
[12, 20, 1, 1]  	719	8 
[7, 23, 2, 1]  	724	7 
[10, 22, 1, 1]  	727	8 
[9, 23, 1, 1]  	731	7 
[6, 26, 1, 1]  	743	7 
[8, 26, 0, 1]  	750	7 
[12, 23, 0, 1]  	757	7 
[8, 25, 1, 1]  	758	7 
[6, 28, 0, 1]  	758	7 
[5, 29, 0, 1]  	762	6 
[3, 29, 2, 1]  	786	5 
[4, 31, 0, 1]  	789	6 
[3, 32, 0, 1]  	793	5 
[3, 0, 24, 1]  	801	5 
[3, 17, 12, 1]  	820	5 
[2, 18, 12, 1]  	824	4 
[3, 11, 17, 1]  	837	5 
[3, 6, 21, 1]  	846	4 
[2, 21, 11, 1]  	862	3 
[3, 23, 9, 1]  	865	4 
[2, 23, 10, 1]  	877	3 
[2, 15, 16, 1]  	879	4 
[1, 31, 6, 1]  	918	3 
[7, 25, 1, 2]  	739	7 
[2, 24, 9, 2]  	869	3 
[1, 21, 15, 2]  	967	3 
[1, 10, 20, 97]  	869	2 
[0, 38, 3, 98]  	967	2 
[5, 0, 14, 99]  	529	6 
[9, 3, 13, 99]  	643	5 
[4, 12, 10, 99]  	662	4 
[9, 19, 2, 99]  	670	8 
[8, 20, 2, 99]  	674	8 
[3, 1, 20, 99]  	700	2 
[4, 18, 8, 99]  	738	5 
[5, 28, 0, 99]  	739	6 
[4, 0, 22, 99]  	758	5 
[4, 21, 7, 99]  	776	4 
[3, 18, 10, 99]  	781	4 
[1, 32, 1, 99]  	786	3 
[1, 7, 20, 99]  	800	2 
[1, 34, 0, 99]  	801	3 
[3, 7, 19, 99]  	807	3 
[2, 28, 5, 99]  	837	4 
[2, 24, 8, 99]  	838	2 
[2, 23, 9, 99]  	846	3 
[1, 0, 29, 99]  	918	2 
------
The gap is between 3 and 96.
Lengths: 3 3 5 5 3 3.
For 982 = 5*d/2-d1-d2-d3 you get 3 in char 0.
1*x^1*y^23*z^14
1*y^40*z^2
1*y^9*z^25

For 560 = 3*d/2-d1-d2-d3 you get 5 in char 0.
1*x^4*y^17*z^3
1*x^3*y^3*z^14
1*x^2*y^20*z^2
1*x^1*y^6*z^13
1*y^23*z^1

For 138 = d/2-d1-d2-d3 you get 3 in char 0.
1*x^4*z^2
1*x^2*y^3*z^1
1*y^6

Extra powers of p used 0.
The invariant extra is equal to 2.
Start computing 5^3 Delta^1 (x1x2x3)^4... Done.
Start computing 5^4 Delta^2 (x1x2x3)^4... Done.
Start computing 5^5 Delta^3 (x1x2x3)^4... Done.
Start computing 5^6 Delta^4 (x1x2x3)^4... Done.
Start computing 5^7 Delta^5 (x1x2x3)^4... Done.
Start computing 5^8 Delta^6 (x1x2x3)^4... Done.
Start computing 5^9 Delta^7 (x1x2x3)^4... Done.
Start computing 5^10 Delta^8 (x1x2x3)^4... Done.
Start computing 5^11 Delta^9 (x1x2x3)^4... Done.
Start computing 5^12 Delta^10 (x1x2x3)^4... Done.
Start computing aa.
1 2 3 4 5 6 7 8 9 10 11 
*/
A = \
[47766454298323761445137723082829946733356878413482139028978493933246,121741380415855848200933277168620299769129423712264968353955615407223,135973993719152641597943275553302434658361946290488583552435223446772,191161894313294907886736692018832978609997698704067881190304901633570,264052895654255118147468402615683946217660374230244684554510921788460,89596654605517330393362204141480111274533140521351861356339945917740,209638035404821959187365464731534800556292322214998780776984889473840,13902027776135280457026351050204738834104959564404704908430661031060,289013686051061505044714504622808774240682168346944374998047378060900,131034731278837100785172919423327730407487007056241709949117871910125,288494880112854037926426950124658096550122430342220984575261598946025;\
103834669449729787111075437960556550879649621808971354122030555883911,196394532363318398177476770950398231210751821537831961624311635100337,251717476990753003450267260231630811865915790727761057097440104376142,193403492096976053400680578091394315346295858903763297230579034898065,301619352364394463135982660451350361183446373427928652687243488993200,146364557739981587198636749891536168837781630373728950508007348491210,96373616065151702647027530456393121939703522680748985409992919763855,126310684457666679665361765598484349897372112813856185279609167495555,176909881310179857592670620923240254723119958330459488109150694730500,138083126386590291447388704409627872579134784753975651845587895437900,106766725371626645367379202882610183231295541446194304408362353212975;\
172849729236774323330268737511165860616141273938589264961617312534694,176490103325284000995866523516634008800328655975439837758669244977864,268198082887568274718643860878211129340755712104280512384683599006039,74566843936971287682473810239413923099627837648365938828052390205410,254194362634553329324723773351437398130860901721870806473397136985520,273087949586634439828812292536302615850060206058104782601763310353470,176380967933656527235925548167832955818359857194131776175253402018090,152327709842556833659214587967119513016246407184919400095682807410805,128841433029130932900039445144017836558136562679056271762016847443400,123657222181572522530042122077251517996429546654786935675356698205300,79507759838922374386553374242910632034371400208991632682557753237125;\
204870976722586894688892315288981633079198022513668621837534830150689,240077496499526208683235877988417006168512408455308360944722422507212,16744110502937549519970063802575570075243504885051648759745100138880,29609755863468615243868982667254560907763966108702594581231931895245,54212591495916527380742749575073666875485873844662340429403263357670,55683153323537692075394948505798560805303636964601322945188518399640,41775626361605152931532343409680544938372046136482732362205569720080,145932751067998742275337141769439236611509411194386413780215642896205,155702101669664142079591640486358218135924355325729684050542126262200,79118390126970319178703170686741588317803346764485342427339247900400,277893541868494116216300810390372155896835315623208738377132198980025;\
58832615542021900360999140361961423684238088846147643969847733044126,15068619148034791304544543835486833582458816824837177243727275922423,204995159524453473962180842127085294800373356868934309879801203483436,159271821799488687765137521194916573500736031322969162131657655797505,4891622688477268395933457131193553540866751570275856381234546168015,178119157006596738829639083876895691749487453085382003053621860203745,50767606071142106042262816809431149005743967645996446686347037130880,135508997241639496023705924034066766340338045174671334258430854897525,295961498229707958965576324325580996549078792198132691213669923590850,306474774236541559829180226094944162563043187875636889004395664145875,33768229297080610995112858141418954034207474189444835998329479844675;\
158809056831202974162093116128039215134630200349890373046067581278367,6735760238917587511875757620954742876709490033357752194956196214669,98882071197391305751505537488584121497376349911386166784139320712821,4410485483359838943743232067584605379570853884388787750806520872895,4222729918291683024557020086756394726295539995511704614318537909470,76374379811863702622862500141878182796758484985890288381178453107610,293545907332239446564869125905048228318762420172548476096697799591250,181406555458988486085071534733957899440349705687570056564958276858995,48494916123045787648315388306579104178688321422346967284295151684300,30256798858825937461284861624363809533779330022940026936571239959675,98880984164899950118223661421905890069948551198159784738124336646050;\
23408633142176717662141564054581725463858274033149782949151386472107,51820530338574404685188886560342941878880973932715691979213165788489,236456992714704314719408621893651438194997098728523308998713935803342,24180819858964362234608449963724315884647080794273221436278735026330,22282099610959073884352174937030312902598291610888220983015331567555,112885182658256824304160037492198268134003271186029641280426643285025,3134274764547361646046804786146767367314424017300503917754598971215,210130330033248192570741042607470204517938587855981436069427859491235,31888280989797137281998764065489979686981726827609213073956172750600,229674263578750098337675805476629000172561562137190825063838001860675,100003918158241224189480072557935895371495845588819463549472844987950;\
195273831008774244875772279807551826319467154937829505957016666300086,163832251217626966002289189229604772082887972526556859701600848783172,89026272367718547890081118292033375331524914004199546024313694159112,32996110965543051746510145921065573624540096210752184225130091653025,134897842128922543395806083419756832692882075051047563253873207972245,306817289189320833346572367243758570432049065104605973100997867360180,65972256619356138239129005283390837687343724098834812368417252955615,155021659386246647934521489582829220533626387180844307436430106684100,153937938308338018919532728815190263657505372002931107925027662473400,116048497940186114076641458856441581473425104285144613553689553176325,240136346110509641437717263930452479875511279719919316758711736068000;\
302630474017731438857660242153967125180384741559425023430017710414938,118600953889018618156809126394234506019437629588974022288719773634090,48540364921306645226786605966808355463368823454603297409240545400842,214038116356020225380516170071472023337486657314200955849491349087675,220564224317676432753426089248985936657639407209534993482337584946730,91966879008739466205000360269084181528221044881695497872361532961995,295464146869032199681910341167394968311974321889509239076147658008030,212734867939067160171178042998571513309896028254242786176101404410765,279193667840903356102391635539069113482641498910595102357780037530650,181790983279803656457293022254780366446802310270282009046647344735575,297823815773938943853211395894930272304568844120004054426106698808625;\
151743016760611235617770320613693773456951668095953382200383834010639,72253518072722563318545701755150728248676876631875738221992887308216,246514698625151693594207801463879095458542040355924285938511158598550,244960238671180814283719202478617202856388574454679748340974148662760,213604715890792072825828900948933222118134237797207496403761970756525,221373563719455362162691667505417633762854163102494543263248334794020,224261509433833350517805587303469954483630804863816412634925612663055,217500569425759337670168041146443117223937459156650388313730998241885,66906455707976153277751285344707630473069947539294066052124612006275,115828321051340961556801682095436026161375418975572634788465924796300,242944667766473181570519913630724064720762361616267573816016640042600;\
225818988000778357767898705604805236340786615366512709243383815465677,215965151241810993998484721416761152988952865785034244536826141417502,26182952972183908755622832192332937723255051314086502657743947016705,229823247790596884723815987554703950070979950007743163274928108067470,10486584782395638558195154470564318794901221436113077910176461595055,101903711859242124092302438177316936646051772379963842557895854544415,235474654850108326150634954495043004723008947018412694356470629203890,231463160358502017080645297647472846508344591815742340810238319864410,21017985961935937553333415156024047807322144637042442521434204458525,98704861617701505652908043200655002022258601633373278185636520334100,13955127293435335122612474592437063152037794851027871636577686479125]
/* 
This should be the matrix of frobenius!
*/ 
B = A; 
/* Freed 74 lists. */
