/* Comments begin... 
Coefficient of   x^21 * y^1               = -2
Coefficient of   x^10 * y^2 * z^6         = -2
Coefficient of   x^8 * y^5 * z^5         = 0
Coefficient of   x^6 * y^8 * z^4         = 2
Coefficient of   x^4 * y^11 * z^3         = -2
Coefficient of   x^2 * y^14 * z^2         = -2
Coefficient of   x^1 * z^13               = -1
Coefficient of   y^17 * z^1               = 2

Here is the polynomial we're using this time:

-2*x^21*y^1 + -2*x^10*y^2*z^6 + 2*x^6*y^8*z^4 + -2*x^4*y^11*z^3 + -2*x^2*y^14*z^2 + -1*x^1*z^13 + 2*y^17*z^1

Allocate G_len 20 elements and old = 0.
Allocate M_len = 400 elements.
Allocate G_len 40 elements and old = 20.
Allocate M_len = 800 elements.
Allocate G_len 80 elements and old = 40.
Allocate M_len = 1600 elements.
Allocate M_len = 3200 elements.
Allocate G_len 160 elements and old = 80.
Allocate M_len = 6400 elements.
Allocate M_len = 12800 elements.
Allocate G_len 320 elements and old = 160.
Allocate M_len = 25600 elements.
The final length of G is 178
[10, 2, 5, 0]  	391	6 
[21, 0, 0, 0]  	399	6  <--- 1
[20, 1, 0, 0]  	403	6 
[6, 8, 4, 0]  	422	5 
[6, 14, 3, 0]  	529	7 
[5, 0, 15, 0]  	560	6 
[16, 8, 3, 0]  	581	10 
[14, 11, 3, 0]  	612	9 
[11, 0, 14, 0]  	643	10 
[14, 14, 2, 0]  	650	10 
[18, 11, 2, 0]  	657	10 
[9, 3, 14, 0]  	674	9 
[12, 17, 2, 0]  	681	9 
[15, 0, 13, 0]  	688	9 
[18, 14, 1, 0]  	695	9 
[8, 5, 14, 0]  	701	8 
[7, 6, 14, 0]  	705	8 
[9, 6, 13, 0]  	712	8 
[12, 20, 1, 0]  	719	8 
[8, 22, 2, 0]  	720	8 
[16, 17, 1, 0]  	726	8 
[10, 22, 1, 0]  	727	8 
[5, 25, 2, 0]  	732	7 
[19, 0, 12, 0]  	733	8 
[14, 19, 1, 0]  	734	8 
[7, 25, 1, 0]  	739	7 
[6, 26, 1, 0]  	743	7 
[5, 11, 13, 0]  	751	7 
[4, 12, 13, 0]  	755	6 
[12, 23, 0, 0]  	757	7 
[4, 11, 14, 0]  	763	6 
[16, 20, 0, 0]  	764	7 
[10, 25, 0, 0]  	765	7 
[5, 28, 1, 0]  	770	6 
[4, 14, 12, 0]  	770	6 
[5, 24, 4, 0]  	771	6 
[14, 22, 0, 0]  	772	7 
[4, 29, 1, 0]  	774	6 
[19, 18, 0, 0]  	775	7 
[18, 19, 0, 0]  	779	7 
[5, 15, 11, 0]  	781	6 
[4, 28, 2, 0]  	782	6 
[3, 14, 13, 0]  	782	6 
[3, 29, 2, 0]  	786	5 
[4, 31, 0, 0]  	789	6 
[3, 32, 0, 0]  	793	5 
[5, 21, 7, 0]  	795	6 
[8, 28, 0, 0]  	796	6 
[5, 17, 10, 0]  	796	6 
[4, 18, 10, 0]  	800	5 
[3, 31, 1, 0]  	801	5 
[3, 0, 24, 0]  	801	5 
[2, 32, 1, 0]  	805	5 
[4, 25, 5, 0]  	806	6 
[4, 21, 8, 0]  	807	5 
[4, 17, 11, 0]  	808	5 
[5, 23, 6, 0]  	810	6 
[4, 1, 23, 0]  	812	5 
[4, 24, 6, 0]  	814	5 
[3, 17, 12, 0]  	820	5 
[4, 23, 7, 0]  	822	5 
[4, 7, 19, 0]  	826	5 
[4, 3, 22, 0]  	827	5 
[3, 12, 16, 0]  	829	5 
[4, 10, 17, 0]  	833	5 
[4, 6, 20, 0]  	834	5 
[3, 11, 17, 0]  	837	5 
[4, 9, 18, 0]  	841	5 
[3, 10, 18, 0]  	845	4 
[3, 21, 10, 0]  	850	4 
[3, 9, 19, 0]  	853	4 
[3, 28, 5, 0]  	856	5 
[3, 24, 8, 0]  	857	4 
[2, 29, 5, 0]  	860	4 
[2, 21, 11, 0]  	862	3 
[3, 27, 6, 0]  	864	4 
[3, 23, 9, 0]  	865	4 
[2, 28, 6, 0]  	868	4 
[3, 7, 21, 0]  	869	3 
[2, 24, 9, 0]  	869	3 
[3, 26, 7, 0]  	872	4 
[2, 31, 4, 0]  	875	5 
[2, 23, 10, 0]  	877	3 
[2, 15, 16, 0]  	879	4 
[2, 26, 8, 0]  	884	3 
[2, 14, 17, 0]  	887	4 
[2, 10, 20, 0]  	888	3 
[1, 15, 17, 0]  	891	3 
[2, 13, 18, 0]  	895	3 
[2, 1, 27, 0]  	898	4 
[1, 14, 18, 0]  	899	3 
[2, 12, 19, 0]  	903	3 
[2, 0, 28, 0]  	906	4 
[1, 13, 19, 0]  	907	2 
[1, 32, 5, 0]  	910	3 
[2, 38, 0, 0]  	912	4 
[1, 31, 6, 0]  	918	3 
[1, 27, 9, 0]  	919	2 
[0, 32, 6, 0]  	922	2 
[1, 18, 16, 0]  	929	3 
[0, 31, 7, 0]  	930	2 
[1, 29, 8, 0]  	934	2 
[0, 30, 8, 0]  	938	1 
[1, 1, 29, 0]  	941	2 
[2, 7, 24, 0]  	943	3 
[1, 24, 12, 0]  	943	3 
[0, 1, 30, 0]  	953	1 
[0, 16, 19, 0]  	957	1 
[0, 35, 5, 0]  	960	2 
[0, 0, 31, 0]  	961	1  <--- 3
[1, 41, 0, 0]  	962	3 
[1, 21, 15, 0]  	967	3 
[0, 18, 18, 0]  	972	1 
[0, 4, 29, 0]  	991	1 
[0, 38, 4, 0]  	998	2 
[0, 21, 17, 0]  	1010	1 
[0, 44, 0, 0]  	1012	2  <--- 2
[0, 7, 28, 0]  	1029	1 
[0, 41, 3, 0]  	1036	2 
[0, 24, 16, 0]  	1048	1 
[0, 10, 27, 0]  	1067	1 
[0, 27, 15, 0]  	1086	1 
[0, 13, 26, 0]  	1105	1 
[10, 19, 2, 1]  	689	9 
[9, 20, 2, 1]  	693	8 
[7, 23, 2, 1]  	724	7 
[9, 23, 1, 1]  	731	7 
[5, 9, 14, 1]  	736	7 
[8, 26, 0, 1]  	750	7 
[6, 28, 0, 1]  	758	7 
[5, 29, 0, 1]  	762	6 
[4, 26, 3, 1]  	767	6 
[5, 18, 9, 1]  	788	6 
[4, 20, 9, 1]  	815	5 
[4, 4, 21, 1]  	819	5 
[3, 7, 20, 1]  	838	4 
[3, 3, 23, 1]  	839	4 
[2, 35, 0, 1]  	843	4 
[3, 20, 11, 1]  	858	4 
[2, 4, 24, 1]  	874	4 
[3, 6, 22, 1]  	877	3 
[1, 38, 0, 1]  	893	3 
[1, 10, 21, 1]  	900	2 
[1, 12, 20, 1]  	915	2 
[1, 35, 4, 1]  	948	3 
[1, 7, 27, 1]  	1017	2 
[5, 20, 8, 2]  	803	6 
[2, 18, 12, 2]  	824	4 
[3, 4, 22, 2]  	831	4 
[2, 7, 22, 2]  	881	3 
[2, 9, 21, 2]  	896	3 
[1, 30, 7, 2]  	926	2 
[1, 0, 30, 2]  	949	2 
[1, 4, 28, 2]  	979	2 
[2, 27, 7, 3]  	876	3 
[3, 6, 21, 4]  	846	4 
[2, 23, 9, 96]  	846	3 
[1, 13, 18, 97]  	876	2 
[4, 6, 19, 98]  	803	4 
[2, 21, 10, 98]  	831	3 
[1, 24, 10, 98]  	881	2 
[1, 26, 9, 98]  	896	2 
[0, 16, 18, 98]  	926	1 
[0, 21, 16, 98]  	979	1 
[8, 22, 1, 99]  	689	6 
[8, 6, 13, 99]  	693	6 
[5, 26, 1, 99]  	724	5 
[7, 26, 0, 99]  	731	6 
[4, 15, 10, 99]  	731	4 
[3, 12, 13, 99]  	736	4 
[5, 14, 11, 99]  	758	6 
[2, 21, 8, 99]  	769	2 
[4, 1, 22, 99]  	781	5 
[1, 35, 0, 99]  	824	2 
[0, 21, 11, 99]  	824	1 
[0, 23, 10, 99]  	839	1 
[0, 26, 9, 99]  	877	1 
[0, 29, 8, 99]  	915	1 
------
The gap is between 5 and 95.
Lengths: 3 3 5 5 3 4.
For 982 = 5*d/2-d1-d2-d3 you get 3 in char 0.
1*x^1*y^23*z^14
1*y^40*z^2
1*y^9*z^25

For 560 = 3*d/2-d1-d2-d3 you get 5 in char 0.
1*x^4*y^17*z^3
1*x^3*y^3*z^14
1*x^2*y^20*z^2
1*x^1*y^6*z^13
1*y^23*z^1

For 138 = d/2-d1-d2-d3 you get 3 in char 0.
1*x^4*z^2
1*x^2*y^3*z^1
1*y^6

Extra powers of p used 1.
The invariant extra is equal to 2.
Start computing 5^3 Delta^1 (x1x2x3)^4... Done.
Start computing 5^4 Delta^2 (x1x2x3)^4... Done.
Start computing 5^5 Delta^3 (x1x2x3)^4... Done.
Start computing 5^6 Delta^4 (x1x2x3)^4... Done.
Start computing 5^7 Delta^5 (x1x2x3)^4... Done.
Start computing 5^8 Delta^6 (x1x2x3)^4... Done.
Start computing 5^9 Delta^7 (x1x2x3)^4... Done.
Start computing 5^10 Delta^8 (x1x2x3)^4... Done.
Start computing 5^11 Delta^9 (x1x2x3)^4... Done.
Start computing 5^12 Delta^10 (x1x2x3)^4... Done.
Start computing aa.
1 2 3 4 5 6 7 8 9 10 11 
*/
A = \
[36963065645264584526939818930905475816212229448431815919021493316415,1215050925928694658637625844695448211428960391337549735680430374238228,1008944049526908757066834909113313087366082751172275289062188568152757,1530361563926405525528996270821692774902362371390459897104175210720485,693041758632114248839243160946818100572908771838588891931495146940815,1045537851097243407357893411326479229267989173807681911884611059517160,1344232562196164755592819047092698586857632497244542729797712455718510,572404547573531681279827067299955798026448911367356903047486172778895,756016070594218557900555759610663922069437977302923761630947623464250,1216019951626999496136169861505381833821379740666444288961916655266975,1376243929063502568856205979686171751997607812802734847096840606461750;\
1332571552619775312842579935975618302222072290480915881852103666475425,256161236705042151702124915073799255401760934916316467352752527517740,493895804691069174862490825494193341510253019785899761041795132976925,1192043235103181840259454667535122775060020161994049929200192326091150,1215292729128032805203469762177526688106413028897236538825319685823125,321889640562761190530470259589504734720641265812187905282964673262850,784805455747657422029258879069803939620913002897408049966905200810000,115822625095968369241681936235031353713387422348909547315083429079325,1532437109525805715390105072054579844510016243022742901081173756645625,674191046951533180902196848922156682435706815596776772144762792816375,1468042688237496562900207895564257146952084212626742548558310040458250;\
357760564329861535940068989841292784483793770598748809610916152822900,528199508690750240944341875182553503854486011831836994617328065699435,690998377659318358114193024742902453003234919823167322209209048667100,1434161096703646671075462827381462157660183900106847122292475868510850,622857076997831764546986678573128141318372109828341134212668615333600,1191870356341549014219603329148575493259326705110959949590267158235975,1446112919204632334434736302285772443522853797229685237065696892543450,50977943670641695123399501424088371232052620802612301952634757167325,745786718507308826199328731251491770554308520906840518447105777857875,1261852286071101263594955377861735343182912726345758423645651713512250,1162193432881237419601380595293856494299262024104229145287384347578750;\
277432683072146940923002221296646252641752566048681751161724165168070,733098139401120253440704759027957929023595579759031067196207984931399,710731116657511650598278738447604183114953323017802004273962221590246,1525231575673161098284372774463643280586354659557144477634407711059830,736068248942197628992189986331567699001935628233401282209161172750295,629133366012346269161626174226762948339131961361951715892258864537280,620499769919190339709966386071002758673216790245395536675218432118305,918676475267520546103949094314478512106620401585577867971119130348960,1338845490576003869538526232241780737916320878295835153568311440801750,609287070334211330386632332314966168331732693931506751747235112114800,199487263458425570916919306140195570731193169060401164911917245501250;\
1236972649825703082376207336038532407402623993024409466520037474811170,614225091632212101948581847126282585997162360290867930958239320266059,390142279480470031643961604363554596929420464204717831137746108710501,1037273826966889891440441575494157399144446864030805717016518884919180,905297855441842607199725801300256636132601934903229424883844071367870,1479937457082491916009231211791230697240695958591717486887380100276505,1531530582814478012020156375651902096375440549742451882137666708873630,265978600283192127310513192147283864479089275505560257166099966460135,186647478707096049637671006596959516025955184194682547208476928609750,616599597449402410927149603275397755664654922318002601358425367884175,463365705636775523998805432000198696354793836245457554940707997820625;\
1200098369237156280542598256841572952505012816491903736490831593265535,12367727340314484346190580928953078228108745959670075183774345918727,619556656124229012413858048618760867663085550098690136285115677562493,158483388020593544213572342299822088355928993335010900949638672207065,1037396729616916742786197397927610789675979463498951861187524281310960,665134216437911992959970588900420498858001119642794958852005139930915,427601192103227726899136659993433558384597638572702272177787279674890,519429266287876963852497583812536859943614179770065415761126884004555,671887243605416385154350857848918708234447106042062330282099186905500,1104831272304212389815338098457792304980734338968002848513253158040150,1101421494970575696367026655129399835428239007053625845173128518929875;\
610247038396091261089376663130326448890070609586266783376068179179550,243634378136304182522441300637935385974808715753236910420428652761855,733028326675063281561047473416512149849284755963633682282300215934100,434425237155134094618146021560962677378485736543737658840857420711525,358069703995166993905984354585688857187181945124035930957683678359425,36615232077827482972555012073665660892889678747871342283989508764625,1520099068908499937047944951894495502090111761272046362015836880500950,604679933133910178785076685309468652648092828540161648160073778064700,526352083151896415220178066352986450528570027233283101903848066773250,776730955643653160474922251227656014818089586364909545259097180587125,1121538157694446377342234599568399277564000170459203777521369621312000;\
1232969894356636236730910693302593409915159492537984256139147714621855,222729364907389242264662569115408883840054383961285252710262975915436,158918399602244922092761066546720510796499498453381818683889730056379,883141384890771909134168706846060632272355868798648191220113043093895,671751619023567200715983432427979384869306503855434237856553172179455,704466134597829434676200718254295931706370445706068613962680179577295,874984194935912257415623313305340848444345493562585921488347506060895,897695542214130507948659922962135407371111309160009798568141826282815,596178123786169073250870338661332014319059766496722309090202514785000,1355710759099721662626798408082409882918022462466953730626672718342200,1212705233396375001625770301336576064487491741585692326043815188205625;\
196154858166447975067233684674400937812900822215387120477449963186485,1307425176590675719381487040675019888824217240415844247779548845365092,1333274559262963749235307586741194984997047443653408143032153767984903,1279595274666854420636868868494618610225372403829473863905425967495940,1555840175802820699097403302760945221028107419140326200284163686216785,766834093311689646114656371479834161518218735619362689091765483711940,1544275775109448656303866911410920709633999274058985480311623734420190,177972635935293248062460126532588001143627898006409209862502477061255,1193263754349991706352600233204333336523502584480585650870411647422500,1508122630818156577129953937662468579104650340201506566954974003534150,279680978567150037912049917478540447030410375339940920429286632732875;\
1466690965477867679819911047513652479269011891727224015737983976523075,1130551249458165211525161388608676989938818119217369200616675052980545,790033318187227825373413619416296063105588653542103986398354063629515,350599142378888409800050349559869946077576266159030159283092647611925,24436711630562870547267013849784038762423978590758883046456572970500,818702749091859542360852606802235373870721395165963133273571552860275,210950804851201397345188507236496191956793075053471985395507546500275,84370985335623184826384824698033325061419019997832720748040008650050,961329392099222325238028674005544587565082486103235477996096803388500,357861988687990593353114894153722373548233825357878205398339951742875,110902462382787087825436894913337910948194996418688547003968109206500;\
567407663047986970391474647321615990945881350148801085697636511218925,153041730597518010737361425330279253963362650388255154221102901053845,1037464452388473734696791901356850309869989098106753949293830101659685,597419341841116881025711721450354182083858307564108104156236987531775,1468719145233114802399612894951657794986094224374154328591180948633100,806082537053583553839357427771363724804440853492654866456126477384175,1278611511568500293427398116905178997987308906419742796301463272049275,738060498016266955639132499538907833097149518698695873957516885089325,1113438665268233502273765535544517215056955415348555148203721802154250,1332986853142665016664565261982211454977997294732155269410625273351500,1325256100819418233652652723364187954092920619311760904800067425375]
/* 
This matrix times 5^(-1) should be the matrix of frobenius.
*/ 
B = 5^(-1) * A; 
/* Freed 74 lists. */
