/* Comments begin... 
Coefficient of   x^21 * y^1               = 1
Coefficient of   x^10 * y^2 * z^6         = 2
Coefficient of   x^8 * y^5 * z^5         = 1
Coefficient of   x^6 * y^8 * z^4         = 1
Coefficient of   x^4 * y^11 * z^3         = 0
Coefficient of   x^2 * y^14 * z^2         = -1
Coefficient of   x^1 * z^13               = -1
Coefficient of   y^17 * z^1               = 2

Here is the polynomial we're using this time:

1*x^21*y^1 + 2*x^10*y^2*z^6 + 1*x^8*y^5*z^5 + 1*x^6*y^8*z^4 + -1*x^2*y^14*z^2 + -1*x^1*z^13 + 2*y^17*z^1

Allocate G_len 20 elements and old = 0.
Allocate M_len = 400 elements.
Allocate G_len 40 elements and old = 20.
Allocate M_len = 800 elements.
Allocate G_len 80 elements and old = 40.
Allocate M_len = 1600 elements.
Allocate M_len = 3200 elements.
Allocate G_len 160 elements and old = 80.
Allocate M_len = 6400 elements.
Allocate M_len = 12800 elements.
Allocate G_len 320 elements and old = 160.
Allocate M_len = 25600 elements.
The final length of G is 174
[10, 2, 5, 0]  	391	6 
[21, 0, 0, 0]  	399	6  <--- 1
[20, 1, 0, 0]  	403	6 
[8, 5, 5, 0]  	422	5 
[8, 8, 4, 0]  	460	7 
[6, 11, 4, 0]  	491	6 
[5, 0, 15, 0]  	560	6 
[14, 11, 3, 0]  	612	10 
[18, 8, 3, 0]  	619	10 
[11, 0, 14, 0]  	643	9 
[14, 14, 2, 0]  	650	9 
[16, 14, 1, 0]  	657	9 
[10, 17, 3, 0]  	674	8 
[9, 3, 14, 0]  	674	8 
[12, 17, 2, 0]  	681	9 
[15, 0, 13, 0]  	688	8 
[10, 19, 2, 0]  	689	9 
[9, 20, 2, 0]  	693	7 
[9, 19, 3, 0]  	701	8 
[7, 22, 2, 0]  	701	8 
[8, 20, 3, 0]  	705	8 
[7, 6, 14, 0]  	705	8 
[8, 23, 1, 0]  	712	8 
[12, 20, 1, 0]  	719	8 
[7, 8, 13, 0]  	720	8 
[6, 9, 13, 0]  	724	7 
[10, 22, 1, 0]  	727	8 
[6, 8, 14, 0]  	732	7 
[5, 25, 2, 0]  	732	7 
[19, 0, 12, 0]  	733	8 
[14, 19, 1, 0]  	734	7 
[6, 23, 3, 0]  	736	7 
[5, 9, 14, 0]  	736	7 
[7, 25, 1, 0]  	739	7 
[5, 11, 13, 0]  	751	7 
[4, 12, 13, 0]  	755	6 
[12, 23, 0, 0]  	757	7 
[6, 28, 0, 0]  	758	7 
[5, 29, 0, 0]  	762	6 
[4, 11, 14, 0]  	763	6 
[16, 20, 0, 0]  	764	7 
[10, 25, 0, 0]  	765	7 
[4, 26, 3, 0]  	767	6 
[5, 28, 1, 0]  	770	7 
[5, 24, 4, 0]  	771	6 
[14, 22, 0, 0]  	772	7 
[4, 29, 1, 0]  	774	6 
[19, 18, 0, 0]  	775	7 
[18, 19, 0, 0]  	779	7 
[5, 15, 11, 0]  	781	6 
[4, 28, 2, 0]  	782	6 
[3, 14, 13, 0]  	782	6 
[3, 29, 2, 0]  	786	5 
[5, 18, 9, 0]  	788	6 
[4, 31, 0, 0]  	789	6 
[4, 15, 12, 0]  	793	6 
[5, 21, 7, 0]  	795	6 
[5, 17, 10, 0]  	796	6 
[4, 18, 10, 0]  	800	5 
[3, 31, 1, 0]  	801	5 
[3, 0, 24, 0]  	801	5 
[5, 20, 8, 0]  	803	6 
[2, 32, 1, 0]  	805	5 
[4, 25, 5, 0]  	806	6 
[4, 21, 8, 0]  	807	5 
[4, 17, 11, 0]  	808	5 
[5, 23, 6, 0]  	810	6 
[4, 1, 23, 0]  	812	5 
[4, 24, 6, 0]  	814	5 
[4, 20, 9, 0]  	815	5 
[4, 4, 21, 0]  	819	5 
[4, 23, 7, 0]  	822	5 
[2, 18, 12, 0]  	824	4 
[4, 7, 19, 0]  	826	5 
[3, 12, 16, 0]  	829	5 
[3, 4, 22, 0]  	831	4 
[4, 10, 17, 0]  	833	5 
[3, 7, 20, 0]  	838	4 
[3, 34, 0, 0]  	839	4 
[3, 3, 23, 0]  	839	4 
[2, 35, 0, 0]  	843	4 
[3, 10, 18, 0]  	845	4 
[3, 6, 21, 0]  	846	4 
[3, 21, 10, 0]  	850	4 
[3, 9, 19, 0]  	853	4 
[3, 28, 5, 0]  	856	5 
[3, 24, 8, 0]  	857	4 
[3, 20, 11, 0]  	858	4 
[2, 29, 5, 0]  	860	4 
[2, 21, 11, 0]  	862	3 
[3, 27, 6, 0]  	864	4 
[3, 23, 9, 0]  	865	4 
[2, 28, 6, 0]  	868	4 
[2, 24, 9, 0]  	869	3 
[3, 26, 7, 0]  	872	4 
[2, 4, 24, 0]  	874	4 
[2, 31, 4, 0]  	875	5 
[2, 27, 7, 0]  	876	3 
[2, 23, 10, 0]  	877	3 
[2, 15, 16, 0]  	879	4 
[2, 7, 22, 0]  	881	3 
[2, 26, 8, 0]  	884	3 
[2, 14, 17, 0]  	887	4 
[2, 10, 20, 0]  	888	3 
[1, 38, 0, 0]  	893	3 
[2, 13, 18, 0]  	895	3 
[2, 9, 21, 0]  	896	3 
[2, 1, 27, 0]  	898	4 
[1, 14, 18, 0]  	899	3 
[1, 10, 21, 0]  	900	2 
[2, 12, 19, 0]  	903	3 
[2, 0, 28, 0]  	906	4 
[1, 13, 19, 0]  	907	2 
[1, 32, 5, 0]  	910	3 
[1, 12, 20, 0]  	915	2 
[1, 31, 6, 0]  	918	3 
[1, 27, 9, 0]  	919	2 
[0, 32, 6, 0]  	922	2 
[1, 30, 7, 0]  	926	2 
[1, 18, 16, 0]  	929	3 
[0, 31, 7, 0]  	930	2 
[1, 29, 8, 0]  	934	2 
[0, 30, 8, 0]  	938	1 
[1, 1, 29, 0]  	941	2 
[1, 24, 12, 0]  	943	3 
[1, 0, 30, 0]  	949	2 
[0, 1, 30, 0]  	953	1 
[0, 16, 19, 0]  	957	1 
[0, 35, 5, 0]  	960	2 
[0, 0, 31, 0]  	961	1  <--- 3
[1, 21, 15, 0]  	967	3 
[0, 18, 18, 0]  	972	1 
[0, 4, 29, 0]  	991	1 
[0, 38, 4, 0]  	998	2 
[0, 21, 17, 0]  	1010	1 
[0, 44, 0, 0]  	1012	2  <--- 2
[0, 7, 28, 0]  	1029	1 
[0, 41, 3, 0]  	1036	2 
[0, 24, 16, 0]  	1048	1 
[0, 10, 27, 0]  	1067	1 
[0, 27, 15, 0]  	1086	1 
[0, 13, 26, 0]  	1105	1 
[6, 14, 3, 1]  	529	7 
[18, 5, 4, 1]  	581	10 
[6, 26, 1, 1]  	743	7 
[4, 14, 12, 1]  	770	6 
[3, 32, 0, 1]  	793	5 
[3, 17, 12, 1]  	820	5 
[4, 3, 22, 1]  	827	5 
[4, 6, 20, 1]  	834	5 
[3, 11, 17, 1]  	837	5 
[4, 9, 18, 1]  	841	5 
[1, 15, 17, 1]  	891	3 
[1, 35, 4, 1]  	948	3 
[1, 4, 28, 1]  	979	2 
[8, 26, 0, 2]  	750	7 
[1, 7, 27, 2]  	1017	2 
[5, 15, 10, 98]  	750	6 
[4, 18, 9, 98]  	769	5 
[0, 24, 15, 98]  	1017	1 
[5, 0, 14, 99]  	529	5 
[16, 8, 3, 99]  	581	8 
[10, 17, 2, 99]  	643	6 
[9, 19, 2, 99]  	670	6 
[8, 22, 1, 99]  	689	8 
[4, 29, 0, 99]  	743	4 
[3, 0, 23, 99]  	770	3 
[2, 34, 0, 99]  	820	3 
[3, 20, 10, 99]  	827	4 
[3, 23, 8, 99]  	834	4 
[2, 28, 5, 99]  	837	2 
[3, 26, 6, 99]  	841	3 
[0, 32, 5, 99]  	891	2 
[0, 21, 15, 99]  	948	1 
------
The gap is between 3 and 97.
Lengths: 3 3 5 5 3 3.
For 982 = 5*d/2-d1-d2-d3 you get 3 in char 0.
1*x^1*y^23*z^14
1*y^40*z^2
1*y^9*z^25

For 560 = 3*d/2-d1-d2-d3 you get 5 in char 0.
1*x^4*y^17*z^3
1*x^3*y^3*z^14
1*x^2*y^20*z^2
1*x^1*y^6*z^13
1*y^23*z^1

For 138 = d/2-d1-d2-d3 you get 3 in char 0.
1*x^4*z^2
1*x^2*y^3*z^1
1*y^6

Extra powers of p used 0.
The invariant extra is equal to 2.
Start computing 5^3 Delta^1 (x1x2x3)^4... Done.
Start computing 5^4 Delta^2 (x1x2x3)^4... Done.
Start computing 5^5 Delta^3 (x1x2x3)^4... Done.
Start computing 5^6 Delta^4 (x1x2x3)^4... Done.
Start computing 5^7 Delta^5 (x1x2x3)^4... Done.
Start computing 5^8 Delta^6 (x1x2x3)^4... Done.
Start computing 5^9 Delta^7 (x1x2x3)^4... Done.
Start computing 5^10 Delta^8 (x1x2x3)^4... Done.
Start computing 5^11 Delta^9 (x1x2x3)^4... Done.
Start computing 5^12 Delta^10 (x1x2x3)^4... Done.
Start computing aa.
1 2 3 4 5 6 7 8 9 10 11 
*/
A = \
[85152293644171817560464980834147461979449836773983427637633742455469,130699908182667490056291296909833030335712039636882987335357443968966,230643103164238225214782601695743128130138743447253229118688751652953,173131992795069523998638675792298105596566685163608980090977747103260,150581835269668066202734296942483740000138890395216756768091423015040,293988542584000782086694740899544873878030052799203723756390327856230,134367999543640429771886342052798445551163192202482924589731182314160,73375024378852041899883618552051190397190507659984442663608917605765,241505644814417528344628831127113923184462974286041157996279054084225,309709539502067029742980716535435487904005596426375123053733475654750,95223129400191534685236843531906357780839584046240669371892078626550;\
134230863552846796931270002375003776777540482204249187939367842857470,36135807460304135827025313312998795957195523430118087163143617822158,69103228364343481843799504806715124529371743122144372228827587305963,129905398141045514573079316955076315647038901278361455795283870103790,143199795532564626683527414987501157091479015852109812953635717640920,219163679919765902022091682274550485796902371667545804584121194130005,253344973479369966779738408774084465455063466615825713998949387689140,274763783195700556555330035895069667734045790599118989426900366174220,284417711856803598718707179205789677113068486691896200706878654944700,73105583476696795894890247383161392555170849953001817453949384006925,263651155079383595736204949849833592436049460433280379005322081353875;\
89029729259555265329710463969636018479104554027760075716451450733308,293426958955336321714454152097293615688992960006089674541430826692338,90937142832280043763564554047108835653958205642443906674590104913415,222499636515205576097569506059373035675295405301519007835947391448195,56761224512080611613671726525571264066652788642466113929807908756305,243873887718927142169036990707127982561428478455177984485757903550715,108885645941021254915482679576050689760154105772456762181806829950010,40260963485799330228456814468049655887760820252843556156167992451050,181327678240988676627386365822492206558740112236459721720427886719425,227402186735290276610860068817363091302041994086062116899705751918975,161345358850461443267043317300691176214669467851053782992716058869875;\
250915474143363912211442292528242328920124203347305572907285346759043,90431485772661950760428572018934189798740886333440722479988613519951,139993146731807011170529616343440785141691151550554402576592181494589,3514447584653313371808528984288590498544698674561648765217416683120,179296699262216620471348476203414035244182983392709729788404503776655,236547924024637731174970589624060382939167402430256836510515162362175,4211245467661727245813987076692769688549285291119403996280329363035,136466331559283869867887039145171397234608995549575863994692398183655,253828966016154346066965223654451247263354574416512755664650728919475,75855963216891361416197689852050679579177484722031606410400758389350,84891468569329026016381658268573973970772384141947694829219623685775;\
138371110182209130976760941333973171592135487537036478850123113230457,70528929993095162773228251237165943267623860738444284002697678822748,201571982201933364539780863997002723718193166211048272880852442045210,307859788633029194379116303787868168121899134386421047098883523509420,217154819156064330833868677692636713918526265036548224027448082288275,225599723827191501467471317689849310462519965191766687092832542895335,144184736624593069397051414794773127238914180243816118086475123069435,310365656272834040742672113238505932821627674752888428802602337767650,22498486289603262877608914855057099419256060843421496540783728888050,163928449749267401857341701550949498610951877873585433847966754332050,67412920025697951438922012995593239350105376024403699852842564951950;\
978964972982926731368923115177865163155626982977829686638208984599,179938664174302337130323532152274971447636151872606419923760943775675,290706555372168059157887769679602672630413765881597495915129683613830,305149231833204355252788662323203304315222640423798869757618949671350,174308688471975590482412233655838306254117522318572982065594381355865,51073116471870297642288420377731662713433658330097886762714163046035,99279275255165152203075512008284511818130596966424702563690747294615,141410301681639888714426816042999006401267358335769122516763703543900,284539233801002465962283887085852073816271918125166456062247679393400,71437456580258422509747608420639563660424497011868399380948085880025,207852047647329472847225209405338803286000611713372053704889095949675;\
247732087760982803591293165874472431451338925135733987846647703174035,64345745664972630088270858667514560540677712244418177711171817515894,16595332513882562292205955321090671760840076539256117365551852019549,97345541486883866841010840512745107436883868802954159594445219983325,34188413037546289573012014282926340560644885674179992092881883296470,299753696765650260836861191100461810181212310804421659994841386927065,15664001577089155881395683167995484108678106614467507996075680117900,125771753206621539487189023365723850199145792376756944678128432695900,57825644460241681894731959865797746041462152895686811722828960893000,116472150265632844703608083376810720729781379995874678850724554861200,282089807118175391864336436849921916086917671925023549839447746253400;\
73329463408380811525435767601367096101870551457065072807148399740707,60990786975638699423997293317232567881304556487082894389493316398313,17832933473309427040160305799903369496329967447664406106063482982154,235659246535707940480843053680392868383467285873928402473129073331300,82395132687800681816784282821725047049548895487535707908138777456120,315061230061794696944164985728196948459908206232040718641972719483070,241249003138381267117519235006521884868429710551832164565616727492265,179369570438623281997762608669864664846379237166087303075460970619230,204634365700129342948422468398816389373220555044694563949940888153325,254581701549822519783054187424693282688493726897269259035800505195925,160023202836794400695391233665245213074014067064423987161741622531450;\
230184374344366722908369170440751616376861749825983952416279030580791,155458777569779570385795301495022733611090208520731196511351735202179,35092975595190359130415392608496954247911776276585909097827261184566,112202866815647870078670123067894354386904660502991445413944246431255,61824054499478214239377458602661379330262470367622840361390209642960,181441051215737319932774217203517900806844453852058010576552474266210,84719057399748663538504997469059555881825365844124842875907490721505,60079156043575215645437045516553962186789505074433527560373535451020,262242492735353888160869456175328004079219161401765816731188227322800,245982882289376409265133995440078378165379362897934688812419221111100,276088662995758757744418475061319421293269309332930783331775218499300;\
3910338177291488721350046094881405629560129141776827083541029067518,57638296022975652252989149036958009950194347904580788054729497835622,56488768746926927963854532663510825767430998918159248762140791518477,63305943149231728288371853986441464414213586416167171386757127511520,150097522249201678666695968182238126271496138787508114496060957864445,239992658756367794152872170859919144435463430000261645986634215942825,231319457883519712059404331878156675940145247153339312228066380703590,209464724405603274926308196853055606660449077088660950802715304453590,186931535380830110423180995753160804020016334721705336276015525803175,206584460641107389684435752751801590901220923558629488438518340587350,88360840706309169889003608374673479487680113945972888729343596737950;\
270312143320853740319093499078891043580420192897739418685343004090181,219771282337870618555212888104842521079734110134210800997755962226280,294341392145928359776162612622713477602639847438832120234821342191846,302174982513160793221844878660088823519948692281895509131347208732045,67323468186247722077317306594332550204224104609607166144546952255920,71685397770110012669361875417280689618723850299507563276947298561370,42704952021078641327000023227782046337539651853895845057425276832785,181510495267518712673711214969920039809732567995954479158427909114320,191391016068361015219620552087404002877337501075622322580577055817825,216673521413084365845743996789357175715041302175638198009402514271825,126289728114973873466570196725966084773299467367968375936734324066125]
/* 
This should be the matrix of frobenius!
*/ 
B = A; 
/* Freed 73 lists. */
