/* Comments begin... 
Coefficient of   x^21 * y^1               = 2
Coefficient of   x^10 * y^2 * z^6         = -1
Coefficient of   x^8 * y^5 * z^5         = -2
Coefficient of   x^6 * y^8 * z^4         = 0
Coefficient of   x^4 * y^11 * z^3         = -2
Coefficient of   x^2 * y^14 * z^2         = 1
Coefficient of   x^1 * z^13               = 1
Coefficient of   y^17 * z^1               = -1

Here is the polynomial we're using this time:

2*x^21*y^1 + -1*x^10*y^2*z^6 + -2*x^8*y^5*z^5 + -2*x^4*y^11*z^3 + 1*x^2*y^14*z^2 + 1*x^1*z^13 + -1*y^17*z^1

Allocate G_len 20 elements and old = 0.
Allocate M_len = 400 elements.
Allocate G_len 40 elements and old = 20.
Allocate M_len = 800 elements.
Allocate G_len 80 elements and old = 40.
Allocate M_len = 1600 elements.
Allocate M_len = 3200 elements.
Allocate G_len 160 elements and old = 80.
Allocate M_len = 6400 elements.
Allocate M_len = 12800 elements.
Allocate G_len 320 elements and old = 160.
Allocate M_len = 25600 elements.
The final length of G is 177
[10, 2, 5, 0]  	391	6 
[21, 0, 0, 0]  	399	6  <--- 1
[20, 1, 0, 0]  	403	6 
[8, 5, 5, 0]  	422	5 
[6, 11, 4, 0]  	491	6 
[6, 14, 3, 0]  	529	7 
[5, 0, 15, 0]  	560	6 
[14, 11, 3, 0]  	612	10 
[16, 11, 2, 0]  	619	10 
[11, 0, 14, 0]  	643	9 
[14, 14, 2, 0]  	650	10 
[9, 3, 14, 0]  	674	9 
[12, 17, 2, 0]  	681	9 
[15, 0, 13, 0]  	688	9 
[10, 19, 2, 0]  	689	9 
[9, 20, 2, 0]  	693	8 
[18, 14, 1, 0]  	695	9 
[7, 22, 2, 0]  	701	8 
[7, 6, 14, 0]  	705	8 
[8, 23, 1, 0]  	712	8 
[7, 8, 13, 0]  	720	8 
[6, 9, 13, 0]  	724	7 
[16, 17, 1, 0]  	726	8 
[10, 22, 1, 0]  	727	8 
[6, 8, 14, 0]  	732	7 
[5, 25, 2, 0]  	732	7 
[19, 0, 12, 0]  	733	8 
[5, 9, 14, 0]  	736	7 
[6, 26, 1, 0]  	743	7 
[8, 26, 0, 0]  	750	7 
[5, 11, 13, 0]  	751	7 
[4, 12, 13, 0]  	755	6 
[12, 23, 0, 0]  	757	7 
[6, 28, 0, 0]  	758	7 
[5, 29, 0, 0]  	762	6 
[16, 20, 0, 0]  	764	7 
[10, 25, 0, 0]  	765	7 
[4, 26, 3, 0]  	767	6 
[5, 28, 1, 0]  	770	6 
[4, 14, 12, 0]  	770	6 
[5, 24, 4, 0]  	771	6 
[14, 22, 0, 0]  	772	7 
[19, 18, 0, 0]  	775	7 
[18, 19, 0, 0]  	779	7 
[5, 15, 11, 0]  	781	6 
[4, 28, 2, 0]  	782	6 
[3, 14, 13, 0]  	782	6 
[3, 29, 2, 0]  	786	5 
[5, 18, 9, 0]  	788	6 
[4, 31, 0, 0]  	789	6 
[3, 32, 0, 0]  	793	5 
[5, 21, 7, 0]  	795	6 
[4, 18, 10, 0]  	800	5 
[3, 31, 1, 0]  	801	5 
[3, 0, 24, 0]  	801	5 
[5, 20, 8, 0]  	803	6 
[2, 32, 1, 0]  	805	5 
[4, 25, 5, 0]  	806	6 
[4, 21, 8, 0]  	807	5 
[4, 17, 11, 0]  	808	5 
[5, 23, 6, 0]  	810	6 
[4, 1, 23, 0]  	812	5 
[4, 24, 6, 0]  	814	5 
[4, 4, 21, 0]  	819	5 
[3, 17, 12, 0]  	820	5 
[4, 23, 7, 0]  	822	5 
[4, 7, 19, 0]  	826	5 
[4, 3, 22, 0]  	827	5 
[3, 12, 16, 0]  	829	5 
[3, 4, 22, 0]  	831	4 
[4, 10, 17, 0]  	833	5 
[4, 6, 20, 0]  	834	5 
[3, 11, 17, 0]  	837	5 
[3, 7, 20, 0]  	838	4 
[4, 9, 18, 0]  	841	5 
[3, 6, 21, 0]  	846	4 
[3, 21, 10, 0]  	850	4 
[3, 28, 5, 0]  	856	5 
[3, 24, 8, 0]  	857	4 
[3, 27, 6, 0]  	864	4 
[3, 23, 9, 0]  	865	4 
[2, 28, 6, 0]  	868	4 
[2, 24, 9, 0]  	869	3 
[3, 26, 7, 0]  	872	4 
[2, 4, 24, 0]  	874	4 
[2, 31, 4, 0]  	875	5 
[2, 15, 16, 0]  	879	4 
[2, 7, 22, 0]  	881	3 
[2, 26, 8, 0]  	884	3 
[2, 10, 20, 0]  	888	3 
[1, 15, 17, 0]  	891	3 
[1, 38, 0, 0]  	893	3 
[2, 9, 21, 0]  	896	3 
[2, 1, 27, 0]  	898	4 
[1, 10, 21, 0]  	900	2 
[2, 12, 19, 0]  	903	3 
[1, 32, 5, 0]  	910	3 
[1, 12, 20, 0]  	915	2 
[1, 31, 6, 0]  	918	3 
[1, 27, 9, 0]  	919	2 
[0, 32, 6, 0]  	922	2 
[1, 30, 7, 0]  	926	2 
[1, 18, 16, 0]  	929	3 
[1, 14, 19, 0]  	930	2 
[0, 31, 7, 0]  	930	2 
[1, 29, 8, 0]  	934	2 
[2, 0, 29, 0]  	937	3 
[0, 30, 8, 0]  	938	1 
[1, 1, 29, 0]  	941	2 
[1, 24, 12, 0]  	943	3 
[1, 0, 30, 0]  	949	2 
[0, 1, 30, 0]  	953	1 
[0, 16, 19, 0]  	957	1 
[0, 35, 5, 0]  	960	2 
[0, 0, 31, 0]  	961	1  <--- 3
[0, 18, 18, 0]  	972	1 
[1, 4, 28, 0]  	979	2 
[0, 4, 29, 0]  	991	1 
[0, 38, 4, 0]  	998	2 
[0, 21, 17, 0]  	1010	1 
[0, 44, 0, 0]  	1012	2  <--- 2
[1, 7, 27, 0]  	1017	2 
[0, 7, 28, 0]  	1029	1 
[0, 41, 3, 0]  	1036	2 
[0, 24, 16, 0]  	1048	1 
[0, 10, 27, 0]  	1067	1 
[0, 27, 15, 0]  	1086	1 
[0, 13, 26, 0]  	1105	1 
[8, 8, 4, 1]  	460	7 
[18, 5, 4, 1]  	581	10 
[12, 20, 1, 1]  	719	8 
[14, 19, 1, 1]  	734	8 
[7, 25, 1, 1]  	739	7 
[4, 11, 14, 1]  	763	6 
[4, 29, 1, 1]  	774	6 
[5, 17, 10, 1]  	796	6 
[4, 20, 9, 1]  	815	5 
[2, 18, 12, 1]  	824	4 
[3, 3, 23, 1]  	839	4 
[2, 35, 0, 1]  	843	4 
[3, 10, 18, 1]  	845	4 
[3, 9, 19, 1]  	853	4 
[3, 20, 11, 1]  	858	4 
[2, 29, 5, 1]  	860	4 
[2, 21, 11, 1]  	862	3 
[2, 27, 7, 1]  	876	3 
[2, 23, 10, 1]  	877	3 
[2, 0, 28, 1]  	906	4 
[1, 21, 15, 1]  	967	3 
[2, 14, 17, 2]  	887	4 
[2, 13, 18, 2]  	895	3 
[1, 14, 18, 2]  	899	3 
[1, 13, 19, 2]  	907	2 
[1, 35, 4, 2]  	948	3 
[0, 30, 6, 98]  	876	1 
[1, 31, 5, 98]  	887	3 
[1, 0, 29, 98]  	918	2 
[1, 4, 27, 98]  	948	2 
[6, 11, 3, 99]  	460	6 
[14, 11, 2, 99]  	581	8 
[12, 14, 2, 99]  	612	9 
[13, 0, 13, 99]  	650	8 
[10, 22, 0, 99]  	696	7 
[5, 28, 0, 99]  	739	5 
[5, 18, 8, 99]  	757	6 
[3, 28, 2, 99]  	763	4 
[3, 15, 12, 99]  	774	5 
[4, 21, 7, 99]  	776	5 
[4, 3, 21, 99]  	796	4 
[3, 6, 20, 99]  	815	4 
[1, 4, 23, 99]  	824	2 
[1, 6, 22, 99]  	839	2 
[2, 27, 6, 99]  	845	1 
[2, 26, 7, 99]  	853	2 
[1, 15, 16, 99]  	860	3 
[1, 9, 21, 99]  	877	2 
[0, 38, 3, 99]  	967	2 
------
The gap is between 3 and 97.
Lengths: 3 3 5 5 3 3.
For 982 = 5*d/2-d1-d2-d3 you get 3 in char 0.
1*x^1*y^23*z^14
1*y^40*z^2
1*y^9*z^25

For 560 = 3*d/2-d1-d2-d3 you get 5 in char 0.
1*x^4*y^17*z^3
1*x^3*y^3*z^14
1*x^2*y^20*z^2
1*x^1*y^6*z^13
1*y^23*z^1

For 138 = d/2-d1-d2-d3 you get 3 in char 0.
1*x^4*z^2
1*x^2*y^3*z^1
1*y^6

Extra powers of p used 0.
The invariant extra is equal to 2.
Start computing 5^3 Delta^1 (x1x2x3)^4... Done.
Start computing 5^4 Delta^2 (x1x2x3)^4... Done.
Start computing 5^5 Delta^3 (x1x2x3)^4... Done.
Start computing 5^6 Delta^4 (x1x2x3)^4... Done.
Start computing 5^7 Delta^5 (x1x2x3)^4... Done.
Start computing 5^8 Delta^6 (x1x2x3)^4... Done.
Start computing 5^9 Delta^7 (x1x2x3)^4... Done.
Start computing 5^10 Delta^8 (x1x2x3)^4... Done.
Start computing 5^11 Delta^9 (x1x2x3)^4... Done.
Start computing 5^12 Delta^10 (x1x2x3)^4... Done.
Start computing aa.
1 2 3 4 5 6 7 8 9 10 11 
*/
A = \
[73094670709301829786349055937760514559619684894578863757486350716593,51625757804444409276547225262618998694854919116089394154409092068323,242750898005913300797264360704297291836020200779270342333023576961632,293255668209201426570154073386608148067170280959818649604737652554185,257253424310495498223104110677350228135019742201996857777437547780445,177231655300567580029932181453868675745823715828733480024457551914890,283107992868678333759709067790921393711757211462466365526913627714695,286264637054907984688078548481857264822931709165364328735039910011570,53210885851764972436279806689047868864709491418671834255413089782575,10874968101396852920900578305355586810355156848726115321010867412200,208120856175041730440969853272539348591017901487165623584592107351075;\
2652831745123417186796742136431200259126857560952786144944396331059,234530978760400355691380866372563725215997834011845401399927255590969,308560587208696652301914865582867317273364200914999169360860354147355,174633105188732364472441159196505125696974039517808502710499844415545,1129931713319054299434396104920157683948756029965573701315354184255,232530870051740444194239594068531347903671154898355507169161379417490,196230947415299660386821281966895431407805279787231125130595811342580,203294122178360363117415881977581169490668991341820601567039041133635,300692193963308123788628536219546582327641789067730517846654710338425,235859976953236600938270798002287660314972324488562821278079689503675,84998399520784101211171963450212831907771096242981784204818403869300;\
63427413533497534805164996087317483803365207891924658270603335767959,19598459748628113209495560314051525849321213963595616977131630902432,209551723757654637525972459531604852346363842694908788024248967506925,30291790217634600902220108344466164453508687111553600854279052041590,169812739048382049531480696947947148123388648774050123246745152084395,210000732567026806951576240459054567374960735343327235466948630432225,145350397833203917915556790011543834559638566354393399729079081107100,300137311032708743118938589548891657662652127994095578238221311641375,303418302580391529375850487878590738396906353392666864401042787558250,295534144906057091759435957252100549540337466427976466444778725260400,94635331194361472416051680060045111102431906803993290233683401636425;\
111383785608388725754812950139948989715002845086558637340334799568042,135219093204471332713321217704338233084167249621298847896167066099974,231430441596882307764008767877019542442410087149456068252469345304873,300971295291886242260368188433437319132963653228094904001004719637185,103675693862444178016710593079689856846714804884809702470411685687565,102617806439989368890185010376080702861623182059978848339419650349380,64319739213632279376201535543136120683350570953978560183310433409770,309528286477342135549286844503862314478097901815135214930719314418160,155871948680190890801131820705018205735223372856268227141804073159850,188019785479435328660056166500868119843348911575984989677639145671875,217904623420895655168559581866230574233690156409365863255913888123450;\
17993573022890200917314436256559676938579879918630892705419905899765,29107660433313145117701017823660395198948246650921173960279189652862,273366316028602247957505232183212582624049665350521268318274660550957,241457042553644017773055183155189362461804893100326433532974980040030,163253359413045528906471370664625004470835313816828054838139721219575,74074835586944411803698953719189644634735096809950067768059102882370,145645737472173818439926681724151483207609407166392827248285193110470,163209677153248762945014559046238941419883624638661133539971484229060,216947870553715066016576804318983640443455143688192304583937706672750,48486367698536281032465447677211758669825097647926994537396154686975,305991522973501851000658888603496053044413750691578770681081833560950;\
142247448078916558030311977765192845014263517080415605226913976153838,14739801066648476605148299836330560677220051552336640741087058760342,257194327292926166568652236137634537351985829962053394921436992344104,261301991138395151377210532479997204699646349291822034722214071669285,189646488429837293809690608308600806647650758151239221406039591938230,94018793732302950771439103808340077956911054254759556246939266911020,301658008473621407880379334525365749311782712944222687320232688784410,142864790010721020138797362184131632038156668474773051025791095368120,176245559964197594656629899489794950574976243850558481170840414914850,224610368534708459141545560084825656923576919581206657698085182144100,52816889881509260952221824507719706803949537165774629659649433171100;\
257490271954190028003601977204521705831470780989266006950160681398662,253964973766047259665389367811514950525773298864889968633465014573757,267784077902786238652935765854463366044205447371393579298210108996379,278183844847977492662290700606394623406594620053600474825551228495680,265481411614560020435869980648502775529545060060187040866782895828965,155142802916457213171191006079830961367014038578916697248744669502000,42759503804070503581479528163188297894990197727395083109535297418020,168898057170974167219624112783188683856244975659854296660701919383525,158535345394181612283483167953390252216735976296715143893328821544225,296134388677186796941255866687567277961723944250073983669593698804800,98281236205455998196851803817272681225805593771092737478781854519500;\
302304332875908312334847233936299957291430560546583605751292478328211,303181673036950934285011942234306731665322756615927074801565127959256,232083571964613933322569809531561754330636721588941069056379151107226,41183598824517982271097723013729512663249991989663522086047662205455,297458485160009398765468506933165936342585096177336141518408502243335,136585236282751038081395828772726741679232961450981591045953502887645,34533222906976123992321689629037774606947175258269475095772722599575,49538095987104272398739044358572393924112558912702047586052134427435,63522270460189193986960123236822994669688217941534968041824612208700,175673807481569114073874079790061260536249464148418249649297504909900,33016918958154811049788631407417385007467433237182963485901246370075;\
194436097291717036681166284783928816491016771494988855594689390525414,293825281534022836674442242962054369222447065598325571952013671516493,229532118991812275128130095630554971807682282873401236442212847481396,152423984747465010019304902846781801133459758904278297098717959429770,229226139053226171986558060731139458921844641888586216083036888189795,46566535857835239748187007980378324762819786135157546982631214489220,38164711081226442768236706735834926571860128706062246976657015879885,14908372983514536199772472275412210652017582340484617189384547323225,85192644016591703481389636594020520780972652384150378983857167454525,253537779140492787607088465086831789276044188921405790192655228623400,256854059748464733735413375043557406177452522385822112155912713765300;\
36576561580118039855047697343468176789898923351893605620412631946099,309012471876826455666492243818590348408805318130814340708888269773952,283387711397524373078994585285858957710737960908094526117705697350880,157850751604305072856299401943535018498190850450993349575168880500180,310127315316671886072871629946245674113112042982393541652329793107545,274668247563684921842697962730286420396375357162660966427037234072835,170583075827802001442034277291991130712963535327018761926380451622375,165544023056333130309755027577111087735322695215914092536584977624595,86561010186936745840670274574517004166776191563970148802982196365875,251030432775578133574999026144984337125287263475510351880312454336225,23558271646868581961736498713045648240848228327386530897850180794700;\
263372680098711156239494940954151573889751384654252907622301989143309,238807707881848000017069102682326005718766740552808289833250518514112,305273210861211600248565697694487195547923398630511071067090607222150,165052081092440681303316297338372149404260847290862812047461620058905,9374399552249653854217891314124663949202711120585696768863016643015,46199565533966258393548262255698056150566184289758217725438956288340,109499094053340516418931262828324464971051786844987565859574988124110,139035051048340792900647509083965947832309983318780982943409993307710,233789186077541108734333620280202265880238923774304199624709741034600,130335436695338895099711702234941670425381360713318707526591002648775,148342731008160580748974134471505462767632314403007232737953094469025]
/* 
This should be the matrix of frobenius!
*/ 
B = A; 
/* Freed 74 lists. */
