/* Comments begin... 
Coefficient of   x^21 * y^1               = -1
Coefficient of   x^10 * y^2 * z^6         = -2
Coefficient of   x^8 * y^5 * z^5         = 1
Coefficient of   x^6 * y^8 * z^4         = -5
Coefficient of   x^4 * y^11 * z^3         = 2
Coefficient of   x^2 * y^14 * z^2         = -5
Coefficient of   x^1 * z^13               = 5
Coefficient of   y^17 * z^1               = 0

Here is the polynomial we're using this time:

-1*x^21*y^1 + -2*x^10*y^2*z^6 + 1*x^8*y^5*z^5 + -5*x^6*y^8*z^4 + 2*x^4*y^11*z^3 + -5*x^2*y^14*z^2 + 5*x^1*z^13

Allocate G_len 20 elements and old = 0.
Allocate M_len = 400 elements.
Allocate G_len 40 elements and old = 20.
Allocate M_len = 800 elements.
Allocate G_len 80 elements and old = 40.
Allocate M_len = 1600 elements.
Allocate M_len = 3200 elements.
Allocate G_len 160 elements and old = 80.
Allocate M_len = 6400 elements.
Not smooth!
Coefficient of   x^21 * y^1               = 1
Coefficient of   x^10 * y^2 * z^6         = 3
Coefficient of   x^8 * y^5 * z^5         = -1
Coefficient of   x^6 * y^8 * z^4         = -1
Coefficient of   x^4 * y^11 * z^3         = -2
Coefficient of   x^2 * y^14 * z^2         = -5
Coefficient of   x^1 * z^13               = 3
Coefficient of   y^17 * z^1               = 1

Here is the polynomial we're using this time:

1*x^21*y^1 + 3*x^10*y^2*z^6 + -1*x^8*y^5*z^5 + -1*x^6*y^8*z^4 + -2*x^4*y^11*z^3 + -5*x^2*y^14*z^2 + 3*x^1*z^13 + 1*y^17*z^1

Allocate M_len = 12800 elements.
Allocate G_len 320 elements and old = 160.
The final length of G is 165
[10, 2, 5, 0]  	391	7 
[21, 0, 0, 0]  	399	7  <--- 1
[20, 1, 0, 0]  	403	7 
[8, 5, 5, 0]  	422	6 
[8, 8, 4, 0]  	460	7 
[6, 11, 4, 0]  	491	6 
[6, 14, 3, 0]  	529	7 
[5, 0, 15, 0]  	560	6 
[18, 5, 4, 0]  	581	12 
[14, 11, 3, 0]  	612	11 
[18, 8, 3, 0]  	619	11 
[11, 0, 14, 0]  	643	10 
[18, 11, 2, 0]  	657	10 
[9, 3, 14, 0]  	674	9 
[12, 17, 2, 0]  	681	9 
[16, 14, 2, 0]  	688	9 
[15, 0, 13, 0]  	688	9 
[10, 19, 2, 0]  	689	9 
[9, 20, 2, 0]  	693	8 
[18, 14, 1, 0]  	695	9 
[7, 22, 2, 0]  	701	8 
[7, 6, 14, 0]  	705	8 
[12, 20, 1, 0]  	719	8 
[7, 8, 13, 0]  	720	8 
[6, 9, 13, 0]  	724	7 
[16, 17, 1, 0]  	726	8 
[10, 22, 1, 0]  	727	8 
[6, 8, 14, 0]  	732	7 
[5, 25, 2, 0]  	732	7 
[19, 0, 12, 0]  	733	8 
[14, 19, 1, 0]  	734	8 
[5, 9, 14, 0]  	736	7 
[7, 25, 1, 0]  	739	7 
[6, 26, 1, 0]  	743	7 
[8, 26, 0, 0]  	750	7 
[5, 11, 13, 0]  	751	7 
[4, 12, 13, 0]  	755	6 
[12, 23, 0, 0]  	757	7 
[6, 28, 0, 0]  	758	7 
[5, 29, 0, 0]  	762	6 
[4, 11, 14, 0]  	763	6 
[10, 25, 0, 0]  	765	7 
[4, 26, 3, 0]  	767	6 
[5, 28, 1, 0]  	770	6 
[4, 14, 12, 0]  	770	6 
[5, 24, 4, 0]  	771	6 
[14, 22, 0, 0]  	772	7 
[4, 29, 1, 0]  	774	6 
[19, 18, 0, 0]  	775	7 
[18, 19, 0, 0]  	779	7 
[5, 15, 11, 0]  	781	6 
[4, 28, 2, 0]  	782	6 
[3, 14, 13, 0]  	782	6 
[3, 29, 2, 0]  	786	5 
[5, 18, 9, 0]  	788	6 
[4, 31, 0, 0]  	789	6 
[3, 32, 0, 0]  	793	5 
[5, 21, 7, 0]  	795	6 
[5, 17, 10, 0]  	796	6 
[4, 18, 10, 0]  	800	5 
[3, 31, 1, 0]  	801	5 
[3, 0, 24, 0]  	801	5 
[5, 20, 8, 0]  	803	6 
[2, 32, 1, 0]  	805	5 
[17, 21, 0, 0]  	806	6 
[4, 25, 5, 0]  	806	6 
[4, 21, 8, 0]  	807	5 
[4, 17, 11, 0]  	808	5 
[5, 23, 6, 0]  	810	6 
[4, 1, 23, 0]  	812	5 
[4, 24, 6, 0]  	814	5 
[4, 20, 9, 0]  	815	5 
[4, 4, 21, 0]  	819	5 
[3, 17, 12, 0]  	820	5 
[4, 23, 7, 0]  	822	5 
[2, 18, 12, 0]  	824	4 
[4, 7, 19, 0]  	826	5 
[4, 3, 22, 0]  	827	5 
[3, 12, 16, 0]  	829	5 
[4, 10, 17, 0]  	833	5 
[4, 6, 20, 0]  	834	5 
[3, 11, 17, 0]  	837	5 
[3, 7, 20, 0]  	838	4 
[3, 3, 23, 0]  	839	4 
[4, 9, 18, 0]  	841	5 
[2, 35, 0, 0]  	843	4 
[3, 10, 18, 0]  	845	4 
[3, 6, 21, 0]  	846	4 
[3, 9, 19, 0]  	853	4 
[3, 28, 5, 0]  	856	5 
[3, 24, 8, 0]  	857	4 
[3, 20, 11, 0]  	858	4 
[2, 29, 5, 0]  	860	4 
[3, 23, 9, 0]  	865	4 
[2, 28, 6, 0]  	868	4 
[2, 24, 9, 0]  	869	3 
[3, 26, 7, 0]  	872	4 
[2, 4, 24, 0]  	874	4 
[2, 31, 4, 0]  	875	5 
[2, 27, 7, 0]  	876	3 
[2, 15, 16, 0]  	879	4 
[2, 7, 22, 0]  	881	3 
[2, 26, 8, 0]  	884	3 
[2, 14, 17, 0]  	887	4 
[2, 10, 20, 0]  	888	3 
[1, 15, 17, 0]  	891	3 
[2, 13, 18, 0]  	895	3 
[2, 9, 21, 0]  	896	3 
[2, 1, 27, 0]  	898	4 
[1, 14, 18, 0]  	899	3 
[1, 10, 21, 0]  	900	2 
[2, 12, 19, 0]  	903	3 
[2, 0, 28, 0]  	906	4 
[1, 13, 19, 0]  	907	2 
[1, 32, 5, 0]  	910	3 
[1, 12, 20, 0]  	915	2 
[1, 31, 6, 0]  	918	3 
[1, 27, 9, 0]  	919	2 
[1, 30, 7, 0]  	926	2 
[1, 18, 16, 0]  	929	3 
[0, 31, 7, 0]  	930	2 
[1, 29, 8, 0]  	934	2 
[0, 30, 8, 0]  	938	1 
[1, 1, 29, 0]  	941	2 
[1, 24, 12, 0]  	943	3 
[1, 35, 4, 0]  	948	3 
[1, 0, 30, 0]  	949	2 
[0, 1, 30, 0]  	953	1 
[0, 16, 19, 0]  	957	1 
[0, 35, 5, 0]  	960	2 
[0, 0, 31, 0]  	961	1  <--- 3
[1, 41, 0, 0]  	962	2 
[1, 21, 15, 0]  	967	3 
[0, 18, 18, 0]  	972	1 
[1, 4, 28, 0]  	979	2 
[0, 4, 29, 0]  	991	1 
[0, 38, 4, 0]  	998	2 
[0, 21, 17, 0]  	1010	1 
[0, 44, 0, 0]  	1012	2  <--- 2
[1, 7, 27, 0]  	1017	2 
[0, 7, 28, 0]  	1029	1 
[0, 41, 3, 0]  	1036	2 
[0, 24, 16, 0]  	1048	1 
[0, 10, 27, 0]  	1067	1 
[0, 27, 15, 0]  	1086	1 
[0, 13, 26, 0]  	1105	1 
[14, 14, 2, 1]  	650	10 
[8, 23, 1, 1]  	712	8 
[16, 20, 0, 1]  	764	7 
[3, 4, 22, 1]  	831	4 
[3, 21, 10, 1]  	850	4 
[2, 21, 11, 1]  	862	3 
[3, 27, 6, 1]  	864	4 
[2, 23, 10, 1]  	877	3 
[1, 38, 0, 1]  	893	3 
[0, 32, 6, 1]  	922	2 
[13, 0, 13, 29]  	650	9 
[12, 19, 1, 29]  	696	8 
[7, 9, 12, 29]  	712	7 
[7, 26, 0, 29]  	731	6 
[5, 21, 6, 29]  	764	6 
[4, 24, 5, 29]  	783	5 
[1, 7, 21, 29]  	831	2 
[2, 13, 17, 29]  	864	3 
[0, 1, 29, 29]  	922	1 
------
The gap is between 2 and 28.
Lengths: 3 3 5 5 3 3.
For 982 = 5*d/2-d1-d2-d3 you get 3 in char 0.
1*x^1*y^23*z^14
1*y^40*z^2
1*y^9*z^25

For 560 = 3*d/2-d1-d2-d3 you get 5 in char 0.
1*x^4*y^17*z^3
1*x^3*y^3*z^14
1*x^2*y^20*z^2
1*x^1*y^6*z^13
1*y^23*z^1

For 138 = d/2-d1-d2-d3 you get 3 in char 0.
1*x^4*z^2
1*x^2*y^3*z^1
1*y^6

Extra powers of p used 0.
The invariant extra is equal to 1.
Start computing 11^3 Delta^1 (x1x2x3)^10... Done.
Start computing 11^4 Delta^2 (x1x2x3)^10... Done.
Start computing 11^5 Delta^3 (x1x2x3)^10... Done.
Start computing 11^6 Delta^4 (x1x2x3)^10... Done.
Start computing 11^7 Delta^5 (x1x2x3)^10... Done.
Start computing 11^8 Delta^6 (x1x2x3)^10... Done.
Start computing 11^9 Delta^7 (x1x2x3)^10... Done.
Start computing aa.
1 2 3 4 5 6 7 8 9 10 11 
*/
A = \
[1045284275282687733554812830955,805960674652932886541097186876,1511478041486457031374916082078,396369522677513590908477785109,1353093416442590624118181714575,1016631524909725929250055126898,477322179275580085277856319349,539097656698988519953734546402,996068924634846294197384126147,105255403938328671572410060184,1554986248411327384442235036558;\
632938796969172824175842906580,1525219439029371676111300594734,1052612068990088305347795683682,622848775311949186533603453141,1584836424717587068290618639152,1282617634036541056513964757932,1131167519133184760451812756058,472697972201863330842222759379,1277831783944290183272611324025,1298449629856655908534254010758,1414241483892089108847138809778;\
70577017520390146083374360811,507522770278983423408239635015,874669835278035333230786848843,520476633366660285494272594688,609706712155883352342994717330,39531110494072786217740766281,892111793671905259919226695957,1328496822243978882580673217872,650479554720421262549152785565,543133964498798671801717952565,203596101384616920036672078167;\
71813674752283447845876659534,1049320903373566901255100098989,1284306299352960358566801994744,72551159127997284700534531083,454715347466428018333427150427,317849873085078839883290766106,982777685516038379483371208672,34956889785940125066455909198,630579449957874098598626038890,488479466840772967059266190919,1291706298680234319093014049059;\
475226847033135201210876531925,979537575610299826819525703350,1197182711703870982015178544619,1061538596398539051621253577537,310815866094086007129546770611,868380957611889176095711009654,750471452428358416181893822179,389086061402086488721856420340,32731072543691240016601678078,583400044734558006833932804266,1549489923742655797564043012774;\
1117712981025790143501366999174,1029937147795450009641943707094,731456112460928746045321602885,590777486791091569561799913079,931974244111294887125830866901,936962611575139873271291480352,871009418948732711394003767301,834068599089068051934509919514,1099114366517745676638901843944,1494930635636055709848290047448,347593944908746699592300796826;\
578045481849852131769305818027,1054624993315413583343888705614,886912738261435165501709643639,1538635192751787204097936599687,1500256996266638173671868662517,197724576315252987897986923603,91907517489649030475126101831,471930116018510825315439010750,891833271147149363664441766330,496833623325477525375162452215,50060732009708341279554310312;\
717988513268215143671607630384,1294266005300559199941739924263,840369489421502030332866120573,1335269278799694319563197351097,1502463219946193033507630708034,887501922586066856169739315766,312053983407470130873029826381,1501015024035151386449070978177,1413306573417147274237016148383,60668841708244199158156616716,805663362779009142359488962425;\
1239384863845025717498762744298,32749280137481380412552746316,445980822633029175064047922310,246947445188419686286960187782,1469741129091227235089868786116,951650455111355706248340276984,655779986134261323972789983050,36228892316708356783123903088,749620976520111200589494477606,1358089646760619725730318073126,274219903749264499648224036016;\
750031611260329347116042872335,496103650509219148414391991581,875776820614550243764558849243,278512119498039451364501487667,1303172260529397358650510749767,855840588862138571470941453280,55246987589283603330339184942,824166106987849265856849515212,1283918203420376571453840799277,1185720351245167293960136770796,728288057706196370548499102890;\
961548321348223586773851278020,195953482539393892175907257198,1333422350316018606560245764531,1018665338211408300798998785557,802085475099799800898856438164,510999161643132013451084029941,56287320035056057963510217096,245894322900875087542664459393,1524677128625861526858588423872,712680732999078859315016822930,456036247283720962041721678657]
/* 
This should be the matrix of frobenius!
*/ 
B = A; 
/* Freed 166 lists. */
