/* Comments begin... 
Coefficient of   x^21 * y^1               = 1
Coefficient of   x^10 * y^2 * z^6         = 5
Coefficient of   x^8 * y^5 * z^5         = -3
Coefficient of   x^6 * y^8 * z^4         = 2
Coefficient of   x^4 * y^11 * z^3         = 0
Coefficient of   x^2 * y^14 * z^2         = -2
Coefficient of   x^1 * z^13               = -3
Coefficient of   y^17 * z^1               = -1

Here is the polynomial we're using this time:

1*x^21*y^1 + 5*x^10*y^2*z^6 + -3*x^8*y^5*z^5 + 2*x^6*y^8*z^4 + -2*x^2*y^14*z^2 + -3*x^1*z^13 + -1*y^17*z^1

Allocate G_len 20 elements and old = 0.
Allocate M_len = 400 elements.
Allocate G_len 40 elements and old = 20.
Allocate M_len = 800 elements.
Allocate G_len 80 elements and old = 40.
Allocate M_len = 1600 elements.
Allocate M_len = 3200 elements.
Allocate G_len 160 elements and old = 80.
Allocate M_len = 6400 elements.
Allocate M_len = 12800 elements.
Allocate G_len 320 elements and old = 160.
The final length of G is 170
[10, 2, 5, 0]  	391	6 
[21, 0, 0, 0]  	399	6  <--- 1
[20, 1, 0, 0]  	403	6 
[8, 5, 5, 0]  	422	5 
[8, 8, 4, 0]  	460	7 
[6, 11, 4, 0]  	491	6 
[6, 14, 3, 0]  	529	7 
[5, 0, 15, 0]  	560	6 
[18, 5, 4, 0]  	581	10 
[14, 11, 3, 0]  	612	10 
[18, 8, 3, 0]  	619	10 
[11, 0, 14, 0]  	643	9 
[14, 14, 2, 0]  	650	9 
[16, 14, 1, 0]  	657	9 
[9, 3, 14, 0]  	674	8 
[12, 17, 2, 0]  	681	9 
[15, 0, 13, 0]  	688	8 
[10, 19, 2, 0]  	689	9 
[9, 20, 2, 0]  	693	7 
[7, 22, 2, 0]  	701	8 
[7, 6, 14, 0]  	705	8 
[8, 23, 1, 0]  	712	8 
[12, 20, 1, 0]  	719	8 
[7, 8, 13, 0]  	720	8 
[6, 9, 13, 0]  	724	7 
[10, 22, 1, 0]  	727	8 
[6, 8, 14, 0]  	732	8 
[19, 0, 12, 0]  	733	8 
[14, 19, 1, 0]  	734	7 
[5, 9, 14, 0]  	736	7 
[7, 25, 1, 0]  	739	7 
[6, 26, 1, 0]  	743	7 
[8, 26, 0, 0]  	750	7 
[5, 11, 13, 0]  	751	7 
[5, 26, 2, 0]  	755	6 
[4, 12, 13, 0]  	755	6 
[12, 23, 0, 0]  	757	7 
[6, 28, 0, 0]  	758	7 
[5, 29, 0, 0]  	762	6 
[5, 25, 3, 0]  	763	6 
[4, 11, 14, 0]  	763	6 
[10, 25, 0, 0]  	765	7 
[4, 26, 3, 0]  	767	6 
[5, 28, 1, 0]  	770	7 
[5, 24, 4, 0]  	771	6 
[14, 22, 0, 0]  	772	7 
[4, 29, 1, 0]  	774	6 
[19, 18, 0, 0]  	775	7 
[18, 19, 0, 0]  	779	7 
[5, 15, 11, 0]  	781	6 
[4, 28, 2, 0]  	782	6 
[3, 14, 13, 0]  	782	6 
[3, 29, 2, 0]  	786	5 
[5, 18, 9, 0]  	788	6 
[5, 14, 12, 0]  	789	6 
[4, 31, 0, 0]  	789	6 
[4, 15, 12, 0]  	793	5 
[3, 32, 0, 0]  	793	5 
[5, 21, 7, 0]  	795	6 
[5, 17, 10, 0]  	796	6 
[4, 18, 10, 0]  	800	5 
[3, 31, 1, 0]  	801	5 
[3, 0, 24, 0]  	801	5 
[5, 20, 8, 0]  	803	6 
[2, 32, 1, 0]  	805	5 
[17, 21, 0, 0]  	806	6 
[4, 25, 5, 0]  	806	6 
[4, 21, 8, 0]  	807	5 
[4, 17, 11, 0]  	808	5 
[5, 23, 6, 0]  	810	6 
[4, 24, 6, 0]  	814	5 
[4, 4, 21, 0]  	819	5 
[3, 17, 12, 0]  	820	5 
[2, 18, 12, 0]  	824	4 
[4, 7, 19, 0]  	826	5 
[4, 3, 22, 0]  	827	5 
[3, 4, 22, 0]  	831	4 
[4, 6, 20, 0]  	834	5 
[3, 11, 17, 0]  	837	5 
[3, 7, 20, 0]  	838	4 
[3, 3, 23, 0]  	839	4 
[4, 9, 18, 0]  	841	5 
[2, 35, 0, 0]  	843	4 
[3, 10, 18, 0]  	845	4 
[3, 6, 21, 0]  	846	4 
[3, 9, 19, 0]  	853	4 
[3, 28, 5, 0]  	856	5 
[3, 24, 8, 0]  	857	4 
[3, 20, 11, 0]  	858	4 
[2, 29, 5, 0]  	860	4 
[2, 21, 11, 0]  	862	3 
[3, 27, 6, 0]  	864	4 
[3, 23, 9, 0]  	865	4 
[2, 28, 6, 0]  	868	4 
[2, 24, 9, 0]  	869	3 
[3, 26, 7, 0]  	872	4 
[2, 4, 24, 0]  	874	4 
[2, 31, 4, 0]  	875	5 
[2, 23, 10, 0]  	877	3 
[2, 15, 16, 0]  	879	4 
[2, 7, 22, 0]  	881	3 
[2, 26, 8, 0]  	884	3 
[2, 14, 17, 0]  	887	4 
[2, 10, 20, 0]  	888	3 
[1, 15, 17, 0]  	891	3 
[1, 38, 0, 0]  	893	3 
[2, 13, 18, 0]  	895	3 
[2, 9, 21, 0]  	896	3 
[2, 1, 27, 0]  	898	4 
[1, 14, 18, 0]  	899	3 
[1, 10, 21, 0]  	900	2 
[2, 12, 19, 0]  	903	3 
[2, 0, 28, 0]  	906	4 
[1, 13, 19, 0]  	907	2 
[1, 32, 5, 0]  	910	3 
[1, 12, 20, 0]  	915	2 
[1, 27, 9, 0]  	919	2 
[0, 32, 6, 0]  	922	2 
[1, 30, 7, 0]  	926	2 
[0, 31, 7, 0]  	930	2 
[1, 29, 8, 0]  	934	2 
[0, 30, 8, 0]  	938	1 
[1, 1, 29, 0]  	941	2 
[1, 24, 12, 0]  	943	3 
[1, 35, 4, 0]  	948	3 
[1, 0, 30, 0]  	949	2 
[0, 1, 30, 0]  	953	1 
[0, 16, 19, 0]  	957	1 
[0, 35, 5, 0]  	960	2 
[0, 0, 31, 0]  	961	1  <--- 3
[1, 21, 15, 0]  	967	3 
[0, 18, 18, 0]  	972	1 
[1, 4, 28, 0]  	979	2 
[0, 4, 29, 0]  	991	1 
[0, 38, 4, 0]  	998	2 
[0, 21, 17, 0]  	1010	1 
[0, 44, 0, 0]  	1012	2  <--- 2
[1, 7, 27, 0]  	1017	2 
[0, 7, 28, 0]  	1029	1 
[0, 41, 3, 0]  	1036	2 
[0, 24, 16, 0]  	1048	1 
[0, 10, 27, 0]  	1067	1 
[0, 27, 15, 0]  	1086	1 
[0, 13, 26, 0]  	1105	1 
[5, 25, 2, 1]  	732	7 
[16, 20, 0, 1]  	764	7 
[4, 14, 12, 1]  	770	6 
[4, 1, 23, 1]  	812	5 
[4, 20, 9, 1]  	815	5 
[4, 23, 7, 1]  	822	5 
[3, 12, 16, 1]  	829	5 
[4, 10, 17, 1]  	833	5 
[3, 21, 10, 1]  	850	4 
[2, 27, 7, 1]  	876	3 
[1, 31, 6, 1]  	918	3 
[1, 18, 16, 1]  	929	3 
[4, 11, 13, 29]  	732	6 
[4, 28, 1, 29]  	751	5 
[5, 21, 6, 29]  	764	6 
[3, 31, 0, 29]  	770	5 
[4, 24, 5, 29]  	783	4 
[3, 18, 11, 29]  	812	4 
[3, 6, 20, 29]  	815	4 
[3, 9, 18, 29]  	822	4 
[2, 29, 4, 29]  	829	4 
[3, 27, 5, 29]  	833	4 
[2, 7, 21, 29]  	850	2 
[1, 13, 18, 29]  	876	2 
[1, 0, 29, 29]  	918	2 
[0, 35, 4, 29]  	929	2 
------
The gap is between 2 and 28.
Lengths: 3 3 5 5 3 3.
For 982 = 5*d/2-d1-d2-d3 you get 3 in char 0.
1*x^1*y^23*z^14
1*y^40*z^2
1*y^9*z^25

For 560 = 3*d/2-d1-d2-d3 you get 5 in char 0.
1*x^4*y^17*z^3
1*x^3*y^3*z^14
1*x^2*y^20*z^2
1*x^1*y^6*z^13
1*y^23*z^1

For 138 = d/2-d1-d2-d3 you get 3 in char 0.
1*x^4*z^2
1*x^2*y^3*z^1
1*y^6

Extra powers of p used 0.
The invariant extra is equal to 1.
Start computing 11^3 Delta^1 (x1x2x3)^10... Done.
Start computing 11^4 Delta^2 (x1x2x3)^10... Done.
Start computing 11^5 Delta^3 (x1x2x3)^10... Done.
Start computing 11^6 Delta^4 (x1x2x3)^10... Done.
Start computing 11^7 Delta^5 (x1x2x3)^10... Done.
Start computing 11^8 Delta^6 (x1x2x3)^10... Done.
Start computing 11^9 Delta^7 (x1x2x3)^10... Done.
Start computing aa.
1 2 3 4 5 6 7 8 9 10 11 
*/
A = \
[1442501843218150000836180884524,209494887910972428982120926574,170170541597083133140877671456,1502462002060461238332261447832,772669148393617460551439628766,282351413342036029878404010284,624631031108677804625502471691,531779954953120426111561176526,1479605918692213545536876235157,1059284969253407311109220274265,217797817951762205616053769625;\
859300937461890244125476957768,995593736344354839890290367371,102184599022404873730966645210,407888575558259928790116715784,1564390343150393341101255323268,922396917112150348566726545814,1426577512432514756606361995684,321531708597315838644160595402,292486768332309688819130344159,482900841109338272240918015135,504965431521864224267027394371;\
739000410887744378112734745456,993827837662292932812230981191,1175840403620024479932819682215,19811743456914894845724540286,369094091966142306536735925985,971224027932835234609374899950,857515088050424685400664200869,1338970297576877256896512676912,977946736479339643455666227715,382836598559670658216164206966,149729425097660500511091543519;\
224905600962008486980034566241,611570907575339963663314512860,456025750946181437339016757639,1192123487139711185401661328669,189230528481531210084755819585,78226837967131246433966127983,284526232430299287194494816220,1583443086556416624419346799905,1081831645983342374126390278301,470086088951852041462569984494,501866928534712078659068034045;\
499996075077370736995627853960,1221271312524300840499539984564,914767592111857166591983108829,498736651838961160327435407367,1330932656541765831921247152195,1103018849121546834098948316111,1087363035052838663397550400788,891049178641247516808050551341,788286727694570536047690715872,439642673838641469278958487150,291428365072329264583065957046;\
268606814512521167918661888555,237182919788896999078304176366,413470459734254375554389804025,559869206618330507050175488190,630470892011501484753478062383,55551468866608411227687231493,561819379358122745729282076004,597577254216802729461723577600,514629299012710499321554446794,216441999358518448257446064064,943589699633930262382695197884;\
713153619874008889588864764084,351064972992839111072309077721,927525743980453286516489736174,298512361673408324203048011868,553128683525440186514111745456,1047359934967950783907104359620,1001687667493173459871307072673,445517176475520545386828646039,858936467409560809153053687177,1437624978930736232442880180590,223274012773948653095053105070;\
1369313907921544998324702015739,1238742072973017004241245523715,1309845547304769655181603699119,366592404260111840540639242751,617900973483547420831583597607,824613788854233138829313449798,1042521576640619725559676632459,976719847806506621377793414456,571525664077970441769647709904,704287111678907789747609090812,100462183414810561802744991034;\
1228872797640919509609967473112,467080859394090103019541187036,136490906683683424204679737604,972063801149586124864596555734,417442804419595458584232323545,273662095130966869776446919515,892160924036077640967091272269,311288286625374045681749683683,677323159982576262517856841259,1028684165883678715558572128550,1233174475647382233642913223174;\
640603866270445979853143506066,1300377788814014783245355691646,316170377772234472523109243873,1576690290369226706997523831840,415040985991380559569204528929,644834117303743964040932337014,934311888037721484407190225052,1406385275422772481184420159956,603484535079581015193641679701,93852654340099825615396939372,1563846582909757821580627745221;\
725426761491964109200806028945,1177747149401806624819145838012,715008073846905546917320739428,684702020053304241915732896717,1529301097969163622266271452366,963235970092953330997343823637,511757180712546852862947796716,903534922608415251340600834255,927637274218322415306942201588,225394703705108552520600450107,1543305826855602895518397253982]
/* 
This should be the matrix of frobenius!
*/ 
B = A; 
/* Freed 166 lists. */
