/* Comments begin... 
Coefficient of   x^21 * y^1               = 1
Coefficient of   x^10 * y^2 * z^6         = -2
Coefficient of   x^8 * y^5 * z^5         = 0
Coefficient of   x^6 * y^8 * z^4         = 4
Coefficient of   x^4 * y^11 * z^3         = 3
Coefficient of   x^2 * y^14 * z^2         = -3
Coefficient of   x^1 * z^13               = 5
Coefficient of   y^17 * z^1               = 0

Here is the polynomial we're using this time:

1*x^21*y^1 + -2*x^10*y^2*z^6 + 4*x^6*y^8*z^4 + 3*x^4*y^11*z^3 + -3*x^2*y^14*z^2 + 5*x^1*z^13

Allocate G_len 20 elements and old = 0.
Allocate M_len = 400 elements.
Allocate G_len 40 elements and old = 20.
Allocate M_len = 800 elements.
Allocate G_len 80 elements and old = 40.
Allocate M_len = 1600 elements.
Allocate M_len = 3200 elements.
Allocate G_len 160 elements and old = 80.
Allocate M_len = 6400 elements.
Allocate M_len = 12800 elements.
Not smooth!
Coefficient of   x^21 * y^1               = -3
Coefficient of   x^10 * y^2 * z^6         = 0
Coefficient of   x^8 * y^5 * z^5         = 3
Coefficient of   x^6 * y^8 * z^4         = 1
Coefficient of   x^4 * y^11 * z^3         = 5
Coefficient of   x^2 * y^14 * z^2         = 1
Coefficient of   x^1 * z^13               = -1
Coefficient of   y^17 * z^1               = 1

Here is the polynomial we're using this time:

-3*x^21*y^1 + 3*x^8*y^5*z^5 + 1*x^6*y^8*z^4 + 5*x^4*y^11*z^3 + 1*x^2*y^14*z^2 + -1*x^1*z^13 + 1*y^17*z^1

Allocate G_len 320 elements and old = 160.
The final length of G is 162
[8, 5, 4, 0]  	391	6 
[21, 0, 0, 0]  	399	6  <--- 1
[20, 1, 0, 0]  	403	6 
[6, 8, 4, 0]  	422	5 
[6, 11, 3, 0]  	460	6 
[5, 0, 14, 0]  	529	6 
[18, 8, 3, 0]  	619	10 
[14, 14, 2, 0]  	650	10 
[18, 11, 2, 0]  	657	10 
[12, 17, 2, 0]  	681	9 
[15, 0, 13, 0]  	688	10 
[18, 14, 1, 0]  	695	9 
[7, 22, 2, 0]  	701	7 
[10, 20, 2, 0]  	712	8 
[16, 17, 1, 0]  	726	9 
[5, 25, 2, 0]  	732	6 
[4, 11, 13, 0]  	732	6 
[19, 0, 12, 0]  	733	8 
[10, 23, 1, 0]  	750	7 
[14, 20, 1, 0]  	757	8 
[8, 25, 1, 0]  	758	8 
[12, 22, 1, 0]  	765	8 
[5, 28, 1, 0]  	770	7 
[5, 24, 4, 0]  	771	5 
[4, 10, 15, 0]  	771	5 
[4, 29, 1, 0]  	774	6 
[19, 18, 0, 0]  	775	7 
[6, 29, 0, 0]  	781	6 
[3, 14, 13, 0]  	782	5 
[10, 26, 0, 0]  	788	7 
[5, 14, 12, 0]  	789	7 
[4, 15, 12, 0]  	793	6 
[8, 28, 0, 0]  	796	7 
[3, 0, 24, 0]  	801	5 
[12, 25, 0, 0]  	803	7 
[18, 4, 12, 0]  	806	6 
[4, 25, 5, 0]  	806	5 
[3, 11, 16, 0]  	806	5 
[5, 31, 0, 0]  	808	5 
[4, 32, 0, 0]  	812	5 
[4, 1, 23, 0]  	812	5 
[5, 18, 10, 0]  	819	5 
[4, 4, 21, 0]  	819	5 
[3, 32, 1, 0]  	824	5 
[5, 21, 8, 0]  	826	5 
[4, 7, 19, 0]  	826	5 
[5, 17, 11, 0]  	827	5 
[4, 3, 22, 0]  	827	5 
[17, 22, 0, 0]  	829	5 
[4, 18, 11, 0]  	831	4 
[3, 4, 22, 0]  	831	4 
[5, 20, 9, 0]  	834	5 
[4, 6, 20, 0]  	834	5 
[4, 21, 9, 0]  	838	4 
[3, 7, 20, 0]  	838	4 
[3, 3, 23, 0]  	839	4 
[5, 23, 7, 0]  	841	5 
[4, 9, 18, 0]  	841	5 
[3, 18, 12, 0]  	843	5 
[4, 24, 7, 0]  	845	4 
[3, 10, 18, 0]  	845	4 
[4, 20, 10, 0]  	846	4 
[3, 6, 21, 0]  	846	4 
[3, 21, 10, 0]  	850	4 
[4, 23, 8, 0]  	853	4 
[3, 9, 19, 0]  	853	4 
[3, 24, 8, 0]  	857	4 
[2, 29, 5, 0]  	860	4 
[3, 35, 0, 0]  	862	4 
[3, 27, 6, 0]  	864	4 
[3, 23, 9, 0]  	865	4 
[2, 28, 6, 0]  	868	4 
[2, 24, 9, 0]  	869	3 
[3, 26, 7, 0]  	872	4 
[2, 35, 1, 0]  	874	4 
[2, 4, 24, 0]  	874	4 
[2, 27, 7, 0]  	876	3 
[2, 7, 22, 0]  	881	3 
[2, 26, 8, 0]  	884	3 
[2, 10, 20, 0]  	888	3 
[1, 15, 17, 0]  	891	3 
[2, 21, 12, 0]  	893	4 
[2, 13, 18, 0]  	895	3 
[2, 9, 21, 0]  	896	3 
[2, 32, 4, 0]  	898	4 
[2, 1, 27, 0]  	898	4 
[1, 14, 18, 0]  	899	3 
[1, 10, 21, 0]  	900	2 
[2, 12, 19, 0]  	903	3 
[2, 0, 28, 0]  	906	4 
[1, 13, 19, 0]  	907	2 
[2, 38, 0, 0]  	912	3 
[1, 12, 20, 0]  	915	2 
[1, 27, 9, 0]  	919	2 
[0, 32, 6, 0]  	922	2 
[1, 30, 7, 0]  	926	2 
[1, 18, 16, 0]  	929	3 
[0, 31, 7, 0]  	930	2 
[1, 29, 8, 0]  	934	2 
[0, 30, 8, 0]  	938	1 
[1, 1, 29, 0]  	941	2 
[1, 24, 12, 0]  	943	3 
[1, 0, 30, 0]  	949	2 
[0, 1, 30, 0]  	953	1 
[0, 16, 19, 0]  	957	1 
[0, 35, 5, 0]  	960	2 
[0, 0, 31, 0]  	961	1  <--- 3
[1, 41, 0, 0]  	962	2 
[1, 21, 15, 0]  	967	3 
[0, 18, 18, 0]  	972	1 
[1, 4, 28, 0]  	979	2 
[0, 4, 29, 0]  	991	1 
[0, 38, 4, 0]  	998	2 
[0, 21, 17, 0]  	1010	1 
[0, 44, 0, 0]  	1012	2  <--- 2
[1, 7, 27, 0]  	1017	2 
[0, 7, 28, 0]  	1029	1 
[0, 41, 3, 0]  	1036	2 
[0, 24, 16, 0]  	1048	1 
[0, 10, 27, 0]  	1067	1 
[0, 27, 15, 0]  	1086	1 
[0, 13, 26, 0]  	1105	1 
[4, 14, 3, 1]  	491	5 
[6, 26, 1, 1]  	743	7 
[3, 28, 2, 1]  	763	5 
[17, 3, 12, 1]  	764	8 
[4, 31, 0, 1]  	789	6 
[3, 32, 0, 1]  	793	5 
[3, 31, 1, 1]  	801	5 
[2, 32, 1, 1]  	805	5 
[16, 22, 0, 1]  	810	7 
[3, 17, 12, 1]  	820	5 
[2, 18, 12, 1]  	824	4 
[15, 24, 0, 1]  	837	5 
[2, 35, 0, 1]  	843	4 
[3, 20, 11, 1]  	858	4 
[2, 21, 11, 1]  	862	3 
[2, 31, 4, 1]  	875	5 
[2, 23, 10, 1]  	877	3 
[2, 15, 16, 1]  	879	4 
[2, 14, 17, 1]  	887	4 
[1, 38, 0, 1]  	893	3 
[1, 32, 5, 1]  	910	3 
[1, 31, 6, 1]  	918	3 
[1, 35, 4, 1]  	948	3 
[13, 3, 13, 2]  	719	9 
[14, 23, 0, 2]  	795	7 
[4, 7, 18, 27]  	795	5 
[3, 10, 17, 27]  	814	4 
[12, 20, 1, 28]  	719	7 
[4, 7, 17, 28]  	764	5 
[3, 10, 16, 28]  	783	4 
[3, 0, 14, 29]  	491	4 
[5, 12, 12, 29]  	743	6 
[5, 29, 0, 29]  	762	4 
[1, 0, 24, 29]  	763	2 
[1, 3, 23, 29]  	801	2 
[3, 27, 5, 29]  	833	4 
[2, 28, 5, 29]  	837	4 
[1, 6, 22, 29]  	839	2 
[2, 14, 16, 29]  	856	4 
[1, 9, 21, 29]  	877	2 
------
The gap is between 3 and 26.
Lengths: 3 3 5 6 3 3.
For 982 = 5*d/2-d1-d2-d3 you get 3 in char 0.
1*x^1*y^23*z^14
1*y^40*z^2
1*y^9*z^25

For 560 = 3*d/2-d1-d2-d3 you get 5 in char 0.
1*x^14*y^2*z^8
1*x^3*y^3*z^14
1*x^2*y^20*z^2
1*x^1*y^6*z^13
1*y^23*z^1

For 138 = d/2-d1-d2-d3 you get 3 in char 0.
1*x^4*z^2
1*x^2*y^3*z^1
1*y^6

Extra powers of p used 1.
The invariant extra is equal to 1.
Start computing 11^3 Delta^1 (x1x2x3)^10... Done.
Start computing 11^4 Delta^2 (x1x2x3)^10... Done.
Start computing 11^5 Delta^3 (x1x2x3)^10... Done.
Start computing 11^6 Delta^4 (x1x2x3)^10... Done.
Start computing 11^7 Delta^5 (x1x2x3)^10... Done.
Start computing 11^8 Delta^6 (x1x2x3)^10... Done.
Start computing 11^9 Delta^7 (x1x2x3)^10... Done.
Start computing aa.
1 2 3 4 5 6 7 8 9 10 11 
*/
A = \
[507261316904813583644330835465,842873910932070408625607397365,687702069461866110752133886534,1237614651318197875480335581927,1068246335747975268179015563645,141656197287419891123696783442,15470257206608072638011762399,561880601557499277237994040825,1476547022699477390432796640681,708236930949458581007157840492,847409692021465308378946360343;\
115917415089095807302664076264,1537103985924007631296147702919,590516894598512861928952269343,240611910342508363602936306820,447597722794718873356581216131,1466554241200136044493127681794,618470534400315857739792207367,772013194846916015429883201216,194942224938227433430889957920,1097916454853258238203900894582,1244159721450099207078652987792;\
1138970941309280685264815356431,879221371033629432017074906678,788317165561476652856806318179,1505266952020494852196813775893,1365344671529630617067235621265,267872989533972917092375009963,724997981637868565919225327559,1008590274548265961410080604404,1390943108475276155714612907814,964402099404315957529337646486,1376314753704983246307527859067;\
790547425453518700442331447272,1067114257964445079176922963202,819477370219985565910614584715,80359613132672303860052441643,1273032976181798668601858431569,1052096404492949659315901520465,309394317459321285545720575605,1493507667477798162985811395687,1513219240713453671451449244640,1526807425254260792951526015138,1191724767654715166881591020152;\
370116680045113789831867709937,1010297292540103967739811614936,233253390935005144736710192132,352796493287757892523931786467,1480914879869908756214041638615,405588935158288333553932976541,977675762427266496650004726976,886284760660137462307067034442,513458568989129611672416325723,573310539081315377773943969952,107231567912549022442683068611;\
162368273402572557305622014094,202616754189262690426970451284,1463240337880236088339127005263,1423444892842183829865668494700,1315599984004472845667421271421,104278652160196428113599636192,518605538661316030752364285562,499000781457867133124785182220,433442996684550427700266784038,1360847407173816226087589504536,476476998249466023649121715499;\
910267447775688697903399489766,50363957795598717251205050831,485563418553077738317682658406,287852644133544299999299736428,1057071667968689366063931219249,905925975797898146547683693719,1038734264209455484185427111617,793327584707711009456141413134,617077851899731748489715111822,229943155469088006824150448649,337154647156581044549774895011;\
17773411355418077141574074335,256575857635981033603020502196,1498017936815962910768655584653,1248080805002054602542570268893,589628747722226192798603363908,1275234312185298781408203940081,1387842347576929033848292664408,1023573199041174784676536977653,125749365434763020387029135598,158580648824725169520574138603,1151176144725195555224921826845;\
391759635410392232549008424190,1069339676909554065178414147688,2524028066856050197250599143,1032488206143513366150246956745,494482333281597899375352434538,1478374377815200493824922383955,474160261473169696676482132748,172786809572354507730010472310,1019916650731045004583857613028,1554964365709669114451849657125,389041604408333762233415856987;\
1211836410021969740932545972696,115812846213390369065433597281,1288682821037639478227568576304,538506546703009743168422198460,256003519893381079065786803032,980054396243571987999406271295,174910341614812176610012469133,1454444799149810540040320913462,453223524987034871170024177936,1407819624161214860511414449973,1375073683030640745249634054287;\
1154919393784019426324790419523,1508331524638974183407764427582,308341631374557778076872419407,974430208042650705032408381451,1376485393173446180425043480490,1358881058690127796503672071420,723738695150526097388714099457,779374955405720075647316949295,553462857168143560311191872178,701213551320066759182478743715,313615676859548803744202559526]
/* 
This matrix times 11^(-1) should be the matrix of frobenius.
*/ 
B = 11^(-1) * A; 
/* Freed 166 lists. */
