/* Comments begin... 
Coefficient of   x^21 * y^1               = -5
Coefficient of   x^10 * y^2 * z^6         = 3
Coefficient of   x^8 * y^5 * z^5         = -3
Coefficient of   x^6 * y^8 * z^4         = 3
Coefficient of   x^4 * y^11 * z^3         = -3
Coefficient of   x^2 * y^14 * z^2         = -3
Coefficient of   x^1 * z^13               = 1
Coefficient of   y^17 * z^1               = 5

Here is the polynomial we're using this time:

-5*x^21*y^1 + 3*x^10*y^2*z^6 + -3*x^8*y^5*z^5 + 3*x^6*y^8*z^4 + -3*x^4*y^11*z^3 + -3*x^2*y^14*z^2 + 1*x^1*z^13 + 5*y^17*z^1

Allocate G_len 20 elements and old = 0.
Allocate M_len = 400 elements.
Allocate G_len 40 elements and old = 20.
Allocate M_len = 800 elements.
Allocate G_len 80 elements and old = 40.
Allocate M_len = 1600 elements.
Allocate M_len = 3200 elements.
Allocate G_len 160 elements and old = 80.
Allocate M_len = 6400 elements.
Allocate M_len = 12800 elements.
Allocate G_len 320 elements and old = 160.
The final length of G is 160
[10, 2, 5, 0]  	391	7 
[21, 0, 0, 0]  	399	7  <--- 1
[20, 1, 0, 0]  	403	7 
[8, 5, 5, 0]  	422	6 
[8, 8, 4, 0]  	460	7 
[4, 14, 3, 0]  	491	5 
[18, 5, 4, 0]  	581	12 
[7, 0, 15, 0]  	598	7 
[12, 14, 2, 0]  	612	10 
[18, 8, 3, 0]  	619	11 
[11, 0, 14, 0]  	643	9 
[16, 11, 3, 0]  	650	10 
[18, 11, 2, 0]  	657	10 
[9, 3, 14, 0]  	674	9 
[15, 0, 13, 0]  	688	9 
[10, 19, 2, 0]  	689	8 
[9, 20, 2, 0]  	693	8 
[18, 14, 1, 0]  	695	9 
[7, 22, 2, 0]  	701	8 
[7, 6, 14, 0]  	705	8 
[8, 23, 1, 0]  	712	8 
[12, 20, 1, 0]  	719	8 
[7, 8, 13, 0]  	720	8 
[6, 9, 13, 0]  	724	7 
[16, 17, 1, 0]  	726	8 
[10, 22, 1, 0]  	727	8 
[6, 8, 14, 0]  	732	7 
[5, 25, 2, 0]  	732	7 
[19, 0, 12, 0]  	733	8 
[14, 19, 1, 0]  	734	8 
[5, 9, 14, 0]  	736	7 
[7, 25, 1, 0]  	739	7 
[6, 26, 1, 0]  	743	7 
[5, 11, 13, 0]  	751	7 
[4, 12, 13, 0]  	755	6 
[12, 23, 0, 0]  	757	7 
[7, 11, 12, 0]  	758	7 
[6, 12, 12, 0]  	762	6 
[4, 11, 14, 0]  	763	6 
[10, 25, 0, 0]  	765	7 
[5, 28, 1, 0]  	770	6 
[6, 7, 16, 0]  	771	6 
[14, 22, 0, 0]  	772	7 
[4, 29, 1, 0]  	774	6 
[19, 18, 0, 0]  	775	7 
[7, 28, 0, 0]  	777	6 
[18, 19, 0, 0]  	779	7 
[6, 29, 0, 0]  	781	6 
[4, 28, 2, 0]  	782	6 
[3, 14, 13, 0]  	782	6 
[3, 29, 2, 0]  	786	5 
[6, 1, 21, 0]  	788	6 
[4, 31, 0, 0]  	789	6 
[3, 32, 0, 0]  	793	5 
[6, 4, 19, 0]  	795	6 
[6, 0, 22, 0]  	796	6 
[5, 1, 22, 0]  	800	5 
[3, 31, 1, 0]  	801	5 
[3, 0, 24, 0]  	801	5 
[6, 3, 20, 0]  	803	6 
[2, 32, 1, 0]  	805	5 
[17, 21, 0, 0]  	806	6 
[5, 8, 17, 0]  	806	6 
[5, 4, 20, 0]  	807	5 
[5, 0, 23, 0]  	808	5 
[6, 6, 18, 0]  	810	6 
[4, 1, 23, 0]  	812	5 
[5, 7, 18, 0]  	814	5 
[5, 3, 21, 0]  	815	5 
[4, 4, 21, 0]  	819	5 
[3, 17, 12, 0]  	820	5 
[5, 6, 19, 0]  	822	5 
[2, 18, 12, 0]  	824	4 
[4, 7, 19, 0]  	826	5 
[4, 3, 22, 0]  	827	5 
[3, 12, 16, 0]  	829	5 
[3, 4, 22, 0]  	831	4 
[4, 10, 17, 0]  	833	5 
[4, 6, 20, 0]  	834	5 
[3, 11, 17, 0]  	837	5 
[3, 3, 23, 0]  	839	4 
[2, 35, 0, 0]  	843	4 
[3, 10, 18, 0]  	845	4 
[3, 6, 21, 0]  	846	4 
[3, 21, 10, 0]  	850	4 
[3, 9, 19, 0]  	853	4 
[3, 28, 5, 0]  	856	5 
[3, 24, 8, 0]  	857	4 
[3, 20, 11, 0]  	858	4 
[2, 29, 5, 0]  	860	4 
[2, 21, 11, 0]  	862	3 
[3, 27, 6, 0]  	864	4 
[3, 23, 9, 0]  	865	4 
[2, 28, 6, 0]  	868	4 
[2, 24, 9, 0]  	869	3 
[3, 26, 7, 0]  	872	4 
[2, 4, 24, 0]  	874	4 
[2, 31, 4, 0]  	875	5 
[2, 27, 7, 0]  	876	3 
[2, 23, 10, 0]  	877	3 
[2, 15, 16, 0]  	879	4 
[2, 7, 22, 0]  	881	3 
[2, 26, 8, 0]  	884	3 
[2, 14, 17, 0]  	887	4 
[2, 10, 20, 0]  	888	3 
[1, 15, 17, 0]  	891	3 
[1, 38, 0, 0]  	893	3 
[2, 13, 18, 0]  	895	3 
[2, 9, 21, 0]  	896	3 
[2, 1, 27, 0]  	898	4 
[1, 14, 18, 0]  	899	3 
[1, 10, 21, 0]  	900	2 
[2, 12, 19, 0]  	903	3 
[2, 0, 28, 0]  	906	4 
[1, 13, 19, 0]  	907	2 
[1, 32, 5, 0]  	910	3 
[1, 12, 20, 0]  	915	2 
[1, 31, 6, 0]  	918	3 
[0, 32, 6, 0]  	922	2 
[1, 30, 7, 0]  	926	2 
[1, 18, 16, 0]  	929	3 
[0, 31, 7, 0]  	930	2 
[0, 30, 8, 0]  	938	1 
[1, 1, 29, 0]  	941	2 
[1, 35, 4, 0]  	948	3 
[1, 0, 30, 0]  	949	2 
[0, 1, 30, 0]  	953	1 
[0, 16, 19, 0]  	957	1 
[0, 35, 5, 0]  	960	2 
[0, 0, 31, 0]  	961	1  <--- 3
[1, 21, 15, 0]  	967	3 
[0, 18, 18, 0]  	972	1 
[1, 4, 28, 0]  	979	2 
[0, 4, 29, 0]  	991	1 
[0, 38, 4, 0]  	998	2 
[0, 21, 17, 0]  	1010	1 
[0, 44, 0, 0]  	1012	2  <--- 2
[1, 7, 27, 0]  	1017	2 
[0, 7, 28, 0]  	1029	1 
[0, 41, 3, 0]  	1036	2 
[0, 24, 16, 0]  	1048	1 
[0, 10, 27, 0]  	1067	1 
[0, 27, 15, 0]  	1086	1 
[0, 13, 26, 0]  	1105	1 
[8, 26, 0, 1]  	750	7 
[16, 20, 0, 1]  	764	7 
[3, 7, 20, 1]  	838	4 
[4, 9, 18, 1]  	841	5 
[1, 27, 9, 1]  	919	2 
[1, 29, 8, 1]  	934	2 
[1, 24, 12, 1]  	943	3 
[7, 12, 11, 29]  	750	6 
[6, 4, 18, 29]  	764	6 
[5, 1, 21, 29]  	769	5 
[5, 7, 17, 29]  	783	4 
[2, 24, 8, 29]  	838	3 
[3, 26, 6, 29]  	841	4 
[0, 13, 20, 29]  	919	1 
[0, 15, 19, 29]  	934	1 
[0, 41, 0, 29]  	943	2 
------
The gap is between 2 and 28.
Lengths: 3 3 5 5 3 3.
For 982 = 5*d/2-d1-d2-d3 you get 3 in char 0.
1*x^1*y^23*z^14
1*y^40*z^2
1*y^9*z^25

For 560 = 3*d/2-d1-d2-d3 you get 5 in char 0.
1*x^5*z^15
1*x^3*y^3*z^14
1*x^2*y^20*z^2
1*x^1*y^6*z^13
1*y^23*z^1

For 138 = d/2-d1-d2-d3 you get 3 in char 0.
1*x^4*z^2
1*x^2*y^3*z^1
1*y^6

Extra powers of p used 0.
The invariant extra is equal to 1.
Start computing 11^3 Delta^1 (x1x2x3)^10... Done.
Start computing 11^4 Delta^2 (x1x2x3)^10... Done.
Start computing 11^5 Delta^3 (x1x2x3)^10... Done.
Start computing 11^6 Delta^4 (x1x2x3)^10... Done.
Start computing 11^7 Delta^5 (x1x2x3)^10... Done.
Start computing 11^8 Delta^6 (x1x2x3)^10... Done.
Start computing 11^9 Delta^7 (x1x2x3)^10... Done.
Start computing aa.
1 2 3 4 5 6 7 8 9 10 11 
*/
A = \
[1387470942911916589811469277143,233796637452275906268144321963,348362377561192617432606140440,1277277491210040748068824001192,1100966965228390227416562649734,1467077772973311154436940823290,484812063779228120935789173109,893809479336890608997552625512,39684564546514544817098184455,323770166952918545914042363485,948769009336497050312461351237;\
1430100057138904034637180452913,1585235812741805304072217482720,952743261516362913157741118832,783641681245680976413237475955,87028924055202686505610907861,145655845858932542126260047858,1178216513154178772021959488651,971873735077133279914704111997,178812767158802133512439110827,1009873395400273131200955806885,1238595330985983431468864915553;\
746197166764239410029675943057,511160527791927013088923337739,866090795629138774795484301824,1095414537945763461337851833894,170204233458977932733301389871,339728132310952546319191691570,1303164069796578349167992757034,1233976334798111341706036992070,1304003153082391014265036505195,130115405257162785580561539956,425208500857362531507438661410;\
929165273398347968113825474697,596186665646192911018392978619,937034435290316699971900174194,1322578984053020795276485808773,1127442741403290799404264248286,27488824292481709621983552429,1253380021256085077155334009080,740647812636675862074562843767,7382906375254913353528098916,251330854230253406610095156700,260266758306368789032643559435;\
977588252299260052293310340264,415181104049660940516252984106,1571735191528369576987441352140,1329316529806507062295701405091,1085088315277234257822719742383,1314272928636696510634417754555,550744249710808917332241065327,423212288964881945033062863272,1322571304791892644907016294432,510489031974522759459705277852,1518634608703000164967665285321;\
1370261776578405213187488064251,79465346944588606282009377654,283106565020674043002131777130,160828431005664183813769266538,874370962048384597816035381695,277645842895183819920559029312,417219118253066616537771234745,25455488338622805623786157796,1229823305629465732822410584118,1113256742351928596773858736295,1071685163642402971515428939991;\
1247721673023656336873034063035,6751840269562890530773522114,323137876739440893264649479349,1428524884413498049996307355074,539966205365108858309160125136,49046376194526577310751204689,1407221599534312952985618886984,1298209027158239194292420978071,387121272659360614385799123467,105377340325229993554043932972,1214777747163005341406656887233;\
439921292933161319361316458524,1027579603243301194992929296202,1078034839750743941304924804530,342974076767293222617166914729,1503656845803605558380850951339,1088376186990213690288899742992,944053783215080438357188478428,1551255320749260818318120551607,1349871597404992413044410629963,1350759753335498227772080539278,464641330240201343915128470962;\
1205268254997597454078645940359,97656278547155082980889381670,174465926896281675636045366724,416339834634817788300363273791,1421639663795469173987865936299,17276912893625202000881658169,1262270660261074367341695053214,511554596467145474779286249279,823449127633950135769474643862,1376288440036944438234085651950,355087745216439912670167522678;\
1315039833744832703273909874542,145665196036764431483430221114,1111649415351612537364645705385,212504556138999053508239453980,1473893425135149450904695949847,361179655309720555767904922411,1148290898245276529180067284654,1008115841477742245617418660644,1504699924809565486678330421250,545060413952665084654784152846,200259561735309204942704195327;\
361098822943213436697381392646,526081626270501553615265466579,1438601058702905288457654254857,1074720206452680286344547272230,1555229425411963922587452784375,1345483539294711648744147986069,942475102929932305318763059805,450134887597003114637959345441,1315757600768494754772235932081,317317252573014178587118964387,542445006517661464680928426511]
/* 
This should be the matrix of frobenius!
*/ 
B = A; 
/* Freed 166 lists. */
