/* Comments begin... 
Coefficient of   x^21 * y^1               = 1
Coefficient of   x^10 * y^2 * z^6         = 5
Coefficient of   x^8 * y^5 * z^5         = 3
Coefficient of   x^6 * y^8 * z^4         = 5
Coefficient of   x^4 * y^11 * z^3         = 1
Coefficient of   x^2 * y^14 * z^2         = 2
Coefficient of   x^1 * z^13               = 1
Coefficient of   y^17 * z^1               = 5

Here is the polynomial we're using this time:

1*x^21*y^1 + 5*x^10*y^2*z^6 + 3*x^8*y^5*z^5 + 5*x^6*y^8*z^4 + 1*x^4*y^11*z^3 + 2*x^2*y^14*z^2 + 1*x^1*z^13 + 5*y^17*z^1

Allocate G_len 20 elements and old = 0.
Allocate M_len = 400 elements.
Allocate G_len 40 elements and old = 20.
Allocate M_len = 800 elements.
Allocate G_len 80 elements and old = 40.
Allocate M_len = 1600 elements.
Allocate M_len = 3200 elements.
Allocate G_len 160 elements and old = 80.
Allocate M_len = 6400 elements.
Allocate M_len = 12800 elements.
Allocate G_len 320 elements and old = 160.
The final length of G is 171
[10, 2, 5, 0]  	391	7 
[21, 0, 0, 0]  	399	7  <--- 1
[20, 1, 0, 0]  	403	7 
[8, 5, 5, 0]  	422	6 
[8, 8, 4, 0]  	460	7 
[6, 11, 4, 0]  	491	6 
[5, 0, 15, 0]  	560	6 
[18, 5, 4, 0]  	581	12 
[14, 11, 3, 0]  	612	11 
[18, 8, 3, 0]  	619	11 
[12, 14, 3, 0]  	643	10 
[11, 0, 14, 0]  	643	10 
[14, 14, 2, 0]  	650	10 
[18, 11, 2, 0]  	657	10 
[10, 17, 3, 0]  	674	9 
[9, 3, 14, 0]  	674	9 
[12, 17, 2, 0]  	681	9 
[15, 0, 13, 0]  	688	9 
[10, 19, 2, 0]  	689	9 
[9, 20, 2, 0]  	693	8 
[18, 14, 1, 0]  	695	9 
[9, 19, 3, 0]  	701	8 
[7, 22, 2, 0]  	701	8 
[8, 20, 3, 0]  	705	8 
[7, 6, 14, 0]  	705	8 
[12, 20, 1, 0]  	719	8 
[7, 8, 13, 0]  	720	8 
[6, 9, 13, 0]  	724	7 
[16, 17, 1, 0]  	726	8 
[10, 22, 1, 0]  	727	8 
[6, 8, 14, 0]  	732	7 
[5, 25, 2, 0]  	732	7 
[19, 0, 12, 0]  	733	8 
[14, 19, 1, 0]  	734	8 
[6, 23, 3, 0]  	736	7 
[5, 9, 14, 0]  	736	7 
[7, 25, 1, 0]  	739	7 
[6, 26, 1, 0]  	743	7 
[8, 26, 0, 0]  	750	7 
[5, 11, 13, 0]  	751	7 
[4, 12, 13, 0]  	755	6 
[12, 23, 0, 0]  	757	7 
[6, 28, 0, 0]  	758	7 
[4, 11, 14, 0]  	763	6 
[10, 25, 0, 0]  	765	7 
[4, 26, 3, 0]  	767	6 
[5, 28, 1, 0]  	770	6 
[4, 14, 12, 0]  	770	6 
[5, 24, 4, 0]  	771	6 
[14, 22, 0, 0]  	772	7 
[4, 29, 1, 0]  	774	6 
[19, 18, 0, 0]  	775	7 
[18, 19, 0, 0]  	779	7 
[5, 15, 11, 0]  	781	6 
[4, 28, 2, 0]  	782	6 
[3, 14, 13, 0]  	782	6 
[3, 29, 2, 0]  	786	5 
[4, 31, 0, 0]  	789	6 
[3, 32, 0, 0]  	793	5 
[5, 21, 7, 0]  	795	6 
[5, 17, 10, 0]  	796	6 
[4, 18, 10, 0]  	800	5 
[3, 31, 1, 0]  	801	5 
[3, 0, 24, 0]  	801	5 
[5, 20, 8, 0]  	803	6 
[2, 32, 1, 0]  	805	5 
[17, 21, 0, 0]  	806	6 
[4, 25, 5, 0]  	806	6 
[4, 21, 8, 0]  	807	5 
[4, 17, 11, 0]  	808	5 
[5, 23, 6, 0]  	810	6 
[4, 1, 23, 0]  	812	5 
[4, 24, 6, 0]  	814	5 
[4, 20, 9, 0]  	815	5 
[4, 4, 21, 0]  	819	5 
[3, 17, 12, 0]  	820	5 
[4, 23, 7, 0]  	822	5 
[2, 18, 12, 0]  	824	4 
[4, 3, 22, 0]  	827	5 
[3, 12, 16, 0]  	829	5 
[3, 4, 22, 0]  	831	4 
[4, 10, 17, 0]  	833	5 
[4, 6, 20, 0]  	834	5 
[3, 11, 17, 0]  	837	5 
[3, 7, 20, 0]  	838	4 
[3, 3, 23, 0]  	839	4 
[4, 9, 18, 0]  	841	5 
[2, 35, 0, 0]  	843	4 
[3, 10, 18, 0]  	845	4 
[3, 6, 21, 0]  	846	4 
[3, 21, 10, 0]  	850	4 
[3, 9, 19, 0]  	853	4 
[3, 28, 5, 0]  	856	5 
[3, 24, 8, 0]  	857	4 
[3, 20, 11, 0]  	858	4 
[2, 29, 5, 0]  	860	4 
[2, 21, 11, 0]  	862	3 
[3, 27, 6, 0]  	864	4 
[3, 23, 9, 0]  	865	4 
[2, 28, 6, 0]  	868	4 
[2, 24, 9, 0]  	869	3 
[3, 26, 7, 0]  	872	4 
[2, 4, 24, 0]  	874	4 
[2, 27, 7, 0]  	876	3 
[2, 23, 10, 0]  	877	3 
[2, 15, 16, 0]  	879	4 
[2, 7, 22, 0]  	881	3 
[2, 26, 8, 0]  	884	3 
[2, 14, 17, 0]  	887	4 
[2, 10, 20, 0]  	888	3 
[1, 15, 17, 0]  	891	3 
[1, 38, 0, 0]  	893	3 
[2, 13, 18, 0]  	895	3 
[2, 9, 21, 0]  	896	3 
[2, 1, 27, 0]  	898	4 
[1, 14, 18, 0]  	899	3 
[1, 10, 21, 0]  	900	2 
[2, 12, 19, 0]  	903	3 
[2, 0, 28, 0]  	906	4 
[1, 13, 19, 0]  	907	2 
[1, 32, 5, 0]  	910	3 
[1, 12, 20, 0]  	915	2 
[1, 31, 6, 0]  	918	3 
[1, 27, 9, 0]  	919	2 
[0, 32, 6, 0]  	922	2 
[1, 30, 7, 0]  	926	2 
[1, 18, 16, 0]  	929	3 
[1, 29, 8, 0]  	934	2 
[0, 30, 8, 0]  	938	1 
[1, 24, 12, 0]  	943	3 
[1, 35, 4, 0]  	948	3 
[1, 0, 30, 0]  	949	2 
[0, 1, 30, 0]  	953	1 
[0, 16, 19, 0]  	957	1 
[0, 35, 5, 0]  	960	2 
[0, 0, 31, 0]  	961	1  <--- 3
[1, 21, 15, 0]  	967	3 
[0, 18, 18, 0]  	972	1 
[1, 4, 28, 0]  	979	2 
[0, 4, 29, 0]  	991	1 
[0, 38, 4, 0]  	998	2 
[0, 21, 17, 0]  	1010	1 
[0, 44, 0, 0]  	1012	2  <--- 2
[1, 7, 27, 0]  	1017	2 
[0, 7, 28, 0]  	1029	1 
[0, 41, 3, 0]  	1036	2 
[0, 24, 16, 0]  	1048	1 
[0, 10, 27, 0]  	1067	1 
[0, 27, 15, 0]  	1086	1 
[0, 13, 26, 0]  	1105	1 
[6, 14, 3, 1]  	529	7 
[5, 29, 0, 1]  	762	6 
[16, 20, 0, 1]  	764	7 
[5, 18, 9, 1]  	788	6 
[4, 7, 19, 1]  	826	5 
[2, 31, 4, 1]  	875	5 
[0, 31, 7, 1]  	930	2 
[1, 1, 29, 1]  	941	2 
[8, 23, 1, 2]  	712	8 
[7, 9, 12, 28]  	712	7 
[7, 26, 0, 28]  	731	6 
[5, 0, 14, 29]  	529	5 
[9, 19, 2, 29]  	670	8 
[4, 15, 11, 29]  	762	5 
[5, 21, 6, 29]  	764	6 
[4, 24, 5, 29]  	783	5 
[4, 4, 20, 29]  	788	5 
[3, 24, 7, 29]  	826	4 
[2, 0, 27, 29]  	875	3 
[0, 0, 30, 29]  	930	1 
[0, 18, 17, 29]  	941	1 
------
The gap is between 3 and 27.
Lengths: 3 3 5 5 3 3.
For 982 = 5*d/2-d1-d2-d3 you get 3 in char 0.
1*x^1*y^23*z^14
1*y^40*z^2
1*y^9*z^25

For 560 = 3*d/2-d1-d2-d3 you get 5 in char 0.
1*x^4*y^17*z^3
1*x^3*y^3*z^14
1*x^2*y^20*z^2
1*x^1*y^6*z^13
1*y^23*z^1

For 138 = d/2-d1-d2-d3 you get 3 in char 0.
1*x^4*z^2
1*x^2*y^3*z^1
1*y^6

Extra powers of p used 0.
The invariant extra is equal to 1.
Start computing 11^3 Delta^1 (x1x2x3)^10... Done.
Start computing 11^4 Delta^2 (x1x2x3)^10... Done.
Start computing 11^5 Delta^3 (x1x2x3)^10... Done.
Start computing 11^6 Delta^4 (x1x2x3)^10... Done.
Start computing 11^7 Delta^5 (x1x2x3)^10... Done.
Start computing 11^8 Delta^6 (x1x2x3)^10... Done.
Start computing 11^9 Delta^7 (x1x2x3)^10... Done.
Start computing aa.
1 2 3 4 5 6 7 8 9 10 11 
*/
A = \
[1067448914738743764899965491172,1531562800236072861449129953965,1212448689186040582757151611154,50338463633700386306481047883,3653904603142329187301665257,917354892604848152755465843590,1073762648723017472427698108960,1411002356691135353285908641555,51377257744075546573485189170,1445809547545578696399619597204,504440630252940882073639924341;\
1029600738715299209533462066402,1508057956489855650157132775096,341483430846316282276821497292,1569680332368584301478582633796,725366403717725246753765922884,527994816735838852082045869891,112587941036186361670055959784,833792142462420460777974025246,416516790210686596719945260384,1406184886941857281222872842604,321981444620665553086530147365;\
195025658656946258504944294784,517710348589836376794542426341,25392051873237807956755091149,1412176680604060884662357384341,247638801762443944763903222164,423035734667663548249787430308,63268297653731242993765561651,374087717389368408250973725126,293906837698293284393613885992,475154848520459056072387114653,48890531813871595212640287386;\
562477024584040923329514949785,338365661291515276407832080363,998672168003116394799346754956,1052694460308942888100897917365,335238034537712616111891980748,129166211437079779666793559118,58680402404183098676524091958,564529561917298781317781248080,127615035445480072872985708490,725008902828653461111063872451,1489039130062906329490165018645;\
736857856445015536084165043225,10219453391618359359166055622,1448831683817818956792031593718,1431515401288946623084738524958,413533296265719690440830924276,961472173962479241370630091869,466945381255646093549807692447,140209684277777596263333958725,523610789641617378362236701786,1210390927480378796673778371884,591108552397603075731878666178;\
712089894974729537588882982957,739182641946412769927120945018,523098922848170756864621847366,1172918884559675726327847526138,705793422836513823706830720004,935816971329642953457639054993,1126102363553727982090321081638,814177886379942817835413311473,1214071232532561042320445742780,452860094585904072423325803317,1408051587690873482008947851468;\
633179483368018036198583788337,54897450880564892626002473822,684537319738123029473382681040,277391892069201913932549000567,724252564714297201993023573102,884095733396557986552764633502,1074854002931962825118190794172,214245221156816945926030197767,419780997734279786968883640989,1514584821579545232672266721632,414272580696307901684479402666;\
1192260674881739719566651441173,646622428839626247909062132535,1002325450917498602678237914672,608191493382605952368284725000,828443938406660961969027448741,1003404918745507100950631170898,446358440707582323189213505154,1216104789562003311969081268559,646984370418445877175303622798,500215793809823567385517057747,1292085565949067334864952446936;\
1208511610540439382675214701214,493369733478108978569386886397,332018544729822034697308226692,16201310645062537564571428581,149205156768206524525691177950,752089868644000984529774272909,222463834355416591098723624139,1443021787376139763879415070676,1143675856771482347226533391662,988440244649975246474275922134,321075046500778540657951982432;\
704635767857065864290322310132,1170164250905021087660758527494,596526658168882787912212521760,1167882956702178498044087189090,1263594843754073623575966268382,543290996223521060376465372131,1422645092410190155033895387371,991446385764651932013770613390,721159107734072788383855274682,1439945631465091164575882312757,1519864986125762032862747988247;\
302712032201365067098688689820,1357141061935171685299581248449,508558387705049688215925503442,624435314613684675410372381142,782425249690437356589117423441,99341974982833327714629513623,255096427845439364084420899786,1223466827564231880681717190008,1089911987424013216472825491918,812961392215927302554346478316,72761471051641682615750667442]
/* 
This should be the matrix of frobenius!
*/ 
B = A; 
/* Freed 166 lists. */
