/* Comments begin... 
Coefficient of   x^21 * y^1               = -3
Coefficient of   x^10 * y^2 * z^6         = 1
Coefficient of   x^8 * y^5 * z^5         = 3
Coefficient of   x^6 * y^8 * z^4         = 3
Coefficient of   x^4 * y^11 * z^3         = -2
Coefficient of   x^2 * y^14 * z^2         = 5
Coefficient of   x^1 * z^13               = -3
Coefficient of   y^17 * z^1               = -3

Here is the polynomial we're using this time:

-3*x^21*y^1 + 1*x^10*y^2*z^6 + 3*x^8*y^5*z^5 + 3*x^6*y^8*z^4 + -2*x^4*y^11*z^3 + 5*x^2*y^14*z^2 + -3*x^1*z^13 + -3*y^17*z^1

Allocate G_len 20 elements and old = 0.
Allocate M_len = 400 elements.
Allocate G_len 40 elements and old = 20.
Allocate M_len = 800 elements.
Allocate G_len 80 elements and old = 40.
Allocate M_len = 1600 elements.
Allocate M_len = 3200 elements.
Allocate G_len 160 elements and old = 80.
Allocate M_len = 6400 elements.
Allocate M_len = 12800 elements.
Allocate G_len 320 elements and old = 160.
Allocate M_len = 25600 elements.
Not smooth!
Coefficient of   x^21 * y^1               = 4
Coefficient of   x^10 * y^2 * z^6         = -4
Coefficient of   x^8 * y^5 * z^5         = 3
Coefficient of   x^6 * y^8 * z^4         = 5
Coefficient of   x^4 * y^11 * z^3         = 0
Coefficient of   x^2 * y^14 * z^2         = -1
Coefficient of   x^1 * z^13               = 0
Coefficient of   y^17 * z^1               = 5

Here is the polynomial we're using this time:

4*x^21*y^1 + -4*x^10*y^2*z^6 + 3*x^8*y^5*z^5 + 5*x^6*y^8*z^4 + -1*x^2*y^14*z^2 + 5*y^17*z^1

Not smooth!
Coefficient of   x^21 * y^1               = -4
Coefficient of   x^10 * y^2 * z^6         = 3
Coefficient of   x^8 * y^5 * z^5         = -2
Coefficient of   x^6 * y^8 * z^4         = 0
Coefficient of   x^4 * y^11 * z^3         = 5
Coefficient of   x^2 * y^14 * z^2         = 3
Coefficient of   x^1 * z^13               = -1
Coefficient of   y^17 * z^1               = 1

Here is the polynomial we're using this time:

-4*x^21*y^1 + 3*x^10*y^2*z^6 + -2*x^8*y^5*z^5 + 5*x^4*y^11*z^3 + 3*x^2*y^14*z^2 + -1*x^1*z^13 + 1*y^17*z^1

The final length of G is 165
[10, 2, 5, 0]  	391	6 
[21, 0, 0, 0]  	399	6  <--- 1
[20, 1, 0, 0]  	403	6 
[8, 5, 5, 0]  	422	5 
[8, 8, 4, 0]  	460	7 
[6, 11, 4, 0]  	491	6 
[6, 14, 3, 0]  	529	7 
[5, 0, 15, 0]  	560	6 
[18, 5, 4, 0]  	581	10 
[14, 11, 3, 0]  	612	9 
[16, 11, 2, 0]  	619	10 
[11, 0, 14, 0]  	643	9 
[14, 14, 2, 0]  	650	9 
[9, 3, 14, 0]  	674	9 
[12, 17, 2, 0]  	681	9 
[15, 0, 13, 0]  	688	9 
[10, 19, 2, 0]  	689	9 
[9, 20, 2, 0]  	693	8 
[18, 14, 1, 0]  	695	9 
[7, 22, 2, 0]  	701	8 
[7, 6, 14, 0]  	705	8 
[8, 23, 1, 0]  	712	8 
[12, 20, 1, 0]  	719	8 
[7, 8, 13, 0]  	720	8 
[6, 9, 13, 0]  	724	7 
[16, 17, 1, 0]  	726	8 
[10, 22, 1, 0]  	727	8 
[6, 8, 14, 0]  	732	7 
[5, 25, 2, 0]  	732	7 
[19, 0, 12, 0]  	733	8 
[14, 19, 1, 0]  	734	8 
[5, 9, 14, 0]  	736	7 
[7, 25, 1, 0]  	739	7 
[6, 26, 1, 0]  	743	7 
[8, 26, 0, 0]  	750	7 
[4, 12, 13, 0]  	755	6 
[12, 23, 0, 0]  	757	7 
[6, 28, 0, 0]  	758	7 
[4, 11, 14, 0]  	763	6 
[4, 26, 3, 0]  	767	6 
[5, 28, 1, 0]  	770	6 
[4, 14, 12, 0]  	770	6 
[5, 24, 4, 0]  	771	6 
[14, 22, 0, 0]  	772	7 
[4, 29, 1, 0]  	774	6 
[19, 18, 0, 0]  	775	7 
[18, 19, 0, 0]  	779	7 
[4, 28, 2, 0]  	782	6 
[3, 14, 13, 0]  	782	6 
[3, 29, 2, 0]  	786	5 
[5, 18, 9, 0]  	788	6 
[4, 31, 0, 0]  	789	6 
[5, 21, 7, 0]  	795	6 
[5, 17, 10, 0]  	796	6 
[4, 18, 10, 0]  	800	5 
[3, 31, 1, 0]  	801	5 
[3, 0, 24, 0]  	801	5 
[5, 20, 8, 0]  	803	6 
[2, 32, 1, 0]  	805	5 
[17, 21, 0, 0]  	806	6 
[4, 25, 5, 0]  	806	6 
[4, 21, 8, 0]  	807	5 
[5, 23, 6, 0]  	810	6 
[4, 1, 23, 0]  	812	5 
[4, 24, 6, 0]  	814	5 
[4, 20, 9, 0]  	815	5 
[4, 4, 21, 0]  	819	5 
[3, 17, 12, 0]  	820	5 
[4, 23, 7, 0]  	822	5 
[2, 18, 12, 0]  	824	4 
[4, 7, 19, 0]  	826	5 
[4, 3, 22, 0]  	827	5 
[3, 12, 16, 0]  	829	5 
[3, 4, 22, 0]  	831	4 
[4, 10, 17, 0]  	833	5 
[4, 6, 20, 0]  	834	5 
[3, 11, 17, 0]  	837	5 
[3, 7, 20, 0]  	838	4 
[3, 34, 0, 0]  	839	4 
[3, 3, 23, 0]  	839	4 
[4, 9, 18, 0]  	841	5 
[2, 35, 0, 0]  	843	4 
[3, 6, 21, 0]  	846	4 
[3, 21, 10, 0]  	850	4 
[3, 9, 19, 0]  	853	4 
[3, 28, 5, 0]  	856	5 
[3, 24, 8, 0]  	857	4 
[3, 20, 11, 0]  	858	4 
[2, 29, 5, 0]  	860	4 
[2, 21, 11, 0]  	862	3 
[3, 23, 9, 0]  	865	4 
[2, 24, 9, 0]  	869	3 
[3, 26, 7, 0]  	872	4 
[2, 4, 24, 0]  	874	4 
[2, 31, 4, 0]  	875	5 
[2, 23, 10, 0]  	877	3 
[2, 15, 16, 0]  	879	4 
[2, 26, 8, 0]  	884	3 
[2, 14, 17, 0]  	887	4 
[2, 10, 20, 0]  	888	3 
[1, 15, 17, 0]  	891	3 
[1, 38, 0, 0]  	893	3 
[2, 13, 18, 0]  	895	3 
[2, 1, 27, 0]  	898	4 
[1, 14, 18, 0]  	899	3 
[1, 10, 21, 0]  	900	2 
[2, 12, 19, 0]  	903	3 
[2, 0, 28, 0]  	906	4 
[1, 13, 19, 0]  	907	2 
[1, 32, 5, 0]  	910	3 
[1, 12, 20, 0]  	915	2 
[1, 31, 6, 0]  	918	3 
[1, 27, 9, 0]  	919	2 
[0, 32, 6, 0]  	922	2 
[1, 30, 7, 0]  	926	2 
[1, 18, 16, 0]  	929	3 
[0, 31, 7, 0]  	930	2 
[1, 29, 8, 0]  	934	2 
[0, 30, 8, 0]  	938	1 
[1, 1, 29, 0]  	941	2 
[1, 24, 12, 0]  	943	3 
[1, 35, 4, 0]  	948	3 
[1, 0, 30, 0]  	949	2 
[0, 1, 30, 0]  	953	1 
[0, 16, 19, 0]  	957	1 
[0, 35, 5, 0]  	960	2 
[0, 0, 31, 0]  	961	1  <--- 3
[1, 21, 15, 0]  	967	3 
[0, 18, 18, 0]  	972	1 
[1, 4, 28, 0]  	979	2 
[0, 4, 29, 0]  	991	1 
[0, 38, 4, 0]  	998	2 
[0, 21, 17, 0]  	1010	1 
[0, 44, 0, 0]  	1012	2  <--- 2
[1, 7, 27, 0]  	1017	2 
[0, 7, 28, 0]  	1029	1 
[0, 41, 3, 0]  	1036	2 
[0, 24, 16, 0]  	1048	1 
[0, 10, 27, 0]  	1067	1 
[0, 27, 15, 0]  	1086	1 
[0, 13, 26, 0]  	1105	1 
[5, 29, 0, 1]  	762	6 
[16, 20, 0, 1]  	764	7 
[10, 25, 0, 1]  	765	7 
[5, 15, 11, 1]  	781	6 
[4, 17, 11, 1]  	808	5 
[3, 10, 18, 1]  	845	4 
[3, 27, 6, 1]  	864	4 
[2, 28, 6, 1]  	868	4 
[2, 27, 7, 1]  	876	3 
[2, 7, 22, 1]  	881	3 
[2, 9, 21, 1]  	896	3 
[5, 11, 13, 2]  	751	7 
[3, 32, 0, 2]  	793	5 
[4, 28, 1, 28]  	751	6 
[3, 1, 23, 28]  	793	4 
[3, 1, 22, 29]  	762	4 
[5, 21, 6, 29]  	764	6 
[5, 17, 9, 29]  	765	6 
[4, 24, 5, 29]  	783	5 
[4, 20, 8, 29]  	784	5 
[1, 13, 17, 29]  	845	2 
[1, 24, 10, 29]  	881	2 
[1, 26, 9, 29]  	896	2 
[0, 31, 6, 29]  	899	2 
------
The gap is between 3 and 27.
Lengths: 3 3 5 5 3 3.
For 982 = 5*d/2-d1-d2-d3 you get 3 in char 0.
1*x^1*y^23*z^14
1*y^40*z^2
1*y^9*z^25

For 560 = 3*d/2-d1-d2-d3 you get 5 in char 0.
1*x^4*y^17*z^3
1*x^3*y^3*z^14
1*x^2*y^20*z^2
1*x^1*y^6*z^13
1*y^23*z^1

For 138 = d/2-d1-d2-d3 you get 3 in char 0.
1*x^4*z^2
1*x^2*y^3*z^1
1*y^6

Extra powers of p used 0.
The invariant extra is equal to 1.
Start computing 11^3 Delta^1 (x1x2x3)^10... Done.
Start computing 11^4 Delta^2 (x1x2x3)^10... Done.
Start computing 11^5 Delta^3 (x1x2x3)^10... Done.
Start computing 11^6 Delta^4 (x1x2x3)^10... Done.
Start computing 11^7 Delta^5 (x1x2x3)^10... Done.
Start computing 11^8 Delta^6 (x1x2x3)^10... Done.
Start computing 11^9 Delta^7 (x1x2x3)^10... Done.
Start computing aa.
1 2 3 4 5 6 7 8 9 10 11 
*/
A = \
[1415540319800292688581619501087,166772090540153953036670108130,872538581573592465890049040889,1458103204651261248649116763875,22403163085859884272366827768,1030411336543033388527194841549,286685269321490876395797844199,147278793529666269649084460697,1436870804041329325015898828464,564257223591836663379350774882,324272474001301742305521640629;\
12612513001702873755045434070,283111315439529064804328757508,629680222321713558781795231017,930739136289552583956344545438,636052144448755226665790358954,1486749444030662050490195506617,49939110002144432638183067640,1369990665009658710955237671590,1365256460943498931832520079089,841099852774706544322828275707,1382541276278242901581606201895;\
125609620940405289566225208793,167180757993833603080737807985,1268332113334438767739248228005,1184308036040484962094493621660,1568003988815452866021705622393,630436150240301381326781398957,709382405295063557770796621494,262410598332373479101657973770,1096036712726640144942175438899,147811776998195931825252685560,791706844557183486160783056415;\
847814163412854687712394579052,1529077038081904055350991838402,888304043386256527844892467994,54880095927286819861869078420,432536792735260159500074314739,185438060426545200189350247692,1155254162672975857646307683750,655918035800988599893533827999,1075458436185262618100160221926,287841844642501221113122845676,1406763976771654851904979976430;\
404173664984096373601510453715,1090296002049024796983535670132,1217355733363980973334150414168,1546194288141734548322905984997,389557344342752869100239001613,679610894862445672659017559261,258742704233180131748926177024,121141291440090658354064337418,445671207543658655248403495903,592797644744111600728051925676,1423992713858109968974360529317;\
120287558301232296316734385295,937972058451004006716665949608,1422044186814862654424275934172,1254430182378877207273623583629,71732435573791776234778824343,718867749428744712445868059159,1376789558071485242329202462619,1182349352551785137377700231662,979289378037766790490520522542,179661516930335547709703457224,1198017050556752904055707083152;\
40043685679259207318718898082,92715260858911722074911736687,1229286120677534071194327047671,1392071778192860324223576599291,513883088010522826761714389269,732583354627169078016035399633,217232835276362229615408717754,338482215240752587511642633729,189872847673356967178762506177,522221234171329255245875149529,1283458715995244340673491778254;\
1453919118586674722221905597851,175546585190307041595161142393,248000324191679485309623010723,822938351939195232360154735112,540465561790752021986399357773,102301627155936504612614249281,1133164955063164670711522674249,1454797449534325147793770349583,1143166302936425411390417208802,567697744533790377865102808899,746436526435808150099001020418;\
815319381141561329688846929416,229724062992196662991997545048,1514387105689724153667019912652,509769796333756913081879296237,482041044125085616541207653090,1503087050704760741741157551959,1319324061146313433037338051738,1467003688235744122990381463685,974800146337152861196151332003,1074314900931815180931448767634,281754095737276589995451422385;\
795443446762983396631688993825,1508206387954640567340830956761,547455217748533658975282622135,1003515226835560076872676297295,1161149178904777572502205432879,100787557242729073013554841859,473155830045548752607742874285,1141904223794924762949259444313,1562680445071198276465790929264,1465275162353575882681914407371,1468409833931044956105273651367;\
1297720963395582721199171378787,37230389886537662897654620808,1453706061982924167685974226620,672931214568714200478679282631,30380859484874796056801963046,341492214021907933444985029769,624607668491339747119333644909,783726984489936644697539577237,1185665664324739186199235608599,32863576043576983748159440533,1507162678403699538532008617029]
/* 
This should be the matrix of frobenius!
*/ 
B = A; 
/* Freed 166 lists. */
