/* Comments begin... 
Coefficient of   x^21 * y^1               = 4
Coefficient of   x^10 * y^2 * z^6         = 0
Coefficient of   x^8 * y^5 * z^5         = -2
Coefficient of   x^6 * y^8 * z^4         = -1
Coefficient of   x^4 * y^11 * z^3         = 0
Coefficient of   x^2 * y^14 * z^2         = -3
Coefficient of   x^1 * z^13               = 4
Coefficient of   y^17 * z^1               = -4

Here is the polynomial we're using this time:

4*x^21*y^1 + -2*x^8*y^5*z^5 + -1*x^6*y^8*z^4 + -3*x^2*y^14*z^2 + 4*x^1*z^13 + -4*y^17*z^1

Allocate G_len 20 elements and old = 0.
Allocate M_len = 400 elements.
Allocate G_len 40 elements and old = 20.
Allocate M_len = 800 elements.
Allocate G_len 80 elements and old = 40.
Allocate M_len = 1600 elements.
Allocate M_len = 3200 elements.
Allocate G_len 160 elements and old = 80.
Allocate M_len = 6400 elements.
Allocate M_len = 12800 elements.
The final length of G is 138
[8, 5, 4, 0]  	391	5 
[21, 0, 0, 0]  	399	5  <--- 1
[20, 1, 0, 0]  	403	5 
[6, 8, 4, 0]  	422	4 
[6, 11, 3, 0]  	460	6 
[4, 14, 3, 0]  	491	5 
[5, 0, 14, 0]  	529	6 
[18, 8, 3, 0]  	619	9 
[14, 14, 2, 0]  	650	8 
[16, 14, 1, 0]  	657	8 
[12, 17, 2, 0]  	681	9 
[15, 0, 13, 0]  	688	7 
[7, 22, 2, 0]  	701	7 
[13, 3, 13, 0]  	719	8 
[5, 25, 2, 0]  	732	6 
[4, 11, 13, 0]  	732	6 
[19, 0, 12, 0]  	733	7 
[6, 26, 1, 0]  	743	7 
[10, 23, 1, 0]  	750	7 
[14, 20, 1, 0]  	757	7 
[8, 25, 1, 0]  	758	7 
[12, 22, 1, 0]  	765	7 
[5, 28, 1, 0]  	770	6 
[4, 10, 15, 0]  	771	5 
[4, 29, 1, 0]  	774	6 
[19, 18, 0, 0]  	775	6 
[6, 29, 0, 0]  	781	6 
[4, 28, 2, 0]  	782	5 
[3, 14, 13, 0]  	782	5 
[10, 26, 0, 0]  	788	6 
[4, 31, 0, 0]  	789	6 
[8, 28, 0, 0]  	796	6 
[3, 31, 1, 0]  	801	6 
[12, 25, 0, 0]  	803	6 
[18, 4, 12, 0]  	806	6 
[3, 11, 16, 0]  	806	5 
[4, 1, 23, 0]  	812	5 
[4, 4, 21, 0]  	819	5 
[4, 0, 24, 0]  	820	5 
[3, 17, 12, 0]  	820	5 
[3, 1, 24, 0]  	824	4 
[2, 18, 12, 0]  	824	4 
[4, 7, 19, 0]  	826	5 
[4, 3, 22, 0]  	827	5 
[17, 22, 0, 0]  	829	5 
[4, 6, 20, 0]  	834	5 
[3, 7, 20, 0]  	838	4 
[3, 34, 0, 0]  	839	4 
[3, 3, 23, 0]  	839	4 
[4, 9, 18, 0]  	841	5 
[2, 35, 0, 0]  	843	4 
[3, 10, 18, 0]  	845	4 
[3, 6, 21, 0]  	846	4 
[3, 21, 10, 0]  	850	4 
[3, 9, 19, 0]  	853	4 
[3, 24, 8, 0]  	857	4 
[3, 20, 11, 0]  	858	4 
[2, 29, 5, 0]  	860	4 
[2, 21, 11, 0]  	862	3 
[3, 27, 6, 0]  	864	4 
[3, 23, 9, 0]  	865	4 
[2, 28, 6, 0]  	868	4 
[2, 24, 9, 0]  	869	3 
[3, 26, 7, 0]  	872	4 
[2, 4, 24, 0]  	874	4 
[2, 31, 4, 0]  	875	5 
[2, 27, 7, 0]  	876	3 
[2, 23, 10, 0]  	877	3 
[2, 15, 16, 0]  	879	4 
[2, 7, 22, 0]  	881	3 
[2, 26, 8, 0]  	884	3 
[2, 14, 17, 0]  	887	4 
[2, 10, 20, 0]  	888	3 
[1, 15, 17, 0]  	891	3 
[1, 38, 0, 0]  	893	3 
[2, 13, 18, 0]  	895	3 
[2, 9, 21, 0]  	896	3 
[2, 1, 27, 0]  	898	4 
[1, 14, 18, 0]  	899	3 
[1, 10, 21, 0]  	900	2 
[2, 12, 19, 0]  	903	3 
[2, 0, 28, 0]  	906	4 
[1, 13, 19, 0]  	907	2 
[1, 32, 5, 0]  	910	3 
[1, 12, 20, 0]  	915	2 
[1, 31, 6, 0]  	918	3 
[1, 27, 9, 0]  	919	2 
[0, 32, 6, 0]  	922	2 
[1, 30, 7, 0]  	926	2 
[1, 18, 16, 0]  	929	3 
[0, 31, 7, 0]  	930	2 
[1, 29, 8, 0]  	934	2 
[0, 30, 8, 0]  	938	1 
[1, 1, 29, 0]  	941	2 
[1, 24, 12, 0]  	943	3 
[1, 35, 4, 0]  	948	3 
[1, 0, 30, 0]  	949	2 
[0, 1, 30, 0]  	953	1 
[0, 16, 19, 0]  	957	1 
[0, 35, 5, 0]  	960	2 
[0, 0, 31, 0]  	961	1  <--- 3
[1, 21, 15, 0]  	967	3 
[0, 18, 18, 0]  	972	1 
[1, 4, 28, 0]  	979	2 
[0, 4, 29, 0]  	991	1 
[0, 38, 4, 0]  	998	2 
[0, 21, 17, 0]  	1010	1 
[0, 44, 0, 0]  	1012	2  <--- 2
[1, 7, 27, 0]  	1017	2 
[0, 7, 28, 0]  	1029	1 
[0, 41, 3, 0]  	1036	2 
[0, 24, 16, 0]  	1048	1 
[0, 10, 27, 0]  	1067	1 
[0, 27, 15, 0]  	1086	1 
[0, 13, 26, 0]  	1105	1 
[3, 28, 2, 1]  	763	5 
[17, 3, 12, 1]  	764	7 
[3, 32, 0, 1]  	793	5 
[3, 0, 24, 1]  	801	5 
[2, 32, 1, 1]  	805	5 
[16, 22, 0, 1]  	810	6 
[3, 4, 22, 1]  	831	4 
[15, 24, 0, 1]  	837	5 
[10, 20, 2, 2]  	712	8 
[14, 23, 0, 2]  	795	6 
[8, 23, 1, 28]  	712	7 
[4, 7, 18, 28]  	795	5 
[3, 10, 17, 28]  	814	4 
[2, 14, 16, 28]  	856	4 
[2, 14, 13, 29]  	763	4 
[4, 7, 17, 29]  	764	4 
[3, 10, 16, 29]  	783	4 
[3, 1, 23, 29]  	793	4 
[2, 17, 12, 29]  	801	4 
[2, 1, 24, 29]  	805	4 
[2, 21, 10, 29]  	831	3 
[3, 27, 5, 29]  	833	4 
[2, 28, 5, 29]  	837	3 
------
The gap is between 3 and 27.
Lengths: 3 3 5 5 3 3.
For 982 = 5*d/2-d1-d2-d3 you get 3 in char 0.
1*x^1*y^23*z^14
1*y^40*z^2
1*y^9*z^25

For 560 = 3*d/2-d1-d2-d3 you get 5 in char 0.
1*x^14*y^2*z^8
1*x^3*y^3*z^14
1*x^2*y^20*z^2
1*x^1*y^6*z^13
1*y^23*z^1

For 138 = d/2-d1-d2-d3 you get 3 in char 0.
1*x^4*z^2
1*x^2*y^3*z^1
1*y^6

Extra powers of p used 0.
The invariant extra is equal to 1.
Start computing 11^3 Delta^1 (x1x2x3)^10... Done.
Start computing 11^4 Delta^2 (x1x2x3)^10... Done.
Start computing 11^5 Delta^3 (x1x2x3)^10... Done.
Start computing 11^6 Delta^4 (x1x2x3)^10... Done.
Start computing 11^7 Delta^5 (x1x2x3)^10... Done.
Start computing 11^8 Delta^6 (x1x2x3)^10... Done.
Start computing 11^9 Delta^7 (x1x2x3)^10... Done.
Start computing aa.
1 2 3 4 5 6 7 8 9 10 11 
*/
A = \
[649083061137025330718149998191,629355334408850158951929941930,44409355178785547564935137795,1563638230841417249880352579852,32074133508207487058126226220,735755742351013455370945874833,1099739186701074393924706895969,1283097439266954044739524623500,802745754754413044995586473659,1153934558594901116892159123218,1434840213082176228437006035578;\
712584626126071396194413615768,650327530145860121475227340466,329062204049948453825938732744,1155445613626553813956144811883,750035866214256457544563690528,1502804049363027021770182795343,798134100007889877868460739497,582256562709189334196054383152,1208293802512596877673999183572,1534892821761419384204842323983,875506749889573528413315748229;\
1584318227625909896735977178072,743220824421659492507149062178,408749221237953887722847353477,259255759640899525592418755194,707706127685688403848343218957,218474670258327660340464540404,1325873974479453219386040112671,655499971091894186726246435745,1558183206148054117281699496249,950794595051929281861529178934,604161416045086727501085919397;\
1201982983220602259555564807886,238545404274689134773633824449,1014432612365631846107996955240,1402771075571484700037878042484,168907950412670643283584362019,927818867837319417495392796115,593818165387536543432424766661,1265730589488666893225272253175,1139909557461001972082775014535,315977874104926017183073987156,39891600085549211515409045020;\
317209352384553479610915691374,1287873581676065929967787716318,435053779646717757097260612691,46682226276567371620080930694,306632996451736099285220160245,1412183278687930259424358647642,737904662713560793715944115106,1124549107653348202671296225885,1290775860560056818031293780065,1510210525417607026663499197238,517342692901367681064146027543;\
638806836151474032508725785018,160843776692742108084930260463,460249713994583192572725986531,133602115018872929974184877721,1123078873546412031202157138605,1070917623806458173006003121038,653990946033307682524831126317,1435173210425365326176116597544,902538329776641529179301973627,1536452740189569134089851587091,1058359980392943687316090073885;\
405625471202903186865460471589,448622666818267262719045624816,373955065383611496983049657313,704719450887389026648004483994,1180432203488713721981608986670,438560315446508503275240538798,326263053872261157582669167572,283210881610581079153763210259,1499720655301503357486268824627,586374879538193525822541595217,1262176215883739449221526226068;\
358856937563544969536256279857,718477469455622909854775497929,1353777890430004337856486768975,628037941783096008926379117225,281668328335115754174089947439,762537120558612730412971529915,575934011064517194260840984348,799786622278917207399824271528,847991661065199614744321995256,771196156132166910944934302464,1124494628525529182383012919170;\
1287484616721741205813456387307,1341808068534202739291634314939,672500256111034617423309293543,1044991365144308348861751254433,412325449944748122257832054874,1306913480523142062510573352928,376298167275396596521067951801,972255331405151952768858733727,927164179599948748376015807578,116532044890861659019008601410,522873409472403545823967883095;\
1312938776644029451104344182991,1452183856302377080353235301929,145715058438019753908822794368,302981659968065657246838076863,1577596193755523817902104431540,349735840758819155503053310020,1090892264576465984528311124258,1051370776895650116032389829710,1375689267931835925396126452280,319350721273119854147757797177,1293990161442768769594378204727;\
952728498693554587721531639411,600820666219938682558780813301,157276815064410068930669375395,1526506466861421427965126281012,72924591681168279517574424216,1293686938478958144567852624086,1304666702572144037836010725600,43812279081676145502139966101,860949454911450697768178269396,1543062175864825518591970660808,1407022549469419590875817627989]
/* 
This should be the matrix of frobenius!
*/ 
B = A; 
/* Freed 164 lists. */
