/* Comments begin... 
Coefficient of   x^21 * y^1               = 4
Coefficient of   x^10 * y^2 * z^6         = -4
Coefficient of   x^8 * y^5 * z^5         = 0
Coefficient of   x^6 * y^8 * z^4         = 1
Coefficient of   x^4 * y^11 * z^3         = 3
Coefficient of   x^2 * y^14 * z^2         = -1
Coefficient of   x^1 * z^13               = 3
Coefficient of   y^17 * z^1               = 1

Here is the polynomial we're using this time:

4*x^21*y^1 + -4*x^10*y^2*z^6 + 1*x^6*y^8*z^4 + 3*x^4*y^11*z^3 + -1*x^2*y^14*z^2 + 3*x^1*z^13 + 1*y^17*z^1

Allocate G_len 20 elements and old = 0.
Allocate M_len = 400 elements.
Allocate G_len 40 elements and old = 20.
Allocate M_len = 800 elements.
Allocate G_len 80 elements and old = 40.
Allocate M_len = 1600 elements.
Allocate M_len = 3200 elements.
Allocate G_len 160 elements and old = 80.
Allocate M_len = 6400 elements.
Allocate M_len = 12800 elements.
Allocate G_len 320 elements and old = 160.
The final length of G is 162
[10, 2, 5, 0]  	391	6 
[21, 0, 0, 0]  	399	6  <--- 1
[20, 1, 0, 0]  	403	6 
[6, 8, 4, 0]  	422	5 
[6, 14, 3, 0]  	529	7 
[5, 0, 15, 0]  	560	6 
[16, 8, 3, 0]  	581	10 
[14, 11, 3, 0]  	612	9 
[14, 14, 2, 0]  	650	10 
[18, 11, 2, 0]  	657	10 
[9, 3, 14, 0]  	674	9 
[13, 0, 14, 0]  	681	9 
[12, 17, 2, 0]  	681	9 
[15, 0, 13, 0]  	688	9 
[10, 19, 2, 0]  	689	9 
[9, 20, 2, 0]  	693	8 
[18, 14, 1, 0]  	695	9 
[8, 5, 14, 0]  	701	8 
[7, 6, 14, 0]  	705	8 
[9, 6, 13, 0]  	712	8 
[12, 20, 1, 0]  	719	8 
[8, 22, 2, 0]  	720	8 
[16, 17, 1, 0]  	726	8 
[10, 22, 1, 0]  	727	8 
[9, 23, 1, 0]  	731	7 
[5, 25, 2, 0]  	732	7 
[19, 0, 12, 0]  	733	8 
[14, 19, 1, 0]  	734	8 
[5, 9, 14, 0]  	736	7 
[6, 26, 1, 0]  	743	7 
[8, 26, 0, 0]  	750	7 
[5, 11, 13, 0]  	751	7 
[4, 12, 13, 0]  	755	6 
[12, 23, 0, 0]  	757	7 
[8, 25, 1, 0]  	758	7 
[6, 28, 0, 0]  	758	7 
[5, 29, 0, 0]  	762	6 
[4, 11, 14, 0]  	763	6 
[10, 25, 0, 0]  	765	7 
[5, 28, 1, 0]  	770	6 
[4, 14, 12, 0]  	770	6 
[5, 24, 4, 0]  	771	6 
[14, 22, 0, 0]  	772	7 
[4, 29, 1, 0]  	774	6 
[19, 18, 0, 0]  	775	7 
[18, 19, 0, 0]  	779	7 
[5, 15, 11, 0]  	781	6 
[4, 28, 2, 0]  	782	6 
[3, 14, 13, 0]  	782	6 
[3, 29, 2, 0]  	786	5 
[5, 18, 9, 0]  	788	6 
[4, 31, 0, 0]  	789	6 
[3, 32, 0, 0]  	793	5 
[5, 21, 7, 0]  	795	6 
[5, 17, 10, 0]  	796	6 
[4, 18, 10, 0]  	800	5 
[3, 31, 1, 0]  	801	5 
[3, 0, 24, 0]  	801	5 
[5, 20, 8, 0]  	803	6 
[2, 32, 1, 0]  	805	5 
[17, 21, 0, 0]  	806	6 
[4, 25, 5, 0]  	806	6 
[4, 21, 8, 0]  	807	5 
[4, 17, 11, 0]  	808	5 
[5, 23, 6, 0]  	810	6 
[4, 1, 23, 0]  	812	5 
[4, 24, 6, 0]  	814	5 
[4, 20, 9, 0]  	815	5 
[4, 4, 21, 0]  	819	5 
[3, 17, 12, 0]  	820	5 
[4, 23, 7, 0]  	822	5 
[2, 18, 12, 0]  	824	4 
[4, 7, 19, 0]  	826	5 
[3, 12, 16, 0]  	829	5 
[3, 4, 22, 0]  	831	4 
[4, 10, 17, 0]  	833	5 
[4, 6, 20, 0]  	834	5 
[3, 11, 17, 0]  	837	5 
[3, 7, 20, 0]  	838	4 
[3, 3, 23, 0]  	839	4 
[4, 9, 18, 0]  	841	5 
[2, 35, 0, 0]  	843	4 
[3, 10, 18, 0]  	845	4 
[3, 6, 21, 0]  	846	4 
[3, 21, 10, 0]  	850	4 
[3, 9, 19, 0]  	853	4 
[3, 28, 5, 0]  	856	5 
[3, 24, 8, 0]  	857	4 
[3, 20, 11, 0]  	858	4 
[2, 29, 5, 0]  	860	4 
[2, 21, 11, 0]  	862	3 
[3, 27, 6, 0]  	864	4 
[3, 23, 9, 0]  	865	4 
[2, 28, 6, 0]  	868	4 
[2, 24, 9, 0]  	869	3 
[3, 26, 7, 0]  	872	4 
[2, 31, 4, 0]  	875	5 
[2, 27, 7, 0]  	876	3 
[2, 23, 10, 0]  	877	3 
[2, 15, 16, 0]  	879	4 
[2, 7, 22, 0]  	881	3 
[2, 26, 8, 0]  	884	3 
[2, 14, 17, 0]  	887	4 
[2, 10, 20, 0]  	888	3 
[1, 15, 17, 0]  	891	3 
[1, 38, 0, 0]  	893	3 
[2, 13, 18, 0]  	895	3 
[2, 9, 21, 0]  	896	3 
[2, 1, 27, 0]  	898	4 
[1, 14, 18, 0]  	899	3 
[1, 10, 21, 0]  	900	2 
[2, 12, 19, 0]  	903	3 
[2, 0, 28, 0]  	906	4 
[1, 13, 19, 0]  	907	2 
[1, 32, 5, 0]  	910	3 
[1, 12, 20, 0]  	915	2 
[1, 27, 9, 0]  	919	2 
[0, 32, 6, 0]  	922	2 
[1, 30, 7, 0]  	926	2 
[1, 18, 16, 0]  	929	3 
[0, 31, 7, 0]  	930	2 
[1, 29, 8, 0]  	934	2 
[0, 30, 8, 0]  	938	1 
[1, 1, 29, 0]  	941	2 
[1, 24, 12, 0]  	943	3 
[1, 35, 4, 0]  	948	3 
[1, 0, 30, 0]  	949	2 
[0, 1, 30, 0]  	953	1 
[0, 16, 19, 0]  	957	1 
[0, 35, 5, 0]  	960	2 
[0, 0, 31, 0]  	961	1  <--- 3
[1, 21, 15, 0]  	967	3 
[0, 18, 18, 0]  	972	1 
[1, 4, 28, 0]  	979	2 
[0, 4, 29, 0]  	991	1 
[0, 38, 4, 0]  	998	2 
[0, 21, 17, 0]  	1010	1 
[0, 44, 0, 0]  	1012	2  <--- 2
[1, 7, 27, 0]  	1017	2 
[0, 7, 28, 0]  	1029	1 
[0, 41, 3, 0]  	1036	2 
[0, 24, 16, 0]  	1048	1 
[0, 10, 27, 0]  	1067	1 
[0, 27, 15, 0]  	1086	1 
[0, 13, 26, 0]  	1105	1 
[11, 0, 14, 1]  	643	10 
[7, 23, 2, 1]  	724	7 
[7, 25, 1, 1]  	739	7 
[16, 20, 0, 1]  	764	7 
[4, 26, 3, 1]  	767	6 
[2, 4, 24, 1]  	874	4 
[1, 31, 6, 1]  	918	3 
[4, 3, 22, 2]  	827	5 
[3, 20, 10, 28]  	827	3 
[10, 17, 2, 29]  	643	8 
[5, 26, 1, 29]  	724	6 
[5, 28, 0, 29]  	739	5 
[5, 21, 6, 29]  	764	6 
[3, 12, 14, 29]  	767	5 
[4, 24, 5, 29]  	783	5 
[1, 21, 12, 29]  	874	3 
[1, 0, 29, 29]  	918	2 
------
The gap is between 3 and 27.
Lengths: 3 3 5 5 3 4.
For 982 = 5*d/2-d1-d2-d3 you get 3 in char 0.
1*x^1*y^23*z^14
1*y^40*z^2
1*y^9*z^25

For 560 = 3*d/2-d1-d2-d3 you get 5 in char 0.
1*x^4*y^17*z^3
1*x^3*y^3*z^14
1*x^2*y^20*z^2
1*x^1*y^6*z^13
1*y^23*z^1

For 138 = d/2-d1-d2-d3 you get 3 in char 0.
1*x^4*z^2
1*x^2*y^3*z^1
1*y^6

Extra powers of p used 1.
The invariant extra is equal to 1.
Start computing 11^3 Delta^1 (x1x2x3)^10... Done.
Start computing 11^4 Delta^2 (x1x2x3)^10... Done.
Start computing 11^5 Delta^3 (x1x2x3)^10... Done.
Start computing 11^6 Delta^4 (x1x2x3)^10... Done.
Start computing 11^7 Delta^5 (x1x2x3)^10... Done.
Start computing 11^8 Delta^6 (x1x2x3)^10... Done.
Start computing 11^9 Delta^7 (x1x2x3)^10... Done.
Start computing aa.
1 2 3 4 5 6 7 8 9 10 11 
*/
A = \
[508145269818609902064705036689,676357561124134343493430897073,436794335421034451049298415002,789934541746291164949297863082,1579745679506257838223475603282,1253041176514306848117193014974,1076112154187472068638296834003,604562251978231804731259617722,809956039245343432934181937291,1215827489145865067076239176157,859581680234919456530755840383;\
638590135023255943815611199493,1292828866607192069116973889159,1412486330070822009953815004132,508979096913759124890051939190,1312275080816433056746831949992,416423370552429417330585526281,1210840984829371187394182543870,1511933384703236661625276529569,114168456080979065882066728822,993524128204171839969522047769,1513052301310051800121183032266;\
1118506297832833703594486778566,839003833285331011856381584462,787427685618567913098742904838,1345888687348641475305716655271,1257240258103716777100407278015,23899934054859100411122457695,1259961905160143797493023899999,1311129517232447124068109809303,1405572724057991159655916374421,492181003971807530609093785987,849597920161614746060796754864;\
1407580596908499811800798549278,1365696548061755778468205773294,288908923320842486947761450111,478955933832342925088268234822,274416239256577602990671055531,1083205457464479267936446598279,877231438789144636189578809531,830275043909010092046451539632,1317035123030878258088429363103,889249583841914267271840807618,1500642737865737861963192498137;\
436375812507414986482585148330,633038282216777909919731390301,42246259180850413790151969394,654569040281839069154226931131,957918721566883882976729167389,1423042917930024387316299621323,1582083893262467025173794637080,1483028514508738944614883300175,1148914384912384787511538137447,900038973835981663249761029912,917480018105182942022046510967;\
946413494252131446253847211860,940387238205877963597869526497,931266924585310830912202368774,1085282072130218184511843894054,184577699687106470500119864247,33761546140487837104512047507,923288700888445047043419771580,80552820623795748997336127846,1438833108323040028027826047475,1181286405305233121878589053701,1499172060473900268183114956052;\
875663596969483646814337231834,252687777764918867254583101052,316568332408002558616622927387,626254155732542771954167971290,1081322705724992051932720929094,1064757472882621033723174703087,1319338211250028709340054639790,635909182706051390817566068733,1279392374806960232630620891093,277128196660369156154301757134,563361185945313296454486149302;\
274888238724122982897908964207,618479559134577657225195914243,1293735054776785958892305834080,566149771636033990452052277019,1378336795937061018517994078995,374461476989510177174428078701,1003383759096116717429757102434,600105763544249212647372803894,1190065794740620327184353437057,1412042942216056513841645279519,1182017943584103926164194983741;\
296174197599897237711782794881,181517770151360680069713572170,788868544298935257205093270914,1120497556179489714299977897972,464289802210152067657286840589,528656111162971094480481862492,755272271216291906285344098226,1234496333286395637006923228899,964617225106247046515689339623,360301322338734850617491187823,988723308924810901584379587295;\
208957379034273427488584920617,737881066710489592046076092889,338341173855774177562134915549,1275754359962363642540837963547,420162153856330663166412847923,693136181746857333607712681476,1297297418341958888424451119601,1470562249817047715100107436805,1111066991115049320285099135827,1136787534011317238594476307353,667005414508268131019590561497;\
1322322961462659243627701180702,708055278898303346766843555862,809925358069779931317808851823,1272943508573151833406254659800,163064575314723297030940812413,1381435078470252596371005672236,1551711020446977286900268167166,565518720878469513058655200680,248996492518398945984669896297,396352476803806028978651248828,1066956399335847883558209192327]
/* 
This matrix times 11^(-1) should be the matrix of frobenius.
*/ 
B = 11^(-1) * A; 
/* Freed 166 lists. */
