/* Comments begin... 
Coefficient of   x^21 * y^1               = 1
Coefficient of   x^10 * y^2 * z^6         = -3
Coefficient of   x^8 * y^5 * z^5         = 1
Coefficient of   x^6 * y^8 * z^4         = -1
Coefficient of   x^4 * y^11 * z^3         = -3
Coefficient of   x^2 * y^14 * z^2         = -2
Coefficient of   x^1 * z^13               = -2
Coefficient of   y^17 * z^1               = 3

Here is the polynomial we're using this time:

1*x^21*y^1 + -3*x^10*y^2*z^6 + 1*x^8*y^5*z^5 + -1*x^6*y^8*z^4 + -3*x^4*y^11*z^3 + -2*x^2*y^14*z^2 + -2*x^1*z^13 + 3*y^17*z^1

Allocate G_len 20 elements and old = 0.
Allocate M_len = 400 elements.
Allocate G_len 40 elements and old = 20.
Allocate M_len = 800 elements.
Allocate G_len 80 elements and old = 40.
Allocate M_len = 1600 elements.
Allocate M_len = 3200 elements.
Allocate G_len 160 elements and old = 80.
Allocate M_len = 6400 elements.
Allocate M_len = 12800 elements.
Allocate G_len 320 elements and old = 160.
Not smooth!
Coefficient of   x^21 * y^1               = -5
Coefficient of   x^10 * y^2 * z^6         = 4
Coefficient of   x^8 * y^5 * z^5         = 0
Coefficient of   x^6 * y^8 * z^4         = -4
Coefficient of   x^4 * y^11 * z^3         = 3
Coefficient of   x^2 * y^14 * z^2         = -3
Coefficient of   x^1 * z^13               = 4
Coefficient of   y^17 * z^1               = -5

Here is the polynomial we're using this time:

-5*x^21*y^1 + 4*x^10*y^2*z^6 + -4*x^6*y^8*z^4 + 3*x^4*y^11*z^3 + -3*x^2*y^14*z^2 + 4*x^1*z^13 + -5*y^17*z^1

The final length of G is 159
[10, 2, 5, 0]  	391	6 
[21, 0, 0, 0]  	399	6  <--- 1
[20, 1, 0, 0]  	403	6 
[6, 8, 4, 0]  	422	5 
[6, 14, 3, 0]  	529	7 
[5, 0, 15, 0]  	560	6 
[16, 8, 3, 0]  	581	10 
[14, 11, 3, 0]  	612	9 
[11, 0, 14, 0]  	643	10 
[14, 14, 2, 0]  	650	10 
[18, 11, 2, 0]  	657	10 
[9, 3, 14, 0]  	674	9 
[12, 17, 2, 0]  	681	9 
[15, 0, 13, 0]  	688	9 
[10, 19, 2, 0]  	689	9 
[9, 20, 2, 0]  	693	8 
[18, 14, 1, 0]  	695	9 
[8, 5, 14, 0]  	701	8 
[7, 6, 14, 0]  	705	8 
[9, 6, 13, 0]  	712	8 
[12, 20, 1, 0]  	719	8 
[8, 22, 2, 0]  	720	8 
[7, 23, 2, 0]  	724	7 
[16, 17, 1, 0]  	726	8 
[10, 22, 1, 0]  	727	8 
[9, 23, 1, 0]  	731	7 
[5, 25, 2, 0]  	732	7 
[19, 0, 12, 0]  	733	8 
[14, 19, 1, 0]  	734	8 
[5, 9, 14, 0]  	736	7 
[7, 25, 1, 0]  	739	7 
[6, 26, 1, 0]  	743	7 
[8, 26, 0, 0]  	750	7 
[5, 11, 13, 0]  	751	7 
[4, 12, 13, 0]  	755	6 
[12, 23, 0, 0]  	757	7 
[6, 28, 0, 0]  	758	7 
[4, 11, 14, 0]  	763	6 
[10, 25, 0, 0]  	765	7 
[4, 26, 3, 0]  	767	6 
[5, 28, 1, 0]  	770	6 
[4, 14, 12, 0]  	770	6 
[5, 24, 4, 0]  	771	6 
[14, 22, 0, 0]  	772	7 
[19, 18, 0, 0]  	775	7 
[18, 19, 0, 0]  	779	7 
[5, 15, 11, 0]  	781	6 
[4, 28, 2, 0]  	782	6 
[3, 14, 13, 0]  	782	6 
[3, 29, 2, 0]  	786	5 
[5, 18, 9, 0]  	788	6 
[4, 31, 0, 0]  	789	6 
[3, 32, 0, 0]  	793	5 
[5, 21, 7, 0]  	795	6 
[5, 17, 10, 0]  	796	6 
[4, 18, 10, 0]  	800	5 
[3, 31, 1, 0]  	801	5 
[3, 0, 24, 0]  	801	5 
[5, 20, 8, 0]  	803	6 
[2, 32, 1, 0]  	805	5 
[17, 21, 0, 0]  	806	6 
[4, 25, 5, 0]  	806	6 
[4, 21, 8, 0]  	807	5 
[4, 17, 11, 0]  	808	5 
[5, 23, 6, 0]  	810	6 
[4, 1, 23, 0]  	812	5 
[4, 24, 6, 0]  	814	5 
[4, 20, 9, 0]  	815	5 
[3, 17, 12, 0]  	820	5 
[4, 23, 7, 0]  	822	5 
[2, 18, 12, 0]  	824	4 
[4, 7, 19, 0]  	826	5 
[4, 3, 22, 0]  	827	5 
[3, 12, 16, 0]  	829	5 
[3, 4, 22, 0]  	831	4 
[4, 10, 17, 0]  	833	5 
[4, 6, 20, 0]  	834	5 
[3, 11, 17, 0]  	837	5 
[3, 7, 20, 0]  	838	4 
[3, 3, 23, 0]  	839	4 
[4, 9, 18, 0]  	841	5 
[2, 35, 0, 0]  	843	4 
[3, 10, 18, 0]  	845	4 
[3, 6, 21, 0]  	846	4 
[3, 21, 10, 0]  	850	4 
[3, 9, 19, 0]  	853	4 
[3, 28, 5, 0]  	856	5 
[3, 20, 11, 0]  	858	4 
[2, 29, 5, 0]  	860	4 
[2, 21, 11, 0]  	862	3 
[3, 27, 6, 0]  	864	4 
[3, 23, 9, 0]  	865	4 
[2, 28, 6, 0]  	868	4 
[2, 24, 9, 0]  	869	3 
[3, 26, 7, 0]  	872	4 
[2, 4, 24, 0]  	874	4 
[2, 31, 4, 0]  	875	5 
[2, 27, 7, 0]  	876	3 
[2, 23, 10, 0]  	877	3 
[2, 7, 22, 0]  	881	3 
[2, 26, 8, 0]  	884	3 
[2, 14, 17, 0]  	887	4 
[2, 10, 20, 0]  	888	3 
[1, 15, 17, 0]  	891	3 
[1, 38, 0, 0]  	893	3 
[2, 13, 18, 0]  	895	3 
[2, 9, 21, 0]  	896	3 
[2, 1, 27, 0]  	898	4 
[1, 14, 18, 0]  	899	3 
[1, 10, 21, 0]  	900	2 
[2, 12, 19, 0]  	903	3 
[2, 0, 28, 0]  	906	4 
[1, 13, 19, 0]  	907	2 
[1, 32, 5, 0]  	910	3 
[1, 12, 20, 0]  	915	2 
[1, 31, 6, 0]  	918	3 
[1, 27, 9, 0]  	919	2 
[0, 32, 6, 0]  	922	2 
[1, 30, 7, 0]  	926	2 
[1, 18, 16, 0]  	929	3 
[0, 31, 7, 0]  	930	2 
[1, 29, 8, 0]  	934	2 
[0, 30, 8, 0]  	938	1 
[1, 1, 29, 0]  	941	2 
[1, 24, 12, 0]  	943	3 
[1, 35, 4, 0]  	948	3 
[1, 0, 30, 0]  	949	2 
[0, 1, 30, 0]  	953	1 
[0, 16, 19, 0]  	957	1 
[0, 35, 5, 0]  	960	2 
[0, 0, 31, 0]  	961	1  <--- 3
[0, 18, 18, 0]  	972	1 
[1, 4, 28, 0]  	979	2 
[0, 4, 29, 0]  	991	1 
[0, 38, 4, 0]  	998	2 
[0, 21, 17, 0]  	1010	1 
[0, 44, 0, 0]  	1012	2  <--- 2
[1, 7, 27, 0]  	1017	2 
[0, 7, 28, 0]  	1029	1 
[0, 41, 3, 0]  	1036	2 
[0, 24, 16, 0]  	1048	1 
[0, 10, 27, 0]  	1067	1 
[0, 27, 15, 0]  	1086	1 
[0, 13, 26, 0]  	1105	1 
[5, 29, 0, 1]  	762	6 
[16, 20, 0, 1]  	764	7 
[4, 29, 1, 1]  	774	6 
[4, 4, 21, 1]  	819	5 
[2, 15, 16, 1]  	879	4 
[1, 21, 15, 1]  	967	3 
[3, 24, 8, 2]  	857	4 
[2, 10, 19, 28]  	857	3 
[4, 15, 11, 29]  	762	5 
[5, 21, 6, 29]  	764	6 
[3, 15, 12, 29]  	774	4 
[4, 24, 5, 29]  	783	5 
[3, 21, 9, 29]  	819	4 
[1, 32, 4, 29]  	879	3 
[0, 38, 3, 29]  	967	2 
------
The gap is between 3 and 27.
Lengths: 3 3 5 5 3 3.
For 982 = 5*d/2-d1-d2-d3 you get 3 in char 0.
1*x^1*y^23*z^14
1*y^40*z^2
1*y^9*z^25

For 560 = 3*d/2-d1-d2-d3 you get 5 in char 0.
1*x^4*y^17*z^3
1*x^3*y^3*z^14
1*x^2*y^20*z^2
1*x^1*y^6*z^13
1*y^23*z^1

For 138 = d/2-d1-d2-d3 you get 3 in char 0.
1*x^4*z^2
1*x^2*y^3*z^1
1*y^6

Extra powers of p used 0.
The invariant extra is equal to 1.
Start computing 11^3 Delta^1 (x1x2x3)^10... Done.
Start computing 11^4 Delta^2 (x1x2x3)^10... Done.
Start computing 11^5 Delta^3 (x1x2x3)^10... Done.
Start computing 11^6 Delta^4 (x1x2x3)^10... Done.
Start computing 11^7 Delta^5 (x1x2x3)^10... Done.
Start computing 11^8 Delta^6 (x1x2x3)^10... Done.
Start computing 11^9 Delta^7 (x1x2x3)^10... Done.
Start computing aa.
1 2 3 4 5 6 7 8 9 10 11 
*/
A = \
[1442668633130262795939625383352,1031719632652264941217431149415,934264990927388137045073647911,899736575079615353656277017338,481843062097290339753066778909,113915171290387505024732897514,703932127560822464139806341811,1495732383024510085702469300419,35177777218783243507377387902,1349444842805172959218219536800,29250819276289066397481885070;\
581458061535273872824765225768,21130405078376416530138035330,670668767123322255584574518519,1156089341442010012274624802217,995895733645860345139416051202,1348367530878713624367216833419,475360408627778326557357150786,373325004770400576935687388160,1365964627623155554007655251984,68564561360291059598827067116,542870501681972542650897303748;\
695938621023346553054253168755,331589109709197052827638962438,1577740986926880482259248622030,1296430327315764781212597572190,540877360895373559474339012288,1384577082799180085515249068211,1143464543708131575787132886467,1041368563871086807492230475656,686884082742597783500444652500,1179202878899614985227570670846,236412684776417570171763084303;\
714344818854956055739374652679,813222292838404153017273713364,131915641399997807054483337102,765454197727489615263052878084,909803338787683953564824206235,1343260807279234488781697190432,1119001544047289209733299005858,54217820924161607292049858685,42583493452239625346735903090,773302901780408395522399046455,502200785628893272540556829628;\
1574849031578475631349906148003,609919889792628655218665540282,1145548130266554751029415877815,450523229315895177224752191849,419077326476817513670120752577,776937420699420917479210064133,987778054122239279781980818742,188015943124105664215996688098,111290540217716890846534456705,887111691882900832702361507016,999166182920586063839649487624;\
371608719867998573572094491547,1426893242923744328863290037806,861129670765476095379718112423,450786273055332443388781723552,740990559930550082860649328309,331431246680036636304188289382,1342297585669605353251287539726,961508110141241162137143894806,735108953866799022392748918678,1573962592149879886007833104292,1283362971070035315664044514850;\
377588104507331735408401368833,1059192231329562579821789187205,1077717258955810465617262024842,688242617372688973480280000309,189720482310500482363474474693,1572454895350442945479069393962,1171975729048783855499827377722,970053455377400456004989989910,1457979240323675818309445796890,1080151496632931665766401839074,421384615254144560643094437671;\
127045327272629413881018296737,399359791456539602044582416482,402722123300304925743630183875,1470603054148815321968720277230,577080328012650380890504236154,1564515444046503155776887188431,65794623446316668598408844317,361451088655977141139711347933,54831955658797062016122985375,487182915806883077346841345256,1336129054194987013999032484093;\
1096627806342873555536106949752,1476019930947012007755963454057,574502073825701870156705791842,293086663171094485108478605092,1093299289298609964942218639781,119609074087735940021413401137,956084831288575439488701065688,814062407351868232088097533274,1463949868454250838029093622414,1521140659644102138066116894598,1527429756030548045453846701842;\
1132761327093400709635927554504,296297517303529514876405394438,804420494650716432988811961869,746876623444242578732581857314,432812512756121587436198074025,838674802037593496622181950349,236958823640270075566157647866,129950691349652066893258874439,211707641749978606010958119864,1131809195603694481776781700217,1046198387477051750411782255383;\
75994456982230411854842161780,3115099795465257055335276211,1561423404183510135473067560795,1269760300246759108964942900398,1544230611961552780813508978017,648082318808046371515890603309,1335711008847571104621038381061,675447352479223388503244337158,34397148169514360872249795110,1279049766517320462846610774807,698136972076289707140270409901]
/* 
This should be the matrix of frobenius!
*/ 
B = A; 
/* Freed 166 lists. */
