/* Comments begin... 
Coefficient of   x^21 * y^1               = 2
Coefficient of   x^10 * y^2 * z^6         = 3
Coefficient of   x^8 * y^5 * z^5         = -2
Coefficient of   x^6 * y^8 * z^4         = -1
Coefficient of   x^4 * y^11 * z^3         = 1
Coefficient of   x^2 * y^14 * z^2         = 0
Coefficient of   x^1 * z^13               = -4
Coefficient of   y^17 * z^1               = -5

Here is the polynomial we're using this time:

2*x^21*y^1 + 3*x^10*y^2*z^6 + -2*x^8*y^5*z^5 + -1*x^6*y^8*z^4 + 1*x^4*y^11*z^3 + -4*x^1*z^13 + -5*y^17*z^1

Allocate G_len 20 elements and old = 0.
Allocate M_len = 400 elements.
Allocate G_len 40 elements and old = 20.
Allocate M_len = 800 elements.
Allocate G_len 80 elements and old = 40.
Allocate M_len = 1600 elements.
Allocate M_len = 3200 elements.
Allocate G_len 160 elements and old = 80.
Allocate M_len = 6400 elements.
Allocate M_len = 12800 elements.
Allocate G_len 320 elements and old = 160.
The final length of G is 163
[10, 2, 5, 0]  	391	6 
[21, 0, 0, 0]  	399	6  <--- 1
[20, 1, 0, 0]  	403	6 
[8, 5, 5, 0]  	422	5 
[8, 8, 4, 0]  	460	7 
[6, 11, 4, 0]  	491	6 
[6, 14, 3, 0]  	529	7 
[5, 0, 15, 0]  	560	6 
[18, 5, 4, 0]  	581	10 
[18, 8, 3, 0]  	619	10 
[10, 17, 2, 0]  	643	8 
[16, 11, 3, 0]  	650	9 
[14, 14, 2, 0]  	650	10 
[18, 11, 2, 0]  	657	9 
[9, 3, 14, 0]  	674	8 
[15, 0, 13, 0]  	688	8 
[9, 20, 2, 0]  	693	7 
[17, 0, 12, 0]  	695	8 
[7, 22, 2, 0]  	701	7 
[7, 6, 14, 0]  	705	7 
[8, 23, 1, 0]  	712	8 
[12, 20, 1, 0]  	719	8 
[7, 8, 13, 0]  	720	8 
[6, 9, 13, 0]  	724	6 
[10, 22, 1, 0]  	727	8 
[6, 8, 14, 0]  	732	7 
[5, 25, 2, 0]  	732	7 
[14, 19, 1, 0]  	734	7 
[5, 9, 14, 0]  	736	7 
[7, 25, 1, 0]  	739	7 
[16, 19, 0, 0]  	741	7 
[6, 26, 1, 0]  	743	7 
[8, 26, 0, 0]  	750	7 
[5, 11, 13, 0]  	751	7 
[4, 12, 13, 0]  	755	6 
[6, 28, 0, 0]  	758	7 
[5, 29, 0, 0]  	762	6 
[4, 11, 14, 0]  	763	6 
[10, 25, 0, 0]  	765	7 
[4, 26, 3, 0]  	767	6 
[5, 28, 1, 0]  	770	6 
[4, 14, 12, 0]  	770	6 
[5, 24, 4, 0]  	771	6 
[5, 20, 7, 0]  	772	6 
[4, 29, 1, 0]  	774	6 
[19, 18, 0, 0]  	775	7 
[5, 15, 11, 0]  	781	6 
[4, 28, 2, 0]  	782	6 
[3, 14, 13, 0]  	782	6 
[3, 29, 2, 0]  	786	5 
[5, 18, 9, 0]  	788	6 
[4, 31, 0, 0]  	789	6 
[4, 23, 6, 0]  	791	5 
[3, 32, 0, 0]  	793	5 
[5, 17, 10, 0]  	796	6 
[3, 31, 1, 0]  	801	5 
[3, 0, 24, 0]  	801	5 
[2, 32, 1, 0]  	805	5 
[4, 25, 5, 0]  	806	6 
[4, 21, 8, 0]  	807	5 
[4, 17, 11, 0]  	808	5 
[4, 1, 23, 0]  	812	5 
[4, 20, 9, 0]  	815	5 
[4, 4, 21, 0]  	819	5 
[2, 18, 12, 0]  	824	4 
[4, 7, 19, 0]  	826	5 
[3, 12, 16, 0]  	829	5 
[3, 4, 22, 0]  	831	4 
[4, 10, 17, 0]  	833	5 
[4, 6, 20, 0]  	834	5 
[15, 24, 0, 0]  	837	5 
[3, 11, 17, 0]  	837	5 
[3, 7, 20, 0]  	838	4 
[3, 3, 23, 0]  	839	4 
[4, 9, 18, 0]  	841	5 
[2, 35, 0, 0]  	843	4 
[3, 10, 18, 0]  	845	4 
[3, 6, 21, 0]  	846	4 
[3, 21, 10, 0]  	850	4 
[3, 9, 19, 0]  	853	4 
[3, 28, 5, 0]  	856	5 
[3, 24, 8, 0]  	857	4 
[3, 20, 11, 0]  	858	4 
[2, 21, 11, 0]  	862	3 
[3, 27, 6, 0]  	864	4 
[3, 23, 9, 0]  	865	4 
[2, 28, 6, 0]  	868	4 
[2, 24, 9, 0]  	869	3 
[3, 26, 7, 0]  	872	4 
[2, 4, 24, 0]  	874	4 
[2, 31, 4, 0]  	875	5 
[2, 27, 7, 0]  	876	3 
[2, 23, 10, 0]  	877	3 
[2, 15, 16, 0]  	879	4 
[2, 7, 22, 0]  	881	3 
[2, 26, 8, 0]  	884	3 
[2, 14, 17, 0]  	887	4 
[2, 10, 20, 0]  	888	3 
[1, 15, 17, 0]  	891	3 
[1, 38, 0, 0]  	893	3 
[2, 13, 18, 0]  	895	3 
[2, 9, 21, 0]  	896	3 
[2, 1, 27, 0]  	898	4 
[1, 14, 18, 0]  	899	3 
[1, 10, 21, 0]  	900	2 
[2, 12, 19, 0]  	903	3 
[1, 13, 19, 0]  	907	2 
[1, 32, 5, 0]  	910	3 
[1, 12, 20, 0]  	915	2 
[1, 31, 6, 0]  	918	3 
[1, 27, 9, 0]  	919	2 
[0, 32, 6, 0]  	922	2 
[1, 18, 16, 0]  	929	3 
[0, 31, 7, 0]  	930	2 
[1, 29, 8, 0]  	934	2 
[2, 0, 29, 0]  	937	3 
[0, 30, 8, 0]  	938	1 
[1, 1, 29, 0]  	941	2 
[1, 24, 12, 0]  	943	3 
[1, 35, 4, 0]  	948	3 
[0, 1, 30, 0]  	953	1 
[0, 16, 19, 0]  	957	1 
[0, 35, 5, 0]  	960	2 
[0, 0, 31, 0]  	961	1  <--- 3
[1, 21, 15, 0]  	967	3 
[0, 18, 18, 0]  	972	1 
[0, 4, 29, 0]  	991	1 
[0, 38, 4, 0]  	998	2 
[0, 21, 17, 0]  	1010	1 
[0, 44, 0, 0]  	1012	2  <--- 2
[1, 7, 27, 0]  	1017	2 
[0, 7, 28, 0]  	1029	1 
[0, 24, 16, 0]  	1048	1 
[0, 10, 27, 0]  	1067	1 
[0, 27, 15, 0]  	1086	1 
[0, 13, 26, 0]  	1105	1 
[14, 11, 3, 1]  	612	10 
[13, 0, 14, 1]  	681	9 
[16, 17, 1, 1]  	726	7 
[12, 23, 0, 1]  	757	7 
[4, 18, 10, 1]  	800	5 
[3, 17, 12, 1]  	820	5 
[4, 3, 22, 1]  	827	5 
[2, 29, 5, 1]  	860	4 
[2, 0, 28, 1]  	906	4 
[1, 30, 7, 1]  	926	2 
[1, 0, 30, 1]  	949	2 
[1, 4, 28, 1]  	979	2 
[0, 41, 3, 1]  	1036	2 
[12, 14, 2, 29]  	612	9 
[10, 20, 1, 29]  	681	6 
[5, 18, 7, 29]  	726	5 
[4, 21, 6, 29]  	745	5 
[4, 24, 5, 29]  	783	5 
[4, 7, 18, 29]  	795	5 
[3, 4, 21, 29]  	800	4 
[3, 10, 17, 29]  	814	4 
[2, 34, 0, 29]  	820	4 
[3, 20, 10, 29]  	827	4 
[1, 15, 16, 29]  	860	3 
[0, 16, 18, 29]  	926	1 
[0, 21, 16, 29]  	979	1 
[0, 10, 26, 29]  	1036	1 
------
The gap is between 2 and 28.
Lengths: 3 3 5 5 3 3.
For 982 = 5*d/2-d1-d2-d3 you get 3 in char 0.
1*x^1*y^23*z^14
1*y^40*z^2
1*y^9*z^25

For 560 = 3*d/2-d1-d2-d3 you get 5 in char 0.
1*x^4*y^17*z^3
1*x^3*y^3*z^14
1*x^2*y^20*z^2
1*x^1*y^6*z^13
1*y^23*z^1

For 138 = d/2-d1-d2-d3 you get 3 in char 0.
1*x^4*z^2
1*x^2*y^3*z^1
1*y^6

Extra powers of p used 0.
The invariant extra is equal to 1.
Start computing 11^3 Delta^1 (x1x2x3)^10... Done.
Start computing 11^4 Delta^2 (x1x2x3)^10... Done.
Start computing 11^5 Delta^3 (x1x2x3)^10... Done.
Start computing 11^6 Delta^4 (x1x2x3)^10... Done.
Start computing 11^7 Delta^5 (x1x2x3)^10... Done.
Start computing 11^8 Delta^6 (x1x2x3)^10... Done.
Start computing 11^9 Delta^7 (x1x2x3)^10... Done.
Start computing aa.
1 2 3 4 5 6 7 8 9 10 11 
*/
A = \
[1238866320450946258277608540399,744770501931361566803799003994,741725734189218480091137223347,173607532395137749122587514911,1509575108342468378535078572136,960060373122220673340465840115,1542472592433736087171252363356,401403671817397103758190622467,1219005084874417103920641680949,35715988929841006679813311501,1054752182465879131019525025572;\
1516722015899909544496089010448,678531589170528431570417893187,757181011075933856813575487566,299478334351254708732192716320,494259952696745761415895631384,1109397613436863406569579788111,722971756045576029512220054365,704186664174105241511392461627,943326961873859769920697146889,1081775325477773326754706073777,49206838719184937872581857346;\
514487206481798193965637060105,103856924093889744011630025151,494656403363786162697141045408,669062212169547993333605305160,752381224895437570093359894030,424174852225289931496918359667,465235380398348673821058729653,1574995962041263036212110423272,1572308177300503406882158328178,915509849422696388094103572351,933494341366030741530574120483;\
268348081203317092904867032333,1466143414090012817475371616531,1532848358016255353258822579640,1127216647668740563734676953637,545041585683128149885390336501,1319100267791858901941655834694,1542397469967669741783417172640,1168622209546836985152666095840,716112485110945909742537413445,84054634013010420404001048450,928356356590408604832928103952;\
1301975499292063730932255402405,1342596046570308588449012286734,835518953549851102008587981989,488808365242943175613456697424,981637204656008827620760701261,611022620427785578545509358734,1278866434321506969727187712357,873130886747719716014177862583,1548650960411993212157495804131,478336512376291058281558021717,320440512225449626503974731283;\
1042691057743277414615628832525,1409849215781987228501859078757,1113976302056460737228401145456,806859886996024896764622737438,180793226597822356738378862902,749486068680838654487375151989,66886357791879947950421381996,1144434062957722065240008537922,158427590336169978232688659039,1026249996488859866166221536538,619804147887505289984010486157;\
1016910877940921068799036981473,1078729576703383160656665304937,407180436027441389998807426331,301946115597422560932995615189,837388449994457316687547804252,467193055983829154724787999297,476090164904916363524147356437,948673366512691083551213950551,1355796135184721271466948785581,1084310442466583991354025010285,1122186260003083901033670446294;\
894835448256063998778124599946,509265514723632430472838336312,87839504117102490582521123020,611620898730344662138743747324,1542729644787626037824714313010,1091637361048302736784238778931,1455476455181680288946391387629,1302245401696629567255589126165,302507673399133225308038285906,1228439545097614512413265665029,439707911242024194298775162455;\
195123877965785836759184620634,1295460732126059985581689213398,375374362647131612122302837285,1385877497204699662252022848860,489901776952517003112601011537,92128301444404295186281220682,318725691878523931431548371715,561545820827784462643250179023,1442272299429719906579946474487,810762915540572174195691432823,1438023334913251532054725076510;\
672569102371181919976781229575,759049720611217107146662015107,180922984218739712492938262059,226243019957144491480926830061,930130084345632357218704512906,1554629641869306380904045398043,612825416488905726602542876863,970944998068128285126396614241,735056996716702938237755359960,788838694581911445958436820243,77894678162914108623536474472;\
630754171559459861858279783391,987012773547353442896222608974,1434926094158597619843563008725,176570276970684114569446394032,990993023501999047292920573229,239648172780693605757289107636,997992433467504138071319296605,1530125991785146903912169925157,233264254505141828079468496700,17020093580597719105927175644,20483372036720651482039964117]
/* 
This should be the matrix of frobenius!
*/ 
B = A; 
/* Freed 166 lists. */
