/* Comments begin... 
Coefficient of   x^21 * y^1               = -1
Coefficient of   x^10 * y^2 * z^6         = -2
Coefficient of   x^8 * y^5 * z^5         = 3
Coefficient of   x^6 * y^8 * z^4         = 3
Coefficient of   x^4 * y^11 * z^3         = 2
Coefficient of   x^2 * y^14 * z^2         = 2
Coefficient of   x^1 * z^13               = -4
Coefficient of   y^17 * z^1               = -4

Here is the polynomial we're using this time:

-1*x^21*y^1 + -2*x^10*y^2*z^6 + 3*x^8*y^5*z^5 + 3*x^6*y^8*z^4 + 2*x^4*y^11*z^3 + 2*x^2*y^14*z^2 + -4*x^1*z^13 + -4*y^17*z^1

Allocate G_len 20 elements and old = 0.
Allocate M_len = 400 elements.
Allocate G_len 40 elements and old = 20.
Allocate M_len = 800 elements.
Allocate G_len 80 elements and old = 40.
Allocate M_len = 1600 elements.
Allocate M_len = 3200 elements.
Allocate G_len 160 elements and old = 80.
Allocate M_len = 6400 elements.
Allocate M_len = 12800 elements.
Allocate G_len 320 elements and old = 160.
The final length of G is 161
[10, 2, 5, 0]  	391	7 
[21, 0, 0, 0]  	399	7  <--- 1
[20, 1, 0, 0]  	403	7 
[8, 5, 5, 0]  	422	6 
[8, 8, 4, 0]  	460	7 
[6, 11, 4, 0]  	491	6 
[6, 14, 3, 0]  	529	7 
[5, 0, 15, 0]  	560	6 
[18, 5, 4, 0]  	581	12 
[14, 11, 3, 0]  	612	11 
[18, 8, 3, 0]  	619	11 
[11, 0, 14, 0]  	643	10 
[14, 14, 2, 0]  	650	10 
[18, 11, 2, 0]  	657	10 
[9, 3, 14, 0]  	674	9 
[12, 17, 2, 0]  	681	9 
[10, 19, 2, 0]  	689	9 
[9, 20, 2, 0]  	693	8 
[18, 14, 1, 0]  	695	9 
[7, 22, 2, 0]  	701	8 
[7, 6, 14, 0]  	705	8 
[8, 23, 1, 0]  	712	8 
[12, 20, 1, 0]  	719	8 
[7, 8, 13, 0]  	720	8 
[6, 9, 13, 0]  	724	7 
[17, 0, 13, 0]  	726	8 
[16, 17, 1, 0]  	726	8 
[10, 22, 1, 0]  	727	8 
[6, 8, 14, 0]  	732	7 
[5, 25, 2, 0]  	732	7 
[19, 0, 12, 0]  	733	8 
[14, 19, 1, 0]  	734	8 
[5, 9, 14, 0]  	736	7 
[7, 25, 1, 0]  	739	7 
[6, 26, 1, 0]  	743	7 
[8, 26, 0, 0]  	750	7 
[5, 11, 13, 0]  	751	7 
[4, 12, 13, 0]  	755	6 
[12, 23, 0, 0]  	757	7 
[6, 28, 0, 0]  	758	7 
[5, 29, 0, 0]  	762	6 
[4, 11, 14, 0]  	763	6 
[5, 17, 9, 0]  	765	6 
[4, 26, 3, 0]  	767	6 
[5, 28, 1, 0]  	770	6 
[4, 14, 12, 0]  	770	6 
[5, 24, 4, 0]  	771	6 
[14, 22, 0, 0]  	772	7 
[4, 29, 1, 0]  	774	6 
[19, 18, 0, 0]  	775	7 
[18, 19, 0, 0]  	779	7 
[5, 15, 11, 0]  	781	6 
[4, 28, 2, 0]  	782	6 
[3, 14, 13, 0]  	782	6 
[4, 20, 8, 0]  	784	5 
[3, 29, 2, 0]  	786	5 
[4, 31, 0, 0]  	789	6 
[3, 32, 0, 0]  	793	5 
[5, 21, 7, 0]  	795	6 
[4, 18, 10, 0]  	800	5 
[3, 31, 1, 0]  	801	5 
[3, 0, 24, 0]  	801	5 
[2, 32, 1, 0]  	805	5 
[17, 21, 0, 0]  	806	6 
[4, 25, 5, 0]  	806	6 
[4, 17, 11, 0]  	808	5 
[5, 23, 6, 0]  	810	6 
[4, 1, 23, 0]  	812	5 
[4, 24, 6, 0]  	814	5 
[3, 17, 12, 0]  	820	5 
[4, 23, 7, 0]  	822	5 
[2, 18, 12, 0]  	824	4 
[4, 7, 19, 0]  	826	5 
[4, 3, 22, 0]  	827	5 
[3, 12, 16, 0]  	829	5 
[3, 4, 22, 0]  	831	4 
[4, 10, 17, 0]  	833	5 
[4, 6, 20, 0]  	834	5 
[3, 11, 17, 0]  	837	5 
[3, 7, 20, 0]  	838	4 
[4, 9, 18, 0]  	841	5 
[2, 35, 0, 0]  	843	4 
[3, 10, 18, 0]  	845	4 
[3, 6, 21, 0]  	846	4 
[3, 21, 10, 0]  	850	4 
[3, 9, 19, 0]  	853	4 
[3, 28, 5, 0]  	856	5 
[3, 24, 8, 0]  	857	4 
[3, 20, 11, 0]  	858	4 
[2, 29, 5, 0]  	860	4 
[2, 21, 11, 0]  	862	3 
[3, 27, 6, 0]  	864	4 
[3, 23, 9, 0]  	865	4 
[2, 28, 6, 0]  	868	4 
[2, 24, 9, 0]  	869	3 
[3, 26, 7, 0]  	872	4 
[2, 31, 4, 0]  	875	5 
[2, 27, 7, 0]  	876	3 
[2, 23, 10, 0]  	877	3 
[2, 15, 16, 0]  	879	4 
[2, 26, 8, 0]  	884	3 
[2, 14, 17, 0]  	887	4 
[2, 10, 20, 0]  	888	3 
[1, 15, 17, 0]  	891	3 
[1, 38, 0, 0]  	893	3 
[2, 13, 18, 0]  	895	3 
[2, 1, 27, 0]  	898	4 
[1, 14, 18, 0]  	899	3 
[1, 10, 21, 0]  	900	2 
[2, 12, 19, 0]  	903	3 
[2, 0, 28, 0]  	906	4 
[1, 13, 19, 0]  	907	2 
[1, 32, 5, 0]  	910	3 
[1, 12, 20, 0]  	915	2 
[1, 31, 6, 0]  	918	3 
[1, 27, 9, 0]  	919	2 
[0, 32, 6, 0]  	922	2 
[1, 30, 7, 0]  	926	2 
[1, 18, 16, 0]  	929	3 
[0, 31, 7, 0]  	930	2 
[1, 29, 8, 0]  	934	2 
[0, 30, 8, 0]  	938	1 
[1, 1, 29, 0]  	941	2 
[1, 24, 12, 0]  	943	3 
[1, 35, 4, 0]  	948	3 
[1, 0, 30, 0]  	949	2 
[0, 1, 30, 0]  	953	1 
[0, 16, 19, 0]  	957	1 
[0, 35, 5, 0]  	960	2 
[0, 0, 31, 0]  	961	1  <--- 3
[1, 21, 15, 0]  	967	3 
[0, 18, 18, 0]  	972	1 
[0, 4, 29, 0]  	991	1 
[0, 38, 4, 0]  	998	2 
[0, 21, 17, 0]  	1010	1 
[0, 44, 0, 0]  	1012	2  <--- 2
[1, 7, 27, 0]  	1017	2 
[0, 7, 28, 0]  	1029	1 
[0, 41, 3, 0]  	1036	2 
[0, 24, 16, 0]  	1048	1 
[0, 10, 27, 0]  	1067	1 
[0, 27, 15, 0]  	1086	1 
[0, 13, 26, 0]  	1105	1 
[15, 0, 13, 1]  	688	9 
[16, 20, 0, 1]  	764	7 
[4, 4, 21, 1]  	819	5 
[3, 3, 23, 1]  	839	4 
[2, 4, 24, 1]  	874	4 
[2, 7, 22, 1]  	881	3 
[2, 9, 21, 1]  	896	3 
[1, 4, 28, 1]  	979	2 
[14, 17, 1, 29]  	688	8 
[5, 21, 6, 29]  	764	6 
[4, 24, 5, 29]  	783	5 
[3, 21, 9, 29]  	819	4 
[2, 20, 11, 29]  	839	3 
[1, 21, 12, 29]  	874	3 
[1, 24, 10, 29]  	881	2 
[1, 26, 9, 29]  	896	2 
[0, 41, 0, 29]  	943	2 
[0, 21, 16, 29]  	979	1 
------
The gap is between 2 and 28.
Lengths: 3 3 5 5 3 4.
For 982 = 5*d/2-d1-d2-d3 you get 3 in char 0.
1*x^1*y^23*z^14
1*y^40*z^2
1*y^9*z^25

For 560 = 3*d/2-d1-d2-d3 you get 5 in char 0.
1*x^4*y^17*z^3
1*x^3*y^3*z^14
1*x^2*y^20*z^2
1*x^1*y^6*z^13
1*y^23*z^1

For 138 = d/2-d1-d2-d3 you get 3 in char 0.
1*x^4*z^2
1*x^2*y^3*z^1
1*y^6

Extra powers of p used 1.
The invariant extra is equal to 1.
Start computing 11^3 Delta^1 (x1x2x3)^10... Done.
Start computing 11^4 Delta^2 (x1x2x3)^10... Done.
Start computing 11^5 Delta^3 (x1x2x3)^10... Done.
Start computing 11^6 Delta^4 (x1x2x3)^10... Done.
Start computing 11^7 Delta^5 (x1x2x3)^10... Done.
Start computing 11^8 Delta^6 (x1x2x3)^10... Done.
Start computing 11^9 Delta^7 (x1x2x3)^10... Done.
Start computing aa.
1 2 3 4 5 6 7 8 9 10 11 
*/
A = \
[951890369316684517207854425929,1555377490530726463956029401599,610157888825306674238844971534,891610496179190692232458893279,1464250866375587059009179615401,1454633023885989118147844845780,956675296442661085744835225174,345841681554488561259620069487,1080643611531827443541318621348,1271276508567878550932846261632,1195909530214610572255514777850;\
990298012630196056320222620410,707571350626744872608716955559,1359129979635930083540905016075,1355744307112455067667856707799,953864911597067112300858626360,1348304769870953523899035533878,1424691837420199764278998285898,967663933808035203043536085216,1423800337592150300667723241722,1134785917122965941310509623261,303666064051368099017256489312;\
513848665531360890387951845642,1463355173994730613597753216344,1073126176336435781020550297997,358116963736577716532316049683,120288441615767381264773705537,774296704386686268625323880086,1421415768869867354165243541473,181353323301362529985327528066,853791848452544408974538246495,813256591128296291506970513612,208593496286024669853903675047;\
884906269518806446141533010033,237241014697352024943738793260,323511660198209789397128993850,917240184907154828477758670417,778223867139949591746349248438,842301725176006420696770063852,742886674462799211981776130199,1040563358059422253508910681025,677505686966975203094859798466,517357589948960735692861000451,536441007135129228819917330100;\
1065482578411834786396901528579,1447904271271593123751478744556,216487963447644202441670412331,1295712485006568448897581581682,1114405662657959266453364827068,1574825101750055062063759156103,1231662928419703771392074452526,1102338533203740759948990230141,1545033731801298315596680081740,547898694141608844896315830948,1283502865987920123221013416661;\
470594475351688938713652617283,1327438175291850102961436194648,1522408666750379157206190066896,883112074319027127157023749297,1407008785037454284929825819380,980313950908608054295669790975,953797691341817591065207733025,346033435568243433714050755540,494039035307493008924482007094,692338233340535944076504519039,1047272282384719829148534782156;\
319079212484067678057915220985,650040348762919815072550598805,450305337888315887205266965245,1141969808810247683683040543634,1313886612845090664085839418054,61895201399019596930135715165,1335066056628833570058750462422,181423779896750481475780281106,325431808723621774547425164024,864625495179041536554031542817,179665054330856859023152794604;\
232330290680386734157262884969,1480996292700328209694612517905,612680890602140120177131167538,292691613586563577167476180409,985202525564872738300420967350,1398173856779010113658285138401,532607059870258008307636672796,1305933854290760797894559387081,575459753501180244071730341129,150056264209996650307658090366,44705455300869700324679210618;\
401649877091110437678723108973,449570538498000625426091866519,597909832732159257592884890810,337642752404675631989461667578,998210421535395419920180558760,1298061701132702795865429601605,1466744301689532401091796281525,36072906457115163651429653690,1192364899047073079897294170115,1276157039286981756372962299674,22829457423384755346260138840;\
1201862356901041012762518911279,109626439995450605108352066726,394035049107288329561055572189,1439984331854406641103691067925,1295573372449192096110167106790,250924422515346076608245454298,486774348482049555952318529708,679422379364876550494737261253,847506897037108230262137187797,1549771448521300465276924423359,630827078384765316307802105601;\
1217894545260211620787996581672,1421018343686154763497596023636,698600361531766753458295500448,192843716791037094311481831417,375792200932568483487498791002,147521676970716186865088253386,44229722347850283132415180137,902127959837163814321749822211,707439673854399470595073818828,72196485837445021155064240928,1569116853006105402704026283258]
/* 
This matrix times 11^(-1) should be the matrix of frobenius.
*/ 
B = 11^(-1) * A; 
/* Freed 166 lists. */
