/* Comments begin... 
Coefficient of   x^21 * y^1               = 1
Coefficient of   x^10 * y^2 * z^6         = -1
Coefficient of   x^8 * y^5 * z^5         = 2
Coefficient of   x^6 * y^8 * z^4         = -3
Coefficient of   x^4 * y^11 * z^3         = 2
Coefficient of   x^2 * y^14 * z^2         = -1
Coefficient of   x^1 * z^13               = 0
Coefficient of   y^17 * z^1               = -3

Here is the polynomial we're using this time:

1*x^21*y^1 + -1*x^10*y^2*z^6 + 2*x^8*y^5*z^5 + -3*x^6*y^8*z^4 + 2*x^4*y^11*z^3 + -1*x^2*y^14*z^2 + -3*y^17*z^1

Allocate G_len 20 elements and old = 0.
Allocate M_len = 400 elements.
Allocate G_len 40 elements and old = 20.
Allocate M_len = 800 elements.
Not smooth!
Coefficient of   x^21 * y^1               = 0
Coefficient of   x^10 * y^2 * z^6         = -1
Coefficient of   x^8 * y^5 * z^5         = 4
Coefficient of   x^6 * y^8 * z^4         = -3
Coefficient of   x^4 * y^11 * z^3         = 4
Coefficient of   x^2 * y^14 * z^2         = 2
Coefficient of   x^1 * z^13               = 2
Coefficient of   y^17 * z^1               = -1

Here is the polynomial we're using this time:

-1*x^10*y^2*z^6 + 4*x^8*y^5*z^5 + -3*x^6*y^8*z^4 + 4*x^4*y^11*z^3 + 2*x^2*y^14*z^2 + 2*x^1*z^13 + -1*y^17*z^1

Allocate G_len 80 elements and old = 40.
Allocate M_len = 1600 elements.
Allocate M_len = 3200 elements.
Allocate G_len 160 elements and old = 80.
Not smooth!
Coefficient of   x^21 * y^1               = -1
Coefficient of   x^10 * y^2 * z^6         = -1
Coefficient of   x^8 * y^5 * z^5         = 5
Coefficient of   x^6 * y^8 * z^4         = 3
Coefficient of   x^4 * y^11 * z^3         = 3
Coefficient of   x^2 * y^14 * z^2         = -2
Coefficient of   x^1 * z^13               = -2
Coefficient of   y^17 * z^1               = 4

Here is the polynomial we're using this time:

-1*x^21*y^1 + -1*x^10*y^2*z^6 + 5*x^8*y^5*z^5 + 3*x^6*y^8*z^4 + 3*x^4*y^11*z^3 + -2*x^2*y^14*z^2 + -2*x^1*z^13 + 4*y^17*z^1

Allocate M_len = 6400 elements.
Allocate M_len = 12800 elements.
Allocate G_len 320 elements and old = 160.
Allocate M_len = 25600 elements.
The final length of G is 188
[10, 2, 5, 0]  	391	7 
[21, 0, 0, 0]  	399	7  <--- 1
[20, 1, 0, 0]  	403	7 
[8, 5, 5, 0]  	422	6 
[8, 8, 4, 0]  	460	7 
[6, 14, 3, 0]  	529	7 
[18, 5, 4, 0]  	581	12 
[7, 0, 15, 0]  	598	7 
[14, 11, 3, 0]  	612	11 
[18, 8, 3, 0]  	619	11 
[11, 0, 14, 0]  	643	10 
[14, 14, 2, 0]  	650	10 
[18, 11, 2, 0]  	657	11 
[9, 3, 14, 0]  	674	9 
[12, 17, 2, 0]  	681	9 
[15, 0, 13, 0]  	688	10 
[10, 19, 2, 0]  	689	9 
[9, 20, 2, 0]  	693	8 
[18, 14, 1, 0]  	695	10 
[7, 22, 2, 0]  	701	8 
[7, 6, 14, 0]  	705	8 
[8, 23, 1, 0]  	712	8 
[12, 20, 1, 0]  	719	9 
[7, 8, 13, 0]  	720	8 
[6, 9, 13, 0]  	724	7 
[16, 17, 1, 0]  	726	9 
[6, 8, 14, 0]  	732	8 
[19, 0, 12, 0]  	733	9 
[14, 19, 1, 0]  	734	9 
[7, 25, 1, 0]  	739	8 
[6, 26, 1, 0]  	743	7 
[8, 26, 0, 0]  	750	8 
[6, 25, 2, 0]  	751	7 
[5, 11, 13, 0]  	751	7 
[5, 26, 2, 0]  	755	6 
[4, 12, 13, 0]  	755	6 
[12, 23, 0, 0]  	757	8 
[7, 11, 12, 0]  	758	8 
[6, 12, 12, 0]  	762	7 
[5, 25, 3, 0]  	763	6 
[4, 11, 14, 0]  	763	6 
[10, 25, 0, 0]  	765	8 
[4, 26, 3, 0]  	767	6 
[5, 28, 1, 0]  	770	6 
[4, 14, 12, 0]  	770	6 
[6, 7, 16, 0]  	771	6 
[5, 24, 4, 0]  	771	6 
[14, 22, 0, 0]  	772	8 
[4, 29, 1, 0]  	774	6 
[19, 18, 0, 0]  	775	8 
[18, 19, 0, 0]  	779	7 
[6, 29, 0, 0]  	781	6 
[5, 15, 11, 0]  	781	6 
[4, 28, 2, 0]  	782	6 
[3, 14, 13, 0]  	782	6 
[3, 29, 2, 0]  	786	5 
[6, 1, 21, 0]  	788	6 
[5, 18, 9, 0]  	788	6 
[4, 31, 0, 0]  	789	6 
[3, 32, 0, 0]  	793	5 
[6, 4, 19, 0]  	795	6 
[5, 21, 7, 0]  	795	6 
[6, 0, 22, 0]  	796	6 
[5, 17, 10, 0]  	796	6 
[5, 1, 22, 0]  	800	5 
[4, 18, 10, 0]  	800	5 
[3, 31, 1, 0]  	801	5 
[3, 0, 24, 0]  	801	5 
[6, 3, 20, 0]  	803	6 
[5, 20, 8, 0]  	803	6 
[2, 32, 1, 0]  	805	5 
[17, 21, 0, 0]  	806	6 
[5, 8, 17, 0]  	806	6 
[4, 25, 5, 0]  	806	6 
[5, 4, 20, 0]  	807	5 
[4, 21, 8, 0]  	807	5 
[5, 0, 23, 0]  	808	5 
[4, 17, 11, 0]  	808	5 
[6, 6, 18, 0]  	810	6 
[5, 23, 6, 0]  	810	6 
[4, 1, 23, 0]  	812	5 
[5, 7, 18, 0]  	814	5 
[4, 24, 6, 0]  	814	5 
[5, 3, 21, 0]  	815	5 
[4, 20, 9, 0]  	815	5 
[4, 4, 21, 0]  	819	5 
[3, 17, 12, 0]  	820	5 
[5, 6, 19, 0]  	822	5 
[4, 23, 7, 0]  	822	5 
[2, 18, 12, 0]  	824	4 
[4, 7, 19, 0]  	826	5 
[4, 3, 22, 0]  	827	5 
[3, 12, 16, 0]  	829	5 
[3, 4, 22, 0]  	831	4 
[4, 10, 17, 0]  	833	5 
[4, 6, 20, 0]  	834	5 
[3, 11, 17, 0]  	837	5 
[3, 7, 20, 0]  	838	4 
[3, 3, 23, 0]  	839	4 
[4, 9, 18, 0]  	841	5 
[2, 35, 0, 0]  	843	4 
[3, 10, 18, 0]  	845	4 
[3, 6, 21, 0]  	846	4 
[3, 21, 10, 0]  	850	4 
[3, 9, 19, 0]  	853	4 
[3, 24, 8, 0]  	857	4 
[3, 20, 11, 0]  	858	4 
[2, 29, 5, 0]  	860	4 
[2, 21, 11, 0]  	862	3 
[3, 27, 6, 0]  	864	4 
[3, 23, 9, 0]  	865	4 
[2, 28, 6, 0]  	868	4 
[2, 24, 9, 0]  	869	3 
[3, 26, 7, 0]  	872	4 
[2, 4, 24, 0]  	874	4 
[2, 31, 4, 0]  	875	5 
[2, 27, 7, 0]  	876	3 
[2, 23, 10, 0]  	877	3 
[2, 15, 16, 0]  	879	4 
[2, 26, 8, 0]  	884	3 
[2, 14, 17, 0]  	887	4 
[2, 10, 20, 0]  	888	3 
[1, 15, 17, 0]  	891	3 
[1, 38, 0, 0]  	893	3 
[2, 13, 18, 0]  	895	3 
[2, 1, 27, 0]  	898	4 
[1, 14, 18, 0]  	899	3 
[1, 10, 21, 0]  	900	2 
[2, 12, 19, 0]  	903	3 
[2, 0, 28, 0]  	906	4 
[1, 13, 19, 0]  	907	2 
[1, 32, 5, 0]  	910	3 
[1, 12, 20, 0]  	915	2 
[1, 31, 6, 0]  	918	3 
[1, 27, 9, 0]  	919	2 
[0, 32, 6, 0]  	922	2 
[1, 30, 7, 0]  	926	2 
[1, 18, 16, 0]  	929	3 
[0, 31, 7, 0]  	930	2 
[1, 29, 8, 0]  	934	2 
[0, 30, 8, 0]  	938	1 
[1, 1, 29, 0]  	941	2 
[1, 24, 12, 0]  	943	3 
[1, 35, 4, 0]  	948	3 
[1, 0, 30, 0]  	949	2 
[0, 1, 30, 0]  	953	1 
[0, 16, 19, 0]  	957	1 
[0, 35, 5, 0]  	960	2 
[0, 0, 31, 0]  	961	1  <--- 3
[1, 21, 15, 0]  	967	3 
[0, 18, 18, 0]  	972	1 
[1, 4, 28, 0]  	979	2 
[0, 4, 29, 0]  	991	1 
[0, 21, 17, 0]  	1010	1 
[0, 44, 0, 0]  	1012	2  <--- 2
[1, 7, 27, 0]  	1017	2 
[0, 7, 28, 0]  	1029	1 
[0, 41, 3, 0]  	1036	2 
[0, 24, 16, 0]  	1048	1 
[0, 10, 27, 0]  	1067	1 
[0, 27, 15, 0]  	1086	1 
[0, 13, 26, 0]  	1105	1 
[6, 11, 4, 1]  	491	6 
[5, 0, 15, 1]  	560	6 
[10, 22, 1, 1]  	727	9 
[5, 25, 2, 1]  	732	7 
[5, 9, 14, 1]  	736	7 
[5, 29, 0, 1]  	762	6 
[16, 20, 0, 1]  	764	8 
[3, 28, 5, 1]  	856	5 
[2, 7, 22, 1]  	881	3 
[2, 9, 21, 1]  	896	3 
[0, 38, 4, 1]  	998	2 
[7, 28, 0, 3]  	777	7 
[6, 28, 0, 4]  	758	7 
[5, 14, 11, 26]  	758	6 
[4, 17, 10, 26]  	777	5 
[5, 21, 6, 28]  	764	6 
[4, 24, 5, 28]  	783	5 
[4, 14, 3, 29]  	491	5 
[8, 25, 0, 29]  	727	7 
[4, 11, 13, 29]  	732	5 
[4, 26, 2, 29]  	736	6 
[3, 12, 14, 29]  	767	5 
[2, 14, 16, 29]  	856	4 
[1, 24, 10, 29]  	881	2 
[1, 26, 9, 29]  	896	2 
[0, 7, 27, 29]  	998	1 
------
The gap is between 5 and 25.
Lengths: 3 3 5 6 3 3.
For 982 = 5*d/2-d1-d2-d3 you get 3 in char 0.
1*x^1*y^23*z^14
1*y^40*z^2
1*y^9*z^25

For 560 = 3*d/2-d1-d2-d3 you get 5 in char 0.
1*x^4*y^17*z^3
1*x^3*y^3*z^14
1*x^2*y^20*z^2
1*x^1*y^6*z^13
1*y^23*z^1

For 138 = d/2-d1-d2-d3 you get 3 in char 0.
1*x^4*z^2
1*x^2*y^3*z^1
1*y^6

Extra powers of p used 1.
The invariant extra is equal to 1.
Start computing 11^3 Delta^1 (x1x2x3)^10... Done.
Start computing 11^4 Delta^2 (x1x2x3)^10... Done.
Start computing 11^5 Delta^3 (x1x2x3)^10... Done.
Start computing 11^6 Delta^4 (x1x2x3)^10... Done.
Start computing 11^7 Delta^5 (x1x2x3)^10... Done.
Start computing 11^8 Delta^6 (x1x2x3)^10... Done.
Start computing 11^9 Delta^7 (x1x2x3)^10... Done.
Start computing aa.
1 2 3 4 5 6 7 8 9 10 11 
*/
A = \
[500412184082619887666484762910,1161679170478816674198270190918,26465887259163022132574992022,39413206243049176695797399870,197099599988948967151566277696,435968894197887674016227185945,1451365539940198611091614341090,553539392739172237025569655417,1395066396099273466282456527004,1418873459016108809413229952301,688587904073690440165157338824;\
125558215221459898312209827437,28695818461866165810215644145,343535807428919107964184841651,1126660528617286653708192773430,268079473819301545293174304154,85116203177970203759169780042,586080934823165771983762949510,1561239176634793152713219033085,1087833968355830704107307176045,485619870913698867620523541490,959254293880982401098971466974;\
1405480444676519117071609049749,1097774888419456141931076935543,394267229768829959840529178277,634030829652374928936946612730,565756056466241602731502397005,1381766896230471146495399751055,1311323032497601236946421011522,369706071109671232113909022731,356087540430449255946052263432,523679089529088278340001418708,222348201134474544157002837786;\
1536049728514556975331329449574,115250660456042952307683795881,1043420191922181059576938872699,1487694312426705605745559585439,866456347894890733662211613963,1428949186753868414986581315426,365792722542351824924900182839,383346159308373700862839093535,1518940299508149039814615902271,1072497913299808131875177694574,1334641462209420582949149823317;\
89464293183934523635852552281,131036110836410106623043304444,1225820745483767521051921938557,931333418119279593075374435400,1172864425839267069349571052747,1551494150249736162869681037272,973512199368549704448997117530,536906497808685180970905020778,576153082361117958444065131198,114054565075455934478804109855,1010265064792396513460119112903;\
1313876887515289272332760067676,578339674246543953769013949128,796499173297989580950718594457,370510001323910394909938617510,267790181752349772037234965912,249240815863726184340794799012,262605278948204346757763473467,600506355986015416266041594145,724147484035437952195110579581,234861498766876519128009249776,719919680014941312667686320956;\
599164214054629077924933015488,1265499894117421182325163009191,744859815991982612928068422092,971858785174326406982774051837,629121477830759631270924389381,1036430160898965041638769623987,1478639451146326389482461573212,965686860834691231226371772413,308947608491273719918170329703,348433847293789943220351160905,120609275175592792178191387786;\
1353102898811282473100141975656,1203935572763693456963954007453,488290601431318182668607284556,1572393635525022298667080871733,466188568704916180941906941149,946929050011172106545166557134,708292127554528579594164865331,923827843775018968441106329373,953759358863302372433334768123,614489122686692192372108553757,218538061070655164211293057038;\
1354523576817974318148169851569,256960716723541638085086262058,301461475855747228228812837727,858284650144151223027275932900,855476942954545246995289605690,1189786427852552626183183218639,258247648838194561303308912438,192866994526631290436187991066,650364333409158703488186395505,1294430457670626091144363484208,1310682579147591693401331906988;\
126058238913681083513797382784,891792059642505379541328473342,1301643309930259007705914333034,176581297656329007235455490620,1248833617942541804428180703459,908630541327608757079808533532,695055732509047543282831871425,194728356100837822066998884283,64903837352829548525670544216,395665924817874013096090122573,292525572553793099105240631635;\
434201725190245930861687527245,389526561081256866361685558297,583299272610641750862781073893,19904512857090922940548486389,1171300422200477296555680234096,107478491546081611689318299517,725952607976122390305127179681,1277536266908165966573597233244,809303445385935960387037078650,720736062011337332619748949321,484306189699968839749659073884]
/* 
This matrix times 11^(-1) should be the matrix of frobenius.
*/ 
B = 11^(-1) * A; 
/* Freed 167 lists. */
