/* Comments begin... 
Coefficient of   x^21 * y^1               = 5
Coefficient of   x^10 * y^2 * z^6         = 4
Coefficient of   x^8 * y^5 * z^5         = -2
Coefficient of   x^6 * y^8 * z^4         = -1
Coefficient of   x^4 * y^11 * z^3         = 4
Coefficient of   x^2 * y^14 * z^2         = -1
Coefficient of   x^1 * z^13               = 4
Coefficient of   y^17 * z^1               = 3

Here is the polynomial we're using this time:

5*x^21*y^1 + 4*x^10*y^2*z^6 + -2*x^8*y^5*z^5 + -1*x^6*y^8*z^4 + 4*x^4*y^11*z^3 + -1*x^2*y^14*z^2 + 4*x^1*z^13 + 3*y^17*z^1

Allocate G_len 20 elements and old = 0.
Allocate M_len = 400 elements.
Allocate G_len 40 elements and old = 20.
Allocate M_len = 800 elements.
Allocate G_len 80 elements and old = 40.
Allocate M_len = 1600 elements.
Allocate M_len = 3200 elements.
Allocate G_len 160 elements and old = 80.
Allocate M_len = 6400 elements.
Allocate M_len = 12800 elements.
Allocate G_len 320 elements and old = 160.
The final length of G is 168
[10, 2, 5, 0]  	391	7 
[21, 0, 0, 0]  	399	7  <--- 1
[20, 1, 0, 0]  	403	7 
[8, 5, 5, 0]  	422	6 
[8, 8, 4, 0]  	460	7 
[6, 11, 4, 0]  	491	6 
[6, 14, 3, 0]  	529	7 
[5, 0, 15, 0]  	560	6 
[18, 5, 4, 0]  	581	12 
[18, 8, 3, 0]  	619	11 
[11, 0, 14, 0]  	643	10 
[16, 11, 3, 0]  	650	10 
[13, 0, 13, 0]  	650	9 
[18, 11, 2, 0]  	657	10 
[9, 3, 14, 0]  	674	9 
[16, 14, 2, 0]  	688	9 
[10, 19, 2, 0]  	689	9 
[9, 20, 2, 0]  	693	8 
[18, 14, 1, 0]  	695	9 
[12, 19, 1, 0]  	696	8 
[7, 22, 2, 0]  	701	8 
[7, 6, 14, 0]  	705	8 
[8, 23, 1, 0]  	712	8 
[14, 17, 2, 0]  	719	8 
[7, 8, 13, 0]  	720	8 
[16, 17, 1, 0]  	726	8 
[10, 22, 1, 0]  	727	8 
[6, 8, 14, 0]  	732	7 
[5, 25, 2, 0]  	732	7 
[19, 0, 12, 0]  	733	8 
[5, 9, 14, 0]  	736	7 
[7, 25, 1, 0]  	739	7 
[6, 26, 1, 0]  	743	7 
[8, 26, 0, 0]  	750	7 
[5, 11, 13, 0]  	751	7 
[12, 23, 0, 0]  	757	7 
[5, 29, 0, 0]  	762	6 
[4, 11, 14, 0]  	763	6 
[10, 25, 0, 0]  	765	7 
[4, 26, 3, 0]  	767	6 
[5, 28, 1, 0]  	770	6 
[4, 14, 12, 0]  	770	6 
[5, 24, 4, 0]  	771	6 
[14, 22, 0, 0]  	772	7 
[4, 29, 1, 0]  	774	6 
[19, 18, 0, 0]  	775	7 
[18, 19, 0, 0]  	779	7 
[5, 15, 11, 0]  	781	6 
[4, 28, 2, 0]  	782	6 
[3, 14, 13, 0]  	782	6 
[3, 29, 2, 0]  	786	5 
[5, 18, 9, 0]  	788	6 
[4, 31, 0, 0]  	789	6 
[3, 32, 0, 0]  	793	5 
[5, 21, 7, 0]  	795	6 
[5, 17, 10, 0]  	796	6 
[4, 18, 10, 0]  	800	5 
[3, 31, 1, 0]  	801	5 
[3, 0, 24, 0]  	801	5 
[5, 20, 8, 0]  	803	6 
[17, 21, 0, 0]  	806	6 
[4, 25, 5, 0]  	806	6 
[4, 21, 8, 0]  	807	5 
[4, 17, 11, 0]  	808	5 
[5, 23, 6, 0]  	810	6 
[4, 1, 23, 0]  	812	5 
[4, 24, 6, 0]  	814	5 
[4, 20, 9, 0]  	815	5 
[4, 4, 21, 0]  	819	5 
[3, 17, 12, 0]  	820	5 
[4, 23, 7, 0]  	822	5 
[2, 18, 12, 0]  	824	4 
[4, 7, 19, 0]  	826	5 
[4, 3, 22, 0]  	827	5 
[3, 12, 16, 0]  	829	5 
[3, 4, 22, 0]  	831	4 
[4, 10, 17, 0]  	833	5 
[4, 6, 20, 0]  	834	5 
[3, 11, 17, 0]  	837	5 
[3, 7, 20, 0]  	838	4 
[3, 3, 23, 0]  	839	4 
[4, 9, 18, 0]  	841	5 
[2, 35, 0, 0]  	843	4 
[3, 10, 18, 0]  	845	4 
[3, 6, 21, 0]  	846	4 
[3, 21, 10, 0]  	850	4 
[3, 9, 19, 0]  	853	4 
[3, 28, 5, 0]  	856	5 
[3, 24, 8, 0]  	857	4 
[3, 20, 11, 0]  	858	4 
[2, 29, 5, 0]  	860	4 
[2, 21, 11, 0]  	862	3 
[3, 27, 6, 0]  	864	4 
[3, 23, 9, 0]  	865	4 
[2, 24, 9, 0]  	869	3 
[3, 26, 7, 0]  	872	4 
[2, 4, 24, 0]  	874	4 
[2, 31, 4, 0]  	875	5 
[2, 27, 7, 0]  	876	3 
[2, 23, 10, 0]  	877	3 
[2, 15, 16, 0]  	879	4 
[2, 7, 22, 0]  	881	3 
[2, 26, 8, 0]  	884	3 
[2, 10, 20, 0]  	888	3 
[1, 38, 0, 0]  	893	3 
[2, 13, 18, 0]  	895	3 
[2, 9, 21, 0]  	896	3 
[2, 1, 27, 0]  	898	4 
[1, 10, 21, 0]  	900	2 
[2, 12, 19, 0]  	903	3 
[2, 0, 28, 0]  	906	4 
[1, 13, 19, 0]  	907	2 
[1, 32, 5, 0]  	910	3 
[1, 12, 20, 0]  	915	2 
[1, 31, 6, 0]  	918	3 
[1, 27, 9, 0]  	919	2 
[1, 15, 18, 0]  	922	2 
[0, 32, 6, 0]  	922	2 
[1, 30, 7, 0]  	926	2 
[1, 18, 16, 0]  	929	3 
[0, 31, 7, 0]  	930	2 
[1, 29, 8, 0]  	934	2 
[0, 30, 8, 0]  	938	1 
[1, 1, 29, 0]  	941	2 
[1, 24, 12, 0]  	943	3 
[1, 35, 4, 0]  	948	3 
[1, 0, 30, 0]  	949	2 
[0, 1, 30, 0]  	953	1 
[0, 16, 19, 0]  	957	1 
[0, 35, 5, 0]  	960	2 
[0, 0, 31, 0]  	961	1  <--- 3
[1, 21, 15, 0]  	967	3 
[0, 18, 18, 0]  	972	1 
[0, 4, 29, 0]  	991	1 
[0, 38, 4, 0]  	998	2 
[0, 21, 17, 0]  	1010	1 
[0, 44, 0, 0]  	1012	2  <--- 2
[1, 7, 27, 0]  	1017	2 
[0, 7, 28, 0]  	1029	1 
[0, 24, 16, 0]  	1048	1 
[0, 10, 27, 0]  	1067	1 
[0, 27, 15, 0]  	1086	1 
[0, 13, 26, 0]  	1105	1 
[14, 11, 3, 1]  	612	11 
[12, 17, 2, 1]  	681	9 
[6, 9, 13, 1]  	724	7 
[4, 12, 13, 1]  	755	6 
[6, 28, 0, 1]  	758	7 
[16, 20, 0, 1]  	764	7 
[2, 28, 6, 1]  	868	4 
[2, 14, 17, 1]  	887	4 
[1, 15, 17, 1]  	891	3 
[1, 14, 18, 1]  	899	3 
[1, 4, 28, 1]  	979	2 
[0, 41, 3, 1]  	1036	2 
[2, 32, 1, 2]  	805	5 
[2, 1, 24, 28]  	805	4 
[11, 0, 13, 29]  	612	9 
[10, 19, 1, 29]  	658	8 
[5, 26, 1, 29]  	724	6 
[3, 29, 1, 29]  	755	5 
[5, 14, 11, 29]  	758	6 
[5, 21, 6, 29]  	764	6 
[4, 17, 10, 29]  	777	5 
[4, 24, 5, 29]  	783	4 
[0, 31, 5, 29]  	868	2 
[0, 21, 16, 29]  	979	1 
[0, 10, 26, 29]  	1036	1 
------
The gap is between 3 and 27.
Lengths: 3 3 5 5 3 3.
For 982 = 5*d/2-d1-d2-d3 you get 3 in char 0.
1*x^1*y^23*z^14
1*y^40*z^2
1*y^9*z^25

For 560 = 3*d/2-d1-d2-d3 you get 5 in char 0.
1*x^4*y^17*z^3
1*x^3*y^3*z^14
1*x^2*y^20*z^2
1*x^1*y^6*z^13
1*y^23*z^1

For 138 = d/2-d1-d2-d3 you get 3 in char 0.
1*x^4*z^2
1*x^2*y^3*z^1
1*y^6

Extra powers of p used 0.
The invariant extra is equal to 1.
Start computing 11^3 Delta^1 (x1x2x3)^10... Done.
Start computing 11^4 Delta^2 (x1x2x3)^10... Done.
Start computing 11^5 Delta^3 (x1x2x3)^10... Done.
Start computing 11^6 Delta^4 (x1x2x3)^10... Done.
Start computing 11^7 Delta^5 (x1x2x3)^10... Done.
Start computing 11^8 Delta^6 (x1x2x3)^10... Done.
Start computing 11^9 Delta^7 (x1x2x3)^10... Done.
Start computing aa.
1 2 3 4 5 6 7 8 9 10 11 
*/
A = \
[1571577795264273220462008375004,502669423821551695051540227010,573494855028516171904622550328,835313673159986559695135781802,806717772612685572781187836978,697747092868163893554785052674,34820464481823589019430361547,845494732110337199551853280495,1025015664037050123648018766837,1219867807268700280867485448733,790331960961663911377374261837;\
1158975205988647961135689643886,1118024476325432424399542106706,1535607505955462920489632410056,96334583965885835602181329521,1563785322327981674220211859738,1147207429075756139654714068247,912848231924432586094677597584,984620275353537684892730049405,948280241154145977482216582738,1129785186857004398946982514846,833959789700567351770230565074;\
559410628779873200831232647974,408214133763854727065472880259,577089443079655404736992330544,1397351064249829969959246427266,339989811475855405696873295936,548010609803612072651709640619,672436378980154340179237207741,1532284686134706055248559559532,680510852621799038804332410427,867139854006289809349154184632,302270970086542065033749423462;\
1410482029251762028834260588763,1028013871645886993211230900301,407506829723337065274036346739,5131889732236215326595638476,781433051568300382319285495674,648436512693715253906247313255,624092803743589901231168195912,16598644213093334907934923559,1315001846155422038016949901399,1464764131415726494614518833532,508481415888424911689386473547;\
1162043480743848619661862636069,703431235564003384387969796891,1374487913788892883784555436617,296901030100934095979165869956,1334235156542210437154123473847,587438064507400626040603024525,1399654152732039534761122244113,819873984806069011639746895827,236841525936792898498660721592,1482799617424799394451293900546,467500807717536264938037211418;\
46648638247218868606604345365,1451833589381618451666289836370,724644494276008497832881931035,1079696314434312253679865090666,294926713653103086563540773076,684365448444670361903560120160,1218147264816378899270107640086,1539304169900532790489546883115,79175944633296305780647347169,1563859177369282130948766830433,892280778214797728858117899751;\
1285665017943782193371951316090,437340098234833980181377747931,276922863331341876474587962850,517928478325229279166617671638,1105289207197066718734403331209,861816518654775383439602876398,427758011382562671683974905463,601588226337339975553406409504,696038520871531173347576048715,1367036784285056973151680793935,353175473752784142540908030445;\
1363581746664306920632133777360,769360692307192053153053784344,834077843550557291316848722894,1393307604746791057566717372359,511767200754332782239855371618,1238105192839967271358928115716,763062584724602403494330032956,491581431997347091313979468986,624323510820241215562013010664,1549073967953149732810749189574,627521381268365356386705804713;\
1326870776444369952384531520200,252971475322037913697592326444,1345837983841427987711746185418,179739942825876756927437249174,1122370766963611017912474835222,1577967316083485902602525042809,563861267019800609782258322096,481620764281910840360090047115,367907637171594184256779027038,728841382530500157053221080214,1370391426211275673945308693355;\
523804040264337961797610283992,1010014815228977746700789265815,1374566689994143157687064235247,1528672822600660921274011578162,533101796566236712450709700781,1419944300390433993327227415362,83667888089412507508516348636,450654246717282994446858085233,1189768425814128642595816233905,152801192253357040229944905105,87479347922247129298202442723;\
910454646966697233703415919620,1023726844481301859623062459141,350503523027107610142724943626,1408084442979919585526332849063,213085432536066548747583688845,486887408869031808068337031609,1013177374202745282296294683528,286670701174758950943088317562,1501637046015736310723050069215,771858494592692358177484275513,694837156278236035835965451664]
/* 
This should be the matrix of frobenius!
*/ 
B = A; 
/* Freed 167 lists. */
