/* Comments begin... 
Coefficient of   x^21 * y^1               = -4
Coefficient of   x^10 * y^2 * z^6         = -5
Coefficient of   x^8 * y^5 * z^5         = -5
Coefficient of   x^6 * y^8 * z^4         = -3
Coefficient of   x^4 * y^11 * z^3         = 3
Coefficient of   x^2 * y^14 * z^2         = 3
Coefficient of   x^1 * z^13               = 1
Coefficient of   y^17 * z^1               = -5

Here is the polynomial we're using this time:

-4*x^21*y^1 + -5*x^10*y^2*z^6 + -5*x^8*y^5*z^5 + -3*x^6*y^8*z^4 + 3*x^4*y^11*z^3 + 3*x^2*y^14*z^2 + 1*x^1*z^13 + -5*y^17*z^1

Allocate G_len 20 elements and old = 0.
Allocate M_len = 400 elements.
Allocate G_len 40 elements and old = 20.
Allocate M_len = 800 elements.
Allocate G_len 80 elements and old = 40.
Allocate M_len = 1600 elements.
Allocate M_len = 3200 elements.
Allocate G_len 160 elements and old = 80.
Allocate M_len = 6400 elements.
Allocate M_len = 12800 elements.
Allocate G_len 320 elements and old = 160.
Allocate M_len = 25600 elements.
The final length of G is 194
[10, 2, 5, 0]  	391	7 
[21, 0, 0, 0]  	399	7  <--- 1
[20, 1, 0, 0]  	403	7 
[8, 5, 5, 0]  	422	6 
[6, 14, 3, 0]  	529	7 
[18, 5, 4, 0]  	581	12 
[16, 8, 4, 0]  	612	12 
[18, 8, 3, 0]  	619	11 
[7, 0, 16, 0]  	629	7 
[14, 11, 4, 0]  	643	11 
[16, 11, 3, 0]  	650	10 
[14, 14, 2, 0]  	650	10 
[18, 11, 2, 0]  	657	11 
[11, 0, 15, 0]  	674	9 
[13, 0, 14, 0]  	681	9 
[12, 17, 2, 0]  	681	9 
[15, 0, 13, 0]  	688	10 
[10, 19, 2, 0]  	689	9 
[9, 20, 2, 0]  	693	8 
[18, 14, 1, 0]  	695	10 
[7, 22, 2, 0]  	701	8 
[9, 3, 15, 0]  	705	9 
[8, 23, 1, 0]  	712	8 
[12, 20, 1, 0]  	719	9 
[7, 8, 13, 0]  	720	8 
[6, 9, 13, 0]  	724	7 
[16, 17, 1, 0]  	726	9 
[10, 22, 1, 0]  	727	9 
[6, 8, 14, 0]  	732	7 
[5, 25, 2, 0]  	732	7 
[19, 0, 12, 0]  	733	9 
[14, 19, 1, 0]  	734	8 
[7, 6, 15, 0]  	736	8 
[7, 25, 1, 0]  	739	8 
[6, 26, 1, 0]  	743	7 
[8, 26, 0, 0]  	750	8 
[5, 11, 13, 0]  	751	7 
[4, 12, 13, 0]  	755	6 
[12, 23, 0, 0]  	757	8 
[7, 11, 12, 0]  	758	8 
[6, 12, 12, 0]  	762	7 
[4, 11, 14, 0]  	763	6 
[10, 25, 0, 0]  	765	8 
[5, 9, 15, 0]  	767	6 
[4, 26, 3, 0]  	767	6 
[5, 28, 1, 0]  	770	6 
[4, 14, 12, 0]  	770	6 
[6, 7, 16, 0]  	771	6 
[5, 24, 4, 0]  	771	6 
[14, 22, 0, 0]  	772	8 
[4, 29, 1, 0]  	774	6 
[19, 18, 0, 0]  	775	7 
[7, 28, 0, 0]  	777	7 
[18, 19, 0, 0]  	779	8 
[6, 29, 0, 0]  	781	6 
[5, 15, 11, 0]  	781	6 
[4, 28, 2, 0]  	782	6 
[3, 14, 13, 0]  	782	6 
[3, 29, 2, 0]  	786	5 
[6, 1, 21, 0]  	788	6 
[5, 18, 9, 0]  	788	6 
[4, 31, 0, 0]  	789	6 
[3, 32, 0, 0]  	793	5 
[6, 4, 19, 0]  	795	6 
[5, 21, 7, 0]  	795	6 
[6, 0, 22, 0]  	796	6 
[5, 17, 10, 0]  	796	6 
[5, 1, 22, 0]  	800	5 
[4, 18, 10, 0]  	800	5 
[3, 31, 1, 0]  	801	5 
[3, 0, 24, 0]  	801	5 
[6, 3, 20, 0]  	803	6 
[5, 20, 8, 0]  	803	6 
[2, 32, 1, 0]  	805	5 
[17, 21, 0, 0]  	806	6 
[5, 8, 17, 0]  	806	6 
[4, 25, 5, 0]  	806	6 
[5, 4, 20, 0]  	807	5 
[4, 21, 8, 0]  	807	5 
[5, 0, 23, 0]  	808	5 
[4, 17, 11, 0]  	808	5 
[6, 6, 18, 0]  	810	6 
[5, 23, 6, 0]  	810	6 
[5, 7, 18, 0]  	814	5 
[4, 24, 6, 0]  	814	5 
[5, 3, 21, 0]  	815	5 
[4, 20, 9, 0]  	815	5 
[4, 4, 21, 0]  	819	5 
[3, 17, 12, 0]  	820	5 
[5, 6, 19, 0]  	822	5 
[4, 23, 7, 0]  	822	5 
[2, 18, 12, 0]  	824	4 
[4, 7, 19, 0]  	826	5 
[4, 3, 22, 0]  	827	5 
[3, 12, 16, 0]  	829	5 
[4, 10, 17, 0]  	833	5 
[4, 6, 20, 0]  	834	5 
[3, 11, 17, 0]  	837	5 
[3, 3, 23, 0]  	839	4 
[2, 35, 0, 0]  	843	4 
[3, 10, 18, 0]  	845	4 
[3, 6, 21, 0]  	846	4 
[3, 9, 19, 0]  	853	4 
[3, 28, 5, 0]  	856	5 
[3, 24, 8, 0]  	857	4 
[3, 20, 11, 0]  	858	4 
[2, 29, 5, 0]  	860	4 
[3, 27, 6, 0]  	864	4 
[3, 23, 9, 0]  	865	4 
[2, 28, 6, 0]  	868	4 
[2, 24, 9, 0]  	869	3 
[3, 26, 7, 0]  	872	4 
[2, 4, 24, 0]  	874	4 
[2, 31, 4, 0]  	875	5 
[2, 27, 7, 0]  	876	3 
[2, 15, 16, 0]  	879	4 
[2, 7, 22, 0]  	881	3 
[2, 26, 8, 0]  	884	3 
[2, 14, 17, 0]  	887	4 
[2, 10, 20, 0]  	888	3 
[1, 15, 17, 0]  	891	3 
[2, 13, 18, 0]  	895	3 
[2, 9, 21, 0]  	896	3 
[1, 14, 18, 0]  	899	3 
[1, 10, 21, 0]  	900	2 
[2, 12, 19, 0]  	903	3 
[2, 0, 28, 0]  	906	4 
[1, 13, 19, 0]  	907	2 
[1, 32, 5, 0]  	910	3 
[1, 12, 20, 0]  	915	2 
[1, 27, 9, 0]  	919	2 
[0, 32, 6, 0]  	922	2 
[1, 30, 7, 0]  	926	2 
[1, 18, 16, 0]  	929	3 
[0, 31, 7, 0]  	930	2 
[1, 29, 8, 0]  	934	2 
[0, 30, 8, 0]  	938	1 
[1, 1, 29, 0]  	941	2 
[1, 24, 12, 0]  	943	3 
[1, 35, 4, 0]  	948	3 
[1, 0, 30, 0]  	949	2 
[0, 1, 30, 0]  	953	1 
[0, 16, 19, 0]  	957	1 
[0, 35, 5, 0]  	960	2 
[0, 0, 31, 0]  	961	1  <--- 3
[1, 41, 0, 0]  	962	2 
[1, 21, 15, 0]  	967	3 
[0, 18, 18, 0]  	972	1 
[1, 4, 28, 0]  	979	2 
[0, 4, 29, 0]  	991	1 
[0, 38, 4, 0]  	998	2 
[0, 21, 17, 0]  	1010	1 
[0, 44, 0, 0]  	1012	2  <--- 2
[1, 7, 27, 0]  	1017	2 
[0, 7, 28, 0]  	1029	1 
[0, 41, 3, 0]  	1036	2 
[0, 24, 16, 0]  	1048	1 
[0, 10, 27, 0]  	1067	1 
[0, 27, 15, 0]  	1086	1 
[0, 13, 26, 0]  	1105	1 
[8, 8, 4, 1]  	460	7 
[6, 11, 4, 1]  	491	6 
[5, 0, 15, 1]  	560	6 
[14, 11, 3, 1]  	612	11 
[9, 3, 14, 1]  	674	9 
[7, 6, 14, 1]  	705	8 
[6, 28, 0, 1]  	758	7 
[5, 29, 0, 1]  	762	6 
[16, 20, 0, 1]  	764	8 
[3, 4, 22, 1]  	831	4 
[3, 7, 20, 1]  	838	4 
[4, 9, 18, 1]  	841	5 
[3, 21, 10, 1]  	850	4 
[2, 1, 27, 1]  	898	4 
[1, 31, 6, 1]  	918	3 
[11, 0, 14, 2]  	643	10 
[5, 9, 14, 2]  	736	7 
[4, 1, 23, 2]  	812	5 
[2, 21, 11, 2]  	862	3 
[2, 23, 10, 2]  	877	3 
[1, 38, 0, 2]  	893	3 
[10, 17, 2, 28]  	643	9 
[4, 26, 2, 28]  	736	6 
[5, 21, 6, 28]  	764	6 
[4, 24, 5, 28]  	783	5 
[3, 18, 11, 28]  	812	4 
[1, 7, 22, 28]  	862	2 
[1, 9, 21, 28]  	877	2 
[4, 14, 2, 29]  	460	5 
[1, 7, 21, 29]  	831	2 
[2, 24, 8, 29]  	838	3 
[3, 26, 6, 29]  	841	4 
[1, 18, 15, 29]  	898	3 
[1, 0, 29, 29]  	918	2 
------
The gap is between 3 and 27.
Lengths: 3 3 5 6 3 3.
For 982 = 5*d/2-d1-d2-d3 you get 3 in char 0.
1*x^1*y^23*z^14
1*y^40*z^2
1*y^9*z^25

For 560 = 3*d/2-d1-d2-d3 you get 5 in char 0.
1*x^4*y^17*z^3
1*x^3*y^3*z^14
1*x^2*y^20*z^2
1*x^1*y^6*z^13
1*y^23*z^1

For 138 = d/2-d1-d2-d3 you get 3 in char 0.
1*x^4*z^2
1*x^2*y^3*z^1
1*y^6

Extra powers of p used 1.
The invariant extra is equal to 1.
Start computing 11^3 Delta^1 (x1x2x3)^10... Done.
Start computing 11^4 Delta^2 (x1x2x3)^10... Done.
Start computing 11^5 Delta^3 (x1x2x3)^10... Done.
Start computing 11^6 Delta^4 (x1x2x3)^10... Done.
Start computing 11^7 Delta^5 (x1x2x3)^10... Done.
Start computing 11^8 Delta^6 (x1x2x3)^10... Done.
Start computing 11^9 Delta^7 (x1x2x3)^10... Done.
Start computing aa.
1 2 3 4 5 6 7 8 9 10 11 
*/
A = \
[1273043005191919421309440382154,745615575191339848768657591124,968964705995928639072239642984,914124938576255221363083917381,859138769944297288573729657341,1448433605226968889526574585360,1543290888969466983052229857279,578047694467760137026918595886,1584563760543042413561064727023,250425945673552837287979388421,1099353769710110492989883731798;\
362928627935402176437216817192,856048274194903314061258918163,1263147523395614008382771423630,1213634071204907529188142759309,788085818315798134335615621649,1434260727001375642098814344920,1156931482253329021704880905897,601691636441433681625851660797,462996535011326912131840165565,582648137320868958995605190956,1252328440060216717332922535957;\
138891459272801738445710812286,575425651083024746182904749452,135452432778462977516569996722,903881883579653634179883722110,1371214771244231709974708754312,1579781120692507944023926944534,749028966940018833888375145744,879333417257791518055401231699,1074311831355075848687674112063,668773070077726705027172437916,765111749024605821958910190455;\
654422301587964557834889133838,643891200623210843067353117089,133395793664142243306894454642,599149345994722539623316611836,754108135711286226772984610649,144843434213698026373506878246,554251137780999612371620042038,490396870601106063833864563388,840986481176270078075970290681,980309462261285504677290889576,4591305701459193623697112047;\
769061821891343883626697848336,529373588630880112432497499271,547873063355112733459761923115,1106871659268767196278450184043,7049980162021992086352868352,464533775444310415990305957402,709100502723740604304254562883,1502290320143365792973362410344,1440366961016869073864569218204,1380043174687473137119271641032,170923320126532687775412226095;\
749802523912736092883257782862,930301085881255712378181394869,9184546787780269134406277414,1143979660519836832775940117173,319534157811197795466316588668,990153068313435282373090212646,477744644303224137537005312125,435704841068079196290531972942,1059967521184167578716796804841,1156059688942259051100671732761,311632483001935021108853564542;\
841431156292440715898738054928,645719203689506996857066307180,555509968544556394197035744191,664562459020859064083567762767,285710583120869318357050369550,250156828706095953198946391343,361336455480793799463442839271,1275077426038308813264958808183,329435675112279644544863241278,705558677901309892621870451400,142363116832377292997436993361;\
626965650012634652505987094564,1277738255580247189862875948954,1474229169872147910273041753947,80235005282289625920284464112,662001414584686000256430658319,829712887376050804929015861175,695856713007025566481208478975,880949825654637372906896445888,1081776368691274407417744108532,831384122783891745641991147477,941880427861805772069169983796;\
1254697746239705902480154568309,1050587155364322229745560466800,518560364682254148551259731714,1287951698554325960394694196434,989682749385363986005583038564,1430559686204757090603183543574,162247752274035124790910943687,46109459426935045640007992241,924926664688949318766578477643,245754942411294275759947071793,1499362954172980432121834741119;\
1439123141006622352643597414124,347524368488433981353445815010,421930472450823047454773254128,1324682677133563870069737043331,1199728920268010859586392994087,1389688820953568416127647869244,243990089938881256741235441328,1396294358033373515027796244309,1536007132539052383222735698481,640962388664450137066785874893,389407575016416478029000688888;\
1046885317003797871176338578960,992002806662408486442186839446,1363455385991919528282803442597,101553398565421183770525659083,170732997758108177389475577748,400232522729872265587901881200,25137914787847503854704454842,343439719937601547912137319482,1224650794464876903222821820658,513760706799221085635449064640,925285987700087968179682343843]
/* 
This matrix times 11^(-1) should be the matrix of frobenius.
*/ 
B = 11^(-1) * A; 
/* Freed 167 lists. */
