/* Comments begin... 
Coefficient of   x^21 * y^1               = 3
Coefficient of   x^10 * y^2 * z^6         = -2
Coefficient of   x^8 * y^5 * z^5         = 2
Coefficient of   x^6 * y^8 * z^4         = 3
Coefficient of   x^4 * y^11 * z^3         = -3
Coefficient of   x^2 * y^14 * z^2         = 2
Coefficient of   x^1 * z^13               = 3
Coefficient of   y^17 * z^1               = 4

Here is the polynomial we're using this time:

3*x^21*y^1 + -2*x^10*y^2*z^6 + 2*x^8*y^5*z^5 + 3*x^6*y^8*z^4 + -3*x^4*y^11*z^3 + 2*x^2*y^14*z^2 + 3*x^1*z^13 + 4*y^17*z^1

Allocate G_len 20 elements and old = 0.
Allocate M_len = 400 elements.
Allocate G_len 40 elements and old = 20.
Allocate M_len = 800 elements.
Allocate G_len 80 elements and old = 40.
Allocate M_len = 1600 elements.
Allocate M_len = 3200 elements.
Allocate G_len 160 elements and old = 80.
Allocate M_len = 6400 elements.
Allocate M_len = 12800 elements.
Allocate G_len 320 elements and old = 160.
The final length of G is 165
[10, 2, 5, 0]  	391	7 
[21, 0, 0, 0]  	399	7  <--- 1
[20, 1, 0, 0]  	403	7 
[8, 5, 5, 0]  	422	6 
[8, 8, 4, 0]  	460	7 
[6, 11, 4, 0]  	491	6 
[6, 14, 3, 0]  	529	7 
[5, 0, 15, 0]  	560	6 
[18, 5, 4, 0]  	581	12 
[14, 11, 3, 0]  	612	11 
[18, 8, 3, 0]  	619	11 
[11, 0, 14, 0]  	643	10 
[14, 14, 2, 0]  	650	10 
[18, 11, 2, 0]  	657	10 
[9, 3, 14, 0]  	674	9 
[12, 17, 2, 0]  	681	9 
[15, 0, 13, 0]  	688	9 
[10, 19, 2, 0]  	689	9 
[9, 20, 2, 0]  	693	8 
[18, 14, 1, 0]  	695	9 
[7, 22, 2, 0]  	701	8 
[7, 6, 14, 0]  	705	8 
[8, 23, 1, 0]  	712	8 
[12, 20, 1, 0]  	719	8 
[7, 8, 13, 0]  	720	8 
[6, 9, 13, 0]  	724	7 
[16, 17, 1, 0]  	726	8 
[10, 22, 1, 0]  	727	8 
[6, 8, 14, 0]  	732	7 
[5, 25, 2, 0]  	732	7 
[19, 0, 12, 0]  	733	8 
[14, 19, 1, 0]  	734	8 
[7, 25, 1, 0]  	739	7 
[6, 26, 1, 0]  	743	7 
[8, 26, 0, 0]  	750	7 
[5, 11, 13, 0]  	751	7 
[4, 12, 13, 0]  	755	6 
[12, 23, 0, 0]  	757	7 
[6, 28, 0, 0]  	758	7 
[5, 29, 0, 0]  	762	6 
[4, 11, 14, 0]  	763	6 
[10, 25, 0, 0]  	765	7 
[4, 26, 3, 0]  	767	6 
[5, 28, 1, 0]  	770	7 
[5, 24, 4, 0]  	771	6 
[14, 22, 0, 0]  	772	7 
[4, 29, 1, 0]  	774	6 
[19, 18, 0, 0]  	775	7 
[18, 19, 0, 0]  	779	7 
[5, 15, 11, 0]  	781	6 
[4, 28, 2, 0]  	782	6 
[3, 14, 13, 0]  	782	6 
[3, 29, 2, 0]  	786	5 
[5, 18, 9, 0]  	788	6 
[5, 14, 12, 0]  	789	6 
[4, 31, 0, 0]  	789	6 
[4, 15, 12, 0]  	793	5 
[3, 32, 0, 0]  	793	5 
[5, 21, 7, 0]  	795	6 
[5, 17, 10, 0]  	796	6 
[4, 18, 10, 0]  	800	5 
[3, 31, 1, 0]  	801	5 
[3, 0, 24, 0]  	801	5 
[2, 32, 1, 0]  	805	5 
[17, 21, 0, 0]  	806	6 
[4, 25, 5, 0]  	806	6 
[4, 21, 8, 0]  	807	5 
[4, 17, 11, 0]  	808	5 
[5, 23, 6, 0]  	810	6 
[4, 1, 23, 0]  	812	5 
[4, 24, 6, 0]  	814	5 
[4, 20, 9, 0]  	815	5 
[4, 4, 21, 0]  	819	5 
[3, 17, 12, 0]  	820	5 
[4, 23, 7, 0]  	822	5 
[4, 7, 19, 0]  	826	5 
[4, 3, 22, 0]  	827	5 
[3, 12, 16, 0]  	829	5 
[3, 4, 22, 0]  	831	4 
[4, 10, 17, 0]  	833	5 
[4, 6, 20, 0]  	834	5 
[3, 11, 17, 0]  	837	5 
[3, 7, 20, 0]  	838	4 
[3, 3, 23, 0]  	839	4 
[4, 9, 18, 0]  	841	5 
[2, 35, 0, 0]  	843	4 
[3, 10, 18, 0]  	845	4 
[3, 6, 21, 0]  	846	4 
[3, 21, 10, 0]  	850	4 
[3, 9, 19, 0]  	853	4 
[3, 28, 5, 0]  	856	5 
[3, 24, 8, 0]  	857	4 
[3, 20, 11, 0]  	858	4 
[2, 29, 5, 0]  	860	4 
[2, 21, 11, 0]  	862	3 
[3, 27, 6, 0]  	864	4 
[3, 23, 9, 0]  	865	4 
[2, 28, 6, 0]  	868	4 
[2, 24, 9, 0]  	869	3 
[3, 26, 7, 0]  	872	4 
[2, 4, 24, 0]  	874	4 
[2, 31, 4, 0]  	875	5 
[2, 23, 10, 0]  	877	3 
[2, 15, 16, 0]  	879	4 
[2, 7, 22, 0]  	881	3 
[2, 26, 8, 0]  	884	3 
[2, 14, 17, 0]  	887	4 
[2, 10, 20, 0]  	888	3 
[1, 15, 17, 0]  	891	3 
[1, 38, 0, 0]  	893	3 
[2, 9, 21, 0]  	896	3 
[2, 1, 27, 0]  	898	4 
[1, 10, 21, 0]  	900	2 
[2, 12, 19, 0]  	903	3 
[2, 0, 28, 0]  	906	4 
[1, 32, 5, 0]  	910	3 
[1, 12, 20, 0]  	915	2 
[1, 31, 6, 0]  	918	3 
[1, 27, 9, 0]  	919	2 
[0, 32, 6, 0]  	922	2 
[1, 30, 7, 0]  	926	2 
[1, 18, 16, 0]  	929	3 
[0, 31, 7, 0]  	930	2 
[1, 29, 8, 0]  	934	2 
[0, 30, 8, 0]  	938	1 
[1, 1, 29, 0]  	941	2 
[1, 24, 12, 0]  	943	3 
[1, 35, 4, 0]  	948	3 
[1, 0, 30, 0]  	949	2 
[0, 1, 30, 0]  	953	1 
[0, 16, 19, 0]  	957	1 
[0, 0, 31, 0]  	961	1  <--- 3
[1, 21, 15, 0]  	967	3 
[0, 18, 18, 0]  	972	1 
[1, 4, 28, 0]  	979	2 
[0, 4, 29, 0]  	991	1 
[0, 38, 4, 0]  	998	2 
[0, 21, 17, 0]  	1010	1 
[0, 44, 0, 0]  	1012	2  <--- 2
[1, 7, 27, 0]  	1017	2 
[0, 7, 28, 0]  	1029	1 
[0, 41, 3, 0]  	1036	2 
[0, 24, 16, 0]  	1048	1 
[0, 10, 27, 0]  	1067	1 
[0, 27, 15, 0]  	1086	1 
[0, 13, 26, 0]  	1105	1 
[5, 9, 14, 1]  	736	7 
[16, 20, 0, 1]  	764	7 
[4, 14, 12, 1]  	770	6 
[5, 20, 8, 1]  	803	6 
[2, 18, 12, 1]  	824	4 
[2, 27, 7, 1]  	876	3 
[2, 13, 18, 1]  	895	3 
[1, 14, 18, 1]  	899	3 
[1, 13, 19, 1]  	907	2 
[0, 35, 5, 1]  	960	2 
[4, 26, 2, 29]  	736	6 
[5, 21, 6, 29]  	764	6 
[3, 31, 0, 29]  	770	5 
[4, 24, 5, 29]  	783	5 
[4, 6, 19, 29]  	803	5 
[1, 35, 0, 29]  	824	3 
[0, 30, 6, 29]  	876	1 
[0, 0, 30, 29]  	930	1 
[0, 4, 28, 29]  	960	1 
------
The gap is between 2 and 28.
Lengths: 3 3 5 5 3 3.
For 982 = 5*d/2-d1-d2-d3 you get 3 in char 0.
1*x^1*y^23*z^14
1*y^40*z^2
1*y^9*z^25

For 560 = 3*d/2-d1-d2-d3 you get 5 in char 0.
1*x^4*y^17*z^3
1*x^3*y^3*z^14
1*x^2*y^20*z^2
1*x^1*y^6*z^13
1*y^23*z^1

For 138 = d/2-d1-d2-d3 you get 3 in char 0.
1*x^4*z^2
1*x^2*y^3*z^1
1*y^6

Extra powers of p used 0.
The invariant extra is equal to 1.
Start computing 11^3 Delta^1 (x1x2x3)^10... Done.
Start computing 11^4 Delta^2 (x1x2x3)^10... Done.
Start computing 11^5 Delta^3 (x1x2x3)^10... Done.
Start computing 11^6 Delta^4 (x1x2x3)^10... Done.
Start computing 11^7 Delta^5 (x1x2x3)^10... Done.
Start computing 11^8 Delta^6 (x1x2x3)^10... Done.
Start computing 11^9 Delta^7 (x1x2x3)^10... Done.
Start computing aa.
1 2 3 4 5 6 7 8 9 10 11 
*/
A = \
[44164925080651372385949481208,787582818190753262647229041450,215210060454903325511434823175,183147629506201039573881081413,981185154437021747745639926896,364926721092307110159143169449,1521731620961481142444136413189,1509233464159583403047519197441,910789939748456368437832781797,1047476861267879716523203764685,915916873833923851361543284235;\
249756300009202785813296305938,1096816190917487359499119360487,655260599246122082149635567437,1345690166329032530893155340621,40623667450786389655916601767,422065977198433832396716152063,860428121062267367397542801882,686245215810574680975218758056,1198960927177935859458112571606,44247669253243285363774924739,570649513449204364595675725690;\
1260701431396646201732970632089,535343933708623381529240927664,1004093024484850120567345885105,1385896555865595958862242898542,349851719556721228184798067377,1369254713114176994311498392881,844730586641020580253855996751,726703198660934607274664091117,508971916652997033239858551510,1192650534699392141928320259846,1288431284490044491197494049209;\
1529271679663991446576436234196,1238901095779338006271083616399,205037126328449609874664322382,824536597279700708072050836037,319660619488727743474867799191,1094864001260212137838898334441,1398608449724085445764352505753,997563255203213061879466409129,1172709130173216999551040909870,1027165802260562949968476652379,1497238999190238441805528062092;\
1043570755804479471562809479366,721496589377307669845445823924,81274963375129676201699088997,370641368211413676025894487858,1075657312149488520869416594056,716849146947008732325933220935,1529756618596047432335350248500,1015428132364806728911273107320,1412050914741028481852746303358,431305312434960314219439437460,689884498010132691924432835445;\
794565614013691267921977985028,1310557768193497842922886563215,1584548472406625003493939985724,174061892406285028816989272416,824986095083933683696598735427,1479762932128333425278364063328,358561620152300896529780398839,61722511160810528208897304467,1535524923973174358246404917678,1489065407734426856049657694027,688994162190365042083799211221;\
303123891856944182719591989506,1220209338569354107918512039368,1515052978335498209161721039985,909747527039413282084617139178,918583862423905738859752791013,1147806761467157290903231003583,211850553645702110309066091789,1073553558518706724414338486246,1278300426597728036209328508095,603597252945118162611264443642,810700976357478406187197268751;\
165280587609835641409101132872,716767881713724145631993280587,1337399004776935941017894048724,1455971660420882314686528589092,1005496576999515488204929062264,1359084660537073534663131393113,1256126739435372251600288401112,1150644812043254389490472825861,1044239230244632744640145439480,1009437007778910195882294730745,622482260045403766602662657787;\
1436180797688620741238137637078,1056993274502625810917496801909,267100087776823641993751623282,768972412734883839382908007682,479746014173734919581843950044,710476818290621049972756455190,621495308655578056859211035005,411180754348154770253681131560,1525699794102376288854962998593,954221409320950492051040973493,1067934800310913346855727570656;\
646067999210773181603752313500,378208208625654358241772785871,1498382011208873879723599222359,827505776079519950761632728906,1446531797668723519415836019527,610838490704155689980880174926,315656223142338738367986397977,482155465661170516901641811097,776964955994171936163171790186,1055123919005770005869522974192,1270877000448786034612742725665;\
29162153982902747873665092073,417534514304964980182661787692,1282845453066057203219643454780,1458431626080546335079250098270,742315292633058813242677786914,1157282359219948331559210108373,198279429513169805078520986403,575225636355992610239153422014,1197481006896408402348060991869,730919055689610730565761092526,901468057108469437551317688500]
/* 
This should be the matrix of frobenius!
*/ 
B = A; 
/* Freed 166 lists. */
