/* Comments begin... 
Coefficient of   x^21 * y^1               = 0
Coefficient of   x^10 * y^2 * z^6         = -2
Coefficient of   x^8 * y^5 * z^5         = 2
Coefficient of   x^6 * y^8 * z^4         = 4
Coefficient of   x^4 * y^11 * z^3         = -3
Coefficient of   x^2 * y^14 * z^2         = -1
Coefficient of   x^1 * z^13               = 1
Coefficient of   y^17 * z^1               = 3

Here is the polynomial we're using this time:

-2*x^10*y^2*z^6 + 2*x^8*y^5*z^5 + 4*x^6*y^8*z^4 + -3*x^4*y^11*z^3 + -1*x^2*y^14*z^2 + 1*x^1*z^13 + 3*y^17*z^1

Allocate G_len 20 elements and old = 0.
Allocate M_len = 400 elements.
Allocate G_len 40 elements and old = 20.
Allocate M_len = 800 elements.
Allocate G_len 80 elements and old = 40.
Allocate M_len = 1600 elements.
Allocate M_len = 3200 elements.
Not smooth!
Coefficient of   x^21 * y^1               = 0
Coefficient of   x^10 * y^2 * z^6         = -2
Coefficient of   x^8 * y^5 * z^5         = -2
Coefficient of   x^6 * y^8 * z^4         = -5
Coefficient of   x^4 * y^11 * z^3         = 0
Coefficient of   x^2 * y^14 * z^2         = 4
Coefficient of   x^1 * z^13               = -4
Coefficient of   y^17 * z^1               = -2

Here is the polynomial we're using this time:

-2*x^10*y^2*z^6 + -2*x^8*y^5*z^5 + -5*x^6*y^8*z^4 + 4*x^2*y^14*z^2 + -4*x^1*z^13 + -2*y^17*z^1

Not smooth!
Coefficient of   x^21 * y^1               = -2
Coefficient of   x^10 * y^2 * z^6         = 5
Coefficient of   x^8 * y^5 * z^5         = 1
Coefficient of   x^6 * y^8 * z^4         = -3
Coefficient of   x^4 * y^11 * z^3         = -2
Coefficient of   x^2 * y^14 * z^2         = 2
Coefficient of   x^1 * z^13               = 1
Coefficient of   y^17 * z^1               = -2

Here is the polynomial we're using this time:

-2*x^21*y^1 + 5*x^10*y^2*z^6 + 1*x^8*y^5*z^5 + -3*x^6*y^8*z^4 + -2*x^4*y^11*z^3 + 2*x^2*y^14*z^2 + 1*x^1*z^13 + -2*y^17*z^1

Allocate G_len 160 elements and old = 80.
Allocate M_len = 6400 elements.
Allocate M_len = 12800 elements.
Allocate G_len 320 elements and old = 160.
The final length of G is 171
[10, 2, 5, 0]  	391	7 
[21, 0, 0, 0]  	399	7  <--- 1
[20, 1, 0, 0]  	403	7 
[8, 5, 5, 0]  	422	6 
[8, 8, 4, 0]  	460	7 
[6, 11, 4, 0]  	491	6 
[6, 14, 3, 0]  	529	7 
[5, 0, 15, 0]  	560	6 
[18, 5, 4, 0]  	581	12 
[14, 11, 3, 0]  	612	11 
[18, 8, 3, 0]  	619	11 
[11, 0, 14, 0]  	643	10 
[14, 14, 2, 0]  	650	10 
[18, 11, 2, 0]  	657	10 
[9, 3, 14, 0]  	674	9 
[12, 17, 2, 0]  	681	9 
[15, 0, 13, 0]  	688	9 
[10, 19, 2, 0]  	689	9 
[9, 20, 2, 0]  	693	8 
[18, 14, 1, 0]  	695	9 
[7, 22, 2, 0]  	701	8 
[7, 6, 14, 0]  	705	8 
[8, 23, 1, 0]  	712	8 
[12, 20, 1, 0]  	719	8 
[7, 8, 13, 0]  	720	8 
[16, 17, 1, 0]  	726	8 
[10, 22, 1, 0]  	727	8 
[6, 8, 14, 0]  	732	7 
[5, 25, 2, 0]  	732	7 
[19, 0, 12, 0]  	733	8 
[14, 19, 1, 0]  	734	8 
[5, 9, 14, 0]  	736	7 
[7, 25, 1, 0]  	739	7 
[6, 26, 1, 0]  	743	7 
[8, 26, 0, 0]  	750	7 
[5, 11, 13, 0]  	751	7 
[4, 12, 13, 0]  	755	6 
[12, 23, 0, 0]  	757	7 
[5, 29, 0, 0]  	762	6 
[4, 11, 14, 0]  	763	6 
[10, 25, 0, 0]  	765	7 
[4, 26, 3, 0]  	767	6 
[5, 28, 1, 0]  	770	6 
[4, 14, 12, 0]  	770	6 
[5, 24, 4, 0]  	771	6 
[14, 22, 0, 0]  	772	7 
[4, 29, 1, 0]  	774	6 
[19, 18, 0, 0]  	775	7 
[18, 19, 0, 0]  	779	7 
[5, 15, 11, 0]  	781	6 
[4, 28, 2, 0]  	782	6 
[3, 14, 13, 0]  	782	6 
[3, 29, 2, 0]  	786	5 
[4, 31, 0, 0]  	789	6 
[5, 17, 10, 0]  	796	6 
[4, 18, 10, 0]  	800	5 
[3, 31, 1, 0]  	801	5 
[3, 0, 24, 0]  	801	5 
[5, 20, 8, 0]  	803	6 
[2, 32, 1, 0]  	805	5 
[17, 21, 0, 0]  	806	6 
[4, 25, 5, 0]  	806	6 
[4, 21, 8, 0]  	807	5 
[4, 17, 11, 0]  	808	5 
[4, 24, 6, 0]  	814	5 
[4, 20, 9, 0]  	815	5 
[4, 4, 21, 0]  	819	5 
[3, 17, 12, 0]  	820	5 
[2, 18, 12, 0]  	824	4 
[4, 7, 19, 0]  	826	5 
[4, 3, 22, 0]  	827	5 
[3, 12, 16, 0]  	829	5 
[3, 4, 22, 0]  	831	4 
[4, 10, 17, 0]  	833	5 
[4, 6, 20, 0]  	834	5 
[3, 11, 17, 0]  	837	5 
[3, 7, 20, 0]  	838	4 
[3, 34, 0, 0]  	839	5 
[4, 9, 18, 0]  	841	5 
[2, 35, 0, 0]  	843	4 
[3, 10, 18, 0]  	845	4 
[3, 6, 21, 0]  	846	4 
[3, 21, 10, 0]  	850	4 
[3, 9, 19, 0]  	853	4 
[3, 28, 5, 0]  	856	5 
[3, 24, 8, 0]  	857	4 
[3, 20, 11, 0]  	858	4 
[2, 29, 5, 0]  	860	4 
[2, 21, 11, 0]  	862	3 
[3, 27, 6, 0]  	864	4 
[3, 23, 9, 0]  	865	4 
[2, 28, 6, 0]  	868	4 
[3, 26, 7, 0]  	872	4 
[2, 4, 24, 0]  	874	4 
[2, 31, 4, 0]  	875	5 
[2, 27, 7, 0]  	876	3 
[2, 23, 10, 0]  	877	3 
[2, 15, 16, 0]  	879	4 
[2, 7, 22, 0]  	881	3 
[2, 26, 8, 0]  	884	3 
[2, 10, 20, 0]  	888	3 
[1, 15, 17, 0]  	891	3 
[1, 38, 0, 0]  	893	3 
[2, 13, 18, 0]  	895	3 
[2, 9, 21, 0]  	896	3 
[1, 14, 18, 0]  	899	3 
[1, 10, 21, 0]  	900	2 
[2, 12, 19, 0]  	903	3 
[2, 0, 28, 0]  	906	4 
[1, 12, 20, 0]  	915	2 
[0, 32, 6, 0]  	922	2 
[1, 30, 7, 0]  	926	2 
[1, 18, 16, 0]  	929	3 
[0, 31, 7, 0]  	930	2 
[0, 30, 8, 0]  	938	1 
[1, 1, 29, 0]  	941	2 
[1, 24, 12, 0]  	943	3 
[1, 35, 4, 0]  	948	3 
[1, 0, 30, 0]  	949	2 
[0, 1, 30, 0]  	953	1 
[0, 16, 19, 0]  	957	1 
[0, 35, 5, 0]  	960	2 
[0, 0, 31, 0]  	961	1  <--- 3
[1, 21, 15, 0]  	967	3 
[0, 18, 18, 0]  	972	1 
[1, 4, 28, 0]  	979	2 
[0, 4, 29, 0]  	991	1 
[0, 38, 4, 0]  	998	2 
[0, 21, 17, 0]  	1010	1 
[1, 7, 27, 0]  	1017	2 
[0, 7, 28, 0]  	1029	1 
[0, 41, 3, 0]  	1036	2 
[0, 24, 16, 0]  	1048	1 
[0, 10, 27, 0]  	1067	1 
[0, 47, 0, 0]  	1081	1  <--- 2
[0, 27, 15, 0]  	1086	1 
[0, 13, 26, 0]  	1105	1 
[6, 9, 13, 1]  	724	7 
[6, 28, 0, 1]  	758	7 
[16, 20, 0, 1]  	764	7 
[5, 18, 9, 1]  	788	6 
[3, 32, 0, 1]  	793	5 
[5, 21, 7, 1]  	795	6 
[5, 23, 6, 1]  	810	6 
[4, 1, 23, 1]  	812	5 
[4, 23, 7, 1]  	822	5 
[3, 3, 23, 1]  	839	4 
[2, 24, 9, 1]  	869	3 
[2, 14, 17, 1]  	887	4 
[2, 1, 27, 1]  	898	4 
[1, 13, 19, 1]  	907	2 
[1, 32, 5, 1]  	910	3 
[1, 31, 6, 1]  	918	3 
[1, 27, 9, 1]  	919	2 
[1, 29, 8, 1]  	934	2 
[0, 44, 0, 1]  	1012	2 
[5, 26, 1, 29]  	724	5 
[5, 14, 11, 29]  	758	6 
[4, 7, 17, 29]  	764	5 
[4, 17, 10, 29]  	777	5 
[4, 24, 5, 29]  	783	4 
[4, 4, 20, 29]  	788	4 
[2, 18, 11, 29]  	793	2 
[3, 9, 18, 29]  	822	4 
[3, 26, 6, 29]  	841	4 
[1, 10, 20, 29]  	869	2 
[1, 0, 28, 29]  	887	2 
[1, 18, 15, 29]  	898	2 
[0, 30, 7, 29]  	907	1 
[0, 13, 20, 29]  	919	1 
[0, 15, 19, 29]  	934	1 
------
The gap is between 2 and 28.
Lengths: 3 3 5 5 3 3.
For 982 = 5*d/2-d1-d2-d3 you get 3 in char 0.
1*x^1*y^23*z^14
1*y^40*z^2
1*y^9*z^25

For 560 = 3*d/2-d1-d2-d3 you get 5 in char 0.
1*x^4*y^17*z^3
1*x^3*y^3*z^14
1*x^2*y^20*z^2
1*x^1*y^6*z^13
1*y^23*z^1

For 138 = d/2-d1-d2-d3 you get 3 in char 0.
1*x^4*z^2
1*x^2*y^3*z^1
1*y^6

Extra powers of p used 0.
The invariant extra is equal to 1.
Start computing 11^3 Delta^1 (x1x2x3)^10... Done.
Start computing 11^4 Delta^2 (x1x2x3)^10... Done.
Start computing 11^5 Delta^3 (x1x2x3)^10... Done.
Start computing 11^6 Delta^4 (x1x2x3)^10... Done.
Start computing 11^7 Delta^5 (x1x2x3)^10... Done.
Start computing 11^8 Delta^6 (x1x2x3)^10... Done.
Start computing 11^9 Delta^7 (x1x2x3)^10... Done.
Start computing aa.
1 2 3 4 5 6 7 8 9 10 11 
*/
A = \
[598228725378556587768145382517,1395775427644604627478220630874,1189834935664300304530268026429,1414768945753476727238651069276,1357656666282391701876470251222,98336049533469234372446438097,601829042881018168992282009657,411058624857562275944170377150,191938414102371050697393662181,778879878762227220834036464690,904475321157828140120737257789;\
716607585261166677146239700520,579260599168755310895242171472,1128283380287903882056000678756,1222696179690006189716589794775,1586169856581089854267002355733,352914784911450084508597931563,416354895977359446715323671263,620800609212092470456099614348,655067516911787527128991645807,1267453220647386569054326368762,1167745060578580731276147519962;\
63729521289152184310473826147,1585337610817969348901917581474,597893826168898006085381239506,269744869613476027558133127969,963040239641028779820668350206,272319417518190936966334937433,913542361353879470501488890745,874198762591425617538469723622,951046269623390192917666735789,195254913951419789297616856389,144779443207056723537317739564;\
95494143904840534687197025539,1542712434874343067979754154417,964371868369941452025557938840,1514265734239471623412482357174,1348876322755173101567156745772,624685361844526795058209151078,521817186222033370457745305437,1031690453333392730911296339296,1585726715004573364080680533007,947236858662586054319699036490,156398115191671987380664183299;\
670229350421393483675905833409,1210740215109629852937399949852,1505036087679870673819431586591,189831111967865622954377052760,401262332860501633536649505003,742024708154148804082857750712,1066991505831787341233100285063,1365150362436139927132347686406,1044872461784484835593993817806,250578637797206732791308113088,1101052153456632518875944059520;\
247522703985465935682819621102,545161446646757390569914060841,682983769290519071213515154811,1393611548326893540103841729237,830019539235340485526328639850,852491131564732531875824622329,261020438772668421350807430996,536323556977084564495428008663,989557801939324553452465304048,983759943754365373764478194357,618304477443330906357348581516;\
1176950536436049763045730330140,292562688871171561358595909597,1476123290360142936105769469853,845204711720688107862932397627,1165474674419269772220936605794,190489825253953233322637156460,178510632642863686515069377603,490052933414468296603193800997,979983868566794726271137866024,551426163822129087544060309092,530906218659838028892062617538;\
715188746652927350988424607672,1543233034731339309277946692536,1290117665291703558288534196261,432903845055603553320078572138,1004482353685030997799410148530,314952303199384052643960601819,1105269449873422956780396673385,606291248708319291566207265177,955843558273562263794968988795,843198392600488270517736711652,974125121234719861859995806395;\
648741265014461090423091730014,1220917498597143963657852322748,329591435615003866643419195011,864262624245990339781686220935,271301505077489780179975188907,429033366768278066095171374152,115119505075217025694944845575,320991879563046732292730541162,387980366434666943604115912232,384952950551951270163491816296,272345507987728395859056683771;\
1394148389149960604590002766117,1492181163546296489368448349563,95862637453231512710972155022,34371509137154396475429257635,333412010300760648661829100500,1471495381743915282056566565752,898265008557166599663704882734,624943304438634969736471249639,420856089644460505932545012661,1568588117005300632479480666171,1099687034684716048897165916626;\
609245851759348075479486170236,1504699428245491563167980612625,1085719218783604241957006799165,812330735497158639663050044456,1194698027207031416329959234272,277559647365351805311908161760,249615422499125482831413204020,1360467358002337042506775453562,170179828029064715816466320083,1110123472863085046194115351999,594913161300365270145577043183]
/* 
This should be the matrix of frobenius!
*/ 
B = A; 
/* Freed 167 lists. */
