/* Comments begin... 
Coefficient of   x^21 * y^1               = -5
Coefficient of   x^10 * y^2 * z^6         = 3
Coefficient of   x^8 * y^5 * z^5         = -2
Coefficient of   x^6 * y^8 * z^4         = -1
Coefficient of   x^4 * y^11 * z^3         = 3
Coefficient of   x^2 * y^14 * z^2         = -1
Coefficient of   x^1 * z^13               = 1
Coefficient of   y^17 * z^1               = -4

Here is the polynomial we're using this time:

-5*x^21*y^1 + 3*x^10*y^2*z^6 + -2*x^8*y^5*z^5 + -1*x^6*y^8*z^4 + 3*x^4*y^11*z^3 + -1*x^2*y^14*z^2 + 1*x^1*z^13 + -4*y^17*z^1

Allocate G_len 20 elements and old = 0.
Allocate M_len = 400 elements.
Allocate G_len 40 elements and old = 20.
Allocate M_len = 800 elements.
Allocate G_len 80 elements and old = 40.
Allocate M_len = 1600 elements.
Allocate M_len = 3200 elements.
Allocate G_len 160 elements and old = 80.
Allocate M_len = 6400 elements.
Allocate M_len = 12800 elements.
Allocate G_len 320 elements and old = 160.
The final length of G is 165
[10, 2, 5, 0]  	391	7 
[21, 0, 0, 0]  	399	7  <--- 1
[20, 1, 0, 0]  	403	7 
[8, 5, 5, 0]  	422	6 
[8, 8, 4, 0]  	460	7 
[6, 11, 4, 0]  	491	6 
[6, 14, 3, 0]  	529	7 
[5, 0, 15, 0]  	560	6 
[18, 5, 4, 0]  	581	12 
[14, 11, 3, 0]  	612	11 
[18, 8, 3, 0]  	619	11 
[11, 0, 14, 0]  	643	10 
[18, 11, 2, 0]  	657	10 
[9, 3, 14, 0]  	674	9 
[12, 17, 2, 0]  	681	9 
[16, 14, 2, 0]  	688	9 
[15, 0, 13, 0]  	688	9 
[10, 19, 2, 0]  	689	9 
[9, 20, 2, 0]  	693	8 
[18, 14, 1, 0]  	695	9 
[7, 22, 2, 0]  	701	8 
[7, 6, 14, 0]  	705	8 
[8, 23, 1, 0]  	712	8 
[12, 20, 1, 0]  	719	8 
[7, 8, 13, 0]  	720	8 
[6, 9, 13, 0]  	724	7 
[16, 17, 1, 0]  	726	8 
[10, 22, 1, 0]  	727	8 
[6, 8, 14, 0]  	732	7 
[5, 25, 2, 0]  	732	7 
[19, 0, 12, 0]  	733	8 
[14, 19, 1, 0]  	734	8 
[5, 9, 14, 0]  	736	7 
[7, 25, 1, 0]  	739	7 
[6, 26, 1, 0]  	743	7 
[5, 11, 13, 0]  	751	7 
[4, 12, 13, 0]  	755	6 
[12, 23, 0, 0]  	757	7 
[6, 28, 0, 0]  	758	7 
[5, 29, 0, 0]  	762	6 
[4, 11, 14, 0]  	763	6 
[10, 25, 0, 0]  	765	7 
[4, 26, 3, 0]  	767	6 
[5, 28, 1, 0]  	770	6 
[4, 14, 12, 0]  	770	6 
[5, 24, 4, 0]  	771	6 
[14, 22, 0, 0]  	772	7 
[19, 18, 0, 0]  	775	7 
[18, 19, 0, 0]  	779	7 
[5, 15, 11, 0]  	781	6 
[4, 28, 2, 0]  	782	6 
[3, 14, 13, 0]  	782	6 
[3, 29, 2, 0]  	786	5 
[5, 18, 9, 0]  	788	6 
[4, 31, 0, 0]  	789	6 
[3, 32, 0, 0]  	793	5 
[5, 17, 10, 0]  	796	6 
[4, 18, 10, 0]  	800	5 
[3, 31, 1, 0]  	801	5 
[3, 0, 24, 0]  	801	5 
[5, 20, 8, 0]  	803	6 
[2, 32, 1, 0]  	805	5 
[17, 21, 0, 0]  	806	6 
[4, 25, 5, 0]  	806	6 
[4, 21, 8, 0]  	807	5 
[4, 17, 11, 0]  	808	5 
[4, 1, 23, 0]  	812	5 
[4, 24, 6, 0]  	814	5 
[4, 20, 9, 0]  	815	5 
[4, 4, 21, 0]  	819	5 
[4, 23, 7, 0]  	822	5 
[2, 18, 12, 0]  	824	4 
[4, 7, 19, 0]  	826	5 
[3, 12, 16, 0]  	829	5 
[3, 4, 22, 0]  	831	4 
[4, 10, 17, 0]  	833	5 
[4, 6, 20, 0]  	834	5 
[3, 11, 17, 0]  	837	5 
[3, 7, 20, 0]  	838	4 
[3, 3, 23, 0]  	839	4 
[4, 9, 18, 0]  	841	5 
[2, 35, 0, 0]  	843	4 
[3, 10, 18, 0]  	845	4 
[3, 6, 21, 0]  	846	4 
[3, 21, 10, 0]  	850	4 
[3, 9, 19, 0]  	853	4 
[3, 28, 5, 0]  	856	5 
[3, 24, 8, 0]  	857	4 
[3, 20, 11, 0]  	858	4 
[2, 29, 5, 0]  	860	4 
[2, 21, 11, 0]  	862	3 
[3, 27, 6, 0]  	864	4 
[3, 23, 9, 0]  	865	4 
[2, 28, 6, 0]  	868	4 
[2, 24, 9, 0]  	869	3 
[2, 4, 24, 0]  	874	4 
[2, 31, 4, 0]  	875	5 
[2, 27, 7, 0]  	876	3 
[2, 23, 10, 0]  	877	3 
[2, 15, 16, 0]  	879	4 
[2, 7, 22, 0]  	881	3 
[2, 26, 8, 0]  	884	3 
[2, 14, 17, 0]  	887	4 
[2, 10, 20, 0]  	888	3 
[1, 15, 17, 0]  	891	3 
[1, 38, 0, 0]  	893	3 
[2, 13, 18, 0]  	895	3 
[2, 9, 21, 0]  	896	3 
[2, 1, 27, 0]  	898	4 
[1, 14, 18, 0]  	899	3 
[1, 10, 21, 0]  	900	2 
[2, 12, 19, 0]  	903	3 
[2, 0, 28, 0]  	906	4 
[1, 13, 19, 0]  	907	2 
[1, 32, 5, 0]  	910	3 
[1, 12, 20, 0]  	915	2 
[1, 31, 6, 0]  	918	3 
[1, 27, 9, 0]  	919	2 
[0, 32, 6, 0]  	922	2 
[1, 30, 7, 0]  	926	2 
[1, 18, 16, 0]  	929	3 
[0, 31, 7, 0]  	930	2 
[1, 29, 8, 0]  	934	2 
[0, 30, 8, 0]  	938	1 
[1, 1, 29, 0]  	941	2 
[1, 35, 4, 0]  	948	3 
[1, 0, 30, 0]  	949	2 
[0, 1, 30, 0]  	953	1 
[0, 16, 19, 0]  	957	1 
[0, 35, 5, 0]  	960	2 
[0, 0, 31, 0]  	961	1  <--- 3
[1, 21, 15, 0]  	967	3 
[0, 18, 18, 0]  	972	1 
[1, 4, 28, 0]  	979	2 
[0, 4, 29, 0]  	991	1 
[0, 38, 4, 0]  	998	2 
[0, 21, 17, 0]  	1010	1 
[0, 44, 0, 0]  	1012	2  <--- 2
[1, 7, 27, 0]  	1017	2 
[0, 7, 28, 0]  	1029	1 
[0, 41, 3, 0]  	1036	2 
[0, 24, 16, 0]  	1048	1 
[0, 10, 27, 0]  	1067	1 
[0, 27, 15, 0]  	1086	1 
[0, 13, 26, 0]  	1105	1 
[14, 14, 2, 1]  	650	10 
[8, 26, 0, 1]  	750	7 
[16, 20, 0, 1]  	764	7 
[4, 29, 1, 1]  	774	6 
[5, 21, 7, 1]  	795	6 
[5, 23, 6, 1]  	810	6 
[3, 17, 12, 1]  	820	5 
[4, 3, 22, 1]  	827	5 
[3, 26, 7, 1]  	872	4 
[1, 24, 12, 1]  	943	3 
[13, 0, 13, 29]  	650	9 
[12, 19, 1, 29]  	696	7 
[5, 15, 10, 29]  	750	6 
[4, 7, 17, 29]  	764	5 
[4, 18, 9, 29]  	769	5 
[2, 32, 0, 29]  	774	4 
[4, 24, 5, 29]  	783	5 
[3, 20, 10, 29]  	827	4 
[2, 12, 18, 29]  	872	3 
[0, 41, 0, 29]  	943	2 
------
The gap is between 2 and 28.
Lengths: 3 3 5 5 3 3.
For 982 = 5*d/2-d1-d2-d3 you get 3 in char 0.
1*x^1*y^23*z^14
1*y^40*z^2
1*y^9*z^25

For 560 = 3*d/2-d1-d2-d3 you get 5 in char 0.
1*x^4*y^17*z^3
1*x^3*y^3*z^14
1*x^2*y^20*z^2
1*x^1*y^6*z^13
1*y^23*z^1

For 138 = d/2-d1-d2-d3 you get 3 in char 0.
1*x^4*z^2
1*x^2*y^3*z^1
1*y^6

Extra powers of p used 0.
The invariant extra is equal to 1.
Start computing 11^3 Delta^1 (x1x2x3)^10... Done.
Start computing 11^4 Delta^2 (x1x2x3)^10... Done.
Start computing 11^5 Delta^3 (x1x2x3)^10... Done.
Start computing 11^6 Delta^4 (x1x2x3)^10... Done.
Start computing 11^7 Delta^5 (x1x2x3)^10... Done.
Start computing 11^8 Delta^6 (x1x2x3)^10... Done.
Start computing 11^9 Delta^7 (x1x2x3)^10... Done.
Start computing aa.
1 2 3 4 5 6 7 8 9 10 11 
*/
A = \
[756312512467085722650139222341,1429047501214717476650529861910,464810033868212959025425444381,184024198995883493006551032626,27821072581153305075158537495,312660182867890687953603073154,1279977389330927895741264909327,267416545486140650521625061809,316360438689043340727598252273,846150795287179161284610729503,126505775049382888705327960057;\
1294722108245182332790831805532,1484688651191727972417678945004,1251158705773067850139292533527,40597759005990071273099446845,831597440556468536703702745752,880993785885871098021825206567,1063785453872746377629898479724,1558943285862445541948540025573,87530253261472878559019712263,167075581732414187466461080638,1411087797381780791134691440633;\
1126131240394977121398271116657,1298438289622227126027965668668,1307881947937343534650622928680,1585471465178831313595165366273,920216405656403547718926567844,1101806000516421147119453520481,535667563417087704455664719160,1531092182441403538674591435254,325956974473030328492410119642,85922696373362980761436124945,1561881553446278952357452364063;\
402024949084987611302959487951,1403252888055257758610120400029,256148931144669988347052296484,1574944410257153237028781421587,1112836426636209531461539580851,90485434265683765088650486661,641118229430661265086135506922,1227771564309361935328462806666,895345190022404920193517001935,583764897274563909802350863212,727590846983287297811411966641;\
208096391748990164712648053004,1417132552758638942463601591146,1145742095208084755869870472554,526643811785821228493957982899,1308260479689679684396744733712,915511827442448907941313723900,234230365622923414185462649683,231745387377491413794658394940,1392097837765624185707689276747,1142136831002489324035726161084,1571919873644490644166963963211;\
393728586090231445872113734083,471553855829464481499065857622,520528701343110996832239019821,850970205603065365291422018136,311665589328038652798331809327,507855654430735504843353510799,178370684083031744145793493674,294791247323817533794777142200,1452390733337320446698122882260,1210685864586923800703185896580,1560672037470382935702317520851;\
591609651261335586736907227692,429588127751787249619620698316,1483868705902257371813918001920,1293745363048306374735538166410,1375239032046882156809328458378,1231621718915023648063372913183,403601479613000391786438150138,1376392127947257154282379064762,52578192536569567909022866247,672043583533327712932389357303,856588896819342950498531051569;\
906361204536007564605116605882,276102306245520608108810852073,145426152315065029954724547623,1523270671899226566475526069989,854239291981095121615771632485,382547371242821856110600674058,880168750733723510192484414899,1118126074004214734368688203480,1514427270007514708396592452147,1467030956341948542292227152805,967678464877222138794884647264;\
1025094687047735108464574822304,69962609756580666029467649771,1158604182732169264471573537529,1284581693018781339183839262788,1556752830169303045929439586049,1136108390821396798319640151432,1562475507170421247331981367578,289312148342901293416375363465,1128660252036843418526419300295,613853525016784869035156059683,1136987365468972480873611121712;\
636987521658798498936088266715,1050453880737982784854414166405,747740502129958124708098913242,1133759310639930074902815508517,1320012763035948693453198503827,1405082312117315550282709850485,1015343659060003717136124947636,1507016734449511957331125234615,832458854639227311625355571334,965717932602712098558908196048,673972318193340839237370253426;\
114735597173931479186943233964,1248484700025775722707083448108,748583504179555638732628840514,19191016822290019688431297045,856677875065586461584426606107,1077015989582087076060149121621,16518060306992857617605974164,308430681501519548875503087070,212733015527087925441680384749,365309157250061295333761923246,225507392417558717344613798723]
/* 
This should be the matrix of frobenius!
*/ 
B = A; 
/* Freed 166 lists. */
