/* Comments begin... 
Coefficient of   x^21 * y^1               = -3
Coefficient of   x^10 * y^2 * z^6         = -2
Coefficient of   x^8 * y^5 * z^5         = 0
Coefficient of   x^6 * y^8 * z^4         = -3
Coefficient of   x^4 * y^11 * z^3         = 1
Coefficient of   x^2 * y^14 * z^2         = -4
Coefficient of   x^1 * z^13               = -5
Coefficient of   y^17 * z^1               = -4

Here is the polynomial we're using this time:

-3*x^21*y^1 + -2*x^10*y^2*z^6 + -3*x^6*y^8*z^4 + 1*x^4*y^11*z^3 + -4*x^2*y^14*z^2 + -5*x^1*z^13 + -4*y^17*z^1

Allocate G_len 20 elements and old = 0.
Allocate M_len = 400 elements.
Allocate G_len 40 elements and old = 20.
Allocate M_len = 800 elements.
Allocate G_len 80 elements and old = 40.
Allocate M_len = 1600 elements.
Allocate M_len = 3200 elements.
Allocate G_len 160 elements and old = 80.
Allocate M_len = 6400 elements.
Allocate M_len = 12800 elements.
Allocate G_len 320 elements and old = 160.
The final length of G is 166
[10, 2, 5, 0]  	391	6 
[21, 0, 0, 0]  	399	6  <--- 1
[20, 1, 0, 0]  	403	6 
[6, 8, 4, 0]  	422	5 
[6, 14, 3, 0]  	529	7 
[5, 0, 15, 0]  	560	6 
[16, 8, 3, 0]  	581	10 
[14, 11, 3, 0]  	612	9 
[11, 0, 14, 0]  	643	10 
[14, 14, 2, 0]  	650	10 
[18, 11, 2, 0]  	657	10 
[9, 3, 14, 0]  	674	9 
[12, 17, 2, 0]  	681	9 
[15, 0, 13, 0]  	688	9 
[10, 19, 2, 0]  	689	9 
[9, 20, 2, 0]  	693	8 
[18, 14, 1, 0]  	695	9 
[8, 5, 14, 0]  	701	8 
[7, 6, 14, 0]  	705	8 
[9, 6, 13, 0]  	712	8 
[12, 20, 1, 0]  	719	8 
[8, 22, 2, 0]  	720	8 
[7, 23, 2, 0]  	724	7 
[16, 17, 1, 0]  	726	8 
[10, 22, 1, 0]  	727	8 
[9, 23, 1, 0]  	731	7 
[5, 25, 2, 0]  	732	7 
[19, 0, 12, 0]  	733	8 
[14, 19, 1, 0]  	734	8 
[5, 9, 14, 0]  	736	7 
[7, 25, 1, 0]  	739	7 
[6, 26, 1, 0]  	743	7 
[8, 26, 0, 0]  	750	7 
[5, 11, 13, 0]  	751	7 
[4, 12, 13, 0]  	755	6 
[12, 23, 0, 0]  	757	7 
[6, 28, 0, 0]  	758	7 
[5, 29, 0, 0]  	762	6 
[4, 11, 14, 0]  	763	6 
[10, 25, 0, 0]  	765	7 
[4, 26, 3, 0]  	767	6 
[5, 28, 1, 0]  	770	6 
[5, 24, 4, 0]  	771	6 
[14, 22, 0, 0]  	772	7 
[4, 29, 1, 0]  	774	6 
[19, 18, 0, 0]  	775	7 
[18, 19, 0, 0]  	779	7 
[5, 15, 11, 0]  	781	6 
[4, 28, 2, 0]  	782	6 
[3, 14, 13, 0]  	782	6 
[3, 29, 2, 0]  	786	5 
[5, 18, 9, 0]  	788	6 
[5, 14, 12, 0]  	789	6 
[4, 31, 0, 0]  	789	6 
[4, 15, 12, 0]  	793	5 
[3, 32, 0, 0]  	793	5 
[5, 21, 7, 0]  	795	6 
[5, 17, 10, 0]  	796	6 
[4, 18, 10, 0]  	800	5 
[3, 31, 1, 0]  	801	5 
[3, 0, 24, 0]  	801	5 
[5, 20, 8, 0]  	803	6 
[2, 32, 1, 0]  	805	5 
[17, 21, 0, 0]  	806	6 
[4, 25, 5, 0]  	806	6 
[4, 21, 8, 0]  	807	5 
[4, 17, 11, 0]  	808	5 
[5, 23, 6, 0]  	810	6 
[4, 1, 23, 0]  	812	5 
[4, 24, 6, 0]  	814	5 
[4, 20, 9, 0]  	815	5 
[4, 4, 21, 0]  	819	5 
[3, 17, 12, 0]  	820	5 
[4, 23, 7, 0]  	822	5 
[2, 18, 12, 0]  	824	4 
[4, 7, 19, 0]  	826	5 
[4, 3, 22, 0]  	827	5 
[3, 12, 16, 0]  	829	5 
[3, 4, 22, 0]  	831	4 
[4, 10, 17, 0]  	833	5 
[3, 7, 20, 0]  	838	4 
[3, 3, 23, 0]  	839	4 
[4, 9, 18, 0]  	841	5 
[2, 35, 0, 0]  	843	4 
[3, 10, 18, 0]  	845	4 
[3, 6, 21, 0]  	846	4 
[3, 21, 10, 0]  	850	4 
[3, 9, 19, 0]  	853	4 
[3, 24, 8, 0]  	857	4 
[3, 20, 11, 0]  	858	4 
[3, 27, 6, 0]  	864	4 
[3, 23, 9, 0]  	865	4 
[2, 24, 9, 0]  	869	3 
[3, 26, 7, 0]  	872	4 
[2, 4, 24, 0]  	874	4 
[2, 31, 4, 0]  	875	5 
[2, 15, 16, 0]  	879	4 
[2, 7, 22, 0]  	881	3 
[2, 26, 8, 0]  	884	3 
[2, 14, 17, 0]  	887	4 
[2, 10, 20, 0]  	888	3 
[2, 29, 6, 0]  	891	3 
[1, 15, 17, 0]  	891	3 
[2, 13, 18, 0]  	895	3 
[2, 9, 21, 0]  	896	3 
[2, 1, 27, 0]  	898	4 
[1, 14, 18, 0]  	899	3 
[1, 10, 21, 0]  	900	2 
[1, 13, 19, 0]  	907	2 
[1, 32, 5, 0]  	910	3 
[1, 12, 20, 0]  	915	2 
[1, 31, 6, 0]  	918	3 
[1, 27, 9, 0]  	919	2 
[0, 32, 6, 0]  	922	2 
[1, 30, 7, 0]  	926	2 
[1, 18, 16, 0]  	929	3 
[0, 31, 7, 0]  	930	2 
[1, 29, 8, 0]  	934	2 
[2, 0, 29, 0]  	937	3 
[0, 30, 8, 0]  	938	1 
[1, 1, 29, 0]  	941	2 
[1, 24, 12, 0]  	943	3 
[1, 35, 4, 0]  	948	3 
[1, 0, 30, 0]  	949	2 
[0, 1, 30, 0]  	953	1 
[0, 16, 19, 0]  	957	1 
[0, 35, 5, 0]  	960	2 
[0, 0, 31, 0]  	961	1  <--- 3
[1, 41, 0, 0]  	962	2 
[1, 21, 15, 0]  	967	3 
[0, 18, 18, 0]  	972	1 
[1, 4, 28, 0]  	979	2 
[0, 4, 29, 0]  	991	1 
[0, 38, 4, 0]  	998	2 
[0, 21, 17, 0]  	1010	1 
[0, 44, 0, 0]  	1012	2  <--- 2
[1, 7, 27, 0]  	1017	2 
[0, 7, 28, 0]  	1029	1 
[0, 41, 3, 0]  	1036	2 
[0, 24, 16, 0]  	1048	1 
[0, 10, 27, 0]  	1067	1 
[0, 27, 15, 0]  	1086	1 
[0, 13, 26, 0]  	1105	1 
[16, 20, 0, 1]  	764	7 
[4, 14, 12, 1]  	770	6 
[4, 6, 20, 1]  	834	5 
[3, 11, 17, 1]  	837	5 
[3, 28, 5, 1]  	856	5 
[2, 29, 5, 1]  	860	4 
[2, 21, 11, 1]  	862	3 
[2, 28, 6, 1]  	868	4 
[2, 27, 7, 1]  	876	3 
[2, 23, 10, 1]  	877	3 
[1, 38, 0, 1]  	893	3 
[2, 12, 19, 1]  	903	3 
[2, 0, 28, 1]  	906	4 
[5, 21, 6, 29]  	764	6 
[3, 31, 0, 29]  	770	4 
[4, 24, 5, 29]  	783	5 
[3, 23, 8, 29]  	834	2 
[1, 14, 16, 29]  	837	3 
[1, 7, 22, 29]  	862	2 
[1, 13, 18, 29]  	876	2 
[1, 9, 21, 29]  	877	2 
[0, 31, 6, 29]  	899	2 
[1, 29, 7, 29]  	903	2 
------
The gap is between 2 and 28.
Lengths: 3 3 5 5 3 3.
For 982 = 5*d/2-d1-d2-d3 you get 3 in char 0.
1*x^1*y^23*z^14
1*y^40*z^2
1*y^9*z^25

For 560 = 3*d/2-d1-d2-d3 you get 5 in char 0.
1*x^4*y^17*z^3
1*x^3*y^3*z^14
1*x^2*y^20*z^2
1*x^1*y^6*z^13
1*y^23*z^1

For 138 = d/2-d1-d2-d3 you get 3 in char 0.
1*x^4*z^2
1*x^2*y^3*z^1
1*y^6

Extra powers of p used 0.
The invariant extra is equal to 1.
Start computing 11^3 Delta^1 (x1x2x3)^10... Done.
Start computing 11^4 Delta^2 (x1x2x3)^10... Done.
Start computing 11^5 Delta^3 (x1x2x3)^10... Done.
Start computing 11^6 Delta^4 (x1x2x3)^10... Done.
Start computing 11^7 Delta^5 (x1x2x3)^10... Done.
Start computing 11^8 Delta^6 (x1x2x3)^10... Done.
Start computing 11^9 Delta^7 (x1x2x3)^10... Done.
Start computing aa.
1 2 3 4 5 6 7 8 9 10 11 
*/
A = \
[1500299339075588132765071350006,1150072037603631828728666633095,1334343510376890201719905381217,1135676507475392647643536291843,822536174362799721475601406368,1006892419462034148792931947578,207367848229865178593152237581,661583289483479026117974839451,1101437354477043644897722281748,1312421195408682965780568611646,102947797973771884074262361777;\
67475443300972003277997148501,1471180633522755965282099571926,1408746574635550857341789120562,105365039448646836023156322650,1163072909000054047260136991240,604246703829671567641254429701,1565687782606694069926230102112,28933524206709152460494371934,128583017549875784696718765980,441863420758240304784172837075,407675914192830106497233580339;\
764387264544061176964823872114,302324722299268656314229435816,1531090590544399017984995396946,1303434105387114865437539929652,270263557031875575469063658500,183769202217958218911586837839,1290786696956894654453852924734,781149002907489048873679187571,1255766974622565742340981767295,983657669752766619281020933407,1553765708928540762555034143218;\
31180038496413887381838879573,256334977974456586994347052927,379140462793473682441474425369,943890182460011069349372057444,1185159514542419586104717308108,274051978565211251653121892084,1111338019876233915991555238546,548909254052522075159958087258,467027069174985487458820816407,620433559045486938878856677805,1167336909238631193696390004556;\
265816712711990688849304369428,1491978804255868665740357724049,1052050400532142781157300111504,490116987941532961442184123900,296821587080869684912047594229,574526660380037739959323028268,1348064163675693050861981819970,198654106097358169666482689549,942156291879909834987075672449,873660412447179013266424905486,810827137705612687476396221059;\
582606132966759457552280064485,1393134147540972452599083190423,926936220364726591040335652847,419671977637792426233389625582,924823779066809913874851776816,1191023268108863308663268647021,1485214548021589633528472101085,1312044256590093632349481589148,340189924148987828206524875433,229151141409572927226176571934,196489873379467174424981173154;\
291456195500651047222708673569,1240793440027676407210112169023,805878113177387699106640323279,7743875558794339722314077631,1567972890912717693589019762213,710088467713511266006793838606,443218930091991943902210128634,460743577964712785129038756687,98812391641731316716466602501,1187094793585339678541093253860,344748920187740145916000667450;\
626041321009026860451043606292,382384285563342465495796552479,620819607348545719973250138302,1263309186741569171202889611457,294622759254816181580206195347,565236469511974441046997879682,509934135037303592916736964990,1397945803313650608335438013069,1470049301949330630353423600706,299517792458803605136255719947,783198542397492538458390766077;\
1040760899244835852998714529708,1537810790468815765346737184645,1018606108891085002234733050307,1306465737578510147404492074579,457293722034809552206531578471,786351297441906002401084736961,56309530236746374266307690292,501515852786548503683642765848,714180081718861391974516852599,350274027439706092016291229760,534900269358995386420557873230;\
831573187849609540485584128891,1491652181254881876969025201550,1194504172756758814896396209120,1345111389220616162136158827110,206041290520692610644871232110,196540247265591508717038964572,913248392965932370277838019607,1499220768548963950963142352859,1047580977083219146005815012152,647318751469568893417490360815,326566701676158768133622902248;\
673120795013726968141834921006,315860504700071787410518944594,2988997157805184146992991281,844190867774096827107233683826,1288966543501373906820250670840,1479757620627781059600564668502,913903126873642862221737342706,239136916937960638383854871892,243395357879129316511812661533,1189536999407486790521003636258,478572682025358325491788825530]
/* 
This should be the matrix of frobenius!
*/ 
B = A; 
/* Freed 167 lists. */
