/* Comments begin... 
Coefficient of   x^21 * y^1               = 2
Coefficient of   x^10 * y^2 * z^6         = 0
Coefficient of   x^8 * y^5 * z^5         = -5
Coefficient of   x^6 * y^8 * z^4         = -4
Coefficient of   x^4 * y^11 * z^3         = 4
Coefficient of   x^2 * y^14 * z^2         = -2
Coefficient of   x^1 * z^13               = 2
Coefficient of   y^17 * z^1               = 0

Here is the polynomial we're using this time:

2*x^21*y^1 + -5*x^8*y^5*z^5 + -4*x^6*y^8*z^4 + 4*x^4*y^11*z^3 + -2*x^2*y^14*z^2 + 2*x^1*z^13

Allocate G_len 20 elements and old = 0.
Allocate M_len = 400 elements.
Allocate G_len 40 elements and old = 20.
Allocate M_len = 800 elements.
Allocate G_len 80 elements and old = 40.
Allocate M_len = 1600 elements.
Allocate M_len = 3200 elements.
Allocate G_len 160 elements and old = 80.
Allocate M_len = 6400 elements.
Allocate M_len = 12800 elements.
Not smooth!
Coefficient of   x^21 * y^1               = -2
Coefficient of   x^10 * y^2 * z^6         = -3
Coefficient of   x^8 * y^5 * z^5         = 1
Coefficient of   x^6 * y^8 * z^4         = -1
Coefficient of   x^4 * y^11 * z^3         = -1
Coefficient of   x^2 * y^14 * z^2         = 0
Coefficient of   x^1 * z^13               = -5
Coefficient of   y^17 * z^1               = 0

Here is the polynomial we're using this time:

-2*x^21*y^1 + -3*x^10*y^2*z^6 + 1*x^8*y^5*z^5 + -1*x^6*y^8*z^4 + -1*x^4*y^11*z^3 + -5*x^1*z^13

Not smooth!
Coefficient of   x^21 * y^1               = -3
Coefficient of   x^10 * y^2 * z^6         = 1
Coefficient of   x^8 * y^5 * z^5         = -4
Coefficient of   x^6 * y^8 * z^4         = 1
Coefficient of   x^4 * y^11 * z^3         = 0
Coefficient of   x^2 * y^14 * z^2         = -5
Coefficient of   x^1 * z^13               = 1
Coefficient of   y^17 * z^1               = -1

Here is the polynomial we're using this time:

-3*x^21*y^1 + 1*x^10*y^2*z^6 + -4*x^8*y^5*z^5 + 1*x^6*y^8*z^4 + -5*x^2*y^14*z^2 + 1*x^1*z^13 + -1*y^17*z^1

Allocate G_len 320 elements and old = 160.
The final length of G is 169
[10, 2, 5, 0]  	391	6 
[21, 0, 0, 0]  	399	6  <--- 1
[20, 1, 0, 0]  	403	6 
[8, 5, 5, 0]  	422	5 
[8, 8, 4, 0]  	460	7 
[6, 11, 4, 0]  	491	6 
[5, 0, 15, 0]  	560	6 
[18, 5, 4, 0]  	581	10 
[14, 11, 3, 0]  	612	10 
[18, 8, 3, 0]  	619	10 
[11, 0, 14, 0]  	643	9 
[14, 14, 2, 0]  	650	9 
[16, 14, 1, 0]  	657	9 
[10, 17, 3, 0]  	674	8 
[9, 3, 14, 0]  	674	8 
[12, 17, 2, 0]  	681	9 
[15, 0, 13, 0]  	688	8 
[10, 19, 2, 0]  	689	9 
[9, 20, 2, 0]  	693	7 
[9, 19, 3, 0]  	701	8 
[7, 22, 2, 0]  	701	8 
[8, 20, 3, 0]  	705	8 
[7, 6, 14, 0]  	705	8 
[8, 23, 1, 0]  	712	8 
[7, 8, 13, 0]  	720	8 
[6, 9, 13, 0]  	724	7 
[10, 22, 1, 0]  	727	8 
[6, 8, 14, 0]  	732	7 
[5, 25, 2, 0]  	732	7 
[19, 0, 12, 0]  	733	8 
[14, 19, 1, 0]  	734	7 
[6, 23, 3, 0]  	736	7 
[5, 9, 14, 0]  	736	7 
[6, 26, 1, 0]  	743	7 
[8, 26, 0, 0]  	750	7 
[5, 11, 13, 0]  	751	7 
[4, 12, 13, 0]  	755	6 
[12, 23, 0, 0]  	757	7 
[6, 28, 0, 0]  	758	7 
[5, 29, 0, 0]  	762	6 
[4, 11, 14, 0]  	763	6 
[10, 25, 0, 0]  	765	7 
[4, 26, 3, 0]  	767	6 
[5, 28, 1, 0]  	770	6 
[4, 14, 12, 0]  	770	6 
[5, 24, 4, 0]  	771	6 
[14, 22, 0, 0]  	772	7 
[4, 29, 1, 0]  	774	6 
[19, 18, 0, 0]  	775	7 
[18, 19, 0, 0]  	779	7 
[5, 15, 11, 0]  	781	6 
[4, 28, 2, 0]  	782	6 
[3, 14, 13, 0]  	782	6 
[3, 29, 2, 0]  	786	5 
[5, 18, 9, 0]  	788	6 
[4, 31, 0, 0]  	789	6 
[3, 32, 0, 0]  	793	5 
[5, 21, 7, 0]  	795	6 
[5, 17, 10, 0]  	796	6 
[3, 31, 1, 0]  	801	5 
[3, 0, 24, 0]  	801	5 
[5, 20, 8, 0]  	803	6 
[2, 32, 1, 0]  	805	5 
[17, 21, 0, 0]  	806	6 
[4, 25, 5, 0]  	806	6 
[4, 21, 8, 0]  	807	5 
[4, 17, 11, 0]  	808	5 
[5, 23, 6, 0]  	810	6 
[4, 1, 23, 0]  	812	5 
[4, 24, 6, 0]  	814	5 
[4, 20, 9, 0]  	815	5 
[4, 4, 21, 0]  	819	5 
[3, 17, 12, 0]  	820	5 
[4, 23, 7, 0]  	822	5 
[2, 18, 12, 0]  	824	4 
[4, 7, 19, 0]  	826	5 
[4, 3, 22, 0]  	827	5 
[3, 12, 16, 0]  	829	5 
[3, 4, 22, 0]  	831	4 
[4, 10, 17, 0]  	833	5 
[4, 6, 20, 0]  	834	5 
[3, 11, 17, 0]  	837	5 
[3, 7, 20, 0]  	838	4 
[3, 3, 23, 0]  	839	4 
[4, 9, 18, 0]  	841	5 
[2, 35, 0, 0]  	843	4 
[3, 10, 18, 0]  	845	4 
[3, 6, 21, 0]  	846	4 
[3, 21, 10, 0]  	850	4 
[3, 9, 19, 0]  	853	4 
[3, 28, 5, 0]  	856	5 
[3, 24, 8, 0]  	857	4 
[3, 20, 11, 0]  	858	4 
[2, 29, 5, 0]  	860	4 
[2, 21, 11, 0]  	862	3 
[3, 27, 6, 0]  	864	4 
[3, 23, 9, 0]  	865	4 
[2, 28, 6, 0]  	868	4 
[2, 24, 9, 0]  	869	3 
[2, 4, 24, 0]  	874	4 
[2, 31, 4, 0]  	875	5 
[2, 27, 7, 0]  	876	3 
[2, 23, 10, 0]  	877	3 
[2, 15, 16, 0]  	879	4 
[2, 7, 22, 0]  	881	3 
[2, 26, 8, 0]  	884	3 
[2, 14, 17, 0]  	887	4 
[2, 10, 20, 0]  	888	3 
[1, 15, 17, 0]  	891	3 
[1, 38, 0, 0]  	893	3 
[2, 13, 18, 0]  	895	3 
[2, 9, 21, 0]  	896	3 
[2, 1, 27, 0]  	898	4 
[1, 14, 18, 0]  	899	3 
[1, 10, 21, 0]  	900	2 
[2, 12, 19, 0]  	903	3 
[2, 0, 28, 0]  	906	4 
[1, 13, 19, 0]  	907	2 
[1, 32, 5, 0]  	910	3 
[1, 12, 20, 0]  	915	2 
[1, 31, 6, 0]  	918	3 
[1, 27, 9, 0]  	919	2 
[0, 32, 6, 0]  	922	2 
[1, 30, 7, 0]  	926	2 
[1, 18, 16, 0]  	929	3 
[0, 31, 7, 0]  	930	2 
[1, 29, 8, 0]  	934	2 
[0, 30, 8, 0]  	938	1 
[1, 1, 29, 0]  	941	2 
[1, 35, 4, 0]  	948	3 
[1, 0, 30, 0]  	949	2 
[0, 1, 30, 0]  	953	1 
[0, 16, 19, 0]  	957	1 
[0, 35, 5, 0]  	960	2 
[0, 0, 31, 0]  	961	1  <--- 3
[0, 18, 18, 0]  	972	1 
[1, 4, 28, 0]  	979	2 
[0, 4, 29, 0]  	991	1 
[0, 38, 4, 0]  	998	2 
[0, 21, 17, 0]  	1010	1 
[0, 44, 0, 0]  	1012	2  <--- 2
[1, 7, 27, 0]  	1017	2 
[0, 7, 28, 0]  	1029	1 
[0, 41, 3, 0]  	1036	2 
[0, 24, 16, 0]  	1048	1 
[0, 10, 27, 0]  	1067	1 
[0, 27, 15, 0]  	1086	1 
[0, 13, 26, 0]  	1105	1 
[6, 14, 3, 1]  	529	7 
[12, 20, 1, 1]  	719	8 
[7, 25, 1, 1]  	739	7 
[16, 20, 0, 1]  	764	7 
[4, 18, 10, 1]  	800	5 
[3, 26, 7, 1]  	872	4 
[1, 24, 12, 1]  	943	3 
[1, 21, 15, 1]  	967	3 
[5, 0, 14, 29]  	529	6 
[10, 17, 2, 29]  	643	8 
[9, 19, 2, 29]  	670	6 
[8, 22, 1, 29]  	689	8 
[10, 23, 0, 29]  	719	6 
[5, 28, 0, 29]  	739	6 
[5, 21, 6, 29]  	764	6 
[4, 24, 5, 29]  	783	5 
[3, 4, 21, 29]  	800	3 
[2, 12, 18, 29]  	872	3 
[0, 41, 0, 29]  	943	2 
[0, 38, 3, 29]  	967	2 
[0, 10, 26, 29]  	1036	1 
------
The gap is between 2 and 28.
Lengths: 3 3 5 5 3 3.
For 982 = 5*d/2-d1-d2-d3 you get 3 in char 0.
1*x^1*y^23*z^14
1*y^40*z^2
1*y^9*z^25

For 560 = 3*d/2-d1-d2-d3 you get 5 in char 0.
1*x^4*y^17*z^3
1*x^3*y^3*z^14
1*x^2*y^20*z^2
1*x^1*y^6*z^13
1*y^23*z^1

For 138 = d/2-d1-d2-d3 you get 3 in char 0.
1*x^4*z^2
1*x^2*y^3*z^1
1*y^6

Extra powers of p used 0.
The invariant extra is equal to 1.
Start computing 11^3 Delta^1 (x1x2x3)^10... Done.
Start computing 11^4 Delta^2 (x1x2x3)^10... Done.
Start computing 11^5 Delta^3 (x1x2x3)^10... Done.
Start computing 11^6 Delta^4 (x1x2x3)^10... Done.
Start computing 11^7 Delta^5 (x1x2x3)^10... Done.
Start computing 11^8 Delta^6 (x1x2x3)^10... Done.
Start computing 11^9 Delta^7 (x1x2x3)^10... Done.
Start computing aa.
1 2 3 4 5 6 7 8 9 10 11 
*/
A = \
[1484524227312666699882275438401,1492209121156526588457068302761,108443110018122896732480072862,655998928825589429202374080158,830936411221849689620821489246,7476488627443235135337317364,252095808943149330859872891664,134894505035393408751500177024,1559742065352188068054799763734,636403056292848173289473501912,990404924180402218489922466260;\
1024411794374037464152534208696,857481184609161006331537117867,1410148679847675649226708230704,583888018418213726944621081088,1162736058161258490544169273200,454997167589553643124766379970,1353593220659157487414031596541,1573456001693447868687633140935,476559215614527383448691271196,1147375262651600273451092089729,1238745066129820268065317214020;\
402216235302691381561211281252,1444700844054080203213018099841,158991557513672731239802124867,69470495616771778751913115084,688139789819268722885166074891,1485195644355682024244885661101,550928683216241737530110992191,1244235801650088021898841189054,73948328167394231213432276848,974372307867995854836739181230,671228509671082339615292087445;\
634179208999669580686167812080,1442262177743287587927471328734,267388375250113009445012807562,1078527265892566445701031654577,682600458692546673659411288213,859123674828376429340015411759,812804050471275504615588234840,315566959019298608789285562598,1357513531492296536776668697876,395669961015399912367274814340,576726854989818254203403751071;\
279242651126718263358454436448,647859921350478671634137373810,519311071652054353885587198004,224623031177284048107695686658,1206219270192005994743436427139,399554563646642501253630549658,727769445559799161979686831264,182391642833834528809448310863,1249081084835210353005424013154,988618313470799555234881085456,6250398607772077828742619331;\
892930062959768532913305530252,38068023433265912711447408816,222991583941656682388285039235,1163407746931298722597313406111,1579826750148350929448701327938,62269972666649496486454938749,1281894030003979779504861474467,291774843069780657203499957272,765562236787069229090736879517,1030367825950437663100010899564,104003394879600013966113880693;\
1172887298291934241172793064840,1397105297977294886214797752110,910588588414742721850460976856,1165479094185815522795337671543,457764967096120622076707189302,1102377289355509787725049706883,863377369765080566466767774968,569301256375524864324702588844,495034943375850505368120709318,1205345593152727357344212399519,1121866742262689202569262298496;\
528413870338968363020979029946,599443089515531160836840879073,1520755998310691004372308891914,876222714240231410783561919077,1102891935817919608849226254054,714265443813790261944166508266,1123095466095232087794232880170,1064239584951206480917223872463,311336962644530603082597741996,1295598011145260806812613549325,753121518650132976890222588516;\
869661577843810742228874009134,74143244970750696527969983069,1312849951887185374967340709788,305911045319501821062635500883,50503931840059478040726595338,928522538279397466412688885897,781573226984344786078800546867,1372047701552572363725619980712,1313021543645308892440487020711,743467214045583343059803003472,215576149421381163070289325835;\
783791767756262133525084263178,1515094056951169239726623512754,951365155750261332875706888782,533432885174284032284327457378,98489839048532440163559456695,1047304209161050572354528381663,1453844720657660336549720100012,952802836713575954524567940890,501736098070883331628363927195,803104164770172180460308315838,166943086312185442186934528643;\
1148638411750527670089161971838,271167953742188027683203993415,987836687633616189452716729331,139255693293585200929426587021,1238835017649934145977667159325,1414001454106041950621233673406,1222457626856801995631244364454,451884609014896877590189058871,8884578777264033652532473453,1417750457250923702282652256035,405598686168339705496413978712]
/* 
This should be the matrix of frobenius!
*/ 
B = A; 
/* Freed 167 lists. */
