/* Comments begin... 
Coefficient of   x^21 * y^1               = 2
Coefficient of   x^10 * y^2 * z^6         = -1
Coefficient of   x^8 * y^5 * z^5         = 5
Coefficient of   x^6 * y^8 * z^4         = 1
Coefficient of   x^4 * y^11 * z^3         = -3
Coefficient of   x^2 * y^14 * z^2         = 4
Coefficient of   x^1 * z^13               = 3
Coefficient of   y^17 * z^1               = 5

Here is the polynomial we're using this time:

2*x^21*y^1 + -1*x^10*y^2*z^6 + 5*x^8*y^5*z^5 + 1*x^6*y^8*z^4 + -3*x^4*y^11*z^3 + 4*x^2*y^14*z^2 + 3*x^1*z^13 + 5*y^17*z^1

Allocate G_len 20 elements and old = 0.
Allocate M_len = 400 elements.
Allocate G_len 40 elements and old = 20.
Allocate M_len = 800 elements.
Allocate G_len 80 elements and old = 40.
Allocate M_len = 1600 elements.
Allocate M_len = 3200 elements.
Allocate G_len 160 elements and old = 80.
Allocate M_len = 6400 elements.
Allocate M_len = 12800 elements.
Allocate G_len 320 elements and old = 160.
Allocate M_len = 25600 elements.
The final length of G is 180
[10, 2, 5, 0]  	391	7 
[21, 0, 0, 0]  	399	7  <--- 1
[20, 1, 0, 0]  	403	7 
[8, 5, 5, 0]  	422	6 
[8, 8, 4, 0]  	460	7 
[6, 11, 4, 0]  	491	6 
[5, 0, 15, 0]  	560	6 
[18, 5, 4, 0]  	581	12 
[14, 11, 3, 0]  	612	11 
[18, 8, 3, 0]  	619	11 
[12, 14, 3, 0]  	643	10 
[11, 0, 14, 0]  	643	10 
[14, 14, 2, 0]  	650	10 
[18, 11, 2, 0]  	657	10 
[10, 17, 3, 0]  	674	9 
[9, 3, 14, 0]  	674	9 
[12, 17, 2, 0]  	681	9 
[15, 0, 13, 0]  	688	9 
[18, 14, 1, 0]  	695	9 
[8, 20, 3, 0]  	705	8 
[7, 6, 14, 0]  	705	8 
[10, 20, 2, 0]  	712	8 
[8, 23, 1, 0]  	712	8 
[12, 20, 1, 0]  	719	8 
[8, 22, 2, 0]  	720	8 
[7, 8, 13, 0]  	720	8 
[7, 23, 2, 0]  	724	7 
[6, 9, 13, 0]  	724	7 
[16, 17, 1, 0]  	726	8 
[10, 22, 1, 0]  	727	8 
[7, 22, 3, 0]  	732	7 
[6, 8, 14, 0]  	732	7 
[5, 25, 2, 0]  	732	7 
[19, 0, 12, 0]  	733	8 
[6, 23, 3, 0]  	736	7 
[5, 9, 14, 0]  	736	7 
[7, 25, 1, 0]  	739	7 
[6, 26, 1, 0]  	743	7 
[8, 26, 0, 0]  	750	7 
[5, 11, 13, 0]  	751	7 
[4, 12, 13, 0]  	755	6 
[12, 23, 0, 0]  	757	7 
[6, 28, 0, 0]  	758	7 
[5, 29, 0, 0]  	762	6 
[4, 11, 14, 0]  	763	6 
[10, 25, 0, 0]  	765	7 
[4, 26, 3, 0]  	767	6 
[5, 28, 1, 0]  	770	6 
[4, 14, 12, 0]  	770	6 
[5, 24, 4, 0]  	771	6 
[14, 22, 0, 0]  	772	7 
[19, 18, 0, 0]  	775	7 
[18, 19, 0, 0]  	779	7 
[4, 28, 2, 0]  	782	6 
[3, 14, 13, 0]  	782	6 
[3, 29, 2, 0]  	786	5 
[5, 18, 9, 0]  	788	6 
[5, 17, 10, 0]  	796	6 
[4, 18, 10, 0]  	800	5 
[3, 31, 1, 0]  	801	5 
[3, 0, 24, 0]  	801	5 
[5, 20, 8, 0]  	803	6 
[2, 32, 1, 0]  	805	5 
[17, 21, 0, 0]  	806	6 
[4, 25, 5, 0]  	806	6 
[4, 21, 8, 0]  	807	5 
[4, 17, 11, 0]  	808	5 
[4, 1, 23, 0]  	812	5 
[4, 24, 6, 0]  	814	5 
[4, 20, 9, 0]  	815	5 
[4, 4, 21, 0]  	819	5 
[3, 17, 12, 0]  	820	5 
[4, 23, 7, 0]  	822	5 
[2, 18, 12, 0]  	824	4 
[4, 7, 19, 0]  	826	5 
[4, 3, 22, 0]  	827	5 
[3, 12, 16, 0]  	829	5 
[3, 4, 22, 0]  	831	4 
[4, 10, 17, 0]  	833	5 
[4, 6, 20, 0]  	834	5 
[3, 11, 17, 0]  	837	5 
[3, 34, 0, 0]  	839	5 
[4, 9, 18, 0]  	841	5 
[2, 35, 0, 0]  	843	4 
[3, 10, 18, 0]  	845	4 
[3, 6, 21, 0]  	846	4 
[3, 21, 10, 0]  	850	4 
[3, 9, 19, 0]  	853	4 
[3, 28, 5, 0]  	856	5 
[3, 24, 8, 0]  	857	4 
[3, 20, 11, 0]  	858	4 
[2, 29, 5, 0]  	860	4 
[2, 21, 11, 0]  	862	3 
[3, 27, 6, 0]  	864	4 
[3, 23, 9, 0]  	865	4 
[2, 24, 9, 0]  	869	3 
[3, 26, 7, 0]  	872	4 
[2, 4, 24, 0]  	874	4 
[2, 31, 4, 0]  	875	5 
[2, 27, 7, 0]  	876	3 
[2, 23, 10, 0]  	877	3 
[2, 7, 22, 0]  	881	3 
[2, 26, 8, 0]  	884	3 
[2, 14, 17, 0]  	887	4 
[2, 10, 20, 0]  	888	3 
[1, 15, 17, 0]  	891	3 
[1, 38, 0, 0]  	893	3 
[2, 13, 18, 0]  	895	3 
[2, 9, 21, 0]  	896	3 
[2, 1, 27, 0]  	898	4 
[1, 14, 18, 0]  	899	3 
[1, 10, 21, 0]  	900	2 
[2, 12, 19, 0]  	903	3 
[2, 0, 28, 0]  	906	4 
[1, 13, 19, 0]  	907	2 
[1, 32, 5, 0]  	910	3 
[1, 12, 20, 0]  	915	2 
[1, 31, 6, 0]  	918	3 
[1, 27, 9, 0]  	919	2 
[0, 32, 6, 0]  	922	2 
[1, 30, 7, 0]  	926	2 
[1, 18, 16, 0]  	929	3 
[1, 29, 8, 0]  	934	2 
[0, 30, 8, 0]  	938	1 
[1, 1, 29, 0]  	941	2 
[1, 24, 12, 0]  	943	3 
[1, 35, 4, 0]  	948	3 
[1, 0, 30, 0]  	949	2 
[0, 1, 30, 0]  	953	1 
[0, 16, 19, 0]  	957	1 
[0, 35, 5, 0]  	960	2 
[0, 0, 31, 0]  	961	1  <--- 3
[1, 21, 15, 0]  	967	3 
[0, 18, 18, 0]  	972	1 
[1, 4, 28, 0]  	979	2 
[0, 4, 29, 0]  	991	1 
[0, 38, 4, 0]  	998	2 
[0, 21, 17, 0]  	1010	1 
[0, 44, 0, 0]  	1012	2  <--- 2
[0, 7, 28, 0]  	1029	1 
[0, 41, 3, 0]  	1036	2 
[0, 24, 16, 0]  	1048	1 
[0, 10, 27, 0]  	1067	1 
[0, 27, 15, 0]  	1086	1 
[0, 13, 26, 0]  	1105	1 
[10, 19, 2, 1]  	689	9 
[9, 20, 2, 1]  	693	8 
[9, 19, 3, 1]  	701	8 
[7, 22, 2, 1]  	701	8 
[14, 19, 1, 1]  	734	8 
[16, 20, 0, 1]  	764	7 
[4, 29, 1, 1]  	774	6 
[4, 31, 0, 1]  	789	6 
[3, 32, 0, 1]  	793	5 
[5, 21, 7, 1]  	795	6 
[5, 23, 6, 1]  	810	6 
[3, 7, 20, 1]  	838	4 
[3, 3, 23, 1]  	839	4 
[2, 28, 6, 1]  	868	4 
[2, 15, 16, 1]  	879	4 
[0, 31, 7, 1]  	930	2 
[6, 14, 3, 2]  	529	7 
[5, 15, 11, 2]  	781	6 
[1, 7, 27, 2]  	1017	2 
[5, 0, 14, 28]  	529	6 
[6, 8, 13, 28]  	701	7 
[4, 1, 22, 28]  	781	5 
[0, 24, 15, 28]  	1017	1 
[9, 19, 2, 29]  	670	8 
[7, 22, 1, 29]  	670	7 
[12, 22, 0, 29]  	734	5 
[4, 7, 17, 29]  	764	5 
[3, 15, 12, 29]  	774	5 
[4, 24, 5, 29]  	783	4 
[4, 0, 23, 29]  	789	5 
[2, 18, 11, 29]  	793	3 
[2, 24, 8, 29]  	838	3 
[1, 14, 17, 29]  	868	3 
[1, 32, 4, 29]  	879	3 
[0, 0, 30, 29]  	930	1 
------
The gap is between 3 and 27.
Lengths: 3 3 5 5 3 3.
For 982 = 5*d/2-d1-d2-d3 you get 3 in char 0.
1*x^1*y^23*z^14
1*y^40*z^2
1*y^9*z^25

For 560 = 3*d/2-d1-d2-d3 you get 5 in char 0.
1*x^4*y^17*z^3
1*x^3*y^3*z^14
1*x^2*y^20*z^2
1*x^1*y^6*z^13
1*y^23*z^1

For 138 = d/2-d1-d2-d3 you get 3 in char 0.
1*x^4*z^2
1*x^2*y^3*z^1
1*y^6

Extra powers of p used 0.
The invariant extra is equal to 1.
Start computing 11^3 Delta^1 (x1x2x3)^10... Done.
Start computing 11^4 Delta^2 (x1x2x3)^10... Done.
Start computing 11^5 Delta^3 (x1x2x3)^10... Done.
Start computing 11^6 Delta^4 (x1x2x3)^10... Done.
Start computing 11^7 Delta^5 (x1x2x3)^10... Done.
Start computing 11^8 Delta^6 (x1x2x3)^10... Done.
Start computing 11^9 Delta^7 (x1x2x3)^10... Done.
Start computing aa.
1 2 3 4 5 6 7 8 9 10 11 
*/
A = \
[738241713605730653741380748105,14616508349069692763262442657,288985345166669238824763016701,1221064899581100131283372701208,5225659071381050663517028543,1009525996201915789638230189231,384211538613047345137428378756,907381000799304627122213957292,1514682488486496723279780034107,709224184343291462978979671880,19286485273444674045877088610;\
1356942172087183979074261920769,1362122203518611734906465406375,262078843018453514654772486475,249758080261848692064546277768,1085220815760759883594335520310,1270305997413941240850817830253,1007045471050640494996924223724,1326356894436421455941975335518,1390126594873069348671603802047,870925267866426740515655829964,1170727495159009392270087268528;\
1197704106936702791331358403427,1423431632977884625275033684784,1100719305281951196898199088447,590069210133238522945301416384,312805088920816203110406879795,1522145170487728893138257718526,1203024433170993967478089110702,888892494367250145348919039037,1192711861138573191948663698655,1464941286677227710514064493878,431679692328784878718233146499;\
890595839124361910284982333541,216836786762690308293559952660,887088977634713432776417218939,88242266293861460228180207893,1003079125914522500586957540084,1213282497221968108690778351108,1228478292980654732223402253146,350239237513317088685759371768,1477776849956619020347105355404,283020383952532501269637616226,808773399194122005583759551347;\
603196632758559527099558100014,1162093456514263445670910297225,793481596818651523599305821912,373729914949153970822202994582,144223425423309250755024659701,65333864996730937108815372411,790411898175922357171832464535,1289805940572974788775122592688,73957555012612914791339520373,157317802568004298894240357472,1561181637146616847636127043421;\
1266364557015848196537243473336,648982595247682897285139489384,1369269774692385717052954230109,535933002854962498789071570931,1516264627114669890236364443220,662539649020020131894542725871,116859566533268523220407711120,61737530453816291552945406588,1408426110231162797516052232548,565953463725580073682500954894,912778543918196986336851196905;\
412644357291749790424172245524,1230967535128871027111096686716,679518031254744714089063880212,942081046439710538568389797252,1082011584780585982160335653252,967652671921966792117299373166,924039714181689675829628032433,176855360774496111514273610209,715252753260714879202140761470,618979609593771304711628319755,980865483022970839701838667984;\
950280550083385567901520703850,683232239555328305732978603311,728920293080937544209854183355,1111203218483725524929548657243,611183398587718850829241822736,256253637599722072692440289803,1366978630754369588454629175309,1243456836647916172127806690191,1199608243769886855025874285390,1363456752904622730490566612347,955636149581234395462332303775;\
245364857145882883907293558283,650423493700540269088436136217,1112477315721436165019088700383,576746829112763118179914282442,604382268311846269348657206422,494214838856202211915852121283,1215459146671488283420079836876,178144535593052889920982509026,1006926812888479132897328880447,1014198830479586691760651005208,1191150545892897168560167964503;\
1236698618225128945560490835,675686477298757175934042287122,57666086912574202802815079466,513698648017910452738333889042,1409458308261907010252381407468,1256307407171446904120097113335,710587693681082521833360486160,921846623286028362927675315546,1155947944484531324987545714260,91091233688885417970590756577,968322473811447430920867807129;\
168642174888401782477364706984,765186619232866732783624500620,92742189809276243898943851350,50204826493948010916966340703,1308450329905420296189822184309,134572042854904161461712677964,952410661254382089107781184224,1041080062477807249484119587516,1338327509565694099218154976434,568854374024790632747346176689,1064697232848419257746539029578]
/* 
This should be the matrix of frobenius!
*/ 
B = A; 
/* Freed 167 lists. */
