/* Comments begin... 
Coefficient of   x^21 * y^1               = 0
Coefficient of   x^10 * y^2 * z^6         = 2
Coefficient of   x^8 * y^5 * z^5         = 5
Coefficient of   x^6 * y^8 * z^4         = 3
Coefficient of   x^4 * y^11 * z^3         = 2
Coefficient of   x^2 * y^14 * z^2         = 4
Coefficient of   x^1 * z^13               = -4
Coefficient of   y^17 * z^1               = -2

Here is the polynomial we're using this time:

2*x^10*y^2*z^6 + 5*x^8*y^5*z^5 + 3*x^6*y^8*z^4 + 2*x^4*y^11*z^3 + 4*x^2*y^14*z^2 + -4*x^1*z^13 + -2*y^17*z^1

Allocate G_len 20 elements and old = 0.
Allocate M_len = 400 elements.
Allocate G_len 40 elements and old = 20.
Allocate M_len = 800 elements.
Allocate G_len 80 elements and old = 40.
Allocate M_len = 1600 elements.
Allocate M_len = 3200 elements.
Not smooth!
Coefficient of   x^21 * y^1               = -3
Coefficient of   x^10 * y^2 * z^6         = 2
Coefficient of   x^8 * y^5 * z^5         = 5
Coefficient of   x^6 * y^8 * z^4         = -2
Coefficient of   x^4 * y^11 * z^3         = 2
Coefficient of   x^2 * y^14 * z^2         = -5
Coefficient of   x^1 * z^13               = -5
Coefficient of   y^17 * z^1               = 5

Here is the polynomial we're using this time:

-3*x^21*y^1 + 2*x^10*y^2*z^6 + 5*x^8*y^5*z^5 + -2*x^6*y^8*z^4 + 2*x^4*y^11*z^3 + -5*x^2*y^14*z^2 + -5*x^1*z^13 + 5*y^17*z^1

Allocate G_len 160 elements and old = 80.
Allocate M_len = 6400 elements.
Allocate M_len = 12800 elements.
Allocate G_len 320 elements and old = 160.
Allocate M_len = 25600 elements.
The final length of G is 192
[10, 2, 5, 0]  	391	7 
[21, 0, 0, 0]  	399	7  <--- 1
[20, 1, 0, 0]  	403	7 
[8, 5, 5, 0]  	422	6 
[8, 8, 4, 0]  	460	7 
[6, 14, 3, 0]  	529	7 
[18, 5, 4, 0]  	581	12 
[7, 0, 15, 0]  	598	7 
[14, 11, 3, 0]  	612	11 
[18, 8, 3, 0]  	619	11 
[11, 0, 14, 0]  	643	10 
[14, 14, 2, 0]  	650	10 
[18, 11, 2, 0]  	657	11 
[9, 3, 14, 0]  	674	9 
[12, 17, 2, 0]  	681	9 
[15, 0, 13, 0]  	688	10 
[10, 19, 2, 0]  	689	9 
[9, 20, 2, 0]  	693	8 
[18, 14, 1, 0]  	695	10 
[7, 22, 2, 0]  	701	8 
[7, 6, 14, 0]  	705	8 
[8, 23, 1, 0]  	712	8 
[12, 20, 1, 0]  	719	9 
[7, 8, 13, 0]  	720	8 
[6, 9, 13, 0]  	724	7 
[16, 17, 1, 0]  	726	9 
[10, 22, 1, 0]  	727	9 
[6, 8, 14, 0]  	732	8 
[19, 0, 12, 0]  	733	9 
[14, 19, 1, 0]  	734	9 
[5, 9, 14, 0]  	736	7 
[7, 25, 1, 0]  	739	8 
[6, 26, 1, 0]  	743	7 
[8, 26, 0, 0]  	750	8 
[6, 25, 2, 0]  	751	8 
[5, 26, 2, 0]  	755	7 
[12, 23, 0, 0]  	757	7 
[7, 11, 12, 0]  	758	8 
[6, 12, 12, 0]  	762	7 
[5, 25, 3, 0]  	763	7 
[10, 25, 0, 0]  	765	8 
[4, 26, 3, 0]  	767	6 
[5, 28, 1, 0]  	770	6 
[4, 14, 12, 0]  	770	6 
[6, 7, 16, 0]  	771	6 
[5, 24, 4, 0]  	771	6 
[14, 22, 0, 0]  	772	7 
[5, 12, 13, 0]  	774	6 
[4, 29, 1, 0]  	774	6 
[19, 18, 0, 0]  	775	8 
[7, 28, 0, 0]  	777	7 
[18, 19, 0, 0]  	779	8 
[6, 29, 0, 0]  	781	6 
[5, 15, 11, 0]  	781	6 
[4, 28, 2, 0]  	782	6 
[3, 14, 13, 0]  	782	6 
[4, 12, 14, 0]  	786	5 
[3, 29, 2, 0]  	786	5 
[6, 1, 21, 0]  	788	6 
[5, 18, 9, 0]  	788	6 
[3, 32, 0, 0]  	793	5 
[6, 4, 19, 0]  	795	6 
[5, 21, 7, 0]  	795	6 
[6, 0, 22, 0]  	796	6 
[5, 17, 10, 0]  	796	6 
[4, 18, 10, 0]  	800	5 
[3, 31, 1, 0]  	801	5 
[3, 0, 24, 0]  	801	5 
[6, 3, 20, 0]  	803	6 
[5, 20, 8, 0]  	803	6 
[2, 32, 1, 0]  	805	5 
[17, 21, 0, 0]  	806	6 
[5, 8, 17, 0]  	806	6 
[4, 25, 5, 0]  	806	6 
[4, 21, 8, 0]  	807	5 
[5, 31, 0, 0]  	808	5 
[5, 0, 23, 0]  	808	5 
[4, 17, 11, 0]  	808	5 
[6, 6, 18, 0]  	810	6 
[5, 23, 6, 0]  	810	6 
[4, 1, 23, 0]  	812	5 
[5, 7, 18, 0]  	814	5 
[4, 24, 6, 0]  	814	5 
[5, 3, 21, 0]  	815	5 
[4, 20, 9, 0]  	815	5 
[4, 4, 21, 0]  	819	5 
[3, 17, 12, 0]  	820	5 
[5, 6, 19, 0]  	822	5 
[4, 23, 7, 0]  	822	5 
[2, 18, 12, 0]  	824	4 
[4, 7, 19, 0]  	826	5 
[4, 3, 22, 0]  	827	5 
[3, 12, 16, 0]  	829	5 
[3, 4, 22, 0]  	831	4 
[4, 10, 17, 0]  	833	5 
[4, 6, 20, 0]  	834	5 
[3, 11, 17, 0]  	837	5 
[3, 7, 20, 0]  	838	4 
[3, 3, 23, 0]  	839	4 
[4, 9, 18, 0]  	841	5 
[2, 35, 0, 0]  	843	4 
[3, 10, 18, 0]  	845	4 
[3, 6, 21, 0]  	846	4 
[3, 21, 10, 0]  	850	4 
[3, 9, 19, 0]  	853	4 
[3, 28, 5, 0]  	856	5 
[3, 24, 8, 0]  	857	4 
[3, 20, 11, 0]  	858	4 
[2, 29, 5, 0]  	860	4 
[3, 27, 6, 0]  	864	4 
[3, 23, 9, 0]  	865	4 
[2, 28, 6, 0]  	868	4 
[3, 26, 7, 0]  	872	4 
[2, 4, 24, 0]  	874	4 
[2, 31, 4, 0]  	875	5 
[2, 27, 7, 0]  	876	3 
[2, 15, 16, 0]  	879	4 
[2, 7, 22, 0]  	881	3 
[2, 14, 17, 0]  	887	4 
[2, 10, 20, 0]  	888	3 
[1, 15, 17, 0]  	891	3 
[2, 13, 18, 0]  	895	3 
[2, 9, 21, 0]  	896	3 
[1, 14, 18, 0]  	899	3 
[2, 12, 19, 0]  	903	3 
[2, 0, 28, 0]  	906	4 
[1, 13, 19, 0]  	907	2 
[1, 32, 5, 0]  	910	3 
[1, 31, 6, 0]  	918	3 
[1, 27, 9, 0]  	919	2 
[0, 32, 6, 0]  	922	2 
[1, 30, 7, 0]  	926	2 
[1, 18, 16, 0]  	929	3 
[0, 31, 7, 0]  	930	2 
[1, 29, 8, 0]  	934	2 
[0, 30, 8, 0]  	938	1 
[1, 24, 12, 0]  	943	3 
[1, 35, 4, 0]  	948	3 
[1, 0, 30, 0]  	949	2 
[0, 1, 30, 0]  	953	1 
[0, 16, 19, 0]  	957	1 
[0, 35, 5, 0]  	960	2 
[0, 0, 31, 0]  	961	1  <--- 3
[1, 21, 15, 0]  	967	3 
[0, 18, 18, 0]  	972	1 
[1, 4, 28, 0]  	979	2 
[0, 4, 29, 0]  	991	1 
[0, 38, 4, 0]  	998	2 
[0, 21, 17, 0]  	1010	1 
[0, 44, 0, 0]  	1012	2  <--- 2
[1, 7, 27, 0]  	1017	2 
[0, 7, 28, 0]  	1029	1 
[0, 24, 16, 0]  	1048	1 
[0, 10, 27, 0]  	1067	1 
[0, 27, 15, 0]  	1086	1 
[0, 13, 26, 0]  	1105	1 
[6, 11, 4, 1]  	491	6 
[5, 0, 15, 1]  	560	6 
[5, 25, 2, 1]  	732	7 
[5, 11, 13, 1]  	751	7 
[4, 12, 13, 1]  	755	6 
[6, 28, 0, 1]  	758	7 
[5, 29, 0, 1]  	762	6 
[4, 11, 14, 1]  	763	6 
[16, 20, 0, 1]  	764	8 
[4, 31, 0, 1]  	789	6 
[2, 21, 11, 1]  	862	3 
[2, 24, 9, 1]  	869	3 
[2, 23, 10, 1]  	877	3 
[2, 26, 8, 1]  	884	3 
[1, 38, 0, 1]  	893	3 
[2, 1, 27, 1]  	898	4 
[1, 10, 21, 1]  	900	2 
[1, 12, 20, 1]  	915	2 
[1, 1, 29, 1]  	941	2 
[0, 41, 3, 1]  	1036	2 
[5, 21, 6, 28]  	764	6 
[4, 24, 5, 28]  	783	5 
[0, 27, 9, 28]  	900	1 
[0, 29, 8, 28]  	915	1 
[4, 14, 3, 29]  	491	5 
[3, 28, 1, 29]  	732	5 
[4, 0, 23, 29]  	789	4 
[3, 4, 21, 29]  	800	3 
[3, 7, 19, 29]  	807	4 
[1, 7, 22, 29]  	862	2 
[1, 10, 20, 29]  	869	2 
[1, 9, 21, 29]  	877	2 
[1, 12, 19, 29]  	884	1 
[1, 18, 15, 29]  	898	3 
[0, 18, 17, 29]  	941	1 
[0, 10, 26, 29]  	1036	1 
------
The gap is between 2 and 27.
Lengths: 3 3 5 6 3 3.
For 982 = 5*d/2-d1-d2-d3 you get 3 in char 0.
1*x^1*y^23*z^14
1*y^40*z^2
1*y^9*z^25

For 560 = 3*d/2-d1-d2-d3 you get 5 in char 0.
1*x^4*y^17*z^3
1*x^3*y^3*z^14
1*x^2*y^20*z^2
1*x^1*y^6*z^13
1*y^23*z^1

For 138 = d/2-d1-d2-d3 you get 3 in char 0.
1*x^4*z^2
1*x^2*y^3*z^1
1*y^6

Extra powers of p used 1.
The invariant extra is equal to 1.
Start computing 11^3 Delta^1 (x1x2x3)^10... Done.
Start computing 11^4 Delta^2 (x1x2x3)^10... Done.
Start computing 11^5 Delta^3 (x1x2x3)^10... Done.
Start computing 11^6 Delta^4 (x1x2x3)^10... Done.
Start computing 11^7 Delta^5 (x1x2x3)^10... Done.
Start computing 11^8 Delta^6 (x1x2x3)^10... Done.
Start computing 11^9 Delta^7 (x1x2x3)^10... Done.
Start computing aa.
1 2 3 4 5 6 7 8 9 10 11 
*/
A = \
[1523318427022658765569298075496,896839243516575905535699851350,1260988632848964400145308959239,1579523861567933672037089558346,1043403216489216044644648568509,46436013975029588295704289235,701164212372722605554772371438,1327331791744770875189860153013,728642897188200411400532734625,330862415590203172423854932463,103773490691765051252463658334;\
1357424115792329688183891740061,466474389177673390392318978978,704699607206974405273058656768,1319265789654042007378485653813,1349765802801433792506880133084,1096979880075011369169780070166,845685751785108466362964756021,559419085746800739137681432803,563178561303729722964156164709,378056761276949028069710456344,330337353212375382424633564867;\
148478716233636380535909019692,892129892320870728726039332571,977707986936342802100538374159,957909277115961268587484254050,1363759904048566607580137446988,1375881910909751379860512283431,93242583721484977789478487711,234693376240887186666612239627,836505108184119868918236478138,140323257258769913467187352535,629647458350721560582235003359;\
226359701099558078395194823971,13663473832533721292440118703,1033713081119099451416920135176,910600565513706147003432131887,709445039496885509064343806237,457754023511212869336349521595,48086712582868646927596290187,1029038001891050722357169947201,1071580758382652480748152620198,182811118521815014182321418785,810249546360400634196437719254;\
1429199171744860370603708465405,1397888627023550872638528839430,570488052888745133858164227315,4440534485654794232630730179,636921155904019795108352912893,1507358083089291736028050607150,831106930093610072172673336274,1355827163669188996902356276883,419265076112278728179413835643,439473807012999962380218289501,671152580170073167819718225600;\
242094958968351701630371212596,344417310116515394377294251640,15489428992162995698748625669,776638626992052490345560725790,702817285278990443650638983378,1051064622550530173687140836214,1545728424001579894265893221408,233999875887295011533458991902,193622358539626507055409934419,71606997147033192550204650250,1278712130318429918563250648146;\
982796761872874101702429927014,938466010115345575428726846361,1313106448213087534105613015393,656776203728961595218878073960,429936608906318035906575647522,876461335150221475470602131796,482865561754947580682855269019,1453496050231752672134268542076,860862178299678102816626362411,376550583535758373118916530035,1408973027697821340054650903355;\
910471019253168716628766345958,1578476939051574798828890700311,297364212547417516285917327552,1346400666246436831180010229116,725644931963158141212883337953,1305421678628823132446664427327,784905417948933645573026675088,143865853572896727557334063993,465069743656089584791666350529,425452596567745489072690378491,599548792444338750697894500675;\
1232499557898093475515600964460,479533667862446739596333063477,162619360718740689141954431548,545793188540629766490910950332,364179448721095750868057711449,819285595416348948823430930897,232417025395547822099273000536,412727071756882092157571078279,1454620559138175030346686060669,671768166890324571183089275753,98871460784740959659792224392;\
803799669670956841948707294788,1167572029910919280283391950960,102527711770261520384155796098,367869147549607452004868342390,797072575835504344404597999991,1226442870454281717971283800272,1300009779634414113265266286834,1543916505882350930781671413633,654240029198155455346515820134,925298496075618238145329473903,235618983960275244784954889687;\
590748838290495759264330791333,816685839300829952228546648717,1546260980612348651667031419755,1248566398937668418600721914108,470255113914555019786354165844,419419897956411475527321209413,1165214562138328007469042536349,1033962317165867084581091735273,1446079169171501715700965661150,1464494748243640332755031853093,921551449293703660708622813192]
/* 
This matrix times 11^(-1) should be the matrix of frobenius.
*/ 
B = 11^(-1) * A; 
/* Freed 167 lists. */
