/* Comments begin... 
Coefficient of   x^21 * y^1               = 3
Coefficient of   x^10 * y^2 * z^6         = 2
Coefficient of   x^8 * y^5 * z^5         = -5
Coefficient of   x^6 * y^8 * z^4         = -2
Coefficient of   x^4 * y^11 * z^3         = 3
Coefficient of   x^2 * y^14 * z^2         = 0
Coefficient of   x^1 * z^13               = 5
Coefficient of   y^17 * z^1               = -5

Here is the polynomial we're using this time:

3*x^21*y^1 + 2*x^10*y^2*z^6 + -5*x^8*y^5*z^5 + -2*x^6*y^8*z^4 + 3*x^4*y^11*z^3 + 5*x^1*z^13 + -5*y^17*z^1

Allocate G_len 20 elements and old = 0.
Allocate M_len = 400 elements.
Allocate G_len 40 elements and old = 20.
Allocate M_len = 800 elements.
Allocate G_len 80 elements and old = 40.
Allocate M_len = 1600 elements.
Allocate M_len = 3200 elements.
Allocate G_len 160 elements and old = 80.
Allocate M_len = 6400 elements.
Allocate M_len = 12800 elements.
Allocate G_len 320 elements and old = 160.
The final length of G is 160
[10, 2, 5, 0]  	391	6 
[21, 0, 0, 0]  	399	6  <--- 1
[20, 1, 0, 0]  	403	6 
[8, 5, 5, 0]  	422	5 
[8, 8, 4, 0]  	460	7 
[6, 11, 4, 0]  	491	6 
[6, 14, 3, 0]  	529	7 
[5, 0, 15, 0]  	560	6 
[18, 5, 4, 0]  	581	10 
[18, 8, 3, 0]  	619	10 
[11, 0, 14, 0]  	643	9 
[16, 11, 3, 0]  	650	9 
[14, 14, 2, 0]  	650	10 
[18, 11, 2, 0]  	657	9 
[9, 3, 14, 0]  	674	8 
[12, 17, 2, 0]  	681	9 
[15, 0, 13, 0]  	688	8 
[10, 19, 2, 0]  	689	9 
[9, 20, 2, 0]  	693	7 
[17, 0, 12, 0]  	695	8 
[7, 22, 2, 0]  	701	7 
[7, 6, 14, 0]  	705	7 
[8, 23, 1, 0]  	712	8 
[12, 20, 1, 0]  	719	8 
[7, 8, 13, 0]  	720	8 
[6, 9, 13, 0]  	724	6 
[10, 22, 1, 0]  	727	8 
[6, 8, 14, 0]  	732	7 
[5, 25, 2, 0]  	732	7 
[14, 19, 1, 0]  	734	7 
[5, 9, 14, 0]  	736	7 
[7, 25, 1, 0]  	739	7 
[16, 19, 0, 0]  	741	7 
[6, 26, 1, 0]  	743	7 
[8, 26, 0, 0]  	750	7 
[5, 11, 13, 0]  	751	7 
[4, 12, 13, 0]  	755	6 
[6, 28, 0, 0]  	758	7 
[5, 29, 0, 0]  	762	6 
[4, 11, 14, 0]  	763	6 
[10, 25, 0, 0]  	765	7 
[4, 26, 3, 0]  	767	6 
[5, 28, 1, 0]  	770	6 
[4, 14, 12, 0]  	770	6 
[5, 24, 4, 0]  	771	6 
[5, 20, 7, 0]  	772	6 
[4, 29, 1, 0]  	774	6 
[19, 18, 0, 0]  	775	7 
[5, 15, 11, 0]  	781	6 
[4, 28, 2, 0]  	782	6 
[3, 14, 13, 0]  	782	6 
[3, 29, 2, 0]  	786	5 
[5, 18, 9, 0]  	788	6 
[4, 23, 6, 0]  	791	5 
[3, 32, 0, 0]  	793	5 
[5, 17, 10, 0]  	796	6 
[4, 18, 10, 0]  	800	5 
[3, 31, 1, 0]  	801	5 
[3, 0, 24, 0]  	801	5 
[2, 32, 1, 0]  	805	5 
[4, 25, 5, 0]  	806	6 
[4, 21, 8, 0]  	807	5 
[4, 17, 11, 0]  	808	5 
[4, 1, 23, 0]  	812	5 
[4, 20, 9, 0]  	815	5 
[4, 4, 21, 0]  	819	5 
[3, 17, 12, 0]  	820	5 
[2, 18, 12, 0]  	824	4 
[4, 7, 19, 0]  	826	5 
[4, 3, 22, 0]  	827	5 
[3, 12, 16, 0]  	829	5 
[3, 4, 22, 0]  	831	4 
[4, 6, 20, 0]  	834	5 
[15, 24, 0, 0]  	837	6 
[3, 7, 20, 0]  	838	4 
[3, 3, 23, 0]  	839	4 
[4, 9, 18, 0]  	841	5 
[2, 35, 0, 0]  	843	4 
[3, 6, 21, 0]  	846	4 
[3, 21, 10, 0]  	850	4 
[3, 9, 19, 0]  	853	4 
[3, 28, 5, 0]  	856	5 
[3, 24, 8, 0]  	857	4 
[3, 20, 11, 0]  	858	4 
[2, 29, 5, 0]  	860	4 
[2, 21, 11, 0]  	862	3 
[3, 27, 6, 0]  	864	4 
[3, 23, 9, 0]  	865	4 
[3, 11, 18, 0]  	868	4 
[2, 28, 6, 0]  	868	4 
[2, 24, 9, 0]  	869	3 
[3, 26, 7, 0]  	872	4 
[2, 4, 24, 0]  	874	4 
[2, 31, 4, 0]  	875	5 
[2, 27, 7, 0]  	876	3 
[2, 23, 10, 0]  	877	3 
[2, 15, 16, 0]  	879	4 
[2, 7, 22, 0]  	881	3 
[2, 26, 8, 0]  	884	3 
[2, 14, 17, 0]  	887	4 
[2, 10, 20, 0]  	888	3 
[1, 38, 0, 0]  	893	3 
[2, 13, 18, 0]  	895	3 
[2, 9, 21, 0]  	896	3 
[2, 1, 27, 0]  	898	4 
[1, 14, 18, 0]  	899	3 
[1, 10, 21, 0]  	900	2 
[2, 12, 19, 0]  	903	3 
[2, 0, 28, 0]  	906	4 
[1, 13, 19, 0]  	907	2 
[1, 32, 5, 0]  	910	3 
[1, 12, 20, 0]  	915	2 
[1, 31, 6, 0]  	918	3 
[1, 27, 9, 0]  	919	2 
[0, 32, 6, 0]  	922	2 
[1, 30, 7, 0]  	926	2 
[1, 18, 16, 0]  	929	3 
[0, 31, 7, 0]  	930	2 
[1, 29, 8, 0]  	934	2 
[0, 30, 8, 0]  	938	1 
[1, 1, 29, 0]  	941	2 
[1, 24, 12, 0]  	943	3 
[1, 35, 4, 0]  	948	3 
[1, 0, 30, 0]  	949	2 
[0, 1, 30, 0]  	953	1 
[0, 16, 19, 0]  	957	1 
[0, 35, 5, 0]  	960	2 
[0, 0, 31, 0]  	961	1  <--- 3
[1, 21, 15, 0]  	967	3 
[0, 18, 18, 0]  	972	1 
[0, 4, 29, 0]  	991	1 
[0, 38, 4, 0]  	998	2 
[0, 21, 17, 0]  	1010	1 
[0, 44, 0, 0]  	1012	2  <--- 2
[1, 7, 27, 0]  	1017	2 
[0, 7, 28, 0]  	1029	1 
[0, 41, 3, 0]  	1036	2 
[0, 24, 16, 0]  	1048	1 
[0, 10, 27, 0]  	1067	1 
[0, 27, 15, 0]  	1086	1 
[0, 13, 26, 0]  	1105	1 
[14, 11, 3, 1]  	612	10 
[16, 17, 1, 1]  	726	7 
[12, 23, 0, 1]  	757	7 
[4, 31, 0, 1]  	789	6 
[4, 10, 17, 1]  	833	5 
[3, 11, 17, 1]  	837	5 
[1, 15, 17, 1]  	891	3 
[1, 4, 28, 1]  	979	2 
[3, 10, 18, 2]  	845	4 
[2, 27, 6, 28]  	845	3 
[12, 14, 2, 29]  	612	7 
[5, 18, 7, 29]  	726	6 
[4, 21, 6, 29]  	745	5 
[4, 24, 5, 29]  	783	3 
[4, 0, 23, 29]  	789	5 
[4, 7, 18, 29]  	795	5 
[2, 27, 5, 29]  	814	3 
[0, 32, 5, 29]  	891	2 
[0, 21, 16, 29]  	979	1 
------
The gap is between 3 and 27.
Lengths: 3 3 5 5 3 3.
For 982 = 5*d/2-d1-d2-d3 you get 3 in char 0.
1*x^1*y^23*z^14
1*y^40*z^2
1*y^9*z^25

For 560 = 3*d/2-d1-d2-d3 you get 5 in char 0.
1*x^4*y^17*z^3
1*x^3*y^3*z^14
1*x^2*y^20*z^2
1*x^1*y^6*z^13
1*y^23*z^1

For 138 = d/2-d1-d2-d3 you get 3 in char 0.
1*x^4*z^2
1*x^2*y^3*z^1
1*y^6

Extra powers of p used 0.
The invariant extra is equal to 1.
Start computing 11^3 Delta^1 (x1x2x3)^10... Done.
Start computing 11^4 Delta^2 (x1x2x3)^10... Done.
Start computing 11^5 Delta^3 (x1x2x3)^10... Done.
Start computing 11^6 Delta^4 (x1x2x3)^10... Done.
Start computing 11^7 Delta^5 (x1x2x3)^10... Done.
Start computing 11^8 Delta^6 (x1x2x3)^10... Done.
Start computing 11^9 Delta^7 (x1x2x3)^10... Done.
Start computing aa.
1 2 3 4 5 6 7 8 9 10 11 
*/
A = \
[1161018003030917695740270044520,907103856035374418502351097682,56707666830059755439836236896,430507975884896241356824632635,951993338548817598306826597,43293878821114903047405875052,62351250098773797785704751396,860464455565662849221507810975,507289977958620488897100713141,926946395851798277048799104091,761365642498033519864754820214;\
1206484157735791566358361886118,78245764325522490209774408132,1406138218884593608402070554645,677561839250811375218716153488,1464816878059777123174301772863,1503690093169562849878699435096,1331324467270952549514588329091,24668473275525101264427762511,565757733655540812846822592043,1425101927754786830817498969717,249326156432589868084933570497;\
1202431580880655711369535563753,1457989343452083449015252002141,227774554129314260076694126447,1258674477514710661120947367642,1471957042002715480112266705218,1529205729293730183723648343558,337284927417978381382517312534,1020027089977719447800540097349,1188332745011666686522056748936,210727683955154848185221158421,1583728260027467800204290721807;\
404118580961279773057269205319,1445368799312809845824258593811,764398723197732717927130604595,370007111169047227740307810565,923660126697448244856655580204,518436248542121991645539377710,1014411353061518345313623828112,1437236390230823963899083246941,430350919147106309987911950476,828873124562297291478028755849,452474054091984888014945631265;\
289143226733590509394796849358,1128374281112838301946159765261,1317074878772164366065595448292,923811110209261429447025119375,107582927952293914762899726623,554383884283319275707765317327,460751509101471122678867961655,76908859164988541936017721685,317924070591717791560899365419,845700637919577726816292876245,1006682364552349001548017841261;\
559751450881397017920802296720,70499064325319088550788018041,359156819199169611935584598262,1456934277764553937228781451561,363773174498029015232131790897,742155311855201465781246459377,1181854286836521095729945579269,373103395643221293983868369390,1450938898217073282349340295045,1139219190798827103219876092273,479022037406569682342814196645;\
33476437969103282853560254317,589553900096702673188596907284,1066408751493913074686483521553,1045704924044166417575441190007,339627726810545826384703084256,1305536136485469414240415879816,796916811788496734203112570326,1389149956495132619710924478202,759326623536837187735252443633,902985501185619008492198072583,1373302715783860085184001407685;\
734955642602261329956734067005,347826680767883564251991457877,686367036412044633083089801444,137787620532608111094322853879,63089712353937286880505041971,319172928802841814566450078252,1176281164723412292560305406809,1527239455358441225166874262858,842411283848552534621176314214,701901887320239941113167945798,1067390657714600899923072734751;\
687606029044793276810352741833,960783451798190266493534260834,1349450332293018920434021176344,1411280588380364122753341044530,1275984040427878703721848236826,352078940492165288811181517525,1439793011645322865028108918263,903774599483618055389719273960,73378253592592277569839163147,1500719126792458632339531008164,1359810444760135966895890032737;\
683599935065448734101933424269,1377577702766465452983320827733,326053479237683267076355654755,1467194491295989380590979919034,903915138256696742728810540062,671702491659192649110164417488,1217312391287335831185169092577,1462131275494023851513709441485,1364715690795355133034701001210,472998367913551981346562746249,227594877489739034218325384310;\
87260929068469812665222946721,1198851948529953787783109607301,1304976801902830089366168686164,417645707710086776623328701702,66723538586090895437620122398,759070663182997267387287233660,1483054756762544095640354874931,205018219578552816790783173294,1377859782279847164966941802232,835295292709646317201957142993,48835308261647275677522674560]
/* 
This should be the matrix of frobenius!
*/ 
B = A; 
/* Freed 166 lists. */
