/* Comments begin... 
Coefficient of   x^21 * y^1               = -1
Coefficient of   x^10 * y^2 * z^6         = -2
Coefficient of   x^8 * y^5 * z^5         = 3
Coefficient of   x^6 * y^8 * z^4         = -1
Coefficient of   x^4 * y^11 * z^3         = -1
Coefficient of   x^2 * y^14 * z^2         = 4
Coefficient of   x^1 * z^13               = 3
Coefficient of   y^17 * z^1               = -2

Here is the polynomial we're using this time:

-1*x^21*y^1 + -2*x^10*y^2*z^6 + 3*x^8*y^5*z^5 + -1*x^6*y^8*z^4 + -1*x^4*y^11*z^3 + 4*x^2*y^14*z^2 + 3*x^1*z^13 + -2*y^17*z^1

Allocate G_len 20 elements and old = 0.
Allocate M_len = 400 elements.
Allocate G_len 40 elements and old = 20.
Allocate M_len = 800 elements.
Allocate G_len 80 elements and old = 40.
Allocate M_len = 1600 elements.
Allocate M_len = 3200 elements.
Allocate G_len 160 elements and old = 80.
Allocate M_len = 6400 elements.
Allocate M_len = 12800 elements.
Allocate G_len 320 elements and old = 160.
The final length of G is 170
[10, 2, 5, 0]  	391	7 
[21, 0, 0, 0]  	399	7  <--- 1
[20, 1, 0, 0]  	403	7 
[8, 5, 5, 0]  	422	6 
[8, 8, 4, 0]  	460	7 
[6, 11, 4, 0]  	491	6 
[6, 14, 3, 0]  	529	7 
[5, 0, 15, 0]  	560	6 
[18, 5, 4, 0]  	581	12 
[14, 11, 3, 0]  	612	11 
[18, 8, 3, 0]  	619	11 
[11, 0, 14, 0]  	643	10 
[14, 14, 2, 0]  	650	10 
[18, 11, 2, 0]  	657	10 
[9, 3, 14, 0]  	674	9 
[12, 17, 2, 0]  	681	9 
[10, 19, 2, 0]  	689	9 
[18, 14, 1, 0]  	695	9 
[7, 6, 14, 0]  	705	8 
[8, 23, 1, 0]  	712	8 
[12, 20, 1, 0]  	719	8 
[7, 8, 13, 0]  	720	8 
[7, 23, 2, 0]  	724	7 
[6, 9, 13, 0]  	724	7 
[17, 0, 13, 0]  	726	8 
[16, 17, 1, 0]  	726	8 
[10, 22, 1, 0]  	727	8 
[6, 8, 14, 0]  	732	7 
[5, 25, 2, 0]  	732	7 
[19, 0, 12, 0]  	733	8 
[14, 19, 1, 0]  	734	8 
[5, 9, 14, 0]  	736	7 
[7, 25, 1, 0]  	739	7 
[6, 26, 1, 0]  	743	7 
[8, 26, 0, 0]  	750	7 
[5, 11, 13, 0]  	751	7 
[4, 12, 13, 0]  	755	6 
[12, 23, 0, 0]  	757	7 
[6, 28, 0, 0]  	758	7 
[5, 29, 0, 0]  	762	6 
[10, 25, 0, 0]  	765	7 
[4, 26, 3, 0]  	767	6 
[5, 28, 1, 0]  	770	6 
[4, 14, 12, 0]  	770	6 
[5, 24, 4, 0]  	771	6 
[14, 22, 0, 0]  	772	7 
[4, 29, 1, 0]  	774	6 
[19, 18, 0, 0]  	775	7 
[18, 19, 0, 0]  	779	7 
[4, 28, 2, 0]  	782	6 
[3, 14, 13, 0]  	782	6 
[3, 29, 2, 0]  	786	5 
[4, 31, 0, 0]  	789	6 
[3, 32, 0, 0]  	793	5 
[5, 21, 7, 0]  	795	6 
[5, 17, 10, 0]  	796	6 
[4, 18, 10, 0]  	800	5 
[3, 31, 1, 0]  	801	5 
[3, 0, 24, 0]  	801	5 
[5, 20, 8, 0]  	803	6 
[2, 32, 1, 0]  	805	5 
[17, 21, 0, 0]  	806	6 
[4, 25, 5, 0]  	806	6 
[4, 21, 8, 0]  	807	5 
[4, 17, 11, 0]  	808	5 
[5, 23, 6, 0]  	810	6 
[4, 1, 23, 0]  	812	5 
[4, 24, 6, 0]  	814	5 
[4, 20, 9, 0]  	815	5 
[4, 4, 21, 0]  	819	5 
[4, 23, 7, 0]  	822	5 
[2, 18, 12, 0]  	824	4 
[4, 7, 19, 0]  	826	5 
[4, 3, 22, 0]  	827	5 
[3, 12, 16, 0]  	829	5 
[3, 4, 22, 0]  	831	4 
[4, 10, 17, 0]  	833	5 
[4, 6, 20, 0]  	834	5 
[3, 11, 17, 0]  	837	5 
[3, 7, 20, 0]  	838	4 
[3, 3, 23, 0]  	839	4 
[4, 9, 18, 0]  	841	5 
[2, 35, 0, 0]  	843	4 
[3, 10, 18, 0]  	845	4 
[3, 6, 21, 0]  	846	4 
[3, 21, 10, 0]  	850	4 
[3, 9, 19, 0]  	853	4 
[3, 28, 5, 0]  	856	5 
[3, 24, 8, 0]  	857	4 
[3, 20, 11, 0]  	858	4 
[2, 21, 11, 0]  	862	3 
[3, 27, 6, 0]  	864	4 
[3, 23, 9, 0]  	865	4 
[2, 24, 9, 0]  	869	3 
[3, 26, 7, 0]  	872	4 
[2, 4, 24, 0]  	874	4 
[2, 31, 4, 0]  	875	5 
[2, 27, 7, 0]  	876	3 
[2, 23, 10, 0]  	877	3 
[2, 15, 16, 0]  	879	4 
[2, 7, 22, 0]  	881	3 
[2, 26, 8, 0]  	884	3 
[2, 14, 17, 0]  	887	4 
[2, 10, 20, 0]  	888	3 
[1, 15, 17, 0]  	891	3 
[1, 38, 0, 0]  	893	3 
[2, 13, 18, 0]  	895	3 
[2, 9, 21, 0]  	896	3 
[2, 1, 27, 0]  	898	4 
[1, 14, 18, 0]  	899	3 
[1, 10, 21, 0]  	900	2 
[2, 12, 19, 0]  	903	3 
[1, 13, 19, 0]  	907	2 
[1, 32, 5, 0]  	910	3 
[1, 12, 20, 0]  	915	2 
[1, 31, 6, 0]  	918	3 
[1, 27, 9, 0]  	919	2 
[0, 32, 6, 0]  	922	2 
[1, 30, 7, 0]  	926	2 
[1, 18, 16, 0]  	929	3 
[0, 31, 7, 0]  	930	2 
[1, 29, 8, 0]  	934	2 
[0, 30, 8, 0]  	938	1 
[1, 1, 29, 0]  	941	2 
[1, 24, 12, 0]  	943	3 
[1, 35, 4, 0]  	948	3 
[1, 0, 30, 0]  	949	2 
[0, 1, 30, 0]  	953	1 
[0, 16, 19, 0]  	957	1 
[0, 35, 5, 0]  	960	2 
[0, 0, 31, 0]  	961	1  <--- 3
[1, 21, 15, 0]  	967	3 
[0, 18, 18, 0]  	972	1 
[1, 4, 28, 0]  	979	2 
[0, 4, 29, 0]  	991	1 
[0, 38, 4, 0]  	998	2 
[0, 21, 17, 0]  	1010	1 
[0, 44, 0, 0]  	1012	2  <--- 2
[1, 7, 27, 0]  	1017	2 
[0, 7, 28, 0]  	1029	1 
[0, 41, 3, 0]  	1036	2 
[0, 24, 16, 0]  	1048	1 
[0, 10, 27, 0]  	1067	1 
[0, 27, 15, 0]  	1086	1 
[0, 13, 26, 0]  	1105	1 
[15, 0, 13, 1]  	688	9 
[9, 20, 2, 1]  	693	8 
[7, 22, 2, 1]  	701	8 
[4, 11, 14, 1]  	763	6 
[16, 20, 0, 1]  	764	7 
[5, 18, 9, 1]  	788	6 
[2, 29, 5, 1]  	860	4 
[2, 28, 6, 1]  	868	4 
[2, 0, 28, 1]  	906	4 
[5, 15, 11, 2]  	781	6 
[3, 17, 12, 2]  	820	5 
[4, 1, 22, 28]  	781	4 
[2, 34, 0, 28]  	820	4 
[14, 17, 1, 29]  	688	8 
[7, 23, 1, 29]  	693	7 
[6, 8, 13, 29]  	701	7 
[6, 25, 1, 29]  	720	7 
[5, 28, 0, 29]  	739	5 
[3, 28, 2, 29]  	763	5 
[5, 21, 6, 29]  	764	5 
[4, 24, 5, 29]  	783	4 
[4, 4, 20, 29]  	788	4 
[1, 15, 16, 29]  	860	3 
[1, 14, 17, 29]  	868	3 
[0, 32, 5, 29]  	891	2 
------
The gap is between 3 and 27.
Lengths: 3 3 5 5 3 3.
For 982 = 5*d/2-d1-d2-d3 you get 3 in char 0.
1*x^1*y^23*z^14
1*y^40*z^2
1*y^9*z^25

For 560 = 3*d/2-d1-d2-d3 you get 5 in char 0.
1*x^4*y^17*z^3
1*x^3*y^3*z^14
1*x^2*y^20*z^2
1*x^1*y^6*z^13
1*y^23*z^1

For 138 = d/2-d1-d2-d3 you get 3 in char 0.
1*x^4*z^2
1*x^2*y^3*z^1
1*y^6

Extra powers of p used 0.
The invariant extra is equal to 1.
Start computing 11^3 Delta^1 (x1x2x3)^10... Done.
Start computing 11^4 Delta^2 (x1x2x3)^10... Done.
Start computing 11^5 Delta^3 (x1x2x3)^10... Done.
Start computing 11^6 Delta^4 (x1x2x3)^10... Done.
Start computing 11^7 Delta^5 (x1x2x3)^10... Done.
Start computing 11^8 Delta^6 (x1x2x3)^10... Done.
Start computing 11^9 Delta^7 (x1x2x3)^10... Done.
Start computing aa.
1 2 3 4 5 6 7 8 9 10 11 
*/
A = \
[360590344392074386241958333898,1027719520540914382401022978484,1265000755670661296947230913809,1236880474403870566500197768845,214126589651781128330830404770,479060457260042300329597847629,74076256828793204349664815691,1443042834238181212382354620238,42879307448243905594206354004,435193816194680820804324110247,1431787859322485279973341715380;\
1553713356599632950824084341112,820259779859092199714952319536,1503148562586137219046309529901,1000410994047276035994634958247,36045531003680788761615408910,1457531502232019556393479850939,150028761520362361855841778562,241637237564423010898365997395,343154410926796738385705025525,345123439807414376339690264003,865789943819580812429560607807;\
433922420540624791570259201872,927243907677349376249271826250,1349611770495000625597533748767,1211943183749530313663622315561,714278357005414629068944967224,1557150691368510499362929795055,1461258423968088038536622901016,1408598461419140903300503033535,241652173557003404304642390781,1011587253643565430936903036953,1373956880716260764916438958479;\
908901499466089798906371219238,596622964436825097981828193449,672994112296410213566715282045,1044082196374086083731091801501,1179718312586387099229436729953,1446970421609024736528594801289,143115908347506106384994267800,774871017356561347438468314238,780473938785922173125118637412,852306267841697440500881189191,1586309021619186505183735573414;\
1175151208404020268662677664960,1235027066656169781567239351755,1239126440058481110400405130471,937814625936541511412711558497,106878484604547501543290366928,1354339253425695603326735703404,516873883618089378360592439134,1527518608901050430662653908120,1009311041124600728189180037533,1073601462953901631757806280075,1367432748021283072517626216374;\
259473751263564643391591142689,1564229007301729965638031040971,1289876072468162181734411720042,777371978895624964117070373360,1008930737954504153212190999122,1023210125850161416142310103263,1584042291886178414733268883233,801353101529127809892131534347,132095950902800807052828612794,1334557146267357173613759129009,1064709975060927910916617834891;\
613392585821784637935384725883,1240539214609586068472326428942,1449729921475003142547592283863,1272480142880135813423962085880,537094601915424248154308376010,339797619169422473883287531727,655541942159862328731203718400,558964038500541704109565449865,1434218549528152709560678292480,936510031998679294918700671216,1159522730378310791181511657549;\
1320705386554341971199325255915,539486042063004357093983268404,166219550815199247808440438549,775817516067091400227147409675,1307305697664788086936472611568,1574585112381182940552488471618,1056675012236751029910040148918,1016011193019009582380491827783,901454330363687654910908250479,542904896091869358207043956655,1379909217748824071225171421122;\
271164219240530446226432102891,610010829870973361307301705234,1577170014701401098417277666119,1181691659110575548849297443983,59061537018222815338655872842,661791454295965048283672792744,176598549627335511490533145757,923384947142466187644518341605,1052101683761203897139189045339,1506284375499489902790610558829,440381128411775580094053873192;\
1462827768052862473666426111011,437149770838709215281307143336,728677262582392859634915694762,1425259326842650319913134777568,1072333909265393449307989966654,553098488318306520817544063043,1446032626523149759901854871351,225557564441090418856160295113,463182942906444736969834259749,1212889682209197776147320922537,1166844996976181462664277777037;\
603919919709941295662391357656,336961482526183021535995221266,875445512201208416653626374811,1027793754692874133029504866240,157705857198825917864723508041,1126235216415020186502862671166,1387408826810482772854019169950,1037520334179366887658735975906,299908316864850806846028864734,751153275486243085916990528592,167230047898763798888278877494]
/* 
This should be the matrix of frobenius!
*/ 
B = A; 
/* Freed 166 lists. */
