/* Comments begin... 
Coefficient of   x^21 * y^1               = 4
Coefficient of   x^10 * y^2 * z^6         = -5
Coefficient of   x^8 * y^5 * z^5         = 2
Coefficient of   x^6 * y^8 * z^4         = -1
Coefficient of   x^4 * y^11 * z^3         = -3
Coefficient of   x^2 * y^14 * z^2         = -3
Coefficient of   x^1 * z^13               = 5
Coefficient of   y^17 * z^1               = -5

Here is the polynomial we're using this time:

4*x^21*y^1 + -5*x^10*y^2*z^6 + 2*x^8*y^5*z^5 + -1*x^6*y^8*z^4 + -3*x^4*y^11*z^3 + -3*x^2*y^14*z^2 + 5*x^1*z^13 + -5*y^17*z^1

Allocate G_len 20 elements and old = 0.
Allocate M_len = 400 elements.
Allocate G_len 40 elements and old = 20.
Allocate M_len = 800 elements.
Allocate G_len 80 elements and old = 40.
Allocate M_len = 1600 elements.
Allocate M_len = 3200 elements.
Allocate G_len 160 elements and old = 80.
Allocate M_len = 6400 elements.
Allocate M_len = 12800 elements.
Allocate G_len 320 elements and old = 160.
The final length of G is 173
[10, 2, 5, 0]  	391	7 
[21, 0, 0, 0]  	399	7  <--- 1
[20, 1, 0, 0]  	403	7 
[8, 5, 5, 0]  	422	6 
[8, 8, 4, 0]  	460	7 
[6, 11, 4, 0]  	491	6 
[6, 14, 3, 0]  	529	7 
[5, 0, 15, 0]  	560	6 
[18, 5, 4, 0]  	581	12 
[14, 11, 3, 0]  	612	11 
[18, 8, 3, 0]  	619	11 
[11, 0, 14, 0]  	643	10 
[14, 14, 2, 0]  	650	10 
[18, 11, 2, 0]  	657	10 
[9, 3, 14, 0]  	674	9 
[12, 17, 2, 0]  	681	9 
[15, 0, 13, 0]  	688	9 
[9, 20, 2, 0]  	693	8 
[18, 14, 1, 0]  	695	9 
[7, 22, 2, 0]  	701	8 
[7, 6, 14, 0]  	705	8 
[8, 23, 1, 0]  	712	8 
[12, 20, 1, 0]  	719	8 
[7, 8, 13, 0]  	720	8 
[6, 9, 13, 0]  	724	7 
[16, 17, 1, 0]  	726	8 
[10, 22, 1, 0]  	727	8 
[6, 8, 14, 0]  	732	7 
[5, 25, 2, 0]  	732	7 
[19, 0, 12, 0]  	733	8 
[14, 19, 1, 0]  	734	8 
[5, 9, 14, 0]  	736	7 
[7, 25, 1, 0]  	739	7 
[8, 26, 0, 0]  	750	7 
[5, 11, 13, 0]  	751	7 
[4, 12, 13, 0]  	755	6 
[12, 23, 0, 0]  	757	7 
[6, 28, 0, 0]  	758	7 
[5, 29, 0, 0]  	762	6 
[4, 11, 14, 0]  	763	6 
[10, 25, 0, 0]  	765	7 
[4, 26, 3, 0]  	767	6 
[5, 28, 1, 0]  	770	7 
[5, 24, 4, 0]  	771	6 
[14, 22, 0, 0]  	772	7 
[4, 29, 1, 0]  	774	6 
[19, 18, 0, 0]  	775	7 
[18, 19, 0, 0]  	779	7 
[5, 15, 11, 0]  	781	6 
[4, 28, 2, 0]  	782	6 
[3, 14, 13, 0]  	782	6 
[5, 18, 9, 0]  	788	6 
[5, 14, 12, 0]  	789	6 
[4, 31, 0, 0]  	789	6 
[4, 15, 12, 0]  	793	5 
[3, 32, 0, 0]  	793	5 
[5, 21, 7, 0]  	795	6 
[5, 17, 10, 0]  	796	6 
[4, 18, 10, 0]  	800	5 
[3, 31, 1, 0]  	801	6 
[2, 32, 1, 0]  	805	5 
[17, 21, 0, 0]  	806	6 
[4, 25, 5, 0]  	806	6 
[4, 21, 8, 0]  	807	5 
[4, 17, 11, 0]  	808	5 
[5, 23, 6, 0]  	810	6 
[4, 1, 23, 0]  	812	5 
[4, 24, 6, 0]  	814	5 
[4, 20, 9, 0]  	815	5 
[4, 4, 21, 0]  	819	5 
[4, 0, 24, 0]  	820	5 
[3, 17, 12, 0]  	820	5 
[4, 23, 7, 0]  	822	5 
[3, 1, 24, 0]  	824	4 
[2, 18, 12, 0]  	824	4 
[4, 7, 19, 0]  	826	5 
[4, 3, 22, 0]  	827	5 
[3, 12, 16, 0]  	829	5 
[3, 4, 22, 0]  	831	4 
[4, 10, 17, 0]  	833	5 
[4, 6, 20, 0]  	834	5 
[3, 11, 17, 0]  	837	5 
[3, 7, 20, 0]  	838	4 
[4, 9, 18, 0]  	841	5 
[2, 35, 0, 0]  	843	4 
[3, 10, 18, 0]  	845	4 
[3, 6, 21, 0]  	846	4 
[3, 21, 10, 0]  	850	4 
[3, 9, 19, 0]  	853	4 
[3, 28, 5, 0]  	856	5 
[3, 24, 8, 0]  	857	4 
[3, 20, 11, 0]  	858	4 
[2, 29, 5, 0]  	860	4 
[2, 21, 11, 0]  	862	3 
[3, 27, 6, 0]  	864	4 
[3, 23, 9, 0]  	865	4 
[2, 28, 6, 0]  	868	4 
[2, 24, 9, 0]  	869	3 
[3, 26, 7, 0]  	872	4 
[2, 4, 24, 0]  	874	4 
[2, 31, 4, 0]  	875	5 
[2, 23, 10, 0]  	877	3 
[2, 15, 16, 0]  	879	4 
[2, 7, 22, 0]  	881	3 
[2, 26, 8, 0]  	884	3 
[2, 14, 17, 0]  	887	4 
[2, 10, 20, 0]  	888	3 
[1, 38, 0, 0]  	893	3 
[2, 13, 18, 0]  	895	3 
[2, 9, 21, 0]  	896	3 
[2, 1, 27, 0]  	898	4 
[1, 14, 18, 0]  	899	3 
[1, 10, 21, 0]  	900	2 
[2, 12, 19, 0]  	903	3 
[2, 0, 28, 0]  	906	4 
[1, 13, 19, 0]  	907	2 
[1, 32, 5, 0]  	910	3 
[1, 12, 20, 0]  	915	2 
[1, 31, 6, 0]  	918	3 
[0, 32, 6, 0]  	922	2 
[1, 30, 7, 0]  	926	2 
[1, 18, 16, 0]  	929	3 
[0, 31, 7, 0]  	930	2 
[0, 30, 8, 0]  	938	1 
[1, 24, 12, 0]  	943	3 
[1, 35, 4, 0]  	948	3 
[1, 0, 30, 0]  	949	2 
[0, 1, 30, 0]  	953	1 
[0, 16, 19, 0]  	957	1 
[0, 35, 5, 0]  	960	2 
[0, 0, 31, 0]  	961	1  <--- 3
[1, 21, 15, 0]  	967	3 
[0, 18, 18, 0]  	972	1 
[1, 4, 28, 0]  	979	2 
[0, 4, 29, 0]  	991	1 
[0, 38, 4, 0]  	998	2 
[0, 21, 17, 0]  	1010	1 
[1, 7, 27, 0]  	1017	2 
[0, 7, 28, 0]  	1029	1 
[0, 41, 3, 0]  	1036	2 
[0, 24, 16, 0]  	1048	1 
[0, 10, 27, 0]  	1067	1 
[0, 47, 0, 0]  	1081	1  <--- 2
[0, 27, 15, 0]  	1086	1 
[0, 13, 26, 0]  	1105	1 
[10, 19, 2, 1]  	689	9 
[6, 26, 1, 1]  	743	7 
[16, 20, 0, 1]  	764	7 
[4, 14, 12, 1]  	770	6 
[3, 29, 2, 1]  	786	5 
[3, 0, 24, 1]  	801	5 
[5, 20, 8, 1]  	803	6 
[3, 3, 23, 1]  	839	4 
[2, 27, 7, 1]  	876	3 
[1, 15, 17, 1]  	891	3 
[1, 27, 9, 1]  	919	2 
[1, 29, 8, 1]  	934	2 
[1, 1, 29, 1]  	941	2 
[0, 44, 0, 1]  	1012	2 
[8, 22, 1, 29]  	689	7 
[5, 12, 12, 29]  	743	6 
[5, 21, 6, 29]  	764	6 
[3, 31, 0, 29]  	770	4 
[4, 24, 5, 29]  	783	5 
[2, 15, 13, 29]  	786	3 
[2, 17, 12, 29]  	801	3 
[4, 6, 19, 29]  	803	5 
[2, 20, 11, 29]  	839	3 
[1, 13, 18, 29]  	876	2 
[0, 32, 5, 29]  	891	2 
[0, 13, 20, 29]  	919	1 
[0, 15, 19, 29]  	934	1 
[0, 18, 17, 29]  	941	1 
------
The gap is between 2 and 28.
Lengths: 3 3 5 5 3 3.
For 982 = 5*d/2-d1-d2-d3 you get 3 in char 0.
1*x^1*y^23*z^14
1*y^40*z^2
1*y^9*z^25

For 560 = 3*d/2-d1-d2-d3 you get 5 in char 0.
1*x^4*y^17*z^3
1*x^3*y^3*z^14
1*x^2*y^20*z^2
1*x^1*y^6*z^13
1*y^23*z^1

For 138 = d/2-d1-d2-d3 you get 3 in char 0.
1*x^4*z^2
1*x^2*y^3*z^1
1*y^6

Extra powers of p used 0.
The invariant extra is equal to 1.
Start computing 11^3 Delta^1 (x1x2x3)^10... Done.
Start computing 11^4 Delta^2 (x1x2x3)^10... Done.
Start computing 11^5 Delta^3 (x1x2x3)^10... Done.
Start computing 11^6 Delta^4 (x1x2x3)^10... Done.
Start computing 11^7 Delta^5 (x1x2x3)^10... Done.
Start computing 11^8 Delta^6 (x1x2x3)^10... Done.
Start computing 11^9 Delta^7 (x1x2x3)^10... Done.
Start computing aa.
1 2 3 4 5 6 7 8 9 10 11 
*/
A = \
[1318047840068134443714659805304,1468943419384881567869926006457,1421991403935244610808484322359,273271004346241861171508943834,1579048863317345021927483689817,1248511476733606318922360405745,1248928692930287961656471028017,1177908085779340651519726714607,231939427515765696064438444289,493006297143764669767261368576,776297830634827454904106468774;\
987301116550672084240867406846,935357290616950107086625567474,1025649672659963317185943688232,1316631811983303358855944323428,1095918630456526776395785264261,1101284881904051212138395554160,718481124945702880500004960254,669155734256032133326474745718,361400861999779256620915490277,1152456962464027360774520569485,1475837717164735297958942859172;\
522958787157193079359782537703,712428842681742865187249531870,1209890101069814603789042157939,807211705336150080819963120714,1524218091296376280963035193283,564961024430608663203198996341,1506077680776634778313488638728,912184653500632389959178568845,875742709359357919993156545918,332964219173199708484365033685,57646091857174251159334011318;\
640102974001996589094352719175,1484206609583302924992566739736,587997490803966038141921882752,1243506036028534396934857336438,1298043531370082157716351344411,352978639678464438895370470070,226463999605423180721802390962,7168611843802564721227146496,400344050642348042637154179806,1125133155063651700497056826916,149568091252243041231248071215;\
666787804685344710673629840813,456632974483270847928874638461,773980772429184079706082218769,593758812354032639292145685540,453036260238848899949482919443,394131920581746777397144646227,543862324501458062992022513514,301603369922089624179805659469,335421904007801126494326147668,395080522663293627647299214061,1131982553862826355820704288924;\
1341953644681807292364722441388,1253054601976304392009108338286,541989271556464157863350315110,397142532011497208180856156424,339364994525051215564445301777,57570083266702408281103289340,1095575677437790111365141406936,1351806696472511003487184229280,1063984969118987552400520360681,1537333440321309169769000906828,1515264970324468336427316056964;\
720704607467142756176391497148,1142370278862899335333772239753,378393022005556559449063030923,1255362584517633073293781291454,419212028620864074650486522156,47828265650684485855500976815,1282074980221579358334765878611,978797965415061170550727633506,99566292195409789662975217672,1402045024940209089821021079780,723064858445797235485257071448;\
242563005558016289747079881328,1527631891049806923109742258066,996162849356540684929209033674,125616415143017681414672225371,118969732398538987378768670821,414736716322694431303607664123,441651870067406663265714774782,191312225283997586469341141743,673649452130011701512987497954,1554011809054891415020292440665,165744131786154365850911484188;\
889000968819198868449321226501,883334372395747952062265175795,275327653128148653875420516832,614351222245433614968821503698,782057501235165903624414434237,1381930569448424584778010937555,789812880056528087824608495281,617268519053420490331519380508,878938809516756852065790096773,328113257709908773308859396909,142115272516472031429360218698;\
1075259906569699257642520890638,490519991961030331191793259343,533025885675487200340891931063,63274973208258879324672386631,806746271435414946786019467268,177302140588505071714687626140,496619363984417428094933971950,1170032893408345095539905700447,1265801049919849278638192813269,763729964919235523285529549932,1528950828642979609019604465343;\
273366120433902441355425797125,80701375987671873021390007971,864586073088215370533155958901,1236293412757873989427293900988,123912297847045116174857286800,850146811126013020358843162674,665430107096106374515701548989,284676699823009744215452271741,1299169365659219524857382737775,520385219089334531576090416167,738314987575726351040567804333]
/* 
This should be the matrix of frobenius!
*/ 
B = A; 
/* Freed 167 lists. */
