/* Comments begin... 
Coefficient of   x^21 * y^1               = 4
Coefficient of   x^10 * y^2 * z^6         = -5
Coefficient of   x^8 * y^5 * z^5         = 5
Coefficient of   x^6 * y^8 * z^4         = -1
Coefficient of   x^4 * y^11 * z^3         = 0
Coefficient of   x^2 * y^14 * z^2         = -5
Coefficient of   x^1 * z^13               = 5
Coefficient of   y^17 * z^1               = -5

Here is the polynomial we're using this time:

4*x^21*y^1 + -5*x^10*y^2*z^6 + 5*x^8*y^5*z^5 + -1*x^6*y^8*z^4 + -5*x^2*y^14*z^2 + 5*x^1*z^13 + -5*y^17*z^1

Allocate G_len 20 elements and old = 0.
Allocate M_len = 400 elements.
Allocate G_len 40 elements and old = 20.
Allocate M_len = 800 elements.
Allocate G_len 80 elements and old = 40.
Allocate M_len = 1600 elements.
Allocate M_len = 3200 elements.
Allocate G_len 160 elements and old = 80.
Allocate M_len = 6400 elements.
Allocate M_len = 12800 elements.
Allocate G_len 320 elements and old = 160.
The final length of G is 162
[10, 2, 5, 0]  	391	6 
[21, 0, 0, 0]  	399	6  <--- 1
[20, 1, 0, 0]  	403	6 
[8, 5, 5, 0]  	422	5 
[8, 8, 4, 0]  	460	7 
[6, 11, 4, 0]  	491	6 
[6, 14, 3, 0]  	529	7 
[5, 0, 15, 0]  	560	6 
[18, 5, 4, 0]  	581	10 
[14, 11, 3, 0]  	612	10 
[18, 8, 3, 0]  	619	10 
[11, 0, 14, 0]  	643	9 
[14, 14, 2, 0]  	650	9 
[16, 14, 1, 0]  	657	9 
[9, 3, 14, 0]  	674	8 
[12, 17, 2, 0]  	681	9 
[15, 0, 13, 0]  	688	8 
[10, 19, 2, 0]  	689	9 
[9, 20, 2, 0]  	693	7 
[7, 22, 2, 0]  	701	8 
[7, 6, 14, 0]  	705	8 
[8, 23, 1, 0]  	712	8 
[12, 20, 1, 0]  	719	8 
[7, 8, 13, 0]  	720	8 
[6, 9, 13, 0]  	724	7 
[10, 22, 1, 0]  	727	8 
[6, 8, 14, 0]  	732	7 
[5, 25, 2, 0]  	732	7 
[19, 0, 12, 0]  	733	8 
[14, 19, 1, 0]  	734	7 
[5, 9, 14, 0]  	736	7 
[7, 25, 1, 0]  	739	7 
[6, 26, 1, 0]  	743	7 
[8, 26, 0, 0]  	750	7 
[5, 11, 13, 0]  	751	7 
[4, 12, 13, 0]  	755	6 
[12, 23, 0, 0]  	757	7 
[6, 28, 0, 0]  	758	7 
[5, 29, 0, 0]  	762	6 
[4, 11, 14, 0]  	763	6 
[10, 25, 0, 0]  	765	7 
[4, 26, 3, 0]  	767	6 
[5, 28, 1, 0]  	770	6 
[4, 14, 12, 0]  	770	6 
[5, 24, 4, 0]  	771	6 
[14, 22, 0, 0]  	772	7 
[4, 29, 1, 0]  	774	6 
[19, 18, 0, 0]  	775	7 
[18, 19, 0, 0]  	779	7 
[5, 15, 11, 0]  	781	6 
[4, 28, 2, 0]  	782	7 
[3, 29, 2, 0]  	786	5 
[5, 18, 9, 0]  	788	6 
[4, 31, 0, 0]  	789	6 
[3, 32, 0, 0]  	793	5 
[5, 21, 7, 0]  	795	6 
[5, 17, 10, 0]  	796	6 
[4, 18, 10, 0]  	800	5 
[3, 31, 1, 0]  	801	5 
[3, 0, 24, 0]  	801	5 
[5, 20, 8, 0]  	803	6 
[3, 15, 13, 0]  	805	5 
[2, 32, 1, 0]  	805	5 
[17, 21, 0, 0]  	806	6 
[4, 25, 5, 0]  	806	6 
[5, 23, 6, 0]  	810	6 
[4, 1, 23, 0]  	812	5 
[4, 24, 6, 0]  	814	5 
[4, 20, 9, 0]  	815	5 
[4, 4, 21, 0]  	819	5 
[3, 17, 12, 0]  	820	5 
[4, 23, 7, 0]  	822	5 
[2, 18, 12, 0]  	824	4 
[4, 7, 19, 0]  	826	5 
[4, 3, 22, 0]  	827	5 
[3, 12, 16, 0]  	829	5 
[3, 4, 22, 0]  	831	4 
[4, 10, 17, 0]  	833	5 
[4, 6, 20, 0]  	834	5 
[3, 11, 17, 0]  	837	5 
[3, 7, 20, 0]  	838	4 
[3, 3, 23, 0]  	839	4 
[4, 9, 18, 0]  	841	5 
[2, 35, 0, 0]  	843	4 
[3, 10, 18, 0]  	845	4 
[3, 6, 21, 0]  	846	4 
[3, 21, 10, 0]  	850	4 
[3, 9, 19, 0]  	853	4 
[3, 28, 5, 0]  	856	5 
[3, 24, 8, 0]  	857	4 
[3, 20, 11, 0]  	858	4 
[2, 29, 5, 0]  	860	4 
[2, 21, 11, 0]  	862	3 
[3, 27, 6, 0]  	864	4 
[3, 23, 9, 0]  	865	4 
[2, 28, 6, 0]  	868	4 
[2, 24, 9, 0]  	869	3 
[2, 31, 4, 0]  	875	5 
[2, 27, 7, 0]  	876	3 
[2, 23, 10, 0]  	877	3 
[2, 15, 16, 0]  	879	4 
[2, 7, 22, 0]  	881	3 
[2, 26, 8, 0]  	884	3 
[2, 14, 17, 0]  	887	4 
[2, 10, 20, 0]  	888	3 
[1, 15, 17, 0]  	891	3 
[1, 38, 0, 0]  	893	3 
[2, 13, 18, 0]  	895	3 
[2, 9, 21, 0]  	896	3 
[2, 1, 27, 0]  	898	4 
[1, 14, 18, 0]  	899	3 
[1, 10, 21, 0]  	900	2 
[2, 12, 19, 0]  	903	3 
[2, 0, 28, 0]  	906	4 
[1, 13, 19, 0]  	907	2 
[1, 12, 20, 0]  	915	2 
[1, 31, 6, 0]  	918	3 
[1, 27, 9, 0]  	919	2 
[0, 32, 6, 0]  	922	2 
[1, 30, 7, 0]  	926	2 
[1, 18, 16, 0]  	929	3 
[0, 31, 7, 0]  	930	2 
[1, 29, 8, 0]  	934	2 
[0, 30, 8, 0]  	938	1 
[1, 1, 29, 0]  	941	2 
[1, 24, 12, 0]  	943	3 
[1, 35, 4, 0]  	948	3 
[1, 0, 30, 0]  	949	2 
[0, 1, 30, 0]  	953	1 
[0, 16, 19, 0]  	957	1 
[0, 35, 5, 0]  	960	2 
[0, 0, 31, 0]  	961	1  <--- 3
[1, 21, 15, 0]  	967	3 
[0, 18, 18, 0]  	972	1 
[1, 4, 28, 0]  	979	2 
[0, 4, 29, 0]  	991	1 
[0, 38, 4, 0]  	998	2 
[0, 21, 17, 0]  	1010	1 
[0, 44, 0, 0]  	1012	2  <--- 2
[0, 7, 28, 0]  	1029	1 
[0, 41, 3, 0]  	1036	2 
[0, 24, 16, 0]  	1048	1 
[0, 10, 27, 0]  	1067	1 
[0, 27, 15, 0]  	1086	1 
[0, 13, 26, 0]  	1105	1 
[16, 20, 0, 1]  	764	7 
[3, 14, 13, 1]  	782	6 
[4, 21, 8, 1]  	807	5 
[4, 17, 11, 1]  	808	5 
[3, 26, 7, 1]  	872	4 
[2, 4, 24, 1]  	874	4 
[1, 32, 5, 1]  	910	3 
[1, 7, 27, 1]  	1017	2 
[5, 21, 6, 29]  	764	5 
[2, 31, 1, 29]  	782	5 
[4, 24, 5, 29]  	783	5 
[3, 7, 19, 29]  	807	3 
[3, 3, 22, 29]  	808	4 
[2, 12, 18, 29]  	872	2 
[1, 21, 12, 29]  	874	3 
[1, 1, 28, 29]  	910	2 
[0, 24, 15, 29]  	1017	1 
------
The gap is between 2 and 28.
Lengths: 3 3 5 5 3 4.
For 982 = 5*d/2-d1-d2-d3 you get 3 in char 0.
1*x^1*y^23*z^14
1*y^40*z^2
1*y^9*z^25

For 560 = 3*d/2-d1-d2-d3 you get 5 in char 0.
1*x^4*y^17*z^3
1*x^3*y^3*z^14
1*x^2*y^20*z^2
1*x^1*y^6*z^13
1*y^23*z^1

For 138 = d/2-d1-d2-d3 you get 3 in char 0.
1*x^4*z^2
1*x^2*y^3*z^1
1*y^6

Extra powers of p used 1.
The invariant extra is equal to 1.
Start computing 11^3 Delta^1 (x1x2x3)^10... Done.
Start computing 11^4 Delta^2 (x1x2x3)^10... Done.
Start computing 11^5 Delta^3 (x1x2x3)^10... Done.
Start computing 11^6 Delta^4 (x1x2x3)^10... Done.
Start computing 11^7 Delta^5 (x1x2x3)^10... Done.
Start computing 11^8 Delta^6 (x1x2x3)^10... Done.
Start computing 11^9 Delta^7 (x1x2x3)^10... Done.
Start computing aa.
1 2 3 4 5 6 7 8 9 10 11 
*/
A = \
[877080675948776780614136805590,1282149302060575374969972260337,883212273422817995084013468349,889172124089693406360828548569,561518640635719887090117486779,1549648425156537576504271274120,1274557143325888368928678922511,540787730057300053418751872574,1154643439540190328499597369708,394230019237935732830568934355,472972481553462844387794741337;\
1570831590643371432603906530237,1543016125118841585299571545017,1294403211809743908660321519086,56835129901027626609103436156,146888970289254634960250788210,1472010406173508642225082144363,1244190640917183254045796543245,779861180183218824403302440004,87077566381364504239257558628,1075186425435833789149671963385,404972747309802115793172240571;\
1240569462315029102687294000606,674049672822812507424575242101,1039756360004419486445998331881,1247682551812046472818881805620,1361660930616987408793763603511,333020182654795231059037330009,145142249100020484503227592391,1115318365577606681600873342029,1458072143517097886456783348453,1584421089112265618155569608673,592774190571455602603692941626;\
918586973236601180125257533502,126984230581732109825450718958,409941856094989654735399739963,840185576815219286927671811129,804174571520582630567692861368,761041660082286466430830942219,330023320646258760220913383786,1531464639738157184537793978596,116770043986768139493698590924,1060271158403082733246752516057,1340311121118748306765374033743;\
342759165354671091149734195016,598874144129864751953664393787,869848755479679338487733040603,573365275934597010208728328153,929985355562384744576078748216,1182994351468642109431999858278,1550674371109291022998722264539,979564222329775285264286457705,347328664715171544137422398203,77426129167056718767321889220,1516460627689906711474167340109;\
1029366043808429162301175889197,576186907110476813491789336921,1239981204355624620025795484389,1318991672025949960570613895880,1248017701531278684040142924134,294247039031878889776391336259,1506497322079317670374788796753,1476649093498271614111088839897,487954124172316179786086735034,1076292458242094842498393174465,181679545107767661952233159297;\
719855745243263007300701386843,1311764279176916825318522249984,923555342380570961774097876941,1123049433202472242136075680648,479994453354280593782498235153,182353589482616881116639219786,1255144781642317157478465746684,1465062361404951140049793239731,1389522651931442225825492885438,418091765772462968497350178029,391995737515338569738326818210;\
1396443258745786006376751207165,853792833018797229840778863004,1407929226176074608165161735216,119835438980133712522437755444,902776492791671560358406798446,885700662409134999052237938986,100217317474945611674678186,297413687310692436467913078930,703496435353885576360565526501,854466290214331788213078143362,939620910541283600484691102585;\
293490217607383969311604583128,590590589709152437108295033684,1112170258249173271545541545355,521766569558845188484956750371,1493563252767500657018251686975,950118609066174075094078297115,815434755243401476510084724758,573067584504670900011668324793,1100474314864211670966539689788,95769606640417948979483565658,1057820456648000707937609111745;\
1424083366193926698180555968259,1535720401332791139270426979346,89713821445718655697822937171,1202134654860537397885243404475,580726399605990353046771766370,334003583835941382770700737895,48155421484091402093164278870,675110777120817533883886493544,193578281607242996659622351507,56220350610639181202303508331,275112214995588307311870472962;\
372954478413205009841579036906,250602970926213833987069047774,1081841337028774607685621942896,185128804651868868304091803786,62326435275729214165424458016,527777248680669016033862787501,365163831112987279400200037183,565723564169905202326384170678,429981747037207778300636174184,964699095710444746213704935936,936218806379728376121181566243]
/* 
This matrix times 11^(-1) should be the matrix of frobenius.
*/ 
B = 11^(-1) * A; 
/* Freed 166 lists. */
