/* Comments begin... 
Coefficient of   x^21 * y^1               = -4
Coefficient of   x^10 * y^2 * z^6         = 2
Coefficient of   x^8 * y^5 * z^5         = 1
Coefficient of   x^6 * y^8 * z^4         = -2
Coefficient of   x^4 * y^11 * z^3         = 3
Coefficient of   x^2 * y^14 * z^2         = -2
Coefficient of   x^1 * z^13               = 4
Coefficient of   y^17 * z^1               = -3

Here is the polynomial we're using this time:

-4*x^21*y^1 + 2*x^10*y^2*z^6 + 1*x^8*y^5*z^5 + -2*x^6*y^8*z^4 + 3*x^4*y^11*z^3 + -2*x^2*y^14*z^2 + 4*x^1*z^13 + -3*y^17*z^1

Allocate G_len 20 elements and old = 0.
Allocate M_len = 400 elements.
Allocate G_len 40 elements and old = 20.
Allocate M_len = 800 elements.
Allocate G_len 80 elements and old = 40.
Allocate M_len = 1600 elements.
Allocate M_len = 3200 elements.
Allocate G_len 160 elements and old = 80.
Allocate M_len = 6400 elements.
Allocate M_len = 12800 elements.
Allocate G_len 320 elements and old = 160.
The final length of G is 168
[10, 2, 5, 0]  	391	7 
[21, 0, 0, 0]  	399	7  <--- 1
[20, 1, 0, 0]  	403	7 
[8, 5, 5, 0]  	422	6 
[8, 8, 4, 0]  	460	7 
[6, 11, 4, 0]  	491	6 
[5, 0, 15, 0]  	560	6 
[18, 5, 4, 0]  	581	12 
[14, 11, 3, 0]  	612	11 
[18, 8, 3, 0]  	619	11 
[12, 14, 3, 0]  	643	10 
[11, 0, 14, 0]  	643	10 
[14, 14, 2, 0]  	650	10 
[18, 11, 2, 0]  	657	10 
[10, 17, 3, 0]  	674	9 
[9, 3, 14, 0]  	674	9 
[12, 17, 2, 0]  	681	9 
[15, 0, 13, 0]  	688	9 
[10, 19, 2, 0]  	689	9 
[9, 20, 2, 0]  	693	8 
[18, 14, 1, 0]  	695	9 
[9, 19, 3, 0]  	701	8 
[7, 22, 2, 0]  	701	8 
[8, 20, 3, 0]  	705	8 
[7, 6, 14, 0]  	705	8 
[8, 23, 1, 0]  	712	8 
[12, 20, 1, 0]  	719	8 
[7, 8, 13, 0]  	720	8 
[6, 9, 13, 0]  	724	7 
[16, 17, 1, 0]  	726	8 
[10, 22, 1, 0]  	727	8 
[6, 8, 14, 0]  	732	7 
[5, 25, 2, 0]  	732	7 
[19, 0, 12, 0]  	733	8 
[14, 19, 1, 0]  	734	8 
[6, 23, 3, 0]  	736	7 
[5, 9, 14, 0]  	736	7 
[7, 25, 1, 0]  	739	7 
[6, 26, 1, 0]  	743	7 
[8, 26, 0, 0]  	750	7 
[5, 11, 13, 0]  	751	7 
[4, 12, 13, 0]  	755	6 
[12, 23, 0, 0]  	757	7 
[6, 28, 0, 0]  	758	7 
[5, 29, 0, 0]  	762	6 
[4, 11, 14, 0]  	763	6 
[10, 25, 0, 0]  	765	7 
[4, 26, 3, 0]  	767	6 
[5, 28, 1, 0]  	770	6 
[4, 14, 12, 0]  	770	6 
[5, 24, 4, 0]  	771	6 
[14, 22, 0, 0]  	772	7 
[4, 29, 1, 0]  	774	6 
[19, 18, 0, 0]  	775	7 
[18, 19, 0, 0]  	779	7 
[5, 15, 11, 0]  	781	6 
[4, 28, 2, 0]  	782	6 
[3, 14, 13, 0]  	782	6 
[3, 29, 2, 0]  	786	5 
[5, 18, 9, 0]  	788	6 
[4, 31, 0, 0]  	789	6 
[3, 32, 0, 0]  	793	5 
[5, 21, 7, 0]  	795	6 
[5, 17, 10, 0]  	796	6 
[4, 18, 10, 0]  	800	5 
[3, 31, 1, 0]  	801	5 
[3, 0, 24, 0]  	801	5 
[5, 20, 8, 0]  	803	6 
[17, 21, 0, 0]  	806	6 
[4, 25, 5, 0]  	806	6 
[4, 21, 8, 0]  	807	5 
[4, 17, 11, 0]  	808	5 
[5, 23, 6, 0]  	810	6 
[4, 1, 23, 0]  	812	5 
[4, 24, 6, 0]  	814	5 
[4, 20, 9, 0]  	815	5 
[4, 4, 21, 0]  	819	5 
[3, 17, 12, 0]  	820	5 
[4, 23, 7, 0]  	822	5 
[2, 18, 12, 0]  	824	4 
[4, 7, 19, 0]  	826	5 
[4, 3, 22, 0]  	827	5 
[3, 4, 22, 0]  	831	4 
[4, 10, 17, 0]  	833	5 
[3, 11, 17, 0]  	837	5 
[3, 7, 20, 0]  	838	4 
[3, 3, 23, 0]  	839	4 
[4, 9, 18, 0]  	841	5 
[2, 35, 0, 0]  	843	4 
[3, 10, 18, 0]  	845	4 
[3, 6, 21, 0]  	846	4 
[3, 21, 10, 0]  	850	4 
[3, 9, 19, 0]  	853	4 
[3, 28, 5, 0]  	856	5 
[3, 24, 8, 0]  	857	4 
[3, 20, 11, 0]  	858	4 
[2, 29, 5, 0]  	860	4 
[2, 21, 11, 0]  	862	3 
[3, 27, 6, 0]  	864	4 
[3, 23, 9, 0]  	865	4 
[2, 28, 6, 0]  	868	4 
[2, 24, 9, 0]  	869	3 
[3, 26, 7, 0]  	872	4 
[2, 4, 24, 0]  	874	4 
[2, 31, 4, 0]  	875	5 
[2, 27, 7, 0]  	876	3 
[2, 23, 10, 0]  	877	3 
[2, 15, 16, 0]  	879	4 
[2, 7, 22, 0]  	881	3 
[2, 26, 8, 0]  	884	3 
[2, 14, 17, 0]  	887	4 
[2, 10, 20, 0]  	888	3 
[1, 15, 17, 0]  	891	3 
[1, 38, 0, 0]  	893	3 
[2, 13, 18, 0]  	895	3 
[2, 9, 21, 0]  	896	3 
[2, 1, 27, 0]  	898	4 
[1, 14, 18, 0]  	899	3 
[1, 10, 21, 0]  	900	2 
[2, 0, 28, 0]  	906	4 
[1, 13, 19, 0]  	907	2 
[1, 32, 5, 0]  	910	3 
[1, 12, 20, 0]  	915	2 
[1, 31, 6, 0]  	918	3 
[1, 27, 9, 0]  	919	2 
[0, 32, 6, 0]  	922	2 
[1, 30, 7, 0]  	926	2 
[1, 18, 16, 0]  	929	3 
[0, 31, 7, 0]  	930	2 
[1, 29, 8, 0]  	934	2 
[0, 30, 8, 0]  	938	1 
[1, 1, 29, 0]  	941	2 
[1, 24, 12, 0]  	943	3 
[1, 35, 4, 0]  	948	3 
[1, 0, 30, 0]  	949	2 
[0, 1, 30, 0]  	953	1 
[0, 16, 19, 0]  	957	1 
[0, 35, 5, 0]  	960	2 
[0, 0, 31, 0]  	961	1  <--- 3
[1, 21, 15, 0]  	967	3 
[0, 18, 18, 0]  	972	1 
[1, 4, 28, 0]  	979	2 
[0, 4, 29, 0]  	991	1 
[0, 38, 4, 0]  	998	2 
[0, 21, 17, 0]  	1010	1 
[0, 44, 0, 0]  	1012	2  <--- 2
[1, 7, 27, 0]  	1017	2 
[0, 7, 28, 0]  	1029	1 
[0, 24, 16, 0]  	1048	1 
[0, 10, 27, 0]  	1067	1 
[0, 27, 15, 0]  	1086	1 
[0, 13, 26, 0]  	1105	1 
[6, 14, 3, 1]  	529	7 
[16, 20, 0, 1]  	764	7 
[2, 32, 1, 1]  	805	5 
[3, 12, 16, 1]  	829	5 
[4, 6, 20, 1]  	834	5 
[2, 12, 19, 1]  	903	3 
[0, 41, 3, 1]  	1036	2 
[5, 0, 14, 29]  	529	5 
[9, 19, 2, 29]  	670	6 
[5, 21, 6, 29]  	764	6 
[4, 24, 5, 29]  	783	4 
[2, 1, 24, 29]  	805	4 
[2, 29, 4, 29]  	829	4 
[3, 23, 8, 29]  	834	4 
[1, 29, 7, 29]  	903	2 
[0, 10, 26, 29]  	1036	1 
------
The gap is between 2 and 28.
Lengths: 3 3 5 5 3 3.
For 982 = 5*d/2-d1-d2-d3 you get 3 in char 0.
1*x^1*y^23*z^14
1*y^40*z^2
1*y^9*z^25

For 560 = 3*d/2-d1-d2-d3 you get 5 in char 0.
1*x^4*y^17*z^3
1*x^3*y^3*z^14
1*x^2*y^20*z^2
1*x^1*y^6*z^13
1*y^23*z^1

For 138 = d/2-d1-d2-d3 you get 3 in char 0.
1*x^4*z^2
1*x^2*y^3*z^1
1*y^6

Extra powers of p used 0.
The invariant extra is equal to 1.
Start computing 11^3 Delta^1 (x1x2x3)^10... Done.
Start computing 11^4 Delta^2 (x1x2x3)^10... Done.
Start computing 11^5 Delta^3 (x1x2x3)^10... Done.
Start computing 11^6 Delta^4 (x1x2x3)^10... Done.
Start computing 11^7 Delta^5 (x1x2x3)^10... Done.
Start computing 11^8 Delta^6 (x1x2x3)^10... Done.
Start computing 11^9 Delta^7 (x1x2x3)^10... Done.
Start computing aa.
1 2 3 4 5 6 7 8 9 10 11 
*/
A = \
[1541527124674543548909540396100,535754078784793395920217544664,1286285576350291023861409548765,970854682049827010008734591287,1408482211224351995274724423792,477058913780450378562813325500,993096086947288796711697146183,562012467215746280417864756488,321631243898845474185790139854,1387454061575298539153503250342,550709587576614990341596912485;\
88850699784742600307691288694,291652748524801289063107742226,1438820040723208885168242880918,489109609936900649280395260647,164934433283260465798203319496,1208347832939430067393734849547,398778234846759480258296710421,298352111360023036762775819886,813439129967728324428038215545,815813537885185788730937835988,395594979878912729227086633661;\
308253591143203158333467100430,316827003435526818236960507330,544791971207056287378614513137,415259116835481685272198959156,669346941730931441022471015953,1431149351883469375090249128483,957688471257161441467031620456,513837486701370895105403067003,811108503780139683080093092423,363098900785234183927375567604,153116450918836915603170750145;\
1206436440307236754937917140491,605198818055770178284086692184,519771688666672850538962801925,1080583911725409355681094659058,868753992695890770808830704092,1250133154182726465010398584435,1211828464733508420772883118506,1268675507355201896350849709216,1050901152086346535312333274587,1415737478274108451666138969518,1158547923447180861396661008831;\
275914716229135031058136501645,90013707324017109735896088227,930398628292710912882679040824,1018866893899809082420324186748,1049065659234190960179047443455,811150671376055757979860135420,1574755264168736622439177291504,259094878260701281389670540604,310465637356311152173753730424,772690807691252141128181958554,343722111115458462687994270005;\
388338683921739160965879159337,229689190544214506030998859522,268853898018187143663540615340,311756864137318405666810071562,1203827693167164651711802182968,741840828594073971136394275046,907697626597183170797483703576,1416253539808405951507602835175,464414133812618479184445910522,511798186231623038443900196069,730899970033461734635958773109;\
416993192272805311486250300484,319385799782684218136378090367,532477744264827188505906879484,20943741729699167389892683428,599942794911334669897725625288,281895344203877335517923258603,859104014988140782169132315228,1244511506968650981855346298109,368960533516674912974521741755,281480883012117874865047185291,1246333591274205199892634648943;\
1132480010463219384667573182563,975931848026776907730200581246,94796444281600836530903756945,665199153390587058839761306075,12109349701082695513559116317,126490679817971630626241156677,895884331177847805699124106767,27030040463714563344410651376,303649046256009401004803669957,366394449328588390071417451374,1059446597043854133468831092066;\
807488121215406148410622396109,9656454288856969727811686981,1524345938869436399862365737813,979520264933407811189028231064,1135922316395807325897871254753,1445928379825211221761479059215,139769656774767630281443968844,604593678878337766620839988569,1454049286092658280197993036414,360945009107453317185752142876,732205780725183113430839317186;\
1514300001448247389077294238432,162453886958501385363075927444,702627563300080959479110038996,539408374242906418859978734123,1270651886692839256174356258262,476479070352079751160063204730,1408329784128841230561508223730,42321146700963679453274552061,712018480277262780291061971678,415121092952014412027902059728,485409176964012494331110295125;\
1221452812473628390107486036404,830539245062427805445459370343,616164402274605050843237198043,960559933624923024206073859324,1517279988276222302472936055141,841815281407865628161529226039,1059581606511674086890871506894,1223812433124387864837956921858,319665725153764222364905008378,426500288300316383034972086953,997081089232083169468154838508]
/* 
This should be the matrix of frobenius!
*/ 
B = A; 
/* Freed 166 lists. */
