/* Comments begin... 
Coefficient of   x^21 * y^1               = -1
Coefficient of   x^10 * y^2 * z^6         = 4
Coefficient of   x^8 * y^5 * z^5         = 2
Coefficient of   x^6 * y^8 * z^4         = -5
Coefficient of   x^4 * y^11 * z^3         = 1
Coefficient of   x^2 * y^14 * z^2         = -4
Coefficient of   x^1 * z^13               = 0
Coefficient of   y^17 * z^1               = -2

Here is the polynomial we're using this time:

-1*x^21*y^1 + 4*x^10*y^2*z^6 + 2*x^8*y^5*z^5 + -5*x^6*y^8*z^4 + 1*x^4*y^11*z^3 + -4*x^2*y^14*z^2 + -2*y^17*z^1

Allocate G_len 20 elements and old = 0.
Allocate M_len = 400 elements.
Allocate G_len 40 elements and old = 20.
Allocate M_len = 800 elements.
Allocate G_len 80 elements and old = 40.
Allocate M_len = 1600 elements.
Not smooth!
Coefficient of   x^21 * y^1               = 3
Coefficient of   x^10 * y^2 * z^6         = 4
Coefficient of   x^8 * y^5 * z^5         = -2
Coefficient of   x^6 * y^8 * z^4         = -3
Coefficient of   x^4 * y^11 * z^3         = 3
Coefficient of   x^2 * y^14 * z^2         = 0
Coefficient of   x^1 * z^13               = 2
Coefficient of   y^17 * z^1               = 3

Here is the polynomial we're using this time:

3*x^21*y^1 + 4*x^10*y^2*z^6 + -2*x^8*y^5*z^5 + -3*x^6*y^8*z^4 + 3*x^4*y^11*z^3 + 2*x^1*z^13 + 3*y^17*z^1

Allocate M_len = 3200 elements.
Allocate G_len 160 elements and old = 80.
Allocate M_len = 6400 elements.
Allocate M_len = 12800 elements.
Allocate G_len 320 elements and old = 160.
The final length of G is 167
[10, 2, 5, 0]  	391	6 
[21, 0, 0, 0]  	399	6  <--- 1
[20, 1, 0, 0]  	403	6 
[8, 5, 5, 0]  	422	5 
[8, 8, 4, 0]  	460	7 
[6, 11, 4, 0]  	491	6 
[6, 14, 3, 0]  	529	7 
[5, 0, 15, 0]  	560	6 
[18, 5, 4, 0]  	581	10 
[14, 11, 3, 0]  	612	10 
[18, 8, 3, 0]  	619	10 
[14, 14, 2, 0]  	650	10 
[18, 11, 2, 0]  	657	9 
[9, 3, 14, 0]  	674	8 
[13, 0, 14, 0]  	681	9 
[12, 17, 2, 0]  	681	9 
[15, 0, 13, 0]  	688	8 
[10, 19, 2, 0]  	689	9 
[9, 20, 2, 0]  	693	7 
[17, 0, 12, 0]  	695	8 
[7, 22, 2, 0]  	701	7 
[7, 6, 14, 0]  	705	7 
[8, 23, 1, 0]  	712	8 
[12, 20, 1, 0]  	719	8 
[7, 8, 13, 0]  	720	8 
[6, 8, 14, 0]  	732	7 
[5, 25, 2, 0]  	732	7 
[14, 19, 1, 0]  	734	7 
[5, 9, 14, 0]  	736	7 
[16, 19, 0, 0]  	741	7 
[8, 26, 0, 0]  	750	7 
[5, 11, 13, 0]  	751	7 
[6, 28, 0, 0]  	758	7 
[5, 29, 0, 0]  	762	6 
[4, 11, 14, 0]  	763	6 
[10, 25, 0, 0]  	765	7 
[4, 26, 3, 0]  	767	6 
[5, 28, 1, 0]  	770	7 
[5, 24, 4, 0]  	771	6 
[5, 20, 7, 0]  	772	6 
[4, 29, 1, 0]  	774	6 
[19, 18, 0, 0]  	775	7 
[5, 15, 11, 0]  	781	6 
[4, 28, 2, 0]  	782	6 
[3, 14, 13, 0]  	782	6 
[3, 29, 2, 0]  	786	5 
[5, 18, 9, 0]  	788	6 
[5, 14, 12, 0]  	789	6 
[4, 31, 0, 0]  	789	6 
[4, 23, 6, 0]  	791	5 
[4, 15, 12, 0]  	793	5 
[3, 32, 0, 0]  	793	5 
[5, 17, 10, 0]  	796	6 
[4, 18, 10, 0]  	800	5 
[3, 31, 1, 0]  	801	5 
[3, 0, 24, 0]  	801	5 
[2, 32, 1, 0]  	805	5 
[4, 25, 5, 0]  	806	6 
[4, 21, 8, 0]  	807	5 
[4, 17, 11, 0]  	808	5 
[4, 1, 23, 0]  	812	5 
[4, 20, 9, 0]  	815	5 
[4, 4, 21, 0]  	819	5 
[3, 17, 12, 0]  	820	5 
[2, 18, 12, 0]  	824	4 
[4, 7, 19, 0]  	826	5 
[4, 3, 22, 0]  	827	5 
[3, 12, 16, 0]  	829	5 
[3, 4, 22, 0]  	831	4 
[4, 10, 17, 0]  	833	5 
[4, 6, 20, 0]  	834	5 
[15, 24, 0, 0]  	837	5 
[3, 11, 17, 0]  	837	5 
[3, 7, 20, 0]  	838	4 
[3, 3, 23, 0]  	839	4 
[4, 9, 18, 0]  	841	5 
[2, 35, 0, 0]  	843	4 
[3, 10, 18, 0]  	845	4 
[3, 6, 21, 0]  	846	4 
[3, 28, 5, 0]  	856	5 
[3, 24, 8, 0]  	857	4 
[3, 20, 11, 0]  	858	4 
[2, 29, 5, 0]  	860	4 
[2, 21, 11, 0]  	862	3 
[3, 27, 6, 0]  	864	4 
[3, 23, 9, 0]  	865	4 
[2, 28, 6, 0]  	868	4 
[2, 24, 9, 0]  	869	3 
[3, 26, 7, 0]  	872	4 
[2, 4, 24, 0]  	874	4 
[2, 31, 4, 0]  	875	5 
[2, 27, 7, 0]  	876	3 
[2, 23, 10, 0]  	877	3 
[2, 15, 16, 0]  	879	4 
[2, 26, 8, 0]  	884	3 
[2, 14, 17, 0]  	887	4 
[2, 10, 20, 0]  	888	3 
[1, 38, 0, 0]  	893	3 
[2, 13, 18, 0]  	895	3 
[2, 1, 27, 0]  	898	4 
[1, 14, 18, 0]  	899	3 
[1, 10, 21, 0]  	900	2 
[2, 12, 19, 0]  	903	3 
[2, 0, 28, 0]  	906	4 
[1, 13, 19, 0]  	907	2 
[1, 32, 5, 0]  	910	3 
[1, 12, 20, 0]  	915	2 
[1, 31, 6, 0]  	918	3 
[1, 27, 9, 0]  	919	2 
[0, 32, 6, 0]  	922	2 
[1, 30, 7, 0]  	926	2 
[1, 18, 16, 0]  	929	3 
[1, 29, 8, 0]  	934	2 
[0, 30, 8, 0]  	938	1 
[1, 1, 29, 0]  	941	2 
[1, 24, 12, 0]  	943	3 
[1, 35, 4, 0]  	948	3 
[1, 0, 30, 0]  	949	2 
[0, 1, 30, 0]  	953	1 
[0, 16, 19, 0]  	957	1 
[0, 35, 5, 0]  	960	2 
[0, 0, 31, 0]  	961	1  <--- 3
[1, 21, 15, 0]  	967	3 
[0, 18, 18, 0]  	972	1 
[1, 4, 28, 0]  	979	2 
[0, 4, 29, 0]  	991	1 
[0, 38, 4, 0]  	998	2 
[0, 21, 17, 0]  	1010	1 
[0, 44, 0, 0]  	1012	2  <--- 2
[0, 7, 28, 0]  	1029	1 
[0, 24, 16, 0]  	1048	1 
[0, 10, 27, 0]  	1067	1 
[0, 27, 15, 0]  	1086	1 
[0, 13, 26, 0]  	1105	1 
[11, 0, 14, 1]  	643	9 
[6, 9, 13, 1]  	724	6 
[16, 17, 1, 1]  	726	7 
[10, 22, 1, 1]  	727	8 
[7, 25, 1, 1]  	739	7 
[6, 26, 1, 1]  	743	7 
[4, 12, 13, 1]  	755	6 
[12, 23, 0, 1]  	757	7 
[4, 14, 12, 1]  	770	6 
[3, 21, 10, 1]  	850	4 
[3, 9, 19, 1]  	853	4 
[2, 7, 22, 1]  	881	3 
[1, 15, 17, 1]  	891	3 
[2, 9, 21, 1]  	896	3 
[0, 31, 7, 1]  	930	2 
[1, 7, 27, 1]  	1017	2 
[0, 41, 3, 2]  	1036	2 
[0, 10, 26, 28]  	1036	1 
[10, 17, 2, 29]  	643	7 
[3, 29, 0, 29]  	724	3 
[5, 18, 7, 29]  	726	5 
[8, 25, 0, 29]  	727	7 
[5, 28, 0, 29]  	739	5 
[4, 21, 6, 29]  	745	5 
[4, 15, 11, 29]  	762	4 
[4, 24, 5, 29]  	783	5 
[4, 7, 18, 29]  	795	5 
[3, 10, 17, 29]  	814	3 
[1, 24, 9, 29]  	850	2 
[2, 26, 7, 29]  	853	2 
[0, 32, 5, 29]  	891	2 
[0, 0, 30, 29]  	930	1 
[0, 24, 15, 29]  	1017	1 
------
The gap is between 3 and 27.
Lengths: 3 3 5 5 3 3.
For 982 = 5*d/2-d1-d2-d3 you get 3 in char 0.
1*x^1*y^23*z^14
1*y^40*z^2
1*y^9*z^25

For 560 = 3*d/2-d1-d2-d3 you get 5 in char 0.
1*x^4*y^17*z^3
1*x^3*y^3*z^14
1*x^2*y^20*z^2
1*x^1*y^6*z^13
1*y^23*z^1

For 138 = d/2-d1-d2-d3 you get 3 in char 0.
1*x^4*z^2
1*x^2*y^3*z^1
1*y^6

Extra powers of p used 0.
The invariant extra is equal to 1.
Start computing 11^3 Delta^1 (x1x2x3)^10... Done.
Start computing 11^4 Delta^2 (x1x2x3)^10... Done.
Start computing 11^5 Delta^3 (x1x2x3)^10... Done.
Start computing 11^6 Delta^4 (x1x2x3)^10... Done.
Start computing 11^7 Delta^5 (x1x2x3)^10... Done.
Start computing 11^8 Delta^6 (x1x2x3)^10... Done.
Start computing 11^9 Delta^7 (x1x2x3)^10... Done.
Start computing aa.
1 2 3 4 5 6 7 8 9 10 11 
*/
A = \
[606645662951814564574302762448,1280172065968706708105805577495,1110895254281130933110220088463,393492310846260382180359168420,236295245607631104671394762958,498456933810525241746656557799,196379071819856422633768961923,1365722157281369742143889989653,660856071530288805002948400724,48021475747781062850841953655,248324972431512985668867398675;\
546948674129455950635436702654,1169238911650766159222795319291,988807934523992967156152150789,289298764511452279957292310677,580221659174590363587012972693,1560200456424807054269678950277,805263786526069790754939406368,1052954180268063305780975673752,287083992913947051863989108072,1140194853359460902954922566364,48843320439789857584656296353;\
1333667907916733606591128908507,216889741904375945660757161782,322463880948733534340057176017,896271148103442873970965777515,30484486899967906560386454460,1290121255979843438069433115502,1225826972834512340550285999455,731023313596777021743351378334,1478754868855976986784678120183,613266977615118694808396926800,605416686172971114525091144631;\
1327759669665762845047021081,1339721130280524099326435881112,1094475765581756123933498349130,1484085796336709145674958620702,1288480675426066790393386694935,422784493457584889926656481538,458609755688186514435441779042,873145682114523393939964563490,1576740743043506182499973705254,929868961357074068623897745867,133572825490222448107807084880;\
1020130150267815880140769450663,1471926574671262124947652756372,444417433802169825167597335753,1068315970439066933166111015806,671237141368509371216321313751,90726286385049871393273337451,1191522968548470129269651876329,69737217079332259163827136324,726496560896020814416912146598,672030766974339156148307582435,906377432577780348546189733894;\
1490468575801528189165211025652,1561736656751817570681308693202,334357173085603275681372795016,370365642174070390762219148008,460719075479342238837418612076,838247928515486559727472852960,818996984180049728314749734026,940667038760482337988001893674,691608357938865092659719541525,1475359610215256934951091734524,350323996386844095255092477937;\
229805948161347825620071170802,1183260193083033225758599811456,1145321603648878166688310982616,70496733782694561350758967855,80679626370552552787025806719,264868359634489709868078779580,416146164327093028523692905237,257632613986913345379352251373,264771206224218542141130883188,773620908623711666076414369679,526380728305238645750036524608;\
664299532785570221449621077004,1523272892340803178166629678584,49570347333073195067458632413,662151616902445244812313920569,839246028073408408199104132929,923615858886953228938156148219,381392624551744206571515616403,595591825135426746096513427637,1147564747795736490647064824824,600094263585542636606671702969,778322696579771736699915355087;\
1258732669897191266798673598385,307242980127041031252685518864,505939546384323191460324410506,1262258505410591375083668242664,412557862654384029010982656938,51648082025929455077440794365,965694295642157257201461298401,383333035276416763580980982374,1366501985538778474304837866728,36167270232084021065388992936,91604716108816835440741460862;\
1006583104353897794597233716946,1148495491527865840243864178147,376933904645390009275145520140,238896830014433422293113113737,1541232927160015526241172761272,430797298036524375785233081688,174806652952653686458671029754,702140383526118460996173368608,244703166862151927234302347713,1047280435974346268647718772600,262868916390794172753868736283;\
355930379705246156209000874942,1460805320728896899832940861600,1345866530399538316434522935113,384133035841582880179565945014,602565898260921870383056944578,276472845686818500676262434403,1131174030882523909220507027889,1174270425886831571067868173680,1439002438026016132768026538945,336490003987066587103183007292,540484193062448957891815616876]
/* 
This should be the matrix of frobenius!
*/ 
B = A; 
/* Freed 166 lists. */
