/* Comments begin... 
Coefficient of   x^21 * y^1               = -1
Coefficient of   x^10 * y^2 * z^6         = 3
Coefficient of   x^8 * y^5 * z^5         = 4
Coefficient of   x^6 * y^8 * z^4         = -1
Coefficient of   x^4 * y^11 * z^3         = 3
Coefficient of   x^2 * y^14 * z^2         = -4
Coefficient of   x^1 * z^13               = -3
Coefficient of   y^17 * z^1               = 5

Here is the polynomial we're using this time:

-1*x^21*y^1 + 3*x^10*y^2*z^6 + 4*x^8*y^5*z^5 + -1*x^6*y^8*z^4 + 3*x^4*y^11*z^3 + -4*x^2*y^14*z^2 + -3*x^1*z^13 + 5*y^17*z^1

Allocate G_len 20 elements and old = 0.
Allocate M_len = 400 elements.
Allocate G_len 40 elements and old = 20.
Allocate M_len = 800 elements.
Allocate G_len 80 elements and old = 40.
Allocate M_len = 1600 elements.
Allocate M_len = 3200 elements.
Allocate G_len 160 elements and old = 80.
Allocate M_len = 6400 elements.
Allocate M_len = 12800 elements.
Allocate G_len 320 elements and old = 160.
The final length of G is 166
[10, 2, 5, 0]  	391	7 
[21, 0, 0, 0]  	399	7  <--- 1
[20, 1, 0, 0]  	403	7 
[8, 5, 5, 0]  	422	6 
[8, 8, 4, 0]  	460	7 
[6, 11, 4, 0]  	491	6 
[6, 14, 3, 0]  	529	7 
[5, 0, 15, 0]  	560	6 
[18, 5, 4, 0]  	581	12 
[14, 11, 3, 0]  	612	11 
[18, 8, 3, 0]  	619	11 
[11, 0, 14, 0]  	643	10 
[14, 14, 2, 0]  	650	10 
[18, 11, 2, 0]  	657	10 
[9, 3, 14, 0]  	674	9 
[12, 17, 2, 0]  	681	9 
[15, 0, 13, 0]  	688	9 
[10, 19, 2, 0]  	689	9 
[9, 20, 2, 0]  	693	8 
[18, 14, 1, 0]  	695	9 
[7, 22, 2, 0]  	701	8 
[7, 6, 14, 0]  	705	8 
[8, 23, 1, 0]  	712	8 
[12, 20, 1, 0]  	719	8 
[7, 8, 13, 0]  	720	8 
[6, 9, 13, 0]  	724	7 
[16, 17, 1, 0]  	726	8 
[10, 22, 1, 0]  	727	8 
[6, 8, 14, 0]  	732	7 
[5, 25, 2, 0]  	732	7 
[19, 0, 12, 0]  	733	8 
[14, 19, 1, 0]  	734	8 
[5, 9, 14, 0]  	736	7 
[7, 25, 1, 0]  	739	7 
[8, 26, 0, 0]  	750	7 
[5, 11, 13, 0]  	751	7 
[4, 12, 13, 0]  	755	6 
[12, 23, 0, 0]  	757	7 
[6, 28, 0, 0]  	758	7 
[5, 29, 0, 0]  	762	6 
[4, 11, 14, 0]  	763	6 
[10, 25, 0, 0]  	765	7 
[4, 26, 3, 0]  	767	6 
[5, 28, 1, 0]  	770	6 
[4, 14, 12, 0]  	770	6 
[5, 24, 4, 0]  	771	6 
[14, 22, 0, 0]  	772	7 
[4, 29, 1, 0]  	774	6 
[19, 18, 0, 0]  	775	7 
[18, 19, 0, 0]  	779	7 
[5, 15, 11, 0]  	781	6 
[4, 28, 2, 0]  	782	6 
[3, 14, 13, 0]  	782	6 
[3, 29, 2, 0]  	786	5 
[5, 18, 9, 0]  	788	6 
[4, 31, 0, 0]  	789	6 
[3, 32, 0, 0]  	793	5 
[5, 21, 7, 0]  	795	6 
[5, 17, 10, 0]  	796	6 
[4, 18, 10, 0]  	800	5 
[3, 31, 1, 0]  	801	5 
[3, 0, 24, 0]  	801	5 
[5, 20, 8, 0]  	803	6 
[2, 32, 1, 0]  	805	5 
[17, 21, 0, 0]  	806	6 
[4, 25, 5, 0]  	806	6 
[4, 21, 8, 0]  	807	5 
[4, 17, 11, 0]  	808	5 
[5, 23, 6, 0]  	810	6 
[4, 1, 23, 0]  	812	5 
[4, 24, 6, 0]  	814	5 
[4, 20, 9, 0]  	815	5 
[4, 4, 21, 0]  	819	5 
[3, 17, 12, 0]  	820	5 
[4, 23, 7, 0]  	822	5 
[2, 18, 12, 0]  	824	4 
[4, 3, 22, 0]  	827	5 
[3, 4, 22, 0]  	831	4 
[3, 11, 17, 0]  	837	5 
[3, 3, 23, 0]  	839	4 
[4, 9, 18, 0]  	841	5 
[2, 35, 0, 0]  	843	4 
[3, 10, 18, 0]  	845	4 
[3, 6, 21, 0]  	846	4 
[3, 21, 10, 0]  	850	4 
[3, 9, 19, 0]  	853	4 
[3, 28, 5, 0]  	856	5 
[3, 24, 8, 0]  	857	4 
[3, 20, 11, 0]  	858	4 
[2, 29, 5, 0]  	860	4 
[2, 21, 11, 0]  	862	3 
[3, 27, 6, 0]  	864	4 
[2, 28, 6, 0]  	868	4 
[2, 24, 9, 0]  	869	3 
[3, 26, 7, 0]  	872	4 
[2, 4, 24, 0]  	874	4 
[2, 31, 4, 0]  	875	5 
[2, 27, 7, 0]  	876	3 
[2, 23, 10, 0]  	877	3 
[2, 7, 22, 0]  	881	3 
[2, 26, 8, 0]  	884	3 
[2, 14, 17, 0]  	887	4 
[2, 10, 20, 0]  	888	3 
[1, 15, 17, 0]  	891	3 
[1, 38, 0, 0]  	893	3 
[2, 13, 18, 0]  	895	3 
[2, 9, 21, 0]  	896	3 
[2, 1, 27, 0]  	898	4 
[1, 14, 18, 0]  	899	3 
[2, 12, 19, 0]  	903	3 
[2, 0, 28, 0]  	906	4 
[1, 13, 19, 0]  	907	2 
[1, 31, 6, 0]  	918	3 
[1, 27, 9, 0]  	919	2 
[0, 32, 6, 0]  	922	2 
[1, 30, 7, 0]  	926	2 
[1, 18, 16, 0]  	929	3 
[0, 31, 7, 0]  	930	2 
[1, 29, 8, 0]  	934	2 
[0, 30, 8, 0]  	938	1 
[1, 1, 29, 0]  	941	2 
[1, 24, 12, 0]  	943	3 
[1, 0, 30, 0]  	949	2 
[0, 1, 30, 0]  	953	1 
[0, 16, 19, 0]  	957	1 
[0, 35, 5, 0]  	960	2 
[0, 0, 31, 0]  	961	1  <--- 3
[0, 18, 18, 0]  	972	1 
[1, 4, 28, 0]  	979	2 
[0, 4, 29, 0]  	991	1 
[0, 38, 4, 0]  	998	2 
[0, 21, 17, 0]  	1010	1 
[0, 44, 0, 0]  	1012	2  <--- 2
[1, 7, 27, 0]  	1017	2 
[0, 7, 28, 0]  	1029	1 
[0, 41, 3, 0]  	1036	2 
[0, 24, 16, 0]  	1048	1 
[0, 10, 27, 0]  	1067	1 
[0, 27, 15, 0]  	1086	1 
[0, 13, 26, 0]  	1105	1 
[6, 26, 1, 1]  	743	7 
[16, 20, 0, 1]  	764	7 
[4, 7, 19, 1]  	826	5 
[3, 12, 16, 1]  	829	5 
[4, 10, 17, 1]  	833	5 
[4, 6, 20, 1]  	834	5 
[3, 7, 20, 1]  	838	4 
[3, 23, 9, 1]  	865	4 
[2, 15, 16, 1]  	879	4 
[1, 10, 21, 1]  	900	2 
[1, 32, 5, 1]  	910	3 
[1, 12, 20, 1]  	915	2 
[1, 35, 4, 1]  	948	3 
[1, 21, 15, 1]  	967	3 
[4, 29, 0, 29]  	743	5 
[5, 21, 6, 29]  	764	6 
[4, 24, 5, 29]  	783	4 
[3, 24, 7, 29]  	826	4 
[2, 29, 4, 29]  	829	4 
[3, 27, 5, 29]  	833	4 
[2, 9, 19, 29]  	834	3 
[2, 24, 8, 29]  	838	3 
[1, 1, 27, 29]  	879	2 
[0, 27, 9, 29]  	900	1 
[0, 29, 8, 29]  	915	1 
[0, 38, 3, 29]  	967	2 
------
The gap is between 2 and 28.
Lengths: 3 3 5 5 3 3.
For 982 = 5*d/2-d1-d2-d3 you get 3 in char 0.
1*x^1*y^23*z^14
1*y^40*z^2
1*y^9*z^25

For 560 = 3*d/2-d1-d2-d3 you get 5 in char 0.
1*x^4*y^17*z^3
1*x^3*y^3*z^14
1*x^2*y^20*z^2
1*x^1*y^6*z^13
1*y^23*z^1

For 138 = d/2-d1-d2-d3 you get 3 in char 0.
1*x^4*z^2
1*x^2*y^3*z^1
1*y^6

Extra powers of p used 0.
The invariant extra is equal to 1.
Start computing 11^3 Delta^1 (x1x2x3)^10... Done.
Start computing 11^4 Delta^2 (x1x2x3)^10... Done.
Start computing 11^5 Delta^3 (x1x2x3)^10... Done.
Start computing 11^6 Delta^4 (x1x2x3)^10... Done.
Start computing 11^7 Delta^5 (x1x2x3)^10... Done.
Start computing 11^8 Delta^6 (x1x2x3)^10... Done.
Start computing 11^9 Delta^7 (x1x2x3)^10... Done.
Start computing aa.
1 2 3 4 5 6 7 8 9 10 11 
*/
A = \
[1287270746943443615580355497402,539655084623601612011999522157,1052933452302244697193292678297,824981561940430958320555737197,190800491754632433721505464556,815399525254794201223200989840,1450011009251227710689978635708,1267412815634971358543479793064,507156004288873500787219670512,1125462987007073245830029952760,133940545332174310589675818651;\
529690669609803939910963940500,920817493626172600539148474250,161705329599163867851735052893,352423014680034183056638744849,1432758743594936046490606999187,1115581085016520115548357815815,8088403159438800302138977085,238080193426856337944102867514,1476716225480002744811722726138,1134527441704309924181484682713,1072361228579740402588538851301;\
1277520696652220501290029074635,154256217760445606331106564766,403637397218358199101294819043,71272535918274613576839912364,1194006984141239343515823335458,1097398300781475853842161160714,1384220238314364876863770939882,308885193797374820187147972892,974287736553157268405579697787,1012320108197363855243031429653,494826597135833045793060380975;\
816408955578114496654460974076,1170891871158238496177141457202,1004367843231399225787196689032,1039868031013406591010273929714,1500296701825306289941456656379,1091894288054290444953354586681,289283974895743453558182845122,1284117279121132188148050924190,1261241662866202299636533247299,207139673711727022939496098913,704463502342229983009957167637;\
673708183520065683958908651997,809195351048746599591971636313,414571175893571339389364979304,1047462440887731581879772820269,124594553645569926725999477736,764331219339805298450004696312,13813221920241704513040574691,425651052264464773787465907746,778884329379382273146882392797,1363577373234734514795518823144,550080266534330681794061681946;\
640240244519875752306589505386,1405392669360372256607593177239,482350361926758902074482975039,26026739859308951053258631851,984119836240322760930786384154,883252241379578263810875803072,807145836946624716341722488567,1455907836783336542033317314469,577823916001694752066616553064,924248810628199879834438181403,115719409100604272158603492062;\
824540052632188967532137061129,84324829664452082634719199269,591958679114618036285902051689,598353400919453271423615539200,741343554186099963371878850608,1205621360410071808240637365810,1061447965695243469926116700727,1288203594354712981248373859250,64477477215881843274924021369,701046112779288820383137048443,739846281780231194534071766583;\
719553900157816560376532878170,1111414891971635571300576905649,1070751709282133170095282452527,1115258758449907886712580021647,1253973113170307698747621939886,1370420397154458993165306958331,1299125409777503519469721278871,291350667135113621110174780846,555916360324793579785766673152,1208864496049499444143754458154,685180218174756893822789204814;\
730521083479120129952200046512,1149762333960923081718427170645,344498331061416736650327386417,961416851213764913618738737672,1372721322038474423995067762124,374538479042628754818295670086,1356394794757208929822194072197,1230664588329231190783337269690,323508076901951090452515773132,1245590400768554872878026389968,700099080752340549969124523857;\
48503154244662891883012170029,78547419039816663202596279310,947772375693868533069780492793,664297778555267946023970776829,1369693770896589044043001143818,33326931927383385279587351698,1238082969365054624618027504701,1119942150896961803726147022839,1298212997275069580365586611499,300067789765946691865215474481,75955239235211589081529607885;\
1159628700018459174814742984765,159705801264806972874118725044,95452101973904779049860009302,87542374674193309646470691964,1535274721542470405970033624008,330888211597859114375489912027,528185634505626699764797943693,1214283213867491784281175980520,468819455635408028484066875438,1471780462677982842599479315171,147509183447173101677438214955]
/* 
This should be the matrix of frobenius!
*/ 
B = A; 
/* Freed 166 lists. */
