/* Comments begin... 
Coefficient of   x^21 * y^1               = -4
Coefficient of   x^10 * y^2 * z^6         = 0
Coefficient of   x^8 * y^5 * z^5         = -2
Coefficient of   x^6 * y^8 * z^4         = -2
Coefficient of   x^4 * y^11 * z^3         = -4
Coefficient of   x^2 * y^14 * z^2         = 3
Coefficient of   x^1 * z^13               = 1
Coefficient of   y^17 * z^1               = -5

Here is the polynomial we're using this time:

-4*x^21*y^1 + -2*x^8*y^5*z^5 + -2*x^6*y^8*z^4 + -4*x^4*y^11*z^3 + 3*x^2*y^14*z^2 + 1*x^1*z^13 + -5*y^17*z^1

Allocate G_len 20 elements and old = 0.
Allocate M_len = 400 elements.
Allocate G_len 40 elements and old = 20.
Allocate M_len = 800 elements.
Allocate G_len 80 elements and old = 40.
Allocate M_len = 1600 elements.
Allocate M_len = 3200 elements.
Allocate G_len 160 elements and old = 80.
Allocate M_len = 6400 elements.
Allocate M_len = 12800 elements.
Not smooth!
Coefficient of   x^21 * y^1               = -4
Coefficient of   x^10 * y^2 * z^6         = -1
Coefficient of   x^8 * y^5 * z^5         = 3
Coefficient of   x^6 * y^8 * z^4         = 0
Coefficient of   x^4 * y^11 * z^3         = -4
Coefficient of   x^2 * y^14 * z^2         = -5
Coefficient of   x^1 * z^13               = -5
Coefficient of   y^17 * z^1               = -4

Here is the polynomial we're using this time:

-4*x^21*y^1 + -1*x^10*y^2*z^6 + 3*x^8*y^5*z^5 + -4*x^4*y^11*z^3 + -5*x^2*y^14*z^2 + -5*x^1*z^13 + -4*y^17*z^1

Allocate G_len 320 elements and old = 160.
Not smooth!
Coefficient of   x^21 * y^1               = -2
Coefficient of   x^10 * y^2 * z^6         = -2
Coefficient of   x^8 * y^5 * z^5         = -4
Coefficient of   x^6 * y^8 * z^4         = 1
Coefficient of   x^4 * y^11 * z^3         = 4
Coefficient of   x^2 * y^14 * z^2         = -1
Coefficient of   x^1 * z^13               = 5
Coefficient of   y^17 * z^1               = 4

Here is the polynomial we're using this time:

-2*x^21*y^1 + -2*x^10*y^2*z^6 + -4*x^8*y^5*z^5 + 1*x^6*y^8*z^4 + 4*x^4*y^11*z^3 + -1*x^2*y^14*z^2 + 5*x^1*z^13 + 4*y^17*z^1

The final length of G is 174
[10, 2, 5, 0]  	391	7 
[21, 0, 0, 0]  	399	7  <--- 1
[20, 1, 0, 0]  	403	7 
[8, 5, 5, 0]  	422	6 
[8, 8, 4, 0]  	460	7 
[6, 11, 4, 0]  	491	6 
[6, 14, 3, 0]  	529	7 
[5, 0, 15, 0]  	560	6 
[18, 5, 4, 0]  	581	12 
[18, 8, 3, 0]  	619	11 
[11, 0, 14, 0]  	643	10 
[16, 11, 3, 0]  	650	10 
[14, 14, 2, 0]  	650	10 
[18, 11, 2, 0]  	657	10 
[9, 3, 14, 0]  	674	9 
[12, 17, 2, 0]  	681	9 
[15, 0, 13, 0]  	688	9 
[10, 19, 2, 0]  	689	9 
[9, 20, 2, 0]  	693	8 
[18, 14, 1, 0]  	695	9 
[7, 6, 14, 0]  	705	8 
[8, 23, 1, 0]  	712	8 
[12, 20, 1, 0]  	719	8 
[8, 22, 2, 0]  	720	8 
[7, 8, 13, 0]  	720	8 
[7, 23, 2, 0]  	724	7 
[6, 9, 13, 0]  	724	7 
[16, 17, 1, 0]  	726	8 
[10, 22, 1, 0]  	727	8 
[6, 8, 14, 0]  	732	7 
[5, 25, 2, 0]  	732	7 
[19, 0, 12, 0]  	733	8 
[14, 19, 1, 0]  	734	8 
[7, 25, 1, 0]  	739	7 
[6, 26, 1, 0]  	743	7 
[8, 26, 0, 0]  	750	7 
[5, 11, 13, 0]  	751	7 
[4, 12, 13, 0]  	755	6 
[12, 23, 0, 0]  	757	7 
[6, 28, 0, 0]  	758	7 
[5, 29, 0, 0]  	762	6 
[4, 11, 14, 0]  	763	6 
[4, 26, 3, 0]  	767	6 
[5, 28, 1, 0]  	770	6 
[4, 14, 12, 0]  	770	6 
[5, 24, 4, 0]  	771	6 
[14, 22, 0, 0]  	772	7 
[4, 29, 1, 0]  	774	6 
[19, 18, 0, 0]  	775	7 
[18, 19, 0, 0]  	779	7 
[5, 15, 11, 0]  	781	6 
[4, 28, 2, 0]  	782	7 
[3, 29, 2, 0]  	786	5 
[5, 18, 9, 0]  	788	6 
[4, 31, 0, 0]  	789	6 
[5, 21, 7, 0]  	795	6 
[5, 17, 10, 0]  	796	6 
[4, 18, 10, 0]  	800	5 
[3, 31, 1, 0]  	801	5 
[3, 0, 24, 0]  	801	5 
[5, 20, 8, 0]  	803	6 
[3, 15, 13, 0]  	805	5 
[2, 32, 1, 0]  	805	5 
[17, 21, 0, 0]  	806	6 
[4, 25, 5, 0]  	806	6 
[4, 21, 8, 0]  	807	5 
[4, 17, 11, 0]  	808	5 
[5, 23, 6, 0]  	810	6 
[4, 1, 23, 0]  	812	5 
[4, 24, 6, 0]  	814	5 
[4, 20, 9, 0]  	815	5 
[4, 4, 21, 0]  	819	5 
[4, 23, 7, 0]  	822	5 
[2, 18, 12, 0]  	824	4 
[4, 7, 19, 0]  	826	5 
[4, 3, 22, 0]  	827	5 
[3, 12, 16, 0]  	829	5 
[3, 4, 22, 0]  	831	4 
[4, 10, 17, 0]  	833	5 
[4, 6, 20, 0]  	834	5 
[3, 7, 20, 0]  	838	4 
[3, 34, 0, 0]  	839	4 
[3, 3, 23, 0]  	839	4 
[4, 9, 18, 0]  	841	5 
[2, 35, 0, 0]  	843	4 
[3, 10, 18, 0]  	845	4 
[3, 6, 21, 0]  	846	4 
[3, 21, 10, 0]  	850	4 
[3, 9, 19, 0]  	853	4 
[3, 28, 5, 0]  	856	5 
[3, 20, 11, 0]  	858	4 
[2, 29, 5, 0]  	860	4 
[3, 27, 6, 0]  	864	4 
[3, 23, 9, 0]  	865	4 
[2, 28, 6, 0]  	868	4 
[2, 24, 9, 0]  	869	3 
[3, 26, 7, 0]  	872	4 
[2, 4, 24, 0]  	874	4 
[2, 31, 4, 0]  	875	5 
[2, 27, 7, 0]  	876	3 
[2, 15, 16, 0]  	879	4 
[2, 7, 22, 0]  	881	3 
[2, 26, 8, 0]  	884	3 
[2, 14, 17, 0]  	887	4 
[2, 10, 20, 0]  	888	3 
[1, 15, 17, 0]  	891	3 
[2, 13, 18, 0]  	895	3 
[2, 9, 21, 0]  	896	3 
[2, 1, 27, 0]  	898	4 
[1, 14, 18, 0]  	899	3 
[1, 10, 21, 0]  	900	2 
[2, 12, 19, 0]  	903	3 
[2, 0, 28, 0]  	906	4 
[1, 13, 19, 0]  	907	2 
[1, 32, 5, 0]  	910	3 
[1, 12, 20, 0]  	915	2 
[1, 31, 6, 0]  	918	3 
[1, 27, 9, 0]  	919	2 
[0, 32, 6, 0]  	922	2 
[1, 30, 7, 0]  	926	2 
[1, 18, 16, 0]  	929	3 
[0, 31, 7, 0]  	930	2 
[1, 29, 8, 0]  	934	2 
[0, 30, 8, 0]  	938	1 
[1, 1, 29, 0]  	941	2 
[1, 24, 12, 0]  	943	3 
[1, 35, 4, 0]  	948	3 
[1, 0, 30, 0]  	949	2 
[0, 1, 30, 0]  	953	1 
[0, 16, 19, 0]  	957	1 
[0, 35, 5, 0]  	960	2 
[0, 0, 31, 0]  	961	1  <--- 3
[1, 41, 0, 0]  	962	2 
[1, 21, 15, 0]  	967	3 
[0, 18, 18, 0]  	972	1 
[1, 4, 28, 0]  	979	2 
[0, 4, 29, 0]  	991	1 
[0, 38, 4, 0]  	998	2 
[0, 21, 17, 0]  	1010	1 
[0, 44, 0, 0]  	1012	2  <--- 2
[1, 7, 27, 0]  	1017	2 
[0, 7, 28, 0]  	1029	1 
[0, 41, 3, 0]  	1036	2 
[0, 24, 16, 0]  	1048	1 
[0, 10, 27, 0]  	1067	1 
[0, 27, 15, 0]  	1086	1 
[0, 13, 26, 0]  	1105	1 
[14, 11, 3, 1]  	612	11 
[7, 22, 2, 1]  	701	8 
[5, 9, 14, 1]  	736	7 
[16, 20, 0, 1]  	764	7 
[10, 25, 0, 1]  	765	7 
[3, 14, 13, 1]  	782	6 
[3, 32, 0, 1]  	793	5 
[3, 17, 12, 1]  	820	5 
[3, 11, 17, 1]  	837	5 
[3, 24, 8, 1]  	857	4 
[2, 21, 11, 2]  	862	3 
[2, 23, 10, 2]  	877	3 
[1, 38, 0, 2]  	893	3 
[1, 7, 22, 28]  	862	2 
[1, 9, 21, 28]  	877	2 
[12, 14, 2, 29]  	612	10 
[6, 8, 13, 29]  	701	5 
[4, 26, 2, 29]  	736	6 
[5, 21, 6, 29]  	764	5 
[5, 17, 9, 29]  	765	6 
[2, 31, 1, 29]  	782	4 
[4, 24, 5, 29]  	783	4 
[4, 20, 8, 29]  	784	5 
[3, 1, 23, 29]  	793	4 
[2, 34, 0, 29]  	820	4 
[2, 28, 5, 29]  	837	4 
[2, 10, 19, 29]  	857	3 
------
The gap is between 3 and 27.
Lengths: 3 3 5 5 3 3.
For 982 = 5*d/2-d1-d2-d3 you get 3 in char 0.
1*x^1*y^23*z^14
1*y^40*z^2
1*y^9*z^25

For 560 = 3*d/2-d1-d2-d3 you get 5 in char 0.
1*x^4*y^17*z^3
1*x^3*y^3*z^14
1*x^2*y^20*z^2
1*x^1*y^6*z^13
1*y^23*z^1

For 138 = d/2-d1-d2-d3 you get 3 in char 0.
1*x^4*z^2
1*x^2*y^3*z^1
1*y^6

Extra powers of p used 0.
The invariant extra is equal to 1.
Start computing 11^3 Delta^1 (x1x2x3)^10... Done.
Start computing 11^4 Delta^2 (x1x2x3)^10... Done.
Start computing 11^5 Delta^3 (x1x2x3)^10... Done.
Start computing 11^6 Delta^4 (x1x2x3)^10... Done.
Start computing 11^7 Delta^5 (x1x2x3)^10... Done.
Start computing 11^8 Delta^6 (x1x2x3)^10... Done.
Start computing 11^9 Delta^7 (x1x2x3)^10... Done.
Start computing aa.
1 2 3 4 5 6 7 8 9 10 11 
*/
A = \
[1021963543536541232292848224864,1194066905849348605101088967699,1032881695721839965836433944525,878620836368443203509975332920,631223244042006461083054113,959403066011536214661842023984,787132753775450512923448873005,30340483055459095078862399207,1036942425863364673482371380608,1039700364302472957179199567595,1095596493810059619352247171239;\
331673736191231872281895574621,1088503276151458005421426962478,1516734476527903314996684407113,1152039303217871694098896554824,306924972649127011046472669097,418283945292857409292965395144,193405915468113829628209218640,1470620221080423614800057781377,143801939799795788360600633498,1454705549366403698726147743452,1269273922462875238767707889710;\
1473949743022910872267380445018,98264160314907131090780225986,1196874217313848642733690268701,851207306916457247929199665363,849041613741042533997074433775,364034388991633755598008661999,1258272692103890676657875126597,547644706450150470414567552018,929980653974478590981540813297,384810548550493024713347712657,1205107354571346040937310822381;\
1497628179051764908378817391945,1191552106543245609949111753784,825304074711501812451807470765,975084364948089046205326270246,61935901422442586589292204028,1224282596013991248700825012648,69722220970890273093126841671,1141148338081208246542441169052,74724174440942090670705583825,318671924170522857351610991435,815086760878259667565315796028;\
558709948737623360443285060196,693054856816906107254684151444,588659072323693002729728818277,412110853073078262410330501467,858013962953407423124313927905,879493111791155455834742342368,1156609171134180611928140681049,178525335953599642621906444999,1509860115503428754044383045312,953451817121177959418645961017,1505017275309216274143367293167;\
818151762502030459441083456771,863542209771391837031198425398,1312213955868187706011398593661,980297854461762434061275070600,218215753793752410205696506958,1120241949921671831417840867982,271312946747669372086756717304,944496210122923835525037632259,1292172873638495923392772007884,158357070360867314406889260039,788675179063957986707144389250;\
182291050925845651594725479508,807231262168066017579671544687,1257244370630256298521790079526,258689552285960543494069355527,853147263141799088297970396437,427801521111494030459535568596,245807721409139324463634598487,1495636735823412995257806305934,980733889580902751748940314598,1043472721089892499873307256273,470125933151852087906960212433;\
334200870913522348038159010993,470875275746215986437719438334,210686429012338514822675840667,1014515336722784204778114561246,412664158633844433131522874530,889189387242363313671306428918,1536572636990745906730431089540,110530484395967886573047206427,113339288145478807955057042715,1346927468893688222649870104431,569944206982409467802836812141;\
1484121870637104529597739041948,55563952554304090672506633181,925640991151521696987469936577,1128745505746858254477547023941,1337378146772176931062187089653,1366792553053334229511336830732,86450346841737912742217275767,558125675744510126276194033775,541525057553038163047695445270,1450404743476350196290351816165,1370466813559682612444996707228;\
1048388965924612590484159222907,776377421881073323562335868922,587795676955945841911948232647,423982399287287279473688031026,772763815567708261703867678360,289645916849929444030870932530,634272926499161525054736761251,722163553465012684084673535350,103733255358464663762422270899,1491274612681449348046851206386,919694753765485165466627765345;\
539997225200183625984770465624,477500188467072167457719989074,223249485563599510727509740100,319058849418745256311634992563,1326562650265743802010511536025,1426649923565127291962224477382,791331891021643795247737500957,978075057454211177514522516432,223601219783811808212090387747,776624212504638433424987891822,1427454466102435804179486520928]
/* 
This should be the matrix of frobenius!
*/ 
B = A; 
/* Freed 167 lists. */
