/* Comments begin... 
Coefficient of   x^21 * y^1               = 4
Coefficient of   x^10 * y^2 * z^6         = -1
Coefficient of   x^8 * y^5 * z^5         = -1
Coefficient of   x^6 * y^8 * z^4         = -3
Coefficient of   x^4 * y^11 * z^3         = 5
Coefficient of   x^2 * y^14 * z^2         = 4
Coefficient of   x^1 * z^13               = 3
Coefficient of   y^17 * z^1               = 4

Here is the polynomial we're using this time:

4*x^21*y^1 + -1*x^10*y^2*z^6 + -1*x^8*y^5*z^5 + -3*x^6*y^8*z^4 + 5*x^4*y^11*z^3 + 4*x^2*y^14*z^2 + 3*x^1*z^13 + 4*y^17*z^1

Allocate G_len 20 elements and old = 0.
Allocate M_len = 400 elements.
Allocate G_len 40 elements and old = 20.
Allocate M_len = 800 elements.
Allocate G_len 80 elements and old = 40.
Allocate M_len = 1600 elements.
Allocate M_len = 3200 elements.
Allocate G_len 160 elements and old = 80.
Allocate M_len = 6400 elements.
Allocate M_len = 12800 elements.
Allocate G_len 320 elements and old = 160.
The final length of G is 165
[10, 2, 5, 0]  	391	7 
[21, 0, 0, 0]  	399	7  <--- 1
[20, 1, 0, 0]  	403	7 
[8, 5, 5, 0]  	422	6 
[8, 8, 4, 0]  	460	7 
[6, 11, 4, 0]  	491	6 
[6, 14, 3, 0]  	529	7 
[5, 0, 15, 0]  	560	6 
[18, 5, 4, 0]  	581	12 
[14, 11, 3, 0]  	612	11 
[18, 8, 3, 0]  	619	11 
[11, 0, 14, 0]  	643	10 
[14, 14, 2, 0]  	650	10 
[18, 11, 2, 0]  	657	10 
[9, 3, 14, 0]  	674	9 
[12, 17, 2, 0]  	681	9 
[10, 19, 2, 0]  	689	9 
[9, 20, 2, 0]  	693	8 
[18, 14, 1, 0]  	695	9 
[7, 22, 2, 0]  	701	8 
[7, 6, 14, 0]  	705	8 
[8, 23, 1, 0]  	712	8 
[7, 8, 13, 0]  	720	8 
[6, 9, 13, 0]  	724	7 
[17, 0, 13, 0]  	726	8 
[16, 17, 1, 0]  	726	8 
[10, 22, 1, 0]  	727	8 
[6, 8, 14, 0]  	732	7 
[5, 25, 2, 0]  	732	7 
[19, 0, 12, 0]  	733	8 
[14, 19, 1, 0]  	734	8 
[5, 9, 14, 0]  	736	7 
[7, 25, 1, 0]  	739	7 
[6, 26, 1, 0]  	743	7 
[8, 26, 0, 0]  	750	7 
[5, 11, 13, 0]  	751	7 
[4, 12, 13, 0]  	755	6 
[12, 23, 0, 0]  	757	7 
[6, 28, 0, 0]  	758	7 
[5, 29, 0, 0]  	762	6 
[10, 25, 0, 0]  	765	7 
[4, 26, 3, 0]  	767	6 
[5, 28, 1, 0]  	770	6 
[4, 14, 12, 0]  	770	6 
[5, 24, 4, 0]  	771	6 
[14, 22, 0, 0]  	772	7 
[4, 29, 1, 0]  	774	6 
[19, 18, 0, 0]  	775	7 
[18, 19, 0, 0]  	779	7 
[5, 15, 11, 0]  	781	6 
[4, 28, 2, 0]  	782	6 
[3, 14, 13, 0]  	782	6 
[3, 29, 2, 0]  	786	5 
[5, 18, 9, 0]  	788	6 
[4, 31, 0, 0]  	789	6 
[3, 32, 0, 0]  	793	5 
[5, 21, 7, 0]  	795	6 
[5, 17, 10, 0]  	796	6 
[4, 18, 10, 0]  	800	5 
[3, 31, 1, 0]  	801	5 
[3, 0, 24, 0]  	801	5 
[5, 20, 8, 0]  	803	6 
[17, 21, 0, 0]  	806	6 
[4, 25, 5, 0]  	806	6 
[4, 21, 8, 0]  	807	5 
[4, 17, 11, 0]  	808	5 
[5, 23, 6, 0]  	810	6 
[4, 1, 23, 0]  	812	5 
[4, 24, 6, 0]  	814	5 
[4, 20, 9, 0]  	815	5 
[4, 4, 21, 0]  	819	5 
[3, 17, 12, 0]  	820	5 
[4, 23, 7, 0]  	822	5 
[2, 18, 12, 0]  	824	4 
[4, 7, 19, 0]  	826	5 
[4, 3, 22, 0]  	827	5 
[3, 12, 16, 0]  	829	5 
[3, 4, 22, 0]  	831	4 
[4, 10, 17, 0]  	833	5 
[4, 6, 20, 0]  	834	5 
[3, 11, 17, 0]  	837	5 
[3, 7, 20, 0]  	838	4 
[3, 3, 23, 0]  	839	4 
[4, 9, 18, 0]  	841	5 
[2, 35, 0, 0]  	843	4 
[3, 10, 18, 0]  	845	4 
[3, 6, 21, 0]  	846	4 
[3, 21, 10, 0]  	850	4 
[3, 9, 19, 0]  	853	4 
[3, 28, 5, 0]  	856	5 
[3, 24, 8, 0]  	857	4 
[3, 20, 11, 0]  	858	4 
[2, 29, 5, 0]  	860	4 
[2, 21, 11, 0]  	862	3 
[3, 27, 6, 0]  	864	4 
[3, 23, 9, 0]  	865	4 
[2, 28, 6, 0]  	868	4 
[2, 24, 9, 0]  	869	3 
[3, 26, 7, 0]  	872	4 
[2, 4, 24, 0]  	874	4 
[2, 31, 4, 0]  	875	5 
[2, 27, 7, 0]  	876	3 
[2, 23, 10, 0]  	877	3 
[2, 15, 16, 0]  	879	4 
[2, 14, 17, 0]  	887	4 
[2, 10, 20, 0]  	888	3 
[1, 15, 17, 0]  	891	3 
[1, 38, 0, 0]  	893	3 
[2, 13, 18, 0]  	895	3 
[2, 1, 27, 0]  	898	4 
[1, 14, 18, 0]  	899	3 
[1, 10, 21, 0]  	900	2 
[2, 12, 19, 0]  	903	3 
[2, 0, 28, 0]  	906	4 
[1, 13, 19, 0]  	907	2 
[1, 32, 5, 0]  	910	3 
[1, 12, 20, 0]  	915	2 
[1, 31, 6, 0]  	918	3 
[1, 27, 9, 0]  	919	2 
[0, 32, 6, 0]  	922	2 
[1, 30, 7, 0]  	926	2 
[1, 18, 16, 0]  	929	3 
[0, 31, 7, 0]  	930	2 
[1, 29, 8, 0]  	934	2 
[0, 30, 8, 0]  	938	1 
[1, 1, 29, 0]  	941	2 
[1, 24, 12, 0]  	943	3 
[1, 35, 4, 0]  	948	3 
[1, 0, 30, 0]  	949	2 
[0, 1, 30, 0]  	953	1 
[0, 16, 19, 0]  	957	1 
[0, 35, 5, 0]  	960	2 
[0, 0, 31, 0]  	961	1  <--- 3
[1, 21, 15, 0]  	967	3 
[0, 18, 18, 0]  	972	1 
[0, 4, 29, 0]  	991	1 
[0, 38, 4, 0]  	998	2 
[0, 21, 17, 0]  	1010	1 
[0, 44, 0, 0]  	1012	2  <--- 2
[1, 7, 27, 0]  	1017	2 
[0, 7, 28, 0]  	1029	1 
[0, 41, 3, 0]  	1036	2 
[0, 24, 16, 0]  	1048	1 
[0, 10, 27, 0]  	1067	1 
[0, 27, 15, 0]  	1086	1 
[0, 13, 26, 0]  	1105	1 
[15, 0, 13, 1]  	688	9 
[4, 11, 14, 1]  	763	6 
[16, 20, 0, 1]  	764	7 
[2, 32, 1, 1]  	805	5 
[2, 7, 22, 1]  	881	3 
[2, 9, 21, 1]  	896	3 
[12, 20, 1, 2]  	719	8 
[2, 26, 8, 2]  	884	3 
[1, 4, 28, 3]  	979	2 
[0, 21, 16, 27]  	979	1 
[10, 23, 0, 28]  	719	7 
[1, 12, 19, 28]  	884	2 
[14, 17, 1, 29]  	688	6 
[3, 28, 2, 29]  	763	5 
[5, 21, 6, 29]  	764	5 
[4, 24, 5, 29]  	783	5 
[2, 1, 24, 29]  	805	3 
[1, 24, 10, 29]  	881	2 
[1, 26, 9, 29]  	896	2 
------
The gap is between 4 and 26.
Lengths: 3 3 5 5 3 3.
For 982 = 5*d/2-d1-d2-d3 you get 3 in char 0.
1*x^1*y^23*z^14
1*y^40*z^2
1*y^9*z^25

For 560 = 3*d/2-d1-d2-d3 you get 5 in char 0.
1*x^4*y^17*z^3
1*x^3*y^3*z^14
1*x^2*y^20*z^2
1*x^1*y^6*z^13
1*y^23*z^1

For 138 = d/2-d1-d2-d3 you get 3 in char 0.
1*x^4*z^2
1*x^2*y^3*z^1
1*y^6

Extra powers of p used 0.
The invariant extra is equal to 1.
Start computing 11^3 Delta^1 (x1x2x3)^10... Done.
Start computing 11^4 Delta^2 (x1x2x3)^10... Done.
Start computing 11^5 Delta^3 (x1x2x3)^10... Done.
Start computing 11^6 Delta^4 (x1x2x3)^10... Done.
Start computing 11^7 Delta^5 (x1x2x3)^10... Done.
Start computing 11^8 Delta^6 (x1x2x3)^10... Done.
Start computing 11^9 Delta^7 (x1x2x3)^10... Done.
Start computing aa.
1 2 3 4 5 6 7 8 9 10 11 
*/
A = \
[258727867494149158177297007527,225383849366115082694121629216,979985871684580107225201887911,730778759419485075017875158871,215106966101266466514316428410,1535760302337228720044745132493,1317308843069892972535568236696,557307693971417213906123537748,57933247741976261281301818231,850816977075392315311290575586,723018219212366395811196101926;\
393110341773202762663753126559,1497584716473981388886716368561,570086082663259148955587185907,290041596883049445345943542731,1373784637275836713550179763756,953423006132876685640527496599,1376412163622661950003168744190,1500229368234459210011675577610,460310416023763142854601077559,157839097877079335913755911220,982609807268949399818993621995;\
322393110528598085321402195653,1822337339543292026004658937,570697330743217600202740626175,13829531768853961709630396601,1212558010472147899167597600446,259321264960062383500464409202,1237590428563673525593541033833,762585346431844693993036400918,1108890067116521802910266146106,383902446649377651098408481352,265953649712574886754160499393;\
900457722524315488512828980943,941666106744703852332460401125,278871820836723110937975905748,370278002193296712569230663553,1304447354716686545347102889670,648806750405306984836245581912,218312160210845031762892147357,1411050550412573141852274810591,281631162133294936532953663764,1229781515352126433838931630005,1220863682643223674020801779163;\
802649329577379086656587486600,658740484891493776188441717515,562069751897001396896431415833,866043919186248975997473053394,651533509855636735481768777152,1369689703163484186939513287845,551080267020765689343034433722,1064724765288632279512663024405,1054820783062684504238183616090,417197053058999789564205294308,1391125228844187124837749937132;\
368878296369213177037135701481,890551533543193348967757338886,852797855210174306223621662757,1058671727274505012053186276783,158705635844930021885574257017,815904624207117672482271103912,665486418176757583091551545746,595588797777389284219761599090,1476166157300596163613297774017,1088139959295184308255391119372,629685082766610815878550420034;\
993805083452574613842352678055,1454982693267507651128016346208,355565778700120211862142224026,1565165128710247475363288425540,972199104690412078408543074229,885201325792408856222433498705,1292490881490113563364212629985,1410958571722472121251609134868,482089850810732827633833254634,524266061358425163374800414123,605248942027206547934135452840;\
252212630721706472790058101007,1456402617456687343683893958963,982927715197301312569382900392,1455000292553368510289136712806,717129674368446211407134099962,1273523656160740446115504576187,820144666261136688852836490342,144676274491620996948009815871,261329721793749320386356728552,12137669183104142109356946758,557315273786442052019794089566;\
619016093346616026874140260182,520321836594215029730746379006,958379912085778915654350677996,138710652569973208761013058048,371502980663024743231173103068,671379789289319835758175206240,848345308469797867524079339627,682392739241391256819283716173,1464384522458849172690850421927,286956899396679418769099115890,1071481087284943123025309557122;\
685999107167784135783423440347,782401155010871614061899878882,510544830828999940020825791834,830610362110683858215030729155,41871922035200500493005259526,1078234881111002849614183723502,192699051043444420156622551061,710280310871449030613926844654,1347998730424436293878644907245,578341711112112546962328335832,95143528559487975310175496383;\
698159508943852795102630257883,131357209086570798754534236458,698957747209075821389735743300,348538315502654064043099688449,1022911153907207856172147407152,411758011818739730407413399403,1241111667069992732505424214468,461386680617501591141763995212,62117987543719467208344827639,1230940593970453843039901137503,413594392357937077745744423929]
/* 
This should be the matrix of frobenius!
*/ 
B = A; 
/* Freed 166 lists. */
