/* Comments begin... 
Coefficient of   x^21 * y^1               = -1
Coefficient of   x^10 * y^2 * z^6         = 3
Coefficient of   x^8 * y^5 * z^5         = -2
Coefficient of   x^6 * y^8 * z^4         = 2
Coefficient of   x^4 * y^11 * z^3         = -2
Coefficient of   x^2 * y^14 * z^2         = 3
Coefficient of   x^1 * z^13               = 5
Coefficient of   y^17 * z^1               = 3

Here is the polynomial we're using this time:

-1*x^21*y^1 + 3*x^10*y^2*z^6 + -2*x^8*y^5*z^5 + 2*x^6*y^8*z^4 + -2*x^4*y^11*z^3 + 3*x^2*y^14*z^2 + 5*x^1*z^13 + 3*y^17*z^1

Allocate G_len 20 elements and old = 0.
Allocate M_len = 400 elements.
Allocate G_len 40 elements and old = 20.
Allocate M_len = 800 elements.
Allocate G_len 80 elements and old = 40.
Allocate M_len = 1600 elements.
Allocate M_len = 3200 elements.
Allocate G_len 160 elements and old = 80.
Allocate M_len = 6400 elements.
Allocate M_len = 12800 elements.
Allocate G_len 320 elements and old = 160.
The final length of G is 162
[10, 2, 5, 0]  	391	7 
[21, 0, 0, 0]  	399	7  <--- 1
[20, 1, 0, 0]  	403	7 
[8, 5, 5, 0]  	422	6 
[8, 8, 4, 0]  	460	7 
[6, 11, 4, 0]  	491	5 
[6, 14, 3, 0]  	529	7 
[5, 0, 15, 0]  	560	6 
[18, 5, 4, 0]  	581	12 
[14, 11, 3, 0]  	612	11 
[18, 8, 3, 0]  	619	11 
[11, 0, 14, 0]  	643	10 
[14, 14, 2, 0]  	650	10 
[18, 11, 2, 0]  	657	10 
[9, 3, 14, 0]  	674	9 
[12, 17, 2, 0]  	681	9 
[10, 19, 2, 0]  	689	9 
[9, 20, 2, 0]  	693	8 
[18, 14, 1, 0]  	695	9 
[7, 22, 2, 0]  	701	8 
[7, 6, 14, 0]  	705	8 
[8, 23, 1, 0]  	712	8 
[12, 20, 1, 0]  	719	8 
[7, 8, 13, 0]  	720	8 
[6, 9, 13, 0]  	724	7 
[17, 0, 13, 0]  	726	8 
[16, 17, 1, 0]  	726	8 
[10, 22, 1, 0]  	727	8 
[6, 8, 14, 0]  	732	7 
[5, 25, 2, 0]  	732	7 
[19, 0, 12, 0]  	733	8 
[14, 19, 1, 0]  	734	8 
[5, 9, 14, 0]  	736	7 
[7, 25, 1, 0]  	739	7 
[6, 26, 1, 0]  	743	7 
[8, 26, 0, 0]  	750	7 
[5, 11, 13, 0]  	751	7 
[4, 12, 13, 0]  	755	6 
[12, 23, 0, 0]  	757	7 
[6, 28, 0, 0]  	758	7 
[5, 29, 0, 0]  	762	6 
[4, 11, 14, 0]  	763	6 
[10, 25, 0, 0]  	765	7 
[4, 26, 3, 0]  	767	6 
[5, 28, 1, 0]  	770	6 
[4, 14, 12, 0]  	770	6 
[5, 24, 4, 0]  	771	6 
[14, 22, 0, 0]  	772	7 
[4, 29, 1, 0]  	774	6 
[19, 18, 0, 0]  	775	7 
[18, 19, 0, 0]  	779	7 
[5, 15, 11, 0]  	781	6 
[4, 28, 2, 0]  	782	6 
[3, 14, 13, 0]  	782	6 
[3, 29, 2, 0]  	786	5 
[4, 31, 0, 0]  	789	6 
[3, 32, 0, 0]  	793	5 
[5, 21, 7, 0]  	795	6 
[5, 17, 10, 0]  	796	6 
[4, 18, 10, 0]  	800	5 
[3, 31, 1, 0]  	801	5 
[3, 0, 24, 0]  	801	5 
[5, 20, 8, 0]  	803	6 
[17, 21, 0, 0]  	806	6 
[4, 25, 5, 0]  	806	6 
[4, 21, 8, 0]  	807	5 
[4, 17, 11, 0]  	808	5 
[5, 23, 6, 0]  	810	6 
[4, 1, 23, 0]  	812	5 
[4, 24, 6, 0]  	814	5 
[4, 20, 9, 0]  	815	5 
[4, 4, 21, 0]  	819	5 
[3, 17, 12, 0]  	820	5 
[4, 23, 7, 0]  	822	5 
[2, 18, 12, 0]  	824	4 
[4, 7, 19, 0]  	826	5 
[4, 3, 22, 0]  	827	5 
[3, 12, 16, 0]  	829	5 
[3, 4, 22, 0]  	831	4 
[4, 6, 20, 0]  	834	5 
[3, 11, 17, 0]  	837	5 
[3, 7, 20, 0]  	838	4 
[3, 3, 23, 0]  	839	4 
[4, 9, 18, 0]  	841	5 
[2, 35, 0, 0]  	843	4 
[3, 10, 18, 0]  	845	4 
[3, 6, 21, 0]  	846	4 
[3, 21, 10, 0]  	850	4 
[3, 9, 19, 0]  	853	4 
[3, 28, 5, 0]  	856	5 
[3, 24, 8, 0]  	857	4 
[3, 20, 11, 0]  	858	4 
[2, 29, 5, 0]  	860	4 
[2, 21, 11, 0]  	862	3 
[3, 27, 6, 0]  	864	4 
[3, 23, 9, 0]  	865	4 
[2, 28, 6, 0]  	868	4 
[2, 24, 9, 0]  	869	3 
[3, 26, 7, 0]  	872	4 
[2, 4, 24, 0]  	874	4 
[2, 31, 4, 0]  	875	5 
[2, 27, 7, 0]  	876	3 
[2, 23, 10, 0]  	877	3 
[2, 15, 16, 0]  	879	4 
[2, 7, 22, 0]  	881	3 
[2, 26, 8, 0]  	884	3 
[2, 14, 17, 0]  	887	4 
[2, 10, 20, 0]  	888	3 
[1, 15, 17, 0]  	891	3 
[1, 38, 0, 0]  	893	3 
[2, 13, 18, 0]  	895	3 
[2, 9, 21, 0]  	896	3 
[2, 1, 27, 0]  	898	4 
[1, 14, 18, 0]  	899	3 
[1, 10, 21, 0]  	900	2 
[2, 12, 19, 0]  	903	3 
[2, 0, 28, 0]  	906	4 
[1, 13, 19, 0]  	907	2 
[1, 32, 5, 0]  	910	3 
[1, 12, 20, 0]  	915	2 
[1, 31, 6, 0]  	918	3 
[1, 27, 9, 0]  	919	2 
[0, 32, 6, 0]  	922	2 
[1, 18, 16, 0]  	929	3 
[0, 31, 7, 0]  	930	2 
[1, 29, 8, 0]  	934	2 
[0, 30, 8, 0]  	938	1 
[1, 1, 29, 0]  	941	2 
[1, 24, 12, 0]  	943	3 
[1, 35, 4, 0]  	948	3 
[0, 1, 30, 0]  	953	1 
[0, 16, 19, 0]  	957	1 
[0, 35, 5, 0]  	960	2 
[0, 0, 31, 0]  	961	1  <--- 3
[1, 21, 15, 0]  	967	3 
[0, 18, 18, 0]  	972	1 
[1, 4, 28, 0]  	979	2 
[0, 4, 29, 0]  	991	1 
[0, 38, 4, 0]  	998	2 
[0, 21, 17, 0]  	1010	1 
[0, 44, 0, 0]  	1012	2  <--- 2
[1, 7, 27, 0]  	1017	2 
[0, 7, 28, 0]  	1029	1 
[0, 41, 3, 0]  	1036	2 
[0, 24, 16, 0]  	1048	1 
[0, 10, 27, 0]  	1067	1 
[0, 27, 15, 0]  	1086	1 
[0, 13, 26, 0]  	1105	1 
[15, 0, 13, 1]  	688	9 
[16, 20, 0, 1]  	764	7 
[5, 18, 9, 1]  	788	6 
[2, 32, 1, 1]  	805	5 
[4, 10, 17, 1]  	833	5 
[1, 30, 7, 1]  	926	2 
[1, 0, 30, 1]  	949	2 
[14, 17, 1, 29]  	688	7 
[5, 21, 6, 29]  	764	5 
[4, 24, 5, 29]  	783	3 
[4, 4, 20, 29]  	788	5 
[2, 1, 24, 29]  	805	4 
[3, 27, 5, 29]  	833	3 
[0, 16, 18, 29]  	926	1 
------
The gap is between 2 and 28.
Lengths: 3 3 5 5 3 3.
For 982 = 5*d/2-d1-d2-d3 you get 3 in char 0.
1*x^1*y^23*z^14
1*y^40*z^2
1*y^9*z^25

For 560 = 3*d/2-d1-d2-d3 you get 5 in char 0.
1*x^4*y^17*z^3
1*x^3*y^3*z^14
1*x^2*y^20*z^2
1*x^1*y^6*z^13
1*y^23*z^1

For 138 = d/2-d1-d2-d3 you get 3 in char 0.
1*x^4*z^2
1*x^2*y^3*z^1
1*y^6

Extra powers of p used 0.
The invariant extra is equal to 1.
Start computing 11^3 Delta^1 (x1x2x3)^10... Done.
Start computing 11^4 Delta^2 (x1x2x3)^10... Done.
Start computing 11^5 Delta^3 (x1x2x3)^10... Done.
Start computing 11^6 Delta^4 (x1x2x3)^10... Done.
Start computing 11^7 Delta^5 (x1x2x3)^10... Done.
Start computing 11^8 Delta^6 (x1x2x3)^10... Done.
Start computing 11^9 Delta^7 (x1x2x3)^10... Done.
Start computing aa.
1 2 3 4 5 6 7 8 9 10 11 
*/
A = \
[527713464731139415138796563145,16263235781593009257017538464,898606179331326753851735733244,26745022142901460549224551071,1172955761022751599664947769439,1113438778830120846480829297318,916524059314540586158067115836,1077628894836155259921958861765,1454242209802680672038089529434,443775165145511052687117500865,1452748836822272071488678530489;\
719590413773772054338538975700,1453452818728982708539152396842,906702357409716607194842608357,559571951788191172496004978232,1047063642395650534042930387307,1452733130493133014816374204076,308322857826580884210147076292,1388600869482206555738862598299,802938285042586499878668671822,945243657601433366319244229557,946040437302350509108245344682;\
861489811644381700004529362612,1104318167587296468873437243276,1302241877856096222902305488431,493856287885470596424294699050,452643965634234682931175209602,674638260492007129052569354289,6211123557470650611829338082,1228883229728708004279423784354,1159167575806298840610467917102,1346311533609940717608857679028,191781869255205246893655847936;\
267591626361195189725107748248,601177068510202628426341018552,1082594062643904430335454597005,634296192048503055128493424186,1487625189155614923509272652178,582264821574282997286250084795,1247703147778798247238172188542,611376182762840336610437243003,175024411724339824826738420796,1000863693587871095212410830034,491448394307665409844718437553;\
1140716232625755551263605690239,878772359328115747341293141003,1201111378217182572969817640493,48268698290397139752431751693,793429654703826689234815269910,1001707190173583002985976715417,126633624059587928484886297459,1444098438994711744641112662980,933093844385223633001397725492,456684189417061385833966668558,1082265740963085256491744179602;\
167135760065970077103345432280,308067767436499095845041320137,142386197418119258040977670258,165165516666184698340088708505,1018240952854020223065615542753,176806698672995334611119860925,996791189306101572878714337118,1545434615060169072570256380389,1546962283972660247184976282744,155160945572156775603541316105,1003041402135165942828674480712;\
1436832182650972336300295329005,553488556933174570182180944694,1093793392859314339335869516269,1077737387371668182465872726754,833310221552177073428189608054,598312660891120420965240366648,907058790857109276762172847314,1267748147491305644480720873821,688772668431517565468082536378,358709974954674800827555236557,824851276757760780527547802980;\
154056513426301206929282975243,477531008867073164809854113522,949250335663291752838247788884,618641187882806899946160136507,420706057483621601546641685074,1251916376252636655692162768946,1450004666673169311905771009197,1326986071655932901859856848011,1209416009889816693069018053965,867662005732074119229051764441,1081976033169770236138235125685;\
1280283925452341075114529979015,220046908158770088558755373796,486927813558691783289843625159,967407879223115553283972916609,625137139658520040887552719370,74163388514149462998164272798,1550163543912491368954174718362,727217117008759614336646516332,363605705414882002542620975715,1026284668942642600213571881120,323757688926366691891046208144;\
1064993120689655767690953123607,1147760903837340384794575633310,1021611903774387440871040494805,174210979879680887459194378005,1003330553420857421592443614509,312809092225329663407191957143,1344865188092853668801079740308,499857509405081223301427254997,396628895675295618516965901293,719078972122901122038970760954,287713455545176465869659823789;\
38941208941790772558802039891,1009390615252269071089416290260,1062428820390871897685329085258,1137036742507181713599824955192,825266229075339176138548201326,87383862431303040419529919184,190011474401114614435720911400,186584326919694396532350842617,58291841691187287145796798294,337490227392533889660382318483,755998926627464199236904917295]
/* 
This should be the matrix of frobenius!
*/ 
B = A; 
/* Freed 166 lists. */
