/* Comments begin... 
Coefficient of   x^21 * y^1               = 2
Coefficient of   x^10 * y^2 * z^6         = 1
Coefficient of   x^8 * y^5 * z^5         = 5
Coefficient of   x^6 * y^8 * z^4         = -4
Coefficient of   x^4 * y^11 * z^3         = 5
Coefficient of   x^2 * y^14 * z^2         = 1
Coefficient of   x^1 * z^13               = 3
Coefficient of   y^17 * z^1               = 5

Here is the polynomial we're using this time:

2*x^21*y^1 + 1*x^10*y^2*z^6 + 5*x^8*y^5*z^5 + -4*x^6*y^8*z^4 + 5*x^4*y^11*z^3 + 1*x^2*y^14*z^2 + 3*x^1*z^13 + 5*y^17*z^1

Allocate G_len 20 elements and old = 0.
Allocate M_len = 400 elements.
Allocate G_len 40 elements and old = 20.
Allocate M_len = 800 elements.
Allocate G_len 80 elements and old = 40.
Allocate M_len = 1600 elements.
Allocate M_len = 3200 elements.
Allocate G_len 160 elements and old = 80.
Allocate M_len = 6400 elements.
Allocate M_len = 12800 elements.
Allocate G_len 320 elements and old = 160.
The final length of G is 172
[10, 2, 5, 0]  	391	7 
[21, 0, 0, 0]  	399	7  <--- 1
[20, 1, 0, 0]  	403	7 
[8, 5, 5, 0]  	422	6 
[8, 8, 4, 0]  	460	7 
[6, 11, 4, 0]  	491	6 
[6, 14, 3, 0]  	529	7 
[5, 0, 15, 0]  	560	6 
[18, 5, 4, 0]  	581	12 
[14, 11, 3, 0]  	612	11 
[18, 8, 3, 0]  	619	11 
[11, 0, 14, 0]  	643	10 
[14, 14, 2, 0]  	650	10 
[18, 11, 2, 0]  	657	10 
[9, 3, 14, 0]  	674	9 
[12, 17, 2, 0]  	681	9 
[15, 0, 13, 0]  	688	9 
[10, 19, 2, 0]  	689	9 
[9, 20, 2, 0]  	693	8 
[18, 14, 1, 0]  	695	9 
[8, 23, 1, 0]  	712	8 
[12, 20, 1, 0]  	719	8 
[8, 22, 2, 0]  	720	8 
[7, 8, 13, 0]  	720	8 
[7, 23, 2, 0]  	724	7 
[6, 9, 13, 0]  	724	7 
[16, 17, 1, 0]  	726	8 
[10, 22, 1, 0]  	727	8 
[6, 8, 14, 0]  	732	8 
[19, 0, 12, 0]  	733	8 
[14, 19, 1, 0]  	734	8 
[5, 9, 14, 0]  	736	7 
[6, 26, 1, 0]  	743	7 
[8, 26, 0, 0]  	750	7 
[6, 25, 2, 0]  	751	7 
[5, 11, 13, 0]  	751	7 
[5, 26, 2, 0]  	755	6 
[4, 12, 13, 0]  	755	6 
[12, 23, 0, 0]  	757	7 
[6, 28, 0, 0]  	758	7 
[5, 29, 0, 0]  	762	6 
[5, 25, 3, 0]  	763	6 
[4, 11, 14, 0]  	763	6 
[10, 25, 0, 0]  	765	7 
[4, 26, 3, 0]  	767	6 
[5, 28, 1, 0]  	770	6 
[4, 14, 12, 0]  	770	6 
[5, 24, 4, 0]  	771	6 
[14, 22, 0, 0]  	772	7 
[4, 29, 1, 0]  	774	6 
[19, 18, 0, 0]  	775	7 
[18, 19, 0, 0]  	779	7 
[5, 15, 11, 0]  	781	6 
[4, 28, 2, 0]  	782	6 
[3, 14, 13, 0]  	782	6 
[3, 29, 2, 0]  	786	5 
[5, 18, 9, 0]  	788	6 
[4, 31, 0, 0]  	789	6 
[3, 32, 0, 0]  	793	5 
[5, 21, 7, 0]  	795	6 
[5, 17, 10, 0]  	796	6 
[4, 18, 10, 0]  	800	5 
[3, 31, 1, 0]  	801	5 
[3, 0, 24, 0]  	801	5 
[5, 20, 8, 0]  	803	6 
[2, 32, 1, 0]  	805	5 
[17, 21, 0, 0]  	806	6 
[4, 25, 5, 0]  	806	6 
[4, 21, 8, 0]  	807	5 
[4, 17, 11, 0]  	808	5 
[5, 23, 6, 0]  	810	6 
[4, 1, 23, 0]  	812	5 
[4, 24, 6, 0]  	814	5 
[4, 20, 9, 0]  	815	5 
[4, 4, 21, 0]  	819	5 
[3, 17, 12, 0]  	820	5 
[4, 23, 7, 0]  	822	5 
[2, 18, 12, 0]  	824	4 
[4, 7, 19, 0]  	826	5 
[4, 3, 22, 0]  	827	5 
[3, 12, 16, 0]  	829	5 
[3, 4, 22, 0]  	831	4 
[4, 10, 17, 0]  	833	5 
[4, 6, 20, 0]  	834	5 
[3, 7, 20, 0]  	838	4 
[3, 3, 23, 0]  	839	4 
[4, 9, 18, 0]  	841	5 
[2, 35, 0, 0]  	843	4 
[3, 6, 21, 0]  	846	4 
[3, 21, 10, 0]  	850	4 
[3, 9, 19, 0]  	853	4 
[3, 28, 5, 0]  	856	5 
[3, 24, 8, 0]  	857	4 
[3, 20, 11, 0]  	858	4 
[2, 29, 5, 0]  	860	4 
[2, 21, 11, 0]  	862	3 
[3, 27, 6, 0]  	864	4 
[2, 28, 6, 0]  	868	4 
[2, 24, 9, 0]  	869	3 
[3, 26, 7, 0]  	872	4 
[2, 4, 24, 0]  	874	4 
[2, 31, 4, 0]  	875	5 
[2, 27, 7, 0]  	876	3 
[2, 23, 10, 0]  	877	3 
[2, 15, 16, 0]  	879	4 
[2, 7, 22, 0]  	881	3 
[2, 26, 8, 0]  	884	3 
[2, 14, 17, 0]  	887	4 
[2, 10, 20, 0]  	888	3 
[1, 15, 17, 0]  	891	3 
[1, 38, 0, 0]  	893	3 
[2, 13, 18, 0]  	895	3 
[2, 9, 21, 0]  	896	3 
[2, 1, 27, 0]  	898	4 
[1, 14, 18, 0]  	899	3 
[2, 12, 19, 0]  	903	3 
[2, 0, 28, 0]  	906	4 
[1, 13, 19, 0]  	907	2 
[1, 32, 5, 0]  	910	3 
[1, 31, 6, 0]  	918	3 
[1, 27, 9, 0]  	919	2 
[0, 32, 6, 0]  	922	2 
[1, 30, 7, 0]  	926	2 
[0, 31, 7, 0]  	930	2 
[1, 29, 8, 0]  	934	2 
[0, 30, 8, 0]  	938	1 
[1, 1, 29, 0]  	941	2 
[1, 24, 12, 0]  	943	3 
[1, 35, 4, 0]  	948	3 
[1, 0, 30, 0]  	949	2 
[0, 1, 30, 0]  	953	1 
[0, 16, 19, 0]  	957	1 
[0, 35, 5, 0]  	960	2 
[0, 0, 31, 0]  	961	1  <--- 3
[1, 21, 15, 0]  	967	3 
[0, 18, 18, 0]  	972	1 
[1, 4, 28, 0]  	979	2 
[0, 4, 29, 0]  	991	1 
[0, 38, 4, 0]  	998	2 
[0, 21, 17, 0]  	1010	1 
[0, 44, 0, 0]  	1012	2  <--- 2
[1, 7, 27, 0]  	1017	2 
[0, 7, 28, 0]  	1029	1 
[0, 41, 3, 0]  	1036	2 
[0, 24, 16, 0]  	1048	1 
[0, 10, 27, 0]  	1067	1 
[0, 27, 15, 0]  	1086	1 
[0, 13, 26, 0]  	1105	1 
[7, 22, 2, 1]  	701	8 
[7, 6, 14, 1]  	705	8 
[7, 25, 1, 1]  	739	7 
[16, 20, 0, 1]  	764	7 
[3, 11, 17, 1]  	837	5 
[3, 10, 18, 1]  	845	4 
[3, 23, 9, 1]  	865	4 
[1, 10, 21, 1]  	900	2 
[1, 12, 20, 1]  	915	2 
[1, 18, 16, 1]  	929	3 
[5, 25, 2, 2]  	732	7 
[4, 11, 13, 28]  	732	6 
[6, 8, 13, 29]  	701	6 
[6, 23, 2, 29]  	705	5 
[5, 28, 0, 29]  	739	6 
[5, 21, 6, 29]  	764	6 
[4, 24, 5, 29]  	783	5 
[2, 28, 5, 29]  	837	4 
[2, 27, 6, 29]  	845	3 
[2, 9, 20, 29]  	865	3 
[1, 14, 17, 29]  	868	3 
[0, 27, 9, 29]  	900	1 
[0, 29, 8, 29]  	915	1 
[0, 35, 4, 29]  	929	2 
------
The gap is between 3 and 27.
Lengths: 3 3 5 5 3 3.
For 982 = 5*d/2-d1-d2-d3 you get 3 in char 0.
1*x^1*y^23*z^14
1*y^40*z^2
1*y^9*z^25

For 560 = 3*d/2-d1-d2-d3 you get 5 in char 0.
1*x^4*y^17*z^3
1*x^3*y^3*z^14
1*x^2*y^20*z^2
1*x^1*y^6*z^13
1*y^23*z^1

For 138 = d/2-d1-d2-d3 you get 3 in char 0.
1*x^4*z^2
1*x^2*y^3*z^1
1*y^6

Extra powers of p used 0.
The invariant extra is equal to 1.
Start computing 11^3 Delta^1 (x1x2x3)^10... Done.
Start computing 11^4 Delta^2 (x1x2x3)^10... Done.
Start computing 11^5 Delta^3 (x1x2x3)^10... Done.
Start computing 11^6 Delta^4 (x1x2x3)^10... Done.
Start computing 11^7 Delta^5 (x1x2x3)^10... Done.
Start computing 11^8 Delta^6 (x1x2x3)^10... Done.
Start computing 11^9 Delta^7 (x1x2x3)^10... Done.
Start computing aa.
1 2 3 4 5 6 7 8 9 10 11 
*/
A = \
[554254997203669911680308473648,884126440121803162437422664216,728961492314887152146357689560,816312131731186246934597813807,436686126620030449280454944685,509236840925933002454685254999,669008632279620478897985929457,1250639337020029475977085488806,1146293185996519253114381941278,536165206446974115438670029952,810141354473125047352633977994;\
324068918223528908965563034185,1543047979890399083383207383526,1093666483144813420587807104124,743431366307569759352180302600,209526444581396751718361713019,1450482328725450829391446363874,417390704569247616286351517069,1441736514911925423458263389998,865165177261037936515112676070,80445354093602469023241648767,482210678885192552111521806442;\
499320152019687483524414960419,1392272119540029989919760243173,373233262498437431153667613486,1174355559742119293219006162848,1553737237192259431595747572064,444444023528834194820533262816,1135069053175176865499913840659,220278945511582159970597343008,477146010803235094853553361703,1040658442254890535353547836027,1109996967990728974317760003625;\
1415792215934366983322525639657,247988339932809431048962012333,1102967508150393469225617761114,496697798832370668447610682228,166637175974262230924983660903,180375809240513899404919199552,404135799728720426639700365542,1567800820167046290162700664675,959197473568023029701727755994,1464889279696875603534054491763,1505333833703864764131967902874;\
805762984462422096156981854266,1074581702031505005798159355140,1223274468685229034208401662544,240066577525619763202579065848,1502570553574309730819705351603,623343737470992339226664534339,571926769492710575850089508523,66145539237117925116441217341,386514661504111214142209393923,550267543100643485955680191415,1564506199282521257315713435803;\
778010584991675483165152859730,1537183080029566884852266304230,1391450243077198685953107094394,1136508237531231118602551392923,765231911554113684708694332094,221848008270582298629742804548,145939773148677743371440243962,290583253193231660313257477586,1223037870353592616863448868883,133387396007622624462198559769,286375339091173289838944793400;\
282903118915607509750720231738,190195027430502946893518226502,824034193978616534090147381962,591930096102465342089521234284,619646688471700499782157416662,539117778642741904233104835776,1054258810392206986340875440856,1385351622908490614982291107190,689678869456699681027199260838,1463470465474376596348678002601,1023529182315506910356624461909;\
177499054346240506111166207433,318868346914339010495776476815,665375708127410799953778885435,265677007802653735743931920862,39046423452363492296396507319,571875595801363906867298392458,149185234536065750502519259550,310161044827997758753005237106,268962206143882451358864168749,33480729114633740094585589247,386443490128831065713957644602;\
1443514294591878363948709083770,1367498398025166795342287656001,520767019459385786105580147390,622206330778100890822433714611,754788562024987177923824624739,1119752302827812976839471838785,297262194571962574547937383160,460235720582911008887085550880,803016887711965940538891184841,608734753782416045326051387460,801528303670550463252363548342;\
1371050498742393939996587416942,201020986796745446847587414762,646130462798578746160026490316,1480945548276752000403817172866,1108877370696099718617200154110,1246272085659192632023568936549,687423856865890368887288461594,747619761833588619197292323583,864109310786918604491058485565,586258752309459042291001635507,1141789310080707316328614365392;\
222880349679844253823675140877,237601572616903549027708901136,629149628184443188353504855374,910571513079748825459319448206,1501307757660041050447032787768,770664913658893114470353584576,712115999518796777971303155303,635273070652785170001038142907,31174698270009128235468487464,376070070777163529708310069602,974501170057504262915001558408]
/* 
This should be the matrix of frobenius!
*/ 
B = A; 
/* Freed 167 lists. */
