/* Comments begin... 
Coefficient of   x^21 * y^1               = 0
Coefficient of   x^10 * y^2 * z^6         = -1
Coefficient of   x^8 * y^5 * z^5         = -3
Coefficient of   x^6 * y^8 * z^4         = -2
Coefficient of   x^4 * y^11 * z^3         = 1
Coefficient of   x^2 * y^14 * z^2         = -4
Coefficient of   x^1 * z^13               = 4
Coefficient of   y^17 * z^1               = 3

Here is the polynomial we're using this time:

-1*x^10*y^2*z^6 + -3*x^8*y^5*z^5 + -2*x^6*y^8*z^4 + 1*x^4*y^11*z^3 + -4*x^2*y^14*z^2 + 4*x^1*z^13 + 3*y^17*z^1

Allocate G_len 20 elements and old = 0.
Allocate M_len = 400 elements.
Allocate G_len 40 elements and old = 20.
Allocate M_len = 800 elements.
Allocate G_len 80 elements and old = 40.
Allocate M_len = 1600 elements.
Allocate M_len = 3200 elements.
Not smooth!
Coefficient of   x^21 * y^1               = 5
Coefficient of   x^10 * y^2 * z^6         = 5
Coefficient of   x^8 * y^5 * z^5         = 5
Coefficient of   x^6 * y^8 * z^4         = -4
Coefficient of   x^4 * y^11 * z^3         = 5
Coefficient of   x^2 * y^14 * z^2         = 0
Coefficient of   x^1 * z^13               = -1
Coefficient of   y^17 * z^1               = 4

Here is the polynomial we're using this time:

5*x^21*y^1 + 5*x^10*y^2*z^6 + 5*x^8*y^5*z^5 + -4*x^6*y^8*z^4 + 5*x^4*y^11*z^3 + -1*x^1*z^13 + 4*y^17*z^1

Allocate G_len 160 elements and old = 80.
Allocate M_len = 6400 elements.
Allocate M_len = 12800 elements.
Allocate G_len 320 elements and old = 160.
The final length of G is 158
[10, 2, 5, 0]  	391	6 
[21, 0, 0, 0]  	399	6  <--- 1
[20, 1, 0, 0]  	403	6 
[8, 5, 5, 0]  	422	5 
[8, 8, 4, 0]  	460	7 
[6, 11, 4, 0]  	491	6 
[6, 14, 3, 0]  	529	7 
[5, 0, 15, 0]  	560	6 
[18, 5, 4, 0]  	581	10 
[14, 11, 3, 0]  	612	10 
[18, 8, 3, 0]  	619	10 
[11, 0, 14, 0]  	643	9 
[14, 14, 2, 0]  	650	10 
[18, 11, 2, 0]  	657	9 
[9, 3, 14, 0]  	674	8 
[12, 17, 2, 0]  	681	9 
[15, 0, 13, 0]  	688	8 
[10, 19, 2, 0]  	689	9 
[9, 20, 2, 0]  	693	7 
[17, 0, 12, 0]  	695	8 
[7, 22, 2, 0]  	701	7 
[7, 6, 14, 0]  	705	7 
[8, 23, 1, 0]  	712	8 
[12, 20, 1, 0]  	719	8 
[7, 8, 13, 0]  	720	8 
[6, 9, 13, 0]  	724	6 
[10, 22, 1, 0]  	727	8 
[6, 8, 14, 0]  	732	7 
[5, 25, 2, 0]  	732	7 
[14, 19, 1, 0]  	734	7 
[5, 9, 14, 0]  	736	7 
[7, 25, 1, 0]  	739	7 
[16, 19, 0, 0]  	741	7 
[6, 26, 1, 0]  	743	7 
[8, 26, 0, 0]  	750	7 
[4, 12, 13, 0]  	755	6 
[6, 28, 0, 0]  	758	7 
[5, 29, 0, 0]  	762	6 
[4, 11, 14, 0]  	763	6 
[10, 25, 0, 0]  	765	7 
[4, 26, 3, 0]  	767	6 
[5, 28, 1, 0]  	770	6 
[4, 14, 12, 0]  	770	6 
[5, 24, 4, 0]  	771	6 
[4, 29, 1, 0]  	774	6 
[19, 18, 0, 0]  	775	7 
[5, 15, 11, 0]  	781	6 
[4, 28, 2, 0]  	782	6 
[3, 14, 13, 0]  	782	6 
[3, 29, 2, 0]  	786	5 
[4, 23, 6, 0]  	791	5 
[3, 32, 0, 0]  	793	5 
[5, 17, 10, 0]  	796	6 
[4, 18, 10, 0]  	800	5 
[3, 31, 1, 0]  	801	5 
[3, 0, 24, 0]  	801	5 
[2, 32, 1, 0]  	805	5 
[4, 25, 5, 0]  	806	6 
[4, 21, 8, 0]  	807	5 
[4, 17, 11, 0]  	808	5 
[4, 1, 23, 0]  	812	5 
[4, 20, 9, 0]  	815	5 
[4, 4, 21, 0]  	819	5 
[3, 17, 12, 0]  	820	5 
[2, 18, 12, 0]  	824	4 
[4, 7, 19, 0]  	826	5 
[4, 3, 22, 0]  	827	5 
[3, 12, 16, 0]  	829	5 
[3, 4, 22, 0]  	831	4 
[4, 10, 17, 0]  	833	5 
[4, 6, 20, 0]  	834	5 
[15, 24, 0, 0]  	837	5 
[3, 11, 17, 0]  	837	5 
[3, 7, 20, 0]  	838	4 
[3, 3, 23, 0]  	839	4 
[4, 9, 18, 0]  	841	5 
[2, 35, 0, 0]  	843	4 
[3, 10, 18, 0]  	845	4 
[3, 6, 21, 0]  	846	4 
[3, 21, 10, 0]  	850	4 
[3, 9, 19, 0]  	853	4 
[3, 28, 5, 0]  	856	5 
[3, 20, 11, 0]  	858	4 
[2, 29, 5, 0]  	860	4 
[2, 21, 11, 0]  	862	3 
[3, 27, 6, 0]  	864	4 
[3, 23, 9, 0]  	865	4 
[2, 28, 6, 0]  	868	4 
[2, 24, 9, 0]  	869	3 
[3, 26, 7, 0]  	872	4 
[2, 4, 24, 0]  	874	4 
[2, 31, 4, 0]  	875	5 
[2, 27, 7, 0]  	876	3 
[2, 23, 10, 0]  	877	3 
[2, 15, 16, 0]  	879	4 
[2, 7, 22, 0]  	881	3 
[2, 26, 8, 0]  	884	3 
[2, 14, 17, 0]  	887	4 
[2, 10, 20, 0]  	888	3 
[1, 15, 17, 0]  	891	3 
[1, 38, 0, 0]  	893	3 
[2, 13, 18, 0]  	895	3 
[2, 9, 21, 0]  	896	3 
[2, 1, 27, 0]  	898	4 
[1, 14, 18, 0]  	899	3 
[1, 10, 21, 0]  	900	2 
[2, 12, 19, 0]  	903	3 
[2, 0, 28, 0]  	906	4 
[1, 13, 19, 0]  	907	2 
[1, 12, 20, 0]  	915	2 
[1, 31, 6, 0]  	918	3 
[1, 27, 9, 0]  	919	2 
[0, 32, 6, 0]  	922	2 
[1, 30, 7, 0]  	926	2 
[1, 18, 16, 0]  	929	3 
[1, 29, 8, 0]  	934	2 
[0, 30, 8, 0]  	938	1 
[1, 24, 12, 0]  	943	3 
[1, 35, 4, 0]  	948	3 
[1, 0, 30, 0]  	949	2 
[0, 1, 30, 0]  	953	1 
[0, 16, 19, 0]  	957	1 
[0, 35, 5, 0]  	960	2 
[0, 0, 31, 0]  	961	1  <--- 3
[1, 21, 15, 0]  	967	3 
[0, 18, 18, 0]  	972	1 
[0, 4, 29, 0]  	991	1 
[0, 38, 4, 0]  	998	2 
[0, 21, 17, 0]  	1010	1 
[0, 44, 0, 0]  	1012	2  <--- 2
[1, 7, 27, 0]  	1017	2 
[0, 7, 28, 0]  	1029	1 
[0, 41, 3, 0]  	1036	2 
[0, 24, 16, 0]  	1048	1 
[0, 10, 27, 0]  	1067	1 
[0, 27, 15, 0]  	1086	1 
[0, 13, 26, 0]  	1105	1 
[16, 17, 1, 1]  	726	7 
[5, 11, 13, 1]  	751	7 
[12, 23, 0, 1]  	757	7 
[5, 20, 7, 1]  	772	6 
[5, 18, 9, 1]  	788	6 
[4, 31, 0, 1]  	789	6 
[3, 24, 8, 1]  	857	4 
[1, 32, 5, 1]  	910	3 
[0, 31, 7, 1]  	930	2 
[1, 1, 29, 1]  	941	2 
[1, 4, 28, 1]  	979	2 
[4, 7, 18, 28]  	795	5 
[4, 4, 18, 29]  	726	5 
[4, 21, 6, 29]  	745	5 
[4, 28, 1, 29]  	751	5 
[4, 24, 5, 29]  	783	5 
[4, 0, 23, 29]  	789	5 
[3, 10, 17, 29]  	814	4 
[2, 10, 19, 29]  	857	3 
[0, 18, 16, 29]  	910	1 
[0, 0, 30, 29]  	930	1 
------
The gap is between 2 and 27.
Lengths: 3 3 5 5 3 3.
For 982 = 5*d/2-d1-d2-d3 you get 3 in char 0.
1*x^1*y^23*z^14
1*y^40*z^2
1*y^9*z^25

For 560 = 3*d/2-d1-d2-d3 you get 5 in char 0.
1*x^4*y^17*z^3
1*x^3*y^3*z^14
1*x^2*y^20*z^2
1*x^1*y^6*z^13
1*y^23*z^1

For 138 = d/2-d1-d2-d3 you get 3 in char 0.
1*x^4*z^2
1*x^2*y^3*z^1
1*y^6

Extra powers of p used 0.
The invariant extra is equal to 1.
Start computing 11^3 Delta^1 (x1x2x3)^10... Done.
Start computing 11^4 Delta^2 (x1x2x3)^10... Done.
Start computing 11^5 Delta^3 (x1x2x3)^10... Done.
Start computing 11^6 Delta^4 (x1x2x3)^10... Done.
Start computing 11^7 Delta^5 (x1x2x3)^10... Done.
Start computing 11^8 Delta^6 (x1x2x3)^10... Done.
Start computing 11^9 Delta^7 (x1x2x3)^10... Done.
Start computing aa.
1 2 3 4 5 6 7 8 9 10 11 
*/
A = \
[450452187032649503149836612966,1432729694422081239167762078557,1531789331986760552848486917279,714007591959470095854307636918,138466416436569848436618271001,733928793404645968329475849992,314991046634647899538069046802,1423477208208541978572085781897,156179058030968602999820242627,87410766972085037842194151483,1489292972964643820326118378569;\
63197655160005241694646527388,540666291647462804380238111348,1264391342038138461765993115704,1548106305032007742671743384016,489939360436283716123753767311,77687594469545701711649106132,597060462275144852673749548301,1129447878067284640117327404066,1266663145647147886563015364681,857019214035891250178401800816,64255666497869439497552380953;\
1573012336932083406258951576089,156158576290058447617890719972,716146573008593329445816778806,518515308520783837172310199557,43265101859855741401650365801,365051518111262687798678379069,510155118230763466003278436085,218455987047697222811696120797,490303872689116856892497932572,1060305258341594796447369330636,356275329184900033757154075572;\
815295597314565117631585162545,1369933087343641598886083275005,671900614756034854632811928452,16372284914832351543139550944,213573640288333623478971610292,1166420049882751027916682362056,452045282175521970518934903893,229751129791671044721903746656,1084490576504328911404079766404,55956152281690442586140833915,1058921010619797324893682495993;\
444716145433824364708933409004,1294579065125508936549024097838,916951881977726706881423214534,221554807438615281063000022136,403945048666208883107568170316,1463355670732093312858647042013,718983858298741801228806527382,777020837909121816563979461222,61596578461010177157007328366,1268227747359419595333860027907,1019976949420792923842944976897;\
812394239831908083287134980793,755435716261395725000505794336,544329839174725783377113659371,1212447624535303477973393834499,1257254648787804987016254059348,166277582915276806559196549180,515180291427741707826032244666,357151977960381222465217780915,570570920863082996535928067786,744533515761658307134743123985,475757233176502254004375331522;\
537178887148132368982429053333,1145361175500743062983627566136,194636960142190315239377092288,1582557570544593760345631140782,1472667584840053364719732466581,1514812352679630861993286521404,452330132523569053727726037153,505743729148500205349428378563,488368748506120836846969617448,1392529694544202190292890517713,1470819643955170015324080254475;\
1329590783134313360954599656665,1559050006395926163595156372311,178263471620002024603934955727,1329439361475631760334539297926,1059302958109048847744376329283,32396723905532906599087839761,777208551396738479495180848980,749270412799167781091821799845,85017350200864683491300802864,1010069214333818275771939833281,223384500493593202942197753734;\
615742198702803937424116169408,1033841286527360929085377242973,1475994543349693388921740791482,351124628152363502484325682646,1541759228403216514254165169215,1115212397387996207028987482631,1063350166844034021720734698193,405894327514412483592936434421,382540287013212615167313133976,110257186548926480889749885126,690639377074498648718628695780;\
1215716678116176989650639723012,1471665176695748886409040200711,1271434848787778883441457638936,1565465885636176737527594424034,412457573946259836795173332212,713876173706778730231839493326,201074400818930463019785866331,252225347498695286391851069191,661079386067036265722160211554,1412385777971406657679524983147,1581293175473256380462143743278;\
360772818194614836250721481547,8084737879251106588924930302,752275559765590467193531795654,699395068476586638767537665024,1265455181817533014089805124739,1377928089188069201241373297988,1225126496784674365232348289468,605266248632789486740543100511,1446397028163448207513663721802,1338931615751970084909827437224,672615018428829755856024966771]
/* 
This should be the matrix of frobenius!
*/ 
B = A; 
/* Freed 166 lists. */
