/* Comments begin... 
Coefficient of   x^21 * y^1               = -5
Coefficient of   x^10 * y^2 * z^6         = 2
Coefficient of   x^8 * y^5 * z^5         = 2
Coefficient of   x^6 * y^8 * z^4         = -2
Coefficient of   x^4 * y^11 * z^3         = 3
Coefficient of   x^2 * y^14 * z^2         = 3
Coefficient of   x^1 * z^13               = 1
Coefficient of   y^17 * z^1               = 0

Here is the polynomial we're using this time:

-5*x^21*y^1 + 2*x^10*y^2*z^6 + 2*x^8*y^5*z^5 + -2*x^6*y^8*z^4 + 3*x^4*y^11*z^3 + 3*x^2*y^14*z^2 + 1*x^1*z^13

Allocate G_len 20 elements and old = 0.
Allocate M_len = 400 elements.
Allocate G_len 40 elements and old = 20.
Allocate M_len = 800 elements.
Allocate G_len 80 elements and old = 40.
Allocate M_len = 1600 elements.
Allocate M_len = 3200 elements.
Allocate G_len 160 elements and old = 80.
Allocate M_len = 6400 elements.
Not smooth!
Coefficient of   x^21 * y^1               = 2
Coefficient of   x^10 * y^2 * z^6         = 4
Coefficient of   x^8 * y^5 * z^5         = 5
Coefficient of   x^6 * y^8 * z^4         = 2
Coefficient of   x^4 * y^11 * z^3         = 4
Coefficient of   x^2 * y^14 * z^2         = -3
Coefficient of   x^1 * z^13               = 4
Coefficient of   y^17 * z^1               = 2

Here is the polynomial we're using this time:

2*x^21*y^1 + 4*x^10*y^2*z^6 + 5*x^8*y^5*z^5 + 2*x^6*y^8*z^4 + 4*x^4*y^11*z^3 + -3*x^2*y^14*z^2 + 4*x^1*z^13 + 2*y^17*z^1

Allocate M_len = 12800 elements.
Allocate G_len 320 elements and old = 160.
The final length of G is 167
[10, 2, 5, 0]  	391	7 
[21, 0, 0, 0]  	399	7  <--- 1
[20, 1, 0, 0]  	403	7 
[8, 5, 5, 0]  	422	6 
[8, 8, 4, 0]  	460	7 
[6, 11, 4, 0]  	491	6 
[6, 14, 3, 0]  	529	7 
[5, 0, 15, 0]  	560	6 
[18, 5, 4, 0]  	581	12 
[14, 11, 3, 0]  	612	11 
[18, 8, 3, 0]  	619	11 
[11, 0, 14, 0]  	643	10 
[14, 14, 2, 0]  	650	10 
[18, 11, 2, 0]  	657	10 
[9, 3, 14, 0]  	674	9 
[12, 17, 2, 0]  	681	9 
[15, 0, 13, 0]  	688	9 
[10, 19, 2, 0]  	689	9 
[9, 20, 2, 0]  	693	8 
[18, 14, 1, 0]  	695	9 
[7, 22, 2, 0]  	701	8 
[7, 6, 14, 0]  	705	8 
[8, 23, 1, 0]  	712	8 
[12, 20, 1, 0]  	719	8 
[6, 9, 13, 0]  	724	7 
[16, 17, 1, 0]  	726	8 
[10, 22, 1, 0]  	727	8 
[6, 8, 14, 0]  	732	8 
[19, 0, 12, 0]  	733	8 
[14, 19, 1, 0]  	734	8 
[5, 9, 14, 0]  	736	7 
[7, 25, 1, 0]  	739	7 
[6, 26, 1, 0]  	743	7 
[8, 26, 0, 0]  	750	7 
[6, 25, 2, 0]  	751	7 
[5, 11, 13, 0]  	751	7 
[5, 26, 2, 0]  	755	6 
[4, 12, 13, 0]  	755	6 
[12, 23, 0, 0]  	757	7 
[6, 28, 0, 0]  	758	7 
[5, 29, 0, 0]  	762	6 
[5, 25, 3, 0]  	763	6 
[4, 11, 14, 0]  	763	6 
[10, 25, 0, 0]  	765	7 
[4, 26, 3, 0]  	767	6 
[5, 28, 1, 0]  	770	6 
[4, 14, 12, 0]  	770	6 
[5, 24, 4, 0]  	771	6 
[14, 22, 0, 0]  	772	7 
[4, 29, 1, 0]  	774	6 
[19, 18, 0, 0]  	775	7 
[18, 19, 0, 0]  	779	7 
[5, 15, 11, 0]  	781	6 
[4, 28, 2, 0]  	782	6 
[3, 14, 13, 0]  	782	6 
[3, 29, 2, 0]  	786	5 
[5, 18, 9, 0]  	788	6 
[4, 31, 0, 0]  	789	6 
[3, 32, 0, 0]  	793	5 
[4, 18, 10, 0]  	800	5 
[3, 31, 1, 0]  	801	5 
[3, 0, 24, 0]  	801	5 
[5, 20, 8, 0]  	803	6 
[2, 32, 1, 0]  	805	5 
[17, 21, 0, 0]  	806	6 
[4, 25, 5, 0]  	806	6 
[4, 21, 8, 0]  	807	5 
[4, 17, 11, 0]  	808	5 
[4, 1, 23, 0]  	812	5 
[4, 24, 6, 0]  	814	5 
[4, 20, 9, 0]  	815	5 
[4, 4, 21, 0]  	819	5 
[3, 17, 12, 0]  	820	5 
[4, 23, 7, 0]  	822	5 
[2, 18, 12, 0]  	824	4 
[4, 3, 22, 0]  	827	5 
[3, 12, 16, 0]  	829	5 
[3, 4, 22, 0]  	831	4 
[4, 6, 20, 0]  	834	5 
[3, 11, 17, 0]  	837	5 
[3, 7, 20, 0]  	838	4 
[3, 3, 23, 0]  	839	4 
[2, 35, 0, 0]  	843	4 
[3, 10, 18, 0]  	845	4 
[3, 6, 21, 0]  	846	4 
[3, 21, 10, 0]  	850	4 
[3, 28, 5, 0]  	856	5 
[3, 24, 8, 0]  	857	4 
[3, 20, 11, 0]  	858	4 
[2, 29, 5, 0]  	860	4 
[2, 21, 11, 0]  	862	3 
[3, 27, 6, 0]  	864	4 
[3, 23, 9, 0]  	865	4 
[2, 28, 6, 0]  	868	4 
[2, 24, 9, 0]  	869	3 
[3, 26, 7, 0]  	872	4 
[2, 4, 24, 0]  	874	4 
[2, 31, 4, 0]  	875	5 
[2, 27, 7, 0]  	876	3 
[2, 23, 10, 0]  	877	3 
[2, 15, 16, 0]  	879	4 
[2, 7, 22, 0]  	881	3 
[2, 26, 8, 0]  	884	3 
[2, 14, 17, 0]  	887	4 
[2, 10, 20, 0]  	888	3 
[1, 15, 17, 0]  	891	3 
[1, 38, 0, 0]  	893	3 
[2, 13, 18, 0]  	895	3 
[2, 9, 21, 0]  	896	3 
[2, 1, 27, 0]  	898	4 
[1, 10, 21, 0]  	900	2 
[2, 12, 19, 0]  	903	3 
[2, 0, 28, 0]  	906	4 
[1, 13, 19, 0]  	907	2 
[1, 32, 5, 0]  	910	3 
[1, 12, 20, 0]  	915	2 
[1, 31, 6, 0]  	918	3 
[1, 27, 9, 0]  	919	2 
[0, 32, 6, 0]  	922	2 
[1, 30, 7, 0]  	926	2 
[1, 18, 16, 0]  	929	3 
[0, 31, 7, 0]  	930	2 
[1, 29, 8, 0]  	934	2 
[0, 30, 8, 0]  	938	1 
[1, 1, 29, 0]  	941	2 
[1, 35, 4, 0]  	948	3 
[1, 0, 30, 0]  	949	2 
[0, 1, 30, 0]  	953	1 
[0, 16, 19, 0]  	957	1 
[0, 0, 31, 0]  	961	1  <--- 3
[1, 21, 15, 0]  	967	3 
[0, 18, 18, 0]  	972	1 
[1, 4, 28, 0]  	979	2 
[0, 4, 29, 0]  	991	1 
[0, 38, 4, 0]  	998	2 
[0, 21, 17, 0]  	1010	1 
[0, 44, 0, 0]  	1012	2  <--- 2
[1, 7, 27, 0]  	1017	2 
[0, 7, 28, 0]  	1029	1 
[0, 41, 3, 0]  	1036	2 
[0, 24, 16, 0]  	1048	1 
[0, 10, 27, 0]  	1067	1 
[0, 27, 15, 0]  	1086	1 
[0, 13, 26, 0]  	1105	1 
[7, 8, 13, 1]  	720	8 
[5, 25, 2, 1]  	732	7 
[16, 20, 0, 1]  	764	7 
[5, 21, 7, 1]  	795	6 
[5, 17, 10, 1]  	796	6 
[5, 23, 6, 1]  	810	6 
[4, 7, 19, 1]  	826	5 
[4, 9, 18, 1]  	841	5 
[3, 9, 19, 1]  	853	4 
[1, 14, 18, 1]  	899	3 
[0, 35, 5, 1]  	960	2 
[4, 10, 17, 2]  	833	5 
[1, 24, 12, 2]  	943	3 
[3, 27, 5, 28]  	833	4 
[0, 41, 0, 28]  	943	2 
[6, 25, 1, 29]  	720	6 
[4, 11, 13, 29]  	732	6 
[3, 24, 5, 29]  	764	4 
[4, 3, 21, 29]  	796	5 
[2, 26, 7, 29]  	853	2 
[2, 12, 18, 29]  	872	3 
[0, 31, 6, 29]  	899	2 
[0, 4, 28, 29]  	960	1 
------
The gap is between 3 and 27.
Lengths: 3 3 5 5 3 3.
For 982 = 5*d/2-d1-d2-d3 you get 3 in char 0.
1*x^1*y^23*z^14
1*y^40*z^2
1*y^9*z^25

For 560 = 3*d/2-d1-d2-d3 you get 5 in char 0.
1*x^4*y^17*z^3
1*x^3*y^3*z^14
1*x^2*y^20*z^2
1*x^1*y^6*z^13
1*y^23*z^1

For 138 = d/2-d1-d2-d3 you get 3 in char 0.
1*x^4*z^2
1*x^2*y^3*z^1
1*y^6

Extra powers of p used 0.
The invariant extra is equal to 1.
Start computing 11^3 Delta^1 (x1x2x3)^10... Done.
Start computing 11^4 Delta^2 (x1x2x3)^10... Done.
Start computing 11^5 Delta^3 (x1x2x3)^10... Done.
Start computing 11^6 Delta^4 (x1x2x3)^10... Done.
Start computing 11^7 Delta^5 (x1x2x3)^10... Done.
Start computing 11^8 Delta^6 (x1x2x3)^10... Done.
Start computing 11^9 Delta^7 (x1x2x3)^10... Done.
Start computing aa.
1 2 3 4 5 6 7 8 9 10 11 
*/
A = \
[834597878438897208329884991291,940163922864776953248519216139,1409209926681804975325764812346,901191850766113091808343219664,1270837830895054126754489688490,297176870214535851380462262256,1345384029267901100290438494044,1055548317887011458412012054890,72855575410925638286370888253,1218327936729183219154609168720,478939135790236506321776932554;\
75753144817481550629622347213,320559252657111891782204709744,1079538916953070181359710369651,1084273329278018129607096263447,769409476256701850968717393228,1473676953141813176095457535703,1279107238157516026454684362555,1157667301623233217240909029116,1447825983696968847623263172275,672109988032656282656305077539,1077485551959735523497850929477;\
1014315492589611826143785854896,294107106043205821918714053765,1578560418810214035119926045525,842325828329064237149183305146,221232389377138522733658320518,868503419925992242637415630383,865181151129214314941418578002,1454615042448747353713152043078,772883638897568095697230843544,194812072233460524234188648577,1215448606565391575119709304745;\
1479913755388183792867696194504,638349301865317634018624389759,628602473972913527317661375068,691429300986041358029782415109,953485624171934135372698885585,407846353263166461689750007391,1303985273344698550524639282606,752785221981531629019034679598,759276765322305569997646123839,945061244860374025726880417462,1225534160823860187789927970004;\
80926891534449294415096870974,1147537825867245444943325173293,650994188915548801354705128655,1227425165945232595453217002711,1309933151105387972144542973841,596292037128676669159674174275,626690732521134023747159232649,1524387698476521631053329610846,57528554798457556442983446972,1325218269836104011823331658903,439411538612165028062827953587;\
408037884622836617116159534831,853727526434962100221934295695,1104141668557519192085483233427,1039303336652576794530652755373,1242570525135345397724558182577,189718248649910261932740194490,1544734643929009962088625374739,450803290758423192936064354790,846537336141279489553153600535,1095351119934042125584446631703,538516518706215619836461485884;\
1301508240903454725416054368844,203318707889163588795082279596,1575615872030414115884281259909,1125487578408001153572073935385,1004239273926146087873596191199,43714333276847631274074623832,440137129137804161797390709195,768805569797879597780700041864,1569109613109191443513710589102,806049606828354839846350814975,1236633658022776743712342964131;\
503286717804780459251627826843,1534421657712881250953450065353,578241334225298315510575580871,153566793277812340033542667865,1031390205391120539400557620224,1288783500163189977343175375124,1290685933683250882381342435972,692694626183006581392954095906,1304011820852463169790019820165,1395572202226400126944131385357,1061221053003968217501335090522;\
681362219676247422243995359537,393263158849055768803713690350,31223607875609905366527608439,1483863789994189495536461243064,1444289429109217124233854872191,981877646474612730270278800928,382184136196923630970403230942,161452448584345027410505250926,808335403303463625134897032945,782781521458016234993076140254,58997203177456776390925151561;\
617802979712196740894542552491,1335360607897588117358839451958,65728993798924307562716013989,1093290193158488932355506299718,795086546055030193877994736919,211764849254495793530194845133,487526733724118571561730173643,214139224673849027771490884271,1399210890515416090290386928907,482424170568009112519606771054,55500834861462168027437428500;\
755731336851678695648491183986,188164685259807728065375055559,1546382155499844014743922454999,689577544182006449915105680828,1430705356430779206224896202292,573116832262893252394880189447,1009333393192560973017637681404,559021263707196301874043948470,177432005636544111512965406259,628498738139109288833076362745,463102334505017581129845514711]
/* 
This should be the matrix of frobenius!
*/ 
B = A; 
/* Freed 166 lists. */
