/* Comments begin... 
Coefficient of   x^21 * y^1               = -2
Coefficient of   x^10 * y^2 * z^6         = -2
Coefficient of   x^8 * y^5 * z^5         = 2
Coefficient of   x^6 * y^8 * z^4         = -4
Coefficient of   x^4 * y^11 * z^3         = 2
Coefficient of   x^2 * y^14 * z^2         = -5
Coefficient of   x^1 * z^13               = -2
Coefficient of   y^17 * z^1               = -5

Here is the polynomial we're using this time:

-2*x^21*y^1 + -2*x^10*y^2*z^6 + 2*x^8*y^5*z^5 + -4*x^6*y^8*z^4 + 2*x^4*y^11*z^3 + -5*x^2*y^14*z^2 + -2*x^1*z^13 + -5*y^17*z^1

Allocate G_len 20 elements and old = 0.
Allocate M_len = 400 elements.
Allocate G_len 40 elements and old = 20.
Allocate M_len = 800 elements.
Allocate G_len 80 elements and old = 40.
Allocate M_len = 1600 elements.
Allocate M_len = 3200 elements.
Allocate G_len 160 elements and old = 80.
Allocate M_len = 6400 elements.
Allocate M_len = 12800 elements.
Allocate G_len 320 elements and old = 160.
Allocate M_len = 25600 elements.
The final length of G is 202
[10, 2, 5, 0]  	391	7 
[21, 0, 0, 0]  	399	7  <--- 1
[20, 1, 0, 0]  	403	7 
[8, 5, 5, 0]  	422	6 
[8, 8, 4, 0]  	460	7 
[5, 0, 15, 0]  	560	6 
[18, 5, 4, 0]  	581	12 
[14, 11, 3, 0]  	612	11 
[18, 8, 3, 0]  	619	11 
[12, 14, 3, 0]  	643	10 
[11, 0, 14, 0]  	643	10 
[14, 14, 2, 0]  	650	10 
[18, 11, 2, 0]  	657	11 
[10, 17, 3, 0]  	674	9 
[9, 3, 14, 0]  	674	9 
[12, 17, 2, 0]  	681	9 
[15, 0, 13, 0]  	688	10 
[10, 19, 2, 0]  	689	9 
[9, 20, 2, 0]  	693	8 
[18, 14, 1, 0]  	695	10 
[9, 19, 3, 0]  	701	8 
[7, 22, 2, 0]  	701	8 
[8, 20, 3, 0]  	705	8 
[7, 6, 14, 0]  	705	8 
[8, 23, 1, 0]  	712	8 
[12, 20, 1, 0]  	719	9 
[7, 8, 13, 0]  	720	8 
[6, 9, 13, 0]  	724	7 
[16, 17, 1, 0]  	726	9 
[10, 22, 1, 0]  	727	9 
[6, 8, 14, 0]  	732	7 
[5, 25, 2, 0]  	732	7 
[19, 0, 12, 0]  	733	9 
[14, 19, 1, 0]  	734	9 
[6, 23, 3, 0]  	736	7 
[5, 9, 14, 0]  	736	7 
[7, 25, 1, 0]  	739	8 
[6, 26, 1, 0]  	743	7 
[8, 26, 0, 0]  	750	8 
[5, 11, 13, 0]  	751	7 
[12, 23, 0, 0]  	757	8 
[6, 28, 0, 0]  	758	7 
[6, 12, 12, 0]  	762	7 
[4, 11, 14, 0]  	763	6 
[10, 25, 0, 0]  	765	8 
[5, 28, 1, 0]  	770	7 
[7, 21, 5, 0]  	771	7 
[14, 22, 0, 0]  	772	8 
[4, 29, 1, 0]  	774	6 
[19, 18, 0, 0]  	775	8 
[18, 19, 0, 0]  	779	8 
[4, 28, 2, 0]  	782	6 
[3, 14, 13, 0]  	782	6 
[3, 29, 2, 0]  	786	5 
[5, 14, 12, 0]  	789	7 
[4, 15, 12, 0]  	793	6 
[7, 18, 8, 0]  	795	7 
[7, 14, 11, 0]  	796	7 
[6, 15, 11, 0]  	800	6 
[3, 31, 1, 0]  	801	5 
[3, 0, 24, 0]  	801	5 
[7, 17, 9, 0]  	803	7 
[2, 32, 1, 0]  	805	5 
[17, 21, 0, 0]  	806	7 
[6, 22, 6, 0]  	806	7 
[4, 21, 8, 0]  	807	5 
[5, 31, 0, 0]  	808	6 
[7, 20, 7, 0]  	810	7 
[4, 32, 0, 0]  	812	5 
[4, 1, 23, 0]  	812	5 
[6, 21, 7, 0]  	814	6 
[6, 17, 10, 0]  	815	6 
[4, 4, 21, 0]  	819	5 
[3, 17, 12, 0]  	820	5 
[6, 20, 8, 0]  	822	6 
[2, 18, 12, 0]  	824	4 
[4, 7, 19, 0]  	826	5 
[4, 3, 22, 0]  	827	5 
[4, 26, 5, 0]  	829	5 
[3, 12, 16, 0]  	829	5 
[3, 4, 22, 0]  	831	4 
[5, 24, 6, 0]  	833	5 
[4, 10, 17, 0]  	833	5 
[4, 6, 20, 0]  	834	5 
[4, 25, 6, 0]  	837	5 
[3, 11, 17, 0]  	837	5 
[3, 7, 20, 0]  	838	4 
[3, 34, 0, 0]  	839	4 
[3, 3, 23, 0]  	839	4 
[5, 23, 7, 0]  	841	5 
[4, 9, 18, 0]  	841	5 
[2, 35, 0, 0]  	843	4 
[4, 24, 7, 0]  	845	4 
[3, 10, 18, 0]  	845	4 
[4, 20, 10, 0]  	846	4 
[3, 6, 21, 0]  	846	4 
[3, 21, 10, 0]  	850	4 
[3, 9, 19, 0]  	853	4 
[3, 28, 5, 0]  	856	5 
[3, 24, 8, 0]  	857	4 
[3, 20, 11, 0]  	858	4 
[2, 29, 5, 0]  	860	4 
[3, 23, 9, 0]  	865	4 
[2, 28, 6, 0]  	868	4 
[2, 24, 9, 0]  	869	3 
[3, 26, 7, 0]  	872	4 
[2, 4, 24, 0]  	874	4 
[2, 31, 4, 0]  	875	5 
[2, 27, 7, 0]  	876	3 
[2, 15, 16, 0]  	879	4 
[2, 7, 22, 0]  	881	3 
[2, 14, 17, 0]  	887	4 
[2, 10, 20, 0]  	888	3 
[2, 13, 18, 0]  	895	3 
[2, 9, 21, 0]  	896	3 
[2, 1, 27, 0]  	898	4 
[1, 14, 18, 0]  	899	3 
[1, 10, 21, 0]  	900	2 
[2, 12, 19, 0]  	903	3 
[2, 0, 28, 0]  	906	4 
[1, 13, 19, 0]  	907	2 
[1, 12, 20, 0]  	915	2 
[1, 31, 6, 0]  	918	3 
[1, 27, 9, 0]  	919	2 
[1, 30, 7, 0]  	926	2 
[1, 18, 16, 0]  	929	3 
[0, 31, 7, 0]  	930	2 
[1, 29, 8, 0]  	934	2 
[0, 30, 8, 0]  	938	1 
[1, 1, 29, 0]  	941	2 
[1, 24, 12, 0]  	943	3 
[1, 35, 4, 0]  	948	3 
[1, 0, 30, 0]  	949	2 
[0, 1, 30, 0]  	953	1 
[0, 16, 19, 0]  	957	1 
[0, 0, 31, 0]  	961	1  <--- 3
[1, 41, 0, 0]  	962	2 
[1, 21, 15, 0]  	967	3 
[0, 18, 18, 0]  	972	1 
[1, 4, 28, 0]  	979	2 
[0, 35, 6, 0]  	991	1 
[0, 4, 29, 0]  	991	1 
[0, 38, 4, 0]  	998	2 
[0, 21, 17, 0]  	1010	1 
[0, 44, 0, 0]  	1012	2  <--- 2
[1, 7, 27, 0]  	1017	2 
[0, 7, 28, 0]  	1029	1 
[0, 41, 3, 0]  	1036	2 
[0, 24, 16, 0]  	1048	1 
[0, 10, 27, 0]  	1067	1 
[0, 27, 15, 0]  	1086	1 
[0, 13, 26, 0]  	1105	1 
[6, 11, 4, 1]  	491	5 
[6, 14, 3, 1]  	529	7 
[4, 12, 13, 1]  	755	6 
[5, 29, 0, 1]  	762	6 
[16, 20, 0, 1]  	764	8 
[4, 14, 12, 1]  	770	6 
[5, 24, 4, 1]  	771	6 
[5, 18, 9, 1]  	788	6 
[4, 31, 0, 1]  	789	6 
[3, 32, 0, 1]  	793	5 
[5, 21, 7, 1]  	795	6 
[5, 20, 8, 1]  	803	6 
[4, 25, 5, 1]  	806	6 
[5, 23, 6, 1]  	810	6 
[4, 24, 6, 1]  	814	5 
[4, 20, 9, 1]  	815	5 
[5, 17, 11, 1]  	827	5 
[4, 18, 11, 1]  	831	4 
[2, 21, 11, 1]  	862	3 
[3, 27, 6, 1]  	864	4 
[2, 23, 10, 1]  	877	3 
[2, 26, 8, 1]  	884	3 
[1, 15, 17, 1]  	891	3 
[1, 38, 0, 1]  	893	3 
[1, 32, 5, 1]  	910	3 
[0, 32, 6, 1]  	922	2 
[0, 35, 5, 1]  	960	2 
[4, 26, 3, 2]  	767	6 
[5, 15, 11, 2]  	781	6 
[5, 17, 10, 2]  	796	6 
[4, 18, 10, 2]  	800	5 
[4, 17, 11, 2]  	808	5 
[4, 23, 7, 2]  	822	5 
[3, 12, 14, 28]  	767	5 
[4, 1, 22, 28]  	781	5 
[4, 3, 21, 28]  	796	5 
[3, 4, 21, 28]  	800	4 
[3, 3, 22, 28]  	808	4 
[3, 9, 18, 28]  	822	4 
[3, 0, 14, 29]  	491	4 
[9, 19, 2, 29]  	670	7 
[3, 29, 1, 29]  	755	5 
[5, 21, 6, 29]  	764	6 
[4, 24, 5, 29]  	783	5 
[3, 21, 8, 29]  	788	4 
[3, 20, 10, 29]  	827	4 
[1, 7, 21, 29]  	831	2 
[2, 13, 17, 29]  	864	3 
[1, 12, 19, 29]  	884	2 
[0, 1, 28, 29]  	891	1 
------
The gap is between 3 and 27.
Lengths: 3 3 5 6 3 3.
For 982 = 5*d/2-d1-d2-d3 you get 3 in char 0.
1*x^1*y^23*z^14
1*y^40*z^2
1*y^9*z^25

For 560 = 3*d/2-d1-d2-d3 you get 5 in char 0.
1*x^4*y^17*z^3
1*x^3*y^3*z^14
1*x^2*y^20*z^2
1*x^1*y^6*z^13
1*y^23*z^1

For 138 = d/2-d1-d2-d3 you get 3 in char 0.
1*x^4*z^2
1*x^2*y^3*z^1
1*y^6

Extra powers of p used 1.
The invariant extra is equal to 1.
Start computing 11^3 Delta^1 (x1x2x3)^10... Done.
Start computing 11^4 Delta^2 (x1x2x3)^10... Done.
Start computing 11^5 Delta^3 (x1x2x3)^10... Done.
Start computing 11^6 Delta^4 (x1x2x3)^10... Done.
Start computing 11^7 Delta^5 (x1x2x3)^10... Done.
Start computing 11^8 Delta^6 (x1x2x3)^10... Done.
Start computing 11^9 Delta^7 (x1x2x3)^10... Done.
Start computing aa.
1 2 3 4 5 6 7 8 9 10 11 
*/
A = \
[1383077048424904875025721465640,1422328327637869534324636505619,837484659635771538746436790984,755980918795475900860602769192,1422839959102680609673909643488,1268262621884311486468103499530,1172956094958719838331324128941,997302279273050708796316912027,694166196291853938619502829821,1564062185770988874325064194573,63490050334065787620108269646;\
547773932137516947751320847514,754097414207418760951537673993,447288934555700193721670038815,625367764200867141911866840475,1413252182162689626674271462525,641496715988653179170036834280,134839858824108099414339218896,1324221840234646631151091137326,477237578922423244768547760165,488724254943911140022080530384,1507412193568534092008811481202;\
1212839646198045218278300579094,421737328130770739489020891921,1329242275391434040819726255448,915046763993835765072290039321,873387602461877067486141004576,976586838828230700814863515792,1324206666517054917988842289234,600806590975034372774706817242,879825151155256168793538696704,262052163350956589677665761085,1129412893808663447811032895085;\
626318188547014509225850101338,587281015798066139923665606028,1068148570903125234774645042902,132896274020863859500456636537,1229920543018432485418702493737,338790496613031511733515287094,34214111658885768967781605918,1048365054936622717168557238281,838039029063642706019621033473,170669742829858191269798798383,659017148789042804204885079353;\
1151862656800054211913143712987,337814856442137427640549066119,1483867223296559273963638234874,94493222712611724178770314700,658004436716040536589753977988,40572704993307471504337244757,552870941155392342565520123466,708860043479933229207013063956,792968192974366362452927357809,631367740526306865531052146830,745097388161597271174931777957;\
136869090301833035715586895679,879544798895950307285668469311,191051486755473730354930309840,845514587017706350127629321405,519287446847110194582327974008,1209298067602982826618719251891,818635306125659111498159527403,1014995155938575563899871941888,1425115852225262365896648544899,1446896183747284922977123063111,1441287516911473790755979191145;\
1083762292559611837716046650665,984079932116249737591317392058,1355233567173255570247458843450,486339698049995489145558331648,116642104289927737702729822076,1065660645411394911112455652376,232829651374252598807383752884,1202557630961361675366194828131,542733920015280726082191900927,1090523269715705223841064989081,1438182790955067940049598526041;\
1253249630216753057386217922899,1189349804117307567920580211658,1056667155035407530422493428315,239388930076614558270422969797,394669847153176335757925433580,950623973966334785346891713986,120498421528111248901968356833,198678559581849602441985054630,1282031940636598157662647545928,1089841307933437193427115685467,682867712325333729608271980210;\
332175252084458972087530233151,1081480947590216614033300389440,360198387142433585578872162387,112352688222947329825961226450,174102794991709052119146897654,248693348647131744430485802193,392020653094376148195278327105,301587680496743919852333620399,280440444070070259970193573660,312393028082084113458296252987,1185594649489311884024930915902;\
128572091569718278373964261870,1042894309108069795488539453337,58659061363393580777123852743,1400927088425957490220928016901,11412242653314761131525238972,1346385414067355991938861508641,1358304754400048339258766576063,360400551774607784483579716081,292711290455989847830520921690,1506491337183728522209425560586,981711666215104342223048468048;\
1311000975686525617575588444189,742446329369147350101670383256,940419414630141749546938645893,495234617479871617647326526895,81577822227620398637032490162,33102610672467855822842702361,1583393744489389358914265080313,1417825795989725685662621245966,659818313278485457403602489436,871594253711319132680075288844,1251141716711893554889081637391]
/* 
This matrix times 11^(-1) should be the matrix of frobenius.
*/ 
B = 11^(-1) * A; 
/* Freed 167 lists. */
