/* Comments begin... 
Coefficient of   x^21 * y^1               = -2
Coefficient of   x^10 * y^2 * z^6         = -1
Coefficient of   x^8 * y^5 * z^5         = -5
Coefficient of   x^6 * y^8 * z^4         = -4
Coefficient of   x^4 * y^11 * z^3         = -4
Coefficient of   x^2 * y^14 * z^2         = -1
Coefficient of   x^1 * z^13               = 1
Coefficient of   y^17 * z^1               = 1

Here is the polynomial we're using this time:

-2*x^21*y^1 + -1*x^10*y^2*z^6 + -5*x^8*y^5*z^5 + -4*x^6*y^8*z^4 + -4*x^4*y^11*z^3 + -1*x^2*y^14*z^2 + 1*x^1*z^13 + 1*y^17*z^1

Allocate G_len 20 elements and old = 0.
Allocate M_len = 400 elements.
Allocate G_len 40 elements and old = 20.
Allocate M_len = 800 elements.
Allocate G_len 80 elements and old = 40.
Allocate M_len = 1600 elements.
Allocate M_len = 3200 elements.
Allocate G_len 160 elements and old = 80.
Allocate M_len = 6400 elements.
Allocate M_len = 12800 elements.
Allocate G_len 320 elements and old = 160.
The final length of G is 168
[10, 2, 5, 0]  	391	7 
[21, 0, 0, 0]  	399	7  <--- 1
[20, 1, 0, 0]  	403	7 
[8, 5, 5, 0]  	422	6 
[6, 11, 4, 0]  	491	6 
[6, 14, 3, 0]  	529	7 
[5, 0, 15, 0]  	560	6 
[18, 5, 4, 0]  	581	12 
[16, 8, 4, 0]  	612	11 
[14, 11, 3, 0]  	612	11 
[18, 8, 3, 0]  	619	10 
[11, 0, 14, 0]  	643	10 
[14, 14, 2, 0]  	650	10 
[18, 11, 2, 0]  	657	10 
[9, 3, 14, 0]  	674	9 
[15, 0, 13, 0]  	688	9 
[10, 19, 2, 0]  	689	9 
[9, 20, 2, 0]  	693	8 
[18, 14, 1, 0]  	695	9 
[7, 22, 2, 0]  	701	8 
[7, 6, 14, 0]  	705	8 
[8, 23, 1, 0]  	712	8 
[12, 20, 1, 0]  	719	8 
[7, 8, 13, 0]  	720	8 
[6, 9, 13, 0]  	724	7 
[16, 17, 1, 0]  	726	8 
[10, 22, 1, 0]  	727	8 
[6, 8, 14, 0]  	732	7 
[5, 25, 2, 0]  	732	7 
[19, 0, 12, 0]  	733	8 
[5, 9, 14, 0]  	736	7 
[7, 25, 1, 0]  	739	7 
[6, 26, 1, 0]  	743	7 
[8, 26, 0, 0]  	750	7 
[5, 11, 13, 0]  	751	7 
[4, 12, 13, 0]  	755	6 
[12, 23, 0, 0]  	757	7 
[5, 29, 0, 0]  	762	6 
[4, 11, 14, 0]  	763	6 
[10, 25, 0, 0]  	765	7 
[4, 26, 3, 0]  	767	6 
[5, 28, 1, 0]  	770	6 
[4, 14, 12, 0]  	770	6 
[5, 24, 4, 0]  	771	6 
[14, 22, 0, 0]  	772	7 
[19, 18, 0, 0]  	775	7 
[18, 19, 0, 0]  	779	7 
[5, 15, 11, 0]  	781	6 
[4, 28, 2, 0]  	782	6 
[3, 14, 13, 0]  	782	6 
[3, 29, 2, 0]  	786	5 
[5, 18, 9, 0]  	788	6 
[4, 31, 0, 0]  	789	6 
[3, 32, 0, 0]  	793	5 
[5, 17, 10, 0]  	796	6 
[4, 18, 10, 0]  	800	5 
[3, 31, 1, 0]  	801	5 
[3, 0, 24, 0]  	801	5 
[5, 20, 8, 0]  	803	6 
[2, 32, 1, 0]  	805	5 
[17, 21, 0, 0]  	806	6 
[4, 25, 5, 0]  	806	6 
[4, 21, 8, 0]  	807	5 
[4, 17, 11, 0]  	808	5 
[4, 1, 23, 0]  	812	5 
[4, 24, 6, 0]  	814	5 
[4, 20, 9, 0]  	815	5 
[4, 4, 21, 0]  	819	5 
[3, 17, 12, 0]  	820	5 
[4, 23, 7, 0]  	822	5 
[2, 18, 12, 0]  	824	4 
[4, 7, 19, 0]  	826	5 
[4, 3, 22, 0]  	827	5 
[3, 12, 16, 0]  	829	5 
[3, 4, 22, 0]  	831	4 
[4, 10, 17, 0]  	833	5 
[3, 11, 17, 0]  	837	5 
[3, 7, 20, 0]  	838	4 
[3, 3, 23, 0]  	839	4 
[4, 9, 18, 0]  	841	5 
[2, 35, 0, 0]  	843	4 
[3, 10, 18, 0]  	845	4 
[3, 6, 21, 0]  	846	4 
[3, 21, 10, 0]  	850	4 
[3, 9, 19, 0]  	853	4 
[3, 28, 5, 0]  	856	5 
[3, 24, 8, 0]  	857	4 
[3, 20, 11, 0]  	858	4 
[2, 29, 5, 0]  	860	4 
[2, 21, 11, 0]  	862	3 
[3, 27, 6, 0]  	864	4 
[3, 23, 9, 0]  	865	4 
[2, 28, 6, 0]  	868	4 
[2, 24, 9, 0]  	869	3 
[3, 26, 7, 0]  	872	4 
[2, 4, 24, 0]  	874	4 
[2, 27, 7, 0]  	876	3 
[2, 23, 10, 0]  	877	3 
[2, 15, 16, 0]  	879	4 
[2, 7, 22, 0]  	881	3 
[2, 26, 8, 0]  	884	3 
[2, 10, 20, 0]  	888	3 
[1, 15, 17, 0]  	891	3 
[1, 38, 0, 0]  	893	3 
[2, 13, 18, 0]  	895	3 
[2, 9, 21, 0]  	896	3 
[2, 1, 27, 0]  	898	4 
[1, 14, 18, 0]  	899	3 
[1, 10, 21, 0]  	900	2 
[2, 12, 19, 0]  	903	3 
[2, 0, 28, 0]  	906	4 
[1, 13, 19, 0]  	907	2 
[1, 32, 5, 0]  	910	3 
[1, 12, 20, 0]  	915	2 
[1, 31, 6, 0]  	918	3 
[1, 27, 9, 0]  	919	2 
[1, 30, 7, 0]  	926	2 
[1, 18, 16, 0]  	929	3 
[0, 31, 7, 0]  	930	2 
[1, 29, 8, 0]  	934	2 
[0, 30, 8, 0]  	938	1 
[1, 1, 29, 0]  	941	2 
[1, 35, 4, 0]  	948	3 
[1, 0, 30, 0]  	949	2 
[0, 1, 30, 0]  	953	1 
[0, 16, 19, 0]  	957	1 
[0, 35, 5, 0]  	960	2 
[0, 0, 31, 0]  	961	1  <--- 3
[1, 21, 15, 0]  	967	3 
[0, 18, 18, 0]  	972	1 
[1, 4, 28, 0]  	979	2 
[0, 4, 29, 0]  	991	1 
[0, 38, 4, 0]  	998	2 
[0, 21, 17, 0]  	1010	1 
[0, 44, 0, 0]  	1012	2  <--- 2
[1, 7, 27, 0]  	1017	2 
[0, 7, 28, 0]  	1029	1 
[0, 41, 3, 0]  	1036	2 
[0, 24, 16, 0]  	1048	1 
[0, 10, 27, 0]  	1067	1 
[0, 27, 15, 0]  	1086	1 
[0, 13, 26, 0]  	1105	1 
[8, 8, 4, 1]  	460	7 
[12, 17, 2, 1]  	681	9 
[14, 19, 1, 1]  	734	8 
[6, 28, 0, 1]  	758	7 
[16, 20, 0, 1]  	764	7 
[4, 29, 1, 1]  	774	6 
[5, 21, 7, 1]  	795	6 
[5, 23, 6, 1]  	810	6 
[4, 6, 20, 1]  	834	5 
[2, 31, 4, 1]  	875	5 
[2, 14, 17, 1]  	887	4 
[0, 32, 6, 1]  	922	2 
[1, 24, 12, 2]  	943	3 
[0, 41, 0, 28]  	943	2 
[6, 11, 3, 29]  	460	6 
[10, 20, 1, 29]  	681	8 
[12, 22, 0, 29]  	734	7 
[5, 14, 11, 29]  	758	6 
[4, 7, 17, 29]  	764	5 
[3, 15, 12, 29]  	774	4 
[4, 17, 10, 29]  	777	5 
[4, 24, 5, 29]  	783	5 
[3, 23, 8, 29]  	834	4 
[2, 0, 27, 29]  	875	3 
[1, 31, 5, 29]  	887	3 
[0, 1, 29, 29]  	922	1 
------
The gap is between 3 and 27.
Lengths: 3 3 5 5 3 3.
For 982 = 5*d/2-d1-d2-d3 you get 3 in char 0.
1*x^1*y^23*z^14
1*y^40*z^2
1*y^9*z^25

For 560 = 3*d/2-d1-d2-d3 you get 5 in char 0.
1*x^4*y^17*z^3
1*x^3*y^3*z^14
1*x^2*y^20*z^2
1*x^1*y^6*z^13
1*y^23*z^1

For 138 = d/2-d1-d2-d3 you get 3 in char 0.
1*x^4*z^2
1*x^2*y^3*z^1
1*y^6

Extra powers of p used 0.
The invariant extra is equal to 1.
Start computing 11^3 Delta^1 (x1x2x3)^10... Done.
Start computing 11^4 Delta^2 (x1x2x3)^10... Done.
Start computing 11^5 Delta^3 (x1x2x3)^10... Done.
Start computing 11^6 Delta^4 (x1x2x3)^10... Done.
Start computing 11^7 Delta^5 (x1x2x3)^10... Done.
Start computing 11^8 Delta^6 (x1x2x3)^10... Done.
Start computing 11^9 Delta^7 (x1x2x3)^10... Done.
Start computing aa.
1 2 3 4 5 6 7 8 9 10 11 
*/
A = \
[1465588478770678761617702609037,1020269097639665596082262252386,86390982813766650215021729090,943432540611277431621492725623,890605636195684998894311121467,224977113640522695672510759084,1186583920282242187785198939798,182351697316693410801253792141,726647303237750406543683697727,1037911982767691325982867673263,436484729960170366906441461572;\
632342068175799680152681190661,1405187625029578360332252162019,1309588374886395367965302393926,1042981088189241755041814528279,1390395704499923628214881890079,938057285309229744363326505466,1410917281054144398880011200787,240757243913121671720629029792,1457822534902255751219076483133,797497894895855551653436870161,834414641818316644052580926302;\
323447138752448529984882347564,177219278263516328880373208462,1462630858852560356750680123555,177172832557133309037999860134,546314442902220855211052878592,139976340312796430169476950442,1337126307425974834323470505227,965080705163955700262088120161,671950022740588072150063406045,1038283416679884528632785824364,149441238274444960247151354574;\
14372198416654356379283833178,229642730799338234885752961115,1194967156751756907486630893320,606337985349357066000531710198,178842876709875741002781375575,228370208450714063503271038064,572266809190142195298541894720,723003949228515107939106075172,1460521658525384672386975223253,802079268217739197191720616303,1061888287878485497914785519537;\
504045155033104753841653757835,123648871972979336485901693115,96549914342096981259807783444,791458525619871342328927287632,934336739744501250718627242682,983454708464770561531960261550,1216200304757988088058471516400,946204075439782670409600343785,1105152074680968107599342117141,99547927359275753982086459865,148868470444981026818198395726;\
1476323801133581953640237413406,440985976481286700444490640134,1105176968547091532544150424069,933876182107040505185984969992,428271943540064834298009257523,1465888164865069316542199236989,649338965129357639734128350897,906768338888195197918410720979,947519035666016991897652803464,1413655455526113345245699477346,1014009819251264940155426801514;\
950325388230831489507092179051,736478746063100255404385499723,1489178140967551033322238275931,1328806802576524121061614500207,862915355982108585548559938100,484775899449878299587421146390,1004248208682293760043962398966,310244059323272013126095208696,1464939744311638840494280840072,636257733834447129244594868608,759033552843239287605030347165;\
476589569191317336210474840255,1402963237233290106227706916059,750645101918652671353348747422,63112182516557545304573305776,1212264328430024300815642395896,1578608725958471017445834524336,173845287813721702278396229296,97330825654132265608502287220,319986574723764773254088915091,1120959848849975369806780361933,1351732199441958881329653967943;\
942268447352263524466989394329,810937454239172168738987513277,43995258382423243581909014860,622157229113433170217324229020,970706394249334609367681516501,1078236300184220649289362347121,1179779879034643203248069139485,854680356746549571243283923249,1403627964293522273594983175855,227065114513512917229053060903,611357809604657473878847975912;\
1445957397276855267080322770535,1302525582872414186071385326968,328430289003764589816330928243,1308351441394807776275201074446,82382723643324244913368682361,819983304959325422315665103938,716860298111180762805248176557,1388081305495288040890642259750,86759217705511073461927120119,1043982298603793936358736148252,670005117039875480933470865937;\
280702327447549301898199550809,547166698616077584852664586600,901609253110989564500000787087,1054862893477935616210347126487,1077876337094143924749527715556,75439204377738822498277448279,1562203932620194134745602027603,18675645581535125084381198433,608425418669347824042379149851,274624008967098478325995927603,318513219638356867029671683973]
/* 
This should be the matrix of frobenius!
*/ 
B = A; 
/* Freed 167 lists. */
