/* Comments begin... 
Coefficient of   x^21 * y^1               = -3
Coefficient of   x^10 * y^2 * z^6         = 2
Coefficient of   x^8 * y^5 * z^5         = -3
Coefficient of   x^6 * y^8 * z^4         = -5
Coefficient of   x^4 * y^11 * z^3         = 4
Coefficient of   x^2 * y^14 * z^2         = 2
Coefficient of   x^1 * z^13               = 5
Coefficient of   y^17 * z^1               = 2

Here is the polynomial we're using this time:

-3*x^21*y^1 + 2*x^10*y^2*z^6 + -3*x^8*y^5*z^5 + -5*x^6*y^8*z^4 + 4*x^4*y^11*z^3 + 2*x^2*y^14*z^2 + 5*x^1*z^13 + 2*y^17*z^1

Allocate G_len 20 elements and old = 0.
Allocate M_len = 400 elements.
Allocate G_len 40 elements and old = 20.
Allocate M_len = 800 elements.
Allocate G_len 80 elements and old = 40.
Allocate M_len = 1600 elements.
Allocate M_len = 3200 elements.
Allocate G_len 160 elements and old = 80.
Allocate M_len = 6400 elements.
Allocate M_len = 12800 elements.
Allocate G_len 320 elements and old = 160.
Not smooth!
Coefficient of   x^21 * y^1               = -1
Coefficient of   x^10 * y^2 * z^6         = 5
Coefficient of   x^8 * y^5 * z^5         = -3
Coefficient of   x^6 * y^8 * z^4         = 5
Coefficient of   x^4 * y^11 * z^3         = -1
Coefficient of   x^2 * y^14 * z^2         = -3
Coefficient of   x^1 * z^13               = -3
Coefficient of   y^17 * z^1               = 1

Here is the polynomial we're using this time:

-1*x^21*y^1 + 5*x^10*y^2*z^6 + -3*x^8*y^5*z^5 + 5*x^6*y^8*z^4 + -1*x^4*y^11*z^3 + -3*x^2*y^14*z^2 + -3*x^1*z^13 + 1*y^17*z^1

The final length of G is 164
[10, 2, 5, 0]  	391	7 
[21, 0, 0, 0]  	399	7  <--- 1
[20, 1, 0, 0]  	403	7 
[8, 5, 5, 0]  	422	6 
[8, 8, 4, 0]  	460	7 
[6, 11, 4, 0]  	491	6 
[6, 14, 3, 0]  	529	7 
[5, 0, 15, 0]  	560	6 
[18, 5, 4, 0]  	581	12 
[14, 11, 3, 0]  	612	11 
[18, 8, 3, 0]  	619	11 
[11, 0, 14, 0]  	643	10 
[14, 14, 2, 0]  	650	10 
[18, 11, 2, 0]  	657	10 
[9, 3, 14, 0]  	674	9 
[12, 17, 2, 0]  	681	9 
[10, 19, 2, 0]  	689	9 
[9, 20, 2, 0]  	693	8 
[18, 14, 1, 0]  	695	9 
[7, 22, 2, 0]  	701	8 
[8, 23, 1, 0]  	712	8 
[12, 20, 1, 0]  	719	8 
[7, 8, 13, 0]  	720	8 
[6, 9, 13, 0]  	724	7 
[17, 0, 13, 0]  	726	8 
[16, 17, 1, 0]  	726	8 
[10, 22, 1, 0]  	727	8 
[6, 8, 14, 0]  	732	7 
[5, 25, 2, 0]  	732	7 
[19, 0, 12, 0]  	733	8 
[14, 19, 1, 0]  	734	8 
[5, 9, 14, 0]  	736	7 
[7, 25, 1, 0]  	739	7 
[8, 26, 0, 0]  	750	7 
[5, 11, 13, 0]  	751	7 
[4, 12, 13, 0]  	755	6 
[12, 23, 0, 0]  	757	7 
[6, 28, 0, 0]  	758	7 
[5, 29, 0, 0]  	762	6 
[4, 11, 14, 0]  	763	6 
[10, 25, 0, 0]  	765	7 
[4, 26, 3, 0]  	767	6 
[5, 28, 1, 0]  	770	6 
[4, 14, 12, 0]  	770	6 
[5, 24, 4, 0]  	771	6 
[14, 22, 0, 0]  	772	7 
[4, 29, 1, 0]  	774	6 
[19, 18, 0, 0]  	775	7 
[18, 19, 0, 0]  	779	7 
[5, 15, 11, 0]  	781	6 
[4, 28, 2, 0]  	782	6 
[3, 14, 13, 0]  	782	6 
[3, 29, 2, 0]  	786	5 
[5, 18, 9, 0]  	788	6 
[4, 31, 0, 0]  	789	6 
[3, 32, 0, 0]  	793	5 
[5, 21, 7, 0]  	795	6 
[5, 17, 10, 0]  	796	6 
[4, 18, 10, 0]  	800	5 
[3, 31, 1, 0]  	801	5 
[3, 0, 24, 0]  	801	5 
[5, 20, 8, 0]  	803	6 
[2, 32, 1, 0]  	805	5 
[17, 21, 0, 0]  	806	6 
[4, 25, 5, 0]  	806	6 
[4, 21, 8, 0]  	807	5 
[4, 17, 11, 0]  	808	5 
[5, 23, 6, 0]  	810	6 
[4, 1, 23, 0]  	812	5 
[4, 24, 6, 0]  	814	5 
[4, 20, 9, 0]  	815	5 
[4, 23, 7, 0]  	822	5 
[2, 18, 12, 0]  	824	4 
[4, 7, 19, 0]  	826	5 
[4, 3, 22, 0]  	827	5 
[3, 4, 22, 0]  	831	4 
[4, 10, 17, 0]  	833	5 
[4, 6, 20, 0]  	834	5 
[3, 11, 17, 0]  	837	5 
[3, 3, 23, 0]  	839	4 
[4, 9, 18, 0]  	841	5 
[2, 35, 0, 0]  	843	4 
[3, 10, 18, 0]  	845	4 
[3, 6, 21, 0]  	846	4 
[3, 21, 10, 0]  	850	4 
[3, 9, 19, 0]  	853	4 
[3, 28, 5, 0]  	856	5 
[3, 24, 8, 0]  	857	4 
[3, 20, 11, 0]  	858	4 
[2, 29, 5, 0]  	860	4 
[2, 21, 11, 0]  	862	3 
[3, 27, 6, 0]  	864	4 
[3, 23, 9, 0]  	865	4 
[2, 28, 6, 0]  	868	4 
[2, 24, 9, 0]  	869	3 
[3, 26, 7, 0]  	872	4 
[2, 4, 24, 0]  	874	4 
[2, 31, 4, 0]  	875	5 
[2, 27, 7, 0]  	876	3 
[2, 23, 10, 0]  	877	3 
[2, 15, 16, 0]  	879	4 
[2, 7, 22, 0]  	881	3 
[2, 26, 8, 0]  	884	3 
[2, 14, 17, 0]  	887	4 
[2, 10, 20, 0]  	888	3 
[1, 15, 17, 0]  	891	3 
[1, 38, 0, 0]  	893	3 
[2, 13, 18, 0]  	895	3 
[2, 9, 21, 0]  	896	3 
[2, 1, 27, 0]  	898	4 
[1, 14, 18, 0]  	899	3 
[1, 10, 21, 0]  	900	2 
[2, 12, 19, 0]  	903	3 
[2, 0, 28, 0]  	906	4 
[1, 13, 19, 0]  	907	2 
[1, 32, 5, 0]  	910	3 
[1, 12, 20, 0]  	915	2 
[1, 31, 6, 0]  	918	3 
[1, 27, 9, 0]  	919	2 
[0, 32, 6, 0]  	922	2 
[1, 30, 7, 0]  	926	2 
[1, 18, 16, 0]  	929	3 
[0, 31, 7, 0]  	930	2 
[1, 29, 8, 0]  	934	2 
[0, 30, 8, 0]  	938	1 
[1, 1, 29, 0]  	941	2 
[1, 24, 12, 0]  	943	3 
[1, 35, 4, 0]  	948	3 
[1, 0, 30, 0]  	949	2 
[0, 1, 30, 0]  	953	1 
[0, 16, 19, 0]  	957	1 
[0, 35, 5, 0]  	960	2 
[0, 0, 31, 0]  	961	1  <--- 3
[1, 21, 15, 0]  	967	3 
[0, 18, 18, 0]  	972	1 
[1, 4, 28, 0]  	979	2 
[0, 4, 29, 0]  	991	1 
[0, 38, 4, 0]  	998	2 
[0, 21, 17, 0]  	1010	1 
[0, 44, 0, 0]  	1012	2  <--- 2
[1, 7, 27, 0]  	1017	2 
[0, 7, 28, 0]  	1029	1 
[0, 41, 3, 0]  	1036	2 
[0, 24, 16, 0]  	1048	1 
[0, 10, 27, 0]  	1067	1 
[0, 27, 15, 0]  	1086	1 
[0, 13, 26, 0]  	1105	1 
[15, 0, 13, 1]  	688	9 
[7, 6, 14, 1]  	705	8 
[6, 26, 1, 1]  	743	7 
[16, 20, 0, 1]  	764	7 
[4, 4, 21, 1]  	819	5 
[3, 17, 12, 1]  	820	5 
[3, 7, 20, 1]  	838	4 
[3, 12, 16, 2]  	829	5 
[2, 29, 4, 28]  	829	4 
[14, 17, 1, 29]  	688	8 
[6, 23, 2, 29]  	705	7 
[5, 12, 12, 29]  	743	5 
[5, 21, 6, 29]  	764	5 
[4, 24, 5, 29]  	783	5 
[3, 21, 9, 29]  	819	4 
[2, 34, 0, 29]  	820	4 
[2, 24, 8, 29]  	838	2 
------
The gap is between 3 and 27.
Lengths: 3 3 5 5 3 3.
For 982 = 5*d/2-d1-d2-d3 you get 3 in char 0.
1*x^1*y^23*z^14
1*y^40*z^2
1*y^9*z^25

For 560 = 3*d/2-d1-d2-d3 you get 5 in char 0.
1*x^4*y^17*z^3
1*x^3*y^3*z^14
1*x^2*y^20*z^2
1*x^1*y^6*z^13
1*y^23*z^1

For 138 = d/2-d1-d2-d3 you get 3 in char 0.
1*x^4*z^2
1*x^2*y^3*z^1
1*y^6

Extra powers of p used 0.
The invariant extra is equal to 1.
Start computing 11^3 Delta^1 (x1x2x3)^10... Done.
Start computing 11^4 Delta^2 (x1x2x3)^10... Done.
Start computing 11^5 Delta^3 (x1x2x3)^10... Done.
Start computing 11^6 Delta^4 (x1x2x3)^10... Done.
Start computing 11^7 Delta^5 (x1x2x3)^10... Done.
Start computing 11^8 Delta^6 (x1x2x3)^10... Done.
Start computing 11^9 Delta^7 (x1x2x3)^10... Done.
Start computing aa.
1 2 3 4 5 6 7 8 9 10 11 
*/
A = \
[1363702452291785156396681058378,1163247625066700666413114291499,419148513918812204373353660566,282977633539380189176349124949,127205229325630561210104013784,1480132348654965712055340029269,152075363410969500278287921311,1279209980100213184610551237867,510199067464684841625511766868,920825457901351235863189232574,77538185361046521120034912205;\
436399838232719740321319112615,404477499826867916826874203333,290442728725611085025562939428,961291839992455176648429200830,216026095250476500658770234430,987831544268802534885480791081,594229123066966015681734847055,719931179426818006383879592669,1335815078213757891076675544119,354877123367074197585510862861,786331659782779318399995799688;\
190325300940258687004698728639,358277170043090101856155164424,335039408370914325676137412186,293210137320132503740942629231,981062652559785975333553717780,1237768370369554790650683864889,645969886341080622333490762339,1346234139861259533379085746254,1376252350054184618598029547309,357534180620445003796502374097,198227229897302452156700122073;\
90244109954157463617444211489,1348371651851650605325548135277,1323671617783458008780448689608,67385564862499336218713329151,1087629206257879261678325932836,305673669959441173400987923628,802628958666728851501424185715,151940069452036866215247295186,683332854323674641425578313767,334634744755410341531647053113,686668100980583597817827594830;\
863766119375702413868441886985,5380421463262929880478591844,66100578210952275227476347613,1227025743707913169802635979455,569500422398907450365498537459,907489301680875611131336943590,516669806344302168450261498019,237403934637365278733161369147,1358698125196386684060125806647,48398718521070265874862477141,420963434673065559652827439803;\
53525268641872719525422081710,860140319820729038696628768321,848994707277177420718260799248,61625676217573653480016394178,490336356382375680836472476190,1106767298254826290641866831106,1436315145208096476478644190064,1394990264591201166823275349822,843795100223454134657635807854,1538364516649945808974873485411,1206730260449722772336339309334;\
1548993303283007604858752115404,1344039291299633062076995776703,1133827728079633738569289144785,807627509655473809543726765511,557038353317150709346744492585,783811038273443352560803869399,102024353626092771121505532682,1483652050576510531556099180173,1089549087554600294004299871724,375984975231478621242434467883,737940286206321905414994778679;\
25112125163570861408447303872,1325499018535601010697058558520,485525628645953864305349765624,442947963490372885248685155504,409830796926513389587330111887,975554288922183836413274333244,1331714755250177326122886285560,874525198912028043691353309850,1576418971511255897218167673985,1318433963037710567121761627995,1361348823190983389457910864968;\
343166578682394954461760437749,1225873646705722271434256471618,33174044411160899389536963491,567803230979088360781847097501,1548389937760024434306789243488,1166609773796579793542031998201,436710613936394974955535865130,270084015840046095166374531152,284729622239708555129329428231,113136336569016514528395411307,661311133697626488475521433300;\
96995702606490894871161634374,1488365688555069566847260828953,1250577112938969669312371433677,219258207415564528467187237647,1026476249509646993802090078084,1450083542703203062170303293,4330618566711295296478969742,1352393658579715912793069676987,33919805286834837532530971130,964678278138126347048426597083,101574336322078626983713465850;\
242704042119733006661345077159,292802710639985712596431152631,1514337765892231906504051886734,1148038411566454275749497478709,1158385905896123837534411657386,473796890488025934610146010678,1145380614910631723453178737311,749156233795645730788081233809,1422371977377882742263144936503,1296532160437964253411577859307,542157543595569068510004815835]
/* 
This should be the matrix of frobenius!
*/ 
B = A; 
/* Freed 166 lists. */
