/* Comments begin... 
Coefficient of   x^21 * y^1               = -5
Coefficient of   x^10 * y^2 * z^6         = -4
Coefficient of   x^8 * y^5 * z^5         = 3
Coefficient of   x^6 * y^8 * z^4         = 0
Coefficient of   x^4 * y^11 * z^3         = -3
Coefficient of   x^2 * y^14 * z^2         = 0
Coefficient of   x^1 * z^13               = -2
Coefficient of   y^17 * z^1               = -2

Here is the polynomial we're using this time:

-5*x^21*y^1 + -4*x^10*y^2*z^6 + 3*x^8*y^5*z^5 + -3*x^4*y^11*z^3 + -2*x^1*z^13 + -2*y^17*z^1

Allocate G_len 20 elements and old = 0.
Allocate M_len = 400 elements.
Allocate G_len 40 elements and old = 20.
Allocate M_len = 800 elements.
Allocate G_len 80 elements and old = 40.
Allocate M_len = 1600 elements.
Allocate M_len = 3200 elements.
Allocate G_len 160 elements and old = 80.
Allocate M_len = 6400 elements.
Allocate M_len = 12800 elements.
Allocate G_len 320 elements and old = 160.
The final length of G is 163
[10, 2, 5, 0]  	391	5 
[21, 0, 0, 0]  	399	5  <--- 1
[20, 1, 0, 0]  	403	5 
[8, 5, 5, 0]  	422	4 
[8, 8, 4, 0]  	460	7 
[6, 11, 4, 0]  	491	6 
[6, 14, 3, 0]  	529	7 
[5, 0, 15, 0]  	560	6 
[18, 5, 4, 0]  	581	8 
[14, 11, 3, 0]  	612	7 
[16, 11, 2, 0]  	619	9 
[11, 0, 14, 0]  	643	8 
[13, 0, 13, 0]  	650	8 
[12, 17, 2, 0]  	681	9 
[10, 19, 2, 0]  	689	9 
[9, 20, 2, 0]  	693	7 
[17, 0, 12, 0]  	695	8 
[12, 19, 1, 0]  	696	7 
[7, 22, 2, 0]  	701	7 
[7, 6, 14, 0]  	705	7 
[8, 23, 1, 0]  	712	8 
[7, 8, 13, 0]  	720	8 
[6, 9, 13, 0]  	724	6 
[10, 22, 1, 0]  	727	8 
[6, 8, 14, 0]  	732	7 
[5, 25, 2, 0]  	732	7 
[5, 9, 14, 0]  	736	7 
[7, 25, 1, 0]  	739	7 
[16, 19, 0, 0]  	741	7 
[6, 26, 1, 0]  	743	7 
[8, 26, 0, 0]  	750	7 
[5, 11, 13, 0]  	751	7 
[6, 28, 0, 0]  	758	7 
[4, 11, 14, 0]  	763	6 
[10, 25, 0, 0]  	765	7 
[4, 26, 3, 0]  	767	6 
[5, 28, 1, 0]  	770	6 
[4, 14, 12, 0]  	770	6 
[5, 24, 4, 0]  	771	6 
[5, 20, 7, 0]  	772	6 
[4, 29, 1, 0]  	774	6 
[19, 18, 0, 0]  	775	7 
[5, 15, 11, 0]  	781	6 
[4, 28, 2, 0]  	782	6 
[3, 14, 13, 0]  	782	6 
[3, 29, 2, 0]  	786	5 
[5, 18, 9, 0]  	788	6 
[4, 23, 6, 0]  	791	5 
[3, 32, 0, 0]  	793	5 
[5, 17, 10, 0]  	796	6 
[4, 18, 10, 0]  	800	5 
[3, 31, 1, 0]  	801	5 
[3, 0, 24, 0]  	801	5 
[2, 32, 1, 0]  	805	5 
[4, 25, 5, 0]  	806	6 
[4, 21, 8, 0]  	807	5 
[5, 31, 0, 0]  	808	5 
[4, 17, 11, 0]  	808	5 
[4, 1, 23, 0]  	812	5 
[4, 20, 9, 0]  	815	5 
[4, 4, 21, 0]  	819	5 
[3, 17, 12, 0]  	820	5 
[2, 18, 12, 0]  	824	4 
[4, 7, 19, 0]  	826	5 
[4, 3, 22, 0]  	827	5 
[3, 12, 16, 0]  	829	5 
[3, 4, 22, 0]  	831	4 
[4, 6, 20, 0]  	834	5 
[15, 24, 0, 0]  	837	5 
[3, 3, 23, 0]  	839	4 
[4, 9, 18, 0]  	841	5 
[3, 6, 21, 0]  	846	4 
[3, 21, 10, 0]  	850	4 
[3, 9, 19, 0]  	853	4 
[3, 28, 5, 0]  	856	5 
[2, 29, 5, 0]  	860	4 
[2, 21, 11, 0]  	862	3 
[3, 27, 6, 0]  	864	4 
[3, 23, 9, 0]  	865	4 
[3, 11, 18, 0]  	868	4 
[2, 28, 6, 0]  	868	4 
[3, 26, 7, 0]  	872	4 
[2, 4, 24, 0]  	874	4 
[2, 31, 4, 0]  	875	5 
[2, 27, 7, 0]  	876	3 
[2, 23, 10, 0]  	877	3 
[2, 15, 16, 0]  	879	4 
[2, 7, 22, 0]  	881	3 
[2, 14, 17, 0]  	887	4 
[2, 10, 20, 0]  	888	3 
[1, 15, 17, 0]  	891	3 
[1, 38, 0, 0]  	893	3 
[2, 13, 18, 0]  	895	3 
[2, 9, 21, 0]  	896	3 
[2, 1, 27, 0]  	898	4 
[1, 14, 18, 0]  	899	3 
[1, 10, 21, 0]  	900	2 
[2, 12, 19, 0]  	903	3 
[2, 0, 28, 0]  	906	4 
[1, 13, 19, 0]  	907	2 
[1, 32, 5, 0]  	910	3 
[2, 26, 9, 0]  	915	2 
[1, 12, 20, 0]  	915	2 
[1, 31, 6, 0]  	918	3 
[1, 27, 9, 0]  	919	2 
[0, 32, 6, 0]  	922	2 
[1, 18, 16, 0]  	929	3 
[0, 31, 7, 0]  	930	2 
[1, 29, 8, 0]  	934	2 
[0, 30, 8, 0]  	938	1 
[1, 1, 29, 0]  	941	2 
[1, 24, 12, 0]  	943	3 
[1, 35, 4, 0]  	948	3 
[0, 1, 30, 0]  	953	1 
[0, 16, 19, 0]  	957	1 
[0, 35, 5, 0]  	960	2 
[0, 0, 31, 0]  	961	1  <--- 3
[0, 18, 18, 0]  	972	1 
[1, 4, 28, 0]  	979	2 
[0, 4, 29, 0]  	991	1 
[0, 38, 4, 0]  	998	2 
[0, 21, 17, 0]  	1010	1 
[0, 44, 0, 0]  	1012	2  <--- 2
[0, 7, 28, 0]  	1029	1 
[0, 41, 3, 0]  	1036	2 
[0, 24, 16, 0]  	1048	1 
[0, 10, 27, 0]  	1067	1 
[0, 27, 15, 0]  	1086	1 
[0, 13, 26, 0]  	1105	1 
[16, 17, 1, 1]  	726	7 
[4, 12, 13, 1]  	755	6 
[12, 23, 0, 1]  	757	7 
[5, 29, 0, 1]  	762	6 
[4, 31, 0, 1]  	789	6 
[4, 10, 17, 1]  	833	5 
[3, 11, 17, 1]  	837	5 
[3, 7, 20, 1]  	838	4 
[2, 35, 0, 1]  	843	4 
[3, 10, 18, 1]  	845	4 
[3, 24, 8, 1]  	857	4 
[3, 20, 11, 1]  	858	4 
[2, 24, 9, 1]  	869	3 
[2, 26, 8, 1]  	884	3 
[1, 30, 7, 1]  	926	2 
[1, 0, 30, 1]  	949	2 
[1, 7, 27, 1]  	1017	2 
[1, 21, 15, 2]  	967	3 
[9, 3, 14, 3]  	674	8 
[8, 20, 2, 27]  	674	7 
[0, 38, 3, 28]  	967	2 
[5, 18, 7, 29]  	726	6 
[4, 21, 6, 29]  	745	5 
[3, 29, 1, 29]  	755	3 
[4, 15, 11, 29]  	762	5 
[4, 24, 5, 29]  	783	3 
[4, 0, 23, 29]  	789	5 
[4, 7, 18, 29]  	795	5 
[2, 27, 5, 29]  	814	3 
[1, 10, 19, 29]  	838	2 
[2, 4, 23, 29]  	843	3 
[2, 6, 22, 29]  	858	3 
[0, 16, 18, 29]  	926	1 
[0, 24, 15, 29]  	1017	1 
------
The gap is between 4 and 26.
Lengths: 3 3 5 5 3 3.
For 982 = 5*d/2-d1-d2-d3 you get 3 in char 0.
1*x^1*y^23*z^14
1*y^40*z^2
1*y^9*z^25

For 560 = 3*d/2-d1-d2-d3 you get 5 in char 0.
1*x^4*y^17*z^3
1*x^3*y^3*z^14
1*x^2*y^20*z^2
1*x^1*y^6*z^13
1*y^23*z^1

For 138 = d/2-d1-d2-d3 you get 3 in char 0.
1*x^4*z^2
1*x^2*y^3*z^1
1*y^6

Extra powers of p used 0.
The invariant extra is equal to 1.
Start computing 11^3 Delta^1 (x1x2x3)^10... Done.
Start computing 11^4 Delta^2 (x1x2x3)^10... Done.
Start computing 11^5 Delta^3 (x1x2x3)^10... Done.
Start computing 11^6 Delta^4 (x1x2x3)^10... Done.
Start computing 11^7 Delta^5 (x1x2x3)^10... Done.
Start computing 11^8 Delta^6 (x1x2x3)^10... Done.
Start computing 11^9 Delta^7 (x1x2x3)^10... Done.
Start computing aa.
1 2 3 4 5 6 7 8 9 10 11 
*/
A = \
[87473208628467917478306256423,1383637787995937048872004425311,1218966790680080768322003069789,838591816338771890537683192971,88372553145725813440958809789,918570905707849147715283518581,1424112820729254511362800523109,872067071242671157067074279617,846008785334059246665347644887,184177575006142233324189280273,404715153860796853315077969693;\
360732290265801144349352233357,683508125312787240596413398262,1382352575226726794431042474402,901949066866653584860228545211,43290118301789779579567089726,416498868827659073488048848557,1187547984922644656800768040927,1057484976064787461633973285777,1044322625454148664485276096055,820265645276508890158541681840,1563481156164033510394900812540;\
1220684226172647738792164031572,457326642046656749231364582072,1066868925219253813054194450685,862924403988827267364375039381,1279198148189420858365269125702,102804594130649889163322464575,299620867830703815844839814214,73252351446031269063339159658,1113190438744458838250856118321,1223345231925883859656496356383,127098683797460724348438029701;\
1094304319075868594172872612913,1584675711959194174136706657723,501892523895617496760491633060,625943347096068012465815558219,951517260361537080393224520808,1088025386053385553734528907735,1383226250909332275897263042263,74623934409520764538201745715,1306777612813471058412733414042,1540986208654247124039189369010,1043878974359212998832798291605;\
602439397546034785318335333276,1542542744247467383621785384350,830220688508356980544971601626,1044513948672455530346096025083,5184542050779020412582359711,1469376861197579147118059141970,200882147359780879247524925392,397468560533703845669031702835,1557692799483701926353125045316,419172926254130965423494757407,1316894125600007512054631171719;\
395469959209192888272701029129,422628416352996363587762251957,109655256177760942100271414831,1529455916087816434798413137387,427857129613812480904342667944,677977907553997525341976700569,153148073613819039396203951256,840727902559093656141528070918,1197943005035229216458994472558,810925498375859829478743679925,222450899278770331505299419280;\
96430036625152512796185761333,202948929680609640112700374495,296404571456607834886366049261,326466237905751925940815679504,1249274320156549491167290646906,1029646225341247403590708687108,1176877681004661831527816788546,986402210296195375484054280643,323956265611641382094136274491,1078549608216665487532072362139,491804068697588644561918523928;\
125932756558103621178776716821,1169271162560124869735865403022,857990811122949905060128919909,776928656955995983953912169090,1270407915306840261802755332714,1152352642953609621898515890639,1060611073515191545458182788244,399006413881073233437645562537,883689004818506320751006167863,306468139802957800735226122612,629491547577967353561296996355;\
840637887987681388149827202091,64547648321256977776727636625,1519550439957951420452211394737,179147009922169921754584179157,1309907262651130036143932654500,209074560038502284677464905893,510061584523204764444369727433,758734482019872346130608047736,861078341269582737171638619203,1444231114585137992451803554155,468987200245631633502030090601;\
707710881941210336541554827295,112230993913190836366506462520,1034642444417657368465120555574,442238514890557620452299157515,690315534735964640967726915774,1127048034177377838766642766463,768397882874278443730461462494,367112067000474938394051535417,1003170976698979708131608902564,931570968758149118713902942277,411870624635137953342279716351;\
935765787022348031909531147976,1302450373603646979755901776204,1070189168815027222000687094183,446424250156244695398082419576,45213427151846765187686127235,1299093379344658392290033911013,857365791770024438758667228330,839758440812641949603980260505,170831448211557865784545345292,1324145957828483080656168739331,831645766633270222309972258083]
/* 
This should be the matrix of frobenius!
*/ 
B = A; 
/* Freed 166 lists. */
