/* Comments begin... 
Coefficient of   x^21 * y^1               = 2
Coefficient of   x^10 * y^2 * z^6         = 1
Coefficient of   x^8 * y^5 * z^5         = 4
Coefficient of   x^6 * y^8 * z^4         = 2
Coefficient of   x^4 * y^11 * z^3         = -2
Coefficient of   x^2 * y^14 * z^2         = -4
Coefficient of   x^1 * z^13               = -1
Coefficient of   y^17 * z^1               = -3

Here is the polynomial we're using this time:

2*x^21*y^1 + 1*x^10*y^2*z^6 + 4*x^8*y^5*z^5 + 2*x^6*y^8*z^4 + -2*x^4*y^11*z^3 + -4*x^2*y^14*z^2 + -1*x^1*z^13 + -3*y^17*z^1

Allocate G_len 20 elements and old = 0.
Allocate M_len = 400 elements.
Allocate G_len 40 elements and old = 20.
Allocate M_len = 800 elements.
Allocate G_len 80 elements and old = 40.
Allocate M_len = 1600 elements.
Allocate M_len = 3200 elements.
Allocate G_len 160 elements and old = 80.
Allocate M_len = 6400 elements.
Allocate M_len = 12800 elements.
Allocate G_len 320 elements and old = 160.
Allocate M_len = 25600 elements.
The final length of G is 178
[10, 2, 5, 0]  	391	7 
[21, 0, 0, 0]  	399	7  <--- 1
[20, 1, 0, 0]  	403	7 
[8, 5, 5, 0]  	422	6 
[8, 8, 4, 0]  	460	7 
[6, 11, 4, 0]  	491	6 
[5, 0, 15, 0]  	560	6 
[18, 5, 4, 0]  	581	12 
[14, 11, 3, 0]  	612	11 
[18, 8, 3, 0]  	619	11 
[12, 14, 3, 0]  	643	9 
[11, 0, 14, 0]  	643	10 
[14, 14, 2, 0]  	650	10 
[18, 11, 2, 0]  	657	10 
[10, 17, 3, 0]  	674	9 
[9, 3, 14, 0]  	674	9 
[12, 17, 2, 0]  	681	9 
[15, 0, 13, 0]  	688	9 
[10, 19, 2, 0]  	689	9 
[9, 20, 2, 0]  	693	8 
[18, 14, 1, 0]  	695	9 
[9, 19, 3, 0]  	701	8 
[7, 22, 2, 0]  	701	8 
[8, 20, 3, 0]  	705	8 
[7, 6, 14, 0]  	705	8 
[12, 20, 1, 0]  	719	8 
[6, 9, 13, 0]  	724	7 
[16, 17, 1, 0]  	726	8 
[10, 22, 1, 0]  	727	8 
[6, 8, 14, 0]  	732	7 
[5, 25, 2, 0]  	732	7 
[19, 0, 12, 0]  	733	8 
[14, 19, 1, 0]  	734	8 
[6, 23, 3, 0]  	736	7 
[5, 9, 14, 0]  	736	7 
[7, 25, 1, 0]  	739	7 
[6, 26, 1, 0]  	743	7 
[8, 26, 0, 0]  	750	7 
[5, 11, 13, 0]  	751	7 
[4, 12, 13, 0]  	755	6 
[12, 23, 0, 0]  	757	7 
[6, 28, 0, 0]  	758	7 
[4, 11, 14, 0]  	763	6 
[4, 26, 3, 0]  	767	6 
[5, 28, 1, 0]  	770	6 
[4, 14, 12, 0]  	770	6 
[5, 24, 4, 0]  	771	6 
[14, 22, 0, 0]  	772	7 
[4, 29, 1, 0]  	774	6 
[19, 18, 0, 0]  	775	7 
[18, 19, 0, 0]  	779	7 
[4, 28, 2, 0]  	782	6 
[3, 14, 13, 0]  	782	6 
[3, 29, 2, 0]  	786	5 
[5, 18, 9, 0]  	788	6 
[4, 31, 0, 0]  	789	6 
[5, 21, 7, 0]  	795	6 
[5, 17, 10, 0]  	796	6 
[4, 18, 10, 0]  	800	5 
[3, 31, 1, 0]  	801	5 
[3, 0, 24, 0]  	801	5 
[2, 32, 1, 0]  	805	5 
[17, 21, 0, 0]  	806	6 
[4, 25, 5, 0]  	806	6 
[5, 23, 6, 0]  	810	6 
[4, 1, 23, 0]  	812	5 
[4, 24, 6, 0]  	814	5 
[4, 4, 21, 0]  	819	5 
[3, 17, 12, 0]  	820	5 
[4, 23, 7, 0]  	822	5 
[2, 18, 12, 0]  	824	4 
[4, 7, 19, 0]  	826	5 
[4, 3, 22, 0]  	827	5 
[3, 4, 22, 0]  	831	4 
[4, 10, 17, 0]  	833	5 
[4, 6, 20, 0]  	834	5 
[3, 11, 17, 0]  	837	5 
[4, 21, 9, 0]  	838	4 
[3, 7, 20, 0]  	838	4 
[3, 34, 0, 0]  	839	4 
[3, 3, 23, 0]  	839	4 
[4, 9, 18, 0]  	841	5 
[2, 35, 0, 0]  	843	4 
[3, 10, 18, 0]  	845	4 
[3, 6, 21, 0]  	846	4 
[3, 21, 10, 0]  	850	4 
[3, 9, 19, 0]  	853	4 
[3, 28, 5, 0]  	856	5 
[3, 24, 8, 0]  	857	4 
[3, 20, 11, 0]  	858	4 
[2, 29, 5, 0]  	860	4 
[2, 21, 11, 0]  	862	3 
[3, 27, 6, 0]  	864	4 
[3, 23, 9, 0]  	865	4 
[2, 28, 6, 0]  	868	4 
[2, 24, 9, 0]  	869	3 
[3, 26, 7, 0]  	872	4 
[2, 4, 24, 0]  	874	4 
[2, 31, 4, 0]  	875	5 
[2, 23, 10, 0]  	877	3 
[2, 7, 22, 0]  	881	3 
[2, 14, 17, 0]  	887	4 
[2, 10, 20, 0]  	888	3 
[1, 15, 17, 0]  	891	3 
[1, 38, 0, 0]  	893	3 
[2, 13, 18, 0]  	895	3 
[2, 9, 21, 0]  	896	3 
[1, 14, 18, 0]  	899	3 
[1, 10, 21, 0]  	900	2 
[2, 12, 19, 0]  	903	3 
[2, 0, 28, 0]  	906	4 
[1, 13, 19, 0]  	907	2 
[1, 32, 5, 0]  	910	3 
[1, 12, 20, 0]  	915	2 
[1, 31, 6, 0]  	918	3 
[1, 27, 9, 0]  	919	2 
[0, 32, 6, 0]  	922	2 
[1, 30, 7, 0]  	926	2 
[1, 18, 16, 0]  	929	3 
[0, 31, 7, 0]  	930	2 
[1, 29, 8, 0]  	934	2 
[0, 30, 8, 0]  	938	1 
[1, 1, 29, 0]  	941	2 
[1, 24, 12, 0]  	943	3 
[1, 35, 4, 0]  	948	3 
[1, 0, 30, 0]  	949	2 
[0, 1, 30, 0]  	953	1 
[0, 16, 19, 0]  	957	1 
[0, 35, 5, 0]  	960	2 
[0, 0, 31, 0]  	961	1  <--- 3
[1, 21, 15, 0]  	967	3 
[0, 18, 18, 0]  	972	1 
[1, 4, 28, 0]  	979	2 
[0, 4, 29, 0]  	991	1 
[0, 38, 4, 0]  	998	2 
[0, 21, 17, 0]  	1010	1 
[0, 44, 0, 0]  	1012	2  <--- 2
[1, 7, 27, 0]  	1017	2 
[0, 7, 28, 0]  	1029	1 
[0, 41, 3, 0]  	1036	2 
[0, 24, 16, 0]  	1048	1 
[0, 10, 27, 0]  	1067	1 
[0, 27, 15, 0]  	1086	1 
[0, 13, 26, 0]  	1105	1 
[6, 14, 3, 1]  	529	7 
[8, 23, 1, 1]  	712	8 
[7, 8, 13, 1]  	720	8 
[5, 29, 0, 1]  	762	6 
[16, 20, 0, 1]  	764	7 
[10, 25, 0, 1]  	765	7 
[3, 32, 0, 1]  	793	5 
[5, 20, 8, 1]  	803	6 
[4, 21, 8, 1]  	807	5 
[4, 17, 11, 1]  	808	5 
[4, 20, 9, 1]  	815	5 
[3, 12, 16, 1]  	829	5 
[2, 27, 7, 1]  	876	3 
[2, 15, 16, 1]  	879	4 
[2, 26, 8, 1]  	884	3 
[2, 1, 27, 1]  	898	4 
[5, 15, 11, 2]  	781	6 
[4, 1, 22, 28]  	781	5 
[5, 0, 14, 29]  	529	6 
[9, 19, 2, 29]  	670	7 
[7, 9, 12, 29]  	712	7 
[6, 25, 1, 29]  	720	6 
[7, 26, 0, 29]  	731	6 
[3, 1, 22, 29]  	762	4 
[5, 21, 6, 29]  	764	6 
[5, 17, 9, 29]  	765	6 
[4, 24, 5, 29]  	783	4 
[3, 6, 19, 29]  	784	3 
[2, 29, 4, 29]  	829	4 
[1, 13, 18, 29]  	876	2 
[1, 32, 4, 29]  	879	2 
[1, 12, 19, 29]  	884	2 
[1, 18, 15, 29]  	898	3 
[0, 30, 7, 29]  	907	1 
------
The gap is between 3 and 27.
Lengths: 3 3 5 5 3 3.
For 982 = 5*d/2-d1-d2-d3 you get 3 in char 0.
1*x^1*y^23*z^14
1*y^40*z^2
1*y^9*z^25

For 560 = 3*d/2-d1-d2-d3 you get 5 in char 0.
1*x^4*y^17*z^3
1*x^3*y^3*z^14
1*x^2*y^20*z^2
1*x^1*y^6*z^13
1*y^23*z^1

For 138 = d/2-d1-d2-d3 you get 3 in char 0.
1*x^4*z^2
1*x^2*y^3*z^1
1*y^6

Extra powers of p used 0.
The invariant extra is equal to 1.
Start computing 11^3 Delta^1 (x1x2x3)^10... Done.
Start computing 11^4 Delta^2 (x1x2x3)^10... Done.
Start computing 11^5 Delta^3 (x1x2x3)^10... Done.
Start computing 11^6 Delta^4 (x1x2x3)^10... Done.
Start computing 11^7 Delta^5 (x1x2x3)^10... Done.
Start computing 11^8 Delta^6 (x1x2x3)^10... Done.
Start computing 11^9 Delta^7 (x1x2x3)^10... Done.
Start computing aa.
1 2 3 4 5 6 7 8 9 10 11 
*/
A = \
[698154355913802463452314460717,1182762027170692356157051494267,700255905547276973255221696892,572108822339560150450578408889,236421146139235839828748875822,1008885097923027888312742352426,463498063023552243271502154985,937591964610971906655490525179,1265714229458967942448284863538,1238240869470093580338886628913,801057635327529092824367930753;\
2364132409327576328075359987,436403183529267021692542937547,1091500031684083276106357724602,1472493279743700641791167349678,159492214052330824070514771388,838321545100327249020785603350,343706196112201974721813786423,65812199962222822910557981632,913021639766520533352754760230,532862428302935000055799362602,31260791734354143466914456212;\
583344677643488355805409323063,1503774430012936869898888452400,227290964986058192277103246965,774132179633257108026583908523,810572732507322097069745774621,122338544403290534856413847696,441365756410128470878721997618,1038696399494167316698417854078,497079615109777651108037830598,554347123272493113665977086201,703276530699825732684097843032;\
895949470117966902533532917584,1244131380337569480389620864125,739892328809162143234574798577,64784954620483229578150521608,1413667150837110271999231339114,756808382311434625343701161346,582360100071977005685705726543,586978774884521512131017819924,624182418700197547930509534171,433256978728540979205578746438,339961355203863861135334434240;\
1581830411876067871382394413423,656954183323950295161924359261,872537037009124641898219130146,1460977018744598151731238930692,1503852115918823066415080568331,824859934442626715853615587203,471645419009646655814364160870,1156795410768195127836141512607,712605033457942679529754728482,954628172392326791576880391102,1248200705005476851058702275531;\
821075394730223909762262492106,1058148776650224572184508412083,1202662975250829067117156637283,480912246514736774673187001816,739144845826183800109748123526,542539996132446559150954176643,263237044986990443934503095212,1235632096367962093132771181160,1024761307261646490655759806661,1386407412452804626786074183560,776227654865197342090587458220;\
1568981398992200191316466949389,839925376530656221413935526867,915680883717092283904870234189,421039640702866859251227157838,1293635327899321373322140187194,1565820874894836261937202029920,1301283604505101131657549177338,1464809353459485462612867710158,432805970367394517968870728988,1118700588192788779995055537661,1516111101563767084283311947983;\
395021660982136443445629627763,814125519598189976639484323056,120501535589498080811637694135,712001264162516592511360247211,1496565567722446103651137670037,5878202421008254589068432957,1095019702676897406315811708991,748905386749920325522076527014,1125714451825822254618811914006,918572436851142542060887162329,455049051487346466695456246357;\
902785302729603798370808636726,650687422212876830769316224286,1366035083021834003884292042631,1387991005697282437032610233348,843557536040190219478039508633,1309329188091986022536080163515,333052737797825876383455478026,94177390099607601089383844588,541546036658225605801856950493,346463272281362837344159353168,1119125878300539222278718206324;\
1004699832973660435912020532033,64136780546502378214483618288,786128591282320397352099724398,1482454586127731341656967705775,1376179066346922500900960759476,481496615386102544291840340443,1196429202061283253551876586363,14238869606753205563411431620,135161221375219742493427710117,1385014377089070224848103153643,857916881034980111966486735056;\
1205643605947547233582652481734,1296073722300392010231318593299,194700183490222727333172964730,481095159410214964969693139174,1454808524069762943936325329738,997432729139366777902302340463,1223011900435437115997804500767,1537608890357503860910467373986,937157682866774619647924268390,908187020759001141986163516939,1305497340170560991290278278023]
/* 
This should be the matrix of frobenius!
*/ 
B = A; 
/* Freed 167 lists. */
