/* Comments begin... 
Coefficient of   x^21 * y^1               = 4
Coefficient of   x^10 * y^2 * z^6         = 4
Coefficient of   x^8 * y^5 * z^5         = 2
Coefficient of   x^6 * y^8 * z^4         = 3
Coefficient of   x^4 * y^11 * z^3         = 4
Coefficient of   x^2 * y^14 * z^2         = 3
Coefficient of   x^1 * z^13               = 3
Coefficient of   y^17 * z^1               = 3

Here is the polynomial we're using this time:

4*x^21*y^1 + 4*x^10*y^2*z^6 + 2*x^8*y^5*z^5 + 3*x^6*y^8*z^4 + 4*x^4*y^11*z^3 + 3*x^2*y^14*z^2 + 3*x^1*z^13 + 3*y^17*z^1

Allocate G_len 20 elements and old = 0.
Allocate M_len = 400 elements.
Allocate G_len 40 elements and old = 20.
Allocate M_len = 800 elements.
Allocate G_len 80 elements and old = 40.
Allocate M_len = 1600 elements.
Allocate M_len = 3200 elements.
Allocate G_len 160 elements and old = 80.
Allocate M_len = 6400 elements.
Allocate M_len = 12800 elements.
Allocate G_len 320 elements and old = 160.
The final length of G is 167
[10, 2, 5, 0]  	391	7 
[21, 0, 0, 0]  	399	7  <--- 1
[20, 1, 0, 0]  	403	7 
[8, 5, 5, 0]  	422	6 
[8, 8, 4, 0]  	460	7 
[6, 11, 4, 0]  	491	6 
[6, 14, 3, 0]  	529	7 
[5, 0, 15, 0]  	560	6 
[18, 5, 4, 0]  	581	12 
[14, 11, 3, 0]  	612	11 
[18, 8, 3, 0]  	619	11 
[11, 0, 14, 0]  	643	10 
[14, 14, 2, 0]  	650	10 
[18, 11, 2, 0]  	657	10 
[12, 17, 2, 0]  	681	9 
[15, 0, 13, 0]  	688	9 
[10, 19, 2, 0]  	689	9 
[9, 20, 2, 0]  	693	8 
[18, 14, 1, 0]  	695	9 
[7, 22, 2, 0]  	701	8 
[7, 6, 14, 0]  	705	8 
[8, 23, 1, 0]  	712	8 
[12, 20, 1, 0]  	719	8 
[7, 8, 13, 0]  	720	8 
[6, 9, 13, 0]  	724	7 
[16, 17, 1, 0]  	726	8 
[10, 22, 1, 0]  	727	8 
[6, 8, 14, 0]  	732	7 
[5, 25, 2, 0]  	732	7 
[19, 0, 12, 0]  	733	8 
[14, 19, 1, 0]  	734	8 
[5, 9, 14, 0]  	736	7 
[7, 25, 1, 0]  	739	7 
[6, 26, 1, 0]  	743	7 
[5, 11, 13, 0]  	751	7 
[4, 12, 13, 0]  	755	6 
[12, 23, 0, 0]  	757	7 
[6, 28, 0, 0]  	758	7 
[5, 29, 0, 0]  	762	6 
[10, 25, 0, 0]  	765	7 
[4, 26, 3, 0]  	767	6 
[5, 28, 1, 0]  	770	6 
[4, 14, 12, 0]  	770	6 
[5, 24, 4, 0]  	771	6 
[14, 22, 0, 0]  	772	7 
[4, 29, 1, 0]  	774	6 
[19, 18, 0, 0]  	775	7 
[18, 19, 0, 0]  	779	7 
[5, 15, 11, 0]  	781	6 
[4, 28, 2, 0]  	782	6 
[3, 14, 13, 0]  	782	6 
[3, 29, 2, 0]  	786	5 
[5, 18, 9, 0]  	788	6 
[4, 31, 0, 0]  	789	6 
[3, 32, 0, 0]  	793	5 
[5, 21, 7, 0]  	795	6 
[5, 17, 10, 0]  	796	6 
[4, 18, 10, 0]  	800	5 
[3, 31, 1, 0]  	801	5 
[3, 0, 24, 0]  	801	5 
[5, 20, 8, 0]  	803	6 
[2, 32, 1, 0]  	805	5 
[17, 21, 0, 0]  	806	6 
[4, 25, 5, 0]  	806	6 
[4, 21, 8, 0]  	807	5 
[4, 17, 11, 0]  	808	5 
[5, 23, 6, 0]  	810	6 
[4, 1, 23, 0]  	812	5 
[4, 24, 6, 0]  	814	5 
[4, 20, 9, 0]  	815	5 
[4, 23, 7, 0]  	822	5 
[2, 18, 12, 0]  	824	4 
[4, 3, 22, 0]  	827	5 
[3, 12, 16, 0]  	829	5 
[3, 4, 22, 0]  	831	4 
[4, 10, 17, 0]  	833	5 
[4, 6, 20, 0]  	834	5 
[3, 11, 17, 0]  	837	5 
[3, 7, 20, 0]  	838	4 
[3, 3, 23, 0]  	839	4 
[4, 9, 18, 0]  	841	5 
[2, 35, 0, 0]  	843	4 
[3, 10, 18, 0]  	845	4 
[3, 6, 21, 0]  	846	4 
[3, 21, 10, 0]  	850	4 
[3, 9, 19, 0]  	853	4 
[3, 28, 5, 0]  	856	5 
[3, 20, 11, 0]  	858	4 
[2, 21, 11, 0]  	862	3 
[3, 27, 6, 0]  	864	4 
[3, 23, 9, 0]  	865	4 
[2, 28, 6, 0]  	868	4 
[2, 24, 9, 0]  	869	3 
[2, 4, 24, 0]  	874	4 
[2, 31, 4, 0]  	875	5 
[2, 27, 7, 0]  	876	3 
[2, 23, 10, 0]  	877	3 
[2, 15, 16, 0]  	879	4 
[2, 7, 22, 0]  	881	3 
[2, 14, 17, 0]  	887	4 
[2, 10, 20, 0]  	888	3 
[1, 15, 17, 0]  	891	3 
[1, 38, 0, 0]  	893	3 
[2, 13, 18, 0]  	895	3 
[2, 9, 21, 0]  	896	3 
[2, 1, 27, 0]  	898	4 
[1, 14, 18, 0]  	899	3 
[1, 10, 21, 0]  	900	2 
[2, 12, 19, 0]  	903	3 
[1, 13, 19, 0]  	907	2 
[1, 32, 5, 0]  	910	3 
[1, 12, 20, 0]  	915	2 
[1, 31, 6, 0]  	918	3 
[1, 27, 9, 0]  	919	2 
[0, 32, 6, 0]  	922	2 
[1, 30, 7, 0]  	926	2 
[1, 18, 16, 0]  	929	3 
[0, 31, 7, 0]  	930	2 
[1, 29, 8, 0]  	934	2 
[2, 0, 29, 0]  	937	3 
[0, 30, 8, 0]  	938	1 
[1, 1, 29, 0]  	941	2 
[1, 24, 12, 0]  	943	3 
[1, 35, 4, 0]  	948	3 
[1, 0, 30, 0]  	949	2 
[0, 1, 30, 0]  	953	1 
[0, 16, 19, 0]  	957	1 
[0, 35, 5, 0]  	960	2 
[0, 0, 31, 0]  	961	1  <--- 3
[1, 21, 15, 0]  	967	3 
[0, 18, 18, 0]  	972	1 
[1, 4, 28, 0]  	979	2 
[0, 4, 29, 0]  	991	1 
[0, 38, 4, 0]  	998	2 
[0, 21, 17, 0]  	1010	1 
[0, 44, 0, 0]  	1012	2  <--- 2
[1, 7, 27, 0]  	1017	2 
[0, 7, 28, 0]  	1029	1 
[0, 41, 3, 0]  	1036	2 
[0, 24, 16, 0]  	1048	1 
[0, 10, 27, 0]  	1067	1 
[0, 27, 15, 0]  	1086	1 
[0, 13, 26, 0]  	1105	1 
[9, 3, 14, 1]  	674	9 
[8, 26, 0, 1]  	750	7 
[4, 11, 14, 1]  	763	6 
[16, 20, 0, 1]  	764	7 
[4, 4, 21, 1]  	819	5 
[3, 17, 12, 1]  	820	5 
[4, 7, 19, 1]  	826	5 
[3, 24, 8, 1]  	857	4 
[2, 29, 5, 1]  	860	4 
[3, 26, 7, 1]  	872	4 
[2, 26, 8, 1]  	884	3 
[2, 0, 28, 1]  	906	4 
[8, 20, 2, 29]  	674	7 
[5, 15, 10, 29]  	750	6 
[3, 28, 2, 29]  	763	4 
[5, 21, 6, 29]  	764	6 
[4, 18, 9, 29]  	769	5 
[4, 24, 5, 29]  	783	4 
[3, 21, 9, 29]  	819	4 
[2, 34, 0, 29]  	820	4 
[2, 10, 18, 29]  	826	3 
[1, 15, 16, 29]  	860	3 
[1, 12, 19, 29]  	884	2 
[1, 29, 7, 29]  	903	2 
------
The gap is between 2 and 28.
Lengths: 3 3 5 5 3 3.
For 982 = 5*d/2-d1-d2-d3 you get 3 in char 0.
1*x^1*y^23*z^14
1*y^40*z^2
1*y^9*z^25

For 560 = 3*d/2-d1-d2-d3 you get 5 in char 0.
1*x^4*y^17*z^3
1*x^3*y^3*z^14
1*x^2*y^20*z^2
1*x^1*y^6*z^13
1*y^23*z^1

For 138 = d/2-d1-d2-d3 you get 3 in char 0.
1*x^4*z^2
1*x^2*y^3*z^1
1*y^6

Extra powers of p used 0.
The invariant extra is equal to 1.
Start computing 11^3 Delta^1 (x1x2x3)^10... Done.
Start computing 11^4 Delta^2 (x1x2x3)^10... Done.
Start computing 11^5 Delta^3 (x1x2x3)^10... Done.
Start computing 11^6 Delta^4 (x1x2x3)^10... Done.
Start computing 11^7 Delta^5 (x1x2x3)^10... Done.
Start computing 11^8 Delta^6 (x1x2x3)^10... Done.
Start computing 11^9 Delta^7 (x1x2x3)^10... Done.
Start computing aa.
1 2 3 4 5 6 7 8 9 10 11 
*/
A = \
[708798015789093893070456260901,206106817333791416889093183033,4091563505357997285005059570,490212688329668289263856718503,94843460107990080059385312192,536671382743932358129209071762,1075626400282993129943308763915,1297237561167599598938139910172,1164270272930209879093512339476,423344195812824257473352240027,575195455691280567780161057654;\
1269833427566820820726246895409,398460915211201429116237743764,914348566290201843349042540022,371907564584732837426511055838,1393664497575763802666923658848,1238180571557355510819682981231,447323630539836933561097667820,289377006715867979905334614914,946467389457515940727385202332,265005311087526479619655424501,1098858703861427073865012720744;\
1294200545698753794095703123579,286186026086180951299407305566,1362609794993777015143158028056,388429112740330663826193461411,518343919544595868345551174883,1065238824646812795420713663765,514777011386150689989834782156,702112242751691589083242861126,455613576657897739587509494942,1267751183486127871251609425196,761097582123815205566128544119;\
1572806361985310577956230418164,368048138444394983533150941962,1275451704024662381345776544228,651866224406943816126651563098,1189753343368199298087718354420,1081012461256464307760479614115,1123092218706765011664137795111,1208717142329930925733507415213,1302520614815254576637901436013,757336469765543146475796722912,514900889964440074690157262172;\
1074854181705658870383083180567,1463701867298074235694320613150,1236745544522859040994747484945,1548067593266622271972101551886,1351421242000249386394239377720,192744463670754607789689078578,43290149046969153695683396728,1320078553446106274842701571320,302276173664409490727287740623,1254942448770621678088323276909,1301264969549970557948039987191;\
1430923772341065003513396206170,1375613516576203110701108255717,310309544165765848433792115864,445733719974764898646370282420,1099877275143212318104840565627,134199437070192167130785168148,1224677333304767767977262945410,629815489644632939366046490327,878105381181859689955555771521,1237378285068248370240214315877,1252154827270377867741047046024;\
451257687952815346489517610479,994871695670923088790336568083,609693752548691991430980372110,1130193441291625697111187171384,778210281687584449685341596786,1243510176217058654541646587237,1042442782016167807108748739220,573330506991397581217417746923,384256593135132471220165075399,443241822195443258171222910256,519781002786875063452931522128;\
456427222555200430573369326512,431894934379346798662341353764,372019980493846510201027604399,1212382635764322519671717474613,329028521739531852598136233622,1152313708239404988832677158245,1204507463069048110965141723530,856054127268409040518767320837,19255721787273492488381597821,1449199907321445684972814992426,176322507759406452588511747622;\
791106925588826679894832061857,1285543099967583822975575652743,781993377602394245416988615364,820709641575502747444378053898,1068369906750889522750522798070,920779435939535145579770380744,401712959706299577771823243944,467825764464444498648811032813,937589859036138411223074528519,591237331005487931840212632198,1112177174226069416340971921507;\
374028573230643196968411946158,1087919793482272118218763956038,1498136979163252367050553088373,692821288243227188891297077978,163461556272720412805605021790,1229633419214434340931386170444,1270519211126804057287071281595,24577855899403504675288534795,1499421766795435803379461798220,211801822028195460161380920497,1485535794999734569725966639274;\
84273532932223433179327926846,681256067835751359996229799119,1024050858401351754482068643777,1049032810810162850673872411211,582884142305184518911608946846,423955520458994884935460689045,342950946085726533520895501451,600837826807813524752947470192,714960235102380021953417826937,1287530205101200855570335651377,1518059425342505919519973388600]
/* 
This should be the matrix of frobenius!
*/ 
B = A; 
/* Freed 167 lists. */
