/* Comments begin... 
Coefficient of   x^21 * y^1               = -4
Coefficient of   x^10 * y^2 * z^6         = 1
Coefficient of   x^8 * y^5 * z^5         = -5
Coefficient of   x^6 * y^8 * z^4         = -3
Coefficient of   x^4 * y^11 * z^3         = -5
Coefficient of   x^2 * y^14 * z^2         = -3
Coefficient of   x^1 * z^13               = 2
Coefficient of   y^17 * z^1               = 0

Here is the polynomial we're using this time:

-4*x^21*y^1 + 1*x^10*y^2*z^6 + -5*x^8*y^5*z^5 + -3*x^6*y^8*z^4 + -5*x^4*y^11*z^3 + -3*x^2*y^14*z^2 + 2*x^1*z^13

Allocate G_len 20 elements and old = 0.
Allocate M_len = 400 elements.
Allocate G_len 40 elements and old = 20.
Allocate M_len = 800 elements.
Allocate G_len 80 elements and old = 40.
Allocate M_len = 1600 elements.
Allocate M_len = 3200 elements.
Allocate G_len 160 elements and old = 80.
Allocate M_len = 6400 elements.
Allocate M_len = 12800 elements.
Not smooth!
Coefficient of   x^21 * y^1               = -1
Coefficient of   x^10 * y^2 * z^6         = -2
Coefficient of   x^8 * y^5 * z^5         = 5
Coefficient of   x^6 * y^8 * z^4         = -2
Coefficient of   x^4 * y^11 * z^3         = -2
Coefficient of   x^2 * y^14 * z^2         = -1
Coefficient of   x^1 * z^13               = 4
Coefficient of   y^17 * z^1               = 4

Here is the polynomial we're using this time:

-1*x^21*y^1 + -2*x^10*y^2*z^6 + 5*x^8*y^5*z^5 + -2*x^6*y^8*z^4 + -2*x^4*y^11*z^3 + -1*x^2*y^14*z^2 + 4*x^1*z^13 + 4*y^17*z^1

Allocate G_len 320 elements and old = 160.
The final length of G is 168
[10, 2, 5, 0]  	391	7 
[21, 0, 0, 0]  	399	7  <--- 1
[20, 1, 0, 0]  	403	7 
[8, 5, 5, 0]  	422	6 
[6, 11, 4, 0]  	491	6 
[6, 14, 3, 0]  	529	7 
[5, 0, 15, 0]  	560	6 
[18, 5, 4, 0]  	581	12 
[16, 8, 4, 0]  	612	11 
[14, 11, 3, 0]  	612	11 
[18, 8, 3, 0]  	619	11 
[11, 0, 14, 0]  	643	10 
[14, 14, 2, 0]  	650	10 
[18, 11, 2, 0]  	657	10 
[12, 17, 2, 0]  	681	9 
[15, 0, 13, 0]  	688	9 
[10, 19, 2, 0]  	689	9 
[9, 20, 2, 0]  	693	8 
[18, 14, 1, 0]  	695	9 
[7, 22, 2, 0]  	701	8 
[7, 6, 14, 0]  	705	8 
[8, 23, 1, 0]  	712	8 
[12, 20, 1, 0]  	719	8 
[7, 8, 13, 0]  	720	8 
[6, 9, 13, 0]  	724	7 
[16, 17, 1, 0]  	726	8 
[10, 22, 1, 0]  	727	8 
[6, 8, 14, 0]  	732	7 
[5, 25, 2, 0]  	732	7 
[19, 0, 12, 0]  	733	8 
[14, 19, 1, 0]  	734	8 
[5, 9, 14, 0]  	736	7 
[7, 25, 1, 0]  	739	7 
[6, 26, 1, 0]  	743	7 
[8, 26, 0, 0]  	750	7 
[5, 11, 13, 0]  	751	7 
[4, 12, 13, 0]  	755	6 
[12, 23, 0, 0]  	757	7 
[6, 28, 0, 0]  	758	7 
[5, 29, 0, 0]  	762	6 
[4, 11, 14, 0]  	763	6 
[10, 25, 0, 0]  	765	7 
[4, 26, 3, 0]  	767	6 
[5, 28, 1, 0]  	770	6 
[4, 14, 12, 0]  	770	6 
[5, 24, 4, 0]  	771	6 
[14, 22, 0, 0]  	772	7 
[4, 29, 1, 0]  	774	6 
[19, 18, 0, 0]  	775	7 
[18, 19, 0, 0]  	779	7 
[5, 15, 11, 0]  	781	6 
[4, 28, 2, 0]  	782	6 
[3, 14, 13, 0]  	782	6 
[3, 29, 2, 0]  	786	5 
[5, 18, 9, 0]  	788	6 
[4, 31, 0, 0]  	789	6 
[3, 32, 0, 0]  	793	5 
[5, 21, 7, 0]  	795	6 
[5, 17, 10, 0]  	796	6 
[4, 18, 10, 0]  	800	5 
[3, 31, 1, 0]  	801	5 
[3, 0, 24, 0]  	801	5 
[5, 20, 8, 0]  	803	6 
[2, 32, 1, 0]  	805	5 
[17, 21, 0, 0]  	806	6 
[4, 25, 5, 0]  	806	6 
[4, 21, 8, 0]  	807	5 
[5, 23, 6, 0]  	810	6 
[4, 1, 23, 0]  	812	5 
[4, 24, 6, 0]  	814	5 
[4, 20, 9, 0]  	815	5 
[3, 17, 12, 0]  	820	5 
[4, 23, 7, 0]  	822	5 
[4, 7, 19, 0]  	826	5 
[4, 3, 22, 0]  	827	5 
[3, 12, 16, 0]  	829	5 
[3, 4, 22, 0]  	831	4 
[4, 10, 17, 0]  	833	5 
[3, 7, 20, 0]  	838	4 
[3, 3, 23, 0]  	839	4 
[4, 9, 18, 0]  	841	5 
[2, 35, 0, 0]  	843	4 
[3, 10, 18, 0]  	845	4 
[3, 21, 10, 0]  	850	4 
[3, 9, 19, 0]  	853	4 
[3, 28, 5, 0]  	856	5 
[3, 24, 8, 0]  	857	4 
[3, 20, 11, 0]  	858	4 
[2, 29, 5, 0]  	860	4 
[2, 21, 11, 0]  	862	3 
[3, 23, 9, 0]  	865	4 
[2, 28, 6, 0]  	868	4 
[2, 24, 9, 0]  	869	3 
[3, 26, 7, 0]  	872	4 
[2, 4, 24, 0]  	874	4 
[2, 31, 4, 0]  	875	5 
[2, 27, 7, 0]  	876	3 
[2, 23, 10, 0]  	877	3 
[2, 15, 16, 0]  	879	4 
[2, 7, 22, 0]  	881	3 
[2, 26, 8, 0]  	884	3 
[2, 14, 17, 0]  	887	4 
[2, 10, 20, 0]  	888	3 
[1, 15, 17, 0]  	891	3 
[1, 38, 0, 0]  	893	3 
[2, 13, 18, 0]  	895	3 
[2, 9, 21, 0]  	896	3 
[2, 1, 27, 0]  	898	4 
[1, 14, 18, 0]  	899	3 
[1, 10, 21, 0]  	900	2 
[2, 12, 19, 0]  	903	3 
[2, 0, 28, 0]  	906	4 
[1, 13, 19, 0]  	907	2 
[1, 32, 5, 0]  	910	3 
[1, 12, 20, 0]  	915	2 
[1, 31, 6, 0]  	918	3 
[1, 27, 9, 0]  	919	2 
[0, 32, 6, 0]  	922	2 
[1, 30, 7, 0]  	926	2 
[1, 18, 16, 0]  	929	3 
[0, 31, 7, 0]  	930	2 
[1, 29, 8, 0]  	934	2 
[0, 30, 8, 0]  	938	1 
[1, 1, 29, 0]  	941	2 
[1, 24, 12, 0]  	943	3 
[1, 35, 4, 0]  	948	3 
[1, 0, 30, 0]  	949	2 
[0, 1, 30, 0]  	953	1 
[0, 16, 19, 0]  	957	1 
[0, 35, 5, 0]  	960	2 
[0, 0, 31, 0]  	961	1  <--- 3
[1, 21, 15, 0]  	967	3 
[0, 18, 18, 0]  	972	1 
[1, 4, 28, 0]  	979	2 
[0, 4, 29, 0]  	991	1 
[0, 38, 4, 0]  	998	2 
[0, 21, 17, 0]  	1010	1 
[0, 44, 0, 0]  	1012	2  <--- 2
[0, 7, 28, 0]  	1029	1 
[0, 41, 3, 0]  	1036	2 
[0, 24, 16, 0]  	1048	1 
[0, 10, 27, 0]  	1067	1 
[0, 27, 15, 0]  	1086	1 
[0, 13, 26, 0]  	1105	1 
[8, 8, 4, 1]  	460	7 
[16, 20, 0, 1]  	764	7 
[4, 17, 11, 1]  	808	5 
[4, 4, 21, 1]  	819	5 
[2, 18, 12, 1]  	824	4 
[3, 6, 21, 1]  	846	4 
[3, 27, 6, 1]  	864	4 
[1, 7, 27, 1]  	1017	2 
[9, 3, 14, 2]  	674	9 
[4, 6, 20, 2]  	834	5 
[3, 11, 17, 2]  	837	5 
[8, 20, 2, 28]  	674	8 
[3, 23, 8, 28]  	834	4 
[2, 28, 5, 28]  	837	4 
[6, 11, 3, 29]  	460	6 
[5, 21, 6, 29]  	764	6 
[4, 24, 5, 29]  	783	5 
[3, 3, 22, 29]  	808	4 
[3, 21, 9, 29]  	819	4 
[1, 35, 0, 29]  	824	3 
[2, 23, 9, 29]  	846	3 
[2, 13, 17, 29]  	864	3 
[2, 9, 20, 29]  	865	3 
[0, 24, 15, 29]  	1017	1 
------
The gap is between 3 and 27.
Lengths: 3 3 5 5 3 3.
For 982 = 5*d/2-d1-d2-d3 you get 3 in char 0.
1*x^1*y^23*z^14
1*y^40*z^2
1*y^9*z^25

For 560 = 3*d/2-d1-d2-d3 you get 5 in char 0.
1*x^4*y^17*z^3
1*x^3*y^3*z^14
1*x^2*y^20*z^2
1*x^1*y^6*z^13
1*y^23*z^1

For 138 = d/2-d1-d2-d3 you get 3 in char 0.
1*x^4*z^2
1*x^2*y^3*z^1
1*y^6

Extra powers of p used 0.
The invariant extra is equal to 1.
Start computing 11^3 Delta^1 (x1x2x3)^10... Done.
Start computing 11^4 Delta^2 (x1x2x3)^10... Done.
Start computing 11^5 Delta^3 (x1x2x3)^10... Done.
Start computing 11^6 Delta^4 (x1x2x3)^10... Done.
Start computing 11^7 Delta^5 (x1x2x3)^10... Done.
Start computing 11^8 Delta^6 (x1x2x3)^10... Done.
Start computing 11^9 Delta^7 (x1x2x3)^10... Done.
Start computing aa.
1 2 3 4 5 6 7 8 9 10 11 
*/
A = \
[364342802339708857321027252855,473341074289862016468194404440,146161900453476840001115524270,514176025502910590989316745587,825496749839532013677148943910,598152470247398670685933941507,676084643399858563379607893421,288039294858592784125848249009,1508261766755903092968438768166,599048725657659424720740510717,431471666333843835912023074989;\
725720055316842992770972904744,547073506912845742313050674738,764718996350839608865761937556,1296177102957486819757182764225,1294078104186483534194631799004,775270260707538532260678574847,759867714432359350183984639890,515529554743324368795617869646,265269091520545575711415342186,327880982017275631448263885444,856246273423014917824866322596;\
636052723347731947836447543578,1228400034907416849344478334489,1546136712977390722642675366991,565040034481132373370416236170,1507318733130918339340403553177,1311775605995985015300504480622,885440075440584142957250000338,188895485252607604011583753557,1537731953855413829688336472806,740606729035076775964135837442,1553251561181767913244751459619;\
646245842280221346270576382602,79173523853250720850370903536,25448335450855738350019833441,695900274330888889059300699350,1468550888843487365938060995868,834511157389191132056190515113,1333161827234220982595249607350,1200770918401772098402968147762,76631609711535733499466977100,778828866990400184752515121708,1029997866580345283225879271855;\
1500098941870976703122966094010,300632439290050904285085558640,569327034969465596056988872295,112666944823186580953992348208,965019310145200893264314985495,650560547340498019126189850771,1565874318212828180645730839054,1037750456581022743512260438912,516545312936969272071891230917,994833304200560366078677206726,1413256786037391692360191963680;\
929628144897695523433207322600,1271746648067069639354325120285,1164639420000233934831546283484,43607591668600886577950770955,1233614622428163020719322263549,228588931761798927959660962854,432134153592554247475952361798,1389491433872117532086331683119,170619211299508156438074709382,1364953686726673935366301872056,991591823370848045525415671600;\
1431163993422918155105149447447,801383762696671033184177279803,867935385612423774646450340287,1178034779578801668705636788036,909642070661748808747292341412,756883984370052594135535083453,344437101010630506030754682674,728431025431867987413893447024,867922276128740483125317439575,67729248765325604080945993166,811970631625156216085507124083;\
124266520454124262087404309385,648667741206338519186971551523,272092049168486787238646209860,865834790868949124969373150259,909790785523031471278584561856,908402163773557859375811704049,739080572751207260337031523013,686588746096066172366483506800,291125731018674861720927866856,1501488180395777866689570831559,465670029593143544690174563360;\
730063474655570553857539420710,5172068883749479432897376353,1222729884206496399350296575395,393911444583580619349038526361,1034411010616871824981061753351,1299375942708031567734907473790,1393733449543818402849447376803,1142873657557489512275483246758,748578009803229484186833295265,719175484538814687141111895563,804177003490400701840261061182;\
1336824909543422259956869345634,1313194390024525868751813900024,735339503714898105163970223342,1544117300389711694985244960702,1026248219484279248836114713021,1577730177495862126161626616998,490648002908204399475050182492,1350473424763042597746349339884,1938171753753808540534954805,1521610725405921007106515504865,1566322931869748051622016633118;\
1511387938667627085281722610261,939163386681787842675236150394,1177066932072429794692519643875,474702422579079325397417910699,44198965134804469654689703294,906676698633353313226958899733,1448729538544089709529903184541,1039493968375059436118560630114,612715356379972721353518568077,1237074617487575508978735654761,537652549499356883137486235339]
/* 
This should be the matrix of frobenius!
*/ 
B = A; 
/* Freed 166 lists. */
