/* Comments begin... 
Coefficient of   x^21 * y^1               = -3
Coefficient of   x^10 * y^2 * z^6         = -1
Coefficient of   x^8 * y^5 * z^5         = 0
Coefficient of   x^6 * y^8 * z^4         = 4
Coefficient of   x^4 * y^11 * z^3         = 4
Coefficient of   x^2 * y^14 * z^2         = 1
Coefficient of   x^1 * z^13               = 0
Coefficient of   y^17 * z^1               = 4

Here is the polynomial we're using this time:

-3*x^21*y^1 + -1*x^10*y^2*z^6 + 4*x^6*y^8*z^4 + 4*x^4*y^11*z^3 + 1*x^2*y^14*z^2 + 4*y^17*z^1

Allocate G_len 20 elements and old = 0.
Allocate M_len = 400 elements.
Allocate G_len 40 elements and old = 20.
Allocate M_len = 800 elements.
Allocate G_len 80 elements and old = 40.
Not smooth!
Coefficient of   x^21 * y^1               = -5
Coefficient of   x^10 * y^2 * z^6         = -4
Coefficient of   x^8 * y^5 * z^5         = 0
Coefficient of   x^6 * y^8 * z^4         = 1
Coefficient of   x^4 * y^11 * z^3         = 2
Coefficient of   x^2 * y^14 * z^2         = -1
Coefficient of   x^1 * z^13               = -3
Coefficient of   y^17 * z^1               = -3

Here is the polynomial we're using this time:

-5*x^21*y^1 + -4*x^10*y^2*z^6 + 1*x^6*y^8*z^4 + 2*x^4*y^11*z^3 + -1*x^2*y^14*z^2 + -3*x^1*z^13 + -3*y^17*z^1

Allocate M_len = 1600 elements.
Allocate M_len = 3200 elements.
Allocate G_len 160 elements and old = 80.
Allocate M_len = 6400 elements.
Allocate M_len = 12800 elements.
Allocate G_len 320 elements and old = 160.
The final length of G is 174
[10, 2, 5, 0]  	391	6 
[21, 0, 0, 0]  	399	6  <--- 1
[20, 1, 0, 0]  	403	6 
[6, 8, 4, 0]  	422	5 
[6, 14, 3, 0]  	529	7 
[5, 0, 15, 0]  	560	6 
[16, 8, 3, 0]  	581	10 
[14, 11, 3, 0]  	612	9 
[11, 0, 14, 0]  	643	10 
[14, 14, 2, 0]  	650	10 
[18, 11, 2, 0]  	657	10 
[9, 3, 14, 0]  	674	9 
[12, 17, 2, 0]  	681	9 
[15, 0, 13, 0]  	688	9 
[10, 19, 2, 0]  	689	9 
[9, 20, 2, 0]  	693	8 
[18, 14, 1, 0]  	695	9 
[8, 5, 14, 0]  	701	8 
[7, 6, 14, 0]  	705	8 
[12, 20, 1, 0]  	719	8 
[8, 22, 2, 0]  	720	8 
[7, 23, 2, 0]  	724	7 
[16, 17, 1, 0]  	726	8 
[10, 22, 1, 0]  	727	8 
[19, 0, 12, 0]  	733	8 
[5, 9, 14, 0]  	736	7 
[6, 26, 1, 0]  	743	7 
[8, 26, 0, 0]  	750	7 
[6, 25, 2, 0]  	751	7 
[5, 11, 13, 0]  	751	7 
[5, 26, 2, 0]  	755	6 
[4, 12, 13, 0]  	755	6 
[12, 23, 0, 0]  	757	7 
[5, 29, 0, 0]  	762	6 
[5, 25, 3, 0]  	763	6 
[4, 11, 14, 0]  	763	6 
[10, 25, 0, 0]  	765	7 
[4, 26, 3, 0]  	767	6 
[5, 28, 1, 0]  	770	7 
[5, 24, 4, 0]  	771	6 
[14, 22, 0, 0]  	772	7 
[4, 29, 1, 0]  	774	6 
[19, 18, 0, 0]  	775	7 
[18, 19, 0, 0]  	779	7 
[5, 15, 11, 0]  	781	6 
[4, 28, 2, 0]  	782	6 
[3, 14, 13, 0]  	782	6 
[3, 29, 2, 0]  	786	5 
[5, 18, 9, 0]  	788	6 
[5, 14, 12, 0]  	789	6 
[4, 31, 0, 0]  	789	6 
[4, 15, 12, 0]  	793	5 
[3, 32, 0, 0]  	793	5 
[5, 21, 7, 0]  	795	6 
[5, 17, 10, 0]  	796	6 
[4, 18, 10, 0]  	800	5 
[3, 31, 1, 0]  	801	5 
[3, 0, 24, 0]  	801	5 
[5, 20, 8, 0]  	803	6 
[2, 32, 1, 0]  	805	5 
[17, 21, 0, 0]  	806	6 
[4, 25, 5, 0]  	806	6 
[4, 21, 8, 0]  	807	5 
[4, 17, 11, 0]  	808	5 
[5, 23, 6, 0]  	810	6 
[4, 1, 23, 0]  	812	5 
[4, 24, 6, 0]  	814	5 
[4, 20, 9, 0]  	815	5 
[4, 4, 21, 0]  	819	5 
[2, 18, 12, 0]  	824	4 
[4, 7, 19, 0]  	826	5 
[4, 3, 22, 0]  	827	5 
[3, 12, 16, 0]  	829	5 
[3, 4, 22, 0]  	831	4 
[4, 10, 17, 0]  	833	5 
[4, 6, 20, 0]  	834	5 
[3, 11, 17, 0]  	837	5 
[4, 9, 18, 0]  	841	5 
[2, 35, 0, 0]  	843	4 
[3, 10, 18, 0]  	845	4 
[3, 6, 21, 0]  	846	4 
[3, 21, 10, 0]  	850	4 
[3, 9, 19, 0]  	853	4 
[3, 28, 5, 0]  	856	5 
[3, 24, 8, 0]  	857	4 
[3, 20, 11, 0]  	858	4 
[2, 29, 5, 0]  	860	4 
[2, 21, 11, 0]  	862	3 
[3, 27, 6, 0]  	864	4 
[3, 23, 9, 0]  	865	4 
[2, 28, 6, 0]  	868	4 
[2, 24, 9, 0]  	869	3 
[3, 26, 7, 0]  	872	4 
[2, 31, 4, 0]  	875	5 
[2, 27, 7, 0]  	876	3 
[2, 23, 10, 0]  	877	3 
[2, 15, 16, 0]  	879	4 
[2, 7, 22, 0]  	881	3 
[2, 26, 8, 0]  	884	3 
[2, 10, 20, 0]  	888	3 
[1, 15, 17, 0]  	891	3 
[1, 38, 0, 0]  	893	3 
[2, 13, 18, 0]  	895	3 
[2, 9, 21, 0]  	896	3 
[2, 1, 27, 0]  	898	4 
[1, 14, 18, 0]  	899	3 
[1, 10, 21, 0]  	900	2 
[2, 0, 28, 0]  	906	4 
[1, 13, 19, 0]  	907	2 
[1, 32, 5, 0]  	910	3 
[1, 12, 20, 0]  	915	2 
[1, 31, 6, 0]  	918	3 
[1, 27, 9, 0]  	919	2 
[0, 32, 6, 0]  	922	2 
[1, 30, 7, 0]  	926	2 
[0, 31, 7, 0]  	930	2 
[1, 29, 8, 0]  	934	2 
[0, 30, 8, 0]  	938	1 
[1, 1, 29, 0]  	941	2 
[1, 24, 12, 0]  	943	3 
[1, 35, 4, 0]  	948	3 
[1, 0, 30, 0]  	949	2 
[0, 1, 30, 0]  	953	1 
[0, 16, 19, 0]  	957	1 
[0, 35, 5, 0]  	960	2 
[0, 0, 31, 0]  	961	1  <--- 3
[1, 21, 15, 0]  	967	3 
[0, 18, 18, 0]  	972	1 
[1, 4, 28, 0]  	979	2 
[0, 4, 29, 0]  	991	1 
[0, 38, 4, 0]  	998	2 
[0, 21, 17, 0]  	1010	1 
[0, 44, 0, 0]  	1012	2  <--- 2
[1, 7, 27, 0]  	1017	2 
[0, 7, 28, 0]  	1029	1 
[0, 24, 16, 0]  	1048	1 
[0, 10, 27, 0]  	1067	1 
[0, 27, 15, 0]  	1086	1 
[0, 13, 26, 0]  	1105	1 
[9, 6, 13, 1]  	712	8 
[9, 23, 1, 1]  	731	7 
[5, 25, 2, 1]  	732	7 
[14, 19, 1, 1]  	734	8 
[7, 25, 1, 1]  	739	7 
[6, 28, 0, 1]  	758	7 
[16, 20, 0, 1]  	764	7 
[4, 14, 12, 1]  	770	6 
[4, 23, 7, 1]  	822	5 
[3, 7, 20, 1]  	838	4 
[3, 3, 23, 1]  	839	4 
[2, 4, 24, 1]  	874	4 
[2, 14, 17, 1]  	887	4 
[2, 12, 19, 1]  	903	3 
[1, 18, 16, 1]  	929	3 
[3, 17, 12, 2]  	820	5 
[0, 41, 3, 2]  	1036	2 
[5, 14, 11, 28]  	758	6 
[4, 17, 10, 28]  	777	5 
[2, 34, 0, 28]  	820	4 
[0, 10, 26, 28]  	1036	1 
[6, 26, 0, 29]  	712	6 
[4, 11, 13, 29]  	732	6 
[12, 22, 0, 29]  	734	7 
[5, 28, 0, 29]  	739	6 
[5, 21, 6, 29]  	764	6 
[3, 31, 0, 29]  	770	5 
[4, 24, 5, 29]  	783	5 
[3, 9, 18, 29]  	822	3 
[2, 24, 8, 29]  	838	3 
[2, 20, 11, 29]  	839	3 
[1, 21, 12, 29]  	874	3 
[1, 31, 5, 29]  	887	3 
[1, 29, 7, 29]  	903	2 
[0, 35, 4, 29]  	929	2 
------
The gap is between 3 and 27.
Lengths: 3 3 5 5 3 4.
For 982 = 5*d/2-d1-d2-d3 you get 3 in char 0.
1*x^1*y^23*z^14
1*y^40*z^2
1*y^9*z^25

For 560 = 3*d/2-d1-d2-d3 you get 5 in char 0.
1*x^4*y^17*z^3
1*x^3*y^3*z^14
1*x^2*y^20*z^2
1*x^1*y^6*z^13
1*y^23*z^1

For 138 = d/2-d1-d2-d3 you get 3 in char 0.
1*x^4*z^2
1*x^2*y^3*z^1
1*y^6

Extra powers of p used 1.
The invariant extra is equal to 1.
Start computing 11^3 Delta^1 (x1x2x3)^10... Done.
Start computing 11^4 Delta^2 (x1x2x3)^10... Done.
Start computing 11^5 Delta^3 (x1x2x3)^10... Done.
Start computing 11^6 Delta^4 (x1x2x3)^10... Done.
Start computing 11^7 Delta^5 (x1x2x3)^10... Done.
Start computing 11^8 Delta^6 (x1x2x3)^10... Done.
Start computing 11^9 Delta^7 (x1x2x3)^10... Done.
Start computing aa.
1 2 3 4 5 6 7 8 9 10 11 
*/
A = \
[1514895117942989419435499615972,540504147081902566789938926111,281884919782177403565104969145,1144762611660145962565207667585,566170252106702244497205250563,1207030457017759577373257468953,1149649328735643944201691082407,818764956713460405251832430388,1001841049361703640483222880997,702172842569892821663487688605,75010525982332365484879644990;\
600335411805554232649920151515,1439378336865553996347895855722,1276900064703937109129238468243,1373065554523497503482884462007,285561278425526879206657160022,233819409980100232589943464471,1127734278748239961587354992459,483944291324485592946739752149,1178046213934519221213072165894,1073084875771470551180479200836,1275564917491910366256218078752;\
1285786112323369514271508649042,930328719052669143539183873255,1072037423346154075933964282498,349323339415098222418838239987,725484079213624255202991100447,385039741909226122616356431346,439678766951819822280998214950,1579568395691558553812755570830,694827198870496923913078316579,773004993611225767652147911166,1541363151214368473703255252357;\
267748521733073209567612562202,455239400546740273261664130424,1269814593154614399539980728168,519304360349206175654510006759,618668936083251544318155290347,16877292163071657263953462720,372308932636740753601549080116,97195750095292678635512983606,197214739397449798388058683307,996216480362297007494626825000,1411470413538587220686260947114;\
676231514559071077216803244992,604659006728128128109141875384,1203967068760896038707003545961,770730746520160415487270170387,730105052388855539438749771207,1550543822658726698702025900411,342757824896199335376045797164,1143109478069656308055503111662,688302899899959363496668491564,1068551006401862472079691570437,497427784892497784494993732634;\
125726887889223190367355254535,326917950544040368900614641496,1347784580856397675579344667379,574497731628157468711382520300,693615247302639337501687456133,1018630980104651534653133861540,392763222359042084332030797131,445097746047764265739629244558,1210838599555932205770282455568,606155236153418920454894699621,598465193421048639348902875779;\
240967630725345671893446392442,908586785524839355035385924161,1473665438433420185884043343149,990930955228630179218965014758,468460805211044263774602475040,1031115747404947213262997931869,139342093067665025792752189549,1065290338559498161206244885462,1104660749421922065328814050203,753523150712788673300153968920,722610341748355707985638911556;\
304417904849104006008043517374,101414950677436200646191074130,1554512390374073949502130148859,39375342621061301786234528214,96957149327350971056117951154,1438062589978361660426936734142,1482499174350867843886034453486,457128295294855454487736371600,1351620082704323740881477133350,959054706094514660794824195766,1233555815528438253675365969713;\
593676138042551054183511667579,6232780278137551644956158897,347965801799119894028800089431,1287464182194940147699920285777,121317921952953966992632089,1343537064965786931263208284242,766973561244466598659756426142,676606271248507156701348608602,808108482159848568082521207378,559190852059260846268610546219,1508803397091339035968338349314;\
1168274089239007028579804653268,866149843561812241481432555343,1540336092870673108421451566112,758306883189885606237912740390,288411980973700620236153586809,934021431204876508053502064474,1495731496191960802839047506996,511078299482059372779114168836,982860849484340462646228360560,777608021958908534207258697197,1065426681268670532823624743064;\
280809327055680049439069268893,673438645097567627960606984242,1360889418886967237592075170574,209752999706777221220834508387,1557894962767379804074555574196,436757799308979255469817005793,107715218458364505378856481433,135973326766066512806457142747,104715625666719484423430310348,1487295459908795652562005303382,54279634386618100291727840725]
/* 
This matrix times 11^(-1) should be the matrix of frobenius.
*/ 
B = 11^(-1) * A; 
/* Freed 167 lists. */
