/* Comments begin... 
Coefficient of   x^21 * y^1               = 0
Coefficient of   x^10 * y^2 * z^6         = 3
Coefficient of   x^8 * y^5 * z^5         = -5
Coefficient of   x^6 * y^8 * z^4         = -2
Coefficient of   x^4 * y^11 * z^3         = -1
Coefficient of   x^2 * y^14 * z^2         = 3
Coefficient of   x^1 * z^13               = 3
Coefficient of   y^17 * z^1               = 5

Here is the polynomial we're using this time:

3*x^10*y^2*z^6 + -5*x^8*y^5*z^5 + -2*x^6*y^8*z^4 + -1*x^4*y^11*z^3 + 3*x^2*y^14*z^2 + 3*x^1*z^13 + 5*y^17*z^1

Allocate G_len 20 elements and old = 0.
Allocate M_len = 400 elements.
Allocate G_len 40 elements and old = 20.
Allocate M_len = 800 elements.
Allocate G_len 80 elements and old = 40.
Allocate M_len = 1600 elements.
Allocate M_len = 3200 elements.
Not smooth!
Coefficient of   x^21 * y^1               = -2
Coefficient of   x^10 * y^2 * z^6         = -4
Coefficient of   x^8 * y^5 * z^5         = 3
Coefficient of   x^6 * y^8 * z^4         = 1
Coefficient of   x^4 * y^11 * z^3         = -4
Coefficient of   x^2 * y^14 * z^2         = 0
Coefficient of   x^1 * z^13               = -1
Coefficient of   y^17 * z^1               = 4

Here is the polynomial we're using this time:

-2*x^21*y^1 + -4*x^10*y^2*z^6 + 3*x^8*y^5*z^5 + 1*x^6*y^8*z^4 + -4*x^4*y^11*z^3 + -1*x^1*z^13 + 4*y^17*z^1

Allocate G_len 160 elements and old = 80.
Allocate M_len = 6400 elements.
Allocate M_len = 12800 elements.
Allocate G_len 320 elements and old = 160.
Not smooth!
Coefficient of   x^21 * y^1               = -3
Coefficient of   x^10 * y^2 * z^6         = 1
Coefficient of   x^8 * y^5 * z^5         = 1
Coefficient of   x^6 * y^8 * z^4         = -1
Coefficient of   x^4 * y^11 * z^3         = 5
Coefficient of   x^2 * y^14 * z^2         = 4
Coefficient of   x^1 * z^13               = -2
Coefficient of   y^17 * z^1               = 3

Here is the polynomial we're using this time:

-3*x^21*y^1 + 1*x^10*y^2*z^6 + 1*x^8*y^5*z^5 + -1*x^6*y^8*z^4 + 5*x^4*y^11*z^3 + 4*x^2*y^14*z^2 + -2*x^1*z^13 + 3*y^17*z^1

The final length of G is 172
[10, 2, 5, 0]  	391	7 
[21, 0, 0, 0]  	399	7  <--- 1
[20, 1, 0, 0]  	403	7 
[8, 5, 5, 0]  	422	6 
[8, 8, 4, 0]  	460	7 
[6, 11, 4, 0]  	491	6 
[5, 0, 15, 0]  	560	6 
[18, 5, 4, 0]  	581	12 
[14, 11, 3, 0]  	612	11 
[18, 8, 3, 0]  	619	11 
[12, 14, 3, 0]  	643	10 
[11, 0, 14, 0]  	643	10 
[14, 14, 2, 0]  	650	10 
[18, 11, 2, 0]  	657	10 
[10, 17, 3, 0]  	674	9 
[9, 3, 14, 0]  	674	9 
[12, 17, 2, 0]  	681	9 
[15, 0, 13, 0]  	688	9 
[10, 19, 2, 0]  	689	9 
[9, 20, 2, 0]  	693	8 
[18, 14, 1, 0]  	695	9 
[9, 19, 3, 0]  	701	8 
[7, 22, 2, 0]  	701	8 
[8, 20, 3, 0]  	705	8 
[7, 6, 14, 0]  	705	8 
[8, 23, 1, 0]  	712	8 
[12, 20, 1, 0]  	719	8 
[7, 8, 13, 0]  	720	8 
[6, 9, 13, 0]  	724	7 
[16, 17, 1, 0]  	726	8 
[10, 22, 1, 0]  	727	8 
[6, 8, 14, 0]  	732	7 
[5, 25, 2, 0]  	732	7 
[19, 0, 12, 0]  	733	8 
[14, 19, 1, 0]  	734	8 
[6, 23, 3, 0]  	736	7 
[5, 9, 14, 0]  	736	7 
[7, 25, 1, 0]  	739	7 
[6, 26, 1, 0]  	743	7 
[8, 26, 0, 0]  	750	7 
[4, 12, 13, 0]  	755	6 
[12, 23, 0, 0]  	757	7 
[6, 28, 0, 0]  	758	7 
[5, 29, 0, 0]  	762	6 
[4, 11, 14, 0]  	763	6 
[10, 25, 0, 0]  	765	7 
[4, 26, 3, 0]  	767	6 
[5, 28, 1, 0]  	770	6 
[4, 14, 12, 0]  	770	6 
[5, 24, 4, 0]  	771	6 
[14, 22, 0, 0]  	772	7 
[4, 29, 1, 0]  	774	6 
[19, 18, 0, 0]  	775	7 
[18, 19, 0, 0]  	779	7 
[5, 15, 11, 0]  	781	6 
[4, 28, 2, 0]  	782	7 
[3, 29, 2, 0]  	786	5 
[5, 18, 9, 0]  	788	6 
[4, 31, 0, 0]  	789	6 
[3, 32, 0, 0]  	793	5 
[4, 18, 10, 0]  	800	5 
[3, 31, 1, 0]  	801	5 
[3, 0, 24, 0]  	801	5 
[5, 20, 8, 0]  	803	6 
[3, 15, 13, 0]  	805	5 
[2, 32, 1, 0]  	805	5 
[17, 21, 0, 0]  	806	6 
[4, 25, 5, 0]  	806	6 
[4, 21, 8, 0]  	807	5 
[4, 17, 11, 0]  	808	5 
[4, 1, 23, 0]  	812	5 
[4, 24, 6, 0]  	814	5 
[4, 20, 9, 0]  	815	5 
[4, 4, 21, 0]  	819	5 
[3, 17, 12, 0]  	820	5 
[4, 23, 7, 0]  	822	5 
[2, 18, 12, 0]  	824	4 
[4, 3, 22, 0]  	827	5 
[3, 12, 16, 0]  	829	5 
[3, 4, 22, 0]  	831	4 
[4, 6, 20, 0]  	834	5 
[3, 11, 17, 0]  	837	5 
[3, 7, 20, 0]  	838	4 
[3, 3, 23, 0]  	839	4 
[3, 10, 18, 0]  	845	4 
[3, 6, 21, 0]  	846	4 
[3, 21, 10, 0]  	850	4 
[3, 28, 5, 0]  	856	5 
[3, 24, 8, 0]  	857	4 
[2, 29, 5, 0]  	860	4 
[2, 21, 11, 0]  	862	3 
[3, 27, 6, 0]  	864	4 
[3, 23, 9, 0]  	865	4 
[2, 28, 6, 0]  	868	4 
[2, 24, 9, 0]  	869	3 
[3, 26, 7, 0]  	872	4 
[2, 4, 24, 0]  	874	4 
[2, 31, 4, 0]  	875	5 
[2, 27, 7, 0]  	876	3 
[2, 23, 10, 0]  	877	3 
[2, 15, 16, 0]  	879	4 
[2, 7, 22, 0]  	881	3 
[2, 26, 8, 0]  	884	3 
[2, 14, 17, 0]  	887	4 
[2, 10, 20, 0]  	888	3 
[1, 15, 17, 0]  	891	3 
[1, 38, 0, 0]  	893	3 
[2, 13, 18, 0]  	895	3 
[2, 9, 21, 0]  	896	3 
[2, 1, 27, 0]  	898	4 
[1, 14, 18, 0]  	899	3 
[1, 10, 21, 0]  	900	2 
[2, 12, 19, 0]  	903	3 
[2, 0, 28, 0]  	906	4 
[1, 32, 5, 0]  	910	3 
[1, 12, 20, 0]  	915	2 
[1, 31, 6, 0]  	918	3 
[1, 27, 9, 0]  	919	2 
[0, 32, 6, 0]  	922	2 
[1, 30, 7, 0]  	926	2 
[1, 18, 16, 0]  	929	3 
[0, 31, 7, 0]  	930	2 
[1, 29, 8, 0]  	934	2 
[0, 30, 8, 0]  	938	1 
[1, 1, 29, 0]  	941	2 
[1, 35, 4, 0]  	948	3 
[1, 0, 30, 0]  	949	2 
[0, 1, 30, 0]  	953	1 
[0, 16, 19, 0]  	957	1 
[0, 35, 5, 0]  	960	2 
[0, 0, 31, 0]  	961	1  <--- 3
[1, 21, 15, 0]  	967	3 
[0, 18, 18, 0]  	972	1 
[1, 4, 28, 0]  	979	2 
[0, 4, 29, 0]  	991	1 
[0, 38, 4, 0]  	998	2 
[0, 21, 17, 0]  	1010	1 
[0, 44, 0, 0]  	1012	2  <--- 2
[1, 7, 27, 0]  	1017	2 
[0, 7, 28, 0]  	1029	1 
[0, 41, 3, 0]  	1036	2 
[0, 24, 16, 0]  	1048	1 
[0, 10, 27, 0]  	1067	1 
[0, 27, 15, 0]  	1086	1 
[0, 13, 26, 0]  	1105	1 
[6, 14, 3, 1]  	529	7 
[5, 11, 13, 1]  	751	7 
[16, 20, 0, 1]  	764	7 
[3, 14, 13, 1]  	782	6 
[5, 21, 7, 1]  	795	6 
[5, 17, 10, 1]  	796	6 
[5, 23, 6, 1]  	810	6 
[4, 7, 19, 1]  	826	5 
[4, 10, 17, 1]  	833	5 
[4, 9, 18, 1]  	841	5 
[2, 35, 0, 1]  	843	4 
[3, 9, 19, 1]  	853	4 
[3, 20, 11, 1]  	858	4 
[1, 13, 19, 1]  	907	2 
[1, 24, 12, 1]  	943	3 
[5, 0, 14, 29]  	529	6 
[9, 19, 2, 29]  	670	8 
[4, 28, 1, 29]  	751	6 
[3, 24, 5, 29]  	764	4 
[2, 31, 1, 29]  	782	5 
[4, 3, 21, 29]  	796	4 
[2, 4, 23, 29]  	843	3 
[2, 26, 7, 29]  	853	3 
[2, 6, 22, 29]  	858	3 
[2, 12, 18, 29]  	872	3 
[0, 30, 7, 29]  	907	1 
[0, 41, 0, 29]  	943	1 
------
The gap is between 2 and 28.
Lengths: 3 3 5 5 3 3.
For 982 = 5*d/2-d1-d2-d3 you get 3 in char 0.
1*x^1*y^23*z^14
1*y^40*z^2
1*y^9*z^25

For 560 = 3*d/2-d1-d2-d3 you get 5 in char 0.
1*x^4*y^17*z^3
1*x^3*y^3*z^14
1*x^2*y^20*z^2
1*x^1*y^6*z^13
1*y^23*z^1

For 138 = d/2-d1-d2-d3 you get 3 in char 0.
1*x^4*z^2
1*x^2*y^3*z^1
1*y^6

Extra powers of p used 0.
The invariant extra is equal to 1.
Start computing 11^3 Delta^1 (x1x2x3)^10... Done.
Start computing 11^4 Delta^2 (x1x2x3)^10... Done.
Start computing 11^5 Delta^3 (x1x2x3)^10... Done.
Start computing 11^6 Delta^4 (x1x2x3)^10... Done.
Start computing 11^7 Delta^5 (x1x2x3)^10... Done.
Start computing 11^8 Delta^6 (x1x2x3)^10... Done.
Start computing 11^9 Delta^7 (x1x2x3)^10... Done.
Start computing aa.
1 2 3 4 5 6 7 8 9 10 11 
*/
A = \
[494189544968094483957952066175,521608921303887831761997771812,572076073069190321645104484004,231856049142740011613235612528,1259105915778097277076110249050,607869439563006216143504101046,396563001988561495629020287204,747921583867717789252641682148,1133150838474483844903700772586,1333161737961399216896634861967,1500239735046825827241715441276;\
388695533173392133910558876467,1284266657556554690174245235980,1324972331588376645740596283289,21586347502681929330795047594,1140299248767433981783051300905,1067865819238496939665196621781,168283317266778933625712406804,1215230949335559276515447882137,1488621071189659508486832514562,1170471526026452021917935921146,1264822662928981143674884805047;\
1418236224878459154761570829245,953827637985714424426389534460,181192226394395013429854179620,1379255142054018259967063060736,1478885249379840284786249801729,165273222919939631876490177077,1205767447894000015937186623580,906266549068533865196450169033,1370196308147082059904921169135,964470817702884630414664098689,45562461027804919192721164581;\
1261165161610415864832855957301,1387892942143305126227689982105,862129529888740133123061067411,1392630770233562007190769339129,260512395519235622374454749731,1484850421665987610790835882284,1118755041216467142072883022780,803694502470941460054962451814,777860154289559297947339851392,940423605126062232086180530492,137706228412652271448800174286;\
622224681004148113159547302753,67186480351651013563257754417,1029390686954452065763163233447,790038179807682148877202737266,1564196492038871469513275633598,1023527589838569725039828569432,761034267046050738741354728814,747350672431898455322831683727,553707345180962334516270750931,1544027953731378997966634329549,1434800061435618451275387536147;\
1135698931599604615326034620011,613317058296854972805294752981,467563431646892823693563666273,1486531043262727585072353959214,1164533580433259327007562755888,1057372979360352212980505503673,1419468752053429507698666813800,1229886620916157258431385531446,823160144716034469771628231360,1533931033101932367434551050064,107892942521132340746181726477;\
176742167995237668511574464395,1412326978396897852925738543590,1209424679132450755970244151917,454889752417440576402112591997,1279653568293339135872422514067,242779651805243470119351974429,873429679574807513119527937756,381965881384600274445302764365,160782022453705835796406857999,1394856463005262648263070520245,867350676923766963238492481762;\
401590648831709714279243151243,57518371158774382731929377845,238195013515733228837124989019,718463861317101325642674175168,1532469167966396385279451983173,624724638478110516851518261567,293407797608613404878541174190,1073941129888526289184891716114,1501288423403333487892449097629,1366155815027426223199424794208,897038787874019050474039938200;\
154438556703901561078412159758,1350182459158196091018951562645,857299136059594862058444365289,772624317917812324942235830220,1519141729252693755687165759214,281320835822500768288782556373,607662576966819273217446383893,103676677888164413846685609265,157832081916898484696959179448,355660683755060518153139523483,696532535337055182264255935464;\
23176232129665313605956602660,1080647176009573728390185112969,894594415308257488777846259153,469184815247753937646415607891,493634158552800172185799388120,970180878615239930243077057222,496591807518285915894995025918,1542108370795531563011278892920,1232253841512553239104876320488,28389350214870112264855401684,1081581648411826070102522566869;\
522155764401172883505324917518,1036267775179987026799677494941,328963058364455907052052282025,237849815676448542233376675922,355723766724791423686279136156,1028357724681758474707866170602,1421219275210956009120112838948,993045039353596039784556012694,1342928426727015113073759594913,306777882974027584157350670468,997575443327929212135663755569]
/* 
This should be the matrix of frobenius!
*/ 
B = A; 
/* Freed 167 lists. */
