/* Comments begin... 
Coefficient of   x^21 * y^1               = 3
Coefficient of   x^10 * y^2 * z^6         = -2
Coefficient of   x^8 * y^5 * z^5         = -2
Coefficient of   x^6 * y^8 * z^4         = -1
Coefficient of   x^4 * y^11 * z^3         = -1
Coefficient of   x^2 * y^14 * z^2         = 0
Coefficient of   x^1 * z^13               = -5
Coefficient of   y^17 * z^1               = 3

Here is the polynomial we're using this time:

3*x^21*y^1 + -2*x^10*y^2*z^6 + -2*x^8*y^5*z^5 + -1*x^6*y^8*z^4 + -1*x^4*y^11*z^3 + -5*x^1*z^13 + 3*y^17*z^1

Allocate G_len 20 elements and old = 0.
Allocate M_len = 400 elements.
Allocate G_len 40 elements and old = 20.
Allocate M_len = 800 elements.
Allocate G_len 80 elements and old = 40.
Allocate M_len = 1600 elements.
Allocate M_len = 3200 elements.
Allocate G_len 160 elements and old = 80.
Allocate M_len = 6400 elements.
Allocate M_len = 12800 elements.
Allocate G_len 320 elements and old = 160.
The final length of G is 162
[10, 2, 5, 0]  	391	6 
[21, 0, 0, 0]  	399	6  <--- 1
[20, 1, 0, 0]  	403	6 
[8, 5, 5, 0]  	422	5 
[8, 8, 4, 0]  	460	7 
[6, 11, 4, 0]  	491	6 
[6, 14, 3, 0]  	529	7 
[5, 0, 15, 0]  	560	6 
[18, 5, 4, 0]  	581	10 
[14, 11, 3, 0]  	612	9 
[18, 8, 3, 0]  	619	10 
[11, 0, 14, 0]  	643	9 
[14, 14, 2, 0]  	650	10 
[18, 11, 2, 0]  	657	9 
[9, 3, 14, 0]  	674	8 
[12, 17, 2, 0]  	681	9 
[15, 0, 13, 0]  	688	8 
[10, 19, 2, 0]  	689	9 
[9, 20, 2, 0]  	693	7 
[17, 0, 12, 0]  	695	8 
[7, 22, 2, 0]  	701	7 
[7, 6, 14, 0]  	705	7 
[8, 23, 1, 0]  	712	8 
[12, 20, 1, 0]  	719	8 
[7, 8, 13, 0]  	720	8 
[6, 9, 13, 0]  	724	6 
[10, 22, 1, 0]  	727	8 
[6, 8, 14, 0]  	732	7 
[5, 25, 2, 0]  	732	7 
[14, 19, 1, 0]  	734	7 
[5, 9, 14, 0]  	736	7 
[7, 25, 1, 0]  	739	7 
[16, 19, 0, 0]  	741	7 
[6, 26, 1, 0]  	743	7 
[8, 26, 0, 0]  	750	7 
[5, 11, 13, 0]  	751	7 
[4, 12, 13, 0]  	755	6 
[6, 28, 0, 0]  	758	7 
[5, 29, 0, 0]  	762	6 
[4, 11, 14, 0]  	763	6 
[10, 25, 0, 0]  	765	7 
[4, 26, 3, 0]  	767	6 
[5, 28, 1, 0]  	770	7 
[5, 24, 4, 0]  	771	6 
[5, 20, 7, 0]  	772	6 
[4, 29, 1, 0]  	774	6 
[19, 18, 0, 0]  	775	7 
[5, 15, 11, 0]  	781	6 
[4, 28, 2, 0]  	782	6 
[3, 14, 13, 0]  	782	6 
[3, 29, 2, 0]  	786	5 
[5, 18, 9, 0]  	788	6 
[5, 14, 12, 0]  	789	6 
[4, 31, 0, 0]  	789	6 
[4, 23, 6, 0]  	791	5 
[4, 15, 12, 0]  	793	5 
[3, 32, 0, 0]  	793	5 
[5, 17, 10, 0]  	796	6 
[4, 18, 10, 0]  	800	5 
[3, 31, 1, 0]  	801	5 
[3, 0, 24, 0]  	801	5 
[2, 32, 1, 0]  	805	5 
[4, 25, 5, 0]  	806	6 
[4, 21, 8, 0]  	807	5 
[4, 17, 11, 0]  	808	5 
[4, 1, 23, 0]  	812	5 
[4, 20, 9, 0]  	815	5 
[4, 4, 21, 0]  	819	5 
[3, 17, 12, 0]  	820	5 
[2, 18, 12, 0]  	824	4 
[4, 7, 19, 0]  	826	5 
[4, 3, 22, 0]  	827	5 
[3, 12, 16, 0]  	829	5 
[3, 4, 22, 0]  	831	4 
[4, 10, 17, 0]  	833	5 
[4, 6, 20, 0]  	834	5 
[15, 24, 0, 0]  	837	5 
[3, 11, 17, 0]  	837	5 
[3, 7, 20, 0]  	838	4 
[3, 3, 23, 0]  	839	4 
[4, 9, 18, 0]  	841	5 
[2, 35, 0, 0]  	843	4 
[3, 10, 18, 0]  	845	4 
[3, 6, 21, 0]  	846	4 
[3, 21, 10, 0]  	850	4 
[3, 9, 19, 0]  	853	4 
[3, 28, 5, 0]  	856	5 
[3, 24, 8, 0]  	857	4 
[3, 20, 11, 0]  	858	4 
[2, 29, 5, 0]  	860	4 
[3, 27, 6, 0]  	864	4 
[3, 23, 9, 0]  	865	4 
[2, 28, 6, 0]  	868	4 
[2, 24, 9, 0]  	869	3 
[3, 26, 7, 0]  	872	4 
[2, 4, 24, 0]  	874	4 
[2, 31, 4, 0]  	875	5 
[2, 27, 7, 0]  	876	3 
[2, 15, 16, 0]  	879	4 
[2, 7, 22, 0]  	881	3 
[2, 26, 8, 0]  	884	3 
[2, 14, 17, 0]  	887	4 
[2, 10, 20, 0]  	888	3 
[2, 13, 18, 0]  	895	3 
[2, 9, 21, 0]  	896	3 
[1, 14, 18, 0]  	899	3 
[1, 10, 21, 0]  	900	2 
[2, 12, 19, 0]  	903	3 
[2, 0, 28, 0]  	906	4 
[1, 13, 19, 0]  	907	2 
[1, 32, 5, 0]  	910	3 
[1, 12, 20, 0]  	915	2 
[1, 31, 6, 0]  	918	3 
[1, 27, 9, 0]  	919	2 
[0, 32, 6, 0]  	922	2 
[1, 30, 7, 0]  	926	2 
[1, 18, 16, 0]  	929	3 
[1, 29, 8, 0]  	934	2 
[0, 30, 8, 0]  	938	1 
[1, 1, 29, 0]  	941	2 
[1, 24, 12, 0]  	943	3 
[1, 35, 4, 0]  	948	3 
[1, 0, 30, 0]  	949	2 
[0, 1, 30, 0]  	953	1 
[0, 16, 19, 0]  	957	1 
[0, 35, 5, 0]  	960	2 
[0, 0, 31, 0]  	961	1  <--- 3
[1, 41, 0, 0]  	962	2 
[1, 21, 15, 0]  	967	3 
[0, 18, 18, 0]  	972	1 
[1, 4, 28, 0]  	979	2 
[0, 4, 29, 0]  	991	1 
[0, 38, 4, 0]  	998	2 
[0, 21, 17, 0]  	1010	1 
[0, 44, 0, 0]  	1012	2  <--- 2
[1, 7, 27, 0]  	1017	2 
[0, 7, 28, 0]  	1029	1 
[0, 41, 3, 0]  	1036	2 
[0, 24, 16, 0]  	1048	1 
[0, 10, 27, 0]  	1067	1 
[0, 27, 15, 0]  	1086	1 
[0, 13, 26, 0]  	1105	1 
[16, 17, 1, 1]  	726	7 
[12, 23, 0, 1]  	757	7 
[4, 14, 12, 1]  	770	6 
[2, 21, 11, 1]  	862	3 
[2, 23, 10, 1]  	877	3 
[1, 15, 17, 1]  	891	3 
[1, 38, 0, 1]  	893	3 
[2, 1, 27, 1]  	898	4 
[0, 31, 7, 1]  	930	2 
[5, 18, 7, 29]  	726	6 
[4, 21, 6, 29]  	745	5 
[3, 31, 0, 29]  	770	4 
[4, 24, 5, 29]  	783	5 
[4, 7, 18, 29]  	795	5 
[3, 10, 17, 29]  	814	4 
[1, 7, 22, 29]  	862	2 
[1, 9, 21, 29]  	877	2 
[0, 32, 5, 29]  	891	2 
[1, 18, 15, 29]  	898	3 
[0, 0, 30, 29]  	930	1 
------
The gap is between 2 and 28.
Lengths: 3 3 5 5 3 3.
For 982 = 5*d/2-d1-d2-d3 you get 3 in char 0.
1*x^1*y^23*z^14
1*y^40*z^2
1*y^9*z^25

For 560 = 3*d/2-d1-d2-d3 you get 5 in char 0.
1*x^4*y^17*z^3
1*x^3*y^3*z^14
1*x^2*y^20*z^2
1*x^1*y^6*z^13
1*y^23*z^1

For 138 = d/2-d1-d2-d3 you get 3 in char 0.
1*x^4*z^2
1*x^2*y^3*z^1
1*y^6

Extra powers of p used 0.
The invariant extra is equal to 1.
Start computing 11^3 Delta^1 (x1x2x3)^10... Done.
Start computing 11^4 Delta^2 (x1x2x3)^10... Done.
Start computing 11^5 Delta^3 (x1x2x3)^10... Done.
Start computing 11^6 Delta^4 (x1x2x3)^10... Done.
Start computing 11^7 Delta^5 (x1x2x3)^10... Done.
Start computing 11^8 Delta^6 (x1x2x3)^10... Done.
Start computing 11^9 Delta^7 (x1x2x3)^10... Done.
Start computing aa.
1 2 3 4 5 6 7 8 9 10 11 
*/
A = \
[1371258712485396776983886717309,1196582798007126929245530215323,1337714786506876596552609592470,1039367985941946706636872883833,135563807586835031870900740999,1472179373869495085111484695253,332768068207076992426466826417,590533768709907070021066891006,1320886248479202080125555249364,795655340721453131426708837878,929574077780495910022126638970;\
332292544747260232447936467421,405722346775366949399616524448,462740099090794805995321309463,1531936728481875053859274408204,351577038661483916515393001425,1375051759474519029061862854183,1404970957349258490439178840261,752481601547314692648944556636,1271015633605115427782071729916,251050212954192940517773868522,197699916156954767624073299404;\
731145120429191465914502409182,868209728085561303465731065004,691718321665176452025770162584,693266853704710255213366630034,877763313097017508899960998435,156178697961178693442306658994,463723242155017734001606893146,1113826955988262082188277966783,229025409563446556146118445270,451067911812803292572430682102,265063063812587713268466468576;\
640266080730796443084400352164,1142204228934015221848370676768,82393765954078067406630974461,446149359930059301572913834153,1147148628526466336996000818702,427557289743512360039594038305,544212890972630948338881115318,759715394353056610592084289845,1201184943718317521012834877147,778970516837744363514580362626,1445303093132068735276424101114;\
927672907920523979479581886389,951257665403109041373944851314,836665071935501947436984911829,322403390965791677217409182262,1341146919514844192943142514927,472094035164572808442403473536,73546684796153357580755912278,1115870915466869503510175213959,1081273965973355490865219870619,896979551463664552698242490392,468573293590336190726625807102;\
339951001634181874417567251084,476281455534678999055489093146,920460155593949646892374065150,694308563018552459282577083933,272996915033698348438196533942,823897836778152702776893085612,345466966784057858013566881941,545603317536730140328620237874,331872882472612013088428549435,930071248906602939182805713251,1088043687200601239967732330072;\
299171750966439650037668971937,1494271070849494109762187119768,1022810556286033159967264560443,1407217927963543775116535105388,1351110182621781441658709879540,507115259567834598747361548297,11889926913662734784038296270,1269916571467770222370127368021,1024522023081490485780700074295,1353428064877626635865055467379,1542252482793125398574589415567;\
856086479323529600765001259474,511725637518355333188491714224,244275224921675053617980558900,982252960076173736384947347956,1249202830096953370880820692256,545748351551895661349701232888,896777980163941450822092554379,1476833454065955898094098841089,200754124620072376342336964529,107974400138762085145045612091,97799452455155851860372720984;\
1506485371260591105254399972213,321315272611399712177785643005,1282529022738867420526159661538,1123624270790004896020492914695,1585890747692383833711012411684,358095777553835460532349349547,407374289067992792677536094778,1479916977110786581874418321982,1216187055798278554692997068312,1450471133219437071132283402333,1448442121805891857475303557975;\
628661651867802879699060584136,899128509206547247270881395039,1483089579006493046278907462608,493353862603680513033267328550,1197480553365519196120250554563,1435160604084069658784081635190,736864584250723070742384424717,11525970996484695675785666476,433812822124755308455812665370,1038851428585475624714901595663,261952342462556568528913528167;\
137770123131609291798078271561,1127747186369276943535737481060,884117431129850164719472184788,1368894656819847214448819259040,355186405268179939565031123786,1154376307107711025707351193530,546021657271202225145223563570,13038567637561048038201342190,257262385319244222128198118780,1245828619950386430206493813546,711865535253688824070661692819]
/* 
This should be the matrix of frobenius!
*/ 
B = A; 
/* Freed 166 lists. */
