/* Comments begin... 
Coefficient of   x^21 * y^1               = 2
Coefficient of   x^10 * y^2 * z^6         = -2
Coefficient of   x^8 * y^5 * z^5         = -4
Coefficient of   x^6 * y^8 * z^4         = 1
Coefficient of   x^4 * y^11 * z^3         = -1
Coefficient of   x^2 * y^14 * z^2         = 4
Coefficient of   x^1 * z^13               = -2
Coefficient of   y^17 * z^1               = -1

Here is the polynomial we're using this time:

2*x^21*y^1 + -2*x^10*y^2*z^6 + -4*x^8*y^5*z^5 + 1*x^6*y^8*z^4 + -1*x^4*y^11*z^3 + 4*x^2*y^14*z^2 + -2*x^1*z^13 + -1*y^17*z^1

Allocate G_len 20 elements and old = 0.
Allocate M_len = 400 elements.
Allocate G_len 40 elements and old = 20.
Allocate M_len = 800 elements.
Allocate G_len 80 elements and old = 40.
Allocate M_len = 1600 elements.
Allocate M_len = 3200 elements.
Allocate G_len 160 elements and old = 80.
Allocate M_len = 6400 elements.
Allocate M_len = 12800 elements.
Allocate G_len 320 elements and old = 160.
The final length of G is 167
[10, 2, 5, 0]  	391	7 
[21, 0, 0, 0]  	399	7  <--- 1
[20, 1, 0, 0]  	403	7 
[8, 5, 5, 0]  	422	6 
[8, 8, 4, 0]  	460	7 
[4, 14, 3, 0]  	491	5 
[18, 5, 4, 0]  	581	12 
[7, 0, 15, 0]  	598	7 
[14, 11, 3, 0]  	612	11 
[18, 8, 3, 0]  	619	11 
[11, 0, 14, 0]  	643	10 
[14, 14, 2, 0]  	650	10 
[18, 11, 2, 0]  	657	10 
[9, 3, 14, 0]  	674	9 
[12, 17, 2, 0]  	681	9 
[15, 0, 13, 0]  	688	9 
[10, 19, 2, 0]  	689	9 
[9, 20, 2, 0]  	693	8 
[18, 14, 1, 0]  	695	9 
[7, 22, 2, 0]  	701	8 
[7, 6, 14, 0]  	705	8 
[12, 20, 1, 0]  	719	8 
[7, 8, 13, 0]  	720	8 
[6, 9, 13, 0]  	724	7 
[16, 17, 1, 0]  	726	8 
[10, 22, 1, 0]  	727	8 
[6, 8, 14, 0]  	732	7 
[5, 25, 2, 0]  	732	7 
[19, 0, 12, 0]  	733	8 
[14, 19, 1, 0]  	734	8 
[5, 9, 14, 0]  	736	7 
[7, 25, 1, 0]  	739	7 
[6, 26, 1, 0]  	743	7 
[8, 26, 0, 0]  	750	7 
[5, 11, 13, 0]  	751	7 
[4, 12, 13, 0]  	755	6 
[12, 23, 0, 0]  	757	7 
[6, 12, 12, 0]  	762	6 
[4, 11, 14, 0]  	763	6 
[10, 25, 0, 0]  	765	7 
[5, 28, 1, 0]  	770	6 
[6, 7, 16, 0]  	771	6 
[14, 22, 0, 0]  	772	7 
[19, 18, 0, 0]  	775	7 
[7, 28, 0, 0]  	777	6 
[18, 19, 0, 0]  	779	7 
[6, 29, 0, 0]  	781	6 
[4, 28, 2, 0]  	782	6 
[3, 14, 13, 0]  	782	6 
[6, 1, 21, 0]  	788	6 
[4, 31, 0, 0]  	789	6 
[3, 32, 0, 0]  	793	5 
[6, 4, 19, 0]  	795	6 
[6, 0, 22, 0]  	796	6 
[5, 1, 22, 0]  	800	5 
[3, 31, 1, 0]  	801	6 
[6, 3, 20, 0]  	803	6 
[2, 32, 1, 0]  	805	5 
[17, 21, 0, 0]  	806	6 
[5, 8, 17, 0]  	806	6 
[5, 4, 20, 0]  	807	5 
[5, 0, 23, 0]  	808	5 
[6, 6, 18, 0]  	810	6 
[4, 1, 23, 0]  	812	5 
[5, 7, 18, 0]  	814	5 
[5, 3, 21, 0]  	815	5 
[3, 17, 12, 0]  	820	5 
[5, 6, 19, 0]  	822	5 
[3, 1, 24, 0]  	824	5 
[4, 7, 19, 0]  	826	5 
[4, 3, 22, 0]  	827	5 
[3, 12, 16, 0]  	829	5 
[3, 4, 22, 0]  	831	4 
[4, 10, 17, 0]  	833	5 
[4, 6, 20, 0]  	834	5 
[3, 7, 20, 0]  	838	4 
[3, 3, 23, 0]  	839	4 
[4, 9, 18, 0]  	841	5 
[2, 35, 0, 0]  	843	4 
[3, 10, 18, 0]  	845	4 
[3, 6, 21, 0]  	846	4 
[3, 21, 10, 0]  	850	4 
[4, 0, 25, 0]  	851	5 
[3, 9, 19, 0]  	853	4 
[3, 28, 5, 0]  	856	5 
[3, 24, 8, 0]  	857	4 
[3, 20, 11, 0]  	858	4 
[2, 29, 5, 0]  	860	4 
[3, 27, 6, 0]  	864	4 
[3, 23, 9, 0]  	865	4 
[2, 28, 6, 0]  	868	4 
[2, 24, 9, 0]  	869	3 
[3, 26, 7, 0]  	872	4 
[2, 4, 24, 0]  	874	4 
[2, 31, 4, 0]  	875	5 
[2, 27, 7, 0]  	876	3 
[2, 7, 22, 0]  	881	3 
[2, 26, 8, 0]  	884	3 
[2, 14, 17, 0]  	887	4 
[2, 10, 20, 0]  	888	3 
[1, 15, 17, 0]  	891	3 
[1, 38, 0, 0]  	893	3 
[2, 9, 21, 0]  	896	3 
[2, 1, 27, 0]  	898	4 
[1, 14, 18, 0]  	899	3 
[1, 10, 21, 0]  	900	2 
[2, 12, 19, 0]  	903	3 
[2, 0, 28, 0]  	906	4 
[1, 13, 19, 0]  	907	2 
[1, 32, 5, 0]  	910	3 
[1, 12, 20, 0]  	915	2 
[1, 31, 6, 0]  	918	3 
[1, 27, 9, 0]  	919	2 
[1, 30, 7, 0]  	926	2 
[1, 18, 16, 0]  	929	3 
[0, 31, 7, 0]  	930	2 
[1, 29, 8, 0]  	934	2 
[0, 30, 8, 0]  	938	1 
[1, 1, 29, 0]  	941	2 
[1, 24, 12, 0]  	943	3 
[1, 35, 4, 0]  	948	3 
[1, 0, 30, 0]  	949	2 
[0, 1, 30, 0]  	953	1 
[0, 16, 19, 0]  	957	1 
[0, 35, 5, 0]  	960	2 
[0, 0, 31, 0]  	961	1  <--- 3
[0, 18, 18, 0]  	972	1 
[1, 4, 28, 0]  	979	2 
[0, 4, 29, 0]  	991	1 
[0, 38, 4, 0]  	998	2 
[0, 21, 17, 0]  	1010	1 
[0, 44, 0, 0]  	1012	2  <--- 2
[1, 7, 27, 0]  	1017	2 
[0, 7, 28, 0]  	1029	1 
[0, 41, 3, 0]  	1036	2 
[0, 24, 16, 0]  	1048	1 
[0, 10, 27, 0]  	1067	1 
[0, 27, 15, 0]  	1086	1 
[0, 13, 26, 0]  	1105	1 
[8, 23, 1, 1]  	712	8 
[7, 11, 12, 1]  	758	7 
[16, 20, 0, 1]  	764	7 
[4, 29, 1, 1]  	774	6 
[3, 29, 2, 1]  	786	5 
[3, 0, 24, 1]  	801	5 
[2, 18, 12, 1]  	824	4 
[2, 21, 11, 1]  	862	3 
[2, 23, 10, 1]  	877	3 
[2, 15, 16, 1]  	879	4 
[0, 32, 6, 1]  	922	2 
[1, 21, 15, 1]  	967	3 
[4, 4, 21, 2]  	819	5 
[3, 11, 17, 2]  	837	5 
[2, 13, 18, 2]  	895	3 
[3, 21, 9, 28]  	819	4 
[2, 28, 5, 28]  	837	4 
[1, 30, 6, 28]  	895	2 
[6, 26, 0, 29]  	712	6 
[6, 4, 18, 29]  	764	5 
[3, 15, 12, 29]  	774	5 
[5, 7, 17, 29]  	783	4 
[1, 32, 1, 29]  	786	3 
[1, 34, 0, 29]  	801	3 
[1, 7, 22, 29]  	862	2 
[1, 9, 21, 29]  	877	2 
[0, 1, 29, 29]  	922	1 
[0, 38, 3, 29]  	967	2 
------
The gap is between 3 and 27.
Lengths: 3 3 5 5 3 3.
For 982 = 5*d/2-d1-d2-d3 you get 3 in char 0.
1*x^1*y^23*z^14
1*y^40*z^2
1*y^9*z^25

For 560 = 3*d/2-d1-d2-d3 you get 5 in char 0.
1*x^5*z^15
1*x^3*y^3*z^14
1*x^2*y^20*z^2
1*x^1*y^6*z^13
1*y^23*z^1

For 138 = d/2-d1-d2-d3 you get 3 in char 0.
1*x^4*z^2
1*x^2*y^3*z^1
1*y^6

Extra powers of p used 0.
The invariant extra is equal to 1.
Start computing 11^3 Delta^1 (x1x2x3)^10... Done.
Start computing 11^4 Delta^2 (x1x2x3)^10... Done.
Start computing 11^5 Delta^3 (x1x2x3)^10... Done.
Start computing 11^6 Delta^4 (x1x2x3)^10... Done.
Start computing 11^7 Delta^5 (x1x2x3)^10... Done.
Start computing 11^8 Delta^6 (x1x2x3)^10... Done.
Start computing 11^9 Delta^7 (x1x2x3)^10... Done.
Start computing aa.
1 2 3 4 5 6 7 8 9 10 11 
*/
A = \
[100958475868687072732549649454,1224661293571665688864251664287,898564722747645986033909952519,96946365300058741975720303872,947128974007783941031683519549,1441541778078243900001263589687,474653804417997588709817999364,1175607262579345159476215467296,352619362472476911194234521318,497235536839208355640822385840,11798187333404492130135095180;\
351186228250659673127705631133,1156642061761723451787497748874,906432087895238831347293939628,1374421756621973832393625925019,223736722414575023666652399188,373499088216784451454173373810,1221731344922040190086310860101,268431945334808460002486100390,260254089795864419365396255299,400864656198292077054204814851,680373992917153990599123146530;\
653120661546564408445688781951,968348732310367514491121936463,62074251941704378864419591163,1429110087623811939912332363597,638204049625099701779898488032,611892973717078811990992818102,194169886812494559346484695415,1151711376906647117269087585140,1366948329832483140654318296593,216318308730953068728575141699,710301671535022203936597015795;\
41884538340881131630394032819,1172432032865180572867008165511,772722657508294320229257683111,258247358112434007785452293463,204517442854617499015140337463,863750339518513867554267424093,39485351035852732921735085217,416913556379879983435220808412,523282697856913855531899227043,105752161393396964386534435677,1087046750944262035110069987111;\
828976923958425881313337647155,1042060837241877372098185306042,1326694360644645184252134586627,1332094378091819277473353625227,806270884866816302214465897944,1037189389039559482370622615505,82917262189992633837136401908,1025526205005606315687140388979,614368836258697054262359974925,962892620656297531724358076627,1102371895618253684247225472862;\
948906635106274442879037000436,542585529038340732185000393968,841757078758753639279469357907,623361620585277626903224091960,566121457572883526807627408989,660459479234311735436412841909,1393521145593818173419817269764,79856884363327161831241989389,697423829560955086465939470913,806950103520957401203348588977,465986152250095139879983128087;\
1541752906407849189263068739019,64620661694457995664318607749,545448346898159737225668919809,988855209498985493884063222125,482276280973955903087508490228,184164122497188349195479470044,8929796817792054696478151924,261917456405188200457708014257,1504307783427009076820836854014,210580314065093902698057897663,1396084454939394338111385813872;\
254959187429552522564691845077,368218702595788743219600998060,4867808895698379144490980863,577587989553370147700738038330,1495019424135465306550816668522,328398000414082143377871127276,1077621240667014268728067985739,405604134817055775239999615420,652802365341505020096043250970,1325773569812730137270610017084,321031275510980093578713170614;\
73374845720661629840015223845,212380570971825004434272465558,1112170620050445187546104796318,644991843770548207059805611867,1228244538095907027237355940159,1304744654489860864730524566019,555369052461188368172769277069,1003283374268873942893360443127,1236987758864305078126008779585,1117576567076163618857883351,1538488123690616620614253857267;\
907490896730443442159519870202,1201278665080838974408898615423,53434357777063840225928528466,1492963123955337248362875564288,1576442365705461326171163641709,949004862570444937653326122962,1020899664696342933920308959750,1405028082613775454282265390892,1061614663315803284443387411384,654256914103971599607234627194,853472405402107509027046574482;\
1400888536840001318020511197101,1205544500041850717127451201473,499112000490810736262622781626,362036403747854136192508643972,132901896993781651268928071204,726936578385610135926683247541,423862043704819413735098601951,238544726271645543592732261526,381244467754173814293910683474,1197159686242395017483042285056,889863612196927556237911263754]
/* 
This should be the matrix of frobenius!
*/ 
B = A; 
/* Freed 166 lists. */
