/* Comments begin... 
Coefficient of   x^21 * y^1               = 0
Coefficient of   x^10 * y^2 * z^6         = 2
Coefficient of   x^8 * y^5 * z^5         = -5
Coefficient of   x^6 * y^8 * z^4         = 3
Coefficient of   x^4 * y^11 * z^3         = -5
Coefficient of   x^2 * y^14 * z^2         = -1
Coefficient of   x^1 * z^13               = -3
Coefficient of   y^17 * z^1               = -3

Here is the polynomial we're using this time:

2*x^10*y^2*z^6 + -5*x^8*y^5*z^5 + 3*x^6*y^8*z^4 + -5*x^4*y^11*z^3 + -1*x^2*y^14*z^2 + -3*x^1*z^13 + -3*y^17*z^1

Allocate G_len 20 elements and old = 0.
Allocate M_len = 400 elements.
Allocate G_len 40 elements and old = 20.
Allocate M_len = 800 elements.
Allocate G_len 80 elements and old = 40.
Allocate M_len = 1600 elements.
Allocate M_len = 3200 elements.
Not smooth!
Coefficient of   x^21 * y^1               = 5
Coefficient of   x^10 * y^2 * z^6         = 4
Coefficient of   x^8 * y^5 * z^5         = 2
Coefficient of   x^6 * y^8 * z^4         = 1
Coefficient of   x^4 * y^11 * z^3         = -2
Coefficient of   x^2 * y^14 * z^2         = 0
Coefficient of   x^1 * z^13               = 5
Coefficient of   y^17 * z^1               = 1

Here is the polynomial we're using this time:

5*x^21*y^1 + 4*x^10*y^2*z^6 + 2*x^8*y^5*z^5 + 1*x^6*y^8*z^4 + -2*x^4*y^11*z^3 + 5*x^1*z^13 + 1*y^17*z^1

Allocate G_len 160 elements and old = 80.
Allocate M_len = 6400 elements.
Allocate M_len = 12800 elements.
Allocate G_len 320 elements and old = 160.
The final length of G is 159
[10, 2, 5, 0]  	391	6 
[21, 0, 0, 0]  	399	6  <--- 1
[20, 1, 0, 0]  	403	6 
[8, 5, 5, 0]  	422	5 
[8, 8, 4, 0]  	460	7 
[6, 11, 4, 0]  	491	6 
[6, 14, 3, 0]  	529	7 
[5, 0, 15, 0]  	560	6 
[18, 5, 4, 0]  	581	10 
[14, 11, 3, 0]  	612	10 
[18, 8, 3, 0]  	619	10 
[11, 0, 14, 0]  	643	9 
[14, 14, 2, 0]  	650	10 
[18, 11, 2, 0]  	657	9 
[9, 3, 14, 0]  	674	8 
[12, 17, 2, 0]  	681	9 
[15, 0, 13, 0]  	688	8 
[10, 19, 2, 0]  	689	9 
[9, 20, 2, 0]  	693	7 
[17, 0, 12, 0]  	695	8 
[7, 22, 2, 0]  	701	7 
[7, 6, 14, 0]  	705	7 
[8, 23, 1, 0]  	712	8 
[12, 20, 1, 0]  	719	8 
[7, 8, 13, 0]  	720	8 
[6, 9, 13, 0]  	724	6 
[10, 22, 1, 0]  	727	8 
[6, 8, 14, 0]  	732	7 
[5, 25, 2, 0]  	732	7 
[14, 19, 1, 0]  	734	7 
[5, 9, 14, 0]  	736	7 
[7, 25, 1, 0]  	739	7 
[16, 19, 0, 0]  	741	7 
[6, 26, 1, 0]  	743	7 
[8, 26, 0, 0]  	750	7 
[5, 11, 13, 0]  	751	7 
[4, 12, 13, 0]  	755	6 
[6, 28, 0, 0]  	758	7 
[5, 29, 0, 0]  	762	6 
[4, 11, 14, 0]  	763	6 
[10, 25, 0, 0]  	765	7 
[4, 26, 3, 0]  	767	6 
[5, 28, 1, 0]  	770	6 
[4, 14, 12, 0]  	770	6 
[5, 24, 4, 0]  	771	6 
[5, 20, 7, 0]  	772	6 
[4, 29, 1, 0]  	774	6 
[19, 18, 0, 0]  	775	7 
[5, 15, 11, 0]  	781	6 
[4, 28, 2, 0]  	782	7 
[3, 29, 2, 0]  	786	5 
[5, 18, 9, 0]  	788	6 
[4, 31, 0, 0]  	789	6 
[4, 23, 6, 0]  	791	5 
[3, 32, 0, 0]  	793	5 
[5, 17, 10, 0]  	796	6 
[4, 18, 10, 0]  	800	5 
[3, 31, 1, 0]  	801	5 
[3, 0, 24, 0]  	801	5 
[3, 15, 13, 0]  	805	5 
[2, 32, 1, 0]  	805	5 
[4, 25, 5, 0]  	806	6 
[4, 21, 8, 0]  	807	5 
[4, 17, 11, 0]  	808	5 
[4, 20, 9, 0]  	815	5 
[4, 4, 21, 0]  	819	5 
[3, 17, 12, 0]  	820	5 
[2, 18, 12, 0]  	824	4 
[4, 7, 19, 0]  	826	5 
[4, 3, 22, 0]  	827	5 
[3, 12, 16, 0]  	829	5 
[3, 4, 22, 0]  	831	4 
[4, 10, 17, 0]  	833	5 
[4, 6, 20, 0]  	834	5 
[15, 24, 0, 0]  	837	5 
[3, 11, 17, 0]  	837	5 
[3, 7, 20, 0]  	838	4 
[3, 3, 23, 0]  	839	4 
[4, 9, 18, 0]  	841	5 
[2, 35, 0, 0]  	843	4 
[3, 10, 18, 0]  	845	4 
[3, 6, 21, 0]  	846	4 
[3, 21, 10, 0]  	850	4 
[3, 9, 19, 0]  	853	4 
[3, 24, 8, 0]  	857	4 
[3, 20, 11, 0]  	858	4 
[2, 29, 5, 0]  	860	4 
[2, 21, 11, 0]  	862	3 
[3, 27, 6, 0]  	864	4 
[3, 23, 9, 0]  	865	4 
[2, 28, 6, 0]  	868	4 
[2, 24, 9, 0]  	869	3 
[3, 26, 7, 0]  	872	4 
[2, 4, 24, 0]  	874	4 
[2, 31, 4, 0]  	875	5 
[2, 27, 7, 0]  	876	3 
[2, 23, 10, 0]  	877	3 
[2, 15, 16, 0]  	879	4 
[2, 7, 22, 0]  	881	3 
[2, 14, 17, 0]  	887	4 
[2, 10, 20, 0]  	888	3 
[1, 15, 17, 0]  	891	3 
[1, 38, 0, 0]  	893	3 
[2, 13, 18, 0]  	895	3 
[2, 9, 21, 0]  	896	3 
[2, 1, 27, 0]  	898	4 
[1, 14, 18, 0]  	899	3 
[1, 10, 21, 0]  	900	2 
[2, 12, 19, 0]  	903	3 
[2, 0, 28, 0]  	906	4 
[1, 13, 19, 0]  	907	2 
[1, 32, 5, 0]  	910	3 
[1, 12, 20, 0]  	915	2 
[1, 31, 6, 0]  	918	3 
[1, 27, 9, 0]  	919	2 
[0, 32, 6, 0]  	922	2 
[1, 30, 7, 0]  	926	2 
[1, 18, 16, 0]  	929	3 
[0, 31, 7, 0]  	930	2 
[1, 29, 8, 0]  	934	2 
[0, 30, 8, 0]  	938	1 
[1, 1, 29, 0]  	941	2 
[1, 24, 12, 0]  	943	3 
[1, 35, 4, 0]  	948	3 
[1, 0, 30, 0]  	949	2 
[0, 1, 30, 0]  	953	1 
[0, 16, 19, 0]  	957	1 
[0, 35, 5, 0]  	960	2 
[0, 0, 31, 0]  	961	1  <--- 3
[0, 18, 18, 0]  	972	1 
[1, 4, 28, 0]  	979	2 
[0, 4, 29, 0]  	991	1 
[0, 38, 4, 0]  	998	2 
[0, 21, 17, 0]  	1010	1 
[0, 44, 0, 0]  	1012	2  <--- 2
[1, 7, 27, 0]  	1017	2 
[0, 7, 28, 0]  	1029	1 
[0, 41, 3, 0]  	1036	2 
[0, 24, 16, 0]  	1048	1 
[0, 10, 27, 0]  	1067	1 
[0, 27, 15, 0]  	1086	1 
[0, 13, 26, 0]  	1105	1 
[16, 17, 1, 1]  	726	6 
[12, 23, 0, 1]  	757	7 
[4, 1, 23, 1]  	812	5 
[3, 28, 5, 1]  	856	5 
[2, 26, 8, 1]  	884	3 
[1, 21, 15, 1]  	967	3 
[3, 14, 13, 2]  	782	6 
[2, 31, 1, 28]  	782	5 
[5, 18, 7, 29]  	726	4 
[4, 21, 6, 29]  	745	5 
[4, 24, 5, 29]  	783	5 
[4, 7, 18, 29]  	795	5 
[3, 18, 11, 29]  	812	4 
[3, 10, 17, 29]  	814	4 
[2, 14, 16, 29]  	856	4 
[1, 12, 19, 29]  	884	2 
[0, 38, 3, 29]  	967	2 
------
The gap is between 3 and 27.
Lengths: 3 3 5 5 3 3.
For 982 = 5*d/2-d1-d2-d3 you get 3 in char 0.
1*x^1*y^23*z^14
1*y^40*z^2
1*y^9*z^25

For 560 = 3*d/2-d1-d2-d3 you get 5 in char 0.
1*x^4*y^17*z^3
1*x^3*y^3*z^14
1*x^2*y^20*z^2
1*x^1*y^6*z^13
1*y^23*z^1

For 138 = d/2-d1-d2-d3 you get 3 in char 0.
1*x^4*z^2
1*x^2*y^3*z^1
1*y^6

Extra powers of p used 0.
The invariant extra is equal to 1.
Start computing 11^3 Delta^1 (x1x2x3)^10... Done.
Start computing 11^4 Delta^2 (x1x2x3)^10... Done.
Start computing 11^5 Delta^3 (x1x2x3)^10... Done.
Start computing 11^6 Delta^4 (x1x2x3)^10... Done.
Start computing 11^7 Delta^5 (x1x2x3)^10... Done.
Start computing 11^8 Delta^6 (x1x2x3)^10... Done.
Start computing 11^9 Delta^7 (x1x2x3)^10... Done.
Start computing aa.
1 2 3 4 5 6 7 8 9 10 11 
*/
A = \
[1180558110707177371413760475472,691503972644454791012513687719,335285229347648541804092214094,856488371580453181275806634402,57583626581953787093783062135,591286083821621631831353919107,324962403844660413069760223537,1318894833489690003663113827951,936469493329606371948469112489,680888269710118198869416119954,358808005144557792360455701288;\
1577748518829542859648561400983,924822434926663706893176627121,330540498113010170717803844311,1286145556742033630968367600228,1259280022998870005740760531642,765554302216626972236284313667,794742281853170290535570118345,676963555970891065684369146684,1098185964603711407601193213241,1068227991200262051182219600525,912620917834628707219380370549;\
879706131584022560514799900558,1410800026505580381533769655049,1580225873526325880908074689171,1329742803475852262159048724492,651778036350454607382597136834,1455198816080984895211298813003,76758011087903529087586315752,993005656924839474937007856341,1152185928752409985807149148328,417621905353940478463694551811,264426135580785674451816582326;\
1457903001518160093196918287991,1155353123069070345200584164296,1430619943389641234627131630331,734921862530427678403005218081,47193313043782393976335104301,1299782396054613194507673566875,1573182324114919830392056858277,1121439406532140822076756478948,414432417840049344970147508386,380818630623505655824592886383,1377178083629142976051728006490;\
628379531812648684629256878944,286634701007728880564186995083,230189422905138578023955368524,527873460427897220561816257245,1556764162810428570859151996804,1567476958646243593876229408810,1102140326851222415353232030758,480963777673875140899163800946,472110473037240909290301555904,439550235358534883387111981564,1312532133806526005907076996068;\
30545779222508596791514934434,809308970197150142163561533146,1209393299483466470185856575613,966676336255379845252073922445,501625260837253804706541081798,1569752778848214694601389792886,641910011924840672884628470218,1452401474348601614787863257641,1543760124086811912500458649267,20425958048131996469003818264,930480333935180620795217731750;\
1446958094638094676123473756537,95640716125665223585131976733,916680070020018208137106877647,1091175016752175269884933541512,173744848240441637897315281891,1095197374502530573517439094415,871287973494873274099914245674,1208011114442131447741059541577,635836432190487273964111575143,1251379089753198211809849728322,1233766449925532050595593145917;\
1331930989473116700725239522219,939866057629045795657704828118,817506169533134469535354443321,1307643616531855107748554348697,370770681851369651078174879591,565597644669208664198804548859,1428065245932798463171801693854,576799891393964957087047093910,412920575628099089142657263704,593844059716995308396999667943,1465701467159337198734317089716;\
1000559912060409475937823921147,1324993655326116008515188162948,868727169877109471431003573465,1446558252204393831067092022605,499895695327784879928518783498,1050511797546615575027360711328,1425690352975528780827322343631,1084631181694385359239325939599,1435539774517577557207469336004,932109175943939686991640272590,981904759759016906802430510586;\
422855875007974451492646880480,114259304653447294230830062075,218489460126481319518909668216,791185752010880889824722074151,1539905528058698239219788248956,1487500649705944167875994239695,266943275984494070255307779293,350622746078177125803767407231,1368978916869557625469387467742,148756283138436750205623083197,353579315371477000151004662542;\
982341367104898025192687604538,1112033837012709289535990611656,1003905047497838554821146062229,543198126686274191204571534563,1132094250073711442250246978728,149037881043965347786004204607,699985572738574521565236669940,133520259194791222431389510359,391315594996687612654044435123,438522412254908501924670243912,886392071314223794204890823301]
/* 
This should be the matrix of frobenius!
*/ 
B = A; 
/* Freed 166 lists. */
