/* Comments begin... 
Coefficient of   x^21 * y^1               = -2
Coefficient of   x^10 * y^2 * z^6         = 3
Coefficient of   x^8 * y^5 * z^5         = -5
Coefficient of   x^6 * y^8 * z^4         = 5
Coefficient of   x^4 * y^11 * z^3         = 0
Coefficient of   x^2 * y^14 * z^2         = 1
Coefficient of   x^1 * z^13               = 2
Coefficient of   y^17 * z^1               = 1

Here is the polynomial we're using this time:

-2*x^21*y^1 + 3*x^10*y^2*z^6 + -5*x^8*y^5*z^5 + 5*x^6*y^8*z^4 + 1*x^2*y^14*z^2 + 2*x^1*z^13 + 1*y^17*z^1

Allocate G_len 20 elements and old = 0.
Allocate M_len = 400 elements.
Allocate G_len 40 elements and old = 20.
Allocate M_len = 800 elements.
Allocate G_len 80 elements and old = 40.
Allocate M_len = 1600 elements.
Allocate M_len = 3200 elements.
Allocate G_len 160 elements and old = 80.
Allocate M_len = 6400 elements.
Allocate M_len = 12800 elements.
Allocate G_len 320 elements and old = 160.
The final length of G is 166
[10, 2, 5, 0]  	391	6 
[21, 0, 0, 0]  	399	6  <--- 1
[20, 1, 0, 0]  	403	6 
[8, 5, 5, 0]  	422	5 
[6, 11, 4, 0]  	491	6 
[6, 14, 3, 0]  	529	7 
[5, 0, 15, 0]  	560	6 
[18, 5, 4, 0]  	581	10 
[16, 8, 4, 0]  	612	9 
[14, 11, 3, 0]  	612	10 
[18, 8, 3, 0]  	619	10 
[11, 0, 14, 0]  	643	9 
[14, 14, 2, 0]  	650	9 
[16, 14, 1, 0]  	657	9 
[9, 3, 14, 0]  	674	8 
[12, 17, 2, 0]  	681	9 
[15, 0, 13, 0]  	688	8 
[10, 19, 2, 0]  	689	9 
[9, 20, 2, 0]  	693	7 
[7, 22, 2, 0]  	701	8 
[7, 6, 14, 0]  	705	8 
[8, 23, 1, 0]  	712	8 
[12, 20, 1, 0]  	719	8 
[7, 8, 13, 0]  	720	8 
[6, 9, 13, 0]  	724	7 
[6, 8, 14, 0]  	732	7 
[5, 25, 2, 0]  	732	7 
[19, 0, 12, 0]  	733	8 
[14, 19, 1, 0]  	734	7 
[5, 9, 14, 0]  	736	7 
[7, 25, 1, 0]  	739	7 
[6, 26, 1, 0]  	743	7 
[8, 26, 0, 0]  	750	7 
[5, 11, 13, 0]  	751	7 
[4, 12, 13, 0]  	755	6 
[12, 23, 0, 0]  	757	7 
[6, 28, 0, 0]  	758	7 
[5, 29, 0, 0]  	762	6 
[4, 11, 14, 0]  	763	6 
[10, 25, 0, 0]  	765	7 
[4, 26, 3, 0]  	767	6 
[5, 28, 1, 0]  	770	6 
[4, 14, 12, 0]  	770	6 
[5, 24, 4, 0]  	771	6 
[14, 22, 0, 0]  	772	7 
[4, 29, 1, 0]  	774	6 
[19, 18, 0, 0]  	775	7 
[18, 19, 0, 0]  	779	7 
[5, 15, 11, 0]  	781	6 
[4, 28, 2, 0]  	782	6 
[3, 14, 13, 0]  	782	6 
[3, 29, 2, 0]  	786	5 
[3, 32, 0, 0]  	793	5 
[5, 21, 7, 0]  	795	6 
[5, 17, 10, 0]  	796	6 
[4, 18, 10, 0]  	800	5 
[3, 31, 1, 0]  	801	5 
[3, 0, 24, 0]  	801	5 
[5, 20, 8, 0]  	803	6 
[2, 32, 1, 0]  	805	5 
[17, 21, 0, 0]  	806	6 
[4, 25, 5, 0]  	806	6 
[4, 21, 8, 0]  	807	5 
[5, 23, 6, 0]  	810	6 
[4, 1, 23, 0]  	812	5 
[4, 24, 6, 0]  	814	5 
[4, 20, 9, 0]  	815	5 
[4, 4, 21, 0]  	819	5 
[4, 23, 7, 0]  	822	5 
[2, 18, 12, 0]  	824	4 
[4, 7, 19, 0]  	826	5 
[4, 3, 22, 0]  	827	5 
[3, 4, 22, 0]  	831	4 
[4, 10, 17, 0]  	833	5 
[4, 6, 20, 0]  	834	5 
[3, 11, 17, 0]  	837	5 
[3, 7, 20, 0]  	838	4 
[3, 3, 23, 0]  	839	4 
[2, 35, 0, 0]  	843	4 
[3, 10, 18, 0]  	845	4 
[3, 6, 21, 0]  	846	4 
[3, 21, 10, 0]  	850	4 
[3, 9, 19, 0]  	853	4 
[3, 28, 5, 0]  	856	5 
[3, 20, 11, 0]  	858	4 
[2, 29, 5, 0]  	860	4 
[2, 21, 11, 0]  	862	3 
[3, 27, 6, 0]  	864	4 
[3, 23, 9, 0]  	865	4 
[2, 28, 6, 0]  	868	4 
[2, 24, 9, 0]  	869	3 
[3, 26, 7, 0]  	872	4 
[2, 4, 24, 0]  	874	4 
[2, 31, 4, 0]  	875	5 
[2, 27, 7, 0]  	876	3 
[2, 23, 10, 0]  	877	3 
[2, 15, 16, 0]  	879	4 
[2, 7, 22, 0]  	881	3 
[2, 26, 8, 0]  	884	3 
[2, 14, 17, 0]  	887	4 
[2, 10, 20, 0]  	888	3 
[1, 15, 17, 0]  	891	3 
[1, 38, 0, 0]  	893	3 
[2, 13, 18, 0]  	895	3 
[2, 9, 21, 0]  	896	3 
[2, 1, 27, 0]  	898	4 
[1, 14, 18, 0]  	899	3 
[1, 10, 21, 0]  	900	2 
[2, 12, 19, 0]  	903	3 
[2, 0, 28, 0]  	906	4 
[1, 13, 19, 0]  	907	2 
[1, 32, 5, 0]  	910	3 
[1, 12, 20, 0]  	915	2 
[1, 31, 6, 0]  	918	3 
[1, 27, 9, 0]  	919	2 
[1, 30, 7, 0]  	926	2 
[1, 18, 16, 0]  	929	3 
[0, 31, 7, 0]  	930	2 
[1, 29, 8, 0]  	934	2 
[0, 30, 8, 0]  	938	1 
[1, 1, 29, 0]  	941	2 
[1, 24, 12, 0]  	943	3 
[1, 35, 4, 0]  	948	3 
[1, 0, 30, 0]  	949	2 
[0, 1, 30, 0]  	953	1 
[0, 16, 19, 0]  	957	1 
[0, 35, 5, 0]  	960	2 
[0, 0, 31, 0]  	961	1  <--- 3
[1, 21, 15, 0]  	967	3 
[0, 18, 18, 0]  	972	1 
[1, 4, 28, 0]  	979	2 
[0, 4, 29, 0]  	991	1 
[0, 38, 4, 0]  	998	2 
[0, 21, 17, 0]  	1010	1 
[0, 44, 0, 0]  	1012	2  <--- 2
[1, 7, 27, 0]  	1017	2 
[0, 7, 28, 0]  	1029	1 
[0, 24, 16, 0]  	1048	1 
[0, 10, 27, 0]  	1067	1 
[0, 27, 15, 0]  	1086	1 
[0, 13, 26, 0]  	1105	1 
[8, 8, 4, 1]  	460	7 
[10, 22, 1, 1]  	727	8 
[16, 20, 0, 1]  	764	7 
[5, 18, 9, 1]  	788	6 
[4, 17, 11, 1]  	808	5 
[3, 17, 12, 1]  	820	5 
[4, 9, 18, 1]  	841	5 
[3, 24, 8, 1]  	857	4 
[0, 41, 3, 1]  	1036	2 
[4, 31, 0, 2]  	789	6 
[3, 12, 16, 2]  	829	5 
[0, 32, 6, 2]  	922	2 
[4, 0, 23, 28]  	789	5 
[2, 29, 4, 28]  	829	4 
[0, 1, 29, 28]  	922	1 
[6, 11, 3, 29]  	460	6 
[8, 25, 0, 29]  	727	7 
[5, 21, 6, 29]  	764	6 
[4, 24, 5, 29]  	783	5 
[4, 4, 20, 29]  	788	5 
[3, 3, 22, 29]  	808	4 
[2, 34, 0, 29]  	820	4 
[3, 26, 6, 29]  	841	4 
[2, 10, 19, 29]  	857	3 
[0, 10, 26, 29]  	1036	1 
------
The gap is between 3 and 27.
Lengths: 3 3 5 5 3 3.
For 982 = 5*d/2-d1-d2-d3 you get 3 in char 0.
1*x^1*y^23*z^14
1*y^40*z^2
1*y^9*z^25

For 560 = 3*d/2-d1-d2-d3 you get 5 in char 0.
1*x^4*y^17*z^3
1*x^3*y^3*z^14
1*x^2*y^20*z^2
1*x^1*y^6*z^13
1*y^23*z^1

For 138 = d/2-d1-d2-d3 you get 3 in char 0.
1*x^4*z^2
1*x^2*y^3*z^1
1*y^6

Extra powers of p used 0.
The invariant extra is equal to 1.
Start computing 11^3 Delta^1 (x1x2x3)^10... Done.
Start computing 11^4 Delta^2 (x1x2x3)^10... Done.
Start computing 11^5 Delta^3 (x1x2x3)^10... Done.
Start computing 11^6 Delta^4 (x1x2x3)^10... Done.
Start computing 11^7 Delta^5 (x1x2x3)^10... Done.
Start computing 11^8 Delta^6 (x1x2x3)^10... Done.
Start computing 11^9 Delta^7 (x1x2x3)^10... Done.
Start computing aa.
1 2 3 4 5 6 7 8 9 10 11 
*/
A = \
[181287747985193116540593268457,148904994570729654872209466494,877634566174429561838189494502,859901308057975171959737612120,692683414134565875977571159445,873526458915745133058990250898,647780493823559676041960447719,610296660662544703612605364821,309017463157241018625813318951,1503121963296546359597532441355,299558469293137110324864367123;\
1394212728631165069699705841643,1422492402404088605299879466993,615256637662432706432405723612,929319501733950940602333325113,1440310128571382748660589143843,354351374834613201053236186816,977808557671924536302475684481,1185283150839982821972480914240,1039322902627065651389490736447,177463355745712207672989968194,87624631963516048719759528395;\
1295852663462548207235877691123,536131665328941378142881957444,497447109240211693285627450650,1377923748760995632342038883661,137882432529412372375513976597,992683918258891925210811975044,826399951091363704782778867673,45971112878633380959849987516,671863245613791775731380933234,247417289945188976265590921357,861405334694420463820379851542;\
237907777596196223409319784065,254923131562409627950398582231,655350515473712953809716776875,259791114348652929774464299006,1279201943032657279074175364958,954701062119374883043588002497,784015533598560885114669734415,266236794362969360453303558140,884124465242858434626424432556,1196254048781565579201939705712,484971742670253773909943039357;\
899575257577356254353016398123,557674521343799630814429718838,641559238041490920648569679713,1234413255832301920028050266408,511071096704128217038046392831,838354799482064537043015837269,1303628160009124146592732268701,931982755051916511999678586392,442312457377131578528854093212,585146848409698037013421840816,1216676569406138399644118972818;\
811796792777159025871200122027,1166073845044745143441120653241,773589935914219788057236854490,212219561197906181094519749163,1235354615751512921224624583629,1458591826990117176732084346197,1340731776055703583525007488542,1257919185637651719301094631315,1436750993232229109269324220742,283723406322115213492778007125,217061889238691185729028704309;\
663110326187984735563133774038,1244167835593520817741759073584,1447741220074504382345589908063,826501934480131251680202249836,1094105719792493730619596189044,636901684585444216094116369288,1482654698023227247271784308717,397278535999302103743376400049,1039854430004677342923301975200,822633876520154092005552484104,499538806742056229484573429731;\
621791380026747813710249500156,831539055551233349434839609848,1035631248409877724883101111576,815655398783316160232323706865,1184228595905381898817162537507,801952969622671499456858588653,1059256880664698429107796672952,1435676224515854707152231164700,1202640899087901664805083488929,927819509331185597612717925155,200441774822762876320603715678;\
143791073557658897489634494880,814809158501113383841957452119,106034570102881624827187215182,824913993212282041494896038734,208628706200553286074090710827,977734715982995200532868767388,25399848580514843069755125830,817408276616055639907866854237,632025939834502252924197121017,522705300811790069668248806186,1140762816929829856631554766124;\
1243340760708903757245971173449,770076402854421752581019708777,413194673108490250954069655126,689928787789560345234842151221,1025217726198070557161116069127,1469053055768279588943342372575,1000733023175446271216968489401,969312019683709360578071393901,246872431145462172575024138859,1172626115399970948609367210560,789847331322877459414643469158;\
1495915669635808088496817298152,913918861761345005438450790589,1362988515080987047520251380780,557734032482060872164432879096,619535034903174363347823400215,572567994601248663324189852200,1443935102579026420715655912873,540479664159888734346929896725,1464920545453940466419133088263,470467488444480894004014262710,491467002441494496396732377163]
/* 
This should be the matrix of frobenius!
*/ 
B = A; 
/* Freed 166 lists. */
