/* Comments begin... 
Coefficient of   x^21 * y^1               = 0
Coefficient of   x^10 * y^2 * z^6         = -3
Coefficient of   x^8 * y^5 * z^5         = -5
Coefficient of   x^6 * y^8 * z^4         = 0
Coefficient of   x^4 * y^11 * z^3         = -2
Coefficient of   x^2 * y^14 * z^2         = -1
Coefficient of   x^1 * z^13               = 2
Coefficient of   y^17 * z^1               = -1

Here is the polynomial we're using this time:

-3*x^10*y^2*z^6 + -5*x^8*y^5*z^5 + -2*x^4*y^11*z^3 + -1*x^2*y^14*z^2 + 2*x^1*z^13 + -1*y^17*z^1

Allocate G_len 20 elements and old = 0.
Allocate M_len = 400 elements.
Allocate G_len 40 elements and old = 20.
Allocate M_len = 800 elements.
Allocate G_len 80 elements and old = 40.
Allocate M_len = 1600 elements.
Allocate M_len = 3200 elements.
Not smooth!
Coefficient of   x^21 * y^1               = -3
Coefficient of   x^10 * y^2 * z^6         = -5
Coefficient of   x^8 * y^5 * z^5         = 5
Coefficient of   x^6 * y^8 * z^4         = -4
Coefficient of   x^4 * y^11 * z^3         = -2
Coefficient of   x^2 * y^14 * z^2         = 2
Coefficient of   x^1 * z^13               = 3
Coefficient of   y^17 * z^1               = -3

Here is the polynomial we're using this time:

-3*x^21*y^1 + -5*x^10*y^2*z^6 + 5*x^8*y^5*z^5 + -4*x^6*y^8*z^4 + -2*x^4*y^11*z^3 + 2*x^2*y^14*z^2 + 3*x^1*z^13 + -3*y^17*z^1

Allocate G_len 160 elements and old = 80.
Allocate M_len = 6400 elements.
Allocate M_len = 12800 elements.
Allocate G_len 320 elements and old = 160.
The final length of G is 163
[10, 2, 5, 0]  	391	7 
[21, 0, 0, 0]  	399	7  <--- 1
[20, 1, 0, 0]  	403	7 
[8, 5, 5, 0]  	422	6 
[8, 8, 4, 0]  	460	7 
[6, 11, 4, 0]  	491	6 
[6, 14, 3, 0]  	529	7 
[5, 0, 15, 0]  	560	6 
[18, 5, 4, 0]  	581	12 
[14, 11, 3, 0]  	612	11 
[18, 8, 3, 0]  	619	11 
[11, 0, 14, 0]  	643	10 
[14, 14, 2, 0]  	650	10 
[18, 11, 2, 0]  	657	10 
[12, 17, 2, 0]  	681	9 
[15, 0, 13, 0]  	688	9 
[10, 19, 2, 0]  	689	9 
[9, 20, 2, 0]  	693	8 
[18, 14, 1, 0]  	695	9 
[7, 22, 2, 0]  	701	8 
[7, 6, 14, 0]  	705	8 
[8, 23, 1, 0]  	712	8 
[12, 20, 1, 0]  	719	8 
[7, 8, 13, 0]  	720	8 
[6, 9, 13, 0]  	724	7 
[16, 17, 1, 0]  	726	8 
[10, 22, 1, 0]  	727	8 
[6, 8, 14, 0]  	732	7 
[5, 25, 2, 0]  	732	7 
[19, 0, 12, 0]  	733	8 
[14, 19, 1, 0]  	734	8 
[5, 9, 14, 0]  	736	7 
[7, 25, 1, 0]  	739	7 
[6, 26, 1, 0]  	743	7 
[8, 26, 0, 0]  	750	7 
[5, 11, 13, 0]  	751	7 
[4, 12, 13, 0]  	755	6 
[12, 23, 0, 0]  	757	7 
[6, 28, 0, 0]  	758	7 
[5, 29, 0, 0]  	762	6 
[4, 11, 14, 0]  	763	6 
[10, 25, 0, 0]  	765	7 
[4, 26, 3, 0]  	767	6 
[5, 28, 1, 0]  	770	6 
[4, 14, 12, 0]  	770	6 
[5, 24, 4, 0]  	771	6 
[14, 22, 0, 0]  	772	7 
[4, 29, 1, 0]  	774	6 
[19, 18, 0, 0]  	775	7 
[18, 19, 0, 0]  	779	7 
[5, 15, 11, 0]  	781	6 
[4, 28, 2, 0]  	782	6 
[3, 14, 13, 0]  	782	6 
[3, 29, 2, 0]  	786	5 
[5, 18, 9, 0]  	788	6 
[4, 31, 0, 0]  	789	6 
[3, 32, 0, 0]  	793	5 
[5, 21, 7, 0]  	795	6 
[5, 17, 10, 0]  	796	6 
[4, 18, 10, 0]  	800	5 
[3, 31, 1, 0]  	801	5 
[3, 0, 24, 0]  	801	5 
[5, 20, 8, 0]  	803	6 
[2, 32, 1, 0]  	805	5 
[17, 21, 0, 0]  	806	6 
[4, 25, 5, 0]  	806	6 
[4, 21, 8, 0]  	807	5 
[4, 17, 11, 0]  	808	5 
[5, 23, 6, 0]  	810	6 
[4, 1, 23, 0]  	812	5 
[4, 24, 6, 0]  	814	5 
[4, 20, 9, 0]  	815	5 
[4, 4, 21, 0]  	819	5 
[3, 17, 12, 0]  	820	5 
[4, 23, 7, 0]  	822	5 
[2, 18, 12, 0]  	824	4 
[4, 7, 19, 0]  	826	5 
[4, 3, 22, 0]  	827	5 
[3, 12, 16, 0]  	829	5 
[3, 4, 22, 0]  	831	4 
[3, 11, 17, 0]  	837	5 
[3, 7, 20, 0]  	838	4 
[3, 3, 23, 0]  	839	4 
[4, 9, 18, 0]  	841	5 
[2, 35, 0, 0]  	843	4 
[3, 10, 18, 0]  	845	4 
[3, 6, 21, 0]  	846	4 
[3, 21, 10, 0]  	850	4 
[3, 9, 19, 0]  	853	4 
[3, 28, 5, 0]  	856	5 
[3, 24, 8, 0]  	857	4 
[3, 20, 11, 0]  	858	4 
[2, 29, 5, 0]  	860	4 
[2, 21, 11, 0]  	862	3 
[3, 27, 6, 0]  	864	4 
[3, 23, 9, 0]  	865	4 
[2, 24, 9, 0]  	869	3 
[3, 26, 7, 0]  	872	4 
[2, 4, 24, 0]  	874	4 
[2, 31, 4, 0]  	875	5 
[2, 27, 7, 0]  	876	3 
[2, 23, 10, 0]  	877	3 
[2, 15, 16, 0]  	879	4 
[2, 7, 22, 0]  	881	3 
[2, 26, 8, 0]  	884	3 
[2, 14, 17, 0]  	887	4 
[2, 10, 20, 0]  	888	3 
[1, 15, 17, 0]  	891	3 
[1, 38, 0, 0]  	893	3 
[2, 9, 21, 0]  	896	3 
[1, 14, 18, 0]  	899	3 
[1, 10, 21, 0]  	900	2 
[2, 12, 19, 0]  	903	3 
[2, 0, 28, 0]  	906	4 
[1, 13, 19, 0]  	907	2 
[1, 32, 5, 0]  	910	3 
[1, 12, 20, 0]  	915	2 
[1, 31, 6, 0]  	918	3 
[1, 27, 9, 0]  	919	2 
[0, 32, 6, 0]  	922	2 
[1, 30, 7, 0]  	926	2 
[1, 18, 16, 0]  	929	3 
[0, 31, 7, 0]  	930	2 
[1, 29, 8, 0]  	934	2 
[0, 30, 8, 0]  	938	1 
[1, 1, 29, 0]  	941	2 
[1, 24, 12, 0]  	943	3 
[1, 35, 4, 0]  	948	3 
[1, 0, 30, 0]  	949	2 
[0, 1, 30, 0]  	953	1 
[0, 16, 19, 0]  	957	1 
[0, 35, 5, 0]  	960	2 
[0, 0, 31, 0]  	961	1  <--- 3
[1, 21, 15, 0]  	967	3 
[0, 18, 18, 0]  	972	1 
[0, 4, 29, 0]  	991	1 
[0, 38, 4, 0]  	998	2 
[0, 21, 17, 0]  	1010	1 
[0, 44, 0, 0]  	1012	2  <--- 2
[1, 7, 27, 0]  	1017	2 
[0, 7, 28, 0]  	1029	1 
[0, 41, 3, 0]  	1036	2 
[0, 24, 16, 0]  	1048	1 
[0, 10, 27, 0]  	1067	1 
[0, 27, 15, 0]  	1086	1 
[0, 13, 26, 0]  	1105	1 
[16, 20, 0, 1]  	764	7 
[4, 6, 20, 1]  	834	5 
[2, 28, 6, 1]  	868	4 
[2, 13, 18, 1]  	895	3 
[2, 1, 27, 1]  	898	4 
[1, 4, 28, 1]  	979	2 
[4, 10, 17, 2]  	833	5 
[9, 3, 14, 3]  	674	9 
[8, 20, 2, 27]  	674	8 
[3, 27, 5, 28]  	833	4 
[5, 21, 6, 29]  	764	6 
[4, 24, 5, 29]  	783	4 
[3, 23, 8, 29]  	834	3 
[1, 14, 17, 29]  	868	3 
[1, 30, 6, 29]  	895	2 
[1, 18, 15, 29]  	898	3 
[0, 21, 16, 29]  	979	1 
------
The gap is between 4 and 26.
Lengths: 3 3 5 5 3 3.
For 982 = 5*d/2-d1-d2-d3 you get 3 in char 0.
1*x^1*y^23*z^14
1*y^40*z^2
1*y^9*z^25

For 560 = 3*d/2-d1-d2-d3 you get 5 in char 0.
1*x^4*y^17*z^3
1*x^3*y^3*z^14
1*x^2*y^20*z^2
1*x^1*y^6*z^13
1*y^23*z^1

For 138 = d/2-d1-d2-d3 you get 3 in char 0.
1*x^4*z^2
1*x^2*y^3*z^1
1*y^6

Extra powers of p used 0.
The invariant extra is equal to 1.
Start computing 11^3 Delta^1 (x1x2x3)^10... Done.
Start computing 11^4 Delta^2 (x1x2x3)^10... Done.
Start computing 11^5 Delta^3 (x1x2x3)^10... Done.
Start computing 11^6 Delta^4 (x1x2x3)^10... Done.
Start computing 11^7 Delta^5 (x1x2x3)^10... Done.
Start computing 11^8 Delta^6 (x1x2x3)^10... Done.
Start computing 11^9 Delta^7 (x1x2x3)^10... Done.
Start computing aa.
1 2 3 4 5 6 7 8 9 10 11 
*/
A = \
[1029706421685821001331764842908,1369650621677705059332653212038,1086794584408763232615923724059,282629411139328978429330069961,1266789058426231033132184060843,1129532920038065394581713524706,16604273030685543004465489760,91409679035025239013364694763,143214733547115163964531875033,1349184562558121971157913832802,1186015620908245549312108840314;\
45314772979033746870089431805,1420701318383922285642070587348,1567008544760632487504566948103,1034789566402533884645579390393,852148418511832566314794917412,1326300601044522170459644895115,615108037382465729086571280045,1310194548169368989422108063052,636811503542245776020160795581,7038894950688368781897199294,423410013818196999889422228695;\
1204988071835273738753154296063,771538126977168831406802940909,1342610808671297256091597093482,558977887553462845561599086130,398960713728395164136476824413,1080453020725588102174346664504,894477863789990621729429020377,987831086318674496398749188665,893671244330801733136092981624,1173561808495456989955153825501,988243183155475339030899244977;\
442517934335979388056842488950,663297244338840539681219305770,583370961619719430674809089767,531039400785967580274239218175,349873865516350978687801406567,323174456080950098499770042048,1529938738019468527358160454077,1433861437309058010479234059887,794510622646933830716634867608,649500930852276054347079401271,466854475649965153663084931319;\
1380770161346582344479282795670,1389095570188020330136291366578,824306949257465906781483423437,677589589463479132641489092200,1173821250432632790965209828958,1226596022579136618041781111084,56771462506812832294897488063,5657469049521195845587087131,113163326638645655617508689459,1281894229886571283414021603805,140490015227020499400850220632;\
33529542478458098680871971011,1277261527767394403526846862293,1029872848135257643411787940529,1288744648214209512759571542228,181099451318231687313431466844,1495590470767986840401406403052,757189087342168121515035042431,680109496930968332605378566807,926899895644646104307639279833,1411007969011843148539926316786,657457431197408699532659694963;\
1302469039521578121935457432102,986978393575989019363112948748,576339055494660272602198125865,171759625870409145403395708763,1575645945332151175377922068151,269391850203156224865999373740,850246654348660230219335984173,262578293759305719059081718391,468518621300232012266054828750,939512533243997285165068652484,1217741164511380589768967379309;\
765588173434661235457440148591,908169958149628104278311561140,1255745215968188342372705439248,62772193863644605524265958844,78241779025152459020152669084,485663006632564572491205008758,1374123912744458569030926348474,420255699776142080619000111693,1544317284340376685147373503721,1306935105738568046892452962397,819855090505635428869064226061;\
1045152455838263845245112628886,163565057569614393649529947563,390056250490870368959679498329,542248060539276666397032240052,1006665875805662547472208127565,532069479632119711519755544576,472702856113516616676535001918,1498646863599973044206507213043,262423179955729909331453114998,768372348571254023053013523769,471824989128907286694750461181;\
205331575007886388679722979799,1321723276921522915707559358640,663220934640026906939197679075,901286249857965153625151687770,779106237900794448742970089965,77903511377964130044043781693,627363372970447003420982164559,7227779487630203115847622004,1540237801669584139491518208609,1030393658197121490291721331014,16120092007016737632776478364;\
137024631856728177332496801405,151657761995374220946584102443,1239971591502473484136924572702,930212955720411007793699901075,761518328820122079807760355339,331029427912840089368544854278,390793128487788524053825242193,203015152401266194495160269087,903190335501685581315333378395,423378588431709714840814064474,466349542873596325875993341159]
/* 
This should be the matrix of frobenius!
*/ 
B = A; 
/* Freed 166 lists. */
