/* Comments begin... 
Coefficient of   x^21 * y^1               = -4
Coefficient of   x^10 * y^2 * z^6         = -5
Coefficient of   x^8 * y^5 * z^5         = -1
Coefficient of   x^6 * y^8 * z^4         = -5
Coefficient of   x^4 * y^11 * z^3         = -1
Coefficient of   x^2 * y^14 * z^2         = -3
Coefficient of   x^1 * z^13               = -2
Coefficient of   y^17 * z^1               = -3

Here is the polynomial we're using this time:

-4*x^21*y^1 + -5*x^10*y^2*z^6 + -1*x^8*y^5*z^5 + -5*x^6*y^8*z^4 + -1*x^4*y^11*z^3 + -3*x^2*y^14*z^2 + -2*x^1*z^13 + -3*y^17*z^1

Allocate G_len 20 elements and old = 0.
Allocate M_len = 400 elements.
Allocate G_len 40 elements and old = 20.
Allocate M_len = 800 elements.
Allocate G_len 80 elements and old = 40.
Allocate M_len = 1600 elements.
Allocate M_len = 3200 elements.
Allocate G_len 160 elements and old = 80.
Allocate M_len = 6400 elements.
Allocate M_len = 12800 elements.
Allocate G_len 320 elements and old = 160.
The final length of G is 171
[10, 2, 5, 0]  	391	7 
[21, 0, 0, 0]  	399	7  <--- 1
[20, 1, 0, 0]  	403	7 
[8, 5, 5, 0]  	422	6 
[8, 8, 4, 0]  	460	7 
[6, 11, 4, 0]  	491	6 
[6, 14, 3, 0]  	529	7 
[5, 0, 15, 0]  	560	6 
[18, 5, 4, 0]  	581	12 
[14, 11, 3, 0]  	612	11 
[18, 8, 3, 0]  	619	11 
[11, 0, 14, 0]  	643	10 
[14, 14, 2, 0]  	650	10 
[18, 11, 2, 0]  	657	10 
[9, 3, 14, 0]  	674	9 
[12, 17, 2, 0]  	681	9 
[15, 0, 13, 0]  	688	9 
[10, 19, 2, 0]  	689	9 
[18, 14, 1, 0]  	695	9 
[7, 22, 2, 0]  	701	8 
[7, 6, 14, 0]  	705	8 
[8, 23, 1, 0]  	712	8 
[12, 20, 1, 0]  	719	8 
[7, 8, 13, 0]  	720	8 
[6, 9, 13, 0]  	724	7 
[16, 17, 1, 0]  	726	8 
[10, 22, 1, 0]  	727	8 
[6, 8, 14, 0]  	732	7 
[5, 25, 2, 0]  	732	7 
[19, 0, 12, 0]  	733	8 
[14, 19, 1, 0]  	734	8 
[5, 9, 14, 0]  	736	7 
[7, 25, 1, 0]  	739	7 
[6, 26, 1, 0]  	743	7 
[8, 26, 0, 0]  	750	7 
[4, 12, 13, 0]  	755	6 
[12, 23, 0, 0]  	757	7 
[6, 28, 0, 0]  	758	7 
[5, 29, 0, 0]  	762	6 
[4, 11, 14, 0]  	763	6 
[4, 26, 3, 0]  	767	6 
[5, 28, 1, 0]  	770	7 
[5, 24, 4, 0]  	771	6 
[14, 22, 0, 0]  	772	7 
[4, 29, 1, 0]  	774	6 
[19, 18, 0, 0]  	775	7 
[18, 19, 0, 0]  	779	7 
[5, 15, 11, 0]  	781	6 
[4, 28, 2, 0]  	782	6 
[3, 14, 13, 0]  	782	6 
[3, 29, 2, 0]  	786	5 
[5, 18, 9, 0]  	788	6 
[5, 14, 12, 0]  	789	6 
[4, 31, 0, 0]  	789	6 
[4, 15, 12, 0]  	793	5 
[3, 32, 0, 0]  	793	5 
[5, 21, 7, 0]  	795	6 
[5, 17, 10, 0]  	796	6 
[3, 31, 1, 0]  	801	5 
[3, 0, 24, 0]  	801	5 
[2, 32, 1, 0]  	805	5 
[17, 21, 0, 0]  	806	6 
[4, 25, 5, 0]  	806	6 
[4, 17, 11, 0]  	808	5 
[5, 23, 6, 0]  	810	6 
[4, 1, 23, 0]  	812	5 
[4, 24, 6, 0]  	814	5 
[4, 4, 21, 0]  	819	5 
[3, 17, 12, 0]  	820	5 
[4, 23, 7, 0]  	822	5 
[4, 7, 19, 0]  	826	5 
[4, 3, 22, 0]  	827	5 
[3, 12, 16, 0]  	829	5 
[3, 4, 22, 0]  	831	4 
[4, 10, 17, 0]  	833	5 
[4, 6, 20, 0]  	834	5 
[4, 21, 9, 0]  	838	4 
[3, 7, 20, 0]  	838	4 
[3, 3, 23, 0]  	839	4 
[4, 9, 18, 0]  	841	5 
[2, 35, 0, 0]  	843	4 
[3, 10, 18, 0]  	845	4 
[3, 6, 21, 0]  	846	4 
[3, 21, 10, 0]  	850	4 
[3, 9, 19, 0]  	853	4 
[3, 28, 5, 0]  	856	5 
[3, 24, 8, 0]  	857	4 
[3, 20, 11, 0]  	858	4 
[2, 29, 5, 0]  	860	4 
[2, 21, 11, 0]  	862	3 
[3, 27, 6, 0]  	864	4 
[3, 23, 9, 0]  	865	4 
[2, 28, 6, 0]  	868	4 
[2, 24, 9, 0]  	869	3 
[3, 26, 7, 0]  	872	4 
[2, 4, 24, 0]  	874	4 
[2, 31, 4, 0]  	875	5 
[2, 27, 7, 0]  	876	3 
[2, 23, 10, 0]  	877	3 
[2, 15, 16, 0]  	879	4 
[2, 7, 22, 0]  	881	3 
[2, 26, 8, 0]  	884	3 
[2, 14, 17, 0]  	887	4 
[2, 10, 20, 0]  	888	3 
[1, 15, 17, 0]  	891	3 
[1, 38, 0, 0]  	893	3 
[2, 13, 18, 0]  	895	3 
[2, 9, 21, 0]  	896	3 
[2, 1, 27, 0]  	898	4 
[1, 14, 18, 0]  	899	3 
[2, 12, 19, 0]  	903	3 
[2, 0, 28, 0]  	906	4 
[1, 13, 19, 0]  	907	2 
[1, 32, 5, 0]  	910	3 
[1, 27, 9, 0]  	919	2 
[0, 32, 6, 0]  	922	2 
[1, 30, 7, 0]  	926	2 
[1, 18, 16, 0]  	929	3 
[0, 31, 7, 0]  	930	2 
[1, 29, 8, 0]  	934	2 
[0, 30, 8, 0]  	938	1 
[1, 1, 29, 0]  	941	2 
[1, 24, 12, 0]  	943	3 
[1, 35, 4, 0]  	948	3 
[1, 0, 30, 0]  	949	2 
[0, 1, 30, 0]  	953	1 
[0, 16, 19, 0]  	957	1 
[0, 35, 5, 0]  	960	2 
[0, 0, 31, 0]  	961	1  <--- 3
[1, 21, 15, 0]  	967	3 
[0, 18, 18, 0]  	972	1 
[1, 4, 28, 0]  	979	2 
[0, 4, 29, 0]  	991	1 
[0, 38, 4, 0]  	998	2 
[0, 21, 17, 0]  	1010	1 
[0, 44, 0, 0]  	1012	2  <--- 2
[1, 7, 27, 0]  	1017	2 
[0, 7, 28, 0]  	1029	1 
[0, 41, 3, 0]  	1036	2 
[0, 24, 16, 0]  	1048	1 
[0, 10, 27, 0]  	1067	1 
[0, 27, 15, 0]  	1086	1 
[0, 13, 26, 0]  	1105	1 
[9, 20, 2, 1]  	693	8 
[5, 11, 13, 1]  	751	7 
[16, 20, 0, 1]  	764	7 
[10, 25, 0, 1]  	765	7 
[4, 14, 12, 1]  	770	6 
[4, 18, 10, 1]  	800	5 
[5, 20, 8, 1]  	803	6 
[4, 21, 8, 1]  	807	5 
[4, 20, 9, 1]  	815	5 
[2, 18, 12, 1]  	824	4 
[3, 11, 17, 1]  	837	5 
[1, 10, 21, 1]  	900	2 
[1, 12, 20, 1]  	915	2 
[1, 31, 6, 1]  	918	3 
[7, 23, 1, 29]  	693	6 
[4, 28, 1, 29]  	751	6 
[5, 21, 6, 29]  	764	6 
[5, 17, 9, 29]  	765	5 
[3, 31, 0, 29]  	770	4 
[4, 24, 5, 29]  	783	4 
[3, 6, 19, 29]  	784	3 
[3, 4, 21, 29]  	800	4 
[1, 35, 0, 29]  	824	3 
[2, 28, 5, 29]  	837	4 
[2, 23, 9, 29]  	846	2 
[0, 27, 9, 29]  	900	1 
[0, 29, 8, 29]  	915	1 
[1, 0, 29, 29]  	918	2 
------
The gap is between 2 and 28.
Lengths: 3 3 5 5 3 3.
For 982 = 5*d/2-d1-d2-d3 you get 3 in char 0.
1*x^1*y^23*z^14
1*y^40*z^2
1*y^9*z^25

For 560 = 3*d/2-d1-d2-d3 you get 5 in char 0.
1*x^4*y^17*z^3
1*x^3*y^3*z^14
1*x^2*y^20*z^2
1*x^1*y^6*z^13
1*y^23*z^1

For 138 = d/2-d1-d2-d3 you get 3 in char 0.
1*x^4*z^2
1*x^2*y^3*z^1
1*y^6

Extra powers of p used 0.
The invariant extra is equal to 1.
Start computing 11^3 Delta^1 (x1x2x3)^10... Done.
Start computing 11^4 Delta^2 (x1x2x3)^10... Done.
Start computing 11^5 Delta^3 (x1x2x3)^10... Done.
Start computing 11^6 Delta^4 (x1x2x3)^10... Done.
Start computing 11^7 Delta^5 (x1x2x3)^10... Done.
Start computing 11^8 Delta^6 (x1x2x3)^10... Done.
Start computing 11^9 Delta^7 (x1x2x3)^10... Done.
Start computing aa.
1 2 3 4 5 6 7 8 9 10 11 
*/
A = \
[544685524978816437780092901689,622474757743890186011089306607,1442078996079787981259652485050,242392841271259109725658177891,496926237752673893526584127675,1047871285519745101259533920583,1189201557880118485910332751824,472375742976555250368776062383,921946513401275600621832354620,915449135545467522087137893052,653555745573704139895645844169;\
1287476969128807272395503503417,972556051128312447878060421536,1422429736812600447936928676727,1180754618345930402046290702167,97071404904512978416238763144,496889761552134279537191181033,684200293474368633030914968232,468429211605150273711292329732,223396679863060928857828301612,1046028502334463565462664226063,1003016344564349235586840815364;\
290208957934754419483749659423,1055558572390845261307489841506,483910847548265289280071933112,1493757236708573743217929139610,189261790762485517462349958357,1114637976565060877431045429578,643499076597375942274433814503,1101088768112302716318214096377,130949246775347819849397510363,1177865630453637204509589057415,551459930873520836453584221121;\
1477400611145057378145094947798,704471338293068446558396540735,947153907453694127876996216103,334429404392685001793850966520,1140732560910409626049188072588,75450610909474173874032151807,596531667971729796663293203443,266193106655089577816465285112,1467110266606062574781865978277,306828155386527908683147359069,861720888334295886010106759613;\
1291920637489102348867675968880,86295448404163288019713342799,995729438202925434619837397680,806959520172311530171317134426,405475826351828459911379660107,303018267331044832281176758769,653631025923106175503844591911,1379779951036292413862884219194,604412366338399960825624780343,100520984656882581760385957364,1175744173796992020328336224798;\
112481905942599721246718488871,1433775429388128876207942214648,1031989763322009963355224239813,114219216931928801246265272462,272331835988295225438871314806,974080535415288954569666097139,1540002053587585102120823931934,333603189705503598159546143404,1361648492374358171381635613255,1138397387883586731032487021524,402280537782259767418945396162;\
372149672556433246132900247012,253470536658761851265829990794,157627526899001315791889669374,474254547561259820210876909262,1459626218507935812538396750635,1496594190960467332652991717315,839992725268503220694874573232,1176749078476348656871276758579,1514101940915803787885410531304,478638780519880796301835645362,1226866873998781120421991168109;\
1328735557884641261823821052210,317194052215601379679097102613,987113366023636037860816471610,534422586573402338357133906065,206630892639589470353590453714,254232431105209444872647004287,290467944597306390885591171188,1463621779912043183857418996552,507426258590957033646753293760,126295182499652774860667191964,566728346671144250508203518560;\
526317508818716365159019406079,364232955842496684010056297443,1109452726316892360544531766562,805170471352778433029992759455,1397356252675824584127972535647,14221653782960148873739750425,1259206665202939280912431869258,1351219448555157949627579050639,1359285550310809887212724875950,1119711333456780083385204684483,1222329739474579331940202061291;\
210906498871098328765011507628,719325633260239888111940339850,1558588895463773420426424982807,761604538085275344206811526352,875040043818381506546450559315,895002514675871725948708537676,196484061269019453186806633095,1267628858200954779185259617255,504654445214301411282607464011,1426268233110022794337420259278,51384577177843569347213898196;\
1429662623674460242132618161852,340353018389695578712828925902,1479140174137096023429525349706,895145936116603621998725605065,71049268476557332681154897429,294592723484716774445299514543,9749992878826099568797394640,571027863624441830865037387971,1238495247935076019998309335707,240214825002194919458746281920,905670541009076217123078195525]
/* 
This should be the matrix of frobenius!
*/ 
B = A; 
/* Freed 167 lists. */
