/* Comments begin... 
Coefficient of   x^21 * y^1               = -2
Coefficient of   x^10 * y^2 * z^6         = 3
Coefficient of   x^8 * y^5 * z^5         = 3
Coefficient of   x^6 * y^8 * z^4         = -5
Coefficient of   x^4 * y^11 * z^3         = -3
Coefficient of   x^2 * y^14 * z^2         = 0
Coefficient of   x^1 * z^13               = 1
Coefficient of   y^17 * z^1               = -3

Here is the polynomial we're using this time:

-2*x^21*y^1 + 3*x^10*y^2*z^6 + 3*x^8*y^5*z^5 + -5*x^6*y^8*z^4 + -3*x^4*y^11*z^3 + 1*x^1*z^13 + -3*y^17*z^1

Allocate G_len 20 elements and old = 0.
Allocate M_len = 400 elements.
Allocate G_len 40 elements and old = 20.
Allocate M_len = 800 elements.
Allocate G_len 80 elements and old = 40.
Allocate M_len = 1600 elements.
Allocate M_len = 3200 elements.
Allocate G_len 160 elements and old = 80.
Allocate M_len = 6400 elements.
Allocate M_len = 12800 elements.
Allocate G_len 320 elements and old = 160.
The final length of G is 174
[10, 2, 5, 0]  	391	6 
[21, 0, 0, 0]  	399	6  <--- 1
[20, 1, 0, 0]  	403	6 
[8, 5, 5, 0]  	422	5 
[8, 8, 4, 0]  	460	7 
[6, 11, 4, 0]  	491	6 
[6, 14, 3, 0]  	529	7 
[5, 0, 15, 0]  	560	6 
[18, 5, 4, 0]  	581	10 
[14, 11, 3, 0]  	612	10 
[18, 8, 3, 0]  	619	10 
[11, 0, 14, 0]  	643	9 
[14, 14, 2, 0]  	650	10 
[18, 11, 2, 0]  	657	9 
[9, 3, 14, 0]  	674	8 
[12, 17, 2, 0]  	681	9 
[15, 0, 13, 0]  	688	8 
[10, 19, 2, 0]  	689	9 
[9, 20, 2, 0]  	693	7 
[17, 0, 12, 0]  	695	8 
[7, 22, 2, 0]  	701	7 
[7, 6, 14, 0]  	705	7 
[8, 23, 1, 0]  	712	8 
[12, 20, 1, 0]  	719	8 
[7, 8, 13, 0]  	720	8 
[6, 9, 13, 0]  	724	6 
[10, 22, 1, 0]  	727	8 
[6, 8, 14, 0]  	732	7 
[5, 25, 2, 0]  	732	7 
[14, 19, 1, 0]  	734	7 
[5, 9, 14, 0]  	736	7 
[7, 25, 1, 0]  	739	7 
[16, 19, 0, 0]  	741	7 
[6, 26, 1, 0]  	743	7 
[8, 26, 0, 0]  	750	7 
[5, 11, 13, 0]  	751	7 
[6, 28, 0, 0]  	758	7 
[5, 29, 0, 0]  	762	6 
[10, 25, 0, 0]  	765	7 
[4, 26, 3, 0]  	767	6 
[5, 28, 1, 0]  	770	6 
[4, 14, 12, 0]  	770	6 
[5, 24, 4, 0]  	771	6 
[5, 20, 7, 0]  	772	6 
[4, 29, 1, 0]  	774	6 
[19, 18, 0, 0]  	775	7 
[5, 15, 11, 0]  	781	6 
[4, 28, 2, 0]  	782	6 
[3, 14, 13, 0]  	782	6 
[3, 29, 2, 0]  	786	5 
[5, 18, 9, 0]  	788	6 
[4, 31, 0, 0]  	789	6 
[4, 23, 6, 0]  	791	5 
[5, 17, 10, 0]  	796	6 
[4, 18, 10, 0]  	800	5 
[3, 31, 1, 0]  	801	5 
[4, 25, 5, 0]  	806	6 
[4, 21, 8, 0]  	807	5 
[4, 1, 23, 0]  	812	5 
[4, 20, 9, 0]  	815	5 
[4, 4, 21, 0]  	819	5 
[4, 0, 24, 0]  	820	6 
[3, 1, 24, 0]  	824	5 
[4, 3, 22, 0]  	827	5 
[3, 4, 22, 0]  	831	4 
[4, 10, 17, 0]  	833	5 
[4, 6, 20, 0]  	834	5 
[15, 24, 0, 0]  	837	5 
[3, 11, 17, 0]  	837	5 
[3, 7, 20, 0]  	838	4 
[3, 3, 23, 0]  	839	4 
[3, 18, 12, 0]  	843	5 
[3, 10, 18, 0]  	845	4 
[3, 6, 21, 0]  	846	4 
[3, 21, 10, 0]  	850	4 
[3, 9, 19, 0]  	853	4 
[3, 28, 5, 0]  	856	5 
[3, 24, 8, 0]  	857	4 
[2, 29, 5, 0]  	860	4 
[3, 35, 0, 0]  	862	4 
[3, 27, 6, 0]  	864	4 
[3, 23, 9, 0]  	865	4 
[2, 28, 6, 0]  	868	4 
[2, 24, 9, 0]  	869	3 
[3, 26, 7, 0]  	872	4 
[2, 35, 1, 0]  	874	4 
[2, 4, 24, 0]  	874	4 
[2, 31, 4, 0]  	875	5 
[2, 27, 7, 0]  	876	3 
[2, 7, 22, 0]  	881	3 
[2, 26, 8, 0]  	884	3 
[2, 14, 17, 0]  	887	4 
[2, 10, 20, 0]  	888	3 
[1, 15, 17, 0]  	891	3 
[2, 21, 12, 0]  	893	4 
[2, 13, 18, 0]  	895	3 
[2, 9, 21, 0]  	896	3 
[2, 1, 27, 0]  	898	4 
[1, 14, 18, 0]  	899	3 
[1, 10, 21, 0]  	900	2 
[2, 0, 28, 0]  	906	4 
[1, 13, 19, 0]  	907	2 
[2, 38, 0, 0]  	912	3 
[1, 12, 20, 0]  	915	2 
[1, 31, 6, 0]  	918	3 
[0, 32, 6, 0]  	922	2 
[1, 18, 16, 0]  	929	3 
[0, 31, 7, 0]  	930	2 
[0, 30, 8, 0]  	938	1 
[1, 1, 29, 0]  	941	2 
[1, 24, 12, 0]  	943	3 
[0, 1, 30, 0]  	953	1 
[0, 16, 19, 0]  	957	1 
[0, 35, 5, 0]  	960	2 
[0, 0, 31, 0]  	961	1  <--- 3
[1, 41, 0, 0]  	962	2 
[1, 21, 15, 0]  	967	3 
[0, 18, 18, 0]  	972	1 
[1, 4, 28, 0]  	979	2 
[0, 4, 29, 0]  	991	1 
[0, 38, 4, 0]  	998	2 
[0, 21, 17, 0]  	1010	1 
[1, 7, 27, 0]  	1017	2 
[0, 7, 28, 0]  	1029	1 
[0, 41, 3, 0]  	1036	2 
[0, 24, 16, 0]  	1048	1 
[0, 10, 27, 0]  	1067	1 
[0, 47, 0, 0]  	1081	1  <--- 2
[0, 27, 15, 0]  	1086	1 
[0, 13, 26, 0]  	1105	1 
[16, 17, 1, 1]  	726	7 
[4, 12, 13, 1]  	755	6 
[12, 23, 0, 1]  	757	7 
[4, 11, 14, 1]  	763	6 
[3, 32, 0, 1]  	793	5 
[3, 0, 24, 1]  	801	5 
[2, 32, 1, 1]  	805	5 
[4, 17, 11, 1]  	808	5 
[3, 17, 12, 1]  	820	5 
[2, 18, 12, 1]  	824	4 
[4, 7, 19, 1]  	826	5 
[4, 9, 18, 1]  	841	5 
[2, 35, 0, 1]  	843	4 
[3, 20, 11, 1]  	858	4 
[2, 21, 11, 1]  	862	3 
[2, 23, 10, 1]  	877	3 
[1, 38, 0, 1]  	893	3 
[2, 12, 19, 1]  	903	3 
[1, 32, 5, 1]  	910	3 
[1, 27, 9, 1]  	919	2 
[1, 30, 7, 1]  	926	2 
[1, 29, 8, 1]  	934	2 
[1, 35, 4, 1]  	948	3 
[1, 0, 30, 1]  	949	2 
[0, 44, 0, 1]  	1012	2 
[3, 12, 16, 2]  	829	5 
[2, 15, 16, 2]  	879	4 
[2, 29, 4, 28]  	829	4 
[5, 18, 7, 29]  	726	5 
[4, 21, 6, 29]  	745	4 
[3, 29, 1, 29]  	755	5 
[3, 28, 2, 29]  	763	5 
[4, 24, 5, 29]  	783	5 
[1, 1, 24, 29]  	786	2 
[3, 1, 23, 29]  	793	4 
[3, 24, 6, 29]  	795	4 
[1, 3, 23, 29]  	801	2 
[3, 3, 22, 29]  	808	4 
[3, 10, 17, 29]  	814	4 
[1, 6, 22, 29]  	839	2 
[1, 9, 21, 29]  	877	2 
[1, 32, 4, 29]  	879	3 
[0, 15, 18, 29]  	903	1 
[0, 13, 20, 29]  	919	1 
------
The gap is between 3 and 27.
Lengths: 3 3 5 5 3 3.
For 982 = 5*d/2-d1-d2-d3 you get 3 in char 0.
1*x^1*y^23*z^14
1*y^40*z^2
1*y^9*z^25

For 560 = 3*d/2-d1-d2-d3 you get 5 in char 0.
1*x^4*y^17*z^3
1*x^3*y^3*z^14
1*x^2*y^20*z^2
1*x^1*y^6*z^13
1*y^23*z^1

For 138 = d/2-d1-d2-d3 you get 3 in char 0.
1*x^4*z^2
1*x^2*y^3*z^1
1*y^6

Extra powers of p used 0.
The invariant extra is equal to 1.
Start computing 11^3 Delta^1 (x1x2x3)^10... Done.
Start computing 11^4 Delta^2 (x1x2x3)^10... Done.
Start computing 11^5 Delta^3 (x1x2x3)^10... Done.
Start computing 11^6 Delta^4 (x1x2x3)^10... Done.
Start computing 11^7 Delta^5 (x1x2x3)^10... Done.
Start computing 11^8 Delta^6 (x1x2x3)^10... Done.
Start computing 11^9 Delta^7 (x1x2x3)^10... Done.
Start computing aa.
1 2 3 4 5 6 7 8 9 10 11 
*/
A = \
[1125112908084793168497793796513,2848373705895603340147203426,1179761847478864116479805224126,731098627367377870810259462005,1219491672715657792522690150004,538251575546540121695582806246,977606701054138634070969809630,104290795957753237102407251829,1087682897321622924271485852591,1324668256651200613889517780769,422479599144239628242544907603;\
319269878817365586294111652322,56174518106164699617419718181,667590071203432977795695344889,736747841140746529292429673442,1488663968712985383600099730329,1216441432774297580136613635033,996347475158555902357523202721,566504458692816295078457369966,341932049627236392799563370392,1040557811719345843882666358288,456642710177536999037667973557;\
759547024593308873677345588877,543409752022740732843155773657,836096276103820772491072316391,700556305229492287754380375481,96739297513195509357621614475,16668994157860414020353863512,1324071296783953675893284234556,1342877572431366463588787840127,521244301654304155521232876149,1451059261777124145546972172238,29030123359899710527649893338;\
465216749445951388844592662869,536712706407507920059452111137,135464062331351526407777679989,1432184685427366134087749578873,321923491185060716343992211051,1082276922861200180159631657071,266072661342519501507626770797,1373831553479843315887313974030,843810695313105263294096584038,152817410813896357942967688959,1068270382444429786685524359393;\
672507109215394470991881788314,1321323269116762918210182472314,1122951698574753141169953274113,1228945367569769926806297801442,479258501340635912651796157293,490986464311559771484748749172,957477678357676152902944962617,81740984008954652875648751464,906667375867122876023944343846,328156021822125748263216774944,229855768817673476668819635809;\
1369101666292995158306273242581,776774686207851440556902279124,651933332712159060270239264186,1060625360689288224204978706630,1109856536228242051439252916733,195866162772387170075412685670,1103197740472616101603577972234,309334874626732940559514567418,516645762804998283191371822262,409775498421622619836078499817,313393399559587124174730277824;\
1150201473619104799800842213018,1552923762607221031451757493307,430783988907526764761266078112,1340524662565004454051684657575,492070224646035118638608153859,422861358103427259752831724827,563633710407189490803909866340,402846394082260100079352802194,261589852375143069065252947840,1174339186797210683051104671710,1435997968434100903308024563587;\
389272691299317190970894116680,1353651678798479399789762806731,952828416194306909900249813598,1486967395076031442672257618151,265952562173678450304321429067,1193698755729619139565431536318,64535116246450350783142812699,784538956043320387729139817420,1044366827565897076701737862145,152515301278602953709718498436,1350344260358983190390304392001;\
772235294705539567019078577326,343053281715683836059301654965,1042810446533962420589501204704,390803087242706398414239848686,749069340684703490961394644979,950643294462069356767184476625,317292433658808721526810518539,269448735400364736873880762968,38560291722244702621183311845,617643850010257475577504763167,844421243190312235306441965514;\
1155581525923432460882288336432,1000711797690572379386572354758,8473328146590296785061240071,1523664310303770955009941790473,654024615006896326506350966016,1487269674285473226020795671727,192910186013571525565650669789,1040755614725221676001440606513,872257228321131324371429190923,605409798114289938453146687290,342817659427538369683483051826;\
1084273049074420277724058977358,545818174870417303653561678337,226437003959732850457408719441,62240009722196639241309704776,1080339299047822120081706078664,1045700346289890364442734051984,1041638608253535335913751568786,39746657920439055365096518344,382115593353794279969711849303,242248375657725584401404922717,488880120008371575281174980152]
/* 
This should be the matrix of frobenius!
*/ 
B = A; 
/* Freed 166 lists. */
