/* Comments begin... 
Coefficient of   x^21 * y^1               = 1
Coefficient of   x^10 * y^2 * z^6         = -1
Coefficient of   x^8 * y^5 * z^5         = -5
Coefficient of   x^6 * y^8 * z^4         = 0
Coefficient of   x^4 * y^11 * z^3         = -3
Coefficient of   x^2 * y^14 * z^2         = -2
Coefficient of   x^1 * z^13               = 5
Coefficient of   y^17 * z^1               = 3

Here is the polynomial we're using this time:

1*x^21*y^1 + -1*x^10*y^2*z^6 + -5*x^8*y^5*z^5 + -3*x^4*y^11*z^3 + -2*x^2*y^14*z^2 + 5*x^1*z^13 + 3*y^17*z^1

Allocate G_len 20 elements and old = 0.
Allocate M_len = 400 elements.
Allocate G_len 40 elements and old = 20.
Allocate M_len = 800 elements.
Allocate G_len 80 elements and old = 40.
Allocate M_len = 1600 elements.
Allocate M_len = 3200 elements.
Allocate G_len 160 elements and old = 80.
Allocate M_len = 6400 elements.
Allocate M_len = 12800 elements.
Allocate G_len 320 elements and old = 160.
Not smooth!
Coefficient of   x^21 * y^1               = -1
Coefficient of   x^10 * y^2 * z^6         = -5
Coefficient of   x^8 * y^5 * z^5         = 5
Coefficient of   x^6 * y^8 * z^4         = 4
Coefficient of   x^4 * y^11 * z^3         = -5
Coefficient of   x^2 * y^14 * z^2         = -1
Coefficient of   x^1 * z^13               = -2
Coefficient of   y^17 * z^1               = -1

Here is the polynomial we're using this time:

-1*x^21*y^1 + -5*x^10*y^2*z^6 + 5*x^8*y^5*z^5 + 4*x^6*y^8*z^4 + -5*x^4*y^11*z^3 + -1*x^2*y^14*z^2 + -2*x^1*z^13 + -1*y^17*z^1

The final length of G is 167
[10, 2, 5, 0]  	391	7 
[21, 0, 0, 0]  	399	7  <--- 1
[20, 1, 0, 0]  	403	7 
[8, 5, 5, 0]  	422	6 
[8, 8, 4, 0]  	460	7 
[6, 11, 4, 0]  	491	6 
[6, 14, 3, 0]  	529	7 
[5, 0, 15, 0]  	560	6 
[18, 5, 4, 0]  	581	12 
[14, 11, 3, 0]  	612	11 
[18, 8, 3, 0]  	619	11 
[11, 0, 14, 0]  	643	10 
[14, 14, 2, 0]  	650	10 
[18, 11, 2, 0]  	657	10 
[9, 3, 14, 0]  	674	9 
[12, 17, 2, 0]  	681	9 
[15, 0, 13, 0]  	688	9 
[10, 19, 2, 0]  	689	9 
[9, 20, 2, 0]  	693	8 
[18, 14, 1, 0]  	695	9 
[7, 22, 2, 0]  	701	8 
[7, 6, 14, 0]  	705	8 
[8, 23, 1, 0]  	712	8 
[12, 20, 1, 0]  	719	8 
[7, 8, 13, 0]  	720	8 
[6, 9, 13, 0]  	724	7 
[16, 17, 1, 0]  	726	8 
[10, 22, 1, 0]  	727	8 
[6, 8, 14, 0]  	732	7 
[5, 25, 2, 0]  	732	7 
[19, 0, 12, 0]  	733	8 
[14, 19, 1, 0]  	734	8 
[5, 9, 14, 0]  	736	7 
[7, 25, 1, 0]  	739	7 
[6, 26, 1, 0]  	743	7 
[8, 26, 0, 0]  	750	7 
[5, 11, 13, 0]  	751	7 
[4, 12, 13, 0]  	755	6 
[12, 23, 0, 0]  	757	7 
[6, 28, 0, 0]  	758	7 
[5, 29, 0, 0]  	762	6 
[10, 25, 0, 0]  	765	7 
[4, 26, 3, 0]  	767	6 
[5, 28, 1, 0]  	770	6 
[4, 14, 12, 0]  	770	6 
[5, 24, 4, 0]  	771	6 
[14, 22, 0, 0]  	772	7 
[4, 29, 1, 0]  	774	6 
[19, 18, 0, 0]  	775	7 
[18, 19, 0, 0]  	779	7 
[5, 15, 11, 0]  	781	6 
[4, 28, 2, 0]  	782	6 
[3, 14, 13, 0]  	782	6 
[5, 18, 9, 0]  	788	6 
[4, 31, 0, 0]  	789	6 
[5, 21, 7, 0]  	795	6 
[5, 17, 10, 0]  	796	6 
[4, 18, 10, 0]  	800	5 
[3, 31, 1, 0]  	801	6 
[2, 32, 1, 0]  	805	5 
[17, 21, 0, 0]  	806	6 
[4, 25, 5, 0]  	806	6 
[4, 21, 8, 0]  	807	5 
[4, 17, 11, 0]  	808	5 
[5, 23, 6, 0]  	810	6 
[4, 1, 23, 0]  	812	5 
[4, 24, 6, 0]  	814	5 
[4, 20, 9, 0]  	815	5 
[4, 4, 21, 0]  	819	5 
[4, 0, 24, 0]  	820	5 
[3, 17, 12, 0]  	820	5 
[4, 23, 7, 0]  	822	5 
[3, 1, 24, 0]  	824	4 
[2, 18, 12, 0]  	824	4 
[4, 7, 19, 0]  	826	5 
[4, 3, 22, 0]  	827	5 
[3, 12, 16, 0]  	829	5 
[3, 4, 22, 0]  	831	4 
[4, 10, 17, 0]  	833	5 
[4, 6, 20, 0]  	834	5 
[3, 11, 17, 0]  	837	5 
[3, 7, 20, 0]  	838	4 
[3, 34, 0, 0]  	839	4 
[3, 3, 23, 0]  	839	4 
[2, 35, 0, 0]  	843	4 
[3, 10, 18, 0]  	845	4 
[3, 6, 21, 0]  	846	4 
[3, 21, 10, 0]  	850	4 
[3, 9, 19, 0]  	853	4 
[3, 24, 8, 0]  	857	4 
[3, 20, 11, 0]  	858	4 
[2, 29, 5, 0]  	860	4 
[2, 21, 11, 0]  	862	3 
[3, 27, 6, 0]  	864	4 
[3, 23, 9, 0]  	865	4 
[2, 28, 6, 0]  	868	4 
[2, 24, 9, 0]  	869	3 
[3, 26, 7, 0]  	872	4 
[2, 4, 24, 0]  	874	4 
[2, 31, 4, 0]  	875	5 
[2, 27, 7, 0]  	876	3 
[2, 23, 10, 0]  	877	3 
[2, 15, 16, 0]  	879	4 
[2, 7, 22, 0]  	881	3 
[2, 26, 8, 0]  	884	3 
[2, 14, 17, 0]  	887	4 
[2, 10, 20, 0]  	888	3 
[1, 38, 0, 0]  	893	3 
[2, 13, 18, 0]  	895	3 
[2, 9, 21, 0]  	896	3 
[2, 1, 27, 0]  	898	4 
[1, 14, 18, 0]  	899	3 
[1, 10, 21, 0]  	900	2 
[2, 12, 19, 0]  	903	3 
[2, 0, 28, 0]  	906	4 
[1, 13, 19, 0]  	907	2 
[1, 32, 5, 0]  	910	3 
[1, 12, 20, 0]  	915	2 
[1, 31, 6, 0]  	918	3 
[1, 27, 9, 0]  	919	2 
[0, 32, 6, 0]  	922	2 
[1, 18, 16, 0]  	929	3 
[0, 31, 7, 0]  	930	2 
[1, 29, 8, 0]  	934	2 
[0, 30, 8, 0]  	938	1 
[1, 1, 29, 0]  	941	2 
[1, 24, 12, 0]  	943	3 
[0, 1, 30, 0]  	953	1 
[0, 16, 19, 0]  	957	1 
[0, 35, 5, 0]  	960	2 
[0, 0, 31, 0]  	961	1  <--- 3
[1, 21, 15, 0]  	967	3 
[0, 18, 18, 0]  	972	1 
[1, 4, 28, 0]  	979	2 
[0, 4, 29, 0]  	991	1 
[0, 38, 4, 0]  	998	2 
[0, 21, 17, 0]  	1010	1 
[0, 44, 0, 0]  	1012	2  <--- 2
[1, 7, 27, 0]  	1017	2 
[0, 7, 28, 0]  	1029	1 
[0, 41, 3, 0]  	1036	2 
[0, 24, 16, 0]  	1048	1 
[0, 10, 27, 0]  	1067	1 
[0, 27, 15, 0]  	1086	1 
[0, 13, 26, 0]  	1105	1 
[4, 11, 14, 1]  	763	6 
[16, 20, 0, 1]  	764	7 
[3, 29, 2, 1]  	786	5 
[3, 32, 0, 1]  	793	5 
[3, 0, 24, 1]  	801	5 
[5, 20, 8, 1]  	803	6 
[4, 9, 18, 1]  	841	5 
[3, 28, 5, 1]  	856	5 
[1, 15, 17, 1]  	891	3 
[1, 35, 4, 1]  	948	3 
[1, 30, 7, 2]  	926	2 
[1, 0, 30, 2]  	949	2 
[0, 16, 18, 28]  	926	1 
[2, 14, 13, 29]  	763	4 
[5, 21, 6, 29]  	764	6 
[4, 24, 5, 29]  	783	5 
[3, 1, 23, 29]  	793	4 
[2, 17, 12, 29]  	801	4 
[4, 6, 19, 29]  	803	5 
[3, 26, 6, 29]  	841	4 
[0, 32, 5, 29]  	891	2 
[1, 4, 27, 29]  	948	2 
------
The gap is between 3 and 27.
Lengths: 3 3 5 5 3 3.
For 982 = 5*d/2-d1-d2-d3 you get 3 in char 0.
1*x^1*y^23*z^14
1*y^40*z^2
1*y^9*z^25

For 560 = 3*d/2-d1-d2-d3 you get 5 in char 0.
1*x^4*y^17*z^3
1*x^3*y^3*z^14
1*x^2*y^20*z^2
1*x^1*y^6*z^13
1*y^23*z^1

For 138 = d/2-d1-d2-d3 you get 3 in char 0.
1*x^4*z^2
1*x^2*y^3*z^1
1*y^6

Extra powers of p used 0.
The invariant extra is equal to 1.
Start computing 11^3 Delta^1 (x1x2x3)^10... Done.
Start computing 11^4 Delta^2 (x1x2x3)^10... Done.
Start computing 11^5 Delta^3 (x1x2x3)^10... Done.
Start computing 11^6 Delta^4 (x1x2x3)^10... Done.
Start computing 11^7 Delta^5 (x1x2x3)^10... Done.
Start computing 11^8 Delta^6 (x1x2x3)^10... Done.
Start computing 11^9 Delta^7 (x1x2x3)^10... Done.
Start computing aa.
1 2 3 4 5 6 7 8 9 10 11 
*/
A = \
[1222768312315958213510863967174,1127308501272981543742272251884,664965075601569488898217280299,303196386881713606591814256599,328988884451140118985823866955,717004707273601231335996563561,1442940649573448017097867315829,1276561352073988057806593160076,1049066598334105756527624890916,257831202404630279352535907112,1482153746322592024657276739570;\
1526930067160013645726726902841,310628421012939284983243722396,1072362546856303109434399754062,1191835933902407678193452843359,5536781442099568066923592735,158235902451364622826835850077,1261554639647653777623584234375,387346896696644991110842562912,205549026738674613155134601430,40430820144276437284685373471,966225931548609327998262961892;\
234985069801721703665099225872,296925616886007818002873518557,1549761263762382116761024253659,918326594521381996375049106174,150262749884090349502841057708,1271555252699392377883664328875,912975682031198293363086047135,822672671241590798168282079766,93951283405652156145495063967,836112739378091203038615191070,414114871363665765026389672665;\
222244787834202855823620929210,793825173475237304475744757988,346564249186336914425074980658,127642532436207404090499397274,1387116271488158001566715512507,1359496097759865548597911655342,1386241965842840976046527107351,1241757603668250516058959931535,1475995679176893259042917491859,1250244171158506383356360779916,1212352406681303950846958667130;\
585845342738495979405838090185,1829544940403748030725979030,1120188383933966269643153221293,1123758455999362611739620703658,1323279930181281645701490921724,418786827675060333382578160740,655970604507690275744952258148,508388938219624199609104265868,900452725615224753688015648008,569084011116835177369939856323,832236218755180035792856396855;\
1005106080958789252633120316522,1277600482582109138429611323786,262559993233014871781006726530,403465720460293982897998989936,519581319319165016643730943393,1039622498677533870150366463852,243533879628991918249815674351,1001404981157063247216919435408,209648768221318394282054987763,922403189971228027282321940575,943027237913856136973210938670;\
196445533712050116684551805764,671381777480989312860200102578,1381202089255495690191925904587,283842624793638528752596171732,257941359128646944995950867689,126890870516316021783960600539,378814352393663886584995695530,301725529833839954218707374054,1220238291001319147516417114854,914678234895297433505034558369,304827524928549004651939637803;\
616003548935135161014619737507,96403373357007181508517788926,1391987821622403257184701752891,190101023216478306858913190269,941915608998690723231515495870,1133245227141411523392485152943,1519507309954425006144901537291,1281541538924004539899175541622,1363898523047609146799936986427,1269369751043859968868221932020,638790224308928285411651823484;\
1543005282395406150882566901843,921783497125865608823785183714,499272031283727882011357896195,1291973410152884876146313318350,1267744766653203880977275855647,388782615535069161108751908497,639927981826358968819582114774,301746342941944258999254697358,615335317329292585574395631092,1361960884982332856853893991631,378997406459465767145375733266;\
839424631118482061548076033421,758981654505026677074588018603,1215800276927686876511032906494,848148381489137518483661770352,972534894993524357389344095514,1357482561351140990942916550008,339179169678749274747965927087,1050011232015218858866884176477,284483503089643341745197826791,745268164061048228159743869476,1506463514801408063459387655057;\
460848601241617425130266743916,1489313922842199561547370910245,1389278423748527223033365628288,99399905571651546796151303680,569315444455093790493427882120,244666453026126791990550126687,1477465788892214494405696116090,675541316736195577417376554796,1551106673267565931858812856814,422682699938950240115058188126,1370922733506274460549910200372]
/* 
This should be the matrix of frobenius!
*/ 
B = A; 
/* Freed 166 lists. */
