/* Comments begin... 
Coefficient of   x^21 * y^1               = 2
Coefficient of   x^10 * y^2 * z^6         = -4
Coefficient of   x^8 * y^5 * z^5         = 0
Coefficient of   x^6 * y^8 * z^4         = 5
Coefficient of   x^4 * y^11 * z^3         = 3
Coefficient of   x^2 * y^14 * z^2         = 5
Coefficient of   x^1 * z^13               = 3
Coefficient of   y^17 * z^1               = -4

Here is the polynomial we're using this time:

2*x^21*y^1 + -4*x^10*y^2*z^6 + 5*x^6*y^8*z^4 + 3*x^4*y^11*z^3 + 5*x^2*y^14*z^2 + 3*x^1*z^13 + -4*y^17*z^1

Allocate G_len 20 elements and old = 0.
Allocate M_len = 400 elements.
Allocate G_len 40 elements and old = 20.
Allocate M_len = 800 elements.
Allocate G_len 80 elements and old = 40.
Allocate M_len = 1600 elements.
Allocate M_len = 3200 elements.
Allocate G_len 160 elements and old = 80.
Allocate M_len = 6400 elements.
Allocate M_len = 12800 elements.
Allocate G_len 320 elements and old = 160.
The final length of G is 172
[10, 2, 5, 0]  	391	6 
[21, 0, 0, 0]  	399	6  <--- 1
[20, 1, 0, 0]  	403	6 
[6, 8, 4, 0]  	422	5 
[6, 14, 3, 0]  	529	7 
[5, 0, 15, 0]  	560	6 
[16, 8, 3, 0]  	581	10 
[14, 11, 3, 0]  	612	9 
[14, 14, 2, 0]  	650	10 
[18, 11, 2, 0]  	657	10 
[9, 3, 14, 0]  	674	9 
[13, 0, 14, 0]  	681	9 
[12, 17, 2, 0]  	681	9 
[15, 0, 13, 0]  	688	9 
[10, 19, 2, 0]  	689	9 
[9, 20, 2, 0]  	693	8 
[18, 14, 1, 0]  	695	9 
[8, 5, 14, 0]  	701	8 
[7, 6, 14, 0]  	705	8 
[9, 6, 13, 0]  	712	8 
[12, 20, 1, 0]  	719	8 
[8, 22, 2, 0]  	720	8 
[16, 17, 1, 0]  	726	8 
[10, 22, 1, 0]  	727	8 
[9, 23, 1, 0]  	731	7 
[19, 0, 12, 0]  	733	8 
[14, 19, 1, 0]  	734	8 
[5, 9, 14, 0]  	736	7 
[7, 25, 1, 0]  	739	7 
[6, 26, 1, 0]  	743	7 
[8, 26, 0, 0]  	750	7 
[6, 25, 2, 0]  	751	7 
[5, 11, 13, 0]  	751	7 
[5, 26, 2, 0]  	755	6 
[4, 12, 13, 0]  	755	6 
[12, 23, 0, 0]  	757	7 
[6, 28, 0, 0]  	758	7 
[5, 25, 3, 0]  	763	6 
[4, 11, 14, 0]  	763	6 
[10, 25, 0, 0]  	765	7 
[4, 26, 3, 0]  	767	6 
[5, 28, 1, 0]  	770	6 
[4, 14, 12, 0]  	770	6 
[5, 24, 4, 0]  	771	6 
[14, 22, 0, 0]  	772	7 
[4, 29, 1, 0]  	774	6 
[19, 18, 0, 0]  	775	7 
[18, 19, 0, 0]  	779	7 
[5, 15, 11, 0]  	781	6 
[4, 28, 2, 0]  	782	6 
[3, 14, 13, 0]  	782	6 
[5, 18, 9, 0]  	788	6 
[4, 31, 0, 0]  	789	6 
[3, 32, 0, 0]  	793	5 
[5, 21, 7, 0]  	795	6 
[5, 17, 10, 0]  	796	6 
[4, 18, 10, 0]  	800	5 
[3, 0, 24, 0]  	801	5 
[5, 20, 8, 0]  	803	6 
[2, 32, 1, 0]  	805	5 
[17, 21, 0, 0]  	806	6 
[4, 25, 5, 0]  	806	6 
[4, 21, 8, 0]  	807	5 
[4, 17, 11, 0]  	808	5 
[5, 23, 6, 0]  	810	6 
[4, 1, 23, 0]  	812	5 
[4, 24, 6, 0]  	814	5 
[4, 20, 9, 0]  	815	5 
[4, 4, 21, 0]  	819	5 
[3, 17, 12, 0]  	820	5 
[2, 18, 12, 0]  	824	4 
[4, 7, 19, 0]  	826	5 
[3, 12, 16, 0]  	829	5 
[3, 4, 22, 0]  	831	4 
[4, 10, 17, 0]  	833	5 
[4, 6, 20, 0]  	834	5 
[3, 11, 17, 0]  	837	5 
[3, 7, 20, 0]  	838	4 
[3, 3, 23, 0]  	839	4 
[4, 9, 18, 0]  	841	5 
[2, 35, 0, 0]  	843	4 
[3, 10, 18, 0]  	845	4 
[3, 6, 21, 0]  	846	4 
[3, 21, 10, 0]  	850	4 
[3, 9, 19, 0]  	853	4 
[3, 28, 5, 0]  	856	5 
[3, 24, 8, 0]  	857	4 
[3, 20, 11, 0]  	858	4 
[2, 29, 5, 0]  	860	4 
[2, 21, 11, 0]  	862	3 
[3, 23, 9, 0]  	865	4 
[2, 28, 6, 0]  	868	4 
[2, 24, 9, 0]  	869	3 
[2, 4, 24, 0]  	874	4 
[2, 23, 10, 0]  	877	3 
[2, 15, 16, 0]  	879	4 
[2, 7, 22, 0]  	881	3 
[2, 26, 8, 0]  	884	3 
[2, 14, 17, 0]  	887	4 
[2, 10, 20, 0]  	888	3 
[1, 15, 17, 0]  	891	3 
[1, 38, 0, 0]  	893	3 
[2, 13, 18, 0]  	895	3 
[2, 9, 21, 0]  	896	3 
[2, 1, 27, 0]  	898	4 
[1, 14, 18, 0]  	899	3 
[1, 10, 21, 0]  	900	2 
[2, 12, 19, 0]  	903	3 
[2, 0, 28, 0]  	906	4 
[1, 13, 19, 0]  	907	2 
[1, 32, 5, 0]  	910	3 
[1, 12, 20, 0]  	915	2 
[1, 31, 6, 0]  	918	3 
[1, 27, 9, 0]  	919	2 
[0, 32, 6, 0]  	922	2 
[1, 30, 7, 0]  	926	2 
[1, 29, 8, 0]  	934	2 
[0, 30, 8, 0]  	938	1 
[1, 1, 29, 0]  	941	2 
[1, 24, 12, 0]  	943	3 
[1, 35, 4, 0]  	948	3 
[1, 0, 30, 0]  	949	2 
[0, 1, 30, 0]  	953	1 
[0, 16, 19, 0]  	957	1 
[0, 35, 5, 0]  	960	2 
[0, 0, 31, 0]  	961	1  <--- 3
[1, 21, 15, 0]  	967	3 
[0, 18, 18, 0]  	972	1 
[1, 4, 28, 0]  	979	2 
[0, 4, 29, 0]  	991	1 
[0, 38, 4, 0]  	998	2 
[0, 21, 17, 0]  	1010	1 
[0, 44, 0, 0]  	1012	2  <--- 2
[1, 7, 27, 0]  	1017	2 
[0, 7, 28, 0]  	1029	1 
[0, 41, 3, 0]  	1036	2 
[0, 24, 16, 0]  	1048	1 
[0, 10, 27, 0]  	1067	1 
[0, 27, 15, 0]  	1086	1 
[0, 13, 26, 0]  	1105	1 
[11, 0, 14, 1]  	643	10 
[5, 25, 2, 1]  	732	7 
[5, 29, 0, 1]  	762	6 
[16, 20, 0, 1]  	764	7 
[3, 29, 2, 1]  	786	5 
[3, 31, 1, 1]  	801	5 
[4, 3, 22, 1]  	827	5 
[3, 26, 7, 1]  	872	4 
[2, 27, 7, 1]  	876	3 
[1, 18, 16, 1]  	929	3 
[0, 31, 7, 1]  	930	2 
[7, 23, 2, 2]  	724	7 
[3, 27, 6, 2]  	864	4 
[2, 31, 4, 2]  	875	5 
[4, 23, 7, 3]  	822	5 
[3, 9, 18, 27]  	822	4 
[5, 26, 1, 28]  	724	6 
[2, 13, 17, 28]  	864	3 
[2, 0, 27, 28]  	875	4 
[10, 17, 2, 29]  	643	9 
[4, 11, 13, 29]  	732	6 
[4, 15, 11, 29]  	762	5 
[5, 21, 6, 29]  	764	5 
[4, 24, 5, 29]  	783	5 
[2, 15, 13, 29]  	786	4 
[2, 17, 12, 29]  	801	4 
[3, 20, 10, 29]  	827	3 
[2, 12, 18, 29]  	872	3 
[1, 13, 18, 29]  	876	2 
[1, 30, 6, 29]  	895	2 
[0, 35, 4, 29]  	929	2 
[0, 0, 30, 29]  	930	1 
------
The gap is between 4 and 26.
Lengths: 3 3 5 5 3 3.
For 982 = 5*d/2-d1-d2-d3 you get 3 in char 0.
1*x^1*y^23*z^14
1*y^40*z^2
1*y^9*z^25

For 560 = 3*d/2-d1-d2-d3 you get 5 in char 0.
1*x^4*y^17*z^3
1*x^3*y^3*z^14
1*x^2*y^20*z^2
1*x^1*y^6*z^13
1*y^23*z^1

For 138 = d/2-d1-d2-d3 you get 3 in char 0.
1*x^4*z^2
1*x^2*y^3*z^1
1*y^6

Extra powers of p used 0.
The invariant extra is equal to 1.
Start computing 11^3 Delta^1 (x1x2x3)^10... Done.
Start computing 11^4 Delta^2 (x1x2x3)^10... Done.
Start computing 11^5 Delta^3 (x1x2x3)^10... Done.
Start computing 11^6 Delta^4 (x1x2x3)^10... Done.
Start computing 11^7 Delta^5 (x1x2x3)^10... Done.
Start computing 11^8 Delta^6 (x1x2x3)^10... Done.
Start computing 11^9 Delta^7 (x1x2x3)^10... Done.
Start computing aa.
1 2 3 4 5 6 7 8 9 10 11 
*/
A = \
[95608569214585156228494263741,10655989084410019577748412496,1191470167410823701388734022147,916096454856968652009923416192,666892915371713129937052056468,848925273272758747531117358465,733143990980142788450726958790,783108276808817966950630518601,390981701587359085631916022491,589414044090602738308759363873,497026236865284395146928622594;\
318086594593903123727778052715,1584742540441078391711819645500,1103022480098521709752861310300,698459563912545177542596035162,333559927888617016220350593426,446615944463888299790806758345,1281384824380660410230127015862,1147406731562319873864721949557,1099673013069798807883679615245,931118497023668735857502612581,1189550658121048942691236403535;\
517206587469427429545684470585,1050501507731174896604822129998,291589130481171414659660791616,706975858424339186492072616815,77817552309658831823281566108,408453395141440671280183935097,920102275676068075018497475747,938128726198763476570050544104,312329321383377761178974625961,638302123371194548193972034980,81808432145589748908328745396;\
1390447489566005331120977572404,1105718158353581078939922745060,768769534620963667428201783463,43341264902206970722198850895,186627665159690665482357076005,715494119849427969669513307281,1248424196376256111578012796061,984553861157504811491011376672,119327621355964565216882927850,403558907007436502640766119067,527327001785179495063312635927;\
635458552148356534286779698637,361925168811273363569780118478,346185945699171019514167008907,1413878188144508001790569641936,182327433068127158913904765919,605385417276469752524642056907,1349570500073575567801406730667,277056378186477929733309033935,1439528909733135508576397325701,1298988940899185397717948790214,577223846073660747703503376670;\
763744027044427227976539283978,529800198261294829812650327832,843428481571250226214426373953,1105214398531834950907344217993,1288363287684164765217149328389,1548503112103670386176415516966,416435295758750246869325194782,1338131229385017019619187884022,1214022565257037106721619788638,966024559189297427644874261586,1088348557935578539596278615784;\
1420974137054281829785877831075,1475932242029699598701778630679,1550782332211712615575599816225,82390669712722666285775334704,1274529799536907330917498569571,953460942090069288314860993319,387359701115312740204183769635,598782436909176501768649203748,814986545825529836073464500615,57287489044663474046939589056,1380777941722552569208702785205;\
262264416897302380602006778150,1374404959315309050813262650698,180801820992759085753892907648,755333460555840090694598398515,620726708655649511523790687032,137952863673155296664966514194,814933844774278701933635591318,408242161119654075721648409675,218687770471455298221178712291,300693185961767474964406648352,1570548202581322396210419753673;\
985939957681813470209324111373,7569668323317978098379145621,482477837062913446435623574657,1085721027426786285783462484842,953456778716582879961590580069,208976597231425612064113175494,200216522262430120769756788167,508493243211209119764967555434,553165032860120761821895006083,719341490591533937923099947885,136637639935893197610720201243;\
1585982061436410107636136955432,500897341113248323518705105435,1145231366048001879076571495003,256093733390269915564523495033,59515908025148752680119390477,1057858006641261617320848842006,1066217034990570390025763739129,1042918211968000362205502983890,1152047324591538391732379066579,1184883851520707644543462917692,859710190213279987538120875392;\
262786410837677437605924059354,10172722274279773197605819026,649257268247824064907875715806,1579370796695851044474714264942,412924690184562409613459448573,596336177393010447926319695359,1543793184765205728893213105607,1241006146297026031435828802861,1054291185723546127790132643130,437052111333538329553117571741,519898319887895221904402900238]
/* 
This should be the matrix of frobenius!
*/ 
B = A; 
/* Freed 167 lists. */
