/* Comments begin... 
Coefficient of   x^21 * y^1               = 0
Coefficient of   x^10 * y^2 * z^6         = 3
Coefficient of   x^8 * y^5 * z^5         = -5
Coefficient of   x^6 * y^8 * z^4         = 1
Coefficient of   x^4 * y^11 * z^3         = 5
Coefficient of   x^2 * y^14 * z^2         = 1
Coefficient of   x^1 * z^13               = -5
Coefficient of   y^17 * z^1               = 4

Here is the polynomial we're using this time:

3*x^10*y^2*z^6 + -5*x^8*y^5*z^5 + 1*x^6*y^8*z^4 + 5*x^4*y^11*z^3 + 1*x^2*y^14*z^2 + -5*x^1*z^13 + 4*y^17*z^1

Allocate G_len 20 elements and old = 0.
Allocate M_len = 400 elements.
Allocate G_len 40 elements and old = 20.
Allocate M_len = 800 elements.
Allocate G_len 80 elements and old = 40.
Allocate M_len = 1600 elements.
Allocate M_len = 3200 elements.
Allocate G_len 160 elements and old = 80.
Not smooth!
Coefficient of   x^21 * y^1               = -1
Coefficient of   x^10 * y^2 * z^6         = -1
Coefficient of   x^8 * y^5 * z^5         = -2
Coefficient of   x^6 * y^8 * z^4         = -1
Coefficient of   x^4 * y^11 * z^3         = -5
Coefficient of   x^2 * y^14 * z^2         = 1
Coefficient of   x^1 * z^13               = 0
Coefficient of   y^17 * z^1               = 0

Here is the polynomial we're using this time:

-1*x^21*y^1 + -1*x^10*y^2*z^6 + -2*x^8*y^5*z^5 + -1*x^6*y^8*z^4 + -5*x^4*y^11*z^3 + 1*x^2*y^14*z^2

Not smooth!
Coefficient of   x^21 * y^1               = -2
Coefficient of   x^10 * y^2 * z^6         = 1
Coefficient of   x^8 * y^5 * z^5         = 1
Coefficient of   x^6 * y^8 * z^4         = 5
Coefficient of   x^4 * y^11 * z^3         = 5
Coefficient of   x^2 * y^14 * z^2         = -2
Coefficient of   x^1 * z^13               = -1
Coefficient of   y^17 * z^1               = 4

Here is the polynomial we're using this time:

-2*x^21*y^1 + 1*x^10*y^2*z^6 + 1*x^8*y^5*z^5 + 5*x^6*y^8*z^4 + 5*x^4*y^11*z^3 + -2*x^2*y^14*z^2 + -1*x^1*z^13 + 4*y^17*z^1

Allocate M_len = 6400 elements.
Allocate M_len = 12800 elements.
Allocate G_len 320 elements and old = 160.
The final length of G is 166
[10, 2, 5, 0]  	391	7 
[21, 0, 0, 0]  	399	7  <--- 1
[20, 1, 0, 0]  	403	7 
[8, 5, 5, 0]  	422	6 
[6, 11, 4, 0]  	491	6 
[6, 14, 3, 0]  	529	7 
[5, 0, 15, 0]  	560	6 
[18, 5, 4, 0]  	581	12 
[16, 8, 4, 0]  	612	11 
[14, 11, 3, 0]  	612	11 
[18, 8, 3, 0]  	619	11 
[11, 0, 14, 0]  	643	10 
[14, 14, 2, 0]  	650	10 
[18, 11, 2, 0]  	657	10 
[9, 3, 14, 0]  	674	9 
[12, 17, 2, 0]  	681	9 
[15, 0, 13, 0]  	688	9 
[10, 19, 2, 0]  	689	9 
[9, 20, 2, 0]  	693	8 
[18, 14, 1, 0]  	695	9 
[7, 6, 14, 0]  	705	8 
[8, 23, 1, 0]  	712	8 
[12, 20, 1, 0]  	719	8 
[8, 22, 2, 0]  	720	8 
[7, 8, 13, 0]  	720	8 
[7, 23, 2, 0]  	724	7 
[6, 9, 13, 0]  	724	7 
[16, 17, 1, 0]  	726	8 
[10, 22, 1, 0]  	727	8 
[6, 8, 14, 0]  	732	7 
[5, 25, 2, 0]  	732	7 
[19, 0, 12, 0]  	733	8 
[14, 19, 1, 0]  	734	8 
[5, 9, 14, 0]  	736	7 
[7, 25, 1, 0]  	739	7 
[6, 26, 1, 0]  	743	7 
[8, 26, 0, 0]  	750	7 
[5, 11, 13, 0]  	751	7 
[4, 12, 13, 0]  	755	6 
[12, 23, 0, 0]  	757	7 
[6, 28, 0, 0]  	758	7 
[5, 29, 0, 0]  	762	6 
[4, 11, 14, 0]  	763	6 
[10, 25, 0, 0]  	765	7 
[4, 26, 3, 0]  	767	6 
[5, 28, 1, 0]  	770	6 
[4, 14, 12, 0]  	770	6 
[5, 24, 4, 0]  	771	6 
[14, 22, 0, 0]  	772	7 
[4, 29, 1, 0]  	774	6 
[19, 18, 0, 0]  	775	7 
[18, 19, 0, 0]  	779	7 
[5, 15, 11, 0]  	781	6 
[4, 28, 2, 0]  	782	6 
[3, 14, 13, 0]  	782	6 
[3, 29, 2, 0]  	786	5 
[5, 18, 9, 0]  	788	6 
[4, 31, 0, 0]  	789	6 
[3, 32, 0, 0]  	793	5 
[5, 21, 7, 0]  	795	6 
[5, 17, 10, 0]  	796	6 
[4, 18, 10, 0]  	800	5 
[3, 31, 1, 0]  	801	5 
[3, 0, 24, 0]  	801	5 
[5, 20, 8, 0]  	803	6 
[2, 32, 1, 0]  	805	5 
[17, 21, 0, 0]  	806	6 
[4, 25, 5, 0]  	806	6 
[4, 21, 8, 0]  	807	5 
[4, 17, 11, 0]  	808	5 
[5, 23, 6, 0]  	810	6 
[4, 1, 23, 0]  	812	5 
[4, 24, 6, 0]  	814	5 
[4, 20, 9, 0]  	815	5 
[4, 4, 21, 0]  	819	5 
[3, 17, 12, 0]  	820	5 
[4, 23, 7, 0]  	822	5 
[2, 18, 12, 0]  	824	4 
[4, 7, 19, 0]  	826	5 
[4, 3, 22, 0]  	827	5 
[3, 12, 16, 0]  	829	5 
[4, 10, 17, 0]  	833	5 
[4, 6, 20, 0]  	834	5 
[3, 11, 17, 0]  	837	5 
[3, 7, 20, 0]  	838	4 
[3, 3, 23, 0]  	839	4 
[4, 9, 18, 0]  	841	5 
[2, 35, 0, 0]  	843	4 
[3, 10, 18, 0]  	845	4 
[3, 6, 21, 0]  	846	4 
[3, 21, 10, 0]  	850	4 
[3, 9, 19, 0]  	853	4 
[3, 28, 5, 0]  	856	5 
[3, 24, 8, 0]  	857	4 
[3, 20, 11, 0]  	858	4 
[2, 29, 5, 0]  	860	4 
[2, 21, 11, 0]  	862	3 
[3, 27, 6, 0]  	864	4 
[3, 23, 9, 0]  	865	4 
[2, 24, 9, 0]  	869	3 
[3, 26, 7, 0]  	872	4 
[2, 4, 24, 0]  	874	4 
[2, 27, 7, 0]  	876	3 
[2, 23, 10, 0]  	877	3 
[2, 15, 16, 0]  	879	4 
[2, 7, 22, 0]  	881	3 
[2, 26, 8, 0]  	884	3 
[2, 14, 17, 0]  	887	4 
[2, 10, 20, 0]  	888	3 
[1, 15, 17, 0]  	891	3 
[1, 38, 0, 0]  	893	3 
[2, 9, 21, 0]  	896	3 
[2, 1, 27, 0]  	898	4 
[1, 14, 18, 0]  	899	3 
[1, 10, 21, 0]  	900	2 
[2, 12, 19, 0]  	903	3 
[2, 0, 28, 0]  	906	4 
[1, 13, 19, 0]  	907	2 
[1, 32, 5, 0]  	910	3 
[1, 12, 20, 0]  	915	2 
[1, 31, 6, 0]  	918	3 
[1, 27, 9, 0]  	919	2 
[0, 32, 6, 0]  	922	2 
[1, 30, 7, 0]  	926	2 
[1, 18, 16, 0]  	929	3 
[0, 31, 7, 0]  	930	2 
[1, 29, 8, 0]  	934	2 
[0, 30, 8, 0]  	938	1 
[1, 1, 29, 0]  	941	2 
[1, 24, 12, 0]  	943	3 
[1, 0, 30, 0]  	949	2 
[0, 1, 30, 0]  	953	1 
[0, 16, 19, 0]  	957	1 
[0, 35, 5, 0]  	960	2 
[0, 0, 31, 0]  	961	1  <--- 3
[1, 21, 15, 0]  	967	3 
[0, 18, 18, 0]  	972	1 
[1, 4, 28, 0]  	979	2 
[0, 4, 29, 0]  	991	1 
[0, 38, 4, 0]  	998	2 
[0, 21, 17, 0]  	1010	1 
[0, 44, 0, 0]  	1012	2  <--- 2
[1, 7, 27, 0]  	1017	2 
[0, 7, 28, 0]  	1029	1 
[0, 41, 3, 0]  	1036	2 
[0, 24, 16, 0]  	1048	1 
[0, 10, 27, 0]  	1067	1 
[0, 27, 15, 0]  	1086	1 
[0, 13, 26, 0]  	1105	1 
[8, 8, 4, 1]  	460	7 
[7, 22, 2, 1]  	701	8 
[16, 20, 0, 1]  	764	7 
[3, 4, 22, 1]  	831	4 
[2, 28, 6, 1]  	868	4 
[2, 31, 4, 1]  	875	5 
[2, 13, 18, 1]  	895	3 
[1, 35, 4, 1]  	948	3 
[6, 11, 3, 29]  	460	6 
[6, 8, 13, 29]  	701	6 
[5, 21, 6, 29]  	764	6 
[4, 24, 5, 29]  	783	5 
[2, 21, 10, 29]  	831	3 
[1, 14, 17, 29]  	868	3 
[2, 0, 27, 29]  	875	4 
[1, 30, 6, 29]  	895	2 
[1, 4, 27, 29]  	948	2 
------
The gap is between 2 and 28.
Lengths: 3 3 5 5 3 3.
For 982 = 5*d/2-d1-d2-d3 you get 3 in char 0.
1*x^1*y^23*z^14
1*y^40*z^2
1*y^9*z^25

For 560 = 3*d/2-d1-d2-d3 you get 5 in char 0.
1*x^4*y^17*z^3
1*x^3*y^3*z^14
1*x^2*y^20*z^2
1*x^1*y^6*z^13
1*y^23*z^1

For 138 = d/2-d1-d2-d3 you get 3 in char 0.
1*x^4*z^2
1*x^2*y^3*z^1
1*y^6

Extra powers of p used 0.
The invariant extra is equal to 1.
Start computing 11^3 Delta^1 (x1x2x3)^10... Done.
Start computing 11^4 Delta^2 (x1x2x3)^10... Done.
Start computing 11^5 Delta^3 (x1x2x3)^10... Done.
Start computing 11^6 Delta^4 (x1x2x3)^10... Done.
Start computing 11^7 Delta^5 (x1x2x3)^10... Done.
Start computing 11^8 Delta^6 (x1x2x3)^10... Done.
Start computing 11^9 Delta^7 (x1x2x3)^10... Done.
Start computing aa.
1 2 3 4 5 6 7 8 9 10 11 
*/
A = \
[612043855650627951615191619930,676672008558369004217841127022,1395031307723339480952595225941,674420657554134856505184433477,241756650738533808798064384592,776420560461325843604403699199,172406762122318913101961168186,1161634929598426876291257654073,1507250534139814391366898884645,1134302259542312981751367772772,427812324494065942701746000547;\
1165848177008643408068887374732,1160859708959668067556091427725,122392471066492174342298284071,1046697296980577046035701753613,1456552477292699488264930916912,364706289453468647818688662019,1093501571973182227447867250360,775957527588663322026963901821,515155329103392745045815306858,954677322362354453118217585481,698861954553138342063831392098;\
156978188834950231489196383801,187803765335685416391829255142,1284271799525714571987465397312,501564426470186590213639297768,363768969262500014620403089137,995478560301608158143384492861,798587261920012450824838722427,1205990734544599383465021460469,735845668632774509803913075255,551925905046520854805329903606,553809095128301569075107906922;\
980994191435163597632932892041,530292430517977547628372649401,1022730680210212787730669160477,275542935992112030422479779403,1506647849490855004557084853172,219845555422255539427299600248,1280990463605466881805779856461,130911024870582424273036399223,547861287961795841533183449271,843636581947232843224454818357,530326573241244063112314545312;\
1045080211562813620664494786171,127183279497971040191364833573,705253043527718266483059316649,698400176848715587487167224001,303217478017347273797197880550,1546188093522897881811264744047,1193335637385586548092754944198,503655529808992170952160922642,47769759999926555606969364180,1087178713508522244685551679346,962486481538157648839162137808;\
1169242030878238227762099782047,46339601840712293905710444961,1091106774197620343306191676659,759957683386777374345290273456,1040372934489368204236638249970,958604782987762206865207648482,446871231809253882997605841800,1038197437899496311524549333069,67038418395352014330371650900,439538079198664717821036328314,297632720661439296127341464337;\
171766714245734366207420982591,238836061488242640532894800531,865868069680239428521809871718,1098495932238362323997295777571,1330501477342023715763665685945,1289868043132956882830327502278,1063940778350213055463148385496,857088407413132023600688915401,193254751265287037739616251477,716661242442182076809222104113,116482075996591084742929347744;\
393924225104442345290479067680,927377283603789975869946916315,1447811936495467206634694521650,996497160416722242738001233615,489746339418187363378753347945,588476171421605407879459217961,1443109684869154786181608620479,547748357686273631551707492966,444520531058293755660526782565,458104456902970737957092596040,909975310301002756872746128697;\
39827213631007945813541580258,1023394914681440622095694676040,1111338445790252777519544633555,1513695063998576513322759040077,1049072968056613463154614298898,299528376387875697474602753849,174684236086226671681048019496,495606104049451400772170136403,802152443672821534710245470378,402906457258346309248773050720,1117052561357961573078361487387;\
911434070342624268036157278135,202235466999848611757958302639,1079537803216047219733666549811,1178017860270363956276917312081,1164155767030554200669863337560,63676758437800060124660059037,545847485470632846530142424927,1136445626586569151513221728497,1284191720644886830111947632416,1417087548131841895695043803398,897648212549981949199806597330;\
1358186441036224217242206119330,370981610679810900910834571429,1080680917996080919078685286588,1385808386567631097576189816978,788260022216661759625840458952,1143371970295332839209759440797,991191732983199123608628304293,1560576399847693954294229269081,218865460035734830866104087927,1173948971514222468446977647057,158962129334937654903510684098]
/* 
This should be the matrix of frobenius!
*/ 
B = A; 
/* Freed 166 lists. */
