/* Comments begin... 
Coefficient of   x^21 * y^1               = 1
Coefficient of   x^10 * y^2 * z^6         = 3
Coefficient of   x^8 * y^5 * z^5         = -1
Coefficient of   x^6 * y^8 * z^4         = -3
Coefficient of   x^4 * y^11 * z^3         = -4
Coefficient of   x^2 * y^14 * z^2         = 0
Coefficient of   x^1 * z^13               = 2
Coefficient of   y^17 * z^1               = -3

Here is the polynomial we're using this time:

1*x^21*y^1 + 3*x^10*y^2*z^6 + -1*x^8*y^5*z^5 + -3*x^6*y^8*z^4 + -4*x^4*y^11*z^3 + 2*x^1*z^13 + -3*y^17*z^1

Allocate G_len 20 elements and old = 0.
Allocate M_len = 400 elements.
Allocate G_len 40 elements and old = 20.
Allocate M_len = 800 elements.
Allocate G_len 80 elements and old = 40.
Allocate M_len = 1600 elements.
Allocate M_len = 3200 elements.
Allocate G_len 160 elements and old = 80.
Allocate M_len = 6400 elements.
Allocate M_len = 12800 elements.
Allocate G_len 320 elements and old = 160.
Not smooth!
Coefficient of   x^21 * y^1               = 3
Coefficient of   x^10 * y^2 * z^6         = -1
Coefficient of   x^8 * y^5 * z^5         = 0
Coefficient of   x^6 * y^8 * z^4         = 0
Coefficient of   x^4 * y^11 * z^3         = -2
Coefficient of   x^2 * y^14 * z^2         = -1
Coefficient of   x^1 * z^13               = -5
Coefficient of   y^17 * z^1               = -4

Here is the polynomial we're using this time:

3*x^21*y^1 + -1*x^10*y^2*z^6 + -2*x^4*y^11*z^3 + -1*x^2*y^14*z^2 + -5*x^1*z^13 + -4*y^17*z^1

The final length of G is 154
[10, 2, 5, 0]  	391	5 
[21, 0, 0, 0]  	399	5  <--- 1
[20, 1, 0, 0]  	403	5 
[4, 11, 3, 0]  	422	4 
[14, 11, 2, 0]  	581	8 
[7, 0, 15, 0]  	598	7 
[12, 14, 2, 0]  	612	7 
[11, 0, 14, 0]  	643	7 
[13, 0, 13, 0]  	650	8 
[9, 3, 14, 0]  	674	9 
[9, 20, 2, 0]  	693	8 
[18, 14, 1, 0]  	695	9 
[12, 19, 1, 0]  	696	8 
[8, 5, 14, 0]  	701	8 
[7, 6, 14, 0]  	705	8 
[9, 6, 13, 0]  	712	8 
[8, 22, 2, 0]  	720	8 
[7, 23, 2, 0]  	724	7 
[16, 17, 1, 0]  	726	8 
[10, 22, 1, 0]  	727	7 
[9, 23, 1, 0]  	731	7 
[6, 8, 14, 0]  	732	7 
[19, 0, 12, 0]  	733	8 
[5, 9, 14, 0]  	736	7 
[8, 8, 13, 0]  	739	7 
[7, 9, 13, 0]  	743	7 
[9, 9, 12, 0]  	750	7 
[6, 25, 2, 0]  	751	7 
[5, 26, 2, 0]  	755	6 
[12, 23, 0, 0]  	757	7 
[8, 25, 1, 0]  	758	7 
[7, 26, 1, 0]  	762	6 
[10, 25, 0, 0]  	765	7 
[9, 26, 0, 0]  	769	6 
[5, 28, 1, 0]  	770	6 
[6, 7, 16, 0]  	771	6 
[14, 22, 0, 0]  	772	7 
[4, 29, 1, 0]  	774	6 
[19, 18, 0, 0]  	775	7 
[7, 28, 0, 0]  	777	6 
[18, 19, 0, 0]  	779	7 
[6, 29, 0, 0]  	781	6 
[4, 28, 2, 0]  	782	4 
[3, 14, 13, 0]  	782	6 
[3, 29, 2, 0]  	786	5 
[6, 1, 21, 0]  	788	6 
[4, 31, 0, 0]  	789	6 
[3, 32, 0, 0]  	793	5 
[6, 4, 19, 0]  	795	6 
[6, 0, 22, 0]  	796	6 
[5, 1, 22, 0]  	800	5 
[3, 31, 1, 0]  	801	5 
[3, 0, 24, 0]  	801	5 
[6, 3, 20, 0]  	803	6 
[2, 32, 1, 0]  	805	5 
[17, 21, 0, 0]  	806	6 
[5, 8, 17, 0]  	806	6 
[5, 4, 20, 0]  	807	5 
[5, 0, 23, 0]  	808	5 
[6, 6, 18, 0]  	810	6 
[4, 1, 23, 0]  	812	5 
[5, 7, 18, 0]  	814	5 
[5, 3, 21, 0]  	815	5 
[3, 17, 12, 0]  	820	5 
[5, 6, 19, 0]  	822	5 
[2, 18, 12, 0]  	824	4 
[4, 7, 19, 0]  	826	5 
[4, 3, 22, 0]  	827	5 
[3, 12, 16, 0]  	829	5 
[3, 4, 22, 0]  	831	4 
[4, 10, 17, 0]  	833	5 
[3, 11, 17, 0]  	837	5 
[3, 7, 20, 0]  	838	4 
[3, 3, 23, 0]  	839	4 
[4, 9, 18, 0]  	841	5 
[2, 35, 0, 0]  	843	4 
[3, 10, 18, 0]  	845	4 
[3, 21, 10, 0]  	850	4 
[3, 9, 19, 0]  	853	4 
[3, 28, 5, 0]  	856	5 
[3, 20, 11, 0]  	858	4 
[2, 29, 5, 0]  	860	4 
[2, 21, 11, 0]  	862	3 
[3, 23, 9, 0]  	865	4 
[2, 28, 6, 0]  	868	4 
[2, 24, 9, 0]  	869	3 
[3, 26, 7, 0]  	872	4 
[2, 4, 24, 0]  	874	4 
[2, 31, 4, 0]  	875	5 
[2, 27, 7, 0]  	876	3 
[2, 23, 10, 0]  	877	3 
[2, 7, 22, 0]  	881	3 
[2, 26, 8, 0]  	884	3 
[2, 14, 17, 0]  	887	4 
[2, 10, 20, 0]  	888	3 
[1, 15, 17, 0]  	891	3 
[1, 38, 0, 0]  	893	3 
[2, 13, 18, 0]  	895	3 
[2, 9, 21, 0]  	896	3 
[2, 1, 27, 0]  	898	4 
[1, 14, 18, 0]  	899	3 
[1, 10, 21, 0]  	900	2 
[2, 12, 19, 0]  	903	3 
[2, 0, 28, 0]  	906	4 
[1, 13, 19, 0]  	907	2 
[1, 12, 20, 0]  	915	2 
[1, 31, 6, 0]  	918	3 
[1, 27, 9, 0]  	919	2 
[0, 32, 6, 0]  	922	2 
[1, 30, 7, 0]  	926	2 
[1, 18, 16, 0]  	929	3 
[0, 31, 7, 0]  	930	2 
[1, 29, 8, 0]  	934	2 
[0, 30, 8, 0]  	938	1 
[1, 1, 29, 0]  	941	2 
[1, 24, 12, 0]  	943	3 
[1, 0, 30, 0]  	949	2 
[0, 1, 30, 0]  	953	1 
[0, 16, 19, 0]  	957	1 
[0, 35, 5, 0]  	960	2 
[0, 0, 31, 0]  	961	1  <--- 3
[1, 21, 15, 0]  	967	3 
[0, 18, 18, 0]  	972	1 
[1, 4, 28, 0]  	979	2 
[0, 4, 29, 0]  	991	1 
[0, 38, 4, 0]  	998	2 
[0, 21, 17, 0]  	1010	1 
[0, 44, 0, 0]  	1012	2  <--- 2
[1, 7, 27, 0]  	1017	2 
[0, 7, 28, 0]  	1029	1 
[0, 41, 3, 0]  	1036	2 
[0, 24, 16, 0]  	1048	1 
[0, 10, 27, 0]  	1067	1 
[0, 27, 15, 0]  	1086	1 
[0, 13, 26, 0]  	1105	1 
[10, 19, 2, 1]  	689	7 
[16, 20, 0, 1]  	764	7 
[4, 4, 21, 1]  	819	5 
[4, 6, 20, 1]  	834	5 
[3, 6, 21, 1]  	846	4 
[3, 24, 8, 1]  	857	4 
[3, 27, 6, 1]  	864	4 
[2, 15, 16, 1]  	879	4 
[1, 32, 5, 1]  	910	3 
[1, 35, 4, 1]  	948	3 
[9, 5, 13, 29]  	689	5 
[9, 22, 1, 29]  	708	5 
[6, 4, 18, 29]  	764	6 
[5, 7, 17, 29]  	783	5 
[3, 21, 9, 29]  	819	4 
[2, 9, 19, 29]  	834	3 
[2, 23, 9, 29]  	846	2 
[2, 13, 17, 29]  	864	3 
[1, 1, 27, 29]  	879	2 
------
The gap is between 2 and 28.
Lengths: 3 3 5 5 3 3.
For 982 = 5*d/2-d1-d2-d3 you get 3 in char 0.
1*x^1*y^23*z^14
1*y^40*z^2
1*y^9*z^25

For 560 = 3*d/2-d1-d2-d3 you get 5 in char 0.
1*x^5*z^15
1*x^3*y^3*z^14
1*x^2*y^20*z^2
1*x^1*y^6*z^13
1*y^23*z^1

For 138 = d/2-d1-d2-d3 you get 3 in char 0.
1*x^4*z^2
1*x^2*y^3*z^1
1*y^6

Extra powers of p used 0.
The invariant extra is equal to 1.
Start computing 11^3 Delta^1 (x1x2x3)^10... Done.
Start computing 11^4 Delta^2 (x1x2x3)^10... Done.
Start computing 11^5 Delta^3 (x1x2x3)^10... Done.
Start computing 11^6 Delta^4 (x1x2x3)^10... Done.
Start computing 11^7 Delta^5 (x1x2x3)^10... Done.
Start computing 11^8 Delta^6 (x1x2x3)^10... Done.
Start computing 11^9 Delta^7 (x1x2x3)^10... Done.
Start computing aa.
1 2 3 4 5 6 7 8 9 10 11 
*/
A = \
[1540753166233928552782725291986,43558748732058853290624496171,297020746470868232378536950586,680876107882289512146697568231,457083365739844410118630072060,876953772418345405872242679811,163060944629222379500028296226,1321901469488348610690534164305,13404473074055920083896997075,1379073781766554838211375167314,729216512213875534763032338572;\
803520855261009893332407057219,280075434193356070119585813521,955215760324173876696763450522,782824707007012330991547048007,1462936655705076577468916193622,372590649296418020493858410567,91755823891127863182888518324,173304108940541152612444815046,272650012007739157036526020905,635150841850432223480983766431,726287727430727223625238017390;\
256552821162614816598088592313,762601825535375752770258973966,669999971778522794737479236426,1380404203904983551459284584784,1457984873772797531919134696572,412535938814117347534726940849,142335526830092351219867295134,235465240639061456611314549966,1392862010744124944519765790521,283208558247837482773133787958,186414118672461675201874315725;\
1437947867333041058426510237553,1564832940607023258597190785928,302833179807546020600549729655,1080715333010855015982588087095,756846425685272092937967280850,379402849486898997882937763212,922325091607727302616042413096,1443576351116099153624123227621,1355631246262539218597808851327,33686108597063683476160593808,1016189891212757413984307916209;\
1280313681231447090259982212926,1055443823268105590239897389599,1567774156620365255532078225278,927710045042196090291203549919,620751276320831993563965316281,1145353607143074959408130611798,1435572896134215540584834606182,74976485798180252728820269914,563192420907910814000738761905,1252394929509095303769930831453,1038632423305783790772531151249;\
347831052780109502431974232996,301306539030965704009045668042,13471831958117932602674417907,1354679789103276774131156990970,1283646281156234871347590226658,1049671346187377300743428020905,486544405511188542764254204306,428386506452667493362330858324,1081955064061376957360307450095,168265294255136418330295467393,1545552795178360728003439762974;\
376917866806953276079794017651,115582803650602758668591892870,1033989948487682847578230142558,950298766146587124645280076372,1367988047401866769849507822362,1375333079337378664434183640311,53247426665672616400636237691,545248349378418166443390284054,914510004453063371067315566977,1207071427407140508746040220361,514361227017654503013286816716;\
30354066748040454326567739633,1013848786496759492445923184069,433337457910265641818899314763,859092572872635432351291438112,179801462279991551735314663810,81641905455110785725275238079,263209018751781371890257670462,630035289343237061532128799446,153222690935195556816640614016,323325855241976444332398326238,207391027166661743265198578218;\
1204372225682606839112337286567,176407352613098129160348254001,234290433769061860086369145381,373077117786160752839283741574,1525206357457924638674647950766,713678039802449549785863343460,1166962875611668427907721692124,859957340146240763264847254861,629763398637291777673235562075,968060776431492389295673517516,698851067045429469552700063085;\
1480702552964779596491765614394,1527976322891567756221217471275,679418088071214270690430818324,935152934922091707974618221987,777122181382747602011094137389,1273810728922744645085101999823,1078618436216785417381228947982,675957085464756397989738844771,1169255499661738125933277468322,1239804529876908724335853511023,394312355799241422251066027439;\
929979492462132617642908264119,499376995461016381098004152711,25005732240952011123653045022,445853066491958389416217524723,733079715669858412279815122743,1335132633100510607452382689968,1122207801090993023616825358523,337484069957859997357497113857,1498697047173842299936032845954,746491520875966719079010281321,1236609365214092677505036567767]
/* 
This should be the matrix of frobenius!
*/ 
B = A; 
/* Freed 166 lists. */
