/* Comments begin... 
Coefficient of   x^21 * y^1               = -5
Coefficient of   x^10 * y^2 * z^6         = 2
Coefficient of   x^8 * y^5 * z^5         = 4
Coefficient of   x^6 * y^8 * z^4         = 5
Coefficient of   x^4 * y^11 * z^3         = -5
Coefficient of   x^2 * y^14 * z^2         = -4
Coefficient of   x^1 * z^13               = 3
Coefficient of   y^17 * z^1               = 4

Here is the polynomial we're using this time:

-5*x^21*y^1 + 2*x^10*y^2*z^6 + 4*x^8*y^5*z^5 + 5*x^6*y^8*z^4 + -5*x^4*y^11*z^3 + -4*x^2*y^14*z^2 + 3*x^1*z^13 + 4*y^17*z^1

Allocate G_len 20 elements and old = 0.
Allocate M_len = 400 elements.
Allocate G_len 40 elements and old = 20.
Allocate M_len = 800 elements.
Allocate G_len 80 elements and old = 40.
Allocate M_len = 1600 elements.
Allocate M_len = 3200 elements.
Allocate G_len 160 elements and old = 80.
Allocate M_len = 6400 elements.
Allocate M_len = 12800 elements.
Allocate G_len 320 elements and old = 160.
The final length of G is 164
[10, 2, 5, 0]  	391	7 
[21, 0, 0, 0]  	399	7  <--- 1
[20, 1, 0, 0]  	403	7 
[8, 5, 5, 0]  	422	6 
[8, 8, 4, 0]  	460	7 
[6, 11, 4, 0]  	491	6 
[6, 14, 3, 0]  	529	7 
[5, 0, 15, 0]  	560	6 
[18, 5, 4, 0]  	581	12 
[14, 11, 3, 0]  	612	11 
[18, 8, 3, 0]  	619	11 
[11, 0, 14, 0]  	643	10 
[14, 14, 2, 0]  	650	10 
[18, 11, 2, 0]  	657	10 
[9, 3, 14, 0]  	674	9 
[12, 17, 2, 0]  	681	9 
[15, 0, 13, 0]  	688	9 
[10, 19, 2, 0]  	689	9 
[9, 20, 2, 0]  	693	8 
[18, 14, 1, 0]  	695	9 
[7, 22, 2, 0]  	701	8 
[7, 6, 14, 0]  	705	8 
[8, 23, 1, 0]  	712	8 
[12, 20, 1, 0]  	719	8 
[7, 8, 13, 0]  	720	8 
[6, 9, 13, 0]  	724	7 
[16, 17, 1, 0]  	726	8 
[10, 22, 1, 0]  	727	8 
[6, 8, 14, 0]  	732	8 
[19, 0, 12, 0]  	733	8 
[14, 19, 1, 0]  	734	8 
[5, 9, 14, 0]  	736	7 
[7, 25, 1, 0]  	739	7 
[6, 26, 1, 0]  	743	7 
[8, 26, 0, 0]  	750	7 
[6, 25, 2, 0]  	751	7 
[5, 11, 13, 0]  	751	7 
[5, 26, 2, 0]  	755	6 
[4, 12, 13, 0]  	755	6 
[12, 23, 0, 0]  	757	7 
[6, 28, 0, 0]  	758	7 
[5, 29, 0, 0]  	762	6 
[5, 25, 3, 0]  	763	6 
[4, 11, 14, 0]  	763	6 
[10, 25, 0, 0]  	765	7 
[4, 26, 3, 0]  	767	6 
[5, 28, 1, 0]  	770	6 
[4, 14, 12, 0]  	770	6 
[5, 24, 4, 0]  	771	6 
[14, 22, 0, 0]  	772	7 
[4, 29, 1, 0]  	774	6 
[19, 18, 0, 0]  	775	7 
[18, 19, 0, 0]  	779	7 
[5, 15, 11, 0]  	781	6 
[4, 28, 2, 0]  	782	6 
[3, 14, 13, 0]  	782	6 
[3, 29, 2, 0]  	786	5 
[5, 18, 9, 0]  	788	6 
[4, 31, 0, 0]  	789	6 
[3, 32, 0, 0]  	793	5 
[5, 21, 7, 0]  	795	6 
[5, 17, 10, 0]  	796	6 
[4, 18, 10, 0]  	800	5 
[3, 31, 1, 0]  	801	5 
[3, 0, 24, 0]  	801	5 
[5, 20, 8, 0]  	803	6 
[2, 32, 1, 0]  	805	5 
[17, 21, 0, 0]  	806	6 
[4, 25, 5, 0]  	806	6 
[4, 21, 8, 0]  	807	5 
[5, 23, 6, 0]  	810	6 
[4, 1, 23, 0]  	812	5 
[4, 24, 6, 0]  	814	5 
[4, 20, 9, 0]  	815	5 
[4, 4, 21, 0]  	819	5 
[3, 17, 12, 0]  	820	5 
[2, 18, 12, 0]  	824	4 
[4, 7, 19, 0]  	826	5 
[4, 3, 22, 0]  	827	5 
[3, 12, 16, 0]  	829	5 
[3, 4, 22, 0]  	831	4 
[4, 10, 17, 0]  	833	5 
[4, 6, 20, 0]  	834	5 
[3, 11, 17, 0]  	837	5 
[3, 7, 20, 0]  	838	4 
[3, 3, 23, 0]  	839	4 
[4, 9, 18, 0]  	841	5 
[2, 35, 0, 0]  	843	4 
[3, 10, 18, 0]  	845	4 
[3, 6, 21, 0]  	846	4 
[3, 21, 10, 0]  	850	4 
[3, 9, 19, 0]  	853	4 
[3, 28, 5, 0]  	856	5 
[3, 24, 8, 0]  	857	4 
[3, 20, 11, 0]  	858	4 
[2, 29, 5, 0]  	860	4 
[2, 21, 11, 0]  	862	3 
[3, 27, 6, 0]  	864	4 
[3, 23, 9, 0]  	865	4 
[2, 28, 6, 0]  	868	4 
[2, 24, 9, 0]  	869	3 
[3, 26, 7, 0]  	872	4 
[2, 4, 24, 0]  	874	4 
[2, 31, 4, 0]  	875	5 
[2, 27, 7, 0]  	876	3 
[2, 23, 10, 0]  	877	3 
[2, 15, 16, 0]  	879	4 
[2, 7, 22, 0]  	881	3 
[2, 26, 8, 0]  	884	3 
[2, 14, 17, 0]  	887	4 
[2, 10, 20, 0]  	888	3 
[1, 15, 17, 0]  	891	3 
[1, 38, 0, 0]  	893	3 
[2, 9, 21, 0]  	896	3 
[2, 1, 27, 0]  	898	4 
[1, 14, 18, 0]  	899	3 
[1, 10, 21, 0]  	900	2 
[2, 12, 19, 0]  	903	3 
[2, 0, 28, 0]  	906	4 
[1, 13, 19, 0]  	907	2 
[1, 32, 5, 0]  	910	3 
[1, 12, 20, 0]  	915	2 
[1, 27, 9, 0]  	919	2 
[0, 32, 6, 0]  	922	2 
[1, 18, 16, 0]  	929	3 
[0, 31, 7, 0]  	930	2 
[1, 29, 8, 0]  	934	2 
[0, 30, 8, 0]  	938	1 
[1, 24, 12, 0]  	943	3 
[1, 35, 4, 0]  	948	3 
[0, 1, 30, 0]  	953	1 
[0, 16, 19, 0]  	957	1 
[0, 35, 5, 0]  	960	2 
[0, 0, 31, 0]  	961	1  <--- 3
[1, 21, 15, 0]  	967	3 
[0, 18, 18, 0]  	972	1 
[1, 4, 28, 0]  	979	2 
[0, 4, 29, 0]  	991	1 
[0, 38, 4, 0]  	998	2 
[0, 21, 17, 0]  	1010	1 
[0, 44, 0, 0]  	1012	2  <--- 2
[0, 7, 28, 0]  	1029	1 
[0, 41, 3, 0]  	1036	2 
[0, 24, 16, 0]  	1048	1 
[0, 10, 27, 0]  	1067	1 
[0, 27, 15, 0]  	1086	1 
[0, 13, 26, 0]  	1105	1 
[5, 25, 2, 1]  	732	7 
[16, 20, 0, 1]  	764	7 
[4, 17, 11, 1]  	808	5 
[4, 23, 7, 1]  	822	5 
[2, 13, 18, 1]  	895	3 
[1, 31, 6, 1]  	918	3 
[1, 30, 7, 1]  	926	2 
[1, 1, 29, 1]  	941	2 
[1, 0, 30, 1]  	949	2 
[1, 7, 27, 1]  	1017	2 
[4, 11, 13, 29]  	732	6 
[5, 21, 6, 29]  	764	6 
[4, 24, 5, 29]  	783	5 
[3, 3, 22, 29]  	808	4 
[3, 9, 18, 29]  	822	4 
[0, 16, 17, 29]  	895	1 
[0, 24, 15, 29]  	1017	1 
------
The gap is between 2 and 28.
Lengths: 3 3 5 5 3 3.
For 982 = 5*d/2-d1-d2-d3 you get 3 in char 0.
1*x^1*y^23*z^14
1*y^40*z^2
1*y^9*z^25

For 560 = 3*d/2-d1-d2-d3 you get 5 in char 0.
1*x^4*y^17*z^3
1*x^3*y^3*z^14
1*x^2*y^20*z^2
1*x^1*y^6*z^13
1*y^23*z^1

For 138 = d/2-d1-d2-d3 you get 3 in char 0.
1*x^4*z^2
1*x^2*y^3*z^1
1*y^6

Extra powers of p used 0.
The invariant extra is equal to 1.
Start computing 11^3 Delta^1 (x1x2x3)^10... Done.
Start computing 11^4 Delta^2 (x1x2x3)^10... Done.
Start computing 11^5 Delta^3 (x1x2x3)^10... Done.
Start computing 11^6 Delta^4 (x1x2x3)^10... Done.
Start computing 11^7 Delta^5 (x1x2x3)^10... Done.
Start computing 11^8 Delta^6 (x1x2x3)^10... Done.
Start computing 11^9 Delta^7 (x1x2x3)^10... Done.
Start computing aa.
1 2 3 4 5 6 7 8 9 10 11 
*/
A = \
[645821763095194614986439199735,1284290931287063534786719731929,633425123403023357028927711337,530649734544956720497066837794,662371615720177488993504881079,1300488859142696242926778710322,190016506739949205439695303182,1522452049607087805883413517011,1305208111863271719467111073722,998143031182372246301016535880,627336542861613040517241933181;\
99760889269653637940092416140,803032159631870081420798670115,1481715952958920014699168160473,819113953814495602680730750910,1474314655982995057382919821471,1214763368685617634436692582311,171994733388465120764260451415,750194628472659630848510824231,752888741566080333477503031033,1108293230919468454361558412245,1061304884393340453544428089383;\
668505609684404962525638863701,495217193469161324396873629752,355484188107842714745805931128,273063299762581081648145701549,728856765536782327636373872206,50259526268294386115335237733,696038532139092899725801729644,422979058366525639447248192611,1359332623921565661746139671756,728068590730065201999074505186,17852958697635425337231596976;\
1147084706412986770193184997110,155980173263238403957165129875,1487986717331385889118228008947,752441990235692146403971983938,42445324161952723741221667087,857777530438134046279662202244,1024925560181101218809497754679,657842235236383132854785029251,971807626013499718943675227338,379515639415402900930106854564,1107848800858474013614068141359;\
1319943982514929547313795644043,715971026950948631427087082820,1280648752093749408169385563194,6574709879619090669421331337,453958940840882714730913698465,1023940440999910532371247842175,605874575862986851501688326389,1090334617555700507520646587262,428246479918299274691089176579,1321468838299029763368437839020,1318647994586613950002660611574;\
1152190912487174980688078572215,703926555273351873420460477438,1269429799848503151449598492263,363094241050428438766563951130,526971810775585575663229777008,494374555139860774791444965075,150610853593592799211207640490,851100873782321047312388311570,865630028040869777496681207359,939765162359336306072134643335,1074751124402341997482124617496;\
546130783903329498158307515008,156612478399806673216415829799,1475000578439322907682562994558,1284885745824391535584486453859,1014007265398233517113452428327,443223846352870814620960232068,1331875247283061702849403463963,537334499738224320762445994013,155226118935206085335466500680,100626281712971984080619280608,329571756959602846274688785925;\
308705365984941935211880615183,596191543778115111428993852853,134826399047076690740107003582,73032909347610604585511739113,1124974914054274176680480747383,1000029022855524451030834611876,518377070654080218435815113461,406701680412932923627371567794,510190886088551091064620717342,1106508358189496202741988929379,1180994264022457288539996952971;\
1384629313554694333986697681834,608402387686855084099877580304,705264778429829286878713655935,199147558574575186778536006288,943130594046823961333484817239,1407120293733495406044344530187,767860327144437793014356155174,1112249537569569580603170725944,534708486145884706459213988171,1301654941828383763322507607274,626334675394341794023827343770;\
603555580073345137503690779762,501457671850902887217308377560,1491772210833811061589723920,1399861528368977758803016877062,923417828916663144438895808639,761538632122332536734593796938,1386234335920681096710806724515,1004921800208556959302507360658,906430302719287047678028858333,922073796665834586218855965654,1343152797518459313394357081172;\
1192878508508914963085317674848,1056921223941588557726608442000,1077653332814647694636351190650,1469137155502744681656172946927,1228212781709912123614201240308,1017239540328637619858523872763,294474952980267913476935157263,92385689452586317687152920997,1193792731124607817909103453066,156562380207429117636194686547,580671927654291701550336538799]
/* 
This should be the matrix of frobenius!
*/ 
B = A; 
/* Freed 166 lists. */
