/* Comments begin... 
Coefficient of   x^21 * y^1               = 4
Coefficient of   x^10 * y^2 * z^6         = 1
Coefficient of   x^8 * y^5 * z^5         = 4
Coefficient of   x^6 * y^8 * z^4         = 4
Coefficient of   x^4 * y^11 * z^3         = 0
Coefficient of   x^2 * y^14 * z^2         = 4
Coefficient of   x^1 * z^13               = -2
Coefficient of   y^17 * z^1               = 5

Here is the polynomial we're using this time:

4*x^21*y^1 + 1*x^10*y^2*z^6 + 4*x^8*y^5*z^5 + 4*x^6*y^8*z^4 + 4*x^2*y^14*z^2 + -2*x^1*z^13 + 5*y^17*z^1

Allocate G_len 20 elements and old = 0.
Allocate M_len = 400 elements.
Allocate G_len 40 elements and old = 20.
Allocate M_len = 800 elements.
Allocate G_len 80 elements and old = 40.
Allocate M_len = 1600 elements.
Allocate M_len = 3200 elements.
Allocate G_len 160 elements and old = 80.
Allocate M_len = 6400 elements.
Allocate M_len = 12800 elements.
Allocate G_len 320 elements and old = 160.
The final length of G is 159
[10, 2, 5, 0]  	391	6 
[21, 0, 0, 0]  	399	6  <--- 1
[20, 1, 0, 0]  	403	6 
[8, 5, 5, 0]  	422	5 
[8, 8, 4, 0]  	460	7 
[4, 14, 3, 0]  	491	5 
[18, 5, 4, 0]  	581	10 
[7, 0, 15, 0]  	598	7 
[14, 11, 3, 0]  	612	10 
[18, 8, 3, 0]  	619	10 
[11, 0, 14, 0]  	643	9 
[14, 14, 2, 0]  	650	9 
[16, 14, 1, 0]  	657	9 
[9, 3, 14, 0]  	674	8 
[12, 17, 2, 0]  	681	9 
[15, 0, 13, 0]  	688	8 
[10, 19, 2, 0]  	689	9 
[9, 20, 2, 0]  	693	7 
[7, 22, 2, 0]  	701	8 
[7, 6, 14, 0]  	705	8 
[8, 23, 1, 0]  	712	8 
[12, 20, 1, 0]  	719	8 
[7, 8, 13, 0]  	720	8 
[6, 9, 13, 0]  	724	7 
[10, 22, 1, 0]  	727	8 
[6, 8, 14, 0]  	732	7 
[5, 25, 2, 0]  	732	7 
[19, 0, 12, 0]  	733	8 
[14, 19, 1, 0]  	734	7 
[5, 9, 14, 0]  	736	7 
[7, 25, 1, 0]  	739	7 
[6, 26, 1, 0]  	743	7 
[8, 26, 0, 0]  	750	7 
[5, 11, 13, 0]  	751	7 
[4, 12, 13, 0]  	755	6 
[12, 23, 0, 0]  	757	7 
[7, 11, 12, 0]  	758	7 
[6, 12, 12, 0]  	762	6 
[4, 11, 14, 0]  	763	6 
[10, 25, 0, 0]  	765	7 
[5, 28, 1, 0]  	770	6 
[6, 7, 16, 0]  	771	6 
[14, 22, 0, 0]  	772	7 
[4, 29, 1, 0]  	774	6 
[19, 18, 0, 0]  	775	7 
[18, 19, 0, 0]  	779	7 
[6, 29, 0, 0]  	781	6 
[4, 28, 2, 0]  	782	6 
[3, 14, 13, 0]  	782	6 
[3, 29, 2, 0]  	786	5 
[6, 1, 21, 0]  	788	6 
[4, 31, 0, 0]  	789	6 
[3, 32, 0, 0]  	793	5 
[3, 31, 1, 0]  	801	5 
[3, 0, 24, 0]  	801	5 
[6, 3, 20, 0]  	803	6 
[2, 32, 1, 0]  	805	5 
[17, 21, 0, 0]  	806	6 
[5, 8, 17, 0]  	806	6 
[5, 4, 20, 0]  	807	5 
[4, 1, 23, 0]  	812	5 
[5, 7, 18, 0]  	814	5 
[5, 3, 21, 0]  	815	5 
[4, 4, 21, 0]  	819	5 
[5, 6, 19, 0]  	822	5 
[2, 18, 12, 0]  	824	4 
[4, 7, 19, 0]  	826	5 
[6, 0, 23, 0]  	827	5 
[4, 3, 22, 0]  	827	5 
[3, 12, 16, 0]  	829	5 
[3, 4, 22, 0]  	831	4 
[4, 10, 17, 0]  	833	5 
[4, 6, 20, 0]  	834	5 
[3, 11, 17, 0]  	837	5 
[3, 7, 20, 0]  	838	4 
[3, 3, 23, 0]  	839	4 
[4, 9, 18, 0]  	841	5 
[2, 35, 0, 0]  	843	4 
[3, 10, 18, 0]  	845	4 
[3, 6, 21, 0]  	846	4 
[3, 21, 10, 0]  	850	4 
[3, 9, 19, 0]  	853	4 
[3, 28, 5, 0]  	856	5 
[3, 24, 8, 0]  	857	4 
[3, 20, 11, 0]  	858	4 
[2, 29, 5, 0]  	860	4 
[2, 21, 11, 0]  	862	3 
[3, 27, 6, 0]  	864	4 
[3, 23, 9, 0]  	865	4 
[2, 28, 6, 0]  	868	4 
[2, 4, 24, 0]  	874	4 
[2, 27, 7, 0]  	876	3 
[2, 23, 10, 0]  	877	3 
[2, 7, 22, 0]  	881	3 
[2, 26, 8, 0]  	884	3 
[2, 14, 17, 0]  	887	4 
[2, 10, 20, 0]  	888	3 
[1, 15, 17, 0]  	891	3 
[1, 38, 0, 0]  	893	3 
[2, 13, 18, 0]  	895	3 
[2, 9, 21, 0]  	896	3 
[2, 1, 27, 0]  	898	4 
[1, 14, 18, 0]  	899	3 
[1, 10, 21, 0]  	900	2 
[2, 12, 19, 0]  	903	3 
[2, 0, 28, 0]  	906	4 
[1, 13, 19, 0]  	907	2 
[1, 32, 5, 0]  	910	3 
[1, 12, 20, 0]  	915	2 
[1, 27, 9, 0]  	919	2 
[0, 32, 6, 0]  	922	2 
[1, 30, 7, 0]  	926	2 
[1, 18, 16, 0]  	929	3 
[0, 31, 7, 0]  	930	2 
[1, 29, 8, 0]  	934	2 
[0, 30, 8, 0]  	938	1 
[1, 1, 29, 0]  	941	2 
[1, 24, 12, 0]  	943	3 
[1, 35, 4, 0]  	948	3 
[1, 0, 30, 0]  	949	2 
[0, 1, 30, 0]  	953	1 
[0, 16, 19, 0]  	957	1 
[0, 35, 5, 0]  	960	2 
[0, 0, 31, 0]  	961	1  <--- 3
[1, 21, 15, 0]  	967	3 
[0, 18, 18, 0]  	972	1 
[1, 4, 28, 0]  	979	2 
[0, 4, 29, 0]  	991	1 
[0, 38, 4, 0]  	998	2 
[0, 21, 17, 0]  	1010	1 
[0, 44, 0, 0]  	1012	2  <--- 2
[1, 7, 27, 0]  	1017	2 
[0, 7, 28, 0]  	1029	1 
[0, 41, 3, 0]  	1036	2 
[0, 24, 16, 0]  	1048	1 
[0, 10, 27, 0]  	1067	1 
[0, 27, 15, 0]  	1086	1 
[0, 13, 26, 0]  	1105	1 
[16, 20, 0, 1]  	764	7 
[7, 28, 0, 1]  	777	6 
[6, 4, 19, 1]  	795	6 
[6, 0, 22, 1]  	796	6 
[5, 1, 22, 1]  	800	5 
[5, 0, 23, 1]  	808	5 
[6, 6, 18, 1]  	810	6 
[3, 17, 12, 1]  	820	5 
[2, 24, 9, 1]  	869	3 
[3, 26, 7, 1]  	872	4 
[2, 31, 4, 1]  	875	5 
[2, 15, 16, 1]  	879	4 
[1, 31, 6, 1]  	918	3 
[4, 7, 17, 29]  	764	4 
[3, 3, 21, 29]  	777	3 
[2, 34, 0, 29]  	820	4 
[1, 10, 20, 29]  	869	2 
[2, 12, 18, 29]  	872	3 
[2, 0, 27, 29]  	875	3 
[1, 32, 4, 29]  	879	3 
[1, 0, 29, 29]  	918	2 
------
The gap is between 2 and 28.
Lengths: 3 3 5 5 3 3.
For 982 = 5*d/2-d1-d2-d3 you get 3 in char 0.
1*x^1*y^23*z^14
1*y^40*z^2
1*y^9*z^25

For 560 = 3*d/2-d1-d2-d3 you get 5 in char 0.
1*x^5*z^15
1*x^3*y^3*z^14
1*x^2*y^20*z^2
1*x^1*y^6*z^13
1*y^23*z^1

For 138 = d/2-d1-d2-d3 you get 3 in char 0.
1*x^4*z^2
1*x^2*y^3*z^1
1*y^6

Extra powers of p used 0.
The invariant extra is equal to 1.
Start computing 11^3 Delta^1 (x1x2x3)^10... Done.
Start computing 11^4 Delta^2 (x1x2x3)^10... Done.
Start computing 11^5 Delta^3 (x1x2x3)^10... Done.
Start computing 11^6 Delta^4 (x1x2x3)^10... Done.
Start computing 11^7 Delta^5 (x1x2x3)^10... Done.
Start computing 11^8 Delta^6 (x1x2x3)^10... Done.
Start computing 11^9 Delta^7 (x1x2x3)^10... Done.
Start computing aa.
1 2 3 4 5 6 7 8 9 10 11 
*/
A = \
[216477529871073484059023936191,1017844064448017421472341047539,1367248411173278102411862111890,654645598208103202258377376293,1277991856172472609409530074005,455597977734915885261199254502,291791373730771130086269915428,236538509494053290622935613535,298058029273310582776129481478,625210251647738003588808036009,3383168842402323258510335230;\
597428927075117378922212938395,946479686974586107661232497215,763818289695329612529966887879,594868918208496462260392848647,106884850894752511486769526938,1468212153596868537055840526324,872351853536469795101919919602,1083085786954152829428418967789,1010643838713253426682375780592,274603452400340636078071131665,1352781974318292242614454043842;\
1181045667665110170124686238450,187425781437576899715319062109,1460108422821241182445852187171,816383255589820975825757486410,730189453497266629808738426916,1138646589718013804026920490686,635787915354235720707918031569,1121312054157296639177021554534,35769061678422586701457370859,559673805797629709739767560027,521571287943361401062451850903;\
917578973117793037034622881779,163079733896700268443503238633,236699426283254383185413007290,923200962504650735064178473894,1421392852606081318712621811785,409410959347749899793436917734,1040275062335074698613144908695,382594845603188277978356912408,1354563032025583775548266546950,1334365461194561270159107014427,882971093974946765740512641498;\
173696976747228218400426874217,547517991397903493094653608007,181855427519203709499078719118,523655784784070965843065545450,1536155468443306649657528472960,291057905674069750229689364150,957163570898253869877443903076,1585380910143206223629981730694,1253918121501857885394394158382,212846941589593352738895557557,335750663935537071719120813102;\
73996665446039655175422094094,485353928228001930765198202317,1407693232213468300808645538633,584404853509478517985441883647,38256964603916929210628364406,1218276842066064618801198597791,1154628410118421920400874760462,570732410974793784267047328546,1110519748656073036226113211945,1422357479819658086273692613732,1104450742593271399973546595124;\
116716792598511349191334766985,85719709926784699995400345323,775214618319947351490972174445,1031181884949815939801526550430,1316445318347228453917757011909,940147053410925908901476827451,442465518304067166754541913679,1443406541351057197514818095702,1151380320722077481510929001922,939367583822442674631318876300,1157880489813381329043038799677;\
341525554227571312786434415037,849617311567259700162426188741,921576940968901807302006455739,1211917033419372487528759780078,92504631584086809450623245656,856289910520870410766046493947,1464450153558424792649651224595,329481444219105209364950263174,190239355518787622633097360145,1036655534431952379098380383905,592900122718836764577298002527;\
370300252403682590489931577307,898114044857822469973951270844,304614889701201677646121020650,511369680396480416084799905339,251917376143229707902888912807,705777351523577661769644958128,131610181879732839934537632922,1470094831014944523447536746191,1362765195680260941072674098192,1127801087661054155377178859676,438622438228770524269983169761;\
510075680125238887599073275577,908569668802165677371242258359,1277493192549321191307594949765,781403018931356824428215902376,1064564324083452869046128927146,421281808867251752781958141897,1345974579200068432039705311031,773413450422199675798881993635,1171411120105661331087250333219,1159389048424407920497000062946,693768502245565543982267771480;\
480621975646360471989024117497,1421489599386515373466505231368,482760800592609012212333086097,997725759240875832887038231440,581222571529250175413074741907,321910923723127653296816377790,784193878353740593058750664190,271223660704647430097975102369,1289017740141112335076034659237,1372284615114632367396184268794,189033757939704197263707233061]
/* 
This should be the matrix of frobenius!
*/ 
B = A; 
/* Freed 166 lists. */
