/* Comments begin... 
Coefficient of   x^21 * y^1               = 3
Coefficient of   x^10 * y^2 * z^6         = -4
Coefficient of   x^8 * y^5 * z^5         = -3
Coefficient of   x^6 * y^8 * z^4         = 1
Coefficient of   x^4 * y^11 * z^3         = 4
Coefficient of   x^2 * y^14 * z^2         = -2
Coefficient of   x^1 * z^13               = 0
Coefficient of   y^17 * z^1               = 4

Here is the polynomial we're using this time:

3*x^21*y^1 + -4*x^10*y^2*z^6 + -3*x^8*y^5*z^5 + 1*x^6*y^8*z^4 + 4*x^4*y^11*z^3 + -2*x^2*y^14*z^2 + 4*y^17*z^1

Allocate G_len 20 elements and old = 0.
Allocate M_len = 400 elements.
Allocate G_len 40 elements and old = 20.
Allocate M_len = 800 elements.
Allocate G_len 80 elements and old = 40.
Allocate M_len = 1600 elements.
Not smooth!
Coefficient of   x^21 * y^1               = 2
Coefficient of   x^10 * y^2 * z^6         = 0
Coefficient of   x^8 * y^5 * z^5         = -3
Coefficient of   x^6 * y^8 * z^4         = -2
Coefficient of   x^4 * y^11 * z^3         = 3
Coefficient of   x^2 * y^14 * z^2         = -3
Coefficient of   x^1 * z^13               = 4
Coefficient of   y^17 * z^1               = 0

Here is the polynomial we're using this time:

2*x^21*y^1 + -3*x^8*y^5*z^5 + -2*x^6*y^8*z^4 + 3*x^4*y^11*z^3 + -3*x^2*y^14*z^2 + 4*x^1*z^13

Allocate M_len = 3200 elements.
Allocate G_len 160 elements and old = 80.
Allocate M_len = 6400 elements.
Not smooth!
Coefficient of   x^21 * y^1               = -2
Coefficient of   x^10 * y^2 * z^6         = -2
Coefficient of   x^8 * y^5 * z^5         = 1
Coefficient of   x^6 * y^8 * z^4         = -3
Coefficient of   x^4 * y^11 * z^3         = 0
Coefficient of   x^2 * y^14 * z^2         = 5
Coefficient of   x^1 * z^13               = 2
Coefficient of   y^17 * z^1               = 5

Here is the polynomial we're using this time:

-2*x^21*y^1 + -2*x^10*y^2*z^6 + 1*x^8*y^5*z^5 + -3*x^6*y^8*z^4 + 5*x^2*y^14*z^2 + 2*x^1*z^13 + 5*y^17*z^1

Allocate M_len = 12800 elements.
Allocate G_len 320 elements and old = 160.
The final length of G is 166
[10, 2, 5, 0]  	391	6 
[21, 0, 0, 0]  	399	6  <--- 1
[20, 1, 0, 0]  	403	6 
[8, 5, 5, 0]  	422	5 
[8, 8, 4, 0]  	460	7 
[6, 11, 4, 0]  	491	6 
[6, 14, 3, 0]  	529	7 
[5, 0, 15, 0]  	560	6 
[18, 5, 4, 0]  	581	10 
[14, 11, 3, 0]  	612	10 
[18, 8, 3, 0]  	619	10 
[11, 0, 14, 0]  	643	9 
[14, 14, 2, 0]  	650	9 
[16, 14, 1, 0]  	657	9 
[9, 3, 14, 0]  	674	8 
[12, 17, 2, 0]  	681	9 
[15, 0, 13, 0]  	688	8 
[10, 19, 2, 0]  	689	9 
[9, 20, 2, 0]  	693	7 
[7, 22, 2, 0]  	701	8 
[8, 23, 1, 0]  	712	8 
[12, 20, 1, 0]  	719	8 
[7, 8, 13, 0]  	720	8 
[6, 9, 13, 0]  	724	7 
[10, 22, 1, 0]  	727	8 
[6, 8, 14, 0]  	732	8 
[19, 0, 12, 0]  	733	8 
[14, 19, 1, 0]  	734	7 
[5, 9, 14, 0]  	736	7 
[7, 25, 1, 0]  	739	7 
[6, 26, 1, 0]  	743	7 
[8, 26, 0, 0]  	750	7 
[6, 25, 2, 0]  	751	7 
[5, 11, 13, 0]  	751	7 
[5, 26, 2, 0]  	755	6 
[4, 12, 13, 0]  	755	6 
[12, 23, 0, 0]  	757	7 
[6, 28, 0, 0]  	758	7 
[5, 29, 0, 0]  	762	6 
[5, 25, 3, 0]  	763	6 
[4, 11, 14, 0]  	763	6 
[10, 25, 0, 0]  	765	7 
[4, 26, 3, 0]  	767	6 
[5, 28, 1, 0]  	770	6 
[4, 14, 12, 0]  	770	6 
[5, 24, 4, 0]  	771	6 
[14, 22, 0, 0]  	772	7 
[19, 18, 0, 0]  	775	7 
[18, 19, 0, 0]  	779	7 
[5, 15, 11, 0]  	781	6 
[4, 28, 2, 0]  	782	6 
[3, 14, 13, 0]  	782	6 
[3, 29, 2, 0]  	786	5 
[5, 18, 9, 0]  	788	6 
[4, 31, 0, 0]  	789	6 
[3, 32, 0, 0]  	793	5 
[5, 21, 7, 0]  	795	6 
[5, 17, 10, 0]  	796	6 
[4, 18, 10, 0]  	800	5 
[3, 31, 1, 0]  	801	5 
[3, 0, 24, 0]  	801	5 
[5, 20, 8, 0]  	803	6 
[2, 32, 1, 0]  	805	5 
[17, 21, 0, 0]  	806	6 
[4, 25, 5, 0]  	806	6 
[4, 17, 11, 0]  	808	5 
[5, 23, 6, 0]  	810	6 
[4, 1, 23, 0]  	812	5 
[4, 24, 6, 0]  	814	5 
[4, 4, 21, 0]  	819	5 
[3, 17, 12, 0]  	820	5 
[4, 23, 7, 0]  	822	5 
[2, 18, 12, 0]  	824	4 
[4, 7, 19, 0]  	826	5 
[4, 3, 22, 0]  	827	5 
[3, 12, 16, 0]  	829	5 
[3, 4, 22, 0]  	831	4 
[4, 10, 17, 0]  	833	5 
[4, 6, 20, 0]  	834	5 
[3, 11, 17, 0]  	837	5 
[3, 7, 20, 0]  	838	4 
[3, 3, 23, 0]  	839	4 
[4, 9, 18, 0]  	841	5 
[2, 35, 0, 0]  	843	4 
[3, 10, 18, 0]  	845	4 
[3, 6, 21, 0]  	846	4 
[3, 21, 10, 0]  	850	4 
[3, 9, 19, 0]  	853	4 
[3, 28, 5, 0]  	856	5 
[3, 24, 8, 0]  	857	4 
[3, 20, 11, 0]  	858	4 
[2, 29, 5, 0]  	860	4 
[3, 27, 6, 0]  	864	4 
[3, 23, 9, 0]  	865	4 
[2, 28, 6, 0]  	868	4 
[2, 24, 9, 0]  	869	3 
[3, 26, 7, 0]  	872	4 
[2, 4, 24, 0]  	874	4 
[2, 31, 4, 0]  	875	5 
[2, 27, 7, 0]  	876	3 
[2, 15, 16, 0]  	879	4 
[2, 7, 22, 0]  	881	3 
[2, 26, 8, 0]  	884	3 
[2, 14, 17, 0]  	887	4 
[2, 10, 20, 0]  	888	3 
[1, 15, 17, 0]  	891	3 
[2, 13, 18, 0]  	895	3 
[2, 9, 21, 0]  	896	3 
[2, 1, 27, 0]  	898	4 
[1, 14, 18, 0]  	899	3 
[1, 10, 21, 0]  	900	2 
[2, 12, 19, 0]  	903	3 
[2, 0, 28, 0]  	906	4 
[1, 13, 19, 0]  	907	2 
[1, 32, 5, 0]  	910	3 
[1, 12, 20, 0]  	915	2 
[1, 31, 6, 0]  	918	3 
[1, 27, 9, 0]  	919	2 
[0, 32, 6, 0]  	922	2 
[1, 30, 7, 0]  	926	2 
[1, 18, 16, 0]  	929	3 
[0, 31, 7, 0]  	930	2 
[1, 29, 8, 0]  	934	2 
[0, 30, 8, 0]  	938	1 
[1, 1, 29, 0]  	941	2 
[1, 24, 12, 0]  	943	3 
[1, 35, 4, 0]  	948	3 
[1, 0, 30, 0]  	949	2 
[0, 1, 30, 0]  	953	1 
[0, 16, 19, 0]  	957	1 
[0, 35, 5, 0]  	960	2 
[0, 0, 31, 0]  	961	1  <--- 3
[1, 41, 0, 0]  	962	2 
[1, 21, 15, 0]  	967	3 
[0, 18, 18, 0]  	972	1 
[1, 4, 28, 0]  	979	2 
[0, 4, 29, 0]  	991	1 
[0, 38, 4, 0]  	998	2 
[0, 21, 17, 0]  	1010	1 
[0, 44, 0, 0]  	1012	2  <--- 2
[1, 7, 27, 0]  	1017	2 
[0, 7, 28, 0]  	1029	1 
[0, 41, 3, 0]  	1036	2 
[0, 24, 16, 0]  	1048	1 
[0, 10, 27, 0]  	1067	1 
[0, 27, 15, 0]  	1086	1 
[0, 13, 26, 0]  	1105	1 
[7, 6, 14, 1]  	705	8 
[5, 25, 2, 1]  	732	7 
[16, 20, 0, 1]  	764	7 
[4, 29, 1, 1]  	774	6 
[4, 21, 8, 1]  	807	5 
[4, 20, 9, 1]  	815	5 
[2, 21, 11, 1]  	862	3 
[2, 23, 10, 1]  	877	3 
[1, 38, 0, 1]  	893	3 
[6, 23, 2, 29]  	705	7 
[4, 11, 13, 29]  	732	6 
[5, 21, 6, 29]  	764	5 
[3, 15, 12, 29]  	774	5 
[4, 24, 5, 29]  	783	5 
[3, 7, 19, 29]  	807	4 
[3, 6, 20, 29]  	815	3 
[2, 24, 8, 29]  	838	3 
[1, 7, 22, 29]  	862	2 
[1, 9, 21, 29]  	877	2 
------
The gap is between 2 and 28.
Lengths: 3 3 5 5 3 3.
For 982 = 5*d/2-d1-d2-d3 you get 3 in char 0.
1*x^1*y^23*z^14
1*y^40*z^2
1*y^9*z^25

For 560 = 3*d/2-d1-d2-d3 you get 5 in char 0.
1*x^4*y^17*z^3
1*x^3*y^3*z^14
1*x^2*y^20*z^2
1*x^1*y^6*z^13
1*y^23*z^1

For 138 = d/2-d1-d2-d3 you get 3 in char 0.
1*x^4*z^2
1*x^2*y^3*z^1
1*y^6

Extra powers of p used 0.
The invariant extra is equal to 1.
Start computing 11^3 Delta^1 (x1x2x3)^10... Done.
Start computing 11^4 Delta^2 (x1x2x3)^10... Done.
Start computing 11^5 Delta^3 (x1x2x3)^10... Done.
Start computing 11^6 Delta^4 (x1x2x3)^10... Done.
Start computing 11^7 Delta^5 (x1x2x3)^10... Done.
Start computing 11^8 Delta^6 (x1x2x3)^10... Done.
Start computing 11^9 Delta^7 (x1x2x3)^10... Done.
Start computing aa.
1 2 3 4 5 6 7 8 9 10 11 
*/
A = \
[714751511844570830847417988943,1216482608655336644924720684445,1343747355816014074538655740562,627470929412092005034445128005,1297023097381923702750432369160,53514771142521004343963969484,646796535990125284151076421029,1503161430300599294052871080268,448999570091090673892441240212,224884175858602881597662425399,1038818818407152595050421617258;\
596802110018674448331075966867,29854068250309754877419987778,646884704359351104023979448245,640849377758084149813189386520,1154607284347503736597322799511,607665836208729755599242149379,1428731779863757087487152400764,1069077394790945856505667592092,773770637171845442571039529734,1508265768007960818955473113453,669347091500160130953012403682;\
104607674059581405065856226937,1279819311260431903358379525111,196326427242522142920757316978,1142233268977169468595074152189,1008256553071711839433924288441,1547305942294229722852223716025,443678797266929127276779838795,1515286175966935246837453299006,308322965991315946737493385717,1127687289560143155310020228125,1281823759789091986845980989926;\
232846562996668966618108274130,1011046106942025151180984508867,724694540275333129234512518202,427338735087937998654709700969,273764537732900295056104912794,723784027853350817653400911756,315902599256155890906564123872,353071191000641611023375433562,1544090108577837850506018374052,739208877191624632833340672845,1230839516110958301206348811847;\
266196895617761883166956012816,386842351411192639351847971689,769549115578205566382433124924,937890210653740989205325029034,909083606421892589184381497679,1414238100964129922462611068538,595832914452061967938828515736,427030201108679209163358232040,256194262906734404289615835906,229419325960734709539722133679,906669406328489118002368239471;\
638498015255329563709726361540,1519721562927907845647896150005,46162967473313296414861955296,279991090600431402736823372588,723316399214181954788766873483,1040990311104664559064061854218,212031905710526086201574347988,1205115581331251781368623079128,465475636753896229955228470989,1584818333292432897650385913123,1040185110979709489066712511863;\
795468153122951712148312501754,522626560209007352277121866024,685758776179826499563037121241,1277336441052609477632736653933,1338063513819015696679030016557,118210457737280038356669885926,667809506784269893754447075504,495708840442888311858114365925,1134864072337391481540731742070,819056609434683394251285969798,1366554051379131551969373881023;\
319845541759591628870394418903,565011785745424898875457757191,1337388884421690068107051013501,503703087482948718472023142930,618296649715852323760763938796,1555229861675307276752818898131,1011308329477944513905969076492,1515799838210110530887098859031,1313939685079108688038319690622,1108110458327353655391143847998,994141407463596596105909424923;\
1572343602867005605833030142607,148442693826362487048002618400,1014695560086138439108354920624,1213271512145359698722511056357,863920495664811439942143060345,1316581079445998531878732036567,1249814042787625707939032693130,477702373631742736044624743863,1100986064913112575242255870682,1173026774577018383116020064765,247085494832233339537370426300;\
702337010471814666136539048890,555447188973079827675910176554,660824113031260865403020817031,629296008963743938357194493730,1584632561233359126629900979384,656345208065489093826371690664,1379659901663132266764269881132,1098849811237776087854142887141,299698026630942749059014353908,124646546956754395095955697826,53969731263960747228641621633;\
369287204982675202845047543058,1229389784228916164228782170834,1066666091817088411231420935434,1047684859523005796997423861397,178725348577440966819291970955,645116361733026361662930159934,615556197090680865064850856854,1420115637748980445514722804246,1453332461901228866980784727306,396806727877534449510811012710,146380008414775494133671494136]
/* 
This should be the matrix of frobenius!
*/ 
B = A; 
/* Freed 166 lists. */
