/* Comments begin... 
Coefficient of   x^21 * y^1               = -5
Coefficient of   x^10 * y^2 * z^6         = 0
Coefficient of   x^8 * y^5 * z^5         = 5
Coefficient of   x^6 * y^8 * z^4         = -1
Coefficient of   x^4 * y^11 * z^3         = -1
Coefficient of   x^2 * y^14 * z^2         = 1
Coefficient of   x^1 * z^13               = 0
Coefficient of   y^17 * z^1               = -3

Here is the polynomial we're using this time:

-5*x^21*y^1 + 5*x^8*y^5*z^5 + -1*x^6*y^8*z^4 + -1*x^4*y^11*z^3 + 1*x^2*y^14*z^2 + -3*y^17*z^1

Allocate G_len 20 elements and old = 0.
Allocate M_len = 400 elements.
Allocate G_len 40 elements and old = 20.
Not smooth!
Coefficient of   x^21 * y^1               = -3
Coefficient of   x^10 * y^2 * z^6         = 4
Coefficient of   x^8 * y^5 * z^5         = 0
Coefficient of   x^6 * y^8 * z^4         = 0
Coefficient of   x^4 * y^11 * z^3         = -3
Coefficient of   x^2 * y^14 * z^2         = 0
Coefficient of   x^1 * z^13               = -4
Coefficient of   y^17 * z^1               = -4

Here is the polynomial we're using this time:

-3*x^21*y^1 + 4*x^10*y^2*z^6 + -3*x^4*y^11*z^3 + -4*x^1*z^13 + -4*y^17*z^1

Allocate M_len = 800 elements.
Allocate G_len 80 elements and old = 40.
Allocate M_len = 1600 elements.
Allocate M_len = 3200 elements.
Allocate G_len 160 elements and old = 80.
Allocate M_len = 6400 elements.
Allocate M_len = 12800 elements.
Allocate G_len 320 elements and old = 160.
The final length of G is 151
[10, 2, 5, 0]  	391	4 
[21, 0, 0, 0]  	399	4  <--- 1
[20, 1, 0, 0]  	403	4 
[4, 11, 3, 0]  	422	3 
[14, 11, 2, 0]  	581	6 
[7, 0, 15, 0]  	598	6 
[11, 0, 13, 0]  	612	5 
[10, 19, 1, 0]  	658	6 
[9, 3, 14, 0]  	674	8 
[9, 20, 2, 0]  	693	6 
[17, 0, 12, 0]  	695	7 
[7, 22, 2, 0]  	701	6 
[9, 6, 13, 0]  	712	8 
[6, 8, 14, 0]  	732	4 
[5, 9, 14, 0]  	736	7 
[8, 8, 13, 0]  	739	5 
[16, 19, 0, 0]  	741	7 
[7, 9, 13, 0]  	743	7 
[9, 9, 12, 0]  	750	7 
[6, 25, 2, 0]  	751	7 
[8, 25, 1, 0]  	758	7 
[10, 25, 0, 0]  	765	7 
[9, 26, 0, 0]  	769	6 
[5, 28, 1, 0]  	770	4 
[6, 7, 16, 0]  	771	5 
[6, 3, 19, 0]  	772	6 
[4, 29, 1, 0]  	774	6 
[19, 18, 0, 0]  	775	7 
[7, 28, 0, 0]  	777	6 
[4, 28, 2, 0]  	782	3 
[3, 29, 2, 0]  	786	5 
[6, 1, 21, 0]  	788	6 
[4, 31, 0, 0]  	789	6 
[6, 0, 22, 0]  	796	6 
[5, 1, 22, 0]  	800	5 
[3, 31, 1, 0]  	801	5 
[3, 0, 24, 0]  	801	4 
[2, 32, 1, 0]  	805	5 
[5, 8, 17, 0]  	806	6 
[4, 1, 23, 0]  	812	5 
[5, 3, 21, 0]  	815	5 
[4, 4, 21, 0]  	819	5 
[2, 18, 12, 0]  	824	4 
[4, 7, 19, 0]  	826	5 
[4, 3, 22, 0]  	827	5 
[3, 4, 22, 0]  	831	4 
[4, 10, 17, 0]  	833	5 
[15, 24, 0, 0]  	837	5 
[3, 11, 17, 0]  	837	5 
[3, 7, 20, 0]  	838	4 
[3, 34, 0, 0]  	839	4 
[3, 3, 23, 0]  	839	4 
[4, 9, 18, 0]  	841	5 
[2, 35, 0, 0]  	843	4 
[3, 10, 18, 0]  	845	4 
[3, 6, 21, 0]  	846	4 
[3, 21, 10, 0]  	850	4 
[3, 9, 19, 0]  	853	4 
[3, 28, 5, 0]  	856	5 
[3, 24, 8, 0]  	857	4 
[3, 20, 11, 0]  	858	4 
[2, 29, 5, 0]  	860	4 
[2, 21, 11, 0]  	862	3 
[3, 27, 6, 0]  	864	4 
[3, 23, 9, 0]  	865	4 
[2, 28, 6, 0]  	868	4 
[2, 24, 9, 0]  	869	3 
[3, 26, 7, 0]  	872	4 
[2, 4, 24, 0]  	874	4 
[2, 0, 27, 0]  	875	4 
[2, 27, 7, 0]  	876	3 
[2, 23, 10, 0]  	877	3 
[2, 7, 22, 0]  	881	3 
[2, 26, 8, 0]  	884	3 
[2, 14, 17, 0]  	887	4 
[2, 10, 20, 0]  	888	3 
[1, 15, 17, 0]  	891	3 
[1, 38, 0, 0]  	893	3 
[2, 13, 18, 0]  	895	3 
[2, 9, 21, 0]  	896	3 
[1, 14, 18, 0]  	899	3 
[1, 10, 21, 0]  	900	2 
[2, 12, 19, 0]  	903	3 
[1, 13, 19, 0]  	907	2 
[1, 32, 5, 0]  	910	3 
[1, 12, 20, 0]  	915	2 
[1, 31, 6, 0]  	918	3 
[1, 27, 9, 0]  	919	2 
[0, 32, 6, 0]  	922	2 
[1, 30, 7, 0]  	926	2 
[1, 18, 16, 0]  	929	3 
[0, 31, 7, 0]  	930	2 
[1, 29, 8, 0]  	934	2 
[0, 30, 8, 0]  	938	1 
[1, 1, 29, 0]  	941	2 
[1, 35, 4, 0]  	948	3 
[1, 0, 30, 0]  	949	2 
[0, 1, 30, 0]  	953	1 
[0, 16, 19, 0]  	957	1 
[0, 35, 5, 0]  	960	2 
[0, 0, 31, 0]  	961	1  <--- 3
[1, 21, 15, 0]  	967	3 
[0, 18, 18, 0]  	972	1 
[1, 4, 28, 0]  	979	2 
[0, 4, 29, 0]  	991	1 
[0, 38, 4, 0]  	998	2 
[0, 21, 17, 0]  	1010	1 
[0, 44, 0, 0]  	1012	2  <--- 2
[1, 7, 27, 0]  	1017	2 
[0, 7, 28, 0]  	1029	1 
[0, 41, 3, 0]  	1036	2 
[0, 24, 16, 0]  	1048	1 
[0, 10, 27, 0]  	1067	1 
[0, 27, 15, 0]  	1086	1 
[0, 13, 26, 0]  	1105	1 
[7, 6, 14, 1]  	705	7 
[16, 17, 1, 1]  	726	6 
[9, 23, 1, 1]  	731	7 
[5, 26, 2, 1]  	755	6 
[12, 23, 0, 1]  	757	7 
[7, 26, 1, 1]  	762	6 
[6, 29, 0, 1]  	781	6 
[3, 14, 13, 1]  	782	6 
[3, 32, 0, 1]  	793	5 
[5, 0, 23, 1]  	808	5 
[3, 17, 12, 1]  	820	5 
[3, 12, 16, 1]  	829	5 
[4, 6, 20, 1]  	834	5 
[1, 24, 12, 1]  	943	3 
[5, 6, 18, 2]  	791	5 
[5, 4, 20, 2]  	807	5 
[2, 15, 16, 2]  	879	4 
[3, 10, 17, 27]  	814	4 
[3, 9, 17, 28]  	791	4 
[3, 7, 19, 28]  	807	3 
[1, 32, 4, 28]  	879	3 
[6, 23, 2, 29]  	705	6 
[6, 9, 13, 29]  	724	3 
[6, 1, 19, 29]  	726	5 
[8, 9, 12, 29]  	731	5 
[3, 7, 17, 29]  	745	3 
[3, 29, 1, 29]  	755	2 
[3, 1, 22, 29]  	762	3 
[2, 31, 1, 29]  	782	5 
[2, 1, 24, 29]  	805	3 
[2, 34, 0, 29]  	820	4 
[2, 29, 4, 29]  	829	2 
[3, 23, 8, 29]  	834	4 
[2, 26, 7, 29]  	853	3 
[1, 18, 15, 29]  	898	3 
[0, 41, 0, 29]  	943	2 
------
The gap is between 3 and 26.
Lengths: 3 3 5 5 3 3.
For 982 = 5*d/2-d1-d2-d3 you get 3 in char 0.
1*x^1*y^23*z^14
1*y^40*z^2
1*y^9*z^25

For 560 = 3*d/2-d1-d2-d3 you get 5 in char 0.
1*x^5*z^15
1*x^3*y^3*z^14
1*x^2*y^20*z^2
1*x^1*y^6*z^13
1*y^23*z^1

For 138 = d/2-d1-d2-d3 you get 3 in char 0.
1*x^4*z^2
1*x^2*y^3*z^1
1*y^6

Extra powers of p used 0.
The invariant extra is equal to 1.
Start computing 11^3 Delta^1 (x1x2x3)^10... Done.
Start computing 11^4 Delta^2 (x1x2x3)^10... Done.
Start computing 11^5 Delta^3 (x1x2x3)^10... Done.
Start computing 11^6 Delta^4 (x1x2x3)^10... Done.
Start computing 11^7 Delta^5 (x1x2x3)^10... Done.
Start computing 11^8 Delta^6 (x1x2x3)^10... Done.
Start computing 11^9 Delta^7 (x1x2x3)^10... Done.
Start computing aa.
1 2 3 4 5 6 7 8 9 10 11 
*/
A = \
[202489925178711422382370369223,1392660666101515883142848800994,1100856783283317642285118831246,1584364060779318366778621634397,1205021457076163044036045324118,1120845614307285341511840513743,1528255714309938126759915639993,62967956950150245921189293130,1202617758104139234664642406219,183379349080760280142793090751,1252967763519138142148209961325;\
158689628007791498791056656669,448126896863096610672036916817,20716576049418164170443285776,391241844441001678454526571474,1016351538913783465694535797266,792371188654632889956629556174,84404428627614057477059528368,122998272512357347913052482094,568730917993611243371143868918,1368761396798566503213303535878,512189993216649833712672892495;\
1240312676966516602102735967748,1546553508127787678132643776755,1232903884196246091056645876930,1430911034709391390215520864052,400986840096369884246979764191,1484598951487532383078299495893,304646510199201995112823345998,1185070495725941610576143810842,1235310320060274275366919819372,9039871075379188705644059901,1301247001519055623567886918028;\
270088183172312494370268167602,1485022592614040903999149708829,1064672086999021910322085513594,1081260390800126705443165709500,127200620709989849179724401406,1572141111250526351438732527556,632494876011176288315997322146,496096481919462528913922771746,198455362627480322342844164651,86491387231768902402770743058,827035389493638921787036921966;\
1241369426542775712661082922189,1424342682096276189614996112630,879525729989238551322681542930,1036531628369366155525920463801,484904836974100459094262722231,124246593400648571568897634266,192398622373102787933652381867,1120076371038235587842596653043,576386877482302956086700153878,884576097068478392200189266425,579320382571574522784005913978;\
643863079369643573574166407385,822103172056396910763172094532,1155676270754156741724305992305,363607006452034247421371240102,1534273168201792127374652173072,371807526370289370309361763031,811182512617720328235251815736,1280573825774980025775227342909,265649874441114533788510288262,1204099452646225190197102005012,865849980742287776703589622512;\
769660958003099444099149574105,752267454578899748264750337624,1013693208292259780873462266224,608364091586539193421284313798,525584705882149000978582896468,126171646960474618989194176930,472113003629724453668880687391,494919999261066852872272056711,516639663539247389378231187336,184415195277334853366962078696,794791697713925290315008838568;\
1473022845913842794337177460085,582098635755293183367351224728,1002037314020642230136674656155,1260407320084551418884419209015,178137870935290695394055238038,1161464815661079687798874611965,369113067826527253654907864492,141517041562453832084308889995,238538474881024020765158120871,703630397833213234587574243422,1226765211329520560175876413037;\
1377264017126721423977069809895,102026972221567822701300084488,596905796745261284074542353640,903258478127321582339657539483,420884635851179321839438211351,1070809192613900343174701354631,922614959977066170924657571441,314203112159782548508355678810,115899181091416592842765542310,1581946762791624880049484008022,784200941256151484807000315287;\
657705572264019136417733757345,913580885099764325118841182600,1195954397912901260866100853203,1478739730027746761699594582937,661244857441937859015504893028,1025389230038049365656366403754,721962821267374957469716970310,1230176361457771703671292374569,1423726098262484408097664809983,1409486589281794697697006003702,656970612851027677194419845803;\
1569956294602273295865932335760,1272170179065496923392312859677,534557779476654060796204326139,1123466534109287966771560247399,662535352287857879843786836326,289434086960410336760894739419,770501901252956362246124196268,1278045432635203333398434453866,773141629960331310710600483409,688455267690147861559598009463,734517214502876406175390516392]
/* 
This should be the matrix of frobenius!
*/ 
B = A; 
/* Freed 165 lists. */
