/* Comments begin... 
Coefficient of   x^21 * y^1               = 3
Coefficient of   x^10 * y^2 * z^6         = 3
Coefficient of   x^8 * y^5 * z^5         = 0
Coefficient of   x^6 * y^8 * z^4         = -1
Coefficient of   x^4 * y^11 * z^3         = 1
Coefficient of   x^2 * y^14 * z^2         = -4
Coefficient of   x^1 * z^13               = 3
Coefficient of   y^17 * z^1               = 4

Here is the polynomial we're using this time:

3*x^21*y^1 + 3*x^10*y^2*z^6 + -1*x^6*y^8*z^4 + 1*x^4*y^11*z^3 + -4*x^2*y^14*z^2 + 3*x^1*z^13 + 4*y^17*z^1

Allocate G_len 20 elements and old = 0.
Allocate M_len = 400 elements.
Allocate G_len 40 elements and old = 20.
Allocate M_len = 800 elements.
Allocate G_len 80 elements and old = 40.
Allocate M_len = 1600 elements.
Allocate M_len = 3200 elements.
Allocate G_len 160 elements and old = 80.
Allocate M_len = 6400 elements.
Allocate M_len = 12800 elements.
Allocate G_len 320 elements and old = 160.
The final length of G is 161
[10, 2, 5, 0]  	391	6 
[21, 0, 0, 0]  	399	6  <--- 1
[20, 1, 0, 0]  	403	6 
[6, 8, 4, 0]  	422	5 
[6, 14, 3, 0]  	529	7 
[5, 0, 15, 0]  	560	6 
[16, 8, 3, 0]  	581	10 
[14, 11, 3, 0]  	612	9 
[11, 0, 14, 0]  	643	10 
[14, 14, 2, 0]  	650	10 
[18, 11, 2, 0]  	657	10 
[9, 3, 14, 0]  	674	9 
[12, 17, 2, 0]  	681	9 
[15, 0, 13, 0]  	688	9 
[10, 19, 2, 0]  	689	9 
[9, 20, 2, 0]  	693	8 
[18, 14, 1, 0]  	695	9 
[7, 6, 14, 0]  	705	8 
[9, 6, 13, 0]  	712	8 
[12, 20, 1, 0]  	719	8 
[16, 17, 1, 0]  	726	8 
[10, 22, 1, 0]  	727	8 
[9, 23, 1, 0]  	731	7 
[5, 25, 2, 0]  	732	7 
[19, 0, 12, 0]  	733	8 
[14, 19, 1, 0]  	734	8 
[5, 9, 14, 0]  	736	7 
[7, 25, 1, 0]  	739	7 
[8, 23, 2, 0]  	743	7 
[6, 26, 1, 0]  	743	7 
[8, 26, 0, 0]  	750	7 
[5, 11, 13, 0]  	751	7 
[4, 12, 13, 0]  	755	6 
[12, 23, 0, 0]  	757	7 
[6, 28, 0, 0]  	758	7 
[5, 29, 0, 0]  	762	6 
[10, 25, 0, 0]  	765	7 
[4, 26, 3, 0]  	767	6 
[5, 28, 1, 0]  	770	6 
[4, 14, 12, 0]  	770	6 
[5, 24, 4, 0]  	771	6 
[14, 22, 0, 0]  	772	7 
[4, 29, 1, 0]  	774	6 
[19, 18, 0, 0]  	775	7 
[18, 19, 0, 0]  	779	7 
[5, 15, 11, 0]  	781	6 
[4, 28, 2, 0]  	782	6 
[3, 14, 13, 0]  	782	6 
[3, 29, 2, 0]  	786	5 
[5, 18, 9, 0]  	788	6 
[4, 31, 0, 0]  	789	6 
[3, 32, 0, 0]  	793	5 
[5, 21, 7, 0]  	795	6 
[5, 17, 10, 0]  	796	6 
[4, 18, 10, 0]  	800	5 
[3, 31, 1, 0]  	801	5 
[3, 0, 24, 0]  	801	5 
[5, 20, 8, 0]  	803	6 
[2, 32, 1, 0]  	805	5 
[17, 21, 0, 0]  	806	6 
[4, 25, 5, 0]  	806	6 
[4, 21, 8, 0]  	807	5 
[4, 17, 11, 0]  	808	5 
[5, 23, 6, 0]  	810	6 
[4, 1, 23, 0]  	812	5 
[4, 24, 6, 0]  	814	5 
[4, 20, 9, 0]  	815	5 
[3, 17, 12, 0]  	820	5 
[2, 18, 12, 0]  	824	4 
[4, 7, 19, 0]  	826	5 
[4, 3, 22, 0]  	827	5 
[3, 12, 16, 0]  	829	5 
[3, 4, 22, 0]  	831	4 
[4, 10, 17, 0]  	833	5 
[4, 6, 20, 0]  	834	5 
[3, 11, 17, 0]  	837	5 
[3, 7, 20, 0]  	838	4 
[3, 3, 23, 0]  	839	4 
[4, 9, 18, 0]  	841	5 
[2, 35, 0, 0]  	843	4 
[3, 10, 18, 0]  	845	4 
[3, 6, 21, 0]  	846	4 
[3, 21, 10, 0]  	850	4 
[3, 9, 19, 0]  	853	4 
[3, 28, 5, 0]  	856	5 
[3, 24, 8, 0]  	857	4 
[3, 20, 11, 0]  	858	4 
[2, 21, 11, 0]  	862	3 
[3, 27, 6, 0]  	864	4 
[3, 23, 9, 0]  	865	4 
[2, 28, 6, 0]  	868	4 
[2, 24, 9, 0]  	869	3 
[3, 26, 7, 0]  	872	4 
[2, 4, 24, 0]  	874	4 
[2, 31, 4, 0]  	875	5 
[2, 27, 7, 0]  	876	3 
[2, 23, 10, 0]  	877	3 
[2, 7, 22, 0]  	881	3 
[2, 26, 8, 0]  	884	3 
[2, 14, 17, 0]  	887	4 
[2, 10, 20, 0]  	888	3 
[1, 38, 0, 0]  	893	3 
[2, 13, 18, 0]  	895	3 
[2, 9, 21, 0]  	896	3 
[2, 1, 27, 0]  	898	4 
[1, 14, 18, 0]  	899	3 
[1, 10, 21, 0]  	900	2 
[2, 12, 19, 0]  	903	3 
[1, 13, 19, 0]  	907	2 
[1, 32, 5, 0]  	910	3 
[1, 12, 20, 0]  	915	2 
[1, 31, 6, 0]  	918	3 
[1, 27, 9, 0]  	919	2 
[0, 32, 6, 0]  	922	2 
[1, 30, 7, 0]  	926	2 
[0, 31, 7, 0]  	930	2 
[1, 29, 8, 0]  	934	2 
[2, 0, 29, 0]  	937	4 
[0, 30, 8, 0]  	938	1 
[1, 1, 29, 0]  	941	2 
[1, 24, 12, 0]  	943	3 
[1, 35, 4, 0]  	948	3 
[1, 0, 30, 0]  	949	2 
[0, 1, 30, 0]  	953	1 
[0, 16, 19, 0]  	957	1 
[0, 35, 5, 0]  	960	2 
[0, 0, 31, 0]  	961	1  <--- 3
[1, 21, 15, 0]  	967	3 
[0, 18, 18, 0]  	972	1 
[1, 4, 28, 0]  	979	2 
[0, 4, 29, 0]  	991	1 
[0, 38, 4, 0]  	998	2 
[0, 21, 17, 0]  	1010	1 
[0, 44, 0, 0]  	1012	2  <--- 2
[1, 7, 27, 0]  	1017	2 
[0, 7, 28, 0]  	1029	1 
[0, 41, 3, 0]  	1036	2 
[0, 24, 16, 0]  	1048	1 
[0, 10, 27, 0]  	1067	1 
[0, 27, 15, 0]  	1086	1 
[0, 13, 26, 0]  	1105	1 
[8, 5, 14, 1]  	701	8 
[8, 22, 2, 1]  	720	8 
[7, 23, 2, 1]  	724	7 
[16, 20, 0, 1]  	764	7 
[4, 4, 21, 1]  	819	5 
[2, 29, 5, 1]  	860	4 
[2, 15, 16, 1]  	879	4 
[1, 15, 17, 1]  	891	3 
[2, 0, 28, 1]  	906	4 
[1, 18, 16, 1]  	929	3 
[4, 11, 14, 2]  	763	6 
[4, 23, 7, 2]  	822	5 
[3, 28, 2, 28]  	763	5 
[3, 9, 18, 28]  	822	4 
[5, 25, 1, 29]  	701	6 
[5, 21, 6, 29]  	764	6 
[4, 24, 5, 29]  	783	5 
[3, 21, 9, 29]  	819	3 
[0, 32, 4, 29]  	860	1 
[0, 4, 28, 29]  	960	1 
------
The gap is between 3 and 27.
Lengths: 3 3 5 5 3 3.
For 982 = 5*d/2-d1-d2-d3 you get 3 in char 0.
1*x^1*y^23*z^14
1*y^40*z^2
1*y^9*z^25

For 560 = 3*d/2-d1-d2-d3 you get 5 in char 0.
1*x^4*y^17*z^3
1*x^3*y^3*z^14
1*x^2*y^20*z^2
1*x^1*y^6*z^13
1*y^23*z^1

For 138 = d/2-d1-d2-d3 you get 3 in char 0.
1*x^4*z^2
1*x^2*y^3*z^1
1*y^6

Extra powers of p used 0.
The invariant extra is equal to 1.
Start computing 11^3 Delta^1 (x1x2x3)^10... Done.
Start computing 11^4 Delta^2 (x1x2x3)^10... Done.
Start computing 11^5 Delta^3 (x1x2x3)^10... Done.
Start computing 11^6 Delta^4 (x1x2x3)^10... Done.
Start computing 11^7 Delta^5 (x1x2x3)^10... Done.
Start computing 11^8 Delta^6 (x1x2x3)^10... Done.
Start computing 11^9 Delta^7 (x1x2x3)^10... Done.
Start computing aa.
1 2 3 4 5 6 7 8 9 10 11 
*/
A = \
[1311088296336238474440204142497,1207728781667852851259098275200,578948956240166574065660642418,863303744802825727883080701773,308654053389344366852118344528,745118930889857291801236390165,399655080381882524534826446824,1148841017207472528333189826591,1438493358779022820814156388662,505179401220524073663764488707,319432119273382119522166255475;\
1266138415983599217972879463857,101229046068219516333873390598,575008511620223148555769650150,1090628053598589325397700170411,40214288263012047800506392293,602573431245000801538835564154,167788533003151556229575945576,1225996522015457981238462104598,110294809986683998838000812578,654857675530009750990843178054,53735463703647989454463393396;\
1154023386009592681332190701265,523091569695258345978244176029,1508354878813455423855480753491,534365716180917529915078452369,936873285602616107215321219445,722503974964864247732076398800,798393047495748052626958586335,802365327319521746305786820218,75715338842284145514172427149,1364958358274508972652692254537,1195512323731089746231742775641;\
1111861880598840948237191756013,1572226726316438113379559922501,69020312301582086778415959918,971668600440224299083498883625,706060031635303378992166787722,1419519494381305783565220011264,825088062486462989355857417790,1315364434902583183777076896577,1121243899195652330958625884382,286363857928924431340171952509,925046162024100852343540448967;\
1149136960662563049468452294215,1178825370250881505044558536252,1248387759722517007943384793813,1583202461173999808654384456287,573243890993279212967180028416,382305729058332793341773305589,1320161851267383622422146567851,1225889273924188296160092275448,287904769255356019669282469111,927218477722009370461467035671,1295335490331823404969398475483;\
888830782732192352035324003026,1435580058494648840166001647256,1197386721515967182800612074562,1254648897970198909184693392365,197724460458054161389587351126,187111066843939535388482147427,1241873751289318604747427499241,1224961932574603228314869075593,1207840303791218981348196388899,73163521138910921368333421881,1071625492298146583848487422117;\
5630504958274624372913182836,1574545559066163480033005788358,553253499197135323473961570422,746528405361273574865098416528,1453844867327260720377861073531,1373892398428536388404882707674,561606891527126260719227111766,867029665368269316017977621001,806972437625645180128107456698,844053856183075558615165128547,1488547322742309804590310208382;\
550697183583606256721879741608,1315251290229187581124478474308,648540669544300897935514520340,626416131346511025759088588200,1142246160333556154119040278437,523089885620792508015094230584,591491519618035642054265127377,1532876409866365773405817311856,1081642048465934025615257755394,291556429093631869390752949398,1441338187452908781315039876247;\
836552976967521966632794386594,1337647153775030775527727539258,269684845601874392278878261884,163008237740693245543933665474,1075635539795382488415891990031,629548275160301000820571996081,370743388784696223899636709291,1371075980776047547647944666005,1305473662230548998396264076791,1117196119563890178869106653581,855086608970286938523781868750;\
1290652549674081059591132638524,1472385307927695629068962481290,1128005103618844184732239737016,1109106020707859354547230858390,1362324395823979725822556333286,563203355695852244135151387086,510949160770586102349356063525,1545373782943954759966338191210,1217918776522430496495861512534,333190673618990353329316823274,1002846901603175825592360022707;\
434141200083100391139065236113,83780014350838405840180603404,1032066094988941458710493390752,1224569805283314109184026633006,552870349737271163410201998851,985840758403820778694173377703,536456019713672494575210560808,1109568426491432329789990831098,635572199742494773850479698640,535378465143787742154957082980,308088489413857889731518377744]
/* 
This should be the matrix of frobenius!
*/ 
B = A; 
/* Freed 166 lists. */
