/* Comments begin... 
Coefficient of   x^21 * y^1               = -1
Coefficient of   x^10 * y^2 * z^6         = 3
Coefficient of   x^8 * y^5 * z^5         = 5
Coefficient of   x^6 * y^8 * z^4         = 1
Coefficient of   x^4 * y^11 * z^3         = 4
Coefficient of   x^2 * y^14 * z^2         = 0
Coefficient of   x^1 * z^13               = 0
Coefficient of   y^17 * z^1               = -5

Here is the polynomial we're using this time:

-1*x^21*y^1 + 3*x^10*y^2*z^6 + 5*x^8*y^5*z^5 + 1*x^6*y^8*z^4 + 4*x^4*y^11*z^3 + -5*y^17*z^1

Allocate G_len 20 elements and old = 0.
Allocate M_len = 400 elements.
Allocate G_len 40 elements and old = 20.
Allocate M_len = 800 elements.
Allocate G_len 80 elements and old = 40.
Not smooth!
Coefficient of   x^21 * y^1               = -4
Coefficient of   x^10 * y^2 * z^6         = 1
Coefficient of   x^8 * y^5 * z^5         = -4
Coefficient of   x^6 * y^8 * z^4         = 5
Coefficient of   x^4 * y^11 * z^3         = 4
Coefficient of   x^2 * y^14 * z^2         = -5
Coefficient of   x^1 * z^13               = 2
Coefficient of   y^17 * z^1               = -5

Here is the polynomial we're using this time:

-4*x^21*y^1 + 1*x^10*y^2*z^6 + -4*x^8*y^5*z^5 + 5*x^6*y^8*z^4 + 4*x^4*y^11*z^3 + -5*x^2*y^14*z^2 + 2*x^1*z^13 + -5*y^17*z^1

Allocate M_len = 1600 elements.
Allocate M_len = 3200 elements.
Allocate G_len 160 elements and old = 80.
Allocate M_len = 6400 elements.
Allocate M_len = 12800 elements.
Allocate G_len 320 elements and old = 160.
The final length of G is 164
[10, 2, 5, 0]  	391	7 
[21, 0, 0, 0]  	399	7  <--- 1
[20, 1, 0, 0]  	403	7 
[8, 5, 5, 0]  	422	6 
[8, 8, 4, 0]  	460	7 
[6, 11, 4, 0]  	491	6 
[6, 14, 3, 0]  	529	7 
[5, 0, 15, 0]  	560	6 
[18, 5, 4, 0]  	581	12 
[14, 11, 3, 0]  	612	11 
[18, 8, 3, 0]  	619	11 
[11, 0, 14, 0]  	643	10 
[14, 14, 2, 0]  	650	10 
[18, 11, 2, 0]  	657	10 
[9, 3, 14, 0]  	674	9 
[12, 17, 2, 0]  	681	9 
[15, 0, 13, 0]  	688	9 
[10, 19, 2, 0]  	689	9 
[9, 20, 2, 0]  	693	8 
[18, 14, 1, 0]  	695	9 
[7, 22, 2, 0]  	701	8 
[7, 6, 14, 0]  	705	8 
[8, 23, 1, 0]  	712	8 
[12, 20, 1, 0]  	719	8 
[7, 8, 13, 0]  	720	8 
[6, 9, 13, 0]  	724	7 
[16, 17, 1, 0]  	726	8 
[10, 22, 1, 0]  	727	8 
[6, 8, 14, 0]  	732	7 
[5, 25, 2, 0]  	732	7 
[19, 0, 12, 0]  	733	8 
[14, 19, 1, 0]  	734	8 
[5, 9, 14, 0]  	736	7 
[7, 25, 1, 0]  	739	7 
[6, 26, 1, 0]  	743	7 
[8, 26, 0, 0]  	750	7 
[5, 11, 13, 0]  	751	7 
[4, 12, 13, 0]  	755	6 
[12, 23, 0, 0]  	757	7 
[6, 28, 0, 0]  	758	7 
[5, 29, 0, 0]  	762	6 
[4, 11, 14, 0]  	763	6 
[10, 25, 0, 0]  	765	7 
[4, 26, 3, 0]  	767	6 
[5, 28, 1, 0]  	770	6 
[4, 14, 12, 0]  	770	6 
[5, 24, 4, 0]  	771	6 
[14, 22, 0, 0]  	772	7 
[4, 29, 1, 0]  	774	6 
[19, 18, 0, 0]  	775	7 
[18, 19, 0, 0]  	779	7 
[5, 15, 11, 0]  	781	6 
[4, 28, 2, 0]  	782	6 
[3, 14, 13, 0]  	782	6 
[3, 29, 2, 0]  	786	5 
[5, 18, 9, 0]  	788	6 
[4, 31, 0, 0]  	789	6 
[3, 32, 0, 0]  	793	5 
[5, 21, 7, 0]  	795	6 
[5, 17, 10, 0]  	796	6 
[4, 18, 10, 0]  	800	5 
[3, 31, 1, 0]  	801	5 
[3, 0, 24, 0]  	801	5 
[5, 20, 8, 0]  	803	6 
[17, 21, 0, 0]  	806	6 
[4, 25, 5, 0]  	806	6 
[4, 17, 11, 0]  	808	5 
[5, 23, 6, 0]  	810	6 
[4, 1, 23, 0]  	812	5 
[4, 24, 6, 0]  	814	5 
[4, 20, 9, 0]  	815	5 
[4, 4, 21, 0]  	819	5 
[3, 17, 12, 0]  	820	5 
[4, 23, 7, 0]  	822	5 
[2, 18, 12, 0]  	824	4 
[4, 7, 19, 0]  	826	5 
[4, 3, 22, 0]  	827	5 
[3, 12, 16, 0]  	829	5 
[4, 10, 17, 0]  	833	5 
[4, 6, 20, 0]  	834	5 
[3, 11, 17, 0]  	837	5 
[3, 7, 20, 0]  	838	4 
[3, 3, 23, 0]  	839	4 
[4, 9, 18, 0]  	841	5 
[2, 35, 0, 0]  	843	4 
[3, 10, 18, 0]  	845	4 
[3, 6, 21, 0]  	846	4 
[3, 21, 10, 0]  	850	4 
[3, 9, 19, 0]  	853	4 
[3, 28, 5, 0]  	856	5 
[3, 24, 8, 0]  	857	4 
[3, 20, 11, 0]  	858	4 
[2, 29, 5, 0]  	860	4 
[2, 21, 11, 0]  	862	3 
[3, 27, 6, 0]  	864	4 
[3, 23, 9, 0]  	865	4 
[2, 28, 6, 0]  	868	4 
[2, 24, 9, 0]  	869	3 
[3, 26, 7, 0]  	872	4 
[2, 31, 4, 0]  	875	5 
[2, 27, 7, 0]  	876	3 
[2, 23, 10, 0]  	877	3 
[2, 7, 22, 0]  	881	3 
[2, 14, 17, 0]  	887	4 
[1, 15, 17, 0]  	891	3 
[1, 38, 0, 0]  	893	3 
[2, 13, 18, 0]  	895	3 
[2, 9, 21, 0]  	896	3 
[1, 14, 18, 0]  	899	3 
[1, 10, 21, 0]  	900	2 
[2, 12, 19, 0]  	903	3 
[2, 0, 28, 0]  	906	4 
[1, 13, 19, 0]  	907	2 
[1, 32, 5, 0]  	910	3 
[1, 12, 20, 0]  	915	2 
[1, 31, 6, 0]  	918	3 
[1, 27, 9, 0]  	919	2 
[0, 32, 6, 0]  	922	2 
[1, 30, 7, 0]  	926	2 
[1, 18, 16, 0]  	929	3 
[0, 31, 7, 0]  	930	2 
[1, 29, 8, 0]  	934	2 
[0, 30, 8, 0]  	938	1 
[1, 1, 29, 0]  	941	2 
[1, 24, 12, 0]  	943	3 
[1, 35, 4, 0]  	948	3 
[1, 0, 30, 0]  	949	2 
[0, 1, 30, 0]  	953	1 
[0, 16, 19, 0]  	957	1 
[0, 35, 5, 0]  	960	2 
[0, 0, 31, 0]  	961	1  <--- 3
[2, 4, 27, 0]  	967	3 
[1, 21, 15, 0]  	967	3 
[0, 18, 18, 0]  	972	1 
[1, 4, 28, 0]  	979	2 
[0, 4, 29, 0]  	991	1 
[0, 38, 4, 0]  	998	2 
[0, 21, 17, 0]  	1010	1 
[0, 44, 0, 0]  	1012	2  <--- 2
[1, 7, 27, 0]  	1017	2 
[0, 7, 28, 0]  	1029	1 
[0, 24, 16, 0]  	1048	1 
[0, 10, 27, 0]  	1067	1 
[0, 27, 15, 0]  	1086	1 
[0, 13, 26, 0]  	1105	1 
[16, 20, 0, 1]  	764	7 
[2, 32, 1, 1]  	805	5 
[4, 21, 8, 1]  	807	5 
[3, 4, 22, 1]  	831	4 
[2, 4, 24, 1]  	874	4 
[2, 26, 8, 1]  	884	3 
[2, 10, 20, 1]  	888	3 
[2, 1, 27, 1]  	898	4 
[0, 41, 3, 1]  	1036	2 
[2, 15, 16, 2]  	879	4 
[1, 32, 4, 28]  	879	3 
[5, 21, 6, 29]  	764	5 
[4, 24, 5, 29]  	783	5 
[1, 18, 12, 29]  	805	3 
[3, 7, 19, 29]  	807	4 
[2, 21, 10, 29]  	831	2 
[1, 12, 19, 29]  	884	1 
[1, 27, 8, 29]  	888	2 
[0, 10, 26, 29]  	1036	1 
------
The gap is between 3 and 27.
Lengths: 3 3 5 5 3 4.
For 982 = 5*d/2-d1-d2-d3 you get 3 in char 0.
1*x^1*y^23*z^14
1*y^40*z^2
1*y^9*z^25

For 560 = 3*d/2-d1-d2-d3 you get 5 in char 0.
1*x^4*y^17*z^3
1*x^3*y^3*z^14
1*x^2*y^20*z^2
1*x^1*y^6*z^13
1*y^23*z^1

For 138 = d/2-d1-d2-d3 you get 3 in char 0.
1*x^4*z^2
1*x^2*y^3*z^1
1*y^6

Extra powers of p used 1.
The invariant extra is equal to 1.
Start computing 11^3 Delta^1 (x1x2x3)^10... Done.
Start computing 11^4 Delta^2 (x1x2x3)^10... Done.
Start computing 11^5 Delta^3 (x1x2x3)^10... Done.
Start computing 11^6 Delta^4 (x1x2x3)^10... Done.
Start computing 11^7 Delta^5 (x1x2x3)^10... Done.
Start computing 11^8 Delta^6 (x1x2x3)^10... Done.
Start computing 11^9 Delta^7 (x1x2x3)^10... Done.
Start computing aa.
1 2 3 4 5 6 7 8 9 10 11 
*/
A = \
[575433769462006720151982568843,114845607288688019634969760742,287925519525139407205730334421,1227767143984588799509120623167,273844386590629345518119793316,801430407608271156682221883870,549341055448959966296216443639,1343887662146803968375865348577,1567196143800626258591280988445,147223554064115222084963185614,1037410749330733009677836222755;\
1563468601097526440293043717839,1115909946682890116010481235241,583894724791495222758373629620,1414927491352516106265455570305,1455657174960870919071053154993,494397057796564417300964625181,714831725966362119158516777436,652863869901524836565816733488,801052015368272495368237885804,1221566053230467394101172571633,120108068931838882235160806393;\
713120825855507442835042555593,609719727289905722352953938495,1010111112661297566502102126289,121139879514084082303907291498,144757550304877992176709275052,46285904892499225407688458928,1464774847731829222079824557290,452401379927579193657442668739,232296257361193452557185215270,161592280492826764423721880034,994056586473501211459393740772;\
100015088827960462454693002929,747163289148888603035440951745,1127554578448865680087667742970,87613965687607974283067434486,299314268497289636830488413439,179717525671366643145133784,84016187616144314702425582218,1312006498543499603763008104564,354113235142108470120354048105,956040107042497636496425047289,1549395952939030273253180285457;\
860716283400976962514919057740,751170456620979918289595421618,1474899118338245392089949559718,827369776554784526634392020001,1485869622055518576956783467357,637078413527129689454528490543,427878013083199328270972080048,1106316907904147429775511147427,337908879316624042973234168337,1067270369944840761175775016476,1575525986266488442680959868370;\
759081157129573289941696664452,713468152102854266095667346582,1237633447649037190795638546631,257916911511431876191958148272,974606947579563790608973027798,947934852151996661654562288857,1436972485324690163029328288349,1219896023448708454413317405202,1451819147131635087827325709515,806023343537012605301508121779,143066665799051422550536957675;\
83113289147728464631177660746,421131365372333493845560110766,1323513538089137257734557049710,1539323714761306592727569158264,222078467223110761247250173083,1119617322112043535117114000124,1480055002822912850878645080100,55124196713024870405086979559,1145892940026410134936685442816,1486678790971104151984756890367,661427993377821244730986427036;\
1245070936876920614715977974839,1201924620577036140188451109438,1213139642157420327085641578264,1187118377555501657624432939964,598988414400562247443032181157,1264548823499542098011474259521,956497543573256449718642579165,860783511239863507803539142924,1229301112173009693182892511996,455701414094325032996679851105,644183029220991320024087888138;\
245884413450053993236316925714,861844034204321185211944656852,1271577199872408892468695851777,351519278134046007933253073405,146327122738177393536281701273,974200330678876141933213021626,346425553307351848768046175699,1554968434656021103745718665127,142002826468974987642362464734,402666661873544352769553439118,1304101434719421429357811178667;\
262336547134185059210125978190,304006915027380860361127692219,1551152772513857425544962463798,369356327151642249783810099786,367633953487025278184766643184,1099692442739173407056988432674,842097297073296589156622416549,475683499408751532279982851437,989213687160380764595983965638,159270215690637129908110542030,439801533186116510359227101022;\
1469210623443481391659496358432,1259482392923017657907647211609,1017573693565938598014181847268,661147662477739912140329530966,525025319173782510082213240180,1007407902853639986974511448619,107438864102359887729611074029,411426326662528970369421694212,1337718495632029048809488927171,524986677224798056397950015965,1501415354001001577755478419690]
/* 
This matrix times 11^(-1) should be the matrix of frobenius.
*/ 
B = 11^(-1) * A; 
/* Freed 167 lists. */
