/* Comments begin... 
Coefficient of   x^21 * y^1               = 5
Coefficient of   x^10 * y^2 * z^6         = 2
Coefficient of   x^8 * y^5 * z^5         = -2
Coefficient of   x^6 * y^8 * z^4         = 5
Coefficient of   x^4 * y^11 * z^3         = 1
Coefficient of   x^2 * y^14 * z^2         = 4
Coefficient of   x^1 * z^13               = 3
Coefficient of   y^17 * z^1               = 4

Here is the polynomial we're using this time:

5*x^21*y^1 + 2*x^10*y^2*z^6 + -2*x^8*y^5*z^5 + 5*x^6*y^8*z^4 + 1*x^4*y^11*z^3 + 4*x^2*y^14*z^2 + 3*x^1*z^13 + 4*y^17*z^1

Allocate G_len 20 elements and old = 0.
Allocate M_len = 400 elements.
Allocate G_len 40 elements and old = 20.
Allocate M_len = 800 elements.
Allocate G_len 80 elements and old = 40.
Allocate M_len = 1600 elements.
Allocate M_len = 3200 elements.
Allocate G_len 160 elements and old = 80.
Allocate M_len = 6400 elements.
Allocate M_len = 12800 elements.
Allocate G_len 320 elements and old = 160.
The final length of G is 172
[10, 2, 5, 0]  	391	7 
[21, 0, 0, 0]  	399	7  <--- 1
[20, 1, 0, 0]  	403	7 
[8, 5, 5, 0]  	422	6 
[8, 8, 4, 0]  	460	7 
[6, 11, 4, 0]  	491	6 
[5, 0, 15, 0]  	560	6 
[18, 5, 4, 0]  	581	12 
[14, 11, 3, 0]  	612	11 
[18, 8, 3, 0]  	619	11 
[12, 14, 3, 0]  	643	10 
[11, 0, 14, 0]  	643	10 
[18, 11, 2, 0]  	657	10 
[10, 17, 3, 0]  	674	9 
[9, 3, 14, 0]  	674	9 
[12, 17, 2, 0]  	681	9 
[16, 14, 2, 0]  	688	9 
[15, 0, 13, 0]  	688	9 
[18, 14, 1, 0]  	695	9 
[7, 22, 2, 0]  	701	8 
[8, 20, 3, 0]  	705	8 
[7, 6, 14, 0]  	705	8 
[10, 20, 2, 0]  	712	8 
[8, 23, 1, 0]  	712	8 
[12, 20, 1, 0]  	719	8 
[7, 8, 13, 0]  	720	8 
[6, 9, 13, 0]  	724	7 
[16, 17, 1, 0]  	726	8 
[10, 22, 1, 0]  	727	8 
[6, 8, 14, 0]  	732	7 
[5, 25, 2, 0]  	732	7 
[19, 0, 12, 0]  	733	8 
[14, 19, 1, 0]  	734	8 
[6, 23, 3, 0]  	736	7 
[5, 9, 14, 0]  	736	7 
[7, 25, 1, 0]  	739	7 
[6, 26, 1, 0]  	743	7 
[8, 26, 0, 0]  	750	7 
[5, 11, 13, 0]  	751	7 
[4, 12, 13, 0]  	755	6 
[12, 23, 0, 0]  	757	7 
[6, 28, 0, 0]  	758	7 
[5, 29, 0, 0]  	762	6 
[4, 11, 14, 0]  	763	6 
[10, 25, 0, 0]  	765	7 
[4, 26, 3, 0]  	767	6 
[5, 28, 1, 0]  	770	6 
[4, 14, 12, 0]  	770	6 
[5, 24, 4, 0]  	771	6 
[14, 22, 0, 0]  	772	7 
[4, 29, 1, 0]  	774	6 
[19, 18, 0, 0]  	775	7 
[18, 19, 0, 0]  	779	7 
[5, 15, 11, 0]  	781	6 
[4, 28, 2, 0]  	782	7 
[3, 29, 2, 0]  	786	5 
[5, 18, 9, 0]  	788	6 
[4, 31, 0, 0]  	789	6 
[3, 32, 0, 0]  	793	5 
[5, 21, 7, 0]  	795	6 
[5, 17, 10, 0]  	796	6 
[4, 18, 10, 0]  	800	5 
[3, 31, 1, 0]  	801	5 
[3, 0, 24, 0]  	801	5 
[5, 20, 8, 0]  	803	6 
[3, 15, 13, 0]  	805	5 
[2, 32, 1, 0]  	805	5 
[17, 21, 0, 0]  	806	6 
[4, 25, 5, 0]  	806	6 
[4, 21, 8, 0]  	807	5 
[4, 17, 11, 0]  	808	5 
[5, 23, 6, 0]  	810	6 
[4, 1, 23, 0]  	812	5 
[4, 24, 6, 0]  	814	5 
[4, 4, 21, 0]  	819	5 
[3, 17, 12, 0]  	820	5 
[4, 23, 7, 0]  	822	5 
[2, 18, 12, 0]  	824	4 
[4, 7, 19, 0]  	826	5 
[4, 3, 22, 0]  	827	5 
[3, 12, 16, 0]  	829	5 
[3, 4, 22, 0]  	831	4 
[4, 10, 17, 0]  	833	5 
[4, 6, 20, 0]  	834	5 
[3, 11, 17, 0]  	837	5 
[3, 7, 20, 0]  	838	4 
[3, 3, 23, 0]  	839	4 
[4, 9, 18, 0]  	841	5 
[2, 35, 0, 0]  	843	4 
[3, 10, 18, 0]  	845	4 
[3, 6, 21, 0]  	846	4 
[3, 21, 10, 0]  	850	4 
[3, 9, 19, 0]  	853	4 
[3, 28, 5, 0]  	856	5 
[3, 20, 11, 0]  	858	4 
[2, 29, 5, 0]  	860	4 
[2, 21, 11, 0]  	862	3 
[3, 27, 6, 0]  	864	4 
[3, 23, 9, 0]  	865	4 
[2, 28, 6, 0]  	868	4 
[2, 24, 9, 0]  	869	3 
[3, 26, 7, 0]  	872	4 
[2, 4, 24, 0]  	874	4 
[2, 31, 4, 0]  	875	5 
[2, 27, 7, 0]  	876	3 
[2, 23, 10, 0]  	877	3 
[2, 15, 16, 0]  	879	4 
[2, 7, 22, 0]  	881	3 
[2, 26, 8, 0]  	884	3 
[2, 14, 17, 0]  	887	4 
[2, 10, 20, 0]  	888	3 
[1, 15, 17, 0]  	891	3 
[1, 38, 0, 0]  	893	3 
[2, 13, 18, 0]  	895	3 
[2, 9, 21, 0]  	896	3 
[2, 1, 27, 0]  	898	4 
[1, 14, 18, 0]  	899	3 
[1, 10, 21, 0]  	900	2 
[2, 12, 19, 0]  	903	3 
[2, 0, 28, 0]  	906	4 
[1, 13, 19, 0]  	907	2 
[1, 32, 5, 0]  	910	3 
[1, 12, 20, 0]  	915	2 
[1, 31, 6, 0]  	918	3 
[1, 27, 9, 0]  	919	2 
[0, 32, 6, 0]  	922	2 
[1, 30, 7, 0]  	926	2 
[1, 18, 16, 0]  	929	3 
[1, 29, 8, 0]  	934	2 
[0, 30, 8, 0]  	938	1 
[1, 1, 29, 0]  	941	2 
[1, 24, 12, 0]  	943	3 
[1, 35, 4, 0]  	948	3 
[1, 0, 30, 0]  	949	2 
[0, 1, 30, 0]  	953	1 
[0, 16, 19, 0]  	957	1 
[0, 35, 5, 0]  	960	2 
[0, 0, 31, 0]  	961	1  <--- 3
[1, 21, 15, 0]  	967	3 
[0, 18, 18, 0]  	972	1 
[1, 4, 28, 0]  	979	2 
[0, 4, 29, 0]  	991	1 
[0, 38, 4, 0]  	998	2 
[0, 21, 17, 0]  	1010	1 
[0, 44, 0, 0]  	1012	2  <--- 2
[1, 7, 27, 0]  	1017	2 
[0, 7, 28, 0]  	1029	1 
[0, 41, 3, 0]  	1036	2 
[0, 24, 16, 0]  	1048	1 
[0, 10, 27, 0]  	1067	1 
[0, 27, 15, 0]  	1086	1 
[0, 13, 26, 0]  	1105	1 
[6, 14, 3, 1]  	529	7 
[14, 14, 2, 1]  	650	10 
[10, 19, 2, 1]  	689	9 
[9, 20, 2, 1]  	693	8 
[16, 20, 0, 1]  	764	7 
[3, 14, 13, 1]  	782	6 
[4, 20, 9, 1]  	815	5 
[3, 24, 8, 1]  	857	4 
[0, 31, 7, 1]  	930	2 
[5, 0, 14, 29]  	529	5 
[13, 0, 13, 29]  	650	8 
[7, 22, 1, 29]  	670	7 
[12, 19, 1, 29]  	696	7 
[6, 8, 13, 29]  	701	7 
[5, 21, 6, 29]  	764	6 
[2, 31, 1, 29]  	782	4 
[4, 24, 5, 29]  	783	5 
[3, 6, 20, 29]  	815	4 
[2, 10, 19, 29]  	857	3 
[0, 0, 30, 29]  	930	1 
------
The gap is between 2 and 28.
Lengths: 3 3 5 5 3 3.
For 982 = 5*d/2-d1-d2-d3 you get 3 in char 0.
1*x^1*y^23*z^14
1*y^40*z^2
1*y^9*z^25

For 560 = 3*d/2-d1-d2-d3 you get 5 in char 0.
1*x^4*y^17*z^3
1*x^3*y^3*z^14
1*x^2*y^20*z^2
1*x^1*y^6*z^13
1*y^23*z^1

For 138 = d/2-d1-d2-d3 you get 3 in char 0.
1*x^4*z^2
1*x^2*y^3*z^1
1*y^6

Extra powers of p used 0.
The invariant extra is equal to 1.
Start computing 11^3 Delta^1 (x1x2x3)^10... Done.
Start computing 11^4 Delta^2 (x1x2x3)^10... Done.
Start computing 11^5 Delta^3 (x1x2x3)^10... Done.
Start computing 11^6 Delta^4 (x1x2x3)^10... Done.
Start computing 11^7 Delta^5 (x1x2x3)^10... Done.
Start computing 11^8 Delta^6 (x1x2x3)^10... Done.
Start computing 11^9 Delta^7 (x1x2x3)^10... Done.
Start computing aa.
1 2 3 4 5 6 7 8 9 10 11 
*/
A = \
[1091427399312439192345930699244,106064345540877604167529692970,1163017718840433276905998179916,770911752792230299484686653850,1252908178347534609479852516672,960313057993733857112052611346,1168746092709171575341682491695,1069921924543852899203325291805,1397082152392170245561245393268,919015105005096920601631013812,1576996622049992109381935055437;\
1398538530236102677288567508130,1457423926492978791419819389246,224591649851512480657702930701,729733013392734326324970393300,793742856104903634628401795114,220425238145505224984600996339,872700560424360012867712998929,679739067028945455859531350993,15426628342679573408536668752,1490938916889157535098480664769,742124611904317069213978663647;\
1495466429920863908255201854802,928160296528694752830231140639,471366160113540986700367211893,1178009759974592010029228534694,1342940988424640561256998626665,613406656697351983181774880525,370247538710192356341688122112,151328875253635135090288762530,1382490271789875371801986780615,665235066238067707481748210408,843195771564749572066758210198;\
1327562942909833528793667305355,945230044805987593745476262414,65785260182947425748442214720,345634462991745211732507150432,870388263634252610443053591899,818015782397651504479089134737,549138178207110142470984611436,1469955375719476092134689242549,1100311587872231243994028249134,1175648905477876144591919952518,664425598647415061418495794733;\
135298065204127753405205797141,355407562318672674891846183421,792116474091640920660024000250,1491967371327446649193396131920,116291947325747735669465122378,620109183220472109477387369988,60791928893835213426423972032,1130773639581196897639325559895,479712431960926556330767058582,683814976524795108132531716940,1499170272531283465425678959516;\
34489491785123840785102006980,873230402640344199721836550275,1581490273939771152657176979117,876126392622934038697433724402,553546132194517689626675244056,805117995239305898243283014165,230727915686793883487336162494,1243010819682872320622260096301,1537932458019124928101578914699,1448360077335119007334224014934,1049519016516543400047234397889;\
1081737086428656979450453181257,1501180472549640338205436680660,1546473415770914684630411653227,716674680478150305627171382344,1511144729900310857570701163945,692378090678358887099324410735,1205666320093213972964586871288,10731806623332907300419306097,839222768339107807079935664066,908857128900608956115709436709,855921748193516432447555644702;\
769517979109847140590660724821,1263488418231849370107942260597,1324397567676098722463175147373,1248853232393280253212188162161,1457972870643058062266649724862,570125652109014148350017853104,1263681246505298477825198978000,438584306141941363186960784717,1191790409373284992561026262944,255706496171190505802378156095,92648170651293964872713631919;\
778080992950865178756485617622,851596176367745497904483530628,252287473754855017679005432980,116704815547234046931948586536,420208658692901480272324192024,1292284040533013004422085910858,150360470137825749308490459641,1431006055028716399915205803521,489886787616294553954531676185,1143693249030787318757546008774,808305204958857230150110869427;\
1540657946363856868687669204858,1543743128379320967650740947039,1127003572298567846767150624382,883781589976954694157829487791,96363166169257392765622531907,267163023262147831409743273792,1285521975005726832675565673937,370793625131408136360165075338,1484246720668365378570155458533,924237314691908504479796910350,643214341808824795468783189602;\
156448868081960497685972511537,715408748715359608342708682681,681317619187300096126528488457,1392029521195788635779348019609,660623911719876708831663367305,702123528435788074687060295284,1177882357192493708277765822183,1050477923887916100885232663992,155709398473734666767077103914,501880068709808158317213354385,424770444069596773592339718196]
/* 
This should be the matrix of frobenius!
*/ 
B = A; 
/* Freed 167 lists. */
