/* Comments begin... 
Coefficient of   x^21 * y^1               = -4
Coefficient of   x^10 * y^2 * z^6         = -2
Coefficient of   x^8 * y^5 * z^5         = -1
Coefficient of   x^6 * y^8 * z^4         = 1
Coefficient of   x^4 * y^11 * z^3         = -2
Coefficient of   x^2 * y^14 * z^2         = 3
Coefficient of   x^1 * z^13               = -2
Coefficient of   y^17 * z^1               = 2

Here is the polynomial we're using this time:

-4*x^21*y^1 + -2*x^10*y^2*z^6 + -1*x^8*y^5*z^5 + 1*x^6*y^8*z^4 + -2*x^4*y^11*z^3 + 3*x^2*y^14*z^2 + -2*x^1*z^13 + 2*y^17*z^1

Allocate G_len 20 elements and old = 0.
Allocate M_len = 400 elements.
Allocate G_len 40 elements and old = 20.
Allocate M_len = 800 elements.
Allocate G_len 80 elements and old = 40.
Allocate M_len = 1600 elements.
Allocate M_len = 3200 elements.
Allocate G_len 160 elements and old = 80.
Allocate M_len = 6400 elements.
Allocate M_len = 12800 elements.
Allocate G_len 320 elements and old = 160.
The final length of G is 164
[10, 2, 5, 0]  	391	7 
[21, 0, 0, 0]  	399	7  <--- 1
[20, 1, 0, 0]  	403	7 
[8, 5, 5, 0]  	422	6 
[8, 8, 4, 0]  	460	7 
[6, 11, 4, 0]  	491	6 
[6, 14, 3, 0]  	529	7 
[5, 0, 15, 0]  	560	6 
[18, 5, 4, 0]  	581	12 
[14, 11, 3, 0]  	612	11 
[18, 8, 3, 0]  	619	11 
[14, 14, 2, 0]  	650	10 
[18, 11, 2, 0]  	657	10 
[9, 3, 14, 0]  	674	9 
[13, 0, 14, 0]  	681	9 
[12, 17, 2, 0]  	681	9 
[15, 0, 13, 0]  	688	9 
[10, 19, 2, 0]  	689	9 
[9, 20, 2, 0]  	693	8 
[18, 14, 1, 0]  	695	9 
[7, 22, 2, 0]  	701	8 
[7, 6, 14, 0]  	705	8 
[8, 23, 1, 0]  	712	8 
[12, 20, 1, 0]  	719	8 
[6, 9, 13, 0]  	724	7 
[16, 17, 1, 0]  	726	8 
[10, 22, 1, 0]  	727	8 
[6, 8, 14, 0]  	732	7 
[5, 25, 2, 0]  	732	7 
[19, 0, 12, 0]  	733	8 
[14, 19, 1, 0]  	734	8 
[5, 9, 14, 0]  	736	7 
[7, 25, 1, 0]  	739	7 
[6, 26, 1, 0]  	743	7 
[8, 26, 0, 0]  	750	7 
[5, 11, 13, 0]  	751	7 
[4, 12, 13, 0]  	755	6 
[12, 23, 0, 0]  	757	7 
[6, 28, 0, 0]  	758	7 
[4, 11, 14, 0]  	763	6 
[10, 25, 0, 0]  	765	7 
[4, 26, 3, 0]  	767	6 
[5, 28, 1, 0]  	770	6 
[4, 14, 12, 0]  	770	6 
[5, 24, 4, 0]  	771	6 
[14, 22, 0, 0]  	772	7 
[4, 29, 1, 0]  	774	6 
[19, 18, 0, 0]  	775	7 
[18, 19, 0, 0]  	779	7 
[5, 15, 11, 0]  	781	6 
[4, 28, 2, 0]  	782	6 
[3, 14, 13, 0]  	782	6 
[3, 29, 2, 0]  	786	5 
[5, 18, 9, 0]  	788	6 
[4, 31, 0, 0]  	789	6 
[3, 32, 0, 0]  	793	5 
[5, 21, 7, 0]  	795	6 
[5, 17, 10, 0]  	796	6 
[4, 18, 10, 0]  	800	5 
[3, 31, 1, 0]  	801	5 
[3, 0, 24, 0]  	801	5 
[5, 20, 8, 0]  	803	6 
[2, 32, 1, 0]  	805	5 
[17, 21, 0, 0]  	806	6 
[4, 25, 5, 0]  	806	6 
[4, 21, 8, 0]  	807	5 
[4, 17, 11, 0]  	808	5 
[5, 23, 6, 0]  	810	6 
[4, 1, 23, 0]  	812	5 
[4, 24, 6, 0]  	814	5 
[4, 20, 9, 0]  	815	5 
[4, 4, 21, 0]  	819	5 
[3, 17, 12, 0]  	820	5 
[4, 23, 7, 0]  	822	5 
[2, 18, 12, 0]  	824	4 
[4, 7, 19, 0]  	826	5 
[4, 3, 22, 0]  	827	5 
[3, 12, 16, 0]  	829	5 
[3, 4, 22, 0]  	831	4 
[4, 10, 17, 0]  	833	5 
[4, 6, 20, 0]  	834	5 
[3, 11, 17, 0]  	837	5 
[3, 7, 20, 0]  	838	4 
[3, 3, 23, 0]  	839	4 
[4, 9, 18, 0]  	841	5 
[3, 10, 18, 0]  	845	4 
[3, 6, 21, 0]  	846	4 
[3, 21, 10, 0]  	850	4 
[3, 9, 19, 0]  	853	4 
[3, 28, 5, 0]  	856	5 
[3, 24, 8, 0]  	857	4 
[2, 29, 5, 0]  	860	4 
[2, 21, 11, 0]  	862	3 
[3, 27, 6, 0]  	864	4 
[3, 23, 9, 0]  	865	4 
[2, 28, 6, 0]  	868	4 
[2, 24, 9, 0]  	869	3 
[3, 26, 7, 0]  	872	4 
[2, 4, 24, 0]  	874	4 
[2, 31, 4, 0]  	875	5 
[2, 27, 7, 0]  	876	3 
[2, 23, 10, 0]  	877	3 
[2, 7, 22, 0]  	881	3 
[2, 26, 8, 0]  	884	3 
[2, 14, 17, 0]  	887	4 
[2, 10, 20, 0]  	888	3 
[1, 15, 17, 0]  	891	3 
[1, 38, 0, 0]  	893	3 
[2, 13, 18, 0]  	895	3 
[2, 9, 21, 0]  	896	3 
[2, 1, 27, 0]  	898	4 
[1, 14, 18, 0]  	899	3 
[1, 10, 21, 0]  	900	2 
[2, 12, 19, 0]  	903	3 
[2, 0, 28, 0]  	906	4 
[1, 13, 19, 0]  	907	2 
[1, 32, 5, 0]  	910	3 
[1, 12, 20, 0]  	915	2 
[1, 31, 6, 0]  	918	3 
[1, 27, 9, 0]  	919	2 
[0, 32, 6, 0]  	922	2 
[1, 30, 7, 0]  	926	2 
[1, 18, 16, 0]  	929	3 
[0, 31, 7, 0]  	930	2 
[1, 29, 8, 0]  	934	2 
[0, 30, 8, 0]  	938	1 
[1, 1, 29, 0]  	941	2 
[1, 24, 12, 0]  	943	3 
[1, 35, 4, 0]  	948	3 
[1, 0, 30, 0]  	949	2 
[0, 1, 30, 0]  	953	1 
[0, 16, 19, 0]  	957	1 
[0, 0, 31, 0]  	961	1  <--- 3
[1, 21, 15, 0]  	967	3 
[0, 18, 18, 0]  	972	1 
[1, 4, 28, 0]  	979	2 
[0, 4, 29, 0]  	991	1 
[0, 38, 4, 0]  	998	2 
[0, 21, 17, 0]  	1010	1 
[0, 44, 0, 0]  	1012	2  <--- 2
[1, 7, 27, 0]  	1017	2 
[0, 7, 28, 0]  	1029	1 
[0, 41, 3, 0]  	1036	2 
[0, 24, 16, 0]  	1048	1 
[0, 10, 27, 0]  	1067	1 
[0, 27, 15, 0]  	1086	1 
[0, 13, 26, 0]  	1105	1 
[11, 0, 14, 1]  	643	10 
[7, 8, 13, 1]  	720	8 
[5, 29, 0, 1]  	762	6 
[16, 20, 0, 1]  	764	7 
[2, 35, 0, 1]  	843	4 
[3, 20, 11, 1]  	858	4 
[2, 15, 16, 1]  	879	4 
[0, 35, 5, 1]  	960	2 
[10, 17, 2, 29]  	643	9 
[6, 25, 1, 29]  	720	7 
[4, 15, 11, 29]  	762	5 
[5, 21, 6, 29]  	764	6 
[4, 24, 5, 29]  	783	4 
[2, 4, 23, 29]  	843	3 
[2, 6, 22, 29]  	858	3 
[1, 32, 4, 29]  	879	3 
[0, 4, 28, 29]  	960	1 
------
The gap is between 2 and 28.
Lengths: 3 3 5 5 3 3.
For 982 = 5*d/2-d1-d2-d3 you get 3 in char 0.
1*x^1*y^23*z^14
1*y^40*z^2
1*y^9*z^25

For 560 = 3*d/2-d1-d2-d3 you get 5 in char 0.
1*x^4*y^17*z^3
1*x^3*y^3*z^14
1*x^2*y^20*z^2
1*x^1*y^6*z^13
1*y^23*z^1

For 138 = d/2-d1-d2-d3 you get 3 in char 0.
1*x^4*z^2
1*x^2*y^3*z^1
1*y^6

Extra powers of p used 0.
The invariant extra is equal to 1.
Start computing 11^3 Delta^1 (x1x2x3)^10... Done.
Start computing 11^4 Delta^2 (x1x2x3)^10... Done.
Start computing 11^5 Delta^3 (x1x2x3)^10... Done.
Start computing 11^6 Delta^4 (x1x2x3)^10... Done.
Start computing 11^7 Delta^5 (x1x2x3)^10... Done.
Start computing 11^8 Delta^6 (x1x2x3)^10... Done.
Start computing 11^9 Delta^7 (x1x2x3)^10... Done.
Start computing aa.
1 2 3 4 5 6 7 8 9 10 11 
*/
A = \
[1207969523805224599025719186244,1492591634139277446180493099414,904483678383392394932880626249,729625419159427502901710166140,1326561552938663831696006709004,1405937089750733599381915653126,614660100867528669578178992592,128856015329691408467080674797,1109741855719210443078735247895,804557814328552228623382944878,935587143273519284775736765201;\
507900695376774544818097248821,844874478265379071692776249803,1549610829372500457815258375807,330851871013475935036883205698,1500796790448108879555361533485,1350632193712401093283189396227,889022982096999869348518191067,570502379895330572390924208832,724074735975815480892507057593,1577108573421594967043966718031,1236175191296631068498605716159;\
1276107416282831765906077658380,483077444146202128957665638394,542994608422975046437876412681,550883287553170583537638042469,814981197346223044007324340425,1412926189522672814347955273908,448998339043173957416031085037,969298562570909274993672409521,400583977847052114750692938815,1133533569425300521424884808420,1177160326851991189420168615027;\
457898921673852457267995967379,978318157196526915540407411370,655694621474367869474633367815,199425981783275645326907544709,187088258001264295924438367892,619591085221230718091648459296,1414792278550113582212770535298,1117589942179834118664727302882,1392795246162895315710706580085,1141843704843308235302661929021,345557350331608625453284548804;\
1569060832674596555352249979787,804014582482239159318026592105,889598556729563815631926763805,1406641535246588794110800512802,1148650434333029173936357116028,351643620903454154423267470362,433770009100625823421769395741,690396743334107819229150397181,771310592675371335102152273615,432062695608115365986992712495,949771909592505587414903738354;\
1342275704895140927132885427812,1538071603239389726947131592798,784467367688536909473339476440,689729880321178098199981663249,788779238120252765479572916866,93698128662972521671829586642,287342777250874391355221105435,1213548808681362721036070623516,620689886119263697717833201393,770027885399898520529148796826,1301938326677629462353002255257;\
514861834555825302743181270890,1583039909646730963896870267657,736268101344806683101743468595,797333100697454770820163370006,1447590200821682402466854418667,517905393749521509606222978157,896735034833587744765131114998,693952286843748606782990278452,1252741643799207660816251348650,547317170301300117381399871035,1580952638654113037393679853232;\
1191687548886194456186086868530,153701312478060841262833828777,1208339542651749044192906670326,1495817990642207116251612764068,312008608846381277593619727871,316954929724359462093381339549,1333982058529310882917914878453,363286442200280739000237884815,366128530369497297545129890684,1241813791974567617739242717947,1446109774858393189310830933154;\
1411385506628396554873128568884,1437803231610088289641823998883,59933262703106108768254112403,1507198803421377249794970163453,288567092281696900673361402460,184583055125404504479096839598,1265865693463381798774809442675,621008247402504005819849493078,667362188385952415191958890383,788690165339762802545462719785,29678444074137816606784679940;\
1159841989109714804533139839502,1032996969192115889808290549027,1165358224804291198892905658971,634976933242997218544374141845,882771242607209534490366160387,1515774679891911573734130888973,1393151045541884520599549648389,1539802772085035899706720386635,1516858840638307275730633466916,22055712196506476637543088420,416095483906704941435309051916;\
1526749984980781392351064537538,238878125636415175084269857895,1150367326793661563611322034444,315485349282548605967290532796,1490553450121608076432354603686,450961915034834149406378636718,1518773575192849176408499568441,322537474913806484892966404889,1116591112787484572562280496155,1497934957011785265687784026319,107217681319583528697628318364]
/* 
This should be the matrix of frobenius!
*/ 
B = A; 
/* Freed 166 lists. */
