/* Comments begin... 
Coefficient of   x^21 * y^1               = 5
Coefficient of   x^10 * y^2 * z^6         = -1
Coefficient of   x^8 * y^5 * z^5         = 0
Coefficient of   x^6 * y^8 * z^4         = -4
Coefficient of   x^4 * y^11 * z^3         = -4
Coefficient of   x^2 * y^14 * z^2         = -1
Coefficient of   x^1 * z^13               = -5
Coefficient of   y^17 * z^1               = 0

Here is the polynomial we're using this time:

5*x^21*y^1 + -1*x^10*y^2*z^6 + -4*x^6*y^8*z^4 + -4*x^4*y^11*z^3 + -1*x^2*y^14*z^2 + -5*x^1*z^13

Allocate G_len 20 elements and old = 0.
Allocate M_len = 400 elements.
Allocate G_len 40 elements and old = 20.
Allocate M_len = 800 elements.
Allocate G_len 80 elements and old = 40.
Allocate M_len = 1600 elements.
Allocate M_len = 3200 elements.
Allocate G_len 160 elements and old = 80.
Allocate M_len = 6400 elements.
Not smooth!
Coefficient of   x^21 * y^1               = -2
Coefficient of   x^10 * y^2 * z^6         = 5
Coefficient of   x^8 * y^5 * z^5         = 2
Coefficient of   x^6 * y^8 * z^4         = -3
Coefficient of   x^4 * y^11 * z^3         = 2
Coefficient of   x^2 * y^14 * z^2         = 0
Coefficient of   x^1 * z^13               = 2
Coefficient of   y^17 * z^1               = -4

Here is the polynomial we're using this time:

-2*x^21*y^1 + 5*x^10*y^2*z^6 + 2*x^8*y^5*z^5 + -3*x^6*y^8*z^4 + 2*x^4*y^11*z^3 + 2*x^1*z^13 + -4*y^17*z^1

Allocate M_len = 12800 elements.
Allocate G_len 320 elements and old = 160.
Allocate M_len = 25600 elements.
The final length of G is 183
[10, 2, 5, 0]  	391	6 
[21, 0, 0, 0]  	399	6  <--- 1
[20, 1, 0, 0]  	403	6 
[8, 5, 5, 0]  	422	5 
[8, 8, 4, 0]  	460	7 
[6, 14, 3, 0]  	529	7 
[18, 5, 4, 0]  	581	10 
[7, 0, 15, 0]  	598	7 
[14, 11, 3, 0]  	612	10 
[18, 8, 3, 0]  	619	10 
[11, 0, 14, 0]  	643	9 
[14, 14, 2, 0]  	650	10 
[18, 11, 2, 0]  	657	10 
[9, 3, 14, 0]  	674	8 
[15, 0, 13, 0]  	688	9 
[10, 19, 2, 0]  	689	9 
[9, 20, 2, 0]  	693	7 
[17, 0, 12, 0]  	695	8 
[7, 22, 2, 0]  	701	7 
[7, 6, 14, 0]  	705	7 
[8, 23, 1, 0]  	712	8 
[12, 20, 1, 0]  	719	9 
[7, 8, 13, 0]  	720	8 
[6, 9, 13, 0]  	724	6 
[10, 22, 1, 0]  	727	9 
[6, 8, 14, 0]  	732	7 
[5, 25, 2, 0]  	732	7 
[14, 19, 1, 0]  	734	8 
[5, 9, 14, 0]  	736	7 
[7, 25, 1, 0]  	739	8 
[16, 19, 0, 0]  	741	8 
[6, 26, 1, 0]  	743	7 
[8, 26, 0, 0]  	750	8 
[5, 11, 13, 0]  	751	7 
[6, 28, 0, 0]  	758	7 
[6, 12, 12, 0]  	762	7 
[4, 11, 14, 0]  	763	6 
[10, 25, 0, 0]  	765	8 
[4, 26, 3, 0]  	767	6 
[5, 28, 1, 0]  	770	6 
[4, 14, 12, 0]  	770	6 
[6, 7, 16, 0]  	771	6 
[5, 24, 4, 0]  	771	6 
[6, 3, 19, 0]  	772	6 
[5, 20, 7, 0]  	772	6 
[4, 29, 1, 0]  	774	6 
[19, 18, 0, 0]  	775	7 
[5, 15, 11, 0]  	781	6 
[4, 28, 2, 0]  	782	6 
[3, 14, 13, 0]  	782	6 
[3, 29, 2, 0]  	786	5 
[6, 1, 21, 0]  	788	6 
[5, 18, 9, 0]  	788	6 
[4, 31, 0, 0]  	789	6 
[5, 6, 18, 0]  	791	5 
[4, 23, 6, 0]  	791	5 
[3, 32, 0, 0]  	793	5 
[6, 0, 22, 0]  	796	6 
[5, 17, 10, 0]  	796	6 
[5, 1, 22, 0]  	800	5 
[4, 18, 10, 0]  	800	5 
[3, 31, 1, 0]  	801	5 
[3, 0, 24, 0]  	801	5 
[2, 32, 1, 0]  	805	5 
[5, 8, 17, 0]  	806	6 
[4, 25, 5, 0]  	806	6 
[5, 4, 20, 0]  	807	5 
[4, 21, 8, 0]  	807	5 
[5, 0, 23, 0]  	808	5 
[4, 17, 11, 0]  	808	5 
[4, 1, 23, 0]  	812	5 
[5, 3, 21, 0]  	815	5 
[4, 20, 9, 0]  	815	5 
[4, 4, 21, 0]  	819	5 
[3, 17, 12, 0]  	820	5 
[2, 18, 12, 0]  	824	4 
[4, 7, 19, 0]  	826	5 
[4, 3, 22, 0]  	827	5 
[3, 12, 16, 0]  	829	5 
[3, 4, 22, 0]  	831	4 
[4, 10, 17, 0]  	833	5 
[4, 6, 20, 0]  	834	5 
[15, 24, 0, 0]  	837	5 
[3, 11, 17, 0]  	837	5 
[3, 7, 20, 0]  	838	4 
[3, 3, 23, 0]  	839	4 
[4, 9, 18, 0]  	841	5 
[3, 10, 18, 0]  	845	4 
[3, 6, 21, 0]  	846	4 
[3, 21, 10, 0]  	850	4 
[3, 9, 19, 0]  	853	4 
[3, 24, 8, 0]  	857	4 
[2, 29, 5, 0]  	860	4 
[2, 21, 11, 0]  	862	3 
[3, 27, 6, 0]  	864	4 
[3, 23, 9, 0]  	865	4 
[2, 28, 6, 0]  	868	4 
[2, 24, 9, 0]  	869	3 
[3, 26, 7, 0]  	872	4 
[2, 31, 4, 0]  	875	5 
[2, 27, 7, 0]  	876	3 
[2, 23, 10, 0]  	877	3 
[2, 15, 16, 0]  	879	4 
[2, 26, 8, 0]  	884	3 
[2, 14, 17, 0]  	887	4 
[1, 15, 17, 0]  	891	3 
[1, 38, 0, 0]  	893	3 
[2, 13, 18, 0]  	895	3 
[2, 1, 27, 0]  	898	4 
[1, 14, 18, 0]  	899	3 
[2, 0, 28, 0]  	906	4 
[1, 13, 19, 0]  	907	2 
[1, 32, 5, 0]  	910	3 
[1, 27, 9, 0]  	919	2 
[0, 32, 6, 0]  	922	2 
[1, 30, 7, 0]  	926	2 
[1, 18, 16, 0]  	929	3 
[0, 31, 7, 0]  	930	2 
[1, 29, 8, 0]  	934	2 
[0, 30, 8, 0]  	938	1 
[1, 1, 29, 0]  	941	2 
[2, 7, 24, 0]  	943	3 
[1, 24, 12, 0]  	943	3 
[1, 35, 4, 0]  	948	3 
[1, 0, 30, 0]  	949	2 
[0, 1, 30, 0]  	953	1 
[0, 16, 19, 0]  	957	1 
[0, 35, 5, 0]  	960	2 
[0, 0, 31, 0]  	961	1  <--- 3
[1, 21, 15, 0]  	967	3 
[0, 18, 18, 0]  	972	1 
[0, 4, 29, 0]  	991	1 
[0, 21, 17, 0]  	1010	1 
[1, 7, 27, 0]  	1017	2 
[0, 7, 28, 0]  	1029	1 
[0, 41, 3, 0]  	1036	2 
[0, 24, 16, 0]  	1048	1 
[0, 10, 27, 0]  	1067	1 
[0, 47, 0, 0]  	1081	1  <--- 2
[0, 27, 15, 0]  	1086	1 
[0, 13, 26, 0]  	1105	1 
[6, 11, 4, 1]  	491	6 
[5, 0, 15, 1]  	560	6 
[12, 17, 2, 1]  	681	9 
[16, 17, 1, 1]  	726	8 
[4, 12, 13, 1]  	755	6 
[12, 23, 0, 1]  	757	8 
[5, 29, 0, 1]  	762	6 
[2, 35, 0, 1]  	843	4 
[3, 28, 5, 1]  	856	5 
[3, 20, 11, 1]  	858	4 
[2, 4, 24, 1]  	874	4 
[2, 7, 22, 1]  	881	3 
[2, 10, 20, 1]  	888	3 
[2, 9, 21, 1]  	896	3 
[2, 12, 19, 1]  	903	3 
[1, 31, 6, 1]  	918	3 
[1, 4, 28, 1]  	979	2 
[0, 38, 4, 1]  	998	2 
[0, 44, 0, 1]  	1012	2 
[1, 10, 21, 2]  	900	2 
[1, 12, 20, 2]  	915	2 
[5, 18, 7, 28]  	726	6 
[4, 21, 6, 28]  	745	5 
[4, 24, 5, 28]  	783	5 
[0, 27, 9, 28]  	900	1 
[0, 29, 8, 28]  	915	1 
[4, 14, 3, 29]  	491	5 
[10, 20, 1, 29]  	681	7 
[3, 29, 1, 29]  	755	5 
[4, 7, 18, 29]  	795	5 
[3, 10, 17, 29]  	814	4 
[1, 21, 11, 29]  	843	2 
[2, 14, 16, 29]  	856	4 
[1, 23, 10, 29]  	858	2 
[1, 27, 8, 29]  	888	2 
[1, 26, 9, 29]  	896	2 
[1, 29, 7, 29]  	903	2 
[1, 0, 29, 29]  	918	2 
[0, 13, 20, 29]  	919	1 
[0, 15, 19, 29]  	934	1 
[0, 21, 16, 29]  	979	1 
[0, 7, 27, 29]  	998	1 
------
The gap is between 3 and 27.
Lengths: 3 3 5 6 3 4.
For 982 = 5*d/2-d1-d2-d3 you get 3 in char 0.
1*x^1*y^23*z^14
1*y^40*z^2
1*y^9*z^25

For 560 = 3*d/2-d1-d2-d3 you get 5 in char 0.
1*x^4*y^17*z^3
1*x^3*y^3*z^14
1*x^2*y^20*z^2
1*x^1*y^6*z^13
1*y^23*z^1

For 138 = d/2-d1-d2-d3 you get 3 in char 0.
1*x^4*z^2
1*x^2*y^3*z^1
1*y^6

Extra powers of p used 2.
The invariant extra is equal to 1.
Start computing 11^3 Delta^1 (x1x2x3)^10... Done.
Start computing 11^4 Delta^2 (x1x2x3)^10... Done.
Start computing 11^5 Delta^3 (x1x2x3)^10... Done.
Start computing 11^6 Delta^4 (x1x2x3)^10... Done.
Start computing 11^7 Delta^5 (x1x2x3)^10... Done.
Start computing 11^8 Delta^6 (x1x2x3)^10... Done.
Start computing 11^9 Delta^7 (x1x2x3)^10... Done.
Start computing aa.
1 2 3 4 5 6 7 8 9 10 11 
*/
A = \
[486138752693396530055303641886,1370893332683647803820096207868,983373787514293451451276864169,1235549645245472733295752332491,1315143873451015191141659462471,1212656654428244285264436002043,1419878790604323368847363133518,798711121560251268648989820429,870861155791507179328851390888,417351528020754272248853397078,1111330177943595350057193082800;\
1116471264203280473701932018377,89848656215661348610178697563,698864469372608030358512879684,1071061941432684428330867797033,270077567902033919432437422621,1029508917225162441965116144937,1215764461371369752873695092615,527875284400245926210487135286,1009620769140112195755470615383,1009705208060310514560046570859,746128644232357746298914680661;\
1026675145874463526389305069460,1251731438144476151839691573221,1441394119323003383605750165747,1154545638366091169416062230474,84724537355357514848631311353,43746006066436293606212357879,751521973098650785200271288802,1556377912328975119933486074929,1204135532306633314458496444502,216205342743722888567036808607,570516906091391563960134988234;\
1105296813876905122008383862040,1567271488561179656854619651867,751438911644776078338083833003,1509965012688428008923584699149,515859195542449126561543651345,18770875174670780301642778386,1090178006067234096380982536153,511682373549388202510590378511,286281618302833455025765754240,1245177303989690137540752721773,511722975800012091543658093215;\
951006117382828948246078318393,928417200372313858879538131129,1253135328061860232928921747433,731039307300448116170739297066,207921381850513958834683424542,1385334205079781847653951213256,1324196710368621196330157270908,826343174126314930509400455908,436691382372490208656006935313,1296448457692911369290256656756,1210253206697401838560699742676;\
1238481170768363033139031843355,1312113651361732660949420391154,1197027750893942434748368755648,985689945709080478666267694193,488869248638683123263770288857,1549144966024773389797605359774,871787118219870719119663090813,925873069589143848254356256477,332916159793124514575741910940,1144130140170684197859283942492,265651658799563648229414918418;\
215160335635927264976492556394,384273231253764799826334470049,1382375015590582703168711238541,294119375106533030120830570026,1316710235587387114057769181876,475985241014088932767746755683,932674065399152638960344506912,650500615786795893225118595451,1265390036555092815511051053905,579545564683372525435852639083,1320379096908395720637435494940;\
139701996955758065238969229712,1202370871297467997171207263112,47718409527502039113944443533,511399214931244549161403134665,953815998688897014748726205513,547108670167400752734674339549,1446290097383385448400363560370,1075971846947536828754319952856,1093653068400550385892767195230,87973594636051488504632903136,436056142705720344066557691437;\
489693626590692787241801250263,837395824174925763833198534762,1259353128530885261829963477239,145569991757787332241372655965,852814247855132153127174619025,326565402164171311981901160671,1384731411860149131286745566714,465875110617580898399199024639,800727377798155539135169558859,1526580866130935614044796070980,1523952934856564350741040149030;\
12185842770090625404471275063,1068771365384989340629637364574,871964262944088210526743064708,154687889163606322232261813920,1442491469112271079734506075901,674814201882630356837309625958,1304070816896622772185663255869,562196676520334857135417675458,798116642974722404509827218315,195553024807755624566930861840,1178455147964061012252765052209;\
541601331410954108809322533770,962315993496591583386358953604,1319510737941971306698094426298,821132951632018995067309897862,33722510932120968134467833840,977819031372644850947747171521,1047455941161934739253919816639,341953854361440579440846589178,475722490777258477469939741882,668398109078199254075416648047,515131849666521398674715121770]
/* 
This matrix times 11^(-2) should be the matrix of frobenius.
*/ 
B = 11^(-2) * A; 
/* Freed 166 lists. */
