/* Comments begin... 
Coefficient of   x^21 * y^1               = -2
Coefficient of   x^10 * y^2 * z^6         = 3
Coefficient of   x^8 * y^5 * z^5         = 3
Coefficient of   x^6 * y^8 * z^4         = -2
Coefficient of   x^4 * y^11 * z^3         = -4
Coefficient of   x^2 * y^14 * z^2         = -3
Coefficient of   x^1 * z^13               = -4
Coefficient of   y^17 * z^1               = 1

Here is the polynomial we're using this time:

-2*x^21*y^1 + 3*x^10*y^2*z^6 + 3*x^8*y^5*z^5 + -2*x^6*y^8*z^4 + -4*x^4*y^11*z^3 + -3*x^2*y^14*z^2 + -4*x^1*z^13 + 1*y^17*z^1

Allocate G_len 20 elements and old = 0.
Allocate M_len = 400 elements.
Allocate G_len 40 elements and old = 20.
Allocate M_len = 800 elements.
Allocate G_len 80 elements and old = 40.
Allocate M_len = 1600 elements.
Allocate M_len = 3200 elements.
Allocate G_len 160 elements and old = 80.
Allocate M_len = 6400 elements.
Allocate M_len = 12800 elements.
Allocate G_len 320 elements and old = 160.
The final length of G is 163
[10, 2, 5, 0]  	391	7 
[21, 0, 0, 0]  	399	7  <--- 1
[20, 1, 0, 0]  	403	7 
[8, 5, 5, 0]  	422	6 
[8, 8, 4, 0]  	460	7 
[6, 11, 4, 0]  	491	6 
[6, 14, 3, 0]  	529	7 
[5, 0, 15, 0]  	560	6 
[18, 5, 4, 0]  	581	12 
[14, 11, 3, 0]  	612	11 
[18, 8, 3, 0]  	619	11 
[11, 0, 14, 0]  	643	10 
[14, 14, 2, 0]  	650	10 
[18, 11, 2, 0]  	657	10 
[9, 3, 14, 0]  	674	9 
[12, 17, 2, 0]  	681	9 
[15, 0, 13, 0]  	688	9 
[10, 19, 2, 0]  	689	9 
[9, 20, 2, 0]  	693	8 
[18, 14, 1, 0]  	695	9 
[7, 22, 2, 0]  	701	8 
[7, 6, 14, 0]  	705	8 
[8, 23, 1, 0]  	712	8 
[12, 20, 1, 0]  	719	8 
[7, 8, 13, 0]  	720	8 
[16, 17, 1, 0]  	726	8 
[10, 22, 1, 0]  	727	8 
[6, 8, 14, 0]  	732	7 
[5, 25, 2, 0]  	732	7 
[19, 0, 12, 0]  	733	8 
[14, 19, 1, 0]  	734	8 
[5, 9, 14, 0]  	736	7 
[7, 25, 1, 0]  	739	7 
[6, 26, 1, 0]  	743	7 
[8, 26, 0, 0]  	750	7 
[5, 11, 13, 0]  	751	7 
[4, 12, 13, 0]  	755	6 
[12, 23, 0, 0]  	757	7 
[6, 28, 0, 0]  	758	7 
[4, 11, 14, 0]  	763	6 
[10, 25, 0, 0]  	765	7 
[4, 26, 3, 0]  	767	6 
[5, 28, 1, 0]  	770	7 
[5, 24, 4, 0]  	771	6 
[14, 22, 0, 0]  	772	7 
[4, 29, 1, 0]  	774	6 
[19, 18, 0, 0]  	775	7 
[18, 19, 0, 0]  	779	7 
[5, 15, 11, 0]  	781	6 
[4, 28, 2, 0]  	782	6 
[3, 14, 13, 0]  	782	6 
[3, 29, 2, 0]  	786	5 
[5, 18, 9, 0]  	788	6 
[5, 14, 12, 0]  	789	6 
[4, 31, 0, 0]  	789	6 
[4, 15, 12, 0]  	793	5 
[3, 32, 0, 0]  	793	5 
[5, 21, 7, 0]  	795	6 
[5, 17, 10, 0]  	796	6 
[4, 18, 10, 0]  	800	5 
[3, 31, 1, 0]  	801	5 
[3, 0, 24, 0]  	801	5 
[5, 20, 8, 0]  	803	6 
[2, 32, 1, 0]  	805	5 
[17, 21, 0, 0]  	806	6 
[4, 25, 5, 0]  	806	6 
[4, 21, 8, 0]  	807	5 
[4, 17, 11, 0]  	808	5 
[5, 23, 6, 0]  	810	6 
[4, 1, 23, 0]  	812	5 
[4, 24, 6, 0]  	814	5 
[4, 20, 9, 0]  	815	5 
[4, 4, 21, 0]  	819	5 
[4, 23, 7, 0]  	822	5 
[2, 18, 12, 0]  	824	4 
[4, 7, 19, 0]  	826	5 
[4, 3, 22, 0]  	827	5 
[3, 12, 16, 0]  	829	5 
[3, 4, 22, 0]  	831	4 
[4, 10, 17, 0]  	833	5 
[4, 6, 20, 0]  	834	5 
[3, 11, 17, 0]  	837	5 
[3, 7, 20, 0]  	838	4 
[3, 3, 23, 0]  	839	4 
[4, 9, 18, 0]  	841	5 
[2, 35, 0, 0]  	843	4 
[3, 10, 18, 0]  	845	4 
[3, 6, 21, 0]  	846	4 
[3, 9, 19, 0]  	853	4 
[3, 28, 5, 0]  	856	5 
[3, 24, 8, 0]  	857	4 
[3, 20, 11, 0]  	858	4 
[2, 29, 5, 0]  	860	4 
[2, 21, 11, 0]  	862	3 
[3, 27, 6, 0]  	864	4 
[3, 23, 9, 0]  	865	4 
[2, 28, 6, 0]  	868	4 
[2, 24, 9, 0]  	869	3 
[3, 26, 7, 0]  	872	4 
[2, 4, 24, 0]  	874	4 
[2, 31, 4, 0]  	875	5 
[2, 27, 7, 0]  	876	3 
[2, 23, 10, 0]  	877	3 
[2, 15, 16, 0]  	879	4 
[2, 7, 22, 0]  	881	3 
[2, 26, 8, 0]  	884	3 
[2, 14, 17, 0]  	887	4 
[2, 10, 20, 0]  	888	3 
[1, 15, 17, 0]  	891	3 
[1, 38, 0, 0]  	893	3 
[2, 13, 18, 0]  	895	3 
[2, 9, 21, 0]  	896	3 
[2, 1, 27, 0]  	898	4 
[1, 14, 18, 0]  	899	3 
[1, 10, 21, 0]  	900	2 
[2, 12, 19, 0]  	903	3 
[2, 0, 28, 0]  	906	4 
[1, 13, 19, 0]  	907	2 
[1, 32, 5, 0]  	910	3 
[1, 12, 20, 0]  	915	2 
[1, 31, 6, 0]  	918	3 
[1, 27, 9, 0]  	919	2 
[0, 32, 6, 0]  	922	2 
[1, 30, 7, 0]  	926	2 
[1, 18, 16, 0]  	929	3 
[0, 31, 7, 0]  	930	2 
[1, 29, 8, 0]  	934	2 
[0, 30, 8, 0]  	938	1 
[1, 1, 29, 0]  	941	2 
[1, 24, 12, 0]  	943	3 
[1, 35, 4, 0]  	948	3 
[1, 0, 30, 0]  	949	2 
[0, 1, 30, 0]  	953	1 
[0, 16, 19, 0]  	957	1 
[0, 35, 5, 0]  	960	2 
[0, 0, 31, 0]  	961	1  <--- 3
[1, 21, 15, 0]  	967	3 
[0, 18, 18, 0]  	972	1 
[1, 4, 28, 0]  	979	2 
[0, 4, 29, 0]  	991	1 
[0, 38, 4, 0]  	998	2 
[0, 21, 17, 0]  	1010	1 
[0, 44, 0, 0]  	1012	2  <--- 2
[1, 7, 27, 0]  	1017	2 
[0, 7, 28, 0]  	1029	1 
[0, 41, 3, 0]  	1036	2 
[0, 24, 16, 0]  	1048	1 
[0, 10, 27, 0]  	1067	1 
[0, 27, 15, 0]  	1086	1 
[0, 13, 26, 0]  	1105	1 
[6, 9, 13, 1]  	724	7 
[5, 29, 0, 1]  	762	6 
[16, 20, 0, 1]  	764	7 
[4, 14, 12, 1]  	770	6 
[3, 17, 12, 1]  	820	5 
[3, 21, 10, 1]  	850	4 
[5, 26, 1, 29]  	724	6 
[4, 15, 11, 29]  	762	5 
[5, 21, 6, 29]  	764	6 
[3, 31, 0, 29]  	770	5 
[4, 24, 5, 29]  	783	5 
[2, 34, 0, 29]  	820	4 
[2, 7, 21, 29]  	850	3 
------
The gap is between 2 and 28.
Lengths: 3 3 5 5 3 3.
For 982 = 5*d/2-d1-d2-d3 you get 3 in char 0.
1*x^1*y^23*z^14
1*y^40*z^2
1*y^9*z^25

For 560 = 3*d/2-d1-d2-d3 you get 5 in char 0.
1*x^4*y^17*z^3
1*x^3*y^3*z^14
1*x^2*y^20*z^2
1*x^1*y^6*z^13
1*y^23*z^1

For 138 = d/2-d1-d2-d3 you get 3 in char 0.
1*x^4*z^2
1*x^2*y^3*z^1
1*y^6

Extra powers of p used 0.
The invariant extra is equal to 1.
Start computing 11^3 Delta^1 (x1x2x3)^10... Done.
Start computing 11^4 Delta^2 (x1x2x3)^10... Done.
Start computing 11^5 Delta^3 (x1x2x3)^10... Done.
Start computing 11^6 Delta^4 (x1x2x3)^10... Done.
Start computing 11^7 Delta^5 (x1x2x3)^10... Done.
Start computing 11^8 Delta^6 (x1x2x3)^10... Done.
Start computing 11^9 Delta^7 (x1x2x3)^10... Done.
Start computing aa.
1 2 3 4 5 6 7 8 9 10 11 
*/
A = \
[47465060043907337998561410283,1430996448246245701326942444405,175231032271600567021369329524,189727049401363014097935100965,274777298016454241931386649790,276971101572432822867270980340,732803301879042787913198031738,1369219821768834858617650268996,575778971661548213364705113577,317358817949594389024260257977,104825001571878736121113937632;\
20038291747562575600129116902,745105245408234230554497429347,427220519025076921463544130294,459384344724513003865418779287,643771351099374008332851786999,597916369026370472138556179222,1247953804277645977886270948381,21936722332381122112671990979,258768887483668968991102210693,815956338684424191413672002655,868139880827253043457721468305;\
115602237874071432392547027244,1233277600813326111055090464711,33743102609236199040295422601,193537569393898769559854726183,1140164300146768956712643580172,1052420393090692067912116668010,429407966636402780294749090775,714744404326657894313965021632,596307806681294743695973716161,1274770927377683392182078314718,1033325913828431725339238397007;\
636078791314010591530577458475,1558333597624718876667173242235,96285089600570831669091268300,401349585552290231653392763750,141639282717553776461863238,359326233366082234690946373393,257055687328057495308979359680,1171400110132467879158986729546,587438149523785476432908566834,466710051671075815778658008328,266039401759343234503235124733;\
1284958443806048815315371103365,148582377153646795795902728744,1153775922897212634344058865452,1185510769774605239617947220332,1333649029924545463333070802672,1225098623667975340421629452499,113916536298818921918998571351,1131960650084997594662006669584,983264038381544994934865808429,1389931131939119338869216512959,1063437480167256763003731115468;\
885068574985496160676574626596,1319153746610587873686315587485,384538881082792177501217095052,457165605391024346643420453453,1172192119804172250311101111659,17901265480248009073783689021,509614967403692897335686443676,1528611667512620048433529573812,1124023053102870387427221082206,69437699766618463679688182201,540151431323111516338927506295;\
1107819023668981532120431698285,1548017355911810864747225792577,868386551281667333891037691174,221918651189878453932000735911,758798458711560184547207134612,473750889426109654595550585634,160440583581430290326510220943,920647193368507324242075107929,1081763015942535941963311290026,473554906006009627358368681355,1297994968498366822296550709189;\
1244467461955377568760536310046,931932059850283028556193765262,584743495385233843472052491151,1216971966851039506588626548711,523354012188461419311331560465,962074659459060651915102074504,860789733841348331119896994604,543477074772217615484897076206,110394305025463987055140338187,455497844129409839316485176602,721821364149678973525411080762;\
1384313254809036901679735097110,663548146460526687026533340470,1188437687780109566983946006097,558385272812513019594622480194,789252133409390301231603359667,459149528435472933956554592705,633456345247645627303243569152,963446614920378809641310493604,1581398021951940103403377807977,1362919436303153208499519848898,684372610237769972025795047859;\
22641583403466577479598299806,1088649240851576936565561623468,1435758997827946451238465255722,1207892515586637616779952330136,602384750470157392813188591313,1235404087521469273557534832843,1343867841775474378701420669004,1099740809817820277069037240330,865883364882975667893181010395,1051186808724146679708656341380,309107089533695253472860178584;\
1425058120532095490143579367233,1243918971038349835920971691460,1222004861405624436151159980329,1123553107799739586910237882915,116679791449290891110280264207,992567946746978437521220660136,1324881400514194613719591460916,810477864447247509309620019680,1006932777006364667893918427768,232386472375904497975423914056,1112827625151804143504559319837]
/* 
This should be the matrix of frobenius!
*/ 
B = A; 
/* Freed 166 lists. */
