/* Comments begin... 
Coefficient of   x^21 * y^1               = -2
Coefficient of   x^10 * y^2 * z^6         = -1
Coefficient of   x^8 * y^5 * z^5         = 2
Coefficient of   x^6 * y^8 * z^4         = 2
Coefficient of   x^4 * y^11 * z^3         = 3
Coefficient of   x^2 * y^14 * z^2         = 3
Coefficient of   x^1 * z^13               = 2
Coefficient of   y^17 * z^1               = 0

Here is the polynomial we're using this time:

-2*x^21*y^1 + -1*x^10*y^2*z^6 + 2*x^8*y^5*z^5 + 2*x^6*y^8*z^4 + 3*x^4*y^11*z^3 + 3*x^2*y^14*z^2 + 2*x^1*z^13

Allocate G_len 20 elements and old = 0.
Allocate M_len = 400 elements.
Allocate G_len 40 elements and old = 20.
Allocate M_len = 800 elements.
Allocate G_len 80 elements and old = 40.
Allocate M_len = 1600 elements.
Allocate M_len = 3200 elements.
Allocate G_len 160 elements and old = 80.
Allocate M_len = 6400 elements.
Allocate M_len = 12800 elements.
Not smooth!
Coefficient of   x^21 * y^1               = -5
Coefficient of   x^10 * y^2 * z^6         = -2
Coefficient of   x^8 * y^5 * z^5         = 3
Coefficient of   x^6 * y^8 * z^4         = 1
Coefficient of   x^4 * y^11 * z^3         = 4
Coefficient of   x^2 * y^14 * z^2         = 1
Coefficient of   x^1 * z^13               = 0
Coefficient of   y^17 * z^1               = 3

Here is the polynomial we're using this time:

-5*x^21*y^1 + -2*x^10*y^2*z^6 + 3*x^8*y^5*z^5 + 1*x^6*y^8*z^4 + 4*x^4*y^11*z^3 + 1*x^2*y^14*z^2 + 3*y^17*z^1

Not smooth!
Coefficient of   x^21 * y^1               = -2
Coefficient of   x^10 * y^2 * z^6         = 1
Coefficient of   x^8 * y^5 * z^5         = 2
Coefficient of   x^6 * y^8 * z^4         = -3
Coefficient of   x^4 * y^11 * z^3         = 2
Coefficient of   x^2 * y^14 * z^2         = 1
Coefficient of   x^1 * z^13               = 1
Coefficient of   y^17 * z^1               = -4

Here is the polynomial we're using this time:

-2*x^21*y^1 + 1*x^10*y^2*z^6 + 2*x^8*y^5*z^5 + -3*x^6*y^8*z^4 + 2*x^4*y^11*z^3 + 1*x^2*y^14*z^2 + 1*x^1*z^13 + -4*y^17*z^1

Allocate G_len 320 elements and old = 160.
The final length of G is 167
[10, 2, 5, 0]  	391	7 
[21, 0, 0, 0]  	399	7  <--- 1
[20, 1, 0, 0]  	403	7 
[8, 5, 5, 0]  	422	6 
[8, 8, 4, 0]  	460	7 
[6, 11, 4, 0]  	491	6 
[6, 14, 3, 0]  	529	7 
[5, 0, 15, 0]  	560	6 
[18, 5, 4, 0]  	581	12 
[18, 8, 3, 0]  	619	11 
[11, 0, 14, 0]  	643	10 
[16, 11, 3, 0]  	650	11 
[18, 11, 2, 0]  	657	10 
[9, 3, 14, 0]  	674	9 
[16, 14, 2, 0]  	688	9 
[15, 0, 13, 0]  	688	9 
[10, 19, 2, 0]  	689	9 
[9, 20, 2, 0]  	693	8 
[18, 14, 1, 0]  	695	9 
[7, 22, 2, 0]  	701	8 
[7, 6, 14, 0]  	705	8 
[8, 23, 1, 0]  	712	8 
[14, 17, 2, 0]  	719	8 
[12, 20, 1, 0]  	719	8 
[7, 8, 13, 0]  	720	8 
[6, 9, 13, 0]  	724	7 
[16, 17, 1, 0]  	726	8 
[10, 22, 1, 0]  	727	8 
[6, 8, 14, 0]  	732	7 
[5, 25, 2, 0]  	732	7 
[19, 0, 12, 0]  	733	8 
[14, 19, 1, 0]  	734	8 
[5, 9, 14, 0]  	736	7 
[7, 25, 1, 0]  	739	7 
[6, 26, 1, 0]  	743	7 
[8, 26, 0, 0]  	750	7 
[5, 11, 13, 0]  	751	7 
[4, 12, 13, 0]  	755	6 
[12, 23, 0, 0]  	757	7 
[6, 28, 0, 0]  	758	7 
[5, 29, 0, 0]  	762	6 
[4, 11, 14, 0]  	763	6 
[10, 25, 0, 0]  	765	7 
[4, 26, 3, 0]  	767	6 
[5, 28, 1, 0]  	770	6 
[4, 14, 12, 0]  	770	6 
[5, 24, 4, 0]  	771	6 
[14, 22, 0, 0]  	772	7 
[4, 29, 1, 0]  	774	6 
[19, 18, 0, 0]  	775	7 
[18, 19, 0, 0]  	779	7 
[5, 15, 11, 0]  	781	6 
[4, 28, 2, 0]  	782	6 
[3, 14, 13, 0]  	782	6 
[3, 29, 2, 0]  	786	5 
[5, 18, 9, 0]  	788	6 
[3, 32, 0, 0]  	793	5 
[5, 21, 7, 0]  	795	6 
[5, 17, 10, 0]  	796	6 
[4, 18, 10, 0]  	800	5 
[3, 31, 1, 0]  	801	5 
[3, 0, 24, 0]  	801	5 
[5, 20, 8, 0]  	803	6 
[2, 32, 1, 0]  	805	5 
[17, 21, 0, 0]  	806	6 
[4, 25, 5, 0]  	806	6 
[4, 21, 8, 0]  	807	5 
[4, 17, 11, 0]  	808	5 
[5, 23, 6, 0]  	810	6 
[4, 1, 23, 0]  	812	5 
[4, 24, 6, 0]  	814	5 
[4, 20, 9, 0]  	815	5 
[4, 4, 21, 0]  	819	5 
[3, 17, 12, 0]  	820	5 
[4, 23, 7, 0]  	822	5 
[2, 18, 12, 0]  	824	4 
[4, 7, 19, 0]  	826	5 
[4, 3, 22, 0]  	827	5 
[3, 12, 16, 0]  	829	5 
[3, 4, 22, 0]  	831	4 
[4, 10, 17, 0]  	833	5 
[4, 6, 20, 0]  	834	5 
[3, 11, 17, 0]  	837	5 
[3, 3, 23, 0]  	839	4 
[4, 9, 18, 0]  	841	5 
[2, 35, 0, 0]  	843	4 
[3, 10, 18, 0]  	845	4 
[3, 6, 21, 0]  	846	4 
[3, 21, 10, 0]  	850	4 
[3, 9, 19, 0]  	853	4 
[3, 28, 5, 0]  	856	5 
[3, 24, 8, 0]  	857	4 
[3, 20, 11, 0]  	858	4 
[2, 29, 5, 0]  	860	4 
[2, 21, 11, 0]  	862	3 
[3, 27, 6, 0]  	864	4 
[3, 23, 9, 0]  	865	4 
[2, 28, 6, 0]  	868	4 
[2, 24, 9, 0]  	869	3 
[3, 26, 7, 0]  	872	4 
[2, 4, 24, 0]  	874	4 
[2, 31, 4, 0]  	875	5 
[2, 27, 7, 0]  	876	3 
[2, 23, 10, 0]  	877	3 
[2, 15, 16, 0]  	879	4 
[2, 7, 22, 0]  	881	3 
[2, 26, 8, 0]  	884	3 
[2, 14, 17, 0]  	887	4 
[2, 10, 20, 0]  	888	3 
[1, 15, 17, 0]  	891	3 
[1, 38, 0, 0]  	893	3 
[2, 13, 18, 0]  	895	3 
[2, 9, 21, 0]  	896	3 
[2, 1, 27, 0]  	898	4 
[1, 14, 18, 0]  	899	3 
[1, 10, 21, 0]  	900	2 
[2, 12, 19, 0]  	903	3 
[2, 0, 28, 0]  	906	4 
[1, 13, 19, 0]  	907	2 
[1, 32, 5, 0]  	910	3 
[1, 12, 20, 0]  	915	2 
[1, 31, 6, 0]  	918	3 
[0, 32, 6, 0]  	922	2 
[1, 30, 7, 0]  	926	2 
[1, 18, 16, 0]  	929	3 
[0, 31, 7, 0]  	930	2 
[0, 30, 8, 0]  	938	1 
[1, 24, 12, 0]  	943	3 
[1, 35, 4, 0]  	948	3 
[1, 0, 30, 0]  	949	2 
[0, 1, 30, 0]  	953	1 
[0, 16, 19, 0]  	957	1 
[0, 35, 5, 0]  	960	2 
[0, 0, 31, 0]  	961	1  <--- 3
[1, 21, 15, 0]  	967	3 
[0, 18, 18, 0]  	972	1 
[1, 4, 28, 0]  	979	2 
[0, 4, 29, 0]  	991	1 
[0, 38, 4, 0]  	998	2 
[0, 21, 17, 0]  	1010	1 
[1, 7, 27, 0]  	1017	2 
[0, 7, 28, 0]  	1029	1 
[0, 41, 3, 0]  	1036	2 
[0, 24, 16, 0]  	1048	1 
[0, 10, 27, 0]  	1067	1 
[0, 47, 0, 0]  	1081	1  <--- 2
[0, 27, 15, 0]  	1086	1 
[0, 13, 26, 0]  	1105	1 
[14, 11, 3, 1]  	612	11 
[14, 14, 2, 1]  	650	10 
[12, 17, 2, 1]  	681	9 
[16, 20, 0, 1]  	764	7 
[4, 31, 0, 1]  	789	6 
[3, 7, 20, 1]  	838	4 
[1, 27, 9, 1]  	919	2 
[1, 29, 8, 1]  	934	2 
[0, 44, 0, 1]  	1012	2 
[1, 1, 29, 2]  	941	2 
[0, 18, 17, 28]  	941	1 
[11, 0, 13, 29]  	612	9 
[10, 19, 1, 29]  	658	7 
[5, 21, 6, 29]  	764	6 
[4, 24, 5, 29]  	783	4 
[4, 0, 23, 29]  	789	5 
[2, 24, 8, 29]  	838	3 
[0, 13, 20, 29]  	919	1 
[0, 15, 19, 29]  	934	1 
------
The gap is between 3 and 27.
Lengths: 3 3 5 5 3 3.
For 982 = 5*d/2-d1-d2-d3 you get 3 in char 0.
1*x^1*y^23*z^14
1*y^40*z^2
1*y^9*z^25

For 560 = 3*d/2-d1-d2-d3 you get 5 in char 0.
1*x^4*y^17*z^3
1*x^3*y^3*z^14
1*x^2*y^20*z^2
1*x^1*y^6*z^13
1*y^23*z^1

For 138 = d/2-d1-d2-d3 you get 3 in char 0.
1*x^4*z^2
1*x^2*y^3*z^1
1*y^6

Extra powers of p used 0.
The invariant extra is equal to 1.
Start computing 11^3 Delta^1 (x1x2x3)^10... Done.
Start computing 11^4 Delta^2 (x1x2x3)^10... Done.
Start computing 11^5 Delta^3 (x1x2x3)^10... Done.
Start computing 11^6 Delta^4 (x1x2x3)^10... Done.
Start computing 11^7 Delta^5 (x1x2x3)^10... Done.
Start computing 11^8 Delta^6 (x1x2x3)^10... Done.
Start computing 11^9 Delta^7 (x1x2x3)^10... Done.
Start computing aa.
1 2 3 4 5 6 7 8 9 10 11 
*/
A = \
[592274603458685475903796221839,1224860642963408801820378823794,162913331218323345335614558233,597967922883604954195777793091,742803819310388178022201374589,231372243147325398562356622402,35433338648345825666344326186,716700432469040786905889720563,568001359735495970018381915158,209203210309814169695045895139,1494461872025665385561961413556;\
876937598344234516280986574728,1363197624151812638326946017725,1699533888577069421911474676,108317723386146250058057320686,85837859292807160872219061659,569731998348772907425127172262,212312816368022179999089809997,231907612118499807171088815848,1156930537434892307590736667709,293700972227954770446855144400,889811253030796325350064729368;\
883421729086941981034278176057,243372333498960492876248065050,1436922946491734792032263739507,1526378136887976460001663908708,791131110273872976828143268862,590177728509760611457511256466,1130220582620696186038352417550,1218276031663699539489418071601,1481792073863887399898121968636,543794408049142757421703304978,726851981428371646405527520111;\
1322245943617412898496491229272,222570225879789223423071422942,837595098180935212345957917953,41374112895268401953741496383,784689566318284213735682570124,400160843918016075095874647062,1491869088320604249566009522680,952586355082841161851671157083,447890865799276537340884752670,906275286551931528697385330443,527692235181975968803746718715;\
1560261858364246188630295417609,731997957997118283289098916932,1388388345537915713955394651459,1296502139290996239875936602445,98024305185428255352346156595,1296995105546110786595413678737,42624580621815710825319592558,100022181375411620896513140297,1454759540086769096636603068229,733238371976206595447121864537,419438236078468641963779199118;\
688384776696729576707653720263,85100939857110673215258363233,868680215837641447887155182523,35232079009706587629866436587,76188002857475632952858292912,347538274222065330194818715556,95328391343573497608365342685,1020127365087938822966182177213,617794155469139680810098657491,916838795736276156611265874113,57225496691733664578114288018;\
326546730180134213624698230827,796687825384851253066830432750,1111129780372594234664414904642,125878672783353410827973374022,425435280331539146866319922272,1455647488359579718418889990481,633003755382929409617030560525,300148005492050684238731703088,262569388771166164762459629629,577029016427023082836403689980,1058718721534726093200697701132;\
191525838328507040079618216666,1419430821345469164902121346139,570563092246098206971364957474,1290382000331657922738343651148,1023664820260369038857862922308,1040902155234660356932461147794,493286998239307711358198484777,1140258173651759527994714130617,489010487829715684712951990039,923523123588804119361469347881,1050419132489346942067327971103;\
1533680900302856010083488407901,1541832873163357209766091623061,376701995621217441250761206836,1515859272615459615801331554268,332067608737107627970673917918,1147133030795628954062885587490,105309855435564767977545291538,915491269082117001674270498815,1157621178183239736432227965577,121320204052968787274675233428,1162008250068908885112851027735;\
69480105974284388753687285740,979868302484168977158086565348,684688200569636450797365977910,1582468071541726013518256880409,471809295607075326750398562981,488324374579362862629270968995,709400808655560664249814735044,1023047032908792711934862756173,1434352667762440826129356359557,48161360305878540242598644282,597262724948655940988484673970;\
229768471662893731444587514821,650260331348392308424414533802,1406542105571539966833247923056,971556525842263993028186506046,414300924730122485022674028421,398430824140057561928156448367,257291501631800602854106332058,1358225200966229835854472812240,1437548688717780503122867891491,1173879101667642866322274233027,431541890569737569249712876055]
/* 
This should be the matrix of frobenius!
*/ 
B = A; 
/* Freed 167 lists. */
