/* Comments begin... 
Coefficient of   x^21 * y^1               = 5
Coefficient of   x^10 * y^2 * z^6         = -4
Coefficient of   x^8 * y^5 * z^5         = 1
Coefficient of   x^6 * y^8 * z^4         = 1
Coefficient of   x^4 * y^11 * z^3         = 2
Coefficient of   x^2 * y^14 * z^2         = 5
Coefficient of   x^1 * z^13               = 3
Coefficient of   y^17 * z^1               = 4

Here is the polynomial we're using this time:

5*x^21*y^1 + -4*x^10*y^2*z^6 + 1*x^8*y^5*z^5 + 1*x^6*y^8*z^4 + 2*x^4*y^11*z^3 + 5*x^2*y^14*z^2 + 3*x^1*z^13 + 4*y^17*z^1

Allocate G_len 20 elements and old = 0.
Allocate M_len = 400 elements.
Allocate G_len 40 elements and old = 20.
Allocate M_len = 800 elements.
Allocate G_len 80 elements and old = 40.
Allocate M_len = 1600 elements.
Allocate M_len = 3200 elements.
Allocate G_len 160 elements and old = 80.
Allocate M_len = 6400 elements.
Allocate M_len = 12800 elements.
Allocate G_len 320 elements and old = 160.
The final length of G is 165
[10, 2, 5, 0]  	391	7 
[21, 0, 0, 0]  	399	7  <--- 1
[20, 1, 0, 0]  	403	7 
[8, 5, 5, 0]  	422	6 
[8, 8, 4, 0]  	460	7 
[6, 11, 4, 0]  	491	6 
[6, 14, 3, 0]  	529	7 
[5, 0, 15, 0]  	560	6 
[18, 5, 4, 0]  	581	12 
[14, 11, 3, 0]  	612	11 
[18, 8, 3, 0]  	619	11 
[11, 0, 14, 0]  	643	10 
[18, 11, 2, 0]  	657	10 
[9, 3, 14, 0]  	674	9 
[12, 17, 2, 0]  	681	9 
[16, 14, 2, 0]  	688	9 
[15, 0, 13, 0]  	688	9 
[10, 19, 2, 0]  	689	9 
[9, 20, 2, 0]  	693	8 
[18, 14, 1, 0]  	695	9 
[7, 22, 2, 0]  	701	8 
[7, 6, 14, 0]  	705	8 
[8, 23, 1, 0]  	712	8 
[12, 20, 1, 0]  	719	8 
[7, 8, 13, 0]  	720	8 
[6, 9, 13, 0]  	724	7 
[16, 17, 1, 0]  	726	8 
[10, 22, 1, 0]  	727	8 
[6, 8, 14, 0]  	732	7 
[5, 25, 2, 0]  	732	7 
[19, 0, 12, 0]  	733	8 
[14, 19, 1, 0]  	734	8 
[5, 9, 14, 0]  	736	7 
[7, 25, 1, 0]  	739	7 
[6, 26, 1, 0]  	743	7 
[8, 26, 0, 0]  	750	7 
[5, 11, 13, 0]  	751	7 
[4, 12, 13, 0]  	755	6 
[12, 23, 0, 0]  	757	7 
[6, 28, 0, 0]  	758	7 
[5, 29, 0, 0]  	762	6 
[4, 11, 14, 0]  	763	6 
[10, 25, 0, 0]  	765	7 
[4, 26, 3, 0]  	767	6 
[5, 28, 1, 0]  	770	6 
[4, 14, 12, 0]  	770	6 
[5, 24, 4, 0]  	771	6 
[14, 22, 0, 0]  	772	7 
[4, 29, 1, 0]  	774	6 
[19, 18, 0, 0]  	775	7 
[18, 19, 0, 0]  	779	7 
[5, 15, 11, 0]  	781	6 
[4, 28, 2, 0]  	782	6 
[3, 14, 13, 0]  	782	6 
[3, 29, 2, 0]  	786	5 
[5, 18, 9, 0]  	788	6 
[4, 31, 0, 0]  	789	6 
[3, 32, 0, 0]  	793	5 
[5, 21, 7, 0]  	795	6 
[5, 17, 10, 0]  	796	6 
[4, 18, 10, 0]  	800	5 
[3, 31, 1, 0]  	801	5 
[3, 0, 24, 0]  	801	5 
[5, 20, 8, 0]  	803	6 
[2, 32, 1, 0]  	805	5 
[17, 21, 0, 0]  	806	6 
[4, 25, 5, 0]  	806	6 
[4, 21, 8, 0]  	807	5 
[4, 17, 11, 0]  	808	5 
[5, 23, 6, 0]  	810	6 
[4, 24, 6, 0]  	814	5 
[4, 20, 9, 0]  	815	5 
[3, 17, 12, 0]  	820	5 
[4, 23, 7, 0]  	822	5 
[2, 18, 12, 0]  	824	4 
[4, 7, 19, 0]  	826	5 
[4, 3, 22, 0]  	827	5 
[3, 12, 16, 0]  	829	5 
[3, 4, 22, 0]  	831	4 
[4, 10, 17, 0]  	833	5 
[4, 6, 20, 0]  	834	5 
[3, 11, 17, 0]  	837	5 
[3, 3, 23, 0]  	839	4 
[4, 9, 18, 0]  	841	5 
[2, 35, 0, 0]  	843	4 
[3, 6, 21, 0]  	846	4 
[3, 21, 10, 0]  	850	4 
[3, 9, 19, 0]  	853	4 
[3, 28, 5, 0]  	856	5 
[3, 24, 8, 0]  	857	4 
[3, 20, 11, 0]  	858	4 
[2, 29, 5, 0]  	860	4 
[2, 21, 11, 0]  	862	3 
[3, 27, 6, 0]  	864	4 
[3, 23, 9, 0]  	865	4 
[2, 28, 6, 0]  	868	4 
[2, 24, 9, 0]  	869	3 
[3, 26, 7, 0]  	872	4 
[2, 4, 24, 0]  	874	4 
[2, 31, 4, 0]  	875	5 
[2, 27, 7, 0]  	876	3 
[2, 23, 10, 0]  	877	3 
[2, 15, 16, 0]  	879	4 
[2, 7, 22, 0]  	881	3 
[2, 26, 8, 0]  	884	3 
[2, 14, 17, 0]  	887	4 
[2, 10, 20, 0]  	888	3 
[1, 15, 17, 0]  	891	3 
[1, 38, 0, 0]  	893	3 
[2, 9, 21, 0]  	896	3 
[2, 1, 27, 0]  	898	4 
[1, 14, 18, 0]  	899	3 
[1, 10, 21, 0]  	900	2 
[2, 12, 19, 0]  	903	3 
[2, 0, 28, 0]  	906	4 
[1, 13, 19, 0]  	907	2 
[1, 32, 5, 0]  	910	3 
[1, 12, 20, 0]  	915	2 
[1, 31, 6, 0]  	918	3 
[1, 27, 9, 0]  	919	2 
[0, 32, 6, 0]  	922	2 
[1, 30, 7, 0]  	926	2 
[1, 18, 16, 0]  	929	3 
[0, 31, 7, 0]  	930	2 
[1, 29, 8, 0]  	934	2 
[0, 30, 8, 0]  	938	1 
[1, 1, 29, 0]  	941	2 
[1, 24, 12, 0]  	943	3 
[1, 35, 4, 0]  	948	3 
[1, 0, 30, 0]  	949	2 
[0, 1, 30, 0]  	953	1 
[0, 16, 19, 0]  	957	1 
[0, 35, 5, 0]  	960	2 
[0, 0, 31, 0]  	961	1  <--- 3
[1, 21, 15, 0]  	967	3 
[0, 18, 18, 0]  	972	1 
[1, 4, 28, 0]  	979	2 
[0, 4, 29, 0]  	991	1 
[0, 38, 4, 0]  	998	2 
[0, 21, 17, 0]  	1010	1 
[0, 44, 0, 0]  	1012	2  <--- 2
[0, 7, 28, 0]  	1029	1 
[0, 41, 3, 0]  	1036	2 
[0, 24, 16, 0]  	1048	1 
[0, 10, 27, 0]  	1067	1 
[0, 27, 15, 0]  	1086	1 
[0, 13, 26, 0]  	1105	1 
[14, 14, 2, 1]  	650	10 
[16, 20, 0, 1]  	764	7 
[4, 1, 23, 1]  	812	5 
[3, 7, 20, 1]  	838	4 
[3, 10, 18, 1]  	845	4 
[2, 13, 18, 1]  	895	3 
[1, 7, 27, 1]  	1017	2 
[4, 4, 21, 2]  	819	5 
[3, 21, 9, 28]  	819	4 
[13, 0, 13, 29]  	650	9 
[12, 19, 1, 29]  	696	7 
[5, 21, 6, 29]  	764	6 
[4, 24, 5, 29]  	783	4 
[3, 18, 11, 29]  	812	4 
[2, 24, 8, 29]  	838	3 
[2, 27, 6, 29]  	845	2 
[1, 30, 6, 29]  	895	2 
[0, 24, 15, 29]  	1017	1 
------
The gap is between 3 and 27.
Lengths: 3 3 5 5 3 3.
For 982 = 5*d/2-d1-d2-d3 you get 3 in char 0.
1*x^1*y^23*z^14
1*y^40*z^2
1*y^9*z^25

For 560 = 3*d/2-d1-d2-d3 you get 5 in char 0.
1*x^4*y^17*z^3
1*x^3*y^3*z^14
1*x^2*y^20*z^2
1*x^1*y^6*z^13
1*y^23*z^1

For 138 = d/2-d1-d2-d3 you get 3 in char 0.
1*x^4*z^2
1*x^2*y^3*z^1
1*y^6

Extra powers of p used 0.
The invariant extra is equal to 1.
Start computing 11^3 Delta^1 (x1x2x3)^10... Done.
Start computing 11^4 Delta^2 (x1x2x3)^10... Done.
Start computing 11^5 Delta^3 (x1x2x3)^10... Done.
Start computing 11^6 Delta^4 (x1x2x3)^10... Done.
Start computing 11^7 Delta^5 (x1x2x3)^10... Done.
Start computing 11^8 Delta^6 (x1x2x3)^10... Done.
Start computing 11^9 Delta^7 (x1x2x3)^10... Done.
Start computing aa.
1 2 3 4 5 6 7 8 9 10 11 
*/
A = \
[1422520392400024712013367103078,1118519602908879629393010143253,28610227869464883226884086097,266675298661364962916042549559,915755708636279917720405376384,879907968250138427993425969827,168535081340107023400894606340,188276583107346013354134901115,344433433919081187302856795902,529208803995403232189715895471,1482946611259859481884615321250;\
1490239820729320160728886765678,500437040968852645207712703529,87560246813740534783354403126,1401659741456689555974961537765,741690492261048967695314781129,75908440981559630021071750652,1483380739855671764874039479866,544739677122778050104339588088,1331018063813118292813996001548,1193415888838075224487196584036,296064789661564863378817020577;\
1294001344323355692458689551865,1289120548138068752262388550721,1213445776475952807203138150663,961980599582128056229304607371,1143948097712526277211137177245,425211377960783992149188161875,873987639385956779035446622143,932806827423477451117483548892,220568039886490281343037929150,676675762797081739099157448677,63880069035704616188065069916;\
1372129498947273066072739947184,1519937488608982197393399992773,150277348544008856925555967715,1205382978359130232943947432261,334442790313302408617152894709,913590374663087985798800641292,1259943445604486531636326976133,1525974284032528663784077029315,1453969421794003119379361661740,501039972538005751390552728716,387273838139064179845433994179;\
110271031947334344071660085417,1484913736122556235877324681957,876613126319961872221268259255,187841405056205940470035685564,1562754838616265550157957103202,957362809704976924816882911904,862908253098716613753154044217,1099352436063410409053306239777,1248860892940003451687048200588,934970895715051823354374930909,1122782240670360561886360206408;\
1206424972871654949048355607485,46463711455279905456714834778,1383616230698313203496748196081,262791210882471499151667288314,251503169684982952978793272677,957744350627105459208713364981,1091482992885360107587349296381,300435817757631339429657690228,560231374463249812050590342084,21209458722977430265474270937,1576103373316719408722024041061;\
280734682285991488619276900213,1099707293650323863083808633787,527731963099882759134844629223,1154900705422478351400012454857,1436814923112285068026299126051,940676955353371637335412671226,225334539106908705795033506827,23628113440179436789058464028,822727730276039661290839885439,324611830175522453601324401708,1240246422828568466861250846981;\
1222200749388542070040709843851,678464884684434982205780167890,33457879933573124104742726752,217969435271758381928236700851,1331586486165571294339051624440,1497654022283165380201792800290,1022342223420072230678612027000,352326538393359430793303473260,390702651113672298624787543232,519479070471400834769529744563,950440369414790808497462058408;\
1422743179110077375052192911629,180269982356593869176022847613,1211256891459711722130152728577,493533228873997806318024126069,506237307048160166024897070368,541264495546970744938507006526,1073561811994654683891958308497,168728811666418689666609399188,400785429910770297419292676542,993477252521166773576572172971,422743330150135978441185652628;\
863767495042074354297534978464,1131161487307204067113898913556,950789804700373835588670962719,1433926611496559493861262389103,931236371210059358772581301796,936579654634999060700198886570,354685004828130633123860728984,704149047214404739098694092110,998166264660387310121481192345,1016805470575015827212025999557,751288597744882736539884576330;\
960012848234777463077196964890,738799174665954640528958410279,871404118059456292613780930699,1450675405202118175831141638060,1525310393298349010729722522561,1412948366531769016797647432864,745102195820442874714382746708,859936789857845317149254739885,183300817060385197897253108777,109539561930308706680690488777,608924272691384840552794271455]
/* 
This should be the matrix of frobenius!
*/ 
B = A; 
/* Freed 166 lists. */
