/* Comments begin... 
Coefficient of   x^21 * y^1               = 2
Coefficient of   x^10 * y^2 * z^6         = -4
Coefficient of   x^8 * y^5 * z^5         = -1
Coefficient of   x^6 * y^8 * z^4         = -1
Coefficient of   x^4 * y^11 * z^3         = 1
Coefficient of   x^2 * y^14 * z^2         = -4
Coefficient of   x^1 * z^13               = -5
Coefficient of   y^17 * z^1               = -2

Here is the polynomial we're using this time:

2*x^21*y^1 + -4*x^10*y^2*z^6 + -1*x^8*y^5*z^5 + -1*x^6*y^8*z^4 + 1*x^4*y^11*z^3 + -4*x^2*y^14*z^2 + -5*x^1*z^13 + -2*y^17*z^1

Allocate G_len 20 elements and old = 0.
Allocate M_len = 400 elements.
Allocate G_len 40 elements and old = 20.
Allocate M_len = 800 elements.
Allocate G_len 80 elements and old = 40.
Allocate M_len = 1600 elements.
Allocate M_len = 3200 elements.
Allocate G_len 160 elements and old = 80.
Allocate M_len = 6400 elements.
Allocate M_len = 12800 elements.
Allocate G_len 320 elements and old = 160.
The final length of G is 165
[10, 2, 5, 0]  	391	7 
[21, 0, 0, 0]  	399	7  <--- 1
[20, 1, 0, 0]  	403	7 
[8, 5, 5, 0]  	422	6 
[8, 8, 4, 0]  	460	7 
[6, 11, 4, 0]  	491	6 
[6, 14, 3, 0]  	529	7 
[5, 0, 15, 0]  	560	6 
[18, 5, 4, 0]  	581	12 
[14, 11, 3, 0]  	612	11 
[18, 8, 3, 0]  	619	11 
[11, 0, 14, 0]  	643	10 
[14, 14, 2, 0]  	650	10 
[18, 11, 2, 0]  	657	10 
[9, 3, 14, 0]  	674	9 
[12, 17, 2, 0]  	681	9 
[15, 0, 13, 0]  	688	9 
[10, 19, 2, 0]  	689	9 
[9, 20, 2, 0]  	693	8 
[18, 14, 1, 0]  	695	9 
[7, 22, 2, 0]  	701	8 
[8, 23, 1, 0]  	712	8 
[12, 20, 1, 0]  	719	8 
[7, 8, 13, 0]  	720	8 
[6, 9, 13, 0]  	724	7 
[16, 17, 1, 0]  	726	8 
[10, 22, 1, 0]  	727	8 
[6, 8, 14, 0]  	732	7 
[5, 25, 2, 0]  	732	7 
[19, 0, 12, 0]  	733	8 
[14, 19, 1, 0]  	734	8 
[5, 9, 14, 0]  	736	7 
[7, 25, 1, 0]  	739	7 
[6, 26, 1, 0]  	743	7 
[8, 26, 0, 0]  	750	7 
[5, 11, 13, 0]  	751	7 
[4, 12, 13, 0]  	755	6 
[12, 23, 0, 0]  	757	7 
[6, 28, 0, 0]  	758	7 
[5, 29, 0, 0]  	762	6 
[4, 11, 14, 0]  	763	6 
[5, 17, 9, 0]  	765	6 
[4, 26, 3, 0]  	767	6 
[5, 28, 1, 0]  	770	6 
[4, 14, 12, 0]  	770	6 
[5, 24, 4, 0]  	771	6 
[14, 22, 0, 0]  	772	7 
[4, 29, 1, 0]  	774	6 
[19, 18, 0, 0]  	775	7 
[18, 19, 0, 0]  	779	7 
[4, 28, 2, 0]  	782	6 
[3, 14, 13, 0]  	782	6 
[4, 31, 0, 0]  	789	6 
[3, 32, 0, 0]  	793	5 
[5, 21, 7, 0]  	795	6 
[4, 18, 10, 0]  	800	5 
[3, 0, 24, 0]  	801	5 
[2, 32, 1, 0]  	805	5 
[17, 21, 0, 0]  	806	6 
[4, 25, 5, 0]  	806	6 
[4, 17, 11, 0]  	808	5 
[5, 23, 6, 0]  	810	6 
[4, 1, 23, 0]  	812	5 
[4, 24, 6, 0]  	814	5 
[4, 4, 21, 0]  	819	5 
[3, 17, 12, 0]  	820	5 
[4, 23, 7, 0]  	822	5 
[2, 18, 12, 0]  	824	4 
[4, 7, 19, 0]  	826	5 
[4, 3, 22, 0]  	827	5 
[3, 12, 16, 0]  	829	5 
[3, 4, 22, 0]  	831	4 
[4, 10, 17, 0]  	833	5 
[4, 6, 20, 0]  	834	5 
[3, 11, 17, 0]  	837	5 
[4, 21, 9, 0]  	838	4 
[3, 7, 20, 0]  	838	4 
[4, 9, 18, 0]  	841	5 
[2, 35, 0, 0]  	843	4 
[3, 10, 18, 0]  	845	4 
[3, 6, 21, 0]  	846	4 
[3, 21, 10, 0]  	850	4 
[3, 9, 19, 0]  	853	4 
[3, 28, 5, 0]  	856	5 
[3, 20, 11, 0]  	858	4 
[2, 29, 5, 0]  	860	4 
[2, 21, 11, 0]  	862	3 
[3, 27, 6, 0]  	864	4 
[3, 23, 9, 0]  	865	4 
[2, 28, 6, 0]  	868	4 
[2, 24, 9, 0]  	869	3 
[3, 26, 7, 0]  	872	4 
[2, 4, 24, 0]  	874	4 
[2, 27, 7, 0]  	876	3 
[2, 23, 10, 0]  	877	3 
[2, 15, 16, 0]  	879	4 
[2, 7, 22, 0]  	881	3 
[2, 26, 8, 0]  	884	3 
[2, 14, 17, 0]  	887	4 
[2, 10, 20, 0]  	888	3 
[1, 15, 17, 0]  	891	3 
[1, 38, 0, 0]  	893	3 
[2, 13, 18, 0]  	895	3 
[2, 9, 21, 0]  	896	3 
[2, 1, 27, 0]  	898	4 
[1, 14, 18, 0]  	899	3 
[1, 10, 21, 0]  	900	2 
[2, 12, 19, 0]  	903	3 
[2, 0, 28, 0]  	906	4 
[1, 13, 19, 0]  	907	2 
[1, 32, 5, 0]  	910	3 
[1, 12, 20, 0]  	915	2 
[1, 31, 6, 0]  	918	3 
[1, 27, 9, 0]  	919	2 
[0, 32, 6, 0]  	922	2 
[1, 30, 7, 0]  	926	2 
[1, 18, 16, 0]  	929	3 
[1, 29, 8, 0]  	934	2 
[0, 30, 8, 0]  	938	1 
[1, 1, 29, 0]  	941	2 
[1, 24, 12, 0]  	943	3 
[1, 35, 4, 0]  	948	3 
[1, 0, 30, 0]  	949	2 
[0, 1, 30, 0]  	953	1 
[0, 16, 19, 0]  	957	1 
[0, 0, 31, 0]  	961	1  <--- 3
[0, 18, 18, 0]  	972	1 
[1, 4, 28, 0]  	979	2 
[0, 4, 29, 0]  	991	1 
[0, 38, 4, 0]  	998	2 
[0, 21, 17, 0]  	1010	1 
[0, 44, 0, 0]  	1012	2  <--- 2
[0, 7, 28, 0]  	1029	1 
[0, 41, 3, 0]  	1036	2 
[0, 24, 16, 0]  	1048	1 
[0, 10, 27, 0]  	1067	1 
[0, 27, 15, 0]  	1086	1 
[0, 13, 26, 0]  	1105	1 
[16, 20, 0, 1]  	764	7 
[5, 15, 11, 1]  	781	6 
[4, 20, 8, 1]  	784	5 
[3, 29, 2, 1]  	786	5 
[3, 31, 1, 1]  	801	5 
[3, 3, 23, 1]  	839	4 
[3, 24, 8, 1]  	857	4 
[2, 31, 4, 1]  	875	5 
[0, 31, 7, 1]  	930	2 
[0, 35, 5, 1]  	960	2 
[1, 21, 15, 1]  	967	3 
[1, 7, 27, 1]  	1017	2 
[7, 6, 14, 2]  	705	8 
[6, 23, 2, 28]  	705	7 
[5, 21, 6, 29]  	764	5 
[4, 1, 22, 29]  	781	5 
[4, 24, 5, 29]  	783	5 
[3, 6, 19, 29]  	784	4 
[2, 15, 13, 29]  	786	3 
[2, 17, 12, 29]  	801	3 
[2, 20, 11, 29]  	839	3 
[2, 10, 19, 29]  	857	3 
[2, 0, 27, 29]  	875	4 
[0, 0, 30, 29]  	930	1 
[0, 4, 28, 29]  	960	1 
[0, 38, 3, 29]  	967	1 
[0, 24, 15, 29]  	1017	1 
------
The gap is between 3 and 27.
Lengths: 3 3 5 5 3 3.
For 982 = 5*d/2-d1-d2-d3 you get 3 in char 0.
1*x^1*y^23*z^14
1*y^40*z^2
1*y^9*z^25

For 560 = 3*d/2-d1-d2-d3 you get 5 in char 0.
1*x^4*y^17*z^3
1*x^3*y^3*z^14
1*x^2*y^20*z^2
1*x^1*y^6*z^13
1*y^23*z^1

For 138 = d/2-d1-d2-d3 you get 3 in char 0.
1*x^4*z^2
1*x^2*y^3*z^1
1*y^6

Extra powers of p used 0.
The invariant extra is equal to 1.
Start computing 11^3 Delta^1 (x1x2x3)^10... Done.
Start computing 11^4 Delta^2 (x1x2x3)^10... Done.
Start computing 11^5 Delta^3 (x1x2x3)^10... Done.
Start computing 11^6 Delta^4 (x1x2x3)^10... Done.
Start computing 11^7 Delta^5 (x1x2x3)^10... Done.
Start computing 11^8 Delta^6 (x1x2x3)^10... Done.
Start computing 11^9 Delta^7 (x1x2x3)^10... Done.
Start computing aa.
1 2 3 4 5 6 7 8 9 10 11 
*/
A = \
[1268172059750082336019465306085,665624069569284600512301931704,1387349155816759110191929146200,105199777701011093308517286527,802009358076942995626362057793,1439559737992780509403065910802,1477301300198628049825086635800,940392146188166909459363947135,1223643341961103036367176277077,598663816775319390498453604609,352253450625397801082786718007;\
1080614689607891618681704084080,467850446392874980160922175775,1409278870409202745182840784841,1192535770825972005947680987513,997440518294329515512721202863,994561627905828211907268719205,832919068244604513026566641116,1007077257611271743324059634156,911815305127839229939123516093,1483163956709889252189041079792,1469503963609144506067702329146;\
534206457293363998733399091739,250289338226565540756114731113,1104881403381045937420013717254,1199087771049063333509941886830,716404736909455242171385307797,161879943126184850211100156195,1456190225199677139705490305854,1344981564146653035655968950496,1350092732590804191415944758273,171879789148873088068885015103,229218860351529511693792879042;\
730702259734739416533749456711,330529605859608978373419970578,528825252975272163421133427531,936768675092866854870820844865,1387697155364607498593838555691,395770046399391207999514318457,997154304190710329756722906034,968881481429411757058501006687,247688296141745852535566355195,1086452152717126019248313086428,170125715391911461636873864973;\
437352657966109220087910627776,1520811666334916593213702697733,1212683268468377046760862643493,773322621118864487255951300352,2323498610744104919583865396,327181991139290698841749952336,601812023918447631448410474806,1269098636115531036702638993252,1113441443191260770506295997478,496884266882338529879160091363,304677494787105359021774698565;\
865964540421574475964106958387,830110403559459655937771513180,792957581068460859605978079175,1324371770330606330470057578009,1303459994915440291811900269856,745096022417818258625315165893,1501719523628982936696403766022,366034435946202667875142030724,1128606625539418001934448904600,411792331965607975239096192250,1322289406413841235924495262442;\
1164861374100094143622503797595,1276796167628540855039243431175,908969763874533431755553835774,892237511643369187970425840099,1031311133119776777734477682385,1184002384895930133478282386059,526812875512836173093856090188,614741278258937983583119080204,68623412278434529882777706372,832022388388611782913304374016,205187587288953873374509096083;\
1373573609230558048737784328986,1125226048842285302295781689074,811302572883088143786367359366,738265238655751450344389131190,677309855282545542330118345192,1567027960229852191810397526439,203983560874326167810358510247,1281374011702442274763127730661,747020632428070212270518998230,422161480835722442194174248894,1136445644227495443141170640275;\
345906282313580612312566044021,614340759158896845136207085076,256329000003215738382282884815,717619649456345523213384691952,30292545412429674880398751287,820541601450533400159720302326,1563845498338644680742452955976,650153173418516950453739811585,805487432057806957844541945327,1223709706430375549413675754866,1059422717727735503948427474842;\
1432990678938674731181329274560,1138611305457704571083775798391,1201268820405571286703883074605,1579904871285396647668421284320,255119699295511117145482893390,1372159147704526673293449953679,1046469550685577212364823701213,1296525787402890046803318421310,873261163543418624291840851537,46905191660467718240984153624,72615023364529987507263799537;\
20507391294136942730223213997,413299199905227939766402502051,720845830822251283720809490384,858464030261512436744276244566,1190436194557871966806700366350,1048276970898218193451992717858,868562050736309261939995279309,82575358444375230589690165257,393209963173412307617773921843,1553000511873984590945067546512,631955580643376382933922241772]
/* 
This should be the matrix of frobenius!
*/ 
B = A; 
/* Freed 166 lists. */
