/* Comments begin... 
Coefficient of   x^21 * y^1               = 2
Coefficient of   x^10 * y^2 * z^6         = 4
Coefficient of   x^8 * y^5 * z^5         = 5
Coefficient of   x^6 * y^8 * z^4         = 1
Coefficient of   x^4 * y^11 * z^3         = 0
Coefficient of   x^2 * y^14 * z^2         = -4
Coefficient of   x^1 * z^13               = 0
Coefficient of   y^17 * z^1               = 0

Here is the polynomial we're using this time:

2*x^21*y^1 + 4*x^10*y^2*z^6 + 5*x^8*y^5*z^5 + 1*x^6*y^8*z^4 + -4*x^2*y^14*z^2

Allocate G_len 20 elements and old = 0.
Allocate M_len = 400 elements.
Allocate G_len 40 elements and old = 20.
Not smooth!
Coefficient of   x^21 * y^1               = 2
Coefficient of   x^10 * y^2 * z^6         = -5
Coefficient of   x^8 * y^5 * z^5         = 4
Coefficient of   x^6 * y^8 * z^4         = 1
Coefficient of   x^4 * y^11 * z^3         = 1
Coefficient of   x^2 * y^14 * z^2         = 2
Coefficient of   x^1 * z^13               = -2
Coefficient of   y^17 * z^1               = 2

Here is the polynomial we're using this time:

2*x^21*y^1 + -5*x^10*y^2*z^6 + 4*x^8*y^5*z^5 + 1*x^6*y^8*z^4 + 1*x^4*y^11*z^3 + 2*x^2*y^14*z^2 + -2*x^1*z^13 + 2*y^17*z^1

Allocate M_len = 800 elements.
Allocate G_len 80 elements and old = 40.
Allocate M_len = 1600 elements.
Allocate M_len = 3200 elements.
Allocate G_len 160 elements and old = 80.
Allocate M_len = 6400 elements.
Allocate M_len = 12800 elements.
Allocate G_len 320 elements and old = 160.
Not smooth!
Coefficient of   x^21 * y^1               = 4
Coefficient of   x^10 * y^2 * z^6         = -5
Coefficient of   x^8 * y^5 * z^5         = -1
Coefficient of   x^6 * y^8 * z^4         = 4
Coefficient of   x^4 * y^11 * z^3         = -2
Coefficient of   x^2 * y^14 * z^2         = 4
Coefficient of   x^1 * z^13               = -1
Coefficient of   y^17 * z^1               = 1

Here is the polynomial we're using this time:

4*x^21*y^1 + -5*x^10*y^2*z^6 + -1*x^8*y^5*z^5 + 4*x^6*y^8*z^4 + -2*x^4*y^11*z^3 + 4*x^2*y^14*z^2 + -1*x^1*z^13 + 1*y^17*z^1

The final length of G is 162
[10, 2, 5, 0]  	391	7 
[21, 0, 0, 0]  	399	7  <--- 1
[20, 1, 0, 0]  	403	7 
[8, 5, 5, 0]  	422	6 
[8, 8, 4, 0]  	460	7 
[6, 11, 4, 0]  	491	6 
[6, 14, 3, 0]  	529	7 
[5, 0, 15, 0]  	560	6 
[18, 5, 4, 0]  	581	12 
[14, 11, 3, 0]  	612	11 
[18, 8, 3, 0]  	619	11 
[11, 0, 14, 0]  	643	10 
[14, 14, 2, 0]  	650	10 
[18, 11, 2, 0]  	657	10 
[12, 17, 2, 0]  	681	9 
[15, 0, 13, 0]  	688	9 
[10, 19, 2, 0]  	689	9 
[18, 14, 1, 0]  	695	9 
[7, 22, 2, 0]  	701	8 
[7, 6, 14, 0]  	705	8 
[8, 23, 1, 0]  	712	8 
[12, 20, 1, 0]  	719	8 
[7, 8, 13, 0]  	720	8 
[6, 9, 13, 0]  	724	7 
[16, 17, 1, 0]  	726	8 
[10, 22, 1, 0]  	727	8 
[6, 8, 14, 0]  	732	7 
[5, 25, 2, 0]  	732	7 
[19, 0, 12, 0]  	733	8 
[14, 19, 1, 0]  	734	8 
[5, 9, 14, 0]  	736	7 
[7, 25, 1, 0]  	739	7 
[6, 26, 1, 0]  	743	7 
[8, 26, 0, 0]  	750	7 
[5, 11, 13, 0]  	751	7 
[4, 12, 13, 0]  	755	6 
[12, 23, 0, 0]  	757	7 
[6, 28, 0, 0]  	758	7 
[5, 29, 0, 0]  	762	6 
[4, 11, 14, 0]  	763	6 
[5, 17, 9, 0]  	765	6 
[4, 26, 3, 0]  	767	6 
[5, 28, 1, 0]  	770	6 
[4, 14, 12, 0]  	770	6 
[5, 24, 4, 0]  	771	6 
[14, 22, 0, 0]  	772	7 
[4, 29, 1, 0]  	774	6 
[19, 18, 0, 0]  	775	7 
[18, 19, 0, 0]  	779	7 
[5, 15, 11, 0]  	781	6 
[4, 28, 2, 0]  	782	6 
[3, 14, 13, 0]  	782	6 
[4, 20, 8, 0]  	784	5 
[3, 29, 2, 0]  	786	5 
[4, 31, 0, 0]  	789	6 
[3, 32, 0, 0]  	793	5 
[5, 21, 7, 0]  	795	6 
[4, 18, 10, 0]  	800	5 
[3, 31, 1, 0]  	801	5 
[3, 0, 24, 0]  	801	5 
[2, 32, 1, 0]  	805	5 
[17, 21, 0, 0]  	806	6 
[4, 25, 5, 0]  	806	6 
[4, 17, 11, 0]  	808	5 
[5, 23, 6, 0]  	810	6 
[4, 1, 23, 0]  	812	5 
[4, 24, 6, 0]  	814	5 
[4, 4, 21, 0]  	819	5 
[3, 17, 12, 0]  	820	5 
[4, 23, 7, 0]  	822	5 
[2, 18, 12, 0]  	824	4 
[4, 7, 19, 0]  	826	5 
[4, 3, 22, 0]  	827	5 
[3, 12, 16, 0]  	829	5 
[3, 4, 22, 0]  	831	4 
[4, 10, 17, 0]  	833	5 
[4, 6, 20, 0]  	834	5 
[3, 11, 17, 0]  	837	5 
[3, 7, 20, 0]  	838	4 
[2, 35, 0, 0]  	843	4 
[3, 10, 18, 0]  	845	4 
[3, 6, 21, 0]  	846	4 
[3, 21, 10, 0]  	850	4 
[3, 9, 19, 0]  	853	4 
[3, 28, 5, 0]  	856	5 
[3, 24, 8, 0]  	857	4 
[3, 20, 11, 0]  	858	4 
[2, 21, 11, 0]  	862	3 
[3, 27, 6, 0]  	864	4 
[3, 23, 9, 0]  	865	4 
[2, 28, 6, 0]  	868	4 
[2, 24, 9, 0]  	869	3 
[3, 26, 7, 0]  	872	4 
[2, 4, 24, 0]  	874	4 
[2, 31, 4, 0]  	875	5 
[2, 27, 7, 0]  	876	3 
[2, 23, 10, 0]  	877	3 
[2, 15, 16, 0]  	879	4 
[2, 7, 22, 0]  	881	3 
[2, 26, 8, 0]  	884	3 
[2, 10, 20, 0]  	888	3 
[1, 15, 17, 0]  	891	3 
[1, 38, 0, 0]  	893	3 
[2, 13, 18, 0]  	895	3 
[2, 9, 21, 0]  	896	3 
[2, 1, 27, 0]  	898	4 
[1, 14, 18, 0]  	899	3 
[1, 10, 21, 0]  	900	2 
[2, 12, 19, 0]  	903	3 
[1, 13, 19, 0]  	907	2 
[1, 32, 5, 0]  	910	3 
[1, 12, 20, 0]  	915	2 
[1, 31, 6, 0]  	918	3 
[1, 27, 9, 0]  	919	2 
[1, 18, 16, 0]  	929	3 
[0, 31, 7, 0]  	930	2 
[1, 29, 8, 0]  	934	2 
[2, 0, 29, 0]  	937	3 
[0, 30, 8, 0]  	938	1 
[1, 1, 29, 0]  	941	2 
[1, 24, 12, 0]  	943	3 
[0, 1, 30, 0]  	953	1 
[0, 16, 19, 0]  	957	1 
[0, 35, 5, 0]  	960	2 
[0, 0, 31, 0]  	961	1  <--- 3
[1, 21, 15, 0]  	967	3 
[0, 18, 18, 0]  	972	1 
[1, 4, 28, 0]  	979	2 
[0, 4, 29, 0]  	991	1 
[0, 38, 4, 0]  	998	2 
[0, 21, 17, 0]  	1010	1 
[0, 44, 0, 0]  	1012	2  <--- 2
[1, 7, 27, 0]  	1017	2 
[0, 7, 28, 0]  	1029	1 
[0, 41, 3, 0]  	1036	2 
[0, 24, 16, 0]  	1048	1 
[0, 10, 27, 0]  	1067	1 
[0, 27, 15, 0]  	1086	1 
[0, 13, 26, 0]  	1105	1 
[9, 3, 14, 1]  	674	9 
[9, 20, 2, 1]  	693	8 
[16, 20, 0, 1]  	764	7 
[3, 3, 23, 1]  	839	4 
[4, 9, 18, 1]  	841	5 
[2, 29, 5, 1]  	860	4 
[2, 14, 17, 1]  	887	4 
[2, 0, 28, 1]  	906	4 
[1, 30, 7, 1]  	926	2 
[1, 35, 4, 1]  	948	3 
[1, 0, 30, 1]  	949	2 
[0, 32, 6, 2]  	922	2 
[0, 1, 29, 28]  	922	1 
[7, 6, 13, 29]  	674	7 
[7, 23, 1, 29]  	693	7 
[5, 21, 6, 29]  	764	5 
[4, 24, 5, 29]  	783	5 
[2, 20, 11, 29]  	839	3 
[3, 26, 6, 29]  	841	4 
[1, 15, 16, 29]  	860	2 
[1, 31, 5, 29]  	887	3 
[0, 16, 18, 29]  	926	1 
[1, 4, 27, 29]  	948	2 
------
The gap is between 3 and 27.
Lengths: 3 3 5 5 3 3.
For 982 = 5*d/2-d1-d2-d3 you get 3 in char 0.
1*x^1*y^23*z^14
1*y^40*z^2
1*y^9*z^25

For 560 = 3*d/2-d1-d2-d3 you get 5 in char 0.
1*x^4*y^17*z^3
1*x^3*y^3*z^14
1*x^2*y^20*z^2
1*x^1*y^6*z^13
1*y^23*z^1

For 138 = d/2-d1-d2-d3 you get 3 in char 0.
1*x^4*z^2
1*x^2*y^3*z^1
1*y^6

Extra powers of p used 0.
The invariant extra is equal to 1.
Start computing 11^3 Delta^1 (x1x2x3)^10... Done.
Start computing 11^4 Delta^2 (x1x2x3)^10... Done.
Start computing 11^5 Delta^3 (x1x2x3)^10... Done.
Start computing 11^6 Delta^4 (x1x2x3)^10... Done.
Start computing 11^7 Delta^5 (x1x2x3)^10... Done.
Start computing 11^8 Delta^6 (x1x2x3)^10... Done.
Start computing 11^9 Delta^7 (x1x2x3)^10... Done.
Start computing aa.
1 2 3 4 5 6 7 8 9 10 11 
*/
A = \
[521990125493765830736782842410,834596610825239124712107959078,1091999980579589660144267568855,925266931537106034314957364747,628979674444316120076291189423,184172625888502583096658729891,761170843803227561172438135826,994057552396901681822238256217,94789148627891283070383977351,808852123252997762099690712073,962382289396033099480237712856;\
216781791127451132289791042727,20690594677803878196408964191,374964838257479693517131305721,483423578091442663812987149663,861319100247157827822553338849,457273257915232044756910926563,1316015516352352240881044373488,63376272078049459497551421124,225303989731523608048974800431,1534848086032354852325336557216,1234728777733343049438183606429;\
919625910013640913033749832926,532139078779454527856260996447,591658817881548258265792280353,1181701494824115541284622938060,167539262223077705475840524628,1565366273503994863911209403104,1211909654218338465289492346534,804580824273813627352565154220,1546771486427339784544239074339,1379579830933701927094431921813,279240333202379570388694706401;\
1045866091765984671906949588812,1307765536240462098223097363121,776671754362026416074562627545,471225778571726234681876468899,1567830251086724370375172136682,1110748929272558994737614826828,977588289344462721186142539427,414534053250710223043344297045,1270551361252869401406541073816,1430649094839537095555527099506,881180696846156144291613586915;\
820244983170354912208997282347,1104904974900320272957679513630,1418787410643897316318816887963,654242855236522381656566630363,1546591631224092280346934806622,827134085231922652623588527246,684588027341082034610411810542,1044818848813780787505594267498,1575584429176895316130125786194,1542076797590809398837669203706,997165222489046077187957632891;\
876404127429199862537892556263,1041955805852222408418925436529,120297384634748010878483268810,418035812734275107187362341718,452535638856964702492490898916,1466415921112431303612707714539,781369562237431020525025186481,209155087305137620236081320246,426336918629344228051634431629,1228946885552100716496526642039,30122885590939852929173054495;\
151619790242084178809774800665,1320319829434964095406552593090,964711862296399645096711557261,932409898455428090461359142393,772502315028675287298162184099,99646829981014704877409578130,982812425858740165423085078530,1390061494479846278053845268343,899120036783006368351156030709,663756317947347813038070772860,879264493508536007511121611865;\
1069305365088966860356146741379,110855100868822126606703910674,264006344196758110338338808792,503444605407239614830678899812,1035164252962187094188973229688,746295032360463207411695028046,559965371628466840215735453370,1317681099537283701079361747069,1246218289895818229415301835189,747390147385591320295919976214,687255749560172733941802329099;\
1471313635165028710198088211235,381461491788961206979821969248,505268809255541023618574078680,56362863672873896353419241741,966745858572868170676596153382,1253180260632944594243443773920,122019770848445087603514392149,1327400425587581769479755075882,503723365322877833222141851183,815329992842179513318771461376,607375276589812694026647683143;\
114441639663580980714656356477,116411434885432386678668234841,1300669516295446286463042488890,520009401152539851363396978843,1445190688602128783490183695819,341273144891176530781179129116,520913653600251828636130570742,155992692996898601099485206142,916550156799335851231349968079,974861780104098340777361448949,123694024953450418044077042697;\
539798559310362911569185973374,1332409936339449851020248325458,290395281735951263333001819233,50477345048899863052612456319,689163029927786270367842662551,646650147226288335222759647343,1554283784874931846377515785032,1533164307921975479825085032417,1542107741001133338652178729720,219679390021334801714109398302,1108013621909151190841315426697]
/* 
This should be the matrix of frobenius!
*/ 
B = A; 
/* Freed 166 lists. */
