/* Comments begin... 
Coefficient of   x^21 * y^1               = -2
Coefficient of   x^10 * y^2 * z^6         = 2
Coefficient of   x^8 * y^5 * z^5         = 4
Coefficient of   x^6 * y^8 * z^4         = -3
Coefficient of   x^4 * y^11 * z^3         = -3
Coefficient of   x^2 * y^14 * z^2         = -2
Coefficient of   x^1 * z^13               = 4
Coefficient of   y^17 * z^1               = 1

Here is the polynomial we're using this time:

-2*x^21*y^1 + 2*x^10*y^2*z^6 + 4*x^8*y^5*z^5 + -3*x^6*y^8*z^4 + -3*x^4*y^11*z^3 + -2*x^2*y^14*z^2 + 4*x^1*z^13 + 1*y^17*z^1

Allocate G_len 20 elements and old = 0.
Allocate M_len = 400 elements.
Allocate G_len 40 elements and old = 20.
Allocate M_len = 800 elements.
Allocate G_len 80 elements and old = 40.
Allocate M_len = 1600 elements.
Allocate M_len = 3200 elements.
Allocate G_len 160 elements and old = 80.
Allocate M_len = 6400 elements.
Allocate M_len = 12800 elements.
Allocate G_len 320 elements and old = 160.
Allocate M_len = 25600 elements.
The final length of G is 176
[10, 2, 5, 0]  	391	7 
[21, 0, 0, 0]  	399	7  <--- 1
[20, 1, 0, 0]  	403	7 
[8, 5, 5, 0]  	422	6 
[8, 8, 4, 0]  	460	7 
[6, 11, 4, 0]  	491	6 
[5, 0, 15, 0]  	560	6 
[18, 5, 4, 0]  	581	12 
[14, 11, 3, 0]  	612	11 
[18, 8, 3, 0]  	619	11 
[12, 14, 3, 0]  	643	10 
[11, 0, 14, 0]  	643	10 
[14, 14, 2, 0]  	650	10 
[18, 11, 2, 0]  	657	10 
[10, 17, 3, 0]  	674	9 
[9, 3, 14, 0]  	674	9 
[12, 17, 2, 0]  	681	9 
[15, 0, 13, 0]  	688	9 
[10, 19, 2, 0]  	689	9 
[9, 20, 2, 0]  	693	8 
[18, 14, 1, 0]  	695	9 
[9, 19, 3, 0]  	701	8 
[7, 22, 2, 0]  	701	8 
[8, 23, 1, 0]  	712	8 
[12, 20, 1, 0]  	719	8 
[6, 9, 13, 0]  	724	7 
[16, 17, 1, 0]  	726	8 
[10, 22, 1, 0]  	727	8 
[6, 8, 14, 0]  	732	7 
[5, 25, 2, 0]  	732	7 
[19, 0, 12, 0]  	733	8 
[14, 19, 1, 0]  	734	8 
[6, 23, 3, 0]  	736	7 
[5, 9, 14, 0]  	736	7 
[8, 26, 0, 0]  	750	7 
[5, 11, 13, 0]  	751	7 
[4, 12, 13, 0]  	755	6 
[12, 23, 0, 0]  	757	7 
[6, 28, 0, 0]  	758	7 
[7, 26, 1, 0]  	762	6 
[5, 29, 0, 0]  	762	6 
[4, 11, 14, 0]  	763	6 
[10, 25, 0, 0]  	765	7 
[4, 26, 3, 0]  	767	6 
[5, 28, 1, 0]  	770	6 
[4, 14, 12, 0]  	770	6 
[5, 24, 4, 0]  	771	6 
[14, 22, 0, 0]  	772	7 
[4, 29, 1, 0]  	774	6 
[19, 18, 0, 0]  	775	7 
[18, 19, 0, 0]  	779	7 
[5, 15, 11, 0]  	781	6 
[4, 28, 2, 0]  	782	6 
[3, 14, 13, 0]  	782	6 
[3, 29, 2, 0]  	786	5 
[4, 31, 0, 0]  	789	6 
[3, 32, 0, 0]  	793	5 
[5, 21, 7, 0]  	795	6 
[5, 17, 10, 0]  	796	6 
[4, 18, 10, 0]  	800	5 
[3, 31, 1, 0]  	801	5 
[3, 0, 24, 0]  	801	5 
[2, 32, 1, 0]  	805	5 
[17, 21, 0, 0]  	806	6 
[4, 25, 5, 0]  	806	6 
[4, 21, 8, 0]  	807	5 
[4, 17, 11, 0]  	808	5 
[5, 23, 6, 0]  	810	6 
[4, 1, 23, 0]  	812	5 
[4, 24, 6, 0]  	814	5 
[4, 4, 21, 0]  	819	5 
[3, 17, 12, 0]  	820	5 
[4, 23, 7, 0]  	822	5 
[2, 18, 12, 0]  	824	4 
[4, 7, 19, 0]  	826	5 
[4, 3, 22, 0]  	827	5 
[3, 12, 16, 0]  	829	5 
[3, 4, 22, 0]  	831	4 
[4, 10, 17, 0]  	833	5 
[4, 6, 20, 0]  	834	5 
[3, 11, 17, 0]  	837	5 
[3, 7, 20, 0]  	838	4 
[3, 3, 23, 0]  	839	4 
[4, 9, 18, 0]  	841	5 
[2, 35, 0, 0]  	843	4 
[3, 6, 21, 0]  	846	4 
[3, 21, 10, 0]  	850	4 
[3, 24, 8, 0]  	857	4 
[3, 20, 11, 0]  	858	4 
[2, 29, 5, 0]  	860	4 
[2, 21, 11, 0]  	862	3 
[3, 27, 6, 0]  	864	4 
[3, 23, 9, 0]  	865	4 
[2, 28, 6, 0]  	868	4 
[2, 24, 9, 0]  	869	3 
[3, 26, 7, 0]  	872	4 
[2, 4, 24, 0]  	874	4 
[2, 31, 4, 0]  	875	5 
[2, 27, 7, 0]  	876	3 
[2, 23, 10, 0]  	877	3 
[2, 15, 16, 0]  	879	4 
[2, 7, 22, 0]  	881	3 
[2, 26, 8, 0]  	884	3 
[2, 14, 17, 0]  	887	4 
[2, 10, 20, 0]  	888	3 
[1, 15, 17, 0]  	891	3 
[1, 38, 0, 0]  	893	3 
[2, 13, 18, 0]  	895	3 
[2, 9, 21, 0]  	896	3 
[2, 1, 27, 0]  	898	4 
[1, 14, 18, 0]  	899	3 
[1, 10, 21, 0]  	900	2 
[2, 12, 19, 0]  	903	3 
[2, 0, 28, 0]  	906	4 
[1, 13, 19, 0]  	907	2 
[1, 32, 5, 0]  	910	3 
[1, 12, 20, 0]  	915	2 
[1, 31, 6, 0]  	918	3 
[1, 27, 9, 0]  	919	2 
[0, 32, 6, 0]  	922	2 
[1, 30, 7, 0]  	926	2 
[1, 18, 16, 0]  	929	3 
[0, 31, 7, 0]  	930	2 
[1, 29, 8, 0]  	934	2 
[0, 30, 8, 0]  	938	1 
[1, 1, 29, 0]  	941	2 
[1, 24, 12, 0]  	943	3 
[1, 0, 30, 0]  	949	2 
[0, 1, 30, 0]  	953	1 
[0, 16, 19, 0]  	957	1 
[0, 35, 5, 0]  	960	2 
[0, 0, 31, 0]  	961	1  <--- 3
[1, 21, 15, 0]  	967	3 
[0, 18, 18, 0]  	972	1 
[0, 4, 29, 0]  	991	1 
[0, 38, 4, 0]  	998	2 
[0, 21, 17, 0]  	1010	1 
[0, 44, 0, 0]  	1012	2  <--- 2
[0, 7, 28, 0]  	1029	1 
[0, 41, 3, 0]  	1036	2 
[0, 24, 16, 0]  	1048	1 
[0, 10, 27, 0]  	1067	1 
[0, 27, 15, 0]  	1086	1 
[0, 13, 26, 0]  	1105	1 
[6, 14, 3, 1]  	529	7 
[7, 6, 14, 1]  	705	8 
[7, 8, 13, 1]  	720	8 
[7, 25, 1, 1]  	739	7 
[6, 26, 1, 1]  	743	7 
[16, 20, 0, 1]  	764	7 
[5, 18, 9, 1]  	788	6 
[5, 20, 8, 1]  	803	6 
[4, 20, 9, 1]  	815	5 
[3, 10, 18, 1]  	845	4 
[3, 9, 19, 1]  	853	4 
[3, 28, 5, 1]  	856	5 
[1, 4, 28, 1]  	979	2 
[1, 7, 27, 1]  	1017	2 
[1, 35, 4, 2]  	948	3 
[6, 23, 2, 28]  	705	7 
[5, 0, 14, 29]  	529	6 
[9, 19, 2, 29]  	670	7 
[5, 11, 12, 29]  	720	6 
[5, 28, 0, 29]  	739	6 
[5, 21, 6, 29]  	764	6 
[4, 24, 5, 29]  	783	4 
[4, 4, 20, 29]  	788	5 
[4, 6, 19, 29]  	803	5 
[3, 6, 20, 29]  	815	4 
[3, 23, 8, 29]  	834	4 
[2, 27, 6, 29]  	845	3 
[2, 26, 7, 29]  	853	3 
[2, 14, 16, 29]  	856	4 
[1, 13, 18, 29]  	876	2 
[1, 4, 27, 29]  	948	2 
[0, 21, 15, 29]  	948	1 
------
The gap is between 3 and 27.
Lengths: 3 3 5 5 3 3.
For 982 = 5*d/2-d1-d2-d3 you get 3 in char 0.
1*x^1*y^23*z^14
1*y^40*z^2
1*y^9*z^25

For 560 = 3*d/2-d1-d2-d3 you get 5 in char 0.
1*x^4*y^17*z^3
1*x^3*y^3*z^14
1*x^2*y^20*z^2
1*x^1*y^6*z^13
1*y^23*z^1

For 138 = d/2-d1-d2-d3 you get 3 in char 0.
1*x^4*z^2
1*x^2*y^3*z^1
1*y^6

Extra powers of p used 0.
The invariant extra is equal to 1.
Start computing 11^3 Delta^1 (x1x2x3)^10... Done.
Start computing 11^4 Delta^2 (x1x2x3)^10... Done.
Start computing 11^5 Delta^3 (x1x2x3)^10... Done.
Start computing 11^6 Delta^4 (x1x2x3)^10... Done.
Start computing 11^7 Delta^5 (x1x2x3)^10... Done.
Start computing 11^8 Delta^6 (x1x2x3)^10... Done.
Start computing 11^9 Delta^7 (x1x2x3)^10... Done.
Start computing aa.
1 2 3 4 5 6 7 8 9 10 11 
*/
A = \
[90178792676271219249978446412,195009190785899230115280523900,1397791288960260970682208817915,283097385024322391296708307032,903851344518829628105556079752,260386588198302386830881851045,148585103680547023441916853867,226946933350196671425362621600,1140679551886679009892258211123,445094065838237844775197751311,1571785839770634990533216676733;\
477902475969973515974076694084,652242911255002339625681724131,1101550132312552356820241744774,646325796250599989521341397779,514313456946970442815179425376,1384003539091886579032632134768,273432682836331120386563381289,1302404140307678467903065211264,1264502342975127738688045259321,1224443436490765129833182494352,988038932275757864123881999201;\
595764968525019065485047993181,1108685928544354922825011910337,1455446906269260662638958102901,654518234495429652774809921329,1048660463930687324141126213028,1149823029769744408532300809699,670839431791375699486797278049,752331180075923891479856188039,123891275795339566431590566102,1451112857683427517023626355922,278060824376274893525573823921;\
597520488500919413870913080437,1084999344369078011343239651479,636237508120543947291703736746,700790764222876793251944889610,1094731007212112778117327953169,177517320644141058485611278022,84506061797878764020283808634,259904196600348571732614574234,1347840186891736890103620674619,1080103415079019852397266567694,1565261213427681085335320925624;\
1332964467815439091845577382022,1384933491319561084584047511353,615749004382040799096964747003,306379299172970263230107901883,1137137657889177942633331840298,1476033311537518852212788982079,1504666823002048595514434056621,692302365503255151830529198184,178782979404345182025869261497,690326531032070349966039545582,448982275656598993188281023358;\
1141086352828543857180611593140,1309387205772720175948563803123,54072981902700584504623548391,1270725544263158610187109544006,661304847832375798594950407990,257382113869318485661278038121,440520663364108460752467792042,442439727232035444992279189320,1528263368294006473156275060890,1153257391506410597823446669166,142976104716806485576551224356;\
620534186528899997326868687569,1279466803669580930506155149583,808391272615376878961968381724,200441562679155745933618371013,1300703240670286596800430917011,946305389678133897305017273182,127920144578898917366475972530,788952252421675834034343111146,1232888086371523211925710624924,1316437621800736002231899306137,787451913364957405532773575836;\
1500382725594644861261740560083,847690352194080655005963682307,1402989672571710045909910211981,686251388671458709775517186455,660673166930667955931771449721,798772653953380273350124316936,565212302353991228004087113182,528813176008783605463798938741,529480778505475342585037720084,647503027037485108032900607129,330596537571402301482178548411;\
787830321960314030393925081638,337979787358708029229480672514,1293290371378811896054151050377,1224289228351856917769504391516,760723056022236068341056449500,143668391418868178624357320087,1225287718802983169467862168561,1251434008286996099993154114871,1490167227255534656451450079813,754831579775390778133528059235,1381580015408618458320882927460;\
1330847444007866723907276710480,1502259318793690790823581446988,748433940679207004718628219371,749388892796681451109974930378,655759108371173777467703244093,766305550194072688026739310689,1198717846667415590623001210855,1070234898754806317192339210421,1134071111837210987112450556955,1011635337363915706950030517192,1140869855485212950189279129041;\
828513685045659795364194491443,373417758449426119019495117282,705692702363443812814315712860,28719335180612922574683913640,17324564767191833321927978430,462720021292954906050671525182,160526392189593023210107845145,1288755397227107154026608592644,771157294487759281555012461209,219632067808677810428412661402,114782161601102817120149565847]
/* 
This should be the matrix of frobenius!
*/ 
B = A; 
/* Freed 167 lists. */
