/* Comments begin... 
Coefficient of   x^21 * y^1               = 4
Coefficient of   x^10 * y^2 * z^6         = -2
Coefficient of   x^8 * y^5 * z^5         = -3
Coefficient of   x^6 * y^8 * z^4         = -5
Coefficient of   x^4 * y^11 * z^3         = -4
Coefficient of   x^2 * y^14 * z^2         = -2
Coefficient of   x^1 * z^13               = 1
Coefficient of   y^17 * z^1               = 3

Here is the polynomial we're using this time:

4*x^21*y^1 + -2*x^10*y^2*z^6 + -3*x^8*y^5*z^5 + -5*x^6*y^8*z^4 + -4*x^4*y^11*z^3 + -2*x^2*y^14*z^2 + 1*x^1*z^13 + 3*y^17*z^1

Allocate G_len 20 elements and old = 0.
Allocate M_len = 400 elements.
Allocate G_len 40 elements and old = 20.
Allocate M_len = 800 elements.
Allocate G_len 80 elements and old = 40.
Allocate M_len = 1600 elements.
Allocate M_len = 3200 elements.
Allocate G_len 160 elements and old = 80.
Allocate M_len = 6400 elements.
Allocate M_len = 12800 elements.
Allocate G_len 320 elements and old = 160.
The final length of G is 167
[10, 2, 5, 0]  	391	7 
[21, 0, 0, 0]  	399	7  <--- 1
[20, 1, 0, 0]  	403	7 
[8, 5, 5, 0]  	422	6 
[8, 8, 4, 0]  	460	7 
[6, 11, 4, 0]  	491	6 
[6, 14, 3, 0]  	529	7 
[5, 0, 15, 0]  	560	6 
[18, 5, 4, 0]  	581	12 
[14, 11, 3, 0]  	612	11 
[18, 8, 3, 0]  	619	11 
[11, 0, 14, 0]  	643	10 
[14, 14, 2, 0]  	650	10 
[18, 11, 2, 0]  	657	10 
[12, 17, 2, 0]  	681	9 
[15, 0, 13, 0]  	688	9 
[10, 19, 2, 0]  	689	9 
[9, 20, 2, 0]  	693	8 
[18, 14, 1, 0]  	695	9 
[7, 22, 2, 0]  	701	8 
[7, 6, 14, 0]  	705	8 
[8, 23, 1, 0]  	712	8 
[12, 20, 1, 0]  	719	8 
[6, 9, 13, 0]  	724	7 
[16, 17, 1, 0]  	726	8 
[10, 22, 1, 0]  	727	8 
[6, 8, 14, 0]  	732	7 
[5, 25, 2, 0]  	732	7 
[19, 0, 12, 0]  	733	8 
[14, 19, 1, 0]  	734	8 
[5, 9, 14, 0]  	736	7 
[7, 25, 1, 0]  	739	7 
[6, 26, 1, 0]  	743	7 
[8, 26, 0, 0]  	750	7 
[4, 12, 13, 0]  	755	6 
[12, 23, 0, 0]  	757	7 
[6, 28, 0, 0]  	758	7 
[4, 11, 14, 0]  	763	6 
[10, 25, 0, 0]  	765	7 
[4, 26, 3, 0]  	767	6 
[5, 28, 1, 0]  	770	6 
[4, 14, 12, 0]  	770	6 
[5, 24, 4, 0]  	771	6 
[14, 22, 0, 0]  	772	7 
[4, 29, 1, 0]  	774	6 
[19, 18, 0, 0]  	775	7 
[18, 19, 0, 0]  	779	7 
[5, 15, 11, 0]  	781	6 
[4, 28, 2, 0]  	782	6 
[3, 14, 13, 0]  	782	6 
[5, 18, 9, 0]  	788	6 
[4, 31, 0, 0]  	789	6 
[3, 32, 0, 0]  	793	5 
[5, 21, 7, 0]  	795	6 
[5, 17, 10, 0]  	796	6 
[4, 18, 10, 0]  	800	5 
[3, 31, 1, 0]  	801	6 
[5, 20, 8, 0]  	803	6 
[2, 32, 1, 0]  	805	5 
[17, 21, 0, 0]  	806	6 
[4, 25, 5, 0]  	806	6 
[4, 21, 8, 0]  	807	5 
[4, 17, 11, 0]  	808	5 
[5, 23, 6, 0]  	810	6 
[4, 1, 23, 0]  	812	5 
[4, 24, 6, 0]  	814	5 
[4, 20, 9, 0]  	815	5 
[4, 4, 21, 0]  	819	5 
[4, 0, 24, 0]  	820	5 
[3, 17, 12, 0]  	820	5 
[4, 23, 7, 0]  	822	5 
[3, 1, 24, 0]  	824	4 
[2, 18, 12, 0]  	824	4 
[4, 7, 19, 0]  	826	5 
[4, 3, 22, 0]  	827	5 
[3, 12, 16, 0]  	829	5 
[3, 4, 22, 0]  	831	4 
[4, 6, 20, 0]  	834	5 
[3, 11, 17, 0]  	837	5 
[3, 3, 23, 0]  	839	4 
[4, 9, 18, 0]  	841	5 
[2, 35, 0, 0]  	843	4 
[3, 10, 18, 0]  	845	4 
[3, 6, 21, 0]  	846	4 
[3, 21, 10, 0]  	850	4 
[3, 9, 19, 0]  	853	4 
[3, 28, 5, 0]  	856	5 
[3, 24, 8, 0]  	857	4 
[3, 20, 11, 0]  	858	4 
[2, 29, 5, 0]  	860	4 
[2, 21, 11, 0]  	862	3 
[3, 27, 6, 0]  	864	4 
[3, 23, 9, 0]  	865	4 
[2, 28, 6, 0]  	868	4 
[2, 24, 9, 0]  	869	3 
[3, 26, 7, 0]  	872	4 
[2, 31, 4, 0]  	875	5 
[2, 27, 7, 0]  	876	3 
[2, 23, 10, 0]  	877	3 
[2, 15, 16, 0]  	879	4 
[2, 7, 22, 0]  	881	3 
[2, 26, 8, 0]  	884	3 
[2, 14, 17, 0]  	887	4 
[2, 10, 20, 0]  	888	3 
[1, 15, 17, 0]  	891	3 
[1, 38, 0, 0]  	893	3 
[2, 13, 18, 0]  	895	3 
[2, 9, 21, 0]  	896	3 
[2, 1, 27, 0]  	898	4 
[1, 14, 18, 0]  	899	3 
[1, 10, 21, 0]  	900	2 
[2, 12, 19, 0]  	903	3 
[2, 0, 28, 0]  	906	4 
[1, 13, 19, 0]  	907	2 
[1, 32, 5, 0]  	910	3 
[1, 12, 20, 0]  	915	2 
[1, 31, 6, 0]  	918	3 
[1, 27, 9, 0]  	919	2 
[0, 32, 6, 0]  	922	2 
[1, 30, 7, 0]  	926	2 
[1, 18, 16, 0]  	929	3 
[0, 31, 7, 0]  	930	2 
[1, 29, 8, 0]  	934	2 
[0, 30, 8, 0]  	938	1 
[1, 1, 29, 0]  	941	2 
[1, 24, 12, 0]  	943	3 
[1, 35, 4, 0]  	948	3 
[1, 0, 30, 0]  	949	2 
[0, 1, 30, 0]  	953	1 
[0, 16, 19, 0]  	957	1 
[0, 35, 5, 0]  	960	2 
[0, 0, 31, 0]  	961	1  <--- 3
[1, 21, 15, 0]  	967	3 
[0, 18, 18, 0]  	972	1 
[1, 4, 28, 0]  	979	2 
[0, 4, 29, 0]  	991	1 
[0, 38, 4, 0]  	998	2 
[0, 21, 17, 0]  	1010	1 
[0, 44, 0, 0]  	1012	2  <--- 2
[1, 7, 27, 0]  	1017	2 
[0, 7, 28, 0]  	1029	1 
[0, 41, 3, 0]  	1036	2 
[0, 24, 16, 0]  	1048	1 
[0, 10, 27, 0]  	1067	1 
[0, 27, 15, 0]  	1086	1 
[0, 13, 26, 0]  	1105	1 
[9, 3, 14, 1]  	674	9 
[7, 8, 13, 1]  	720	8 
[5, 11, 13, 1]  	751	7 
[5, 29, 0, 1]  	762	6 
[16, 20, 0, 1]  	764	7 
[3, 29, 2, 1]  	786	5 
[3, 0, 24, 1]  	801	5 
[4, 10, 17, 1]  	833	5 
[2, 4, 24, 1]  	874	4 
[3, 7, 20, 2]  	838	4 
[2, 24, 8, 28]  	838	3 
[8, 20, 2, 29]  	674	8 
[6, 25, 1, 29]  	720	7 
[4, 28, 1, 29]  	751	5 
[4, 15, 11, 29]  	762	5 
[5, 21, 6, 29]  	764	5 
[4, 24, 5, 29]  	783	4 
[2, 15, 13, 29]  	786	4 
[2, 17, 12, 29]  	801	4 
[3, 27, 5, 29]  	833	4 
[1, 21, 12, 29]  	874	3 
------
The gap is between 3 and 27.
Lengths: 3 3 5 5 3 4.
For 982 = 5*d/2-d1-d2-d3 you get 3 in char 0.
1*x^1*y^23*z^14
1*y^40*z^2
1*y^9*z^25

For 560 = 3*d/2-d1-d2-d3 you get 5 in char 0.
1*x^4*y^17*z^3
1*x^3*y^3*z^14
1*x^2*y^20*z^2
1*x^1*y^6*z^13
1*y^23*z^1

For 138 = d/2-d1-d2-d3 you get 3 in char 0.
1*x^4*z^2
1*x^2*y^3*z^1
1*y^6

Extra powers of p used 1.
The invariant extra is equal to 1.
Start computing 11^3 Delta^1 (x1x2x3)^10... Done.
Start computing 11^4 Delta^2 (x1x2x3)^10... Done.
Start computing 11^5 Delta^3 (x1x2x3)^10... Done.
Start computing 11^6 Delta^4 (x1x2x3)^10... Done.
Start computing 11^7 Delta^5 (x1x2x3)^10... Done.
Start computing 11^8 Delta^6 (x1x2x3)^10... Done.
Start computing 11^9 Delta^7 (x1x2x3)^10... Done.
Start computing aa.
1 2 3 4 5 6 7 8 9 10 11 
*/
A = \
[1528018043973844856571683273184,24188459206205557202221087299,827626486085575667703648207969,520834415483057923090010580633,811715851612832381457534676307,1504113979003228020523333326594,1064577424800863640006942914389,907678291492223311163003717729,1424691465457017040894220785890,56506266430606967259979771253,881937595782836165651307265817;\
1306204958497766003528291874029,1051086010380038464698759320014,1320713659989017656351251589276,935314148024815600672619349394,420971398790971025808576772402,480742948443202013036884371054,807904240164262190324596453265,1348707567811484975682231930099,636291971978537521137710786732,675238673884106908260356242615,1266476408058222343262915596808;\
272364185682305346648439533971,957627656310903050428301008236,1345238357788584538854748268416,1349394180915438814347949663741,972350556193439078866688067315,518546631520716216413199936413,1121726246367081436587383384144,1050448520626836091761864332689,195458547369648433739446731087,1303956091458324307191229041825,330439614683757215034889174552;\
555456162367321141740776243649,524907406902554108077369836616,1096361209399520418074916400941,244424901552141252386716780739,1234725177357159202928486242772,1095847689303863810826482830541,309165600640745485591545698701,219105314736085454626980364994,1101363399545674038552054534346,1099498799554835553579211922691,453783159499526642873225768696;\
29942773135429574864754520398,26158602629827553477703501095,414065637242722422985645488433,274796769671879612023271012212,472744841284743755630513420876,1263727423039134439427513306824,991142919114432686926447514732,837014334661793187061408097038,1190422246402376299237968029185,994036068266028334948640828017,20437499923400080168706885211;\
189262627653636679191023659999,216003227178026936006039734439,1577375054642896090795768875882,751341862364113282695851722205,850671366451461959699100135506,1091672842441127239491639943997,974043192068645181926604918636,290094646162710155567249068961,1418972036264904165826911574027,321384685431338761188381481485,358986121253304812318258748673;\
469238110606497970465185165858,1368810822312477284004796730520,951286025838768259431550237196,255708885001326839494734589806,817904997422103745072510327835,1450838376525482112658778005916,498172436180127803939678242442,1062432904344267369725256235252,278579900504314233659973758774,9684664814775956833835541270,404095138818872881411415441123;\
594026808025175689086221987630,1423940904771050273301919458601,518796101707861278182684937876,1552042823062485181716159960,563809310778510815005996054398,1398890307994681194977482049599,413905241411486500168602708588,642617867713091913432887196506,370352738479335699546592768899,1312125852869513846727796307448,1249734993369892516798792720800;\
830366523892728049798292866502,797753449235484171925102233506,243111286638300266481611103668,859113369631857634600731835608,700459284531652953377750744119,629397802599012058978558789322,822050891958481185997221992536,643650036814545671691128939052,297544757787650327258941518948,874566286379521016591636680233,1017525181795613345740995986195;\
884794840201428186409286983172,972391321077028119605189196429,690991968392363611158306060100,1503258765648957467351494960513,1145317779925694088975436117338,519878945686691411136348658461,889506050175357030710513200135,402893660480244280451536036286,562192567313699789386112912785,432922333113453452761505888567,906469405034474833320027586041;\
865704574812725988700231771410,739864034528572979616591927948,18164022385247791997223341941,952998150946045400039024626137,1163832930961067632077277827989,531904312960339131393433803962,897453299881611028855318314790,1011109690437132004314819062378,895585047991336445505554010186,20423072526767479338872013395,1243976820414050467692490851187]
/* 
This matrix times 11^(-1) should be the matrix of frobenius.
*/ 
B = 11^(-1) * A; 
/* Freed 167 lists. */
