/* Comments begin... 
Coefficient of   x^21 * y^1               = 4
Coefficient of   x^10 * y^2 * z^6         = 5
Coefficient of   x^8 * y^5 * z^5         = 5
Coefficient of   x^6 * y^8 * z^4         = -2
Coefficient of   x^4 * y^11 * z^3         = -5
Coefficient of   x^2 * y^14 * z^2         = 1
Coefficient of   x^1 * z^13               = 1
Coefficient of   y^17 * z^1               = 0

Here is the polynomial we're using this time:

4*x^21*y^1 + 5*x^10*y^2*z^6 + 5*x^8*y^5*z^5 + -2*x^6*y^8*z^4 + -5*x^4*y^11*z^3 + 1*x^2*y^14*z^2 + 1*x^1*z^13

Allocate G_len 20 elements and old = 0.
Allocate M_len = 400 elements.
Allocate G_len 40 elements and old = 20.
Allocate M_len = 800 elements.
Allocate G_len 80 elements and old = 40.
Allocate M_len = 1600 elements.
Allocate M_len = 3200 elements.
Allocate G_len 160 elements and old = 80.
Allocate M_len = 6400 elements.
Allocate M_len = 12800 elements.
Not smooth!
Coefficient of   x^21 * y^1               = 0
Coefficient of   x^10 * y^2 * z^6         = -1
Coefficient of   x^8 * y^5 * z^5         = -4
Coefficient of   x^6 * y^8 * z^4         = -5
Coefficient of   x^4 * y^11 * z^3         = 1
Coefficient of   x^2 * y^14 * z^2         = 0
Coefficient of   x^1 * z^13               = -4
Coefficient of   y^17 * z^1               = 3

Here is the polynomial we're using this time:

-1*x^10*y^2*z^6 + -4*x^8*y^5*z^5 + -5*x^6*y^8*z^4 + 1*x^4*y^11*z^3 + -4*x^1*z^13 + 3*y^17*z^1

Not smooth!
Coefficient of   x^21 * y^1               = 4
Coefficient of   x^10 * y^2 * z^6         = -2
Coefficient of   x^8 * y^5 * z^5         = -4
Coefficient of   x^6 * y^8 * z^4         = 1
Coefficient of   x^4 * y^11 * z^3         = 5
Coefficient of   x^2 * y^14 * z^2         = -3
Coefficient of   x^1 * z^13               = -3
Coefficient of   y^17 * z^1               = 2

Here is the polynomial we're using this time:

4*x^21*y^1 + -2*x^10*y^2*z^6 + -4*x^8*y^5*z^5 + 1*x^6*y^8*z^4 + 5*x^4*y^11*z^3 + -3*x^2*y^14*z^2 + -3*x^1*z^13 + 2*y^17*z^1

Allocate G_len 320 elements and old = 160.
Allocate M_len = 25600 elements.
The final length of G is 175
[10, 2, 5, 0]  	391	7 
[21, 0, 0, 0]  	399	7  <--- 1
[20, 1, 0, 0]  	403	7 
[8, 5, 5, 0]  	422	6 
[8, 8, 4, 0]  	460	7 
[6, 11, 4, 0]  	491	6 
[6, 14, 3, 0]  	529	7 
[5, 0, 15, 0]  	560	6 
[18, 5, 4, 0]  	581	12 
[14, 11, 3, 0]  	612	11 
[18, 8, 3, 0]  	619	11 
[11, 0, 14, 0]  	643	10 
[14, 14, 2, 0]  	650	10 
[18, 11, 2, 0]  	657	10 
[9, 3, 14, 0]  	674	9 
[12, 17, 2, 0]  	681	9 
[15, 0, 13, 0]  	688	9 
[10, 19, 2, 0]  	689	9 
[9, 20, 2, 0]  	693	8 
[18, 14, 1, 0]  	695	9 
[7, 6, 14, 0]  	705	8 
[8, 23, 1, 0]  	712	8 
[12, 20, 1, 0]  	719	8 
[8, 22, 2, 0]  	720	8 
[7, 8, 13, 0]  	720	8 
[7, 23, 2, 0]  	724	7 
[6, 9, 13, 0]  	724	7 
[16, 17, 1, 0]  	726	8 
[10, 22, 1, 0]  	727	8 
[6, 8, 14, 0]  	732	7 
[19, 0, 12, 0]  	733	8 
[14, 19, 1, 0]  	734	8 
[5, 9, 14, 0]  	736	7 
[8, 26, 0, 0]  	750	7 
[6, 25, 2, 0]  	751	7 
[5, 11, 13, 0]  	751	7 
[5, 26, 2, 0]  	755	6 
[4, 12, 13, 0]  	755	6 
[12, 23, 0, 0]  	757	7 
[6, 28, 0, 0]  	758	7 
[5, 29, 0, 0]  	762	6 
[5, 25, 3, 0]  	763	6 
[4, 11, 14, 0]  	763	6 
[10, 25, 0, 0]  	765	7 
[4, 26, 3, 0]  	767	6 
[5, 28, 1, 0]  	770	6 
[4, 14, 12, 0]  	770	6 
[5, 24, 4, 0]  	771	6 
[14, 22, 0, 0]  	772	7 
[4, 29, 1, 0]  	774	6 
[19, 18, 0, 0]  	775	7 
[18, 19, 0, 0]  	779	7 
[5, 15, 11, 0]  	781	6 
[4, 28, 2, 0]  	782	6 
[3, 14, 13, 0]  	782	6 
[5, 18, 9, 0]  	788	6 
[4, 31, 0, 0]  	789	6 
[3, 32, 0, 0]  	793	5 
[5, 21, 7, 0]  	795	6 
[5, 17, 10, 0]  	796	6 
[3, 31, 1, 0]  	801	6 
[5, 20, 8, 0]  	803	6 
[2, 32, 1, 0]  	805	5 
[17, 21, 0, 0]  	806	6 
[4, 25, 5, 0]  	806	6 
[4, 21, 8, 0]  	807	5 
[4, 17, 11, 0]  	808	5 
[5, 23, 6, 0]  	810	6 
[4, 1, 23, 0]  	812	5 
[4, 24, 6, 0]  	814	5 
[4, 20, 9, 0]  	815	5 
[4, 4, 21, 0]  	819	5 
[4, 0, 24, 0]  	820	5 
[3, 17, 12, 0]  	820	5 
[4, 23, 7, 0]  	822	5 
[3, 1, 24, 0]  	824	4 
[2, 18, 12, 0]  	824	4 
[4, 7, 19, 0]  	826	5 
[3, 12, 16, 0]  	829	5 
[3, 4, 22, 0]  	831	4 
[4, 10, 17, 0]  	833	5 
[4, 6, 20, 0]  	834	5 
[3, 11, 17, 0]  	837	5 
[3, 7, 20, 0]  	838	4 
[3, 3, 23, 0]  	839	4 
[4, 9, 18, 0]  	841	5 
[2, 35, 0, 0]  	843	4 
[3, 6, 21, 0]  	846	4 
[3, 21, 10, 0]  	850	4 
[3, 9, 19, 0]  	853	4 
[3, 28, 5, 0]  	856	5 
[3, 24, 8, 0]  	857	4 
[3, 20, 11, 0]  	858	4 
[2, 29, 5, 0]  	860	4 
[2, 21, 11, 0]  	862	3 
[3, 27, 6, 0]  	864	4 
[3, 23, 9, 0]  	865	4 
[2, 28, 6, 0]  	868	4 
[2, 24, 9, 0]  	869	3 
[3, 26, 7, 0]  	872	4 
[2, 4, 24, 0]  	874	4 
[2, 31, 4, 0]  	875	5 
[2, 27, 7, 0]  	876	3 
[2, 23, 10, 0]  	877	3 
[2, 15, 16, 0]  	879	4 
[2, 7, 22, 0]  	881	3 
[2, 26, 8, 0]  	884	3 
[2, 14, 17, 0]  	887	4 
[2, 10, 20, 0]  	888	3 
[1, 15, 17, 0]  	891	3 
[1, 38, 0, 0]  	893	3 
[2, 13, 18, 0]  	895	3 
[2, 9, 21, 0]  	896	3 
[2, 1, 27, 0]  	898	4 
[1, 14, 18, 0]  	899	3 
[1, 10, 21, 0]  	900	2 
[2, 12, 19, 0]  	903	3 
[2, 0, 28, 0]  	906	4 
[1, 13, 19, 0]  	907	2 
[1, 32, 5, 0]  	910	3 
[1, 12, 20, 0]  	915	2 
[1, 27, 9, 0]  	919	2 
[0, 32, 6, 0]  	922	2 
[1, 30, 7, 0]  	926	2 
[1, 18, 16, 0]  	929	3 
[0, 31, 7, 0]  	930	2 
[1, 29, 8, 0]  	934	2 
[0, 30, 8, 0]  	938	1 
[1, 1, 29, 0]  	941	2 
[1, 24, 12, 0]  	943	3 
[1, 35, 4, 0]  	948	3 
[1, 0, 30, 0]  	949	2 
[0, 1, 30, 0]  	953	1 
[0, 16, 19, 0]  	957	1 
[0, 35, 5, 0]  	960	2 
[0, 0, 31, 0]  	961	1  <--- 3
[1, 21, 15, 0]  	967	3 
[0, 18, 18, 0]  	972	1 
[0, 4, 29, 0]  	991	1 
[0, 38, 4, 0]  	998	2 
[0, 21, 17, 0]  	1010	1 
[0, 44, 0, 0]  	1012	2  <--- 2
[1, 7, 27, 0]  	1017	2 
[0, 7, 28, 0]  	1029	1 
[0, 41, 3, 0]  	1036	2 
[0, 24, 16, 0]  	1048	1 
[0, 10, 27, 0]  	1067	1 
[0, 27, 15, 0]  	1086	1 
[0, 13, 26, 0]  	1105	1 
[5, 25, 2, 1]  	732	7 
[7, 25, 1, 1]  	739	7 
[6, 26, 1, 1]  	743	7 
[16, 20, 0, 1]  	764	7 
[3, 29, 2, 1]  	786	5 
[4, 18, 10, 1]  	800	5 
[3, 0, 24, 1]  	801	5 
[4, 3, 22, 1]  	827	5 
[3, 10, 18, 1]  	845	4 
[1, 31, 6, 1]  	918	3 
[7, 22, 2, 2]  	701	8 
[1, 4, 28, 2]  	979	2 
[6, 8, 13, 28]  	701	7 
[0, 21, 16, 28]  	979	1 
[4, 11, 13, 29]  	732	6 
[5, 28, 0, 29]  	739	6 
[5, 12, 12, 29]  	743	6 
[4, 15, 11, 29]  	762	4 
[5, 21, 6, 29]  	764	6 
[4, 24, 5, 29]  	783	5 
[2, 15, 13, 29]  	786	4 
[3, 4, 21, 29]  	800	4 
[2, 17, 12, 29]  	801	4 
[3, 20, 10, 29]  	827	4 
[2, 27, 6, 29]  	845	2 
[1, 0, 29, 29]  	918	2 
------
The gap is between 3 and 27.
Lengths: 3 3 5 5 3 3.
For 982 = 5*d/2-d1-d2-d3 you get 3 in char 0.
1*x^1*y^23*z^14
1*y^40*z^2
1*y^9*z^25

For 560 = 3*d/2-d1-d2-d3 you get 5 in char 0.
1*x^4*y^17*z^3
1*x^3*y^3*z^14
1*x^2*y^20*z^2
1*x^1*y^6*z^13
1*y^23*z^1

For 138 = d/2-d1-d2-d3 you get 3 in char 0.
1*x^4*z^2
1*x^2*y^3*z^1
1*y^6

Extra powers of p used 0.
The invariant extra is equal to 1.
Start computing 11^3 Delta^1 (x1x2x3)^10... Done.
Start computing 11^4 Delta^2 (x1x2x3)^10... Done.
Start computing 11^5 Delta^3 (x1x2x3)^10... Done.
Start computing 11^6 Delta^4 (x1x2x3)^10... Done.
Start computing 11^7 Delta^5 (x1x2x3)^10... Done.
Start computing 11^8 Delta^6 (x1x2x3)^10... Done.
Start computing 11^9 Delta^7 (x1x2x3)^10... Done.
Start computing aa.
1 2 3 4 5 6 7 8 9 10 11 
*/
A = \
[959764933228458526884400790818,178033980377056568564568983629,27101720658928470544020633815,1503475065689209276497811767009,1221301551966639275113262650930,1145576750837939471525153808392,619365609559261344890621227519,360080734919173647610511000061,1098405543337394295274371214356,1290035945324953257332237869335,1071460973488546637954339988320;\
152976034641657057795605078630,784616395393620794319947150086,1306924408064953540817324258816,1228739492488252013094553418471,864453007868312416069664788970,935659100296887156210367868202,324099602346336059511912186851,877170144449131195917957115578,1562149972280345727974547396335,1232291888536937200583582348410,307858741947044804965734768560;\
208672147766896288186161474661,451196432394219467422967672226,166633024880991811078584820975,1313524847549469951214692304343,116094641702978714067972232949,1030408719211590077244381797873,331459850408600005730892416272,425584173974054614671188416809,747876719690126710656975329811,1550046615686785400037112528698,797308897308991729193130509020;\
35870068730939308878950668657,928916645016319505533465003969,814863781888286873913711753593,575157120314865670746783706175,948573398841069076028655240693,1001150486297459037594150571585,205894553508483100138984607358,666230295848868378268387628200,1235218928751198083375675414642,104530848990765110336396361707,839801898248753172575949427992;\
613651114316945856624589760275,567693149665585055725607071961,1585826396701666910648955940093,220513638041624711906119281449,741600699545809241200713369532,418520268973488966107812443323,488835468506866283085725309241,234073403281355734825111431697,791190474922794151835451135325,1414718222231568324574908589086,1108597577072055467704142414029;\
1517676982664568380873063782994,1372355377877414958929509318571,1542357241411566299729253907686,555069134775318619990984379974,813011665648107765426907679359,733032632197460984989011267944,113036013536430208814237852413,493476846262281476859575079989,794729269182098507057908217297,480950950969911515966852826869,75881196793348223731991056993;\
297449036461052058352548377771,592157285498859470999558971734,1534442947464213549979033319006,633224147773456117196058943312,503152334610147616755965070115,1447230136692661006852305461685,489240077886707991566683235946,147053566246569753766810823129,592849987541324833389899501716,270000528649634620434716940238,1559689769529128213968913583574;\
792920128942054184033840364979,20861629252760594108281790770,1546357943339801434381815691731,853754663588196378802339752107,579686314556861858805035084101,1469821595326396132760076602135,1136818015837774470328150031570,157956225775593921210323079511,220355984828375359671923262795,1405072542752184900555861939270,834365742220347145325970669909;\
302050733253953106249186438118,223539099563577793300430907239,1285235485249304285575085482496,987361217410447555737935862263,1168387319708107746666765876640,267238980867385135822720638373,659715481342697784462612541662,966770784679076901314681914276,733165886755838530391104884242,745791199705728545535428030890,48635413683964504516575029739;\
1454608122203519141622052471060,730815614070738172453018907292,191888428823709677763110539968,378382615646204384411853194186,376149252426394010090769283272,644191021418253852326867517027,1059313564234011790557502864721,1246318653459339457801057831775,1397385594091409378706339686025,1449511639850749817558346474630,1518334736302208220095648944721;\
1176544720640918286637149626628,968219125886643159908350283213,1000107554120425700904652855933,1303261903725467381477024447303,723586663620880032845818022736,1556543960345755548715419472117,1209844005695358150929648383492,358068421401683904870463137754,364554903216387720428334791059,553311969927722558538261142240,752902607203781058561529454319]
/* 
This should be the matrix of frobenius!
*/ 
B = A; 
/* Freed 167 lists. */
