/* Comments begin... 
Coefficient of   x^21 * y^1               = 4
Coefficient of   x^10 * y^2 * z^6         = -5
Coefficient of   x^8 * y^5 * z^5         = -2
Coefficient of   x^6 * y^8 * z^4         = -4
Coefficient of   x^4 * y^11 * z^3         = -5
Coefficient of   x^2 * y^14 * z^2         = -1
Coefficient of   x^1 * z^13               = 3
Coefficient of   y^17 * z^1               = 5

Here is the polynomial we're using this time:

4*x^21*y^1 + -5*x^10*y^2*z^6 + -2*x^8*y^5*z^5 + -4*x^6*y^8*z^4 + -5*x^4*y^11*z^3 + -1*x^2*y^14*z^2 + 3*x^1*z^13 + 5*y^17*z^1

Allocate G_len 20 elements and old = 0.
Allocate M_len = 400 elements.
Allocate G_len 40 elements and old = 20.
Allocate M_len = 800 elements.
Allocate G_len 80 elements and old = 40.
Allocate M_len = 1600 elements.
Allocate M_len = 3200 elements.
Allocate G_len 160 elements and old = 80.
Allocate M_len = 6400 elements.
Allocate M_len = 12800 elements.
Allocate G_len 320 elements and old = 160.
Allocate M_len = 25600 elements.
The final length of G is 195
[10, 2, 5, 0]  	391	7 
[21, 0, 0, 0]  	399	7  <--- 1
[20, 1, 0, 0]  	403	7 
[8, 5, 5, 0]  	422	6 
[6, 14, 3, 0]  	529	7 
[18, 5, 4, 0]  	581	12 
[16, 8, 4, 0]  	612	12 
[18, 8, 3, 0]  	619	11 
[7, 0, 16, 0]  	629	7 
[14, 11, 4, 0]  	643	11 
[16, 11, 3, 0]  	650	10 
[14, 14, 2, 0]  	650	10 
[18, 11, 2, 0]  	657	11 
[11, 0, 15, 0]  	674	10 
[13, 0, 14, 0]  	681	9 
[12, 17, 2, 0]  	681	9 
[15, 0, 13, 0]  	688	10 
[10, 19, 2, 0]  	689	9 
[9, 20, 2, 0]  	693	8 
[18, 14, 1, 0]  	695	10 
[7, 22, 2, 0]  	701	8 
[9, 3, 15, 0]  	705	9 
[8, 23, 1, 0]  	712	8 
[12, 20, 1, 0]  	719	9 
[7, 8, 13, 0]  	720	8 
[16, 17, 1, 0]  	726	9 
[10, 22, 1, 0]  	727	9 
[5, 25, 2, 0]  	732	7 
[19, 0, 12, 0]  	733	9 
[14, 19, 1, 0]  	734	9 
[7, 6, 15, 0]  	736	8 
[7, 25, 1, 0]  	739	7 
[6, 26, 1, 0]  	743	7 
[8, 26, 0, 0]  	750	8 
[5, 11, 13, 0]  	751	7 
[4, 12, 13, 0]  	755	6 
[12, 23, 0, 0]  	757	8 
[7, 11, 12, 0]  	758	8 
[6, 12, 12, 0]  	762	7 
[6, 8, 15, 0]  	763	6 
[4, 11, 14, 0]  	763	6 
[10, 25, 0, 0]  	765	7 
[5, 9, 15, 0]  	767	6 
[4, 26, 3, 0]  	767	6 
[5, 28, 1, 0]  	770	6 
[4, 14, 12, 0]  	770	6 
[6, 7, 16, 0]  	771	6 
[5, 24, 4, 0]  	771	6 
[14, 22, 0, 0]  	772	8 
[4, 29, 1, 0]  	774	6 
[19, 18, 0, 0]  	775	8 
[7, 28, 0, 0]  	777	7 
[18, 19, 0, 0]  	779	8 
[6, 29, 0, 0]  	781	6 
[5, 15, 11, 0]  	781	6 
[4, 28, 2, 0]  	782	6 
[3, 14, 13, 0]  	782	6 
[3, 29, 2, 0]  	786	5 
[6, 1, 21, 0]  	788	6 
[5, 18, 9, 0]  	788	6 
[4, 31, 0, 0]  	789	6 
[3, 32, 0, 0]  	793	5 
[6, 4, 19, 0]  	795	6 
[5, 21, 7, 0]  	795	6 
[6, 0, 22, 0]  	796	6 
[5, 17, 10, 0]  	796	6 
[5, 1, 22, 0]  	800	5 
[4, 18, 10, 0]  	800	5 
[3, 31, 1, 0]  	801	5 
[3, 0, 24, 0]  	801	5 
[5, 20, 8, 0]  	803	6 
[2, 32, 1, 0]  	805	5 
[17, 21, 0, 0]  	806	6 
[5, 8, 17, 0]  	806	6 
[4, 25, 5, 0]  	806	6 
[5, 4, 20, 0]  	807	5 
[4, 21, 8, 0]  	807	5 
[5, 0, 23, 0]  	808	5 
[4, 17, 11, 0]  	808	5 
[6, 6, 18, 0]  	810	6 
[5, 23, 6, 0]  	810	6 
[4, 1, 23, 0]  	812	5 
[5, 7, 18, 0]  	814	5 
[4, 24, 6, 0]  	814	5 
[5, 3, 21, 0]  	815	5 
[4, 20, 9, 0]  	815	5 
[4, 4, 21, 0]  	819	5 
[3, 17, 12, 0]  	820	5 
[5, 6, 19, 0]  	822	5 
[4, 23, 7, 0]  	822	5 
[2, 18, 12, 0]  	824	4 
[4, 7, 19, 0]  	826	5 
[4, 3, 22, 0]  	827	5 
[3, 12, 16, 0]  	829	5 
[3, 4, 22, 0]  	831	4 
[4, 10, 17, 0]  	833	5 
[4, 6, 20, 0]  	834	5 
[3, 11, 17, 0]  	837	5 
[3, 7, 20, 0]  	838	4 
[3, 3, 23, 0]  	839	4 
[4, 9, 18, 0]  	841	5 
[2, 35, 0, 0]  	843	4 
[3, 10, 18, 0]  	845	4 
[3, 6, 21, 0]  	846	4 
[3, 21, 10, 0]  	850	4 
[3, 9, 19, 0]  	853	4 
[3, 28, 5, 0]  	856	5 
[3, 24, 8, 0]  	857	4 
[3, 20, 11, 0]  	858	4 
[2, 29, 5, 0]  	860	4 
[3, 27, 6, 0]  	864	4 
[3, 23, 9, 0]  	865	4 
[2, 28, 6, 0]  	868	4 
[3, 26, 7, 0]  	872	4 
[2, 4, 24, 0]  	874	4 
[2, 31, 4, 0]  	875	5 
[2, 27, 7, 0]  	876	3 
[2, 15, 16, 0]  	879	4 
[2, 7, 22, 0]  	881	3 
[2, 14, 17, 0]  	887	4 
[2, 10, 20, 0]  	888	3 
[2, 13, 18, 0]  	895	3 
[2, 9, 21, 0]  	896	3 
[2, 1, 27, 0]  	898	4 
[1, 14, 18, 0]  	899	3 
[1, 10, 21, 0]  	900	2 
[2, 12, 19, 0]  	903	3 
[2, 0, 28, 0]  	906	4 
[1, 13, 19, 0]  	907	2 
[1, 32, 5, 0]  	910	3 
[1, 12, 20, 0]  	915	2 
[1, 31, 6, 0]  	918	3 
[1, 27, 9, 0]  	919	2 
[0, 32, 6, 0]  	922	2 
[1, 30, 7, 0]  	926	2 
[1, 18, 16, 0]  	929	3 
[0, 31, 7, 0]  	930	2 
[1, 29, 8, 0]  	934	2 
[0, 30, 8, 0]  	938	1 
[1, 1, 29, 0]  	941	2 
[1, 24, 12, 0]  	943	3 
[1, 35, 4, 0]  	948	3 
[1, 0, 30, 0]  	949	2 
[0, 1, 30, 0]  	953	1 
[0, 16, 19, 0]  	957	1 
[0, 35, 5, 0]  	960	2 
[0, 0, 31, 0]  	961	1  <--- 3
[1, 21, 15, 0]  	967	3 
[0, 18, 18, 0]  	972	1 
[1, 4, 28, 0]  	979	2 
[0, 4, 29, 0]  	991	1 
[0, 38, 4, 0]  	998	2 
[0, 21, 17, 0]  	1010	1 
[0, 44, 0, 0]  	1012	2  <--- 2
[1, 7, 27, 0]  	1017	2 
[0, 7, 28, 0]  	1029	1 
[0, 24, 16, 0]  	1048	1 
[0, 10, 27, 0]  	1067	1 
[0, 27, 15, 0]  	1086	1 
[0, 13, 26, 0]  	1105	1 
[8, 8, 4, 1]  	460	7 
[6, 11, 4, 1]  	491	6 
[5, 0, 15, 1]  	560	6 
[14, 11, 3, 1]  	612	11 
[11, 0, 14, 1]  	643	10 
[9, 3, 14, 1]  	674	9 
[7, 6, 14, 1]  	705	8 
[6, 9, 13, 1]  	724	7 
[6, 8, 14, 1]  	732	7 
[5, 9, 14, 1]  	736	7 
[6, 28, 0, 1]  	758	7 
[5, 29, 0, 1]  	762	6 
[16, 20, 0, 1]  	764	8 
[2, 21, 11, 1]  	862	3 
[2, 24, 9, 1]  	869	3 
[2, 23, 10, 1]  	877	3 
[2, 26, 8, 1]  	884	3 
[1, 15, 17, 1]  	891	3 
[1, 38, 0, 1]  	893	3 
[0, 41, 3, 1]  	1036	2 
[5, 21, 6, 28]  	764	6 
[4, 24, 5, 28]  	783	5 
[4, 14, 2, 29]  	460	5 
[5, 26, 1, 29]  	724	4 
[4, 11, 13, 29]  	732	6 
[3, 29, 1, 29]  	755	5 
[4, 6, 19, 29]  	803	5 
[1, 7, 22, 29]  	862	2 
[1, 10, 20, 29]  	869	2 
[1, 9, 21, 29]  	877	2 
[1, 12, 19, 29]  	884	2 
[0, 32, 5, 29]  	891	2 
[0, 27, 9, 29]  	900	1 
[0, 29, 8, 29]  	915	1 
[0, 10, 26, 29]  	1036	1 
------
The gap is between 2 and 27.
Lengths: 3 3 5 6 3 3.
For 982 = 5*d/2-d1-d2-d3 you get 3 in char 0.
1*x^1*y^23*z^14
1*y^40*z^2
1*y^9*z^25

For 560 = 3*d/2-d1-d2-d3 you get 5 in char 0.
1*x^4*y^17*z^3
1*x^3*y^3*z^14
1*x^2*y^20*z^2
1*x^1*y^6*z^13
1*y^23*z^1

For 138 = d/2-d1-d2-d3 you get 3 in char 0.
1*x^4*z^2
1*x^2*y^3*z^1
1*y^6

Extra powers of p used 1.
The invariant extra is equal to 1.
Start computing 11^3 Delta^1 (x1x2x3)^10... Done.
Start computing 11^4 Delta^2 (x1x2x3)^10... Done.
Start computing 11^5 Delta^3 (x1x2x3)^10... Done.
Start computing 11^6 Delta^4 (x1x2x3)^10... Done.
Start computing 11^7 Delta^5 (x1x2x3)^10... Done.
Start computing 11^8 Delta^6 (x1x2x3)^10... Done.
Start computing 11^9 Delta^7 (x1x2x3)^10... Done.
Start computing aa.
1 2 3 4 5 6 7 8 9 10 11 
*/
A = \
[804252943675821844147000376319,176875550381953010766743894648,436199994994045260774958020342,340742106322044153843790091286,1435610873632203083114464314193,867428801895735107295879234964,66579882626763128511052458492,1044347297618311445271353168834,445091829197992899251437519378,132129356451259809506348195899,732296339025492732912302004992;\
1440616794981924651562618776244,1117649585574079355989955450797,1117645942541635996601506174253,1237955470941739450464789116034,1391015554918093007206386717579,45530302692612706715339417858,966967690509514259718413096792,202242402998410868577682916289,283525554583320968784641415222,1236866055788026100854134892548,962551555610156018453105751295;\
1229308887762547712951605489638,485768196186148493174460563968,1356480682260866775103497669465,95753525555144201288970015755,1246817407645038624724153972367,1581848924597581124225360373787,929376511680790940044918499838,420013710459816742950969097040,336959811105104339758899412482,496863282538843258141623402509,1503947813156924129978364926127;\
1474934744650825416751705254258,1490564119649287576646210089248,704387393495121921178110548909,389604502530046826137382804636,1021609884473658649938995916679,853900451530971283874168517311,898546365289720032580033760344,698547915675727111559739638926,983732701747892532821125021325,1407576132881081772532770002816,1304570981289316875983155262439;\
317750017866151501153246341138,964958914221651436097555200624,205923984972771474463446714408,347301310081316149606608014839,1000449098628241098525831596883,464858504538261821108394011431,1117412137647805562297749807617,899380394120751434018544527077,533238727017063625665894703752,1082809756668883501253272021283,585435133315939012472230485093;\
1532990451730159567995047699423,325987235690490314496838835220,989337896613533360271866375311,1132332994171257717178682317030,878210823239243515693212172643,392260029821641890350948623744,1485149466015272915597978702706,709194922784311989049248481862,1016309365990104445267139527374,1345625815664887924294926654075,1560782060598492982097764917935;\
1351320877344971555545095992795,506535650762684898352093640308,507801125479905928042520914776,161371246935552861001106373072,1268051727527285148514602647573,452371935035669950444882409231,1572009757269860474260613121907,388288298141111777503058227065,140551820573732912018526361862,1119548647604489042102618042752,83855409195383516632713192399;\
838221802015490523372399324016,362660153711064196074114875424,1059725394868862723851638111478,1207082483347592464549717309518,307670334553934449160001808661,753527757159558800787559802996,1195365679548793323026988309151,1010623050980715331116705063624,1441259289604963583587608168921,338179677257245165808215875125,406221109086446067418030011084;\
1029683383520261490667605264185,1079163727488096088167654466064,1256600097404930203796575906894,1489334986126554766513510167499,506074582435761690634493351614,259412896826207751223763532080,1383003516516259068708360022280,80872082287026576340239284400,1478246215003863632975390644528,1512294964697946433085367882035,1229429457342356438868424544083;\
1378040561423639871600634784871,1114851616983536976082023125286,954009302261676758402782462299,241613137028813516212496064496,1229522334733800643282134729110,142799168632238140893613148296,759754574610825210904193556817,878453589562983195323640666786,1489322664202334178039888818995,192887651111506503701194230354,483045767511879774614560481630;\
1025125931717029552489142366537,293161530158314812289762793192,118910741316666518129075769531,669914402852165159726870732328,741927131030773965001956483263,1510192571559582324198882474036,120227440903375343138614856568,1580091772431787128167329839493,813510523263011129765630024725,1392197562594365779703160475172,1419473890798917509118150485513]
/* 
This matrix times 11^(-1) should be the matrix of frobenius.
*/ 
B = 11^(-1) * A; 
/* Freed 167 lists. */
