/* Comments begin... 
Coefficient of   x^21 * y^1               = -1
Coefficient of   x^10 * y^2 * z^6         = 5
Coefficient of   x^8 * y^5 * z^5         = -2
Coefficient of   x^6 * y^8 * z^4         = 4
Coefficient of   x^4 * y^11 * z^3         = -3
Coefficient of   x^2 * y^14 * z^2         = -1
Coefficient of   x^1 * z^13               = 2
Coefficient of   y^17 * z^1               = 1

Here is the polynomial we're using this time:

-1*x^21*y^1 + 5*x^10*y^2*z^6 + -2*x^8*y^5*z^5 + 4*x^6*y^8*z^4 + -3*x^4*y^11*z^3 + -1*x^2*y^14*z^2 + 2*x^1*z^13 + 1*y^17*z^1

Allocate G_len 20 elements and old = 0.
Allocate M_len = 400 elements.
Allocate G_len 40 elements and old = 20.
Allocate M_len = 800 elements.
Allocate G_len 80 elements and old = 40.
Allocate M_len = 1600 elements.
Allocate M_len = 3200 elements.
Allocate G_len 160 elements and old = 80.
Allocate M_len = 6400 elements.
Allocate M_len = 12800 elements.
Allocate G_len 320 elements and old = 160.
The final length of G is 162
[10, 2, 5, 0]  	391	7 
[21, 0, 0, 0]  	399	7  <--- 1
[20, 1, 0, 0]  	403	7 
[8, 5, 5, 0]  	422	6 
[6, 11, 4, 0]  	491	6 
[6, 14, 3, 0]  	529	7 
[5, 0, 15, 0]  	560	6 
[18, 5, 4, 0]  	581	12 
[16, 8, 4, 0]  	612	11 
[14, 11, 3, 0]  	612	11 
[18, 8, 3, 0]  	619	11 
[11, 0, 14, 0]  	643	10 
[14, 14, 2, 0]  	650	10 
[18, 11, 2, 0]  	657	10 
[9, 3, 14, 0]  	674	9 
[12, 17, 2, 0]  	681	9 
[15, 0, 13, 0]  	688	9 
[10, 19, 2, 0]  	689	9 
[9, 20, 2, 0]  	693	8 
[18, 14, 1, 0]  	695	9 
[7, 22, 2, 0]  	701	8 
[7, 6, 14, 0]  	705	8 
[8, 23, 1, 0]  	712	8 
[12, 20, 1, 0]  	719	8 
[7, 8, 13, 0]  	720	8 
[6, 9, 13, 0]  	724	7 
[16, 17, 1, 0]  	726	8 
[10, 22, 1, 0]  	727	8 
[6, 8, 14, 0]  	732	7 
[5, 25, 2, 0]  	732	7 
[19, 0, 12, 0]  	733	8 
[14, 19, 1, 0]  	734	8 
[5, 9, 14, 0]  	736	7 
[7, 25, 1, 0]  	739	7 
[6, 26, 1, 0]  	743	7 
[8, 26, 0, 0]  	750	7 
[5, 11, 13, 0]  	751	7 
[4, 12, 13, 0]  	755	6 
[12, 23, 0, 0]  	757	7 
[6, 28, 0, 0]  	758	7 
[5, 29, 0, 0]  	762	6 
[4, 11, 14, 0]  	763	6 
[10, 25, 0, 0]  	765	7 
[4, 26, 3, 0]  	767	6 
[5, 28, 1, 0]  	770	6 
[4, 14, 12, 0]  	770	6 
[5, 24, 4, 0]  	771	6 
[14, 22, 0, 0]  	772	7 
[4, 29, 1, 0]  	774	6 
[19, 18, 0, 0]  	775	7 
[18, 19, 0, 0]  	779	7 
[5, 15, 11, 0]  	781	6 
[4, 28, 2, 0]  	782	6 
[3, 14, 13, 0]  	782	6 
[3, 29, 2, 0]  	786	5 
[5, 18, 9, 0]  	788	6 
[4, 31, 0, 0]  	789	6 
[3, 32, 0, 0]  	793	5 
[5, 21, 7, 0]  	795	6 
[5, 17, 10, 0]  	796	6 
[4, 18, 10, 0]  	800	5 
[3, 31, 1, 0]  	801	5 
[3, 0, 24, 0]  	801	5 
[5, 20, 8, 0]  	803	6 
[17, 21, 0, 0]  	806	6 
[4, 25, 5, 0]  	806	6 
[4, 21, 8, 0]  	807	5 
[4, 17, 11, 0]  	808	5 
[5, 23, 6, 0]  	810	6 
[4, 24, 6, 0]  	814	5 
[4, 20, 9, 0]  	815	5 
[4, 4, 21, 0]  	819	5 
[3, 17, 12, 0]  	820	5 
[4, 23, 7, 0]  	822	5 
[2, 18, 12, 0]  	824	4 
[4, 7, 19, 0]  	826	5 
[4, 3, 22, 0]  	827	5 
[3, 12, 16, 0]  	829	5 
[3, 4, 22, 0]  	831	4 
[4, 10, 17, 0]  	833	5 
[3, 11, 17, 0]  	837	5 
[3, 7, 20, 0]  	838	4 
[3, 3, 23, 0]  	839	4 
[4, 9, 18, 0]  	841	5 
[2, 35, 0, 0]  	843	4 
[3, 10, 18, 0]  	845	4 
[3, 6, 21, 0]  	846	4 
[3, 21, 10, 0]  	850	4 
[3, 9, 19, 0]  	853	4 
[3, 28, 5, 0]  	856	5 
[3, 24, 8, 0]  	857	4 
[3, 20, 11, 0]  	858	4 
[2, 29, 5, 0]  	860	4 
[2, 21, 11, 0]  	862	3 
[3, 27, 6, 0]  	864	4 
[3, 23, 9, 0]  	865	4 
[2, 28, 6, 0]  	868	4 
[2, 24, 9, 0]  	869	3 
[3, 26, 7, 0]  	872	4 
[2, 4, 24, 0]  	874	4 
[2, 31, 4, 0]  	875	5 
[2, 27, 7, 0]  	876	3 
[2, 23, 10, 0]  	877	3 
[2, 15, 16, 0]  	879	4 
[2, 7, 22, 0]  	881	3 
[2, 26, 8, 0]  	884	3 
[2, 14, 17, 0]  	887	4 
[2, 10, 20, 0]  	888	3 
[1, 15, 17, 0]  	891	3 
[1, 38, 0, 0]  	893	3 
[2, 13, 18, 0]  	895	3 
[2, 9, 21, 0]  	896	3 
[2, 1, 27, 0]  	898	4 
[1, 14, 18, 0]  	899	3 
[1, 10, 21, 0]  	900	2 
[2, 12, 19, 0]  	903	3 
[2, 0, 28, 0]  	906	4 
[1, 13, 19, 0]  	907	2 
[1, 32, 5, 0]  	910	3 
[1, 12, 20, 0]  	915	2 
[1, 31, 6, 0]  	918	3 
[1, 27, 9, 0]  	919	2 
[0, 32, 6, 0]  	922	2 
[1, 30, 7, 0]  	926	2 
[0, 31, 7, 0]  	930	2 
[1, 29, 8, 0]  	934	2 
[0, 30, 8, 0]  	938	1 
[1, 1, 29, 0]  	941	2 
[1, 24, 12, 0]  	943	3 
[1, 35, 4, 0]  	948	3 
[1, 0, 30, 0]  	949	2 
[0, 1, 30, 0]  	953	1 
[0, 16, 19, 0]  	957	1 
[0, 35, 5, 0]  	960	2 
[0, 0, 31, 0]  	961	1  <--- 3
[1, 21, 15, 0]  	967	3 
[0, 18, 18, 0]  	972	1 
[1, 4, 28, 0]  	979	2 
[0, 4, 29, 0]  	991	1 
[0, 38, 4, 0]  	998	2 
[0, 21, 17, 0]  	1010	1 
[0, 44, 0, 0]  	1012	2  <--- 2
[1, 7, 27, 0]  	1017	2 
[0, 7, 28, 0]  	1029	1 
[0, 41, 3, 0]  	1036	2 
[0, 24, 16, 0]  	1048	1 
[0, 10, 27, 0]  	1067	1 
[0, 27, 15, 0]  	1086	1 
[0, 13, 26, 0]  	1105	1 
[8, 8, 4, 1]  	460	7 
[16, 20, 0, 1]  	764	7 
[2, 32, 1, 1]  	805	5 
[4, 1, 23, 1]  	812	5 
[4, 6, 20, 1]  	834	5 
[1, 18, 16, 1]  	929	3 
[6, 11, 3, 29]  	460	6 
[5, 21, 6, 29]  	764	5 
[4, 24, 5, 29]  	783	4 
[2, 1, 24, 29]  	805	3 
[3, 18, 11, 29]  	812	4 
[3, 23, 8, 29]  	834	4 
[0, 35, 4, 29]  	929	2 
------
The gap is between 2 and 28.
Lengths: 3 3 5 5 3 3.
For 982 = 5*d/2-d1-d2-d3 you get 3 in char 0.
1*x^1*y^23*z^14
1*y^40*z^2
1*y^9*z^25

For 560 = 3*d/2-d1-d2-d3 you get 5 in char 0.
1*x^4*y^17*z^3
1*x^3*y^3*z^14
1*x^2*y^20*z^2
1*x^1*y^6*z^13
1*y^23*z^1

For 138 = d/2-d1-d2-d3 you get 3 in char 0.
1*x^4*z^2
1*x^2*y^3*z^1
1*y^6

Extra powers of p used 0.
The invariant extra is equal to 1.
Start computing 11^3 Delta^1 (x1x2x3)^10... Done.
Start computing 11^4 Delta^2 (x1x2x3)^10... Done.
Start computing 11^5 Delta^3 (x1x2x3)^10... Done.
Start computing 11^6 Delta^4 (x1x2x3)^10... Done.
Start computing 11^7 Delta^5 (x1x2x3)^10... Done.
Start computing 11^8 Delta^6 (x1x2x3)^10... Done.
Start computing 11^9 Delta^7 (x1x2x3)^10... Done.
Start computing aa.
1 2 3 4 5 6 7 8 9 10 11 
*/
A = \
[148135358438752513367211463165,1370883682427409695430595912277,1137255734672920460196652901893,613231004129063372342174282376,13769042603839355659044301809,1537540261675845900563867346559,326838834384290276579685418550,1485408310460617180765871086563,170263324433595633444065329369,32485271752387645432422447057,1166630703482083228931897162214;\
1102189942282028523897057548207,393218301209260410961171981219,228845465914148718297863179796,1082646873394562266212544909083,1222142397680379335631008103533,975493729185526513832933188532,983029476993281036414482784100,736759275638474773060831125814,1566009884584251252258602210446,878232560357022947550775955115,348214744575488684409614160139;\
1420545025120819690105230469775,1480649416309439854792927052402,14104920084842521979555233615,1473648745284445130016007158349,450020506133606131096723544920,1306318654164474853385955920833,1018290348327343047943108125366,384804178622841495163420501804,186045493431586517993269478935,487204508548313888754113599655,483215148484731571999761444136;\
369234382045097945829904391888,1517937765491541951280516235707,828290024764807769610488746125,688233036803750211566636789605,1036629921229276810390031949817,1195023150502183541767636321452,61365356628296415976278656549,404368736809352648251678473054,419180871979708404302711313955,464126122626042401795517261135,182047548538521746826968099669;\
1197269703612901986069489854803,994151907437992875560952929876,878013727864930694232667721005,1021745764782101809996433433480,1488951363829624054734908444900,719630746162830621922933223610,974067724188184180843535836930,519215227438256060063472160986,1072146942780292623176495030534,74233435251637952619694142294,316071569769472063683743888886;\
333068909902621864483883737478,649069399397292580639128247692,73197492042538203753109399615,1362239791185530156116418247266,1441983918957904265954765225306,508243019055402521597161430173,576493903270612519862848412245,578258146729344522992551912923,1397248156154884225700928169497,126464859249280026228982191469,215299575868167794555674258092;\
766580285197840548554115219224,739886680194249388267524532426,648038780373974342886367006404,480546896120567030484022786262,1369417329959904671733084335153,103990464482804759295217619464,1377103143301520927845231912134,734670453309329771380577831895,1296156855565662675716097454609,1359613181716186741659147735914,232050793758301369875140948149;\
1068496436023380304891281126743,1435917589909092656481520150607,643818910526202486002762083889,1353931207818763797843984094775,1497358624119658140955499490072,26066679418413424010110218229,1237418444785386124917044849152,1095836530455857355012783710973,790999294496903997520979385356,824561977410842043303533812671,399256093271607600114940283056;\
689145499411880401182227410240,696169851780918500541648341834,839349632542733448810101741026,317114538646920791664101984847,1154027781760302505996163167130,1206109425663387867348110133464,790987452368828148838139283394,646624021458451369417119522575,959651705247973841409904432472,1542503985730520851158568265840,418670129659708314307461760218;\
713282221049960343135188698332,545752495677618879691702343580,805635646090430964171580971255,1134937903861612711930808081145,1534939702798949894862628128817,602899929849113047603936012991,1090933404659152685123057084707,898432434646962063100011127676,915034439318262934833116189312,1364782205938037023159183801596,407443257557633025832370783549;\
462002470122360917614143747602,1552592656244943065222301457925,83637423313392788656142389221,1316805821954360686974056587622,361380698450649091600369588825,1006639496539300793995604491614,1337549437401909649777936565335,810395963423840355773565070134,749216729472168048027993125817,225621014929790753855061329003,633747247395904350124629671535]
/* 
This should be the matrix of frobenius!
*/ 
B = A; 
/* Freed 166 lists. */
