/* Comments begin... 
Coefficient of   x^21 * y^1               = -3
Coefficient of   x^10 * y^2 * z^6         = 5
Coefficient of   x^8 * y^5 * z^5         = -2
Coefficient of   x^6 * y^8 * z^4         = 0
Coefficient of   x^4 * y^11 * z^3         = 5
Coefficient of   x^2 * y^14 * z^2         = -1
Coefficient of   x^1 * z^13               = -5
Coefficient of   y^17 * z^1               = 0

Here is the polynomial we're using this time:

-3*x^21*y^1 + 5*x^10*y^2*z^6 + -2*x^8*y^5*z^5 + 5*x^4*y^11*z^3 + -1*x^2*y^14*z^2 + -5*x^1*z^13

Allocate G_len 20 elements and old = 0.
Allocate M_len = 400 elements.
Allocate G_len 40 elements and old = 20.
Allocate M_len = 800 elements.
Allocate G_len 80 elements and old = 40.
Allocate M_len = 1600 elements.
Allocate M_len = 3200 elements.
Allocate G_len 160 elements and old = 80.
Allocate M_len = 6400 elements.
Not smooth!
Coefficient of   x^21 * y^1               = 1
Coefficient of   x^10 * y^2 * z^6         = -1
Coefficient of   x^8 * y^5 * z^5         = 4
Coefficient of   x^6 * y^8 * z^4         = 1
Coefficient of   x^4 * y^11 * z^3         = 1
Coefficient of   x^2 * y^14 * z^2         = 4
Coefficient of   x^1 * z^13               = 4
Coefficient of   y^17 * z^1               = -3

Here is the polynomial we're using this time:

1*x^21*y^1 + -1*x^10*y^2*z^6 + 4*x^8*y^5*z^5 + 1*x^6*y^8*z^4 + 1*x^4*y^11*z^3 + 4*x^2*y^14*z^2 + 4*x^1*z^13 + -3*y^17*z^1

Allocate M_len = 12800 elements.
Allocate G_len 320 elements and old = 160.
The final length of G is 163
[10, 2, 5, 0]  	391	7 
[21, 0, 0, 0]  	399	7  <--- 1
[20, 1, 0, 0]  	403	7 
[8, 5, 5, 0]  	422	6 
[8, 8, 4, 0]  	460	7 
[6, 11, 4, 0]  	491	6 
[6, 14, 3, 0]  	529	7 
[5, 0, 15, 0]  	560	6 
[18, 5, 4, 0]  	581	12 
[14, 11, 3, 0]  	612	11 
[18, 8, 3, 0]  	619	11 
[11, 0, 14, 0]  	643	10 
[14, 14, 2, 0]  	650	10 
[18, 11, 2, 0]  	657	10 
[12, 17, 2, 0]  	681	9 
[15, 0, 13, 0]  	688	9 
[10, 19, 2, 0]  	689	9 
[9, 20, 2, 0]  	693	8 
[18, 14, 1, 0]  	695	9 
[7, 22, 2, 0]  	701	8 
[7, 6, 14, 0]  	705	8 
[8, 23, 1, 0]  	712	8 
[12, 20, 1, 0]  	719	8 
[7, 8, 13, 0]  	720	8 
[6, 9, 13, 0]  	724	7 
[16, 17, 1, 0]  	726	8 
[10, 22, 1, 0]  	727	8 
[6, 8, 14, 0]  	732	7 
[5, 25, 2, 0]  	732	7 
[19, 0, 12, 0]  	733	8 
[14, 19, 1, 0]  	734	8 
[5, 9, 14, 0]  	736	7 
[7, 25, 1, 0]  	739	7 
[6, 26, 1, 0]  	743	7 
[8, 26, 0, 0]  	750	7 
[5, 11, 13, 0]  	751	7 
[4, 12, 13, 0]  	755	6 
[12, 23, 0, 0]  	757	7 
[6, 28, 0, 0]  	758	7 
[5, 29, 0, 0]  	762	6 
[4, 11, 14, 0]  	763	6 
[10, 25, 0, 0]  	765	7 
[4, 26, 3, 0]  	767	6 
[5, 28, 1, 0]  	770	6 
[4, 14, 12, 0]  	770	6 
[5, 24, 4, 0]  	771	6 
[14, 22, 0, 0]  	772	7 
[4, 29, 1, 0]  	774	6 
[19, 18, 0, 0]  	775	7 
[18, 19, 0, 0]  	779	7 
[5, 15, 11, 0]  	781	6 
[4, 28, 2, 0]  	782	6 
[3, 14, 13, 0]  	782	6 
[3, 29, 2, 0]  	786	5 
[5, 18, 9, 0]  	788	6 
[4, 31, 0, 0]  	789	6 
[3, 32, 0, 0]  	793	5 
[5, 21, 7, 0]  	795	6 
[5, 17, 10, 0]  	796	6 
[4, 18, 10, 0]  	800	5 
[3, 31, 1, 0]  	801	5 
[3, 0, 24, 0]  	801	5 
[5, 20, 8, 0]  	803	6 
[2, 32, 1, 0]  	805	5 
[17, 21, 0, 0]  	806	6 
[4, 25, 5, 0]  	806	6 
[5, 23, 6, 0]  	810	6 
[4, 1, 23, 0]  	812	5 
[4, 24, 6, 0]  	814	5 
[4, 20, 9, 0]  	815	5 
[4, 4, 21, 0]  	819	5 
[3, 17, 12, 0]  	820	5 
[4, 23, 7, 0]  	822	5 
[2, 18, 12, 0]  	824	4 
[4, 7, 19, 0]  	826	5 
[4, 3, 22, 0]  	827	5 
[3, 12, 16, 0]  	829	5 
[3, 4, 22, 0]  	831	4 
[4, 10, 17, 0]  	833	5 
[4, 6, 20, 0]  	834	5 
[3, 7, 20, 0]  	838	4 
[3, 3, 23, 0]  	839	4 
[4, 9, 18, 0]  	841	5 
[2, 35, 0, 0]  	843	4 
[3, 10, 18, 0]  	845	4 
[3, 6, 21, 0]  	846	4 
[3, 21, 10, 0]  	850	4 
[3, 9, 19, 0]  	853	4 
[3, 28, 5, 0]  	856	5 
[3, 24, 8, 0]  	857	4 
[3, 20, 11, 0]  	858	4 
[2, 29, 5, 0]  	860	4 
[2, 21, 11, 0]  	862	3 
[3, 27, 6, 0]  	864	4 
[3, 23, 9, 0]  	865	4 
[2, 28, 6, 0]  	868	4 
[2, 24, 9, 0]  	869	3 
[3, 26, 7, 0]  	872	4 
[2, 4, 24, 0]  	874	4 
[2, 31, 4, 0]  	875	5 
[2, 27, 7, 0]  	876	3 
[2, 23, 10, 0]  	877	3 
[2, 15, 16, 0]  	879	4 
[2, 7, 22, 0]  	881	3 
[2, 26, 8, 0]  	884	3 
[2, 14, 17, 0]  	887	4 
[2, 10, 20, 0]  	888	3 
[1, 15, 17, 0]  	891	3 
[1, 38, 0, 0]  	893	3 
[2, 13, 18, 0]  	895	3 
[2, 9, 21, 0]  	896	3 
[2, 1, 27, 0]  	898	4 
[1, 10, 21, 0]  	900	2 
[2, 12, 19, 0]  	903	3 
[2, 0, 28, 0]  	906	4 
[1, 13, 19, 0]  	907	2 
[1, 32, 5, 0]  	910	3 
[1, 12, 20, 0]  	915	2 
[1, 31, 6, 0]  	918	3 
[1, 27, 9, 0]  	919	2 
[0, 32, 6, 0]  	922	2 
[1, 30, 7, 0]  	926	2 
[1, 18, 16, 0]  	929	3 
[0, 31, 7, 0]  	930	2 
[1, 29, 8, 0]  	934	2 
[0, 30, 8, 0]  	938	1 
[1, 24, 12, 0]  	943	3 
[1, 35, 4, 0]  	948	3 
[1, 0, 30, 0]  	949	2 
[0, 1, 30, 0]  	953	1 
[0, 16, 19, 0]  	957	1 
[0, 35, 5, 0]  	960	2 
[0, 0, 31, 0]  	961	1  <--- 3
[1, 21, 15, 0]  	967	3 
[0, 18, 18, 0]  	972	1 
[1, 4, 28, 0]  	979	2 
[0, 4, 29, 0]  	991	1 
[0, 38, 4, 0]  	998	2 
[0, 21, 17, 0]  	1010	1 
[0, 44, 0, 0]  	1012	2  <--- 2
[0, 7, 28, 0]  	1029	1 
[0, 41, 3, 0]  	1036	2 
[0, 24, 16, 0]  	1048	1 
[0, 10, 27, 0]  	1067	1 
[0, 27, 15, 0]  	1086	1 
[0, 13, 26, 0]  	1105	1 
[9, 3, 14, 1]  	674	9 
[16, 20, 0, 1]  	764	7 
[4, 21, 8, 1]  	807	5 
[4, 17, 11, 1]  	808	5 
[3, 11, 17, 1]  	837	5 
[1, 14, 18, 1]  	899	3 
[1, 1, 29, 1]  	941	2 
[1, 7, 27, 1]  	1017	2 
[8, 20, 2, 29]  	674	8 
[5, 21, 6, 29]  	764	5 
[4, 24, 5, 29]  	783	5 
[3, 7, 19, 29]  	807	3 
[3, 3, 22, 29]  	808	4 
[2, 28, 5, 29]  	837	4 
[0, 31, 6, 29]  	899	2 
[0, 18, 17, 29]  	941	1 
[0, 24, 15, 29]  	1017	1 
------
The gap is between 2 and 28.
Lengths: 3 3 5 5 3 3.
For 982 = 5*d/2-d1-d2-d3 you get 3 in char 0.
1*x^1*y^23*z^14
1*y^40*z^2
1*y^9*z^25

For 560 = 3*d/2-d1-d2-d3 you get 5 in char 0.
1*x^4*y^17*z^3
1*x^3*y^3*z^14
1*x^2*y^20*z^2
1*x^1*y^6*z^13
1*y^23*z^1

For 138 = d/2-d1-d2-d3 you get 3 in char 0.
1*x^4*z^2
1*x^2*y^3*z^1
1*y^6

Extra powers of p used 0.
The invariant extra is equal to 1.
Start computing 11^3 Delta^1 (x1x2x3)^10... Done.
Start computing 11^4 Delta^2 (x1x2x3)^10... Done.
Start computing 11^5 Delta^3 (x1x2x3)^10... Done.
Start computing 11^6 Delta^4 (x1x2x3)^10... Done.
Start computing 11^7 Delta^5 (x1x2x3)^10... Done.
Start computing 11^8 Delta^6 (x1x2x3)^10... Done.
Start computing 11^9 Delta^7 (x1x2x3)^10... Done.
Start computing aa.
1 2 3 4 5 6 7 8 9 10 11 
*/
A = \
[948395978049330068923894513772,1279846223161353204524216323056,609025176526129641580427367071,629536395649783041809164547937,1503450055015208715613280163697,985547274193331309372014010359,587712504648653745806859979664,1116166792147312576544459455540,631013541148299892246711150576,362534678045176024088300879543,8921525031687915223599188452;\
1129913855676643667232880993666,825972076378920499212362953499,1135570416147454026014777777317,1432569251768667385866868709312,1538112660536007279112905640597,288491443140194372404278220092,650929406214981138491406776484,1276960543853145591052576878717,537455253612684941940455920277,1067108608446546136777621704279,1549711317016950521423794099339;\
186187033554770357867923312115,831336764565973179352459889388,527339836469971941204052479995,208947820643223053293949826559,1511176361094046179765563057980,278035598569297088449286556199,14503948297708983952458709441,985627711610026305476986062689,683117977023565289983915642669,1195941692029176942043870997365,1176283829154310148801302676243;\
611464572565340385782324755610,1189644543229884023006762118392,215945339467111241059729873760,281707195904434087790856377315,1099613077363973314785128205962,1053394794906210659158103543861,1241926822544313894744889527130,1255021317376639927186195699796,1337023476330963363973228869748,1413229252662810541100608736699,127500089896621373351866962648;\
160495326009694275468816014576,1356703570516367534292225719623,108416386752009400494465808744,1298311420068856425141788581868,1503528265527492204012426524055,197043700144060943403371302271,976369757081766654795624087685,429985603577792940505853458323,799046681974971804505064670275,110571651380293663856570933494,61236610521253671339352258401;\
1038178194030525781143044450054,411298507716151170295130482748,221516973364311053976625647533,1238808308438487998812308175578,1199235901652822582195916269319,499050709936472176507254088012,1081901420237728073135887319816,685948744554512734524598533406,1526195868640190949462916069415,936170562264346752964078165730,427382060320344351283250829277;\
1504165974345020199412817014128,1218295511106542291985448279124,132230647384090774979537337110,109961869770935299149182888067,391806922169671861391993650031,1315998568353993118658684404520,44592832772962480083184332610,634818160573102886273169189771,191915987484865037624165502919,1113702163977259873043668228335,1014304285046574093270628925380;\
28210112601135981193644688043,224857383130122638296761155044,357248454788702673253596540583,862997078826389951597410608989,339288087832713783249666265712,1377063192108264998429557890117,1424479347404272541211247298716,1368580046276023833187050839900,283965794376764415343199616977,861375151231743400239757820380,932150668227672520876212222820;\
1460277419373962616356697364390,127950242845951160104850673495,186357138169111165061192238659,1059761471670961494105111332166,730917652636465678951729966815,1157450904321293042449451219933,30696030052770243720665143191,780069242511295535969278398367,1164940240887598526042276021030,1495592110696914245858055123383,1161126466778439612653110497842;\
1336439687203678251252620550811,140216073775622336611870804412,1371810051422170054905062471440,573424929087169440807485920213,852555077909996486830614458616,168060744444755549978927852934,731746444444519998505613840194,1514686855332715607434608919125,841074123969730654506372109020,998577537715138335099709289484,1097002461767806179981114766211;\
1112517568933660838306883942609,752502150274534250404033960462,1511870755685239491057875302630,1031575448386022341156228825919,1228647819130527701047393696489,1240913144736772718444707415931,313942892925561030525523473014,786926365326437279097869945560,1340162090531012658133788984486,127514397231017368805824771862,1395934217567735925006979492892]
/* 
This should be the matrix of frobenius!
*/ 
B = A; 
/* Freed 166 lists. */
