/* Comments begin... 
Coefficient of   x^21 * y^1               = 0
Coefficient of   x^10 * y^2 * z^6         = -5
Coefficient of   x^8 * y^5 * z^5         = -3
Coefficient of   x^6 * y^8 * z^4         = -3
Coefficient of   x^4 * y^11 * z^3         = 3
Coefficient of   x^2 * y^14 * z^2         = 0
Coefficient of   x^1 * z^13               = 2
Coefficient of   y^17 * z^1               = -1

Here is the polynomial we're using this time:

-5*x^10*y^2*z^6 + -3*x^8*y^5*z^5 + -3*x^6*y^8*z^4 + 3*x^4*y^11*z^3 + 2*x^1*z^13 + -1*y^17*z^1

Allocate G_len 20 elements and old = 0.
Allocate M_len = 400 elements.
Allocate G_len 40 elements and old = 20.
Allocate M_len = 800 elements.
Allocate G_len 80 elements and old = 40.
Allocate M_len = 1600 elements.
Allocate M_len = 3200 elements.
Not smooth!
Coefficient of   x^21 * y^1               = 4
Coefficient of   x^10 * y^2 * z^6         = -5
Coefficient of   x^8 * y^5 * z^5         = 3
Coefficient of   x^6 * y^8 * z^4         = 3
Coefficient of   x^4 * y^11 * z^3         = -5
Coefficient of   x^2 * y^14 * z^2         = 3
Coefficient of   x^1 * z^13               = 1
Coefficient of   y^17 * z^1               = -5

Here is the polynomial we're using this time:

4*x^21*y^1 + -5*x^10*y^2*z^6 + 3*x^8*y^5*z^5 + 3*x^6*y^8*z^4 + -5*x^4*y^11*z^3 + 3*x^2*y^14*z^2 + 1*x^1*z^13 + -5*y^17*z^1

Allocate G_len 160 elements and old = 80.
Allocate M_len = 6400 elements.
Allocate M_len = 12800 elements.
Allocate G_len 320 elements and old = 160.
The final length of G is 162
[10, 2, 5, 0]  	391	7 
[21, 0, 0, 0]  	399	7  <--- 1
[20, 1, 0, 0]  	403	7 
[8, 5, 5, 0]  	422	6 
[8, 8, 4, 0]  	460	7 
[6, 11, 4, 0]  	491	6 
[6, 14, 3, 0]  	529	7 
[5, 0, 15, 0]  	560	6 
[18, 5, 4, 0]  	581	12 
[14, 11, 3, 0]  	612	11 
[18, 8, 3, 0]  	619	11 
[11, 0, 14, 0]  	643	10 
[14, 14, 2, 0]  	650	10 
[18, 11, 2, 0]  	657	10 
[9, 3, 14, 0]  	674	9 
[12, 17, 2, 0]  	681	9 
[15, 0, 13, 0]  	688	9 
[10, 19, 2, 0]  	689	9 
[9, 20, 2, 0]  	693	8 
[18, 14, 1, 0]  	695	9 
[7, 22, 2, 0]  	701	8 
[7, 6, 14, 0]  	705	8 
[8, 23, 1, 0]  	712	8 
[12, 20, 1, 0]  	719	8 
[7, 8, 13, 0]  	720	8 
[6, 9, 13, 0]  	724	7 
[16, 17, 1, 0]  	726	8 
[10, 22, 1, 0]  	727	8 
[6, 8, 14, 0]  	732	7 
[5, 25, 2, 0]  	732	7 
[19, 0, 12, 0]  	733	8 
[14, 19, 1, 0]  	734	8 
[5, 9, 14, 0]  	736	7 
[7, 25, 1, 0]  	739	7 
[6, 26, 1, 0]  	743	7 
[8, 26, 0, 0]  	750	7 
[5, 11, 13, 0]  	751	7 
[4, 12, 13, 0]  	755	6 
[12, 23, 0, 0]  	757	7 
[6, 28, 0, 0]  	758	7 
[5, 29, 0, 0]  	762	6 
[4, 11, 14, 0]  	763	6 
[10, 25, 0, 0]  	765	7 
[4, 26, 3, 0]  	767	6 
[5, 28, 1, 0]  	770	6 
[4, 14, 12, 0]  	770	6 
[5, 24, 4, 0]  	771	6 
[14, 22, 0, 0]  	772	7 
[19, 18, 0, 0]  	775	7 
[18, 19, 0, 0]  	779	7 
[5, 15, 11, 0]  	781	6 
[4, 28, 2, 0]  	782	6 
[3, 14, 13, 0]  	782	6 
[3, 29, 2, 0]  	786	5 
[5, 18, 9, 0]  	788	6 
[4, 31, 0, 0]  	789	6 
[3, 32, 0, 0]  	793	5 
[5, 21, 7, 0]  	795	6 
[5, 17, 10, 0]  	796	6 
[4, 18, 10, 0]  	800	5 
[3, 31, 1, 0]  	801	5 
[3, 0, 24, 0]  	801	5 
[5, 20, 8, 0]  	803	6 
[2, 32, 1, 0]  	805	5 
[17, 21, 0, 0]  	806	6 
[4, 25, 5, 0]  	806	6 
[4, 21, 8, 0]  	807	5 
[4, 17, 11, 0]  	808	5 
[5, 23, 6, 0]  	810	6 
[4, 1, 23, 0]  	812	5 
[4, 24, 6, 0]  	814	5 
[4, 20, 9, 0]  	815	5 
[4, 4, 21, 0]  	819	5 
[3, 17, 12, 0]  	820	5 
[2, 18, 12, 0]  	824	4 
[4, 7, 19, 0]  	826	5 
[4, 3, 22, 0]  	827	5 
[3, 12, 16, 0]  	829	5 
[3, 4, 22, 0]  	831	4 
[4, 10, 17, 0]  	833	5 
[4, 6, 20, 0]  	834	5 
[3, 11, 17, 0]  	837	5 
[3, 7, 20, 0]  	838	4 
[3, 3, 23, 0]  	839	4 
[2, 35, 0, 0]  	843	4 
[3, 6, 21, 0]  	846	4 
[3, 21, 10, 0]  	850	4 
[3, 28, 5, 0]  	856	5 
[3, 24, 8, 0]  	857	4 
[3, 20, 11, 0]  	858	4 
[2, 29, 5, 0]  	860	4 
[2, 21, 11, 0]  	862	3 
[3, 27, 6, 0]  	864	4 
[2, 28, 6, 0]  	868	4 
[2, 24, 9, 0]  	869	3 
[3, 26, 7, 0]  	872	4 
[2, 4, 24, 0]  	874	4 
[2, 31, 4, 0]  	875	5 
[3, 10, 19, 0]  	876	3 
[2, 27, 7, 0]  	876	3 
[2, 23, 10, 0]  	877	3 
[2, 15, 16, 0]  	879	4 
[2, 7, 22, 0]  	881	3 
[2, 26, 8, 0]  	884	3 
[2, 14, 17, 0]  	887	4 
[2, 10, 20, 0]  	888	3 
[1, 15, 17, 0]  	891	3 
[1, 38, 0, 0]  	893	3 
[2, 13, 18, 0]  	895	3 
[2, 9, 21, 0]  	896	3 
[2, 1, 27, 0]  	898	4 
[1, 14, 18, 0]  	899	3 
[1, 10, 21, 0]  	900	2 
[2, 12, 19, 0]  	903	3 
[2, 0, 28, 0]  	906	4 
[1, 13, 19, 0]  	907	2 
[1, 32, 5, 0]  	910	3 
[1, 12, 20, 0]  	915	2 
[1, 31, 6, 0]  	918	3 
[1, 27, 9, 0]  	919	2 
[0, 32, 6, 0]  	922	2 
[1, 30, 7, 0]  	926	2 
[1, 18, 16, 0]  	929	3 
[0, 31, 7, 0]  	930	2 
[1, 29, 8, 0]  	934	2 
[0, 30, 8, 0]  	938	1 
[1, 1, 29, 0]  	941	2 
[1, 24, 12, 0]  	943	3 
[1, 0, 30, 0]  	949	2 
[0, 1, 30, 0]  	953	1 
[0, 16, 19, 0]  	957	1 
[0, 35, 5, 0]  	960	2 
[0, 0, 31, 0]  	961	1  <--- 3
[1, 21, 15, 0]  	967	3 
[0, 18, 18, 0]  	972	1 
[1, 4, 28, 0]  	979	2 
[0, 4, 29, 0]  	991	1 
[0, 38, 4, 0]  	998	2 
[0, 21, 17, 0]  	1010	1 
[0, 44, 0, 0]  	1012	2  <--- 2
[1, 7, 27, 0]  	1017	2 
[0, 7, 28, 0]  	1029	1 
[0, 41, 3, 0]  	1036	2 
[0, 24, 16, 0]  	1048	1 
[0, 10, 27, 0]  	1067	1 
[0, 27, 15, 0]  	1086	1 
[0, 13, 26, 0]  	1105	1 
[16, 20, 0, 1]  	764	7 
[4, 29, 1, 1]  	774	6 
[4, 23, 7, 1]  	822	5 
[4, 9, 18, 1]  	841	5 
[3, 9, 19, 1]  	853	4 
[3, 23, 9, 1]  	865	4 
[1, 35, 4, 1]  	948	3 
[3, 10, 18, 2]  	845	4 
[2, 27, 6, 28]  	845	3 
[5, 21, 6, 29]  	764	5 
[3, 15, 12, 29]  	774	5 
[4, 24, 5, 29]  	783	4 
[2, 26, 6, 29]  	822	3 
[2, 9, 20, 29]  	865	3 
[1, 4, 27, 29]  	948	2 
------
The gap is between 3 and 27.
Lengths: 3 3 5 5 3 3.
For 982 = 5*d/2-d1-d2-d3 you get 3 in char 0.
1*x^1*y^23*z^14
1*y^40*z^2
1*y^9*z^25

For 560 = 3*d/2-d1-d2-d3 you get 5 in char 0.
1*x^4*y^17*z^3
1*x^3*y^3*z^14
1*x^2*y^20*z^2
1*x^1*y^6*z^13
1*y^23*z^1

For 138 = d/2-d1-d2-d3 you get 3 in char 0.
1*x^4*z^2
1*x^2*y^3*z^1
1*y^6

Extra powers of p used 0.
The invariant extra is equal to 1.
Start computing 11^3 Delta^1 (x1x2x3)^10... Done.
Start computing 11^4 Delta^2 (x1x2x3)^10... Done.
Start computing 11^5 Delta^3 (x1x2x3)^10... Done.
Start computing 11^6 Delta^4 (x1x2x3)^10... Done.
Start computing 11^7 Delta^5 (x1x2x3)^10... Done.
Start computing 11^8 Delta^6 (x1x2x3)^10... Done.
Start computing 11^9 Delta^7 (x1x2x3)^10... Done.
Start computing aa.
1 2 3 4 5 6 7 8 9 10 11 
*/
A = \
[806160796734565735645576089673,1151463319603887431044964082164,676460953358948187731898527529,1535773184102786458240290222750,302421905312233280928918710784,1541456953231707229478857171922,1266089831336965196842212191688,1534734738584579423884571048041,1167315168339620444229606254327,1369732216189902839880473019042,577859565992530574394607887383;\
1434224420976704846764418279699,1469013872258570423700791299952,758980664935803651908039829632,634586762553513715099358550720,1036100617382762596220719062427,385135016501497552664170984979,1173013510164016631327530963023,516230810976660085392333576054,38583192359223129785475119251,57057227500698757571718617919,200918154764736542335489679634;\
1015131057705891710800029380543,1547491709069409350153679159185,96838235060875294731870045670,547622388911126858748655059384,1148885637400177877069531851695,782678209905977702901312087194,879413131539318985192773203553,254205364223888726750899046271,976337032403684241667009924643,1382121889344947922341523583934,349894759275464570490333462419;\
1334077370617823861445730907999,1437801202179006974716087738382,1356019190182379191286320875965,432092686524626362390042077993,52268830021095299958946418654,1401287638865468502662731232147,912923940157275813104040709248,983646006713066591936456427980,1502428613237761176398092655917,917469636341215151399222054763,896906286502228256670796644099;\
318751637883970008334268236777,1352462787406564143886579524901,1187955070289259068386840299497,322710488318109471146271815253,779490962062721760868724498758,309249131950221605356041979778,159046544206278219686814865433,342803365044124324532341781181,975500696667796696606218946167,1197383926055364185955628912155,1317801042286433671687046068116;\
1349022975043980990039496894258,299428932408451514313558774901,168708668259643387718989165821,937421681823680006107749952236,1209787663852539182476483277640,1574579625270910238676170550020,288777579758355780349387246061,957124777123339333548628075872,371349188867207786624903360737,1093454495214340334545322442843,417311098613085162741242524614;\
955952942110834369661101931073,811675609596821686500658561127,260497986528465110070367726696,1576381111862356799637190530549,20209103270024105109943349057,519259603163774375665928479061,1021920886551312697277128165288,1303164183607944783553434313197,1537810825820346783516536740311,1012710240519993085193405281296,303917033850710736897514901597;\
1529314165267550387342162275914,942515088383954983715765015830,421176431628436664556129956995,124168908882226728258916249523,37203489679159409622468766677,1417163492397773841653810990079,803854246956469641093272306613,863552191825124636270565253828,417009887189984387709277276123,671856402861999679934514462162,1363194555946080220076556742515;\
890685768356001465382886788701,1308865048046746225660316434407,1297513552524827669030601090634,1461987505892599864121453448279,1145291924973272087948570655890,703136370002758130165051828008,152812600943171984797089723077,1069910873247342737847153845246,1122541805852368787002382674574,620979396125797638373280846009,1409307909419814602228800406604;\
450232260572758388622695583090,1579853787947934433573223839187,1332351790507291233820208650549,399605282669627077257858916558,934194708552839275994227512264,94128753230655693780915653155,953629379525679881653487146343,1280490987169000140199288756320,169265831603106386907365781592,600928182988470155032094741520,905944036902192217197238375350;\
296575236503201791734680313477,279329150790354592727422756007,633294161671832165933828472699,655216873298042066141316419563,281483118103215863403650778323,217134631599699288814529427149,1432331487022488843522130852145,296830876159306978667324168297,346997325895083738820752682359,239961624293925369349714658326,1040968295837197731755888392377]
/* 
This should be the matrix of frobenius!
*/ 
B = A; 
/* Freed 166 lists. */
