/* Comments begin... 
Coefficient of   x^21 * y^1               = 5
Coefficient of   x^10 * y^2 * z^6         = -1
Coefficient of   x^8 * y^5 * z^5         = 1
Coefficient of   x^6 * y^8 * z^4         = 3
Coefficient of   x^4 * y^11 * z^3         = -2
Coefficient of   x^2 * y^14 * z^2         = 3
Coefficient of   x^1 * z^13               = 3
Coefficient of   y^17 * z^1               = -5

Here is the polynomial we're using this time:

5*x^21*y^1 + -1*x^10*y^2*z^6 + 1*x^8*y^5*z^5 + 3*x^6*y^8*z^4 + -2*x^4*y^11*z^3 + 3*x^2*y^14*z^2 + 3*x^1*z^13 + -5*y^17*z^1

Allocate G_len 20 elements and old = 0.
Allocate M_len = 400 elements.
Allocate G_len 40 elements and old = 20.
Allocate M_len = 800 elements.
Allocate G_len 80 elements and old = 40.
Allocate M_len = 1600 elements.
Allocate M_len = 3200 elements.
Allocate G_len 160 elements and old = 80.
Allocate M_len = 6400 elements.
Allocate M_len = 12800 elements.
Allocate G_len 320 elements and old = 160.
The final length of G is 165
[10, 2, 5, 0]  	391	7 
[21, 0, 0, 0]  	399	7  <--- 1
[20, 1, 0, 0]  	403	7 
[8, 5, 5, 0]  	422	6 
[8, 8, 4, 0]  	460	7 
[6, 11, 4, 0]  	491	6 
[6, 14, 3, 0]  	529	7 
[5, 0, 15, 0]  	560	6 
[18, 5, 4, 0]  	581	12 
[14, 11, 3, 0]  	612	11 
[18, 8, 3, 0]  	619	11 
[11, 0, 14, 0]  	643	10 
[14, 14, 2, 0]  	650	10 
[18, 11, 2, 0]  	657	10 
[9, 3, 14, 0]  	674	9 
[12, 17, 2, 0]  	681	9 
[15, 0, 13, 0]  	688	9 
[10, 19, 2, 0]  	689	9 
[9, 20, 2, 0]  	693	8 
[18, 14, 1, 0]  	695	9 
[7, 22, 2, 0]  	701	8 
[7, 6, 14, 0]  	705	8 
[8, 23, 1, 0]  	712	8 
[12, 20, 1, 0]  	719	8 
[7, 8, 13, 0]  	720	8 
[6, 9, 13, 0]  	724	7 
[16, 17, 1, 0]  	726	8 
[10, 22, 1, 0]  	727	8 
[6, 8, 14, 0]  	732	7 
[5, 25, 2, 0]  	732	7 
[19, 0, 12, 0]  	733	8 
[14, 19, 1, 0]  	734	8 
[5, 9, 14, 0]  	736	7 
[7, 25, 1, 0]  	739	7 
[6, 26, 1, 0]  	743	7 
[8, 26, 0, 0]  	750	7 
[5, 11, 13, 0]  	751	7 
[4, 12, 13, 0]  	755	6 
[12, 23, 0, 0]  	757	7 
[6, 28, 0, 0]  	758	7 
[5, 29, 0, 0]  	762	6 
[4, 11, 14, 0]  	763	6 
[10, 25, 0, 0]  	765	7 
[4, 26, 3, 0]  	767	6 
[5, 28, 1, 0]  	770	6 
[4, 14, 12, 0]  	770	6 
[5, 24, 4, 0]  	771	6 
[14, 22, 0, 0]  	772	7 
[4, 29, 1, 0]  	774	6 
[19, 18, 0, 0]  	775	7 
[18, 19, 0, 0]  	779	7 
[5, 15, 11, 0]  	781	6 
[4, 28, 2, 0]  	782	6 
[3, 14, 13, 0]  	782	6 
[3, 29, 2, 0]  	786	5 
[5, 18, 9, 0]  	788	6 
[4, 31, 0, 0]  	789	6 
[3, 32, 0, 0]  	793	5 
[5, 21, 7, 0]  	795	6 
[5, 17, 10, 0]  	796	6 
[4, 18, 10, 0]  	800	5 
[3, 31, 1, 0]  	801	5 
[3, 0, 24, 0]  	801	5 
[5, 20, 8, 0]  	803	6 
[2, 32, 1, 0]  	805	5 
[17, 21, 0, 0]  	806	6 
[4, 25, 5, 0]  	806	6 
[4, 21, 8, 0]  	807	5 
[4, 17, 11, 0]  	808	5 
[5, 23, 6, 0]  	810	6 
[4, 24, 6, 0]  	814	5 
[4, 20, 9, 0]  	815	5 
[4, 4, 21, 0]  	819	5 
[3, 17, 12, 0]  	820	5 
[4, 23, 7, 0]  	822	5 
[2, 18, 12, 0]  	824	4 
[4, 7, 19, 0]  	826	5 
[4, 3, 22, 0]  	827	5 
[3, 12, 16, 0]  	829	5 
[3, 4, 22, 0]  	831	4 
[4, 10, 17, 0]  	833	5 
[4, 6, 20, 0]  	834	5 
[3, 11, 17, 0]  	837	5 
[3, 7, 20, 0]  	838	4 
[3, 3, 23, 0]  	839	4 
[4, 9, 18, 0]  	841	5 
[2, 35, 0, 0]  	843	4 
[3, 10, 18, 0]  	845	4 
[3, 6, 21, 0]  	846	4 
[3, 21, 10, 0]  	850	4 
[3, 9, 19, 0]  	853	4 
[3, 28, 5, 0]  	856	5 
[3, 24, 8, 0]  	857	4 
[3, 20, 11, 0]  	858	4 
[2, 29, 5, 0]  	860	4 
[3, 27, 6, 0]  	864	4 
[3, 23, 9, 0]  	865	4 
[2, 28, 6, 0]  	868	4 
[3, 26, 7, 0]  	872	4 
[2, 4, 24, 0]  	874	4 
[2, 31, 4, 0]  	875	5 
[2, 27, 7, 0]  	876	3 
[2, 15, 16, 0]  	879	4 
[2, 7, 22, 0]  	881	3 
[2, 14, 17, 0]  	887	4 
[2, 10, 20, 0]  	888	3 
[1, 15, 17, 0]  	891	3 
[2, 13, 18, 0]  	895	3 
[2, 9, 21, 0]  	896	3 
[2, 1, 27, 0]  	898	4 
[1, 14, 18, 0]  	899	3 
[1, 10, 21, 0]  	900	2 
[2, 12, 19, 0]  	903	3 
[2, 0, 28, 0]  	906	4 
[1, 13, 19, 0]  	907	2 
[1, 32, 5, 0]  	910	3 
[1, 12, 20, 0]  	915	2 
[1, 31, 6, 0]  	918	3 
[1, 27, 9, 0]  	919	2 
[1, 30, 7, 0]  	926	2 
[1, 18, 16, 0]  	929	3 
[0, 31, 7, 0]  	930	2 
[1, 29, 8, 0]  	934	2 
[0, 30, 8, 0]  	938	1 
[1, 1, 29, 0]  	941	2 
[1, 24, 12, 0]  	943	3 
[1, 35, 4, 0]  	948	3 
[1, 0, 30, 0]  	949	2 
[0, 1, 30, 0]  	953	1 
[0, 16, 19, 0]  	957	1 
[0, 35, 5, 0]  	960	2 
[0, 0, 31, 0]  	961	1  <--- 3
[1, 21, 15, 0]  	967	3 
[0, 18, 18, 0]  	972	1 
[1, 4, 28, 0]  	979	2 
[0, 4, 29, 0]  	991	1 
[0, 38, 4, 0]  	998	2 
[0, 21, 17, 0]  	1010	1 
[0, 44, 0, 0]  	1012	2  <--- 2
[1, 7, 27, 0]  	1017	2 
[0, 7, 28, 0]  	1029	1 
[0, 24, 16, 0]  	1048	1 
[0, 10, 27, 0]  	1067	1 
[0, 27, 15, 0]  	1086	1 
[0, 13, 26, 0]  	1105	1 
[16, 20, 0, 1]  	764	7 
[4, 1, 23, 1]  	812	5 
[2, 21, 11, 1]  	862	3 
[2, 24, 9, 1]  	869	3 
[2, 23, 10, 1]  	877	3 
[2, 26, 8, 1]  	884	3 
[1, 38, 0, 1]  	893	3 
[0, 32, 6, 1]  	922	2 
[0, 41, 3, 1]  	1036	2 
[5, 21, 6, 29]  	764	6 
[4, 24, 5, 29]  	783	5 
[3, 18, 11, 29]  	812	4 
[1, 7, 22, 29]  	862	2 
[1, 10, 20, 29]  	869	2 
[1, 9, 21, 29]  	877	2 
[1, 12, 19, 29]  	884	2 
[0, 27, 9, 29]  	900	1 
[0, 29, 8, 29]  	915	1 
[0, 1, 29, 29]  	922	1 
[0, 10, 26, 29]  	1036	1 
------
The gap is between 2 and 28.
Lengths: 3 3 5 5 3 3.
For 982 = 5*d/2-d1-d2-d3 you get 3 in char 0.
1*x^1*y^23*z^14
1*y^40*z^2
1*y^9*z^25

For 560 = 3*d/2-d1-d2-d3 you get 5 in char 0.
1*x^4*y^17*z^3
1*x^3*y^3*z^14
1*x^2*y^20*z^2
1*x^1*y^6*z^13
1*y^23*z^1

For 138 = d/2-d1-d2-d3 you get 3 in char 0.
1*x^4*z^2
1*x^2*y^3*z^1
1*y^6

Extra powers of p used 0.
The invariant extra is equal to 1.
Start computing 11^3 Delta^1 (x1x2x3)^10... Done.
Start computing 11^4 Delta^2 (x1x2x3)^10... Done.
Start computing 11^5 Delta^3 (x1x2x3)^10... Done.
Start computing 11^6 Delta^4 (x1x2x3)^10... Done.
Start computing 11^7 Delta^5 (x1x2x3)^10... Done.
Start computing 11^8 Delta^6 (x1x2x3)^10... Done.
Start computing 11^9 Delta^7 (x1x2x3)^10... Done.
Start computing aa.
1 2 3 4 5 6 7 8 9 10 11 
*/
A = \
[159902083775449022465348702938,87306129798487356187861700412,1460734954935991542936979753206,833170576487587589632345133994,1194777948762679731319330336337,1087905168056381147602887838322,220516619300953330905229857815,1184450925416956144163904921937,1019756056887237448354270378156,1075999166613577465161804188639,1277844914388843150614817669655;\
642607516996147289238633148580,161010781740684936697559945452,1044289390395347204736144391716,1570055017143321215648182417915,503130953238203428430587005832,1283566421515853939034278340006,1327772139717569907312107665454,1034716036779853700033171024956,889959739959927538283261657316,310434285156780791536708251271,1026348174391471991431036341237;\
118940962109541573398041538985,1445693910035787490314282656767,1231894449454266040296432785954,811834148926484909615282568335,1055788279404903948660798106527,502903849644910171127084483684,1450097309317402638695471810339,203154531615313496096297212332,819421105192600519082890521380,605491610259772937800946220308,1569453173548808707341661299953;\
463399036081636076537771359859,345285019633447315872102661127,1434018330676319681809991456752,362847456462682684956769641379,244384362985963641277003007269,866760986305842201025479453228,195865004836093371998159039022,677150383435792670380292494629,262062985027178024128136083078,714756592194232496342346000671,774407254211673496324942651510;\
1070921119782660241794712300509,1372395518123475930743603181871,1485273734343981551860647237224,1466389200312794610788226060913,436201509303193949099250795923,1413319405878962862993439631124,927080057275319651553908667961,128330594328351435233274502111,1579469721901183299561886160616,526215156723593642658103651208,200569793157746642134078118710;\
1311609349392403140660587953591,1091953797566239044204925719110,559860938819755577276096484718,1566029646779905338097709835291,1296681029791725292150656284427,507724512391755269087409602450,1076854283912449790952445841380,559177262446710350641034596969,1255064020553072290756458617761,1039695653535401809756506882284,965356483733200922772266133485;\
235387544582766552857785524768,218293562159185258936703176720,954589462289224358792960767390,1570103731971772583126164132960,498914030298793481635757489039,1134966366887860830090034357706,908197117372229989287866658589,415054273303461175143174354016,1042953994876135270242235740852,598618011727443459586285192764,891582429042043789358789244071;\
658280283560425513206352686045,1202786195084754674548398898894,189123431773869731446156812649,1190262212504916275782525576911,240133531387367230317052761930,1531775494539506101527367664730,261230240675678353811073263834,1331029423596525489528065697532,695244494414844033147284797088,1283269663865486441852065926348,614309579794353035638255096854;\
706943098894113439105687658570,410349627237257693289390905120,1276664279823589192984328549635,405699346902706995573479096074,492764031145416937049539054384,1290684913787354511170305097394,652790968346950100678102184994,1431419101545304733365195445083,1477266410105796460546193663349,1062305597955276406165673786063,22701381380827619161547426769;\
1121624518868250866507296611983,1495641230022372813474479403650,168957324674088897051891263040,866357616888904848553488977565,1494270219431757766692770136907,1264808791680795993129041947678,188548171525461102054859967610,595014290923293865265921674516,1457777882691183861569182119567,1584965872631884248970358340303,424428840862789358549581308846;\
1073909342266844028864862120545,620461584386222942387228308615,335452752149919312255782216068,5355161225890980092449258486,958245320719353579360460450691,431387053798688634266902703256,100412311288039448165655994895,2449518909887461744089616089,1443262022828472985402777083637,537476143245952702779739452151,1227906468568305986738393297699]
/* 
This should be the matrix of frobenius!
*/ 
B = A; 
/* Freed 166 lists. */
