/* Comments begin... 
Coefficient of   x^21 * y^1               = -5
Coefficient of   x^10 * y^2 * z^6         = 5
Coefficient of   x^8 * y^5 * z^5         = -4
Coefficient of   x^6 * y^8 * z^4         = 1
Coefficient of   x^4 * y^11 * z^3         = 2
Coefficient of   x^2 * y^14 * z^2         = -3
Coefficient of   x^1 * z^13               = 1
Coefficient of   y^17 * z^1               = -4

Here is the polynomial we're using this time:

-5*x^21*y^1 + 5*x^10*y^2*z^6 + -4*x^8*y^5*z^5 + 1*x^6*y^8*z^4 + 2*x^4*y^11*z^3 + -3*x^2*y^14*z^2 + 1*x^1*z^13 + -4*y^17*z^1

Allocate G_len 20 elements and old = 0.
Allocate M_len = 400 elements.
Allocate G_len 40 elements and old = 20.
Allocate M_len = 800 elements.
Allocate G_len 80 elements and old = 40.
Allocate M_len = 1600 elements.
Allocate M_len = 3200 elements.
Allocate G_len 160 elements and old = 80.
Allocate M_len = 6400 elements.
Allocate M_len = 12800 elements.
Allocate G_len 320 elements and old = 160.
The final length of G is 158
[10, 2, 5, 0]  	391	7 
[21, 0, 0, 0]  	399	7  <--- 1
[20, 1, 0, 0]  	403	7 
[8, 5, 5, 0]  	422	6 
[8, 8, 4, 0]  	460	7 
[6, 11, 4, 0]  	491	6 
[6, 14, 3, 0]  	529	7 
[5, 0, 15, 0]  	560	6 
[18, 5, 4, 0]  	581	12 
[14, 11, 3, 0]  	612	11 
[18, 8, 3, 0]  	619	11 
[11, 0, 14, 0]  	643	10 
[14, 14, 2, 0]  	650	10 
[18, 11, 2, 0]  	657	10 
[9, 3, 14, 0]  	674	9 
[12, 17, 2, 0]  	681	9 
[15, 0, 13, 0]  	688	9 
[10, 19, 2, 0]  	689	9 
[9, 20, 2, 0]  	693	8 
[18, 14, 1, 0]  	695	9 
[7, 22, 2, 0]  	701	8 
[7, 6, 14, 0]  	705	8 
[8, 23, 1, 0]  	712	8 
[12, 20, 1, 0]  	719	8 
[7, 8, 13, 0]  	720	8 
[6, 9, 13, 0]  	724	7 
[16, 17, 1, 0]  	726	8 
[10, 22, 1, 0]  	727	8 
[6, 8, 14, 0]  	732	7 
[5, 25, 2, 0]  	732	7 
[19, 0, 12, 0]  	733	8 
[14, 19, 1, 0]  	734	8 
[5, 9, 14, 0]  	736	7 
[7, 25, 1, 0]  	739	7 
[6, 26, 1, 0]  	743	7 
[8, 26, 0, 0]  	750	7 
[5, 11, 13, 0]  	751	7 
[4, 12, 13, 0]  	755	6 
[12, 23, 0, 0]  	757	7 
[6, 28, 0, 0]  	758	7 
[5, 29, 0, 0]  	762	6 
[4, 11, 14, 0]  	763	6 
[10, 25, 0, 0]  	765	7 
[4, 26, 3, 0]  	767	6 
[5, 28, 1, 0]  	770	6 
[4, 14, 12, 0]  	770	6 
[5, 24, 4, 0]  	771	6 
[14, 22, 0, 0]  	772	7 
[4, 29, 1, 0]  	774	6 
[19, 18, 0, 0]  	775	7 
[18, 19, 0, 0]  	779	7 
[5, 15, 11, 0]  	781	6 
[4, 28, 2, 0]  	782	6 
[3, 14, 13, 0]  	782	6 
[3, 29, 2, 0]  	786	5 
[5, 18, 9, 0]  	788	6 
[4, 31, 0, 0]  	789	6 
[3, 32, 0, 0]  	793	5 
[5, 21, 7, 0]  	795	6 
[5, 17, 10, 0]  	796	6 
[4, 18, 10, 0]  	800	5 
[3, 31, 1, 0]  	801	5 
[3, 0, 24, 0]  	801	5 
[5, 20, 8, 0]  	803	6 
[2, 32, 1, 0]  	805	5 
[17, 21, 0, 0]  	806	6 
[4, 25, 5, 0]  	806	6 
[4, 17, 11, 0]  	808	5 
[5, 23, 6, 0]  	810	6 
[4, 24, 6, 0]  	814	5 
[4, 20, 9, 0]  	815	5 
[4, 4, 21, 0]  	819	5 
[3, 17, 12, 0]  	820	5 
[4, 23, 7, 0]  	822	5 
[2, 18, 12, 0]  	824	4 
[4, 7, 19, 0]  	826	5 
[4, 3, 22, 0]  	827	5 
[3, 12, 16, 0]  	829	5 
[3, 4, 22, 0]  	831	4 
[4, 10, 17, 0]  	833	5 
[4, 6, 20, 0]  	834	5 
[3, 11, 17, 0]  	837	5 
[3, 7, 20, 0]  	838	4 
[3, 3, 23, 0]  	839	4 
[4, 9, 18, 0]  	841	5 
[3, 10, 18, 0]  	845	4 
[3, 6, 21, 0]  	846	4 
[3, 21, 10, 0]  	850	4 
[3, 9, 19, 0]  	853	4 
[3, 28, 5, 0]  	856	5 
[3, 24, 8, 0]  	857	4 
[2, 29, 5, 0]  	860	4 
[2, 21, 11, 0]  	862	3 
[3, 27, 6, 0]  	864	4 
[3, 23, 9, 0]  	865	4 
[2, 28, 6, 0]  	868	4 
[2, 24, 9, 0]  	869	3 
[3, 26, 7, 0]  	872	4 
[2, 4, 24, 0]  	874	4 
[2, 31, 4, 0]  	875	5 
[2, 27, 7, 0]  	876	3 
[2, 23, 10, 0]  	877	3 
[2, 15, 16, 0]  	879	4 
[2, 7, 22, 0]  	881	3 
[2, 26, 8, 0]  	884	3 
[2, 14, 17, 0]  	887	4 
[2, 10, 20, 0]  	888	3 
[1, 15, 17, 0]  	891	3 
[1, 38, 0, 0]  	893	3 
[2, 13, 18, 0]  	895	3 
[2, 9, 21, 0]  	896	3 
[2, 1, 27, 0]  	898	4 
[1, 14, 18, 0]  	899	3 
[1, 10, 21, 0]  	900	2 
[2, 12, 19, 0]  	903	3 
[2, 0, 28, 0]  	906	4 
[1, 13, 19, 0]  	907	2 
[1, 32, 5, 0]  	910	3 
[1, 12, 20, 0]  	915	2 
[1, 31, 6, 0]  	918	3 
[1, 27, 9, 0]  	919	2 
[0, 32, 6, 0]  	922	2 
[1, 30, 7, 0]  	926	2 
[1, 18, 16, 0]  	929	3 
[0, 31, 7, 0]  	930	2 
[1, 29, 8, 0]  	934	2 
[0, 30, 8, 0]  	938	1 
[1, 1, 29, 0]  	941	2 
[1, 24, 12, 0]  	943	3 
[1, 35, 4, 0]  	948	3 
[1, 0, 30, 0]  	949	2 
[0, 1, 30, 0]  	953	1 
[0, 16, 19, 0]  	957	1 
[0, 35, 5, 0]  	960	2 
[0, 0, 31, 0]  	961	1  <--- 3
[1, 21, 15, 0]  	967	3 
[0, 18, 18, 0]  	972	1 
[1, 4, 28, 0]  	979	2 
[0, 4, 29, 0]  	991	1 
[0, 38, 4, 0]  	998	2 
[0, 21, 17, 0]  	1010	1 
[0, 44, 0, 0]  	1012	2  <--- 2
[1, 7, 27, 0]  	1017	2 
[0, 7, 28, 0]  	1029	1 
[0, 41, 3, 0]  	1036	2 
[0, 24, 16, 0]  	1048	1 
[0, 10, 27, 0]  	1067	1 
[0, 27, 15, 0]  	1086	1 
[0, 13, 26, 0]  	1105	1 
[16, 20, 0, 1]  	764	7 
[4, 1, 23, 1]  	812	5 
[2, 35, 0, 1]  	843	4 
[3, 20, 11, 1]  	858	4 
[4, 21, 8, 4]  	807	5 
[3, 7, 19, 26]  	807	4 
[5, 21, 6, 29]  	764	6 
[4, 24, 5, 29]  	783	4 
[2, 4, 22, 29]  	812	3 
------
The gap is between 5 and 25.
Lengths: 3 3 5 5 3 3.
For 982 = 5*d/2-d1-d2-d3 you get 3 in char 0.
1*x^1*y^23*z^14
1*y^40*z^2
1*y^9*z^25

For 560 = 3*d/2-d1-d2-d3 you get 5 in char 0.
1*x^4*y^17*z^3
1*x^3*y^3*z^14
1*x^2*y^20*z^2
1*x^1*y^6*z^13
1*y^23*z^1

For 138 = d/2-d1-d2-d3 you get 3 in char 0.
1*x^4*z^2
1*x^2*y^3*z^1
1*y^6

Extra powers of p used 0.
The invariant extra is equal to 1.
Start computing 11^3 Delta^1 (x1x2x3)^10... Done.
Start computing 11^4 Delta^2 (x1x2x3)^10... Done.
Start computing 11^5 Delta^3 (x1x2x3)^10... Done.
Start computing 11^6 Delta^4 (x1x2x3)^10... Done.
Start computing 11^7 Delta^5 (x1x2x3)^10... Done.
Start computing 11^8 Delta^6 (x1x2x3)^10... Done.
Start computing 11^9 Delta^7 (x1x2x3)^10... Done.
Start computing aa.
1 2 3 4 5 6 7 8 9 10 11 
*/
A = \
[641115518570524805369704748325,485295112910753791586211217143,209453496375806002367522526023,333115600267395295115902473623,1321261003081340991737918850175,589178096000747419502031643739,1043698647523554554347555371885,1061000527970359007663803859182,1086264892276348332218410341514,1295126265409963262548908251132,100929486953970650806158553027;\
1325158950198497057466826885342,765374158567397987723487967143,9806246241387739449445209397,1305435392765546741717420629777,131605349068195726266750744691,711323952792191961301073012689,301789008560279544410289930076,706008992445816859303586056150,634952210882273248856141567372,1323591487078201426027018628233,650585539840854653366769814288;\
992875987241924183733148512770,568225840167430454600489997533,1319887969326173489821618998020,132536970111587068578197035092,768341405903922457801846136947,901215277024705602514497440894,1456319167887970379658675563069,1233389066063704008479961076565,1322835986423016486581313089838,1196745632463272696210775651359,738378474920882134478849774724;\
949192488432821958866154822422,1347378853214480993199050222865,700932175668387864563736187917,116675734518007940193138829202,1400667784924258261185898624259,913258881882167117105889966523,199894899734129500557454529776,836249271330644449883095347219,162524377480253691494970571204,150506372373728874812367577299,551096324812620553680252579216;\
1301311322213592887899812783282,1143188910873075760527597374657,1369951313725800645623373876847,230946967398129090000932704335,196455083084500540839824749893,261845378430193658887307001844,233706913367787639400514839825,170029701245065499070456517745,329577001494237913295468171264,260331249716100051615085128510,368950252194990401833217829542;\
726988311391088876990313215373,1097791329253047803262387881905,832913398156744588661331551290,751694176712477675063145986337,582930157184859019624700016691,492871259826411823485325377961,1478441237164401394022509651808,609699703380146349016868876549,164295411022305200861316524915,660409528242332948602364594852,1250872837739540196697742279999;\
153162858734359854199176791276,513636260403952644134124878299,1107453019304676853211109141899,365059503530076478954701118677,1266584625314255601919732267617,293114576534895642562213803933,349759269240149895650392452870,1393606883393546563842895265515,438164520851320143918963976105,644576046921598985376801224849,1153722891612584145396291743490;\
587504385133087442588571511248,766586683711966229885842695443,1009722018159518400356298258728,357973802251053848611036749442,123196167544959313800013884162,1389902805967243413651018980888,844090436823811101675323829762,565309526944290860614372300085,431296177600381396424976117329,1178815674935562587358573203824,684691264414995507946941172728;\
1026966684421256360385549009873,1000013318338368540266042331469,945593525590166072513783740639,258129158441952813392081619662,1391470860131142969224422418185,540319617408215927048942678338,1529771671685472936779490726701,202864075397901016024493263476,1177774429666193041337562211227,1416556883383717522311459637394,204512655989151956482645947481;\
1134335620353713360052711914652,486736861789091240363090745275,764855814523880310614687260955,1202313675423768820326445167081,1456266631231615867033368879188,136932922419738436132042297605,828537597836083188492612887175,932207684045649116251892100124,1181651230292733840405859409283,18299103245237455089950349519,1303176432701724715595501270703;\
282782980473799830549303932680,776762063781652594377455757452,873349211867237213015298479476,1270127525519144445053616475243,296786026672858801348721520762,743066393161307143097965647577,1371322294692832643100810736041,83112049524250795652578379944,554922066605945354041244991549,310666254793786083466073612725,286305799595327172824624903398]
/* 
This should be the matrix of frobenius!
*/ 
B = A; 
/* Freed 166 lists. */
