/* Comments begin... 
Coefficient of   x^21 * y^1               = -5
Coefficient of   x^10 * y^2 * z^6         = 4
Coefficient of   x^8 * y^5 * z^5         = 2
Coefficient of   x^6 * y^8 * z^4         = -3
Coefficient of   x^4 * y^11 * z^3         = -5
Coefficient of   x^2 * y^14 * z^2         = 3
Coefficient of   x^1 * z^13               = -2
Coefficient of   y^17 * z^1               = 5

Here is the polynomial we're using this time:

-5*x^21*y^1 + 4*x^10*y^2*z^6 + 2*x^8*y^5*z^5 + -3*x^6*y^8*z^4 + -5*x^4*y^11*z^3 + 3*x^2*y^14*z^2 + -2*x^1*z^13 + 5*y^17*z^1

Allocate G_len 20 elements and old = 0.
Allocate M_len = 400 elements.
Allocate G_len 40 elements and old = 20.
Allocate M_len = 800 elements.
Allocate G_len 80 elements and old = 40.
Allocate M_len = 1600 elements.
Allocate M_len = 3200 elements.
Allocate G_len 160 elements and old = 80.
Allocate M_len = 6400 elements.
Allocate M_len = 12800 elements.
Allocate G_len 320 elements and old = 160.
The final length of G is 165
[10, 2, 5, 0]  	391	7 
[21, 0, 0, 0]  	399	7  <--- 1
[20, 1, 0, 0]  	403	7 
[8, 5, 5, 0]  	422	6 
[8, 8, 4, 0]  	460	7 
[6, 11, 4, 0]  	491	6 
[6, 14, 3, 0]  	529	7 
[5, 0, 15, 0]  	560	6 
[18, 5, 4, 0]  	581	12 
[14, 11, 3, 0]  	612	11 
[18, 8, 3, 0]  	619	11 
[11, 0, 14, 0]  	643	10 
[14, 14, 2, 0]  	650	10 
[18, 11, 2, 0]  	657	10 
[9, 3, 14, 0]  	674	9 
[15, 0, 13, 0]  	688	9 
[10, 19, 2, 0]  	689	9 
[9, 20, 2, 0]  	693	8 
[18, 14, 1, 0]  	695	9 
[7, 22, 2, 0]  	701	8 
[7, 6, 14, 0]  	705	8 
[8, 23, 1, 0]  	712	8 
[12, 20, 1, 0]  	719	8 
[7, 8, 13, 0]  	720	8 
[6, 9, 13, 0]  	724	7 
[16, 17, 1, 0]  	726	8 
[10, 22, 1, 0]  	727	8 
[6, 8, 14, 0]  	732	7 
[5, 25, 2, 0]  	732	7 
[19, 0, 12, 0]  	733	8 
[14, 19, 1, 0]  	734	8 
[5, 9, 14, 0]  	736	7 
[7, 25, 1, 0]  	739	7 
[6, 26, 1, 0]  	743	7 
[8, 26, 0, 0]  	750	7 
[5, 11, 13, 0]  	751	7 
[4, 12, 13, 0]  	755	6 
[12, 23, 0, 0]  	757	7 
[6, 28, 0, 0]  	758	7 
[5, 29, 0, 0]  	762	6 
[4, 11, 14, 0]  	763	6 
[10, 25, 0, 0]  	765	7 
[4, 26, 3, 0]  	767	6 
[5, 28, 1, 0]  	770	6 
[4, 14, 12, 0]  	770	6 
[5, 24, 4, 0]  	771	6 
[14, 22, 0, 0]  	772	7 
[4, 29, 1, 0]  	774	6 
[19, 18, 0, 0]  	775	7 
[18, 19, 0, 0]  	779	7 
[4, 28, 2, 0]  	782	6 
[3, 14, 13, 0]  	782	6 
[3, 29, 2, 0]  	786	5 
[5, 18, 9, 0]  	788	6 
[4, 31, 0, 0]  	789	6 
[3, 32, 0, 0]  	793	5 
[5, 21, 7, 0]  	795	6 
[5, 17, 10, 0]  	796	6 
[4, 18, 10, 0]  	800	5 
[3, 31, 1, 0]  	801	5 
[3, 0, 24, 0]  	801	5 
[5, 20, 8, 0]  	803	6 
[2, 32, 1, 0]  	805	5 
[17, 21, 0, 0]  	806	6 
[4, 25, 5, 0]  	806	6 
[4, 21, 8, 0]  	807	5 
[4, 17, 11, 0]  	808	5 
[5, 23, 6, 0]  	810	6 
[4, 24, 6, 0]  	814	5 
[4, 20, 9, 0]  	815	5 
[4, 4, 21, 0]  	819	5 
[3, 17, 12, 0]  	820	5 
[4, 23, 7, 0]  	822	5 
[2, 18, 12, 0]  	824	4 
[4, 7, 19, 0]  	826	5 
[3, 12, 16, 0]  	829	5 
[3, 4, 22, 0]  	831	4 
[4, 10, 17, 0]  	833	5 
[4, 6, 20, 0]  	834	5 
[3, 11, 17, 0]  	837	5 
[3, 7, 20, 0]  	838	4 
[3, 3, 23, 0]  	839	4 
[4, 9, 18, 0]  	841	5 
[2, 35, 0, 0]  	843	4 
[3, 10, 18, 0]  	845	4 
[3, 6, 21, 0]  	846	4 
[3, 21, 10, 0]  	850	4 
[3, 9, 19, 0]  	853	4 
[3, 28, 5, 0]  	856	5 
[3, 24, 8, 0]  	857	4 
[3, 20, 11, 0]  	858	4 
[2, 29, 5, 0]  	860	4 
[2, 21, 11, 0]  	862	3 
[3, 23, 9, 0]  	865	4 
[2, 28, 6, 0]  	868	4 
[2, 24, 9, 0]  	869	3 
[2, 4, 24, 0]  	874	4 
[2, 31, 4, 0]  	875	5 
[2, 23, 10, 0]  	877	3 
[2, 15, 16, 0]  	879	4 
[2, 7, 22, 0]  	881	3 
[2, 26, 8, 0]  	884	3 
[2, 14, 17, 0]  	887	4 
[2, 10, 20, 0]  	888	3 
[1, 15, 17, 0]  	891	3 
[1, 38, 0, 0]  	893	3 
[2, 13, 18, 0]  	895	3 
[2, 9, 21, 0]  	896	3 
[2, 1, 27, 0]  	898	4 
[1, 14, 18, 0]  	899	3 
[2, 12, 19, 0]  	903	3 
[2, 0, 28, 0]  	906	4 
[1, 13, 19, 0]  	907	2 
[1, 32, 5, 0]  	910	3 
[1, 31, 6, 0]  	918	3 
[1, 27, 9, 0]  	919	2 
[0, 32, 6, 0]  	922	2 
[1, 30, 7, 0]  	926	2 
[0, 31, 7, 0]  	930	2 
[1, 29, 8, 0]  	934	2 
[0, 30, 8, 0]  	938	1 
[1, 1, 29, 0]  	941	2 
[1, 24, 12, 0]  	943	3 
[1, 35, 4, 0]  	948	3 
[1, 0, 30, 0]  	949	2 
[0, 1, 30, 0]  	953	1 
[0, 16, 19, 0]  	957	1 
[0, 35, 5, 0]  	960	2 
[0, 0, 31, 0]  	961	1  <--- 3
[1, 21, 15, 0]  	967	3 
[0, 18, 18, 0]  	972	1 
[1, 4, 28, 0]  	979	2 
[0, 4, 29, 0]  	991	1 
[0, 38, 4, 0]  	998	2 
[0, 21, 17, 0]  	1010	1 
[0, 44, 0, 0]  	1012	2  <--- 2
[1, 7, 27, 0]  	1017	2 
[0, 7, 28, 0]  	1029	1 
[0, 41, 3, 0]  	1036	2 
[0, 24, 16, 0]  	1048	1 
[0, 10, 27, 0]  	1067	1 
[0, 27, 15, 0]  	1086	1 
[0, 13, 26, 0]  	1105	1 
[12, 17, 2, 1]  	681	9 
[16, 20, 0, 1]  	764	7 
[5, 15, 11, 1]  	781	6 
[4, 1, 23, 1]  	812	5 
[4, 3, 22, 1]  	827	5 
[3, 27, 6, 1]  	864	4 
[3, 26, 7, 1]  	872	4 
[2, 27, 7, 1]  	876	3 
[1, 10, 21, 1]  	900	2 
[1, 12, 20, 1]  	915	2 
[1, 18, 16, 1]  	929	3 
[10, 20, 1, 29]  	681	8 
[5, 21, 6, 29]  	764	6 
[3, 18, 10, 29]  	781	4 
[4, 24, 5, 29]  	783	5 
[2, 13, 17, 29]  	864	3 
[2, 12, 18, 29]  	872	3 
[1, 13, 18, 29]  	876	2 
[1, 30, 6, 29]  	895	2 
[0, 27, 9, 29]  	900	1 
[0, 29, 8, 29]  	915	1 
[0, 35, 4, 29]  	929	2 
------
The gap is between 2 and 28.
Lengths: 3 3 5 5 3 3.
For 982 = 5*d/2-d1-d2-d3 you get 3 in char 0.
1*x^1*y^23*z^14
1*y^40*z^2
1*y^9*z^25

For 560 = 3*d/2-d1-d2-d3 you get 5 in char 0.
1*x^4*y^17*z^3
1*x^3*y^3*z^14
1*x^2*y^20*z^2
1*x^1*y^6*z^13
1*y^23*z^1

For 138 = d/2-d1-d2-d3 you get 3 in char 0.
1*x^4*z^2
1*x^2*y^3*z^1
1*y^6

Extra powers of p used 0.
The invariant extra is equal to 1.
Start computing 11^3 Delta^1 (x1x2x3)^10... Done.
Start computing 11^4 Delta^2 (x1x2x3)^10... Done.
Start computing 11^5 Delta^3 (x1x2x3)^10... Done.
Start computing 11^6 Delta^4 (x1x2x3)^10... Done.
Start computing 11^7 Delta^5 (x1x2x3)^10... Done.
Start computing 11^8 Delta^6 (x1x2x3)^10... Done.
Start computing 11^9 Delta^7 (x1x2x3)^10... Done.
Start computing aa.
1 2 3 4 5 6 7 8 9 10 11 
*/
A = \
[683835142669570636091488685085,423341305580331662320791608021,284704433722164995600883144114,1580547346954341732559026298480,960271642741407337116299276874,108657046155672404213648039402,1498094719840706129263128727544,1076624837862761901664097304399,548877764914944650798885629786,774538507049261037154597892773,343924853053062472871325627905;\
1156111548344449288203673600256,583334709256128543839760343136,168890943648439481565981342763,257707335716281410316980823244,536048766138620477183919801059,1034080164891121981198054767113,268854393259919703687630511959,284436343785482800599122758389,1354228127989879892572961478967,162626510780217725138500710085,38708512745130865638026622685;\
679701980834502547278506254917,684925778562550804070289541539,987312222462997204416543553194,29362526443928983958313557699,1349489504691771618930382512511,723736934805347635638121009420,1539349717769533516585933684578,1435190033467513263073134583494,153593695572434465508491984015,1264396922359140757884363213734,634936300207004325619149732584;\
541916023512843662621378235805,1525498843327751342741154436082,298010470324779599301355492942,586315291325234265025349199961,779763282210114684045453227393,1581797017981280227792589673122,1111777667472998629270249782271,1319847705629477950352881895199,984663598079470471644970739097,214177356473129127337347232408,835457662651534600415145179541;\
1512006238854654910323494021894,951661321447650074101780470484,79058045930879116052575082705,662919314338910215454106229001,1573801106625771221308598174236,91751176652820305655297930975,1441705649852665891719718647306,1186381221951195185570925816139,1183410984214536025166537467401,927297528956290479235548902327,282285735034130122889427785545;\
50979351562839751932683170232,1313311685162452006546452749595,361838626322918440724325815756,1309799547818847469360088288605,590861112736696353269392132975,1053791670259432161673176719620,422598125162994203292101963434,1404829980872017055167116614771,954403403303043871292372269287,1523633357818054629599556361269,1541784617403611677971097239236;\
839764426676024198323292488735,417693482948263172224836792295,1550055286719199529998779376787,1262659900705619487456329540904,1234820328862147604494204698290,119105598161010061202006907073,593901645442729849348245993915,93375746001811946376269256570,216426461080267355146416886347,1452006872679250636608452715243,349313857797728501024562874989;\
812409013321650812924123842873,580398753907696848996246604885,83448292455586962944024902677,468234887429516301532064869121,880256872145781024727726613137,572557301140676870713800840768,674674553149336330903614154446,318283161757205921742230245888,1217679116958019127855651344114,624352600254106296748555057205,1153377710163666918025503061808;\
77850406580598372432533118681,695155652964866527366024820962,947991063730680630789280947529,1013452284958521177440125845313,1494110507569660399840870500843,962029918916402630621623387795,1255075563484527530259149439111,1210893676733116659437849439602,673710659200175251394125226445,1297901357544562172905778832975,879605688825697398629218587213;\
1217198812192577148027655970901,602804196196753639317112156866,200334533447220761705401329516,738663434861122231838849533215,1534286897884381204433052260264,280364439358990310742419313279,1471099966425801238488407564866,1465448430522905229343509977476,1360333542032973836201101080281,133361490964996736512878405862,1317446980653559586756931229246;\
1440929315766330253248881900034,67876689840925345265900809884,147496234893638544813827652412,994603892039927767298434886812,396671453166204976555523557544,991115837112640579221469945456,499927011979942508476208738946,974398909017195153440882691186,99697570834336583218248532350,395104926400724306964238473223,1375237976210077808616344892434]
/* 
This should be the matrix of frobenius!
*/ 
B = A; 
/* Freed 166 lists. */
