/* Comments begin... 
Coefficient of   x^21 * y^1               = 5
Coefficient of   x^10 * y^2 * z^6         = 4
Coefficient of   x^8 * y^5 * z^5         = 1
Coefficient of   x^6 * y^8 * z^4         = -4
Coefficient of   x^4 * y^11 * z^3         = 2
Coefficient of   x^2 * y^14 * z^2         = 4
Coefficient of   x^1 * z^13               = -1
Coefficient of   y^17 * z^1               = 3

Here is the polynomial we're using this time:

5*x^21*y^1 + 4*x^10*y^2*z^6 + 1*x^8*y^5*z^5 + -4*x^6*y^8*z^4 + 2*x^4*y^11*z^3 + 4*x^2*y^14*z^2 + -1*x^1*z^13 + 3*y^17*z^1

Allocate G_len 20 elements and old = 0.
Allocate M_len = 400 elements.
Allocate G_len 40 elements and old = 20.
Allocate M_len = 800 elements.
Allocate G_len 80 elements and old = 40.
Allocate M_len = 1600 elements.
Allocate M_len = 3200 elements.
Allocate G_len 160 elements and old = 80.
Allocate M_len = 6400 elements.
Allocate M_len = 12800 elements.
Allocate G_len 320 elements and old = 160.
The final length of G is 174
[10, 2, 5, 0]  	391	7 
[21, 0, 0, 0]  	399	7  <--- 1
[20, 1, 0, 0]  	403	7 
[8, 5, 5, 0]  	422	6 
[8, 8, 4, 0]  	460	7 
[6, 11, 4, 0]  	491	6 
[6, 14, 3, 0]  	529	7 
[5, 0, 15, 0]  	560	6 
[18, 5, 4, 0]  	581	12 
[14, 11, 3, 0]  	612	11 
[18, 8, 3, 0]  	619	11 
[11, 0, 14, 0]  	643	10 
[14, 14, 2, 0]  	650	10 
[18, 11, 2, 0]  	657	10 
[9, 3, 14, 0]  	674	9 
[12, 17, 2, 0]  	681	9 
[10, 19, 2, 0]  	689	9 
[9, 20, 2, 0]  	693	8 
[18, 14, 1, 0]  	695	9 
[7, 22, 2, 0]  	701	8 
[7, 6, 14, 0]  	705	8 
[8, 23, 1, 0]  	712	8 
[7, 8, 13, 0]  	720	8 
[6, 9, 13, 0]  	724	7 
[17, 0, 13, 0]  	726	8 
[16, 17, 1, 0]  	726	8 
[10, 22, 1, 0]  	727	8 
[6, 8, 14, 0]  	732	7 
[5, 25, 2, 0]  	732	7 
[19, 0, 12, 0]  	733	8 
[14, 19, 1, 0]  	734	8 
[5, 9, 14, 0]  	736	7 
[7, 25, 1, 0]  	739	7 
[6, 26, 1, 0]  	743	7 
[8, 26, 0, 0]  	750	7 
[5, 11, 13, 0]  	751	7 
[12, 23, 0, 0]  	757	7 
[6, 28, 0, 0]  	758	7 
[5, 29, 0, 0]  	762	6 
[4, 11, 14, 0]  	763	6 
[10, 25, 0, 0]  	765	7 
[4, 26, 3, 0]  	767	6 
[5, 28, 1, 0]  	770	6 
[4, 14, 12, 0]  	770	6 
[5, 24, 4, 0]  	771	6 
[14, 22, 0, 0]  	772	7 
[4, 29, 1, 0]  	774	6 
[19, 18, 0, 0]  	775	7 
[18, 19, 0, 0]  	779	7 
[5, 15, 11, 0]  	781	6 
[4, 28, 2, 0]  	782	6 
[3, 14, 13, 0]  	782	6 
[3, 29, 2, 0]  	786	5 
[5, 18, 9, 0]  	788	6 
[4, 31, 0, 0]  	789	6 
[5, 21, 7, 0]  	795	6 
[5, 17, 10, 0]  	796	6 
[4, 18, 10, 0]  	800	5 
[3, 31, 1, 0]  	801	5 
[3, 0, 24, 0]  	801	5 
[5, 20, 8, 0]  	803	6 
[2, 32, 1, 0]  	805	5 
[17, 21, 0, 0]  	806	6 
[4, 25, 5, 0]  	806	6 
[5, 23, 6, 0]  	810	6 
[4, 1, 23, 0]  	812	5 
[4, 24, 6, 0]  	814	5 
[4, 20, 9, 0]  	815	5 
[4, 4, 21, 0]  	819	5 
[3, 17, 12, 0]  	820	5 
[4, 23, 7, 0]  	822	5 
[2, 18, 12, 0]  	824	4 
[4, 3, 22, 0]  	827	5 
[3, 12, 16, 0]  	829	5 
[3, 4, 22, 0]  	831	4 
[4, 10, 17, 0]  	833	5 
[4, 6, 20, 0]  	834	5 
[3, 11, 17, 0]  	837	5 
[3, 3, 23, 0]  	839	4 
[4, 9, 18, 0]  	841	5 
[2, 35, 0, 0]  	843	4 
[3, 10, 18, 0]  	845	4 
[3, 6, 21, 0]  	846	4 
[3, 28, 5, 0]  	856	5 
[3, 20, 11, 0]  	858	4 
[2, 29, 5, 0]  	860	4 
[2, 21, 11, 0]  	862	3 
[3, 23, 9, 0]  	865	4 
[2, 28, 6, 0]  	868	4 
[2, 4, 24, 0]  	874	4 
[2, 31, 4, 0]  	875	5 
[2, 23, 10, 0]  	877	3 
[2, 15, 16, 0]  	879	4 
[2, 7, 22, 0]  	881	3 
[3, 9, 20, 0]  	884	3 
[2, 14, 17, 0]  	887	4 
[2, 10, 20, 0]  	888	3 
[1, 15, 17, 0]  	891	3 
[1, 38, 0, 0]  	893	3 
[2, 9, 21, 0]  	896	3 
[2, 1, 27, 0]  	898	4 
[1, 14, 18, 0]  	899	3 
[1, 10, 21, 0]  	900	2 
[3, 26, 8, 0]  	903	3 
[2, 12, 19, 0]  	903	3 
[2, 0, 28, 0]  	906	4 
[2, 27, 8, 0]  	907	2 
[1, 13, 19, 0]  	907	2 
[1, 32, 5, 0]  	910	3 
[2, 26, 9, 0]  	915	2 
[1, 12, 20, 0]  	915	2 
[1, 31, 6, 0]  	918	3 
[1, 27, 9, 0]  	919	2 
[0, 32, 6, 0]  	922	2 
[1, 30, 7, 0]  	926	2 
[0, 31, 7, 0]  	930	2 
[1, 29, 8, 0]  	934	2 
[0, 30, 8, 0]  	938	1 
[1, 1, 29, 0]  	941	2 
[1, 24, 12, 0]  	943	3 
[1, 35, 4, 0]  	948	3 
[1, 0, 30, 0]  	949	2 
[0, 1, 30, 0]  	953	1 
[0, 16, 19, 0]  	957	1 
[0, 35, 5, 0]  	960	2 
[0, 0, 31, 0]  	961	1  <--- 3
[1, 21, 15, 0]  	967	3 
[0, 18, 18, 0]  	972	1 
[1, 4, 28, 0]  	979	2 
[0, 4, 29, 0]  	991	1 
[0, 38, 4, 0]  	998	2 
[0, 21, 17, 0]  	1010	1 
[0, 44, 0, 0]  	1012	2  <--- 2
[1, 7, 27, 0]  	1017	2 
[0, 7, 28, 0]  	1029	1 
[0, 41, 3, 0]  	1036	2 
[0, 24, 16, 0]  	1048	1 
[0, 10, 27, 0]  	1067	1 
[0, 27, 15, 0]  	1086	1 
[0, 13, 26, 0]  	1105	1 
[15, 0, 13, 1]  	688	9 
[12, 20, 1, 1]  	719	8 
[4, 12, 13, 1]  	755	6 
[16, 20, 0, 1]  	764	7 
[4, 21, 8, 1]  	807	5 
[4, 17, 11, 1]  	808	5 
[4, 7, 19, 1]  	826	5 
[3, 7, 20, 1]  	838	4 
[3, 34, 0, 1]  	839	4 
[3, 21, 10, 1]  	850	4 
[3, 24, 8, 1]  	857	4 
[3, 27, 6, 1]  	864	4 
[2, 24, 9, 1]  	869	3 
[3, 26, 7, 1]  	872	4 
[2, 27, 7, 1]  	876	3 
[2, 26, 8, 1]  	884	3 
[2, 13, 18, 1]  	895	3 
[1, 18, 16, 1]  	929	3 
[3, 32, 0, 2]  	793	5 
[3, 9, 19, 2]  	853	4 
[3, 1, 23, 28]  	793	4 
[1, 30, 6, 28]  	895	2 
[14, 17, 1, 29]  	688	8 
[10, 23, 0, 29]  	719	6 
[3, 29, 1, 29]  	755	5 
[5, 21, 6, 29]  	764	6 
[4, 24, 5, 29]  	783	5 
[1, 10, 18, 29]  	807	2 
[3, 3, 22, 29]  	808	4 
[2, 20, 11, 29]  	839	2 
[2, 7, 21, 29]  	850	3 
[2, 26, 7, 29]  	853	3 
[2, 13, 17, 29]  	864	3 
[0, 35, 4, 29]  	929	2 
------
The gap is between 3 and 27.
Lengths: 3 3 5 5 3 3.
For 982 = 5*d/2-d1-d2-d3 you get 3 in char 0.
1*x^1*y^23*z^14
1*y^40*z^2
1*y^9*z^25

For 560 = 3*d/2-d1-d2-d3 you get 5 in char 0.
1*x^4*y^17*z^3
1*x^3*y^3*z^14
1*x^2*y^20*z^2
1*x^1*y^6*z^13
1*y^23*z^1

For 138 = d/2-d1-d2-d3 you get 3 in char 0.
1*x^4*z^2
1*x^2*y^3*z^1
1*y^6

Extra powers of p used 0.
The invariant extra is equal to 1.
Start computing 11^3 Delta^1 (x1x2x3)^10... Done.
Start computing 11^4 Delta^2 (x1x2x3)^10... Done.
Start computing 11^5 Delta^3 (x1x2x3)^10... Done.
Start computing 11^6 Delta^4 (x1x2x3)^10... Done.
Start computing 11^7 Delta^5 (x1x2x3)^10... Done.
Start computing 11^8 Delta^6 (x1x2x3)^10... Done.
Start computing 11^9 Delta^7 (x1x2x3)^10... Done.
Start computing aa.
1 2 3 4 5 6 7 8 9 10 11 
*/
A = \
[473560310853653405588979935574,1387463150429853212816266934314,1108308995902314743676238974528,304103700160662406323057716978,325644608902561672447693013935,395638261809000016560265999267,127578765267461546753461686896,624828423563885261019634044699,587795118318140910780245327278,604568506441042534716038963029,785887729325148427786949121718;\
1293832953692375253217915079237,869195743052493454503932000512,1447804971653301063674698670049,689073809846131965637665779496,82986812171564666566205808639,1175806986158012980899204203093,1179817017919741503890805737124,1140590892531991231882595897281,1579665749817191464099152549475,1035703717599838944234209221722,1280223678528208119660824919764;\
326242801816994567811720983376,1565064741350077324542250785338,556002249475450439566580777925,975609303787173182335418561725,747821728363940962942699839515,1225858519989168371167006365121,138989549044013559966653117132,1077937314095893028175742337950,26460722802455263968814423002,1512294170740799821650348700264,105575679642614805181680450064;\
1238317112776686992213537722898,451474824141728712755319310669,379291358761224893104887434217,1436128335388240982210845012110,747679269318147234317374910323,909105530429851200278056522573,68097634188877313857332858516,604832037000076946433767879276,71898718629479671106791598072,1548066373526258168749217318245,1552448623943026948030136080958;\
1112086903493194531791097227878,332430631414947602540916737871,37654002985789175125539536610,715558920308197479509318528953,1542705113287115945700610169345,904846192960473671008355450097,820931693584052538951075450486,1133375597793365835457419106445,723468574969753852733876681332,1297254250086604445939872821846,1519387522379992510302322482921;\
1327558891240863911820378034637,1491512063680043465737738920777,1188037460053538825754996320183,1304867732066200272523444120889,72386041958744798758703003808,1091762136857789453634645880923,166309381385023897113451209467,240278555981942163088739086641,1078769443237948480862346143707,1213208274295850413525149842901,130962937898682264760841059241;\
1320340436463669802250881862940,1237534223538138802862779209865,256072995938234030115257987540,81916143737941743923994521671,1473478106667350155144131997330,425982352940792857717327956928,1045935590680922506201249146963,1065527841495783203769339992147,1126850210017985753760973595060,501264791920650003096450035062,921902051035691113687697580600;\
624720564626587245536648134769,1279415165897055861321251661630,1525073121027109517323668504593,331268544410528986625154410686,965397484293003086008554060267,1573939338523721108283269592051,161243565586283060167294452236,1173879124536836186123149334763,601486877690626732857652866442,343834305650090147636530450235,38811303973448887788488704706;\
1372206934206148339523530059273,1213840944362606048275716798072,1497258896458377417029673763439,1175169599861874898404499003584,1268430545072686547720391801875,796680321045160273368235883316,240788128991389100653286887847,715934850335156923127866368819,33058140543129377718842114755,1123602776141019538398118303780,1054180517880233192378579119404;\
269993214496580000054715245490,366461492744943701948549551586,557823917851775741147650123096,630132589111756956572066231919,271892272601078754042300605657,51421814505802565026722716922,737865889123969209190075902721,324269529017085755878977282069,174678528903143607603615185964,742530183487225552095798628023,363756434590209494467595862945;\
837591866208226810474515517274,763277107084988680648367513602,1216677561636406335690195413426,1145293995271735269196866130952,1558711888887786123267513275902,1343971236718626373205374180418,861785106091478130606209330858,994877448447853587107515226873,1309994251355772311603794951024,1496924101883858129955360280844,1430320975562753774385668343693]
/* 
This should be the matrix of frobenius!
*/ 
B = A; 
/* Freed 167 lists. */
