/* Comments begin... 
Coefficient of   x^21 * y^1               = 2
Coefficient of   x^10 * y^2 * z^6         = 4
Coefficient of   x^8 * y^5 * z^5         = 4
Coefficient of   x^6 * y^8 * z^4         = 2
Coefficient of   x^4 * y^11 * z^3         = 5
Coefficient of   x^2 * y^14 * z^2         = -1
Coefficient of   x^1 * z^13               = 1
Coefficient of   y^17 * z^1               = -1

Here is the polynomial we're using this time:

2*x^21*y^1 + 4*x^10*y^2*z^6 + 4*x^8*y^5*z^5 + 2*x^6*y^8*z^4 + 5*x^4*y^11*z^3 + -1*x^2*y^14*z^2 + 1*x^1*z^13 + -1*y^17*z^1

Allocate G_len 20 elements and old = 0.
Allocate M_len = 400 elements.
Allocate G_len 40 elements and old = 20.
Allocate M_len = 800 elements.
Allocate G_len 80 elements and old = 40.
Allocate M_len = 1600 elements.
Allocate M_len = 3200 elements.
Allocate G_len 160 elements and old = 80.
Allocate M_len = 6400 elements.
Allocate M_len = 12800 elements.
Allocate G_len 320 elements and old = 160.
The final length of G is 162
[10, 2, 5, 0]  	391	7 
[21, 0, 0, 0]  	399	7  <--- 1
[20, 1, 0, 0]  	403	7 
[8, 5, 5, 0]  	422	6 
[8, 8, 4, 0]  	460	7 
[6, 11, 4, 0]  	491	6 
[6, 14, 3, 0]  	529	7 
[5, 0, 15, 0]  	560	6 
[18, 5, 4, 0]  	581	12 
[14, 11, 3, 0]  	612	10 
[18, 8, 3, 0]  	619	11 
[11, 0, 14, 0]  	643	10 
[14, 14, 2, 0]  	650	10 
[18, 11, 2, 0]  	657	10 
[9, 3, 14, 0]  	674	9 
[12, 17, 2, 0]  	681	9 
[15, 0, 13, 0]  	688	9 
[10, 19, 2, 0]  	689	9 
[9, 20, 2, 0]  	693	8 
[18, 14, 1, 0]  	695	9 
[7, 22, 2, 0]  	701	8 
[7, 6, 14, 0]  	705	8 
[8, 23, 1, 0]  	712	8 
[12, 20, 1, 0]  	719	8 
[7, 8, 13, 0]  	720	8 
[6, 9, 13, 0]  	724	7 
[16, 17, 1, 0]  	726	8 
[10, 22, 1, 0]  	727	8 
[6, 8, 14, 0]  	732	7 
[5, 25, 2, 0]  	732	7 
[19, 0, 12, 0]  	733	8 
[14, 19, 1, 0]  	734	8 
[5, 9, 14, 0]  	736	7 
[7, 25, 1, 0]  	739	7 
[6, 26, 1, 0]  	743	7 
[8, 26, 0, 0]  	750	7 
[5, 11, 13, 0]  	751	7 
[4, 12, 13, 0]  	755	6 
[12, 23, 0, 0]  	757	7 
[6, 28, 0, 0]  	758	7 
[5, 29, 0, 0]  	762	6 
[4, 11, 14, 0]  	763	6 
[10, 25, 0, 0]  	765	7 
[4, 26, 3, 0]  	767	6 
[5, 28, 1, 0]  	770	6 
[4, 14, 12, 0]  	770	6 
[5, 24, 4, 0]  	771	6 
[14, 22, 0, 0]  	772	7 
[4, 29, 1, 0]  	774	6 
[19, 18, 0, 0]  	775	7 
[18, 19, 0, 0]  	779	7 
[5, 15, 11, 0]  	781	6 
[4, 28, 2, 0]  	782	6 
[3, 14, 13, 0]  	782	6 
[3, 29, 2, 0]  	786	5 
[5, 18, 9, 0]  	788	6 
[3, 32, 0, 0]  	793	5 
[5, 21, 7, 0]  	795	6 
[5, 17, 10, 0]  	796	6 
[4, 18, 10, 0]  	800	5 
[3, 31, 1, 0]  	801	5 
[3, 0, 24, 0]  	801	5 
[2, 32, 1, 0]  	805	5 
[17, 21, 0, 0]  	806	6 
[4, 25, 5, 0]  	806	6 
[4, 21, 8, 0]  	807	5 
[4, 17, 11, 0]  	808	5 
[5, 23, 6, 0]  	810	6 
[4, 1, 23, 0]  	812	5 
[4, 24, 6, 0]  	814	5 
[4, 20, 9, 0]  	815	5 
[4, 4, 21, 0]  	819	5 
[3, 17, 12, 0]  	820	5 
[4, 23, 7, 0]  	822	5 
[2, 18, 12, 0]  	824	4 
[4, 3, 22, 0]  	827	5 
[3, 12, 16, 0]  	829	5 
[3, 4, 22, 0]  	831	4 
[4, 10, 17, 0]  	833	5 
[3, 11, 17, 0]  	837	5 
[3, 7, 20, 0]  	838	4 
[3, 3, 23, 0]  	839	4 
[4, 9, 18, 0]  	841	5 
[3, 10, 18, 0]  	845	4 
[3, 6, 21, 0]  	846	4 
[3, 21, 10, 0]  	850	4 
[3, 9, 19, 0]  	853	4 
[3, 28, 5, 0]  	856	5 
[3, 24, 8, 0]  	857	4 
[2, 29, 5, 0]  	860	4 
[2, 21, 11, 0]  	862	3 
[3, 23, 9, 0]  	865	4 
[2, 28, 6, 0]  	868	4 
[2, 24, 9, 0]  	869	3 
[3, 26, 7, 0]  	872	4 
[2, 4, 24, 0]  	874	4 
[2, 31, 4, 0]  	875	5 
[2, 27, 7, 0]  	876	3 
[2, 23, 10, 0]  	877	3 
[2, 15, 16, 0]  	879	4 
[2, 7, 22, 0]  	881	3 
[2, 26, 8, 0]  	884	3 
[2, 14, 17, 0]  	887	4 
[2, 10, 20, 0]  	888	3 
[1, 15, 17, 0]  	891	3 
[1, 38, 0, 0]  	893	3 
[2, 13, 18, 0]  	895	3 
[2, 9, 21, 0]  	896	3 
[2, 1, 27, 0]  	898	4 
[1, 14, 18, 0]  	899	3 
[1, 10, 21, 0]  	900	2 
[2, 12, 19, 0]  	903	3 
[2, 0, 28, 0]  	906	4 
[1, 13, 19, 0]  	907	2 
[1, 32, 5, 0]  	910	3 
[1, 12, 20, 0]  	915	2 
[1, 31, 6, 0]  	918	3 
[1, 27, 9, 0]  	919	2 
[0, 32, 6, 0]  	922	2 
[1, 18, 16, 0]  	929	3 
[0, 31, 7, 0]  	930	2 
[1, 29, 8, 0]  	934	2 
[0, 30, 8, 0]  	938	1 
[1, 1, 29, 0]  	941	2 
[1, 24, 12, 0]  	943	3 
[1, 35, 4, 0]  	948	3 
[0, 1, 30, 0]  	953	1 
[0, 16, 19, 0]  	957	1 
[0, 35, 5, 0]  	960	2 
[0, 0, 31, 0]  	961	1  <--- 3
[1, 21, 15, 0]  	967	3 
[0, 18, 18, 0]  	972	1 
[1, 4, 28, 0]  	979	2 
[0, 4, 29, 0]  	991	1 
[0, 38, 4, 0]  	998	2 
[0, 21, 17, 0]  	1010	1 
[0, 44, 0, 0]  	1012	2  <--- 2
[1, 7, 27, 0]  	1017	2 
[0, 7, 28, 0]  	1029	1 
[0, 41, 3, 0]  	1036	2 
[0, 24, 16, 0]  	1048	1 
[0, 10, 27, 0]  	1067	1 
[0, 27, 15, 0]  	1086	1 
[0, 13, 26, 0]  	1105	1 
[16, 20, 0, 1]  	764	7 
[5, 20, 8, 1]  	803	6 
[4, 7, 19, 1]  	826	5 
[4, 6, 20, 1]  	834	5 
[2, 35, 0, 1]  	843	4 
[3, 20, 11, 1]  	858	4 
[3, 27, 6, 1]  	864	4 
[1, 30, 7, 1]  	926	2 
[1, 0, 30, 1]  	949	2 
[4, 31, 0, 2]  	789	6 
[4, 0, 23, 28]  	789	5 
[5, 21, 6, 29]  	764	6 
[4, 24, 5, 29]  	783	4 
[3, 23, 7, 29]  	803	4 
[2, 4, 23, 29]  	843	3 
[2, 6, 22, 29]  	858	3 
[2, 13, 17, 29]  	864	3 
[0, 16, 18, 29]  	926	1 
------
The gap is between 3 and 27.
Lengths: 3 3 5 5 3 3.
For 982 = 5*d/2-d1-d2-d3 you get 3 in char 0.
1*x^1*y^23*z^14
1*y^40*z^2
1*y^9*z^25

For 560 = 3*d/2-d1-d2-d3 you get 5 in char 0.
1*x^4*y^17*z^3
1*x^3*y^3*z^14
1*x^2*y^20*z^2
1*x^1*y^6*z^13
1*y^23*z^1

For 138 = d/2-d1-d2-d3 you get 3 in char 0.
1*x^4*z^2
1*x^2*y^3*z^1
1*y^6

Extra powers of p used 0.
The invariant extra is equal to 1.
Start computing 11^3 Delta^1 (x1x2x3)^10... Done.
Start computing 11^4 Delta^2 (x1x2x3)^10... Done.
Start computing 11^5 Delta^3 (x1x2x3)^10... Done.
Start computing 11^6 Delta^4 (x1x2x3)^10... Done.
Start computing 11^7 Delta^5 (x1x2x3)^10... Done.
Start computing 11^8 Delta^6 (x1x2x3)^10... Done.
Start computing 11^9 Delta^7 (x1x2x3)^10... Done.
Start computing aa.
1 2 3 4 5 6 7 8 9 10 11 
*/
A = \
[700314604378906443881149827082,1323282786085523875480312641533,1346832547051670416510194111803,1223449108218599915348851743720,113644145553154968738348085955,53908215494698976343670497903,927678279908567855235285296689,959156202338001751432925813380,1350375784318384760922741409797,460269269725145363273234875860,826236532483291738832249446;\
563292091458479329405205936440,1283150440953115821721353234657,1422427483128207942698369196823,997070675034269229267791371201,1054985903648450555920044826315,1236504547463987782225814896272,380753536945869948323631140236,991422813164534324896071053755,715285859552920751504630388728,594780097086492882111414599369,318013032570583206211056674764;\
563747396583073991368559203226,171526029487267031035221438327,1480741735606332133999079310610,1199692737970759597563303173660,1074273613723491359480943545003,741937602002926848684537332433,133834508029810326178951551678,1260875178065787457139804743851,626703515817247800857660122410,1029805354459998692763975214801,1019221765896450918623424102412;\
178046529496011240901280599296,1044520332369729874986021381502,967580017447956873947524263378,1185542111353733913640474530818,224123699595157105635196799263,650017133725177098577075071594,842032037165475691083405191830,1378259406460887977010062786301,523392137504450947794619068434,1282722480117823440910136375123,543805862063517821623522867497;\
920953965435255788842353261817,1171859811985372721652597927905,1434168253891574119701104354931,1039622930563123089700934914838,220243091703699058067506156020,417245285580024532540702537833,1490733962909379179217823786717,1118397745946019898821715277893,876931482860859706143814210315,888703427280969467317946893779,65560334322068057400891243424;\
1403656233972897554741234931841,167418429161877555015265949341,1025120689595126832047369477149,936720844200070506246770560867,924666662942267240601783840025,1441505519471946458434313745677,616117852381622330891850061693,329233877790598952885730718042,1339475444259952828685808146162,207022533951534480974063412308,698149995282674347611817154921;\
1136595920543717493042367182590,1078914164453247969609906633181,297549636282361947364963220083,1576731723483358587296257147217,1507926536343922552856186110098,1050298886474721876903437412237,25553278111874218603965130074,1517061387298552199575510458144,370283282825198825255096329604,452235644880729579161960993138,17741189267564160840761411125;\
1250452580538072501328168409337,834257318754205267446927026211,628159695262775780577776959279,1180823917429656133565065331098,740889630162783624127760626856,772440719097383121940148576505,963494558452889991974293081157,26212718315600706772300034727,908372298096115432508456840169,1006115877863970471131164753012,392146039962306724001334947575;\
1064225694310865354496133486463,1398643774350429533163429714813,321469160753767074123000128113,151839408022414437584765118338,1131284859588657404857776365420,1384301958144855461107600464238,1419988517105414263121068505892,384878840413140418430099300319,505710368302332651033110112919,732132720580271008563051198767,389101517157282397609507431428;\
917553859916959408845090062730,297331398587608224683567221876,1170469464160656056089131068353,1157169166612277264353029968560,1361950797393582795255416306527,55120994153621446304906750978,464351725498332762973045465533,279613899386339749889049559871,301963311671978392530055781567,295641761738233421512273016525,96187805266786247606921547592;\
1357329212755226628943900367792,178847202616492819865663903282,660403456755597464738200688858,597430860777738266972843812398,1428436258387220195280349769411,426933528463572916480543872881,1549689313233724953241882759202,1286352713607380178463596042469,41612573914709009467589001184,410899428887455235642365588962,1514708857294925300369228167652]
/* 
This should be the matrix of frobenius!
*/ 
B = A; 
/* Freed 166 lists. */
