/* Comments begin... 
Coefficient of   x^21 * y^1               = -2
Coefficient of   x^10 * y^2 * z^6         = 0
Coefficient of   x^8 * y^5 * z^5         = 0
Coefficient of   x^6 * y^8 * z^4         = -1
Coefficient of   x^4 * y^11 * z^3         = 5
Coefficient of   x^2 * y^14 * z^2         = 3
Coefficient of   x^1 * z^13               = 2
Coefficient of   y^17 * z^1               = 2

Here is the polynomial we're using this time:

-2*x^21*y^1 + -1*x^6*y^8*z^4 + 5*x^4*y^11*z^3 + 3*x^2*y^14*z^2 + 2*x^1*z^13 + 2*y^17*z^1

Allocate G_len 20 elements and old = 0.
Allocate M_len = 400 elements.
Allocate G_len 40 elements and old = 20.
Allocate M_len = 800 elements.
Allocate G_len 80 elements and old = 40.
Allocate M_len = 1600 elements.
Allocate M_len = 3200 elements.
Allocate G_len 160 elements and old = 80.
Allocate M_len = 6400 elements.
The final length of G is 112
[6, 8, 3, 0]  	391	5 
[21, 0, 0, 0]  	399	5  <--- 1
[20, 1, 0, 0]  	403	5 
[4, 11, 3, 0]  	422	4 
[3, 0, 14, 0]  	491	4 
[18, 11, 2, 0]  	657	8 
[16, 14, 2, 0]  	688	8 
[15, 0, 13, 0]  	688	8 
[18, 14, 1, 0]  	695	7 
[14, 17, 2, 0]  	719	8 
[13, 3, 13, 0]  	719	8 
[16, 17, 1, 0]  	726	7 
[5, 25, 2, 0]  	732	5 
[3, 28, 1, 0]  	732	5 
[19, 0, 12, 0]  	733	6 
[11, 6, 13, 0]  	750	7 
[14, 20, 1, 0]  	757	7 
[2, 14, 13, 0]  	763	4 
[3, 27, 3, 0]  	771	4 
[19, 18, 0, 0]  	775	5 
[10, 23, 2, 0]  	781	6 
[8, 26, 1, 0]  	781	6 
[2, 31, 1, 0]  	782	4 
[12, 23, 1, 0]  	788	6 
[10, 25, 1, 0]  	796	6 
[2, 17, 12, 0]  	801	4 
[18, 4, 12, 0]  	806	5 
[2, 28, 4, 0]  	806	4 
[4, 32, 0, 0]  	812	5 
[8, 29, 0, 0]  	819	5 
[6, 31, 0, 0]  	827	5 
[10, 28, 0, 0]  	834	5 
[3, 34, 0, 0]  	839	4 
[2, 35, 0, 0]  	843	4 
[3, 21, 10, 0]  	850	4 
[3, 24, 8, 0]  	857	4 
[3, 20, 11, 0]  	858	4 
[2, 21, 11, 0]  	862	3 
[3, 23, 9, 0]  	865	4 
[2, 24, 9, 0]  	869	3 
[3, 26, 7, 0]  	872	4 
[2, 4, 24, 0]  	874	4 
[2, 0, 27, 0]  	875	4 
[2, 27, 7, 0]  	876	3 
[2, 23, 10, 0]  	877	3 
[2, 7, 22, 0]  	881	3 
[2, 26, 8, 0]  	884	3 
[2, 10, 20, 0]  	888	3 
[1, 15, 17, 0]  	891	3 
[1, 38, 0, 0]  	893	3 
[2, 9, 21, 0]  	896	3 
[17, 25, 0, 0]  	898	4 
[1, 14, 18, 0]  	899	3 
[1, 10, 21, 0]  	900	2 
[2, 12, 19, 0]  	903	3 
[1, 13, 19, 0]  	907	2 
[1, 32, 5, 0]  	910	3 
[1, 12, 20, 0]  	915	2 
[1, 31, 6, 0]  	918	3 
[1, 27, 9, 0]  	919	2 
[0, 32, 6, 0]  	922	2 
[1, 30, 7, 0]  	926	2 
[1, 18, 16, 0]  	929	3 
[0, 31, 7, 0]  	930	2 
[1, 29, 8, 0]  	934	2 
[0, 30, 8, 0]  	938	1 
[1, 1, 29, 0]  	941	2 
[1, 24, 12, 0]  	943	3 
[1, 35, 4, 0]  	948	3 
[1, 0, 30, 0]  	949	2 
[0, 1, 30, 0]  	953	1 
[0, 16, 19, 0]  	957	1 
[0, 35, 5, 0]  	960	2 
[0, 0, 31, 0]  	961	1  <--- 3
[0, 18, 18, 0]  	972	1 
[1, 4, 28, 0]  	979	2 
[0, 4, 29, 0]  	991	1 
[0, 38, 4, 0]  	998	2 
[0, 21, 17, 0]  	1010	1 
[0, 44, 0, 0]  	1012	2  <--- 2
[1, 7, 27, 0]  	1017	2 
[0, 7, 28, 0]  	1029	1 
[0, 41, 3, 0]  	1036	2 
[0, 24, 16, 0]  	1048	1 
[0, 10, 27, 0]  	1067	1 
[0, 27, 15, 0]  	1086	1 
[0, 13, 26, 0]  	1105	1 
[4, 14, 2, 1]  	460	5 
[17, 3, 12, 1]  	764	6 
[16, 7, 12, 1]  	837	5 
[15, 25, 0, 1]  	860	4 
[15, 6, 12, 2]  	795	6 
[14, 25, 0, 2]  	841	5 
[13, 27, 0, 2]  	868	4 
[2, 13, 18, 2]  	895	3 
[12, 26, 0, 3]  	826	5 
[1, 21, 15, 3]  	967	3 
[3, 24, 7, 27]  	826	4 
[2, 27, 6, 27]  	845	3 
[0, 38, 3, 27]  	967	2 
[3, 24, 6, 28]  	795	4 
[2, 27, 5, 28]  	814	2 
[1, 30, 5, 28]  	864	2 
[1, 14, 17, 28]  	868	2 
[3, 0, 13, 29]  	460	4 
[5, 25, 1, 29]  	701	5 
[10, 23, 1, 29]  	750	6 
[3, 24, 5, 29]  	764	4 
[2, 27, 4, 29]  	783	2 
[8, 28, 0, 29]  	796	5 
[1, 30, 4, 29]  	833	2 
[1, 14, 16, 29]  	837	2 
------
The gap is between 4 and 26.
Lengths: 3 3 5 5 3 3.
For 982 = 5*d/2-d1-d2-d3 you get 3 in char 0.
1*x^1*y^23*z^14
1*y^40*z^2
1*y^9*z^25

For 560 = 3*d/2-d1-d2-d3 you get 5 in char 0.
1*x^14*y^2*z^8
1*x^12*y^5*z^7
1*x^2*y^20*z^2
1*x^1*y^6*z^13
1*y^23*z^1

For 138 = d/2-d1-d2-d3 you get 3 in char 0.
1*x^4*z^2
1*x^2*y^3*z^1
1*y^6

Extra powers of p used 0.
The invariant extra is equal to 1.
Start computing 11^3 Delta^1 (x1x2x3)^10... Done.
Start computing 11^4 Delta^2 (x1x2x3)^10... Done.
Start computing 11^5 Delta^3 (x1x2x3)^10... Done.
Start computing 11^6 Delta^4 (x1x2x3)^10... Done.
Start computing 11^7 Delta^5 (x1x2x3)^10... Done.
Start computing 11^8 Delta^6 (x1x2x3)^10... Done.
Start computing 11^9 Delta^7 (x1x2x3)^10... Done.
Start computing aa.
1 2 3 4 5 6 7 8 9 10 11 
*/
A = \
[427587945744084078030993807832,404778153857405330025372611002,800047056471207159814514891115,695791944995881496132093810614,257318634327078538266059763404,962292273462584662946383085105,788622408508782589409911932128,342186978970120037591079137489,1434882586450691561032619129503,34247200208973632675594040054,665819595410954389676548492094;\
1351201380811169700318004125897,362777575472427416349047477079,125034207659267758289192332725,924125564229175673506316395924,962737627507425599106377572604,1545947228193875263541167880992,1124735162447593668886266995489,1504024638967278213301866308365,628110849478460846223480224448,850354959366779298898721413686,83215805261119806491891944324;\
1120623953996593832108590126655,1004902142397092205166543340678,1106842149061603146549999432333,423047783717873973952196693273,224858823704305188487775124307,362477493511457042048518247697,734992589267260426027575649362,1081313527213412004845047189728,655696959268837047492018008536,1568877226874631419241514348253,514592391983151023066163003134;\
1367189334749199902856771650800,1211208898318054206772982349194,146579182197237715002080406362,207772222006693783257122589505,1282733417716414727813807323893,1510013037675101697556195850770,438158232556574924520822687860,879938200276475867064165700226,86348501500124755482565034753,1508648568528803486765501071364,988569853466210324407699756144;\
509192874319968448172075835622,1380887824321051770377755471228,1124577102751463842883001477136,950542075365384256773379666074,41322213638515242874886372422,976211540483755309339563148444,1208818743349630083633630799956,64742836896046265623780677872,1150396432173923485430057207205,386570913297759058640054559199,1108039420737809438574919334969;\
1112101712882497645806532593777,1199076248217018204724142249401,16536756442677856611549866029,1308824271125128621453812287868,1164361009414198994830810432978,1410891317513891004034044810239,792892609812244801937520825316,209788182794275167983126272189,996988203874169626748466311485,281304297695433088198666068624,1030995893342572267564176696105;\
1529681205985291782305933794259,483023404686282754187648299643,430586385301369795676553049902,613417088083721465217596292942,334876675176975348449034354627,305390079920440660256524974220,926794652419440861322216022930,1321675685787947960844127434362,169109293540084202678741429611,184480850868062631254534262320,504310338137218759554823260769;\
1080137633792370007558392126787,424698037042262813745580914261,85012102837962234455605303093,607230220385796721945267039355,1122096027340235921434438350208,1395307411771809125426543419251,885337546993630196700766095729,1179331167688020859639251660426,1192172155868920517266349957990,698001206011471842558325916680,931378751598697223305272256039;\
168464052411780354977129703420,357052989401104377150419721797,395195283691958096379408689148,960011261350791278760006910980,478971794554021620974025166769,63844875076969351166902979813,638441126965975225323285726971,1375799818237064573185035096388,1049681234744829601289705523963,540601134240908859818791947801,761927214803252589002141354300;\
1251677790680046259543908125354,1410535082133049202351355008304,1000003749396837641862293736946,424238363705109664469893441373,421666821619212826922941356208,1414484339394963688902827938612,969738487712376724297174836826,318714548471529798058905645761,1022502843660051573330283925306,1471844715334124961007032433249,473432158842577194733031020858;\
924604401638215973204342843793,1214636895719689578197094441317,56015388903301655448800052858,478517785545381985306190944712,1002056681485073631738572619907,851833157960131806921825890186,705074359085401436826373989244,563991286272356961593758130090,1363354690746431982111918703661,422371255232227874778873629500,672571295781015814719848668059]
/* 
This should be the matrix of frobenius!
*/ 
B = A; 
/* Freed 162 lists. */
