/* Comments begin... 
Coefficient of   x^21 * y^1               = -5
Coefficient of   x^10 * y^2 * z^6         = 2
Coefficient of   x^8 * y^5 * z^5         = 0
Coefficient of   x^6 * y^8 * z^4         = -2
Coefficient of   x^4 * y^11 * z^3         = 2
Coefficient of   x^2 * y^14 * z^2         = 5
Coefficient of   x^1 * z^13               = 5
Coefficient of   y^17 * z^1               = -4

Here is the polynomial we're using this time:

-5*x^21*y^1 + 2*x^10*y^2*z^6 + -2*x^6*y^8*z^4 + 2*x^4*y^11*z^3 + 5*x^2*y^14*z^2 + 5*x^1*z^13 + -4*y^17*z^1

Allocate G_len 20 elements and old = 0.
Allocate M_len = 400 elements.
Allocate G_len 40 elements and old = 20.
Allocate M_len = 800 elements.
Allocate G_len 80 elements and old = 40.
Allocate M_len = 1600 elements.
Allocate M_len = 3200 elements.
Allocate G_len 160 elements and old = 80.
Allocate M_len = 6400 elements.
Allocate M_len = 12800 elements.
Allocate G_len 320 elements and old = 160.
Not smooth!
Coefficient of   x^21 * y^1               = 1
Coefficient of   x^10 * y^2 * z^6         = 1
Coefficient of   x^8 * y^5 * z^5         = 3
Coefficient of   x^6 * y^8 * z^4         = -4
Coefficient of   x^4 * y^11 * z^3         = 4
Coefficient of   x^2 * y^14 * z^2         = 2
Coefficient of   x^1 * z^13               = -3
Coefficient of   y^17 * z^1               = 3

Here is the polynomial we're using this time:

1*x^21*y^1 + 1*x^10*y^2*z^6 + 3*x^8*y^5*z^5 + -4*x^6*y^8*z^4 + 4*x^4*y^11*z^3 + 2*x^2*y^14*z^2 + -3*x^1*z^13 + 3*y^17*z^1

The final length of G is 172
[10, 2, 5, 0]  	391	7 
[21, 0, 0, 0]  	399	7  <--- 1
[20, 1, 0, 0]  	403	7 
[8, 5, 5, 0]  	422	6 
[8, 8, 4, 0]  	460	7 
[6, 11, 4, 0]  	491	6 
[6, 14, 3, 0]  	529	7 
[5, 0, 15, 0]  	560	6 
[18, 5, 4, 0]  	581	12 
[18, 8, 3, 0]  	619	11 
[11, 0, 14, 0]  	643	10 
[16, 11, 3, 0]  	650	10 
[14, 14, 2, 0]  	650	10 
[18, 11, 2, 0]  	657	10 
[9, 3, 14, 0]  	674	9 
[12, 17, 2, 0]  	681	9 
[15, 0, 13, 0]  	688	9 
[9, 20, 2, 0]  	693	8 
[18, 14, 1, 0]  	695	9 
[7, 22, 2, 0]  	701	8 
[7, 6, 14, 0]  	705	8 
[12, 20, 1, 0]  	719	8 
[7, 8, 13, 0]  	720	8 
[6, 9, 13, 0]  	724	7 
[16, 17, 1, 0]  	726	8 
[6, 8, 14, 0]  	732	7 
[5, 25, 2, 0]  	732	7 
[19, 0, 12, 0]  	733	8 
[5, 9, 14, 0]  	736	7 
[7, 25, 1, 0]  	739	7 
[6, 26, 1, 0]  	743	7 
[8, 26, 0, 0]  	750	7 
[5, 11, 13, 0]  	751	7 
[4, 12, 13, 0]  	755	6 
[12, 23, 0, 0]  	757	7 
[6, 28, 0, 0]  	758	7 
[5, 29, 0, 0]  	762	6 
[4, 11, 14, 0]  	763	6 
[10, 25, 0, 0]  	765	7 
[5, 28, 1, 0]  	770	6 
[4, 14, 12, 0]  	770	6 
[14, 22, 0, 0]  	772	7 
[4, 29, 1, 0]  	774	6 
[19, 18, 0, 0]  	775	7 
[18, 19, 0, 0]  	779	7 
[5, 15, 11, 0]  	781	6 
[4, 28, 2, 0]  	782	6 
[3, 14, 13, 0]  	782	6 
[3, 29, 2, 0]  	786	5 
[5, 18, 9, 0]  	788	6 
[4, 31, 0, 0]  	789	6 
[3, 32, 0, 0]  	793	5 
[5, 21, 7, 0]  	795	6 
[5, 17, 10, 0]  	796	6 
[4, 18, 10, 0]  	800	5 
[3, 31, 1, 0]  	801	5 
[3, 0, 24, 0]  	801	5 
[5, 20, 8, 0]  	803	6 
[2, 32, 1, 0]  	805	5 
[17, 21, 0, 0]  	806	7 
[4, 21, 8, 0]  	807	5 
[5, 23, 6, 0]  	810	6 
[4, 1, 23, 0]  	812	5 
[4, 20, 9, 0]  	815	5 
[4, 4, 21, 0]  	819	5 
[3, 17, 12, 0]  	820	5 
[4, 23, 7, 0]  	822	5 
[2, 18, 12, 0]  	824	4 
[4, 7, 19, 0]  	826	5 
[4, 3, 22, 0]  	827	5 
[3, 12, 16, 0]  	829	5 
[3, 4, 22, 0]  	831	4 
[4, 10, 17, 0]  	833	5 
[4, 6, 20, 0]  	834	5 
[4, 25, 6, 0]  	837	5 
[3, 11, 17, 0]  	837	5 
[3, 7, 20, 0]  	838	4 
[3, 3, 23, 0]  	839	4 
[4, 9, 18, 0]  	841	5 
[2, 35, 0, 0]  	843	4 
[3, 10, 18, 0]  	845	4 
[3, 6, 21, 0]  	846	4 
[3, 21, 10, 0]  	850	4 
[3, 9, 19, 0]  	853	4 
[3, 28, 5, 0]  	856	5 
[3, 24, 8, 0]  	857	4 
[3, 20, 11, 0]  	858	4 
[2, 29, 5, 0]  	860	4 
[2, 21, 11, 0]  	862	3 
[3, 27, 6, 0]  	864	4 
[3, 23, 9, 0]  	865	4 
[2, 28, 6, 0]  	868	4 
[2, 24, 9, 0]  	869	3 
[3, 26, 7, 0]  	872	4 
[2, 4, 24, 0]  	874	4 
[2, 31, 4, 0]  	875	5 
[2, 27, 7, 0]  	876	3 
[2, 23, 10, 0]  	877	3 
[2, 15, 16, 0]  	879	4 
[2, 7, 22, 0]  	881	3 
[2, 26, 8, 0]  	884	3 
[2, 14, 17, 0]  	887	4 
[2, 10, 20, 0]  	888	3 
[1, 38, 0, 0]  	893	3 
[2, 13, 18, 0]  	895	3 
[2, 9, 21, 0]  	896	3 
[2, 1, 27, 0]  	898	4 
[1, 14, 18, 0]  	899	3 
[2, 12, 19, 0]  	903	3 
[2, 0, 28, 0]  	906	4 
[1, 13, 19, 0]  	907	2 
[1, 32, 5, 0]  	910	3 
[1, 31, 6, 0]  	918	3 
[1, 27, 9, 0]  	919	2 
[0, 32, 6, 0]  	922	2 
[1, 30, 7, 0]  	926	2 
[1, 18, 16, 0]  	929	3 
[0, 31, 7, 0]  	930	2 
[1, 29, 8, 0]  	934	2 
[0, 30, 8, 0]  	938	1 
[1, 1, 29, 0]  	941	2 
[1, 24, 12, 0]  	943	3 
[1, 35, 4, 0]  	948	3 
[1, 0, 30, 0]  	949	2 
[0, 1, 30, 0]  	953	1 
[0, 16, 19, 0]  	957	1 
[0, 35, 5, 0]  	960	2 
[0, 0, 31, 0]  	961	1  <--- 3
[1, 21, 15, 0]  	967	3 
[0, 18, 18, 0]  	972	1 
[1, 4, 28, 0]  	979	2 
[0, 4, 29, 0]  	991	1 
[0, 38, 4, 0]  	998	2 
[0, 21, 17, 0]  	1010	1 
[0, 44, 0, 0]  	1012	2  <--- 2
[1, 7, 27, 0]  	1017	2 
[0, 7, 28, 0]  	1029	1 
[0, 41, 3, 0]  	1036	2 
[0, 24, 16, 0]  	1048	1 
[0, 10, 27, 0]  	1067	1 
[0, 27, 15, 0]  	1086	1 
[0, 13, 26, 0]  	1105	1 
[14, 11, 3, 1]  	612	11 
[8, 23, 1, 1]  	712	8 
[10, 22, 1, 1]  	727	8 
[14, 19, 1, 1]  	734	8 
[16, 20, 0, 1]  	764	7 
[4, 26, 3, 1]  	767	6 
[5, 24, 4, 1]  	771	6 
[4, 25, 5, 1]  	806	6 
[4, 17, 11, 1]  	808	5 
[4, 24, 6, 1]  	814	5 
[1, 15, 17, 1]  	891	3 
[1, 10, 21, 2]  	900	2 
[1, 12, 20, 2]  	915	2 
[10, 19, 2, 3]  	689	9 
[8, 22, 1, 28]  	689	8 
[0, 27, 9, 28]  	900	1 
[0, 29, 8, 28]  	915	1 
[12, 14, 2, 29]  	612	10 
[7, 8, 12, 29]  	689	7 
[7, 25, 0, 29]  	708	6 
[12, 22, 0, 29]  	734	7 
[5, 15, 10, 29]  	750	6 
[5, 21, 6, 29]  	764	6 
[3, 12, 14, 29]  	767	4 
[4, 18, 9, 29]  	769	5 
[4, 10, 15, 29]  	771	4 
[3, 10, 16, 29]  	783	4 
[3, 3, 22, 29]  	808	4 
[2, 29, 4, 29]  	829	4 
[0, 32, 5, 29]  	891	1 
------
The gap is between 4 and 27.
Lengths: 3 3 5 5 3 3.
For 982 = 5*d/2-d1-d2-d3 you get 3 in char 0.
1*x^1*y^23*z^14
1*y^40*z^2
1*y^9*z^25

For 560 = 3*d/2-d1-d2-d3 you get 5 in char 0.
1*x^4*y^17*z^3
1*x^3*y^3*z^14
1*x^2*y^20*z^2
1*x^1*y^6*z^13
1*y^23*z^1

For 138 = d/2-d1-d2-d3 you get 3 in char 0.
1*x^4*z^2
1*x^2*y^3*z^1
1*y^6

Extra powers of p used 0.
The invariant extra is equal to 1.
Start computing 11^3 Delta^1 (x1x2x3)^10... Done.
Start computing 11^4 Delta^2 (x1x2x3)^10... Done.
Start computing 11^5 Delta^3 (x1x2x3)^10... Done.
Start computing 11^6 Delta^4 (x1x2x3)^10... Done.
Start computing 11^7 Delta^5 (x1x2x3)^10... Done.
Start computing 11^8 Delta^6 (x1x2x3)^10... Done.
Start computing 11^9 Delta^7 (x1x2x3)^10... Done.
Start computing aa.
1 2 3 4 5 6 7 8 9 10 11 
*/
A = \
[1479720556260154868210448551352,492069735086887933949622268051,1472723458897971719289559825232,739713290321069934133698652746,1458527377647275876575123608141,1288271444776869835139419608398,959549888509585842965221882244,380220983424979926011434085830,1451796820878494919138887058867,592721924529000715908246932507,1004041114344360639912991709545;\
686472448347525192443554284078,305625129598669497859434454022,458393375109871249208959165593,1380857628186608201549833274218,1475968308175778923711863063967,1161067449714906533429312880241,419340536147887132436142005917,1560468272800661419364069009175,457805780829932423046930945360,1427519774756165121665737449335,733446972970530812181087507333;\
995481853890145921208546114689,1469405412062597284154991663814,78479988356303637736560617200,1095567674631775022828655190367,264083627145802941309232473524,799713009460178399144634237932,463494237292897822584734014700,490183070619343286763262370862,261782052736410622284297931810,287649924555542843442998067878,1523900880047080737588900851722;\
511466212886377588339114097531,700107587233969845633615763154,1570264973865554056060102228613,600780786800712681166623828571,1439113718663618108978062777097,1332855483616437541549816247781,1315183885801386721427741926470,1452838448567798753074388573821,474664638992164407846155816929,450108280738090294026000735859,1092344847290584734183894848654;\
677905526835690941908224648645,322633415195079066503950320662,958622464338319345598591846569,1339753300075222732146020635864,1467082476922840883123943791724,729283133791934335150605556686,1453753585466457020295539199925,244120865928414731361837504938,1173183196123661727755038876412,92958509105745513321669379175,1155630272523332746760821930916;\
1127970558741163643925600683968,1243271406165514147968941156874,182634603569236255740848354747,415344959831701538363240376553,656295673850604911501925268183,1487835383526163033711867646656,352714259103326567316482667890,664755777705113880741272676271,112303598919033200551048852137,183742912032158486086313492852,133905212075780835791157374538;\
1581359245704266435424197000125,216239569920153383210377459975,535190194678636254596337791420,235915029548611435341319181808,852812400237683643319965680475,101104612042435441099744547166,1556459110900614653825914017944,663258990881045303681982467587,1549380676346101040116391553881,609972386165436454838055285468,29131574508996542664110300799;\
76565064246249797674767777546,1365460085731665107571189904632,1034731699940732854708821168608,720436095042482362227311525986,530011875692242370745365295633,1401716631847393180009590720513,543977271665015070174751258635,517807109661835085740822897833,486326545024709013386646799607,56458191628865041246447689671,1110131175723692847985922434322;\
898185061396510606539887031523,760668928847492333827921214066,618351191150319835196399539378,1285986849194431735440375191895,862093324840402899363581764918,146455956876351987497508159361,1486354562424912501088130196339,682018834249772048086193960538,467778825995270433818520991480,89695866704632273545337485762,985976360174468687749065420783;\
508929122271235176398999317414,1418089792615499506795979390306,555949827994024087898421388750,589561127673933304049419339740,958168090560241556591708793120,966055483837808951688274675909,79004201590181980199815867722,629414946670751852540367166432,461474054760886012748653582414,632048888286045019356726492619,317504302398147826775703876756;\
1350823002747362479757390806040,429016766255109398249077194556,155501692645647972257065786751,971618998460379874811347567052,995632044899077664255122553773,903496846528917310907771283134,211303633475080656745968458583,1483330188238597810075926073376,243732749791719033941333176499,1382867871504612617081093399241,832522711843498834139722407348]
/* 
This should be the matrix of frobenius!
*/ 
B = A; 
/* Freed 166 lists. */
