/* Comments begin... 
Coefficient of   x^21 * y^1               = 2
Coefficient of   x^10 * y^2 * z^6         = -5
Coefficient of   x^8 * y^5 * z^5         = 4
Coefficient of   x^6 * y^8 * z^4         = 5
Coefficient of   x^4 * y^11 * z^3         = -1
Coefficient of   x^2 * y^14 * z^2         = 3
Coefficient of   x^1 * z^13               = 1
Coefficient of   y^17 * z^1               = 4

Here is the polynomial we're using this time:

2*x^21*y^1 + -5*x^10*y^2*z^6 + 4*x^8*y^5*z^5 + 5*x^6*y^8*z^4 + -1*x^4*y^11*z^3 + 3*x^2*y^14*z^2 + 1*x^1*z^13 + 4*y^17*z^1

Allocate G_len 20 elements and old = 0.
Allocate M_len = 400 elements.
Allocate G_len 40 elements and old = 20.
Allocate M_len = 800 elements.
Allocate G_len 80 elements and old = 40.
Allocate M_len = 1600 elements.
Allocate M_len = 3200 elements.
Allocate G_len 160 elements and old = 80.
Allocate M_len = 6400 elements.
Allocate M_len = 12800 elements.
Allocate G_len 320 elements and old = 160.
The final length of G is 163
[10, 2, 5, 0]  	391	7 
[21, 0, 0, 0]  	399	7  <--- 1
[20, 1, 0, 0]  	403	7 
[8, 5, 5, 0]  	422	6 
[8, 8, 4, 0]  	460	7 
[6, 11, 4, 0]  	491	6 
[6, 14, 3, 0]  	529	7 
[5, 0, 15, 0]  	560	6 
[18, 5, 4, 0]  	581	12 
[14, 11, 3, 0]  	612	11 
[18, 8, 3, 0]  	619	11 
[11, 0, 14, 0]  	643	10 
[14, 14, 2, 0]  	650	10 
[18, 11, 2, 0]  	657	10 
[9, 3, 14, 0]  	674	9 
[12, 17, 2, 0]  	681	9 
[15, 0, 13, 0]  	688	9 
[10, 19, 2, 0]  	689	9 
[9, 20, 2, 0]  	693	8 
[18, 14, 1, 0]  	695	9 
[7, 22, 2, 0]  	701	8 
[7, 6, 14, 0]  	705	8 
[12, 20, 1, 0]  	719	8 
[6, 9, 13, 0]  	724	7 
[16, 17, 1, 0]  	726	8 
[10, 22, 1, 0]  	727	8 
[6, 8, 14, 0]  	732	7 
[5, 25, 2, 0]  	732	7 
[19, 0, 12, 0]  	733	8 
[7, 25, 1, 0]  	739	7 
[6, 26, 1, 0]  	743	7 
[8, 26, 0, 0]  	750	7 
[5, 11, 13, 0]  	751	7 
[4, 12, 13, 0]  	755	6 
[12, 23, 0, 0]  	757	7 
[6, 28, 0, 0]  	758	7 
[5, 29, 0, 0]  	762	6 
[4, 11, 14, 0]  	763	6 
[10, 25, 0, 0]  	765	7 
[4, 26, 3, 0]  	767	6 
[5, 28, 1, 0]  	770	6 
[4, 14, 12, 0]  	770	6 
[5, 24, 4, 0]  	771	6 
[14, 22, 0, 0]  	772	7 
[4, 29, 1, 0]  	774	6 
[19, 18, 0, 0]  	775	7 
[18, 19, 0, 0]  	779	7 
[5, 15, 11, 0]  	781	6 
[4, 28, 2, 0]  	782	6 
[3, 14, 13, 0]  	782	6 
[3, 29, 2, 0]  	786	5 
[5, 18, 9, 0]  	788	6 
[4, 31, 0, 0]  	789	6 
[3, 32, 0, 0]  	793	5 
[5, 21, 7, 0]  	795	6 
[5, 17, 10, 0]  	796	6 
[4, 18, 10, 0]  	800	5 
[3, 31, 1, 0]  	801	5 
[3, 0, 24, 0]  	801	5 
[5, 20, 8, 0]  	803	6 
[2, 32, 1, 0]  	805	5 
[17, 21, 0, 0]  	806	6 
[4, 25, 5, 0]  	806	6 
[4, 21, 8, 0]  	807	5 
[4, 17, 11, 0]  	808	5 
[5, 23, 6, 0]  	810	6 
[4, 1, 23, 0]  	812	5 
[4, 24, 6, 0]  	814	5 
[4, 20, 9, 0]  	815	5 
[4, 4, 21, 0]  	819	5 
[3, 17, 12, 0]  	820	5 
[2, 18, 12, 0]  	824	4 
[4, 7, 19, 0]  	826	5 
[4, 3, 22, 0]  	827	5 
[3, 12, 16, 0]  	829	5 
[3, 4, 22, 0]  	831	4 
[4, 6, 20, 0]  	834	5 
[3, 11, 17, 0]  	837	5 
[3, 7, 20, 0]  	838	4 
[3, 3, 23, 0]  	839	4 
[4, 9, 18, 0]  	841	5 
[2, 35, 0, 0]  	843	4 
[3, 10, 18, 0]  	845	4 
[3, 6, 21, 0]  	846	4 
[3, 21, 10, 0]  	850	4 
[3, 9, 19, 0]  	853	4 
[3, 28, 5, 0]  	856	5 
[3, 24, 8, 0]  	857	4 
[3, 20, 11, 0]  	858	4 
[2, 29, 5, 0]  	860	4 
[2, 21, 11, 0]  	862	3 
[3, 27, 6, 0]  	864	4 
[3, 23, 9, 0]  	865	4 
[2, 28, 6, 0]  	868	4 
[2, 24, 9, 0]  	869	3 
[3, 26, 7, 0]  	872	4 
[2, 4, 24, 0]  	874	4 
[2, 31, 4, 0]  	875	5 
[2, 27, 7, 0]  	876	3 
[2, 23, 10, 0]  	877	3 
[2, 15, 16, 0]  	879	4 
[2, 7, 22, 0]  	881	3 
[2, 26, 8, 0]  	884	3 
[2, 14, 17, 0]  	887	4 
[2, 10, 20, 0]  	888	3 
[1, 15, 17, 0]  	891	3 
[1, 38, 0, 0]  	893	3 
[2, 13, 18, 0]  	895	3 
[2, 9, 21, 0]  	896	3 
[2, 1, 27, 0]  	898	4 
[1, 14, 18, 0]  	899	3 
[1, 10, 21, 0]  	900	2 
[2, 12, 19, 0]  	903	3 
[2, 0, 28, 0]  	906	4 
[1, 13, 19, 0]  	907	2 
[1, 32, 5, 0]  	910	3 
[1, 12, 20, 0]  	915	2 
[1, 31, 6, 0]  	918	3 
[1, 27, 9, 0]  	919	2 
[0, 32, 6, 0]  	922	2 
[1, 30, 7, 0]  	926	2 
[1, 18, 16, 0]  	929	3 
[0, 31, 7, 0]  	930	2 
[1, 29, 8, 0]  	934	2 
[0, 30, 8, 0]  	938	1 
[1, 1, 29, 0]  	941	2 
[1, 24, 12, 0]  	943	3 
[1, 35, 4, 0]  	948	3 
[1, 0, 30, 0]  	949	2 
[0, 1, 30, 0]  	953	1 
[0, 16, 19, 0]  	957	1 
[0, 35, 5, 0]  	960	2 
[0, 0, 31, 0]  	961	1  <--- 3
[1, 21, 15, 0]  	967	3 
[0, 18, 18, 0]  	972	1 
[1, 4, 28, 0]  	979	2 
[0, 4, 29, 0]  	991	1 
[0, 38, 4, 0]  	998	2 
[0, 21, 17, 0]  	1010	1 
[0, 44, 0, 0]  	1012	2  <--- 2
[1, 7, 27, 0]  	1017	2 
[0, 7, 28, 0]  	1029	1 
[0, 41, 3, 0]  	1036	2 
[0, 24, 16, 0]  	1048	1 
[0, 10, 27, 0]  	1067	1 
[0, 27, 15, 0]  	1086	1 
[0, 13, 26, 0]  	1105	1 
[8, 23, 1, 1]  	712	8 
[7, 8, 13, 1]  	720	8 
[14, 19, 1, 1]  	734	8 
[5, 9, 14, 1]  	736	7 
[16, 20, 0, 1]  	764	7 
[4, 23, 7, 1]  	822	5 
[4, 10, 17, 2]  	833	5 
[3, 27, 5, 28]  	833	4 
[7, 9, 12, 29]  	712	7 
[6, 25, 1, 29]  	720	6 
[7, 26, 0, 29]  	731	6 
[12, 22, 0, 29]  	734	6 
[4, 26, 2, 29]  	736	6 
[5, 21, 6, 29]  	764	6 
[4, 24, 5, 29]  	783	4 
[3, 9, 18, 29]  	822	4 
------
The gap is between 3 and 27.
Lengths: 3 3 5 5 3 3.
For 982 = 5*d/2-d1-d2-d3 you get 3 in char 0.
1*x^1*y^23*z^14
1*y^40*z^2
1*y^9*z^25

For 560 = 3*d/2-d1-d2-d3 you get 5 in char 0.
1*x^4*y^17*z^3
1*x^3*y^3*z^14
1*x^2*y^20*z^2
1*x^1*y^6*z^13
1*y^23*z^1

For 138 = d/2-d1-d2-d3 you get 3 in char 0.
1*x^4*z^2
1*x^2*y^3*z^1
1*y^6

Extra powers of p used 0.
The invariant extra is equal to 1.
Start computing 11^3 Delta^1 (x1x2x3)^10... Done.
Start computing 11^4 Delta^2 (x1x2x3)^10... Done.
Start computing 11^5 Delta^3 (x1x2x3)^10... Done.
Start computing 11^6 Delta^4 (x1x2x3)^10... Done.
Start computing 11^7 Delta^5 (x1x2x3)^10... Done.
Start computing 11^8 Delta^6 (x1x2x3)^10... Done.
Start computing 11^9 Delta^7 (x1x2x3)^10... Done.
Start computing aa.
1 2 3 4 5 6 7 8 9 10 11 
*/
A = \
[952603917802862007035060810919,1176612903783951322745899827299,305196435684425659799985508528,211077693291200835239516672582,697918660841341539759776122506,792151985336158774513223007388,788951331956250161679032506751,831636676183326461437428166981,493528226887725985029671601235,1077849912962145337430141811569,939395415333556846481955210732;\
510644611115019998417957716405,591754635001092009925743368397,1047421964184208472526979273626,1154632798344417751293746667515,1003229339449176369734289613891,690532250985039124260641701846,384437309282374884131782897546,1508852421779350524685517035877,1344164668224584445211257438868,817686023877358194233291728782,892641891680764831138048032044;\
1330101629133653735731358552223,1226253274106157636166937618162,810804130703581747776117877272,84572143793112639486103313912,672250941351794177216466275367,1131441245549390233596275061430,1123741616172639622944563827467,1196196284875117002704512852710,752231664065576168932342717074,1034338170522133395236881759691,1015924216797061582588554336283;\
1003607518834546365475393062480,1435411877215464873891667262244,135262756781695459157714134076,1327149047711149917863643200683,387950199098583509940588963685,1381383046298648065790378737421,1543639224063889053363343893944,1233691437232248677453544060837,447833534699949555324885427941,203610312956314173051825876919,161223922772577308563394875224;\
1222990069303838043952025509209,648884530811279593649279342486,211952215047039778977579795622,1349084661133858468618223081129,464801441731800893237465501191,72453505103158656389860045263,230097101734618892165501409410,302419201509301044073959940579,1255780319661753837659102924408,1142858159172542071377210143601,1519871825184246192207599212019;\
417209721679967113390404929220,1554240616820968677329787065857,749176529309647063258269476942,1479351099655286097111316117453,1467177559383355398563619238912,1080433122933447055166837788906,957924001867273433863502356956,1105745798927569155444778148569,1350015546882219260433434564993,13115670454575712950340130860,136749568775230354841805902324;\
582367450908933473941250575079,917236328258509174516799444831,717595321556628147804541636754,1288429888464104319492490815697,489070889432878382084523216401,1223897433618892781878669079287,138744131264488496983217792096,392564688478896883908470564646,191864833178175598002219194735,946623987366927213900435865953,1162768260760876498135378143073;\
430104538300264810090971612425,1123577943642685138912510267060,632529684685224710581031992283,1173154273966334285787006751895,621238017480350742476000897604,1126762901937785813924170928794,245145645278249764798474053439,366319229806575985963971238797,1537405315323488958760950350660,19761070114414236114833293990,38654914646990340357329545930;\
1330570207189838808127608365035,594020057930552089050958729634,32287499413647361786555010108,1222467695684878074925726302883,302385358327646255487660786094,220980502049174139443717334019,1033510605005989751979251705374,1187947529094824603745130943914,1335128074013371358581063282893,501888432504662008050778128959,606937919783807403559187691073;\
920833995197862901262492951506,1219039771687427982591895897196,1432178368206956052842238222198,808142034172469462519679385100,1513766822256188065185205378430,1214236535464410135427982671692,992312617427338009785432378335,966308177976136028521833264161,599704547011711230544447635478,1381064862285120030212712663431,158509990682238815240924066445;\
677043413058471073754034729043,1284347761465683308723110823818,630454971574959715161567857201,252269934156439638787057323328,9156862176114749815453980322,730209793745655275785188218840,310762948517729302383995151627,150130760597286571044802834535,802761606468367391540952630428,84041843287219695960329192187,860076867269015753682996520652]
/* 
This should be the matrix of frobenius!
*/ 
B = A; 
/* Freed 166 lists. */
