/* Comments begin... 
Coefficient of   x^21 * y^1               = -1
Coefficient of   x^10 * y^2 * z^6         = -2
Coefficient of   x^8 * y^5 * z^5         = -1
Coefficient of   x^6 * y^8 * z^4         = 5
Coefficient of   x^4 * y^11 * z^3         = 0
Coefficient of   x^2 * y^14 * z^2         = 3
Coefficient of   x^1 * z^13               = 3
Coefficient of   y^17 * z^1               = 4

Here is the polynomial we're using this time:

-1*x^21*y^1 + -2*x^10*y^2*z^6 + -1*x^8*y^5*z^5 + 5*x^6*y^8*z^4 + 3*x^2*y^14*z^2 + 3*x^1*z^13 + 4*y^17*z^1

Allocate G_len 20 elements and old = 0.
Allocate M_len = 400 elements.
Allocate G_len 40 elements and old = 20.
Allocate M_len = 800 elements.
Allocate G_len 80 elements and old = 40.
Allocate M_len = 1600 elements.
Allocate M_len = 3200 elements.
Allocate G_len 160 elements and old = 80.
Allocate M_len = 6400 elements.
Allocate M_len = 12800 elements.
Allocate G_len 320 elements and old = 160.
The final length of G is 167
[10, 2, 5, 0]  	391	6 
[21, 0, 0, 0]  	399	6  <--- 1
[20, 1, 0, 0]  	403	6 
[8, 5, 5, 0]  	422	5 
[8, 8, 4, 0]  	460	7 
[6, 11, 4, 0]  	491	6 
[6, 14, 3, 0]  	529	7 
[5, 0, 15, 0]  	560	6 
[18, 5, 4, 0]  	581	10 
[14, 11, 3, 0]  	612	10 
[18, 8, 3, 0]  	619	10 
[14, 14, 2, 0]  	650	9 
[16, 14, 1, 0]  	657	9 
[9, 3, 14, 0]  	674	8 
[13, 0, 14, 0]  	681	9 
[12, 17, 2, 0]  	681	9 
[15, 0, 13, 0]  	688	8 
[10, 19, 2, 0]  	689	9 
[9, 20, 2, 0]  	693	7 
[7, 22, 2, 0]  	701	8 
[7, 6, 14, 0]  	705	8 
[8, 23, 1, 0]  	712	8 
[12, 20, 1, 0]  	719	8 
[7, 8, 13, 0]  	720	8 
[6, 9, 13, 0]  	724	7 
[10, 22, 1, 0]  	727	8 
[6, 8, 14, 0]  	732	7 
[5, 25, 2, 0]  	732	7 
[19, 0, 12, 0]  	733	8 
[14, 19, 1, 0]  	734	7 
[5, 9, 14, 0]  	736	7 
[7, 25, 1, 0]  	739	7 
[6, 26, 1, 0]  	743	7 
[8, 26, 0, 0]  	750	7 
[5, 11, 13, 0]  	751	7 
[4, 12, 13, 0]  	755	6 
[12, 23, 0, 0]  	757	7 
[6, 28, 0, 0]  	758	7 
[5, 29, 0, 0]  	762	6 
[10, 25, 0, 0]  	765	7 
[5, 28, 1, 0]  	770	6 
[4, 14, 12, 0]  	770	6 
[5, 24, 4, 0]  	771	6 
[14, 22, 0, 0]  	772	7 
[4, 29, 1, 0]  	774	6 
[19, 18, 0, 0]  	775	7 
[18, 19, 0, 0]  	779	7 
[5, 15, 11, 0]  	781	6 
[3, 14, 13, 0]  	782	6 
[5, 18, 9, 0]  	788	6 
[4, 31, 0, 0]  	789	6 
[3, 32, 0, 0]  	793	5 
[5, 17, 10, 0]  	796	6 
[4, 18, 10, 0]  	800	5 
[3, 31, 1, 0]  	801	6 
[5, 20, 8, 0]  	803	6 
[2, 32, 1, 0]  	805	5 
[17, 21, 0, 0]  	806	6 
[4, 25, 5, 0]  	806	6 
[4, 21, 8, 0]  	807	5 
[4, 17, 11, 0]  	808	5 
[4, 1, 23, 0]  	812	5 
[4, 24, 6, 0]  	814	5 
[4, 0, 24, 0]  	820	5 
[3, 17, 12, 0]  	820	5 
[4, 23, 7, 0]  	822	5 
[3, 1, 24, 0]  	824	4 
[2, 18, 12, 0]  	824	4 
[4, 7, 19, 0]  	826	5 
[4, 3, 22, 0]  	827	5 
[3, 12, 16, 0]  	829	5 
[3, 4, 22, 0]  	831	4 
[4, 10, 17, 0]  	833	5 
[4, 6, 20, 0]  	834	5 
[3, 11, 17, 0]  	837	5 
[3, 7, 20, 0]  	838	4 
[3, 3, 23, 0]  	839	4 
[4, 9, 18, 0]  	841	5 
[2, 35, 0, 0]  	843	4 
[3, 10, 18, 0]  	845	4 
[3, 6, 21, 0]  	846	4 
[3, 21, 10, 0]  	850	4 
[3, 9, 19, 0]  	853	4 
[3, 24, 8, 0]  	857	4 
[3, 20, 11, 0]  	858	4 
[2, 29, 5, 0]  	860	4 
[2, 21, 11, 0]  	862	3 
[3, 27, 6, 0]  	864	4 
[3, 23, 9, 0]  	865	4 
[2, 28, 6, 0]  	868	4 
[2, 24, 9, 0]  	869	3 
[3, 26, 7, 0]  	872	4 
[2, 4, 24, 0]  	874	4 
[2, 31, 4, 0]  	875	5 
[2, 27, 7, 0]  	876	3 
[2, 23, 10, 0]  	877	3 
[2, 15, 16, 0]  	879	4 
[2, 7, 22, 0]  	881	3 
[2, 14, 17, 0]  	887	4 
[1, 15, 17, 0]  	891	3 
[1, 38, 0, 0]  	893	3 
[2, 13, 18, 0]  	895	3 
[2, 9, 21, 0]  	896	3 
[2, 1, 27, 0]  	898	4 
[1, 14, 18, 0]  	899	3 
[1, 10, 21, 0]  	900	2 
[2, 12, 19, 0]  	903	3 
[2, 0, 28, 0]  	906	4 
[1, 13, 19, 0]  	907	2 
[1, 32, 5, 0]  	910	3 
[1, 12, 20, 0]  	915	2 
[1, 31, 6, 0]  	918	3 
[1, 27, 9, 0]  	919	2 
[0, 32, 6, 0]  	922	2 
[1, 30, 7, 0]  	926	2 
[1, 18, 16, 0]  	929	3 
[0, 31, 7, 0]  	930	2 
[1, 29, 8, 0]  	934	2 
[0, 30, 8, 0]  	938	1 
[1, 1, 29, 0]  	941	2 
[1, 24, 12, 0]  	943	3 
[1, 35, 4, 0]  	948	3 
[1, 0, 30, 0]  	949	2 
[0, 1, 30, 0]  	953	1 
[0, 16, 19, 0]  	957	1 
[0, 35, 5, 0]  	960	2 
[0, 0, 31, 0]  	961	1  <--- 3
[1, 21, 15, 0]  	967	3 
[0, 18, 18, 0]  	972	1 
[1, 4, 28, 0]  	979	2 
[0, 4, 29, 0]  	991	1 
[0, 38, 4, 0]  	998	2 
[0, 21, 17, 0]  	1010	1 
[0, 44, 0, 0]  	1012	2  <--- 2
[1, 7, 27, 0]  	1017	2 
[0, 7, 28, 0]  	1029	1 
[0, 41, 3, 0]  	1036	2 
[0, 24, 16, 0]  	1048	1 
[0, 10, 27, 0]  	1067	1 
[0, 27, 15, 0]  	1086	1 
[0, 13, 26, 0]  	1105	1 
[11, 0, 14, 1]  	643	9 
[4, 11, 14, 1]  	763	6 
[16, 20, 0, 1]  	764	7 
[4, 26, 3, 1]  	767	6 
[4, 28, 2, 1]  	782	6 
[3, 29, 2, 1]  	786	5 
[5, 21, 7, 1]  	795	6 
[3, 0, 24, 1]  	801	5 
[5, 23, 6, 1]  	810	6 
[4, 20, 9, 1]  	815	5 
[2, 10, 20, 1]  	888	3 
[4, 4, 21, 2]  	819	5 
[3, 28, 5, 2]  	856	5 
[2, 26, 8, 2]  	884	3 
[3, 21, 9, 28]  	819	4 
[2, 14, 16, 28]  	856	4 
[1, 12, 19, 28]  	884	2 
[10, 17, 2, 29]  	643	7 
[2, 14, 13, 29]  	763	4 
[4, 7, 17, 29]  	764	5 
[3, 12, 14, 29]  	767	5 
[2, 31, 1, 29]  	782	5 
[4, 24, 5, 29]  	783	4 
[2, 17, 12, 29]  	801	4 
[3, 6, 20, 29]  	815	3 
[1, 27, 8, 29]  	888	2 
------
The gap is between 3 and 27.
Lengths: 3 3 5 5 3 3.
For 982 = 5*d/2-d1-d2-d3 you get 3 in char 0.
1*x^1*y^23*z^14
1*y^40*z^2
1*y^9*z^25

For 560 = 3*d/2-d1-d2-d3 you get 5 in char 0.
1*x^4*y^17*z^3
1*x^3*y^3*z^14
1*x^2*y^20*z^2
1*x^1*y^6*z^13
1*y^23*z^1

For 138 = d/2-d1-d2-d3 you get 3 in char 0.
1*x^4*z^2
1*x^2*y^3*z^1
1*y^6

Extra powers of p used 0.
The invariant extra is equal to 1.
Start computing 11^3 Delta^1 (x1x2x3)^10... Done.
Start computing 11^4 Delta^2 (x1x2x3)^10... Done.
Start computing 11^5 Delta^3 (x1x2x3)^10... Done.
Start computing 11^6 Delta^4 (x1x2x3)^10... Done.
Start computing 11^7 Delta^5 (x1x2x3)^10... Done.
Start computing 11^8 Delta^6 (x1x2x3)^10... Done.
Start computing 11^9 Delta^7 (x1x2x3)^10... Done.
Start computing aa.
1 2 3 4 5 6 7 8 9 10 11 
*/
A = \
[612742342880525154559476402056,1356682107199076800867681784083,1511403704900269426414465771529,1181388124020923412452052038999,933022982151342113764090995923,1162888444760329417111905251251,1066658898584532631219549007828,1367321842040401735317644921051,1532525994398254566774297345595,1148699202513750194732560562856,701858184757240583579103902668;\
1124794775323968940447374745601,547141476296218833556338681343,994720678050370957978434790158,1377402490231430166438979035079,969082738939244798470130796124,499930700296321070032337948614,189435188296896128318880749161,1313147049937281793686961859053,512022205388546096430862620857,707057960484277266340075808648,449395793641921809632100884733;\
1445887345135671868621275343016,269658997649632850741385119869,966568718329821834539073560738,1393498208200823881834011714061,219133298940366594030401416724,508229243771077931841279333584,1493471944888803278561065238412,794794663937966478340208576669,336154603514176294076409633112,1146314811273666491288559299099,166254301481848590623154517459;\
288906006155857379780046744929,158452420856494280183627536498,1112018039923481226299630374872,840831571525233621190134033196,805198232063588304545602578756,872043541484092002999236043550,1303638197460159836356144740171,433206574142318407964730524151,411363907908859477030932878988,1357246732254163842428325326800,32599123168531938446570235247;\
866542575994478942585526476998,867513547851625778104487263273,1538670169873669596809184973264,318769589516822070453951588156,1329208239887076734246214358139,896129526788933657653754979878,1443932390688355780881562752056,1316565971090040098553389673728,838688356405805112900894378683,1111203540784331146335383851145,78630943142454300140373554988;\
915328724940266708509573689403,124139307238584660951629345573,184677088841669156675938278091,1190379047715975698752227503656,282094920261439163900635909779,353948018606790212847477186545,997831311155948960355302185097,1210973595366945275476435318912,628144965963624541338829529596,243029357502217929306542353717,612617415069748809004824569535;\
1526797108743174708085414444304,862961165450996234594685893044,1557411067495103602868403953453,1503781237524361220144457314852,924074634600688368959171577435,903927239580689280382215816323,1154963086919107949821385515479,934817043593681319262769857609,679838268782449445617653379752,557257419883688223960760394928,1535167221961516055247960514043;\
109340103799595040191218720605,1328548118402016940845597296524,1534802413386537597064936801651,1334511370194771481125677704803,673235051729154786857635490984,1026529127674175573484038840728,691932691727595292232476966055,911135840593304740241607012640,1147651610311580769010247103813,22798210347309003732466421729,193616437213444054298007973201;\
53629622237924099676288753247,17343347043113435147423566953,61691344272481340833932551003,852947055454580073163800314724,172431608533252560948308442458,1054777075854177325281905427187,1151613155678400033606304856759,1516918308851388844796189894286,1483179967684225593937076191027,776394480954643142809415803176,958659238624437656468746156089;\
267034504628704025431885437139,850689750005762836926196737029,1513740868574733003526672637507,743568569532567404268466891518,318670728098274570739221119740,1565089612656751005996729242080,1094607757058056041485067743360,761884721220342052174028200519,960855192670761986925297481247,835057337802767133635938770336,1497655162899333376139083321868;\
1428963237404425756098954131266,1104330608899148583607089855426,72958591042355192742955725244,41620637884812507653849747118,865275226506688883814940855250,34827867500965469759479743488,124924659349128798896392983569,379102798858895697373592931522,1040747154328585294263508418066,1408056869377481248411762530144,441840292131005504798155597140]
/* 
This should be the matrix of frobenius!
*/ 
B = A; 
/* Freed 166 lists. */
