/* Comments begin... 
Coefficient of   x^21 * y^1               = 0
Coefficient of   x^10 * y^2 * z^6         = -5
Coefficient of   x^8 * y^5 * z^5         = -1
Coefficient of   x^6 * y^8 * z^4         = 2
Coefficient of   x^4 * y^11 * z^3         = 2
Coefficient of   x^2 * y^14 * z^2         = 0
Coefficient of   x^1 * z^13               = 5
Coefficient of   y^17 * z^1               = -3

Here is the polynomial we're using this time:

-5*x^10*y^2*z^6 + -1*x^8*y^5*z^5 + 2*x^6*y^8*z^4 + 2*x^4*y^11*z^3 + 5*x^1*z^13 + -3*y^17*z^1

Allocate G_len 20 elements and old = 0.
Allocate M_len = 400 elements.
Allocate G_len 40 elements and old = 20.
Allocate M_len = 800 elements.
Allocate G_len 80 elements and old = 40.
Allocate M_len = 1600 elements.
Allocate M_len = 3200 elements.
Not smooth!
Coefficient of   x^21 * y^1               = -5
Coefficient of   x^10 * y^2 * z^6         = -5
Coefficient of   x^8 * y^5 * z^5         = -1
Coefficient of   x^6 * y^8 * z^4         = -4
Coefficient of   x^4 * y^11 * z^3         = -5
Coefficient of   x^2 * y^14 * z^2         = 5
Coefficient of   x^1 * z^13               = -4
Coefficient of   y^17 * z^1               = -4

Here is the polynomial we're using this time:

-5*x^21*y^1 + -5*x^10*y^2*z^6 + -1*x^8*y^5*z^5 + -4*x^6*y^8*z^4 + -5*x^4*y^11*z^3 + 5*x^2*y^14*z^2 + -4*x^1*z^13 + -4*y^17*z^1

Allocate G_len 160 elements and old = 80.
Allocate M_len = 6400 elements.
Allocate M_len = 12800 elements.
Allocate G_len 320 elements and old = 160.
Not smooth!
Coefficient of   x^21 * y^1               = -1
Coefficient of   x^10 * y^2 * z^6         = -5
Coefficient of   x^8 * y^5 * z^5         = -3
Coefficient of   x^6 * y^8 * z^4         = 4
Coefficient of   x^4 * y^11 * z^3         = 1
Coefficient of   x^2 * y^14 * z^2         = -3
Coefficient of   x^1 * z^13               = -2
Coefficient of   y^17 * z^1               = -2

Here is the polynomial we're using this time:

-1*x^21*y^1 + -5*x^10*y^2*z^6 + -3*x^8*y^5*z^5 + 4*x^6*y^8*z^4 + 1*x^4*y^11*z^3 + -3*x^2*y^14*z^2 + -2*x^1*z^13 + -2*y^17*z^1

The final length of G is 168
[10, 2, 5, 0]  	391	7 
[21, 0, 0, 0]  	399	7  <--- 1
[20, 1, 0, 0]  	403	7 
[8, 5, 5, 0]  	422	6 
[8, 8, 4, 0]  	460	7 
[6, 11, 4, 0]  	491	6 
[6, 14, 3, 0]  	529	7 
[5, 0, 15, 0]  	560	6 
[18, 5, 4, 0]  	581	12 
[14, 11, 3, 0]  	612	11 
[18, 8, 3, 0]  	619	11 
[11, 0, 14, 0]  	643	10 
[14, 14, 2, 0]  	650	10 
[18, 11, 2, 0]  	657	10 
[9, 3, 14, 0]  	674	9 
[12, 17, 2, 0]  	681	9 
[15, 0, 13, 0]  	688	9 
[10, 19, 2, 0]  	689	9 
[9, 20, 2, 0]  	693	8 
[18, 14, 1, 0]  	695	9 
[7, 22, 2, 0]  	701	8 
[7, 6, 14, 0]  	705	8 
[8, 23, 1, 0]  	712	8 
[12, 20, 1, 0]  	719	8 
[7, 8, 13, 0]  	720	8 
[6, 9, 13, 0]  	724	7 
[16, 17, 1, 0]  	726	8 
[10, 22, 1, 0]  	727	8 
[6, 8, 14, 0]  	732	7 
[5, 25, 2, 0]  	732	7 
[19, 0, 12, 0]  	733	8 
[14, 19, 1, 0]  	734	8 
[5, 9, 14, 0]  	736	7 
[7, 25, 1, 0]  	739	7 
[6, 26, 1, 0]  	743	7 
[8, 26, 0, 0]  	750	7 
[5, 11, 13, 0]  	751	7 
[4, 12, 13, 0]  	755	6 
[12, 23, 0, 0]  	757	7 
[6, 28, 0, 0]  	758	7 
[5, 29, 0, 0]  	762	6 
[10, 25, 0, 0]  	765	7 
[4, 26, 3, 0]  	767	6 
[5, 28, 1, 0]  	770	6 
[4, 14, 12, 0]  	770	6 
[5, 24, 4, 0]  	771	6 
[14, 22, 0, 0]  	772	7 
[4, 29, 1, 0]  	774	6 
[19, 18, 0, 0]  	775	7 
[18, 19, 0, 0]  	779	7 
[4, 28, 2, 0]  	782	7 
[3, 29, 2, 0]  	786	5 
[5, 18, 9, 0]  	788	6 
[4, 31, 0, 0]  	789	6 
[3, 32, 0, 0]  	793	5 
[5, 21, 7, 0]  	795	6 
[5, 17, 10, 0]  	796	6 
[4, 18, 10, 0]  	800	5 
[3, 31, 1, 0]  	801	5 
[3, 0, 24, 0]  	801	5 
[5, 20, 8, 0]  	803	6 
[3, 15, 13, 0]  	805	5 
[2, 32, 1, 0]  	805	5 
[17, 21, 0, 0]  	806	6 
[4, 25, 5, 0]  	806	6 
[4, 21, 8, 0]  	807	5 
[4, 17, 11, 0]  	808	5 
[5, 23, 6, 0]  	810	6 
[4, 1, 23, 0]  	812	5 
[4, 24, 6, 0]  	814	5 
[4, 20, 9, 0]  	815	5 
[4, 4, 21, 0]  	819	5 
[3, 17, 12, 0]  	820	5 
[4, 23, 7, 0]  	822	5 
[2, 18, 12, 0]  	824	4 
[4, 7, 19, 0]  	826	5 
[4, 3, 22, 0]  	827	5 
[3, 12, 16, 0]  	829	5 
[3, 4, 22, 0]  	831	4 
[4, 6, 20, 0]  	834	5 
[3, 3, 23, 0]  	839	4 
[4, 9, 18, 0]  	841	5 
[2, 35, 0, 0]  	843	4 
[3, 10, 18, 0]  	845	4 
[3, 6, 21, 0]  	846	4 
[3, 21, 10, 0]  	850	4 
[3, 9, 19, 0]  	853	4 
[3, 28, 5, 0]  	856	5 
[3, 24, 8, 0]  	857	4 
[3, 20, 11, 0]  	858	4 
[2, 21, 11, 0]  	862	3 
[3, 27, 6, 0]  	864	4 
[3, 23, 9, 0]  	865	4 
[2, 24, 9, 0]  	869	3 
[3, 26, 7, 0]  	872	4 
[2, 4, 24, 0]  	874	4 
[2, 31, 4, 0]  	875	5 
[2, 27, 7, 0]  	876	3 
[2, 23, 10, 0]  	877	3 
[2, 15, 16, 0]  	879	4 
[2, 7, 22, 0]  	881	3 
[2, 26, 8, 0]  	884	3 
[2, 14, 17, 0]  	887	4 
[2, 10, 20, 0]  	888	3 
[2, 29, 6, 0]  	891	3 
[1, 15, 17, 0]  	891	3 
[1, 38, 0, 0]  	893	3 
[2, 13, 18, 0]  	895	3 
[2, 9, 21, 0]  	896	3 
[2, 1, 27, 0]  	898	4 
[1, 14, 18, 0]  	899	3 
[1, 10, 21, 0]  	900	2 
[2, 12, 19, 0]  	903	3 
[1, 12, 20, 0]  	915	2 
[1, 31, 6, 0]  	918	3 
[1, 27, 9, 0]  	919	2 
[0, 32, 6, 0]  	922	2 
[1, 30, 7, 0]  	926	2 
[1, 18, 16, 0]  	929	3 
[0, 31, 7, 0]  	930	2 
[1, 29, 8, 0]  	934	2 
[2, 0, 29, 0]  	937	3 
[0, 30, 8, 0]  	938	1 
[1, 1, 29, 0]  	941	2 
[1, 24, 12, 0]  	943	3 
[1, 35, 4, 0]  	948	3 
[1, 0, 30, 0]  	949	2 
[0, 1, 30, 0]  	953	1 
[0, 16, 19, 0]  	957	1 
[0, 35, 5, 0]  	960	2 
[0, 0, 31, 0]  	961	1  <--- 3
[1, 21, 15, 0]  	967	3 
[0, 18, 18, 0]  	972	1 
[1, 4, 28, 0]  	979	2 
[0, 4, 29, 0]  	991	1 
[0, 38, 4, 0]  	998	2 
[0, 21, 17, 0]  	1010	1 
[0, 44, 0, 0]  	1012	2  <--- 2
[1, 7, 27, 0]  	1017	2 
[0, 7, 28, 0]  	1029	1 
[0, 41, 3, 0]  	1036	2 
[0, 24, 16, 0]  	1048	1 
[0, 10, 27, 0]  	1067	1 
[0, 27, 15, 0]  	1086	1 
[0, 13, 26, 0]  	1105	1 
[4, 11, 14, 1]  	763	6 
[16, 20, 0, 1]  	764	7 
[5, 15, 11, 1]  	781	6 
[3, 14, 13, 1]  	782	6 
[3, 11, 17, 1]  	837	5 
[3, 7, 20, 1]  	838	4 
[2, 28, 6, 1]  	868	4 
[1, 13, 19, 1]  	907	2 
[1, 32, 5, 1]  	910	3 
[4, 10, 17, 2]  	833	5 
[2, 29, 5, 2]  	860	4 
[2, 0, 28, 2]  	906	4 
[3, 27, 5, 28]  	833	4 
[1, 15, 16, 28]  	860	3 
[3, 28, 2, 29]  	763	5 
[5, 21, 6, 29]  	764	6 
[4, 1, 22, 29]  	781	5 
[2, 31, 1, 29]  	782	5 
[4, 24, 5, 29]  	783	4 
[1, 14, 16, 29]  	837	2 
[2, 24, 8, 29]  	838	3 
[0, 30, 7, 29]  	907	1 
[1, 1, 28, 29]  	910	2 
------
The gap is between 3 and 27.
Lengths: 3 3 5 5 3 3.
For 982 = 5*d/2-d1-d2-d3 you get 3 in char 0.
1*x^1*y^23*z^14
1*y^40*z^2
1*y^9*z^25

For 560 = 3*d/2-d1-d2-d3 you get 5 in char 0.
1*x^4*y^17*z^3
1*x^3*y^3*z^14
1*x^2*y^20*z^2
1*x^1*y^6*z^13
1*y^23*z^1

For 138 = d/2-d1-d2-d3 you get 3 in char 0.
1*x^4*z^2
1*x^2*y^3*z^1
1*y^6

Extra powers of p used 0.
The invariant extra is equal to 1.
Start computing 11^3 Delta^1 (x1x2x3)^10... Done.
Start computing 11^4 Delta^2 (x1x2x3)^10... Done.
Start computing 11^5 Delta^3 (x1x2x3)^10... Done.
Start computing 11^6 Delta^4 (x1x2x3)^10... Done.
Start computing 11^7 Delta^5 (x1x2x3)^10... Done.
Start computing 11^8 Delta^6 (x1x2x3)^10... Done.
Start computing 11^9 Delta^7 (x1x2x3)^10... Done.
Start computing aa.
1 2 3 4 5 6 7 8 9 10 11 
*/
A = \
[1280404763173055222248967221001,646311640085788361340180198161,522052311099619538955207242460,502879126680799890524354489605,917751456424129590617157642839,1258297250321335706051261854866,177234158749101194982334107751,720283856305953633166612673039,225903975578094123136188159314,788790841900400074194266564086,500782645954944201176298371764;\
217180695107440778278107141755,487830029711862593421222551385,430947010476850752135555754033,425109363949605312745017492352,107370352488298653182095451312,1266363044509575044120978312863,314501943399166606486830883434,1206019318320312270526918146475,524911155170677966632596095705,993380618941292408569932573648,1509970307146033291990959657239;\
1533006610771871433577854717094,148280316937221354858584488347,1192150230229411595751334739127,1250289326890713672598049426203,1184248311758006306728486748046,857481151129257685229630892076,624665657808736007910149165792,705356892864499195924370758332,242850488692289315020936422109,687253598378238264095257097816,7558331121759209673720560568;\
1445768492245562749980459326483,316142598694641052065651997238,532015815600274800014705906080,1583966063661024135659852000529,1575667121564419780569741959011,937238471086430943929684807105,197550326739690317956426517159,749126271394120472440520826674,957938808965726705692163661303,368648331174226818932466133357,1153251128294566601219344082438;\
126350766972528477628822547363,1444886633399557383687947366956,638773967020553529352776613151,1574938482479340706137823006297,1100919036270223629269013427862,1243613800246963139899617098463,194915101514687849383512774031,1553946456264527298673578999989,1453687469470498799711248649641,476780409736106876204427178435,1248943612666564140440804157952;\
1063748344247903679267320318880,306708567712488145916896467703,1157517611244323919983361725653,426538470280670274826115876609,743947710811851511227772989699,331431959728790794094245385053,1278301423540033804786207072443,819041665744656065649047403557,969264901931311132099716547806,1131291550910161108523155258851,635234514753237211918572916108;\
1536338676901081395835324227839,619134401282324082026023820572,124883730546217556062029561229,1369010557102609755792846656499,1423740545242137652598563733029,1857263641110907861796326285,114008261478268763707330665315,175962741184581036396425996303,360521666834671471928433645307,31034495230623424893598168341,1584800482476404118889966286141;\
1103021918838155113074070681332,1232204519860257418262728473579,1389311868908666227617502229435,1097212212525896040899436097459,538573791724100355463478533548,796932180989571907362495980237,1541517186340706279943172010076,492166252333377155938171063010,67126020255217815964730810669,1060181313858984106291047405101,854992317500170467356337837612;\
493036830807986729220855446846,60557629712909976704715163791,1580348932884888690353420930141,1419260078328292965916688945199,1481781194382037088991587635103,257567186819413651212530095257,584304106005545650207997097089,1563253906867895172753505889349,81161441822516581545087041600,866803195129424732277330838045,959812383419621268072945820367;\
583685728860383793988851527965,134579648651527454131076789400,796121710134294681124537751095,697912828859699562856579505497,556457770817846641413693818025,1326540729059344113167569240909,619079713859022685526276791519,1487223343834241154891143634812,1439000431751863969193099735379,797057488380316162201336732422,1335740704650775063375096322389;\
1464423465805758707130570696675,546657146686160732599337481987,625659396654796023083754722158,659263404919129313308249074446,384561999705635074184030734202,915448645193083967616255168938,822638468217931274709147825477,1231434832252371698973711917865,239945961620017196780867096587,1232816892939310128369435018305,410911363261654717094597292515]
/* 
This should be the matrix of frobenius!
*/ 
B = A; 
/* Freed 166 lists. */
