/* Comments begin... 
Coefficient of   x^21 * y^1               = -5
Coefficient of   x^10 * y^2 * z^6         = 1
Coefficient of   x^8 * y^5 * z^5         = -5
Coefficient of   x^6 * y^8 * z^4         = 0
Coefficient of   x^4 * y^11 * z^3         = 5
Coefficient of   x^2 * y^14 * z^2         = 5
Coefficient of   x^1 * z^13               = -3
Coefficient of   y^17 * z^1               = 0

Here is the polynomial we're using this time:

-5*x^21*y^1 + 1*x^10*y^2*z^6 + -5*x^8*y^5*z^5 + 5*x^4*y^11*z^3 + 5*x^2*y^14*z^2 + -3*x^1*z^13

Allocate G_len 20 elements and old = 0.
Allocate M_len = 400 elements.
Allocate G_len 40 elements and old = 20.
Allocate M_len = 800 elements.
Allocate G_len 80 elements and old = 40.
Allocate M_len = 1600 elements.
Allocate M_len = 3200 elements.
Allocate G_len 160 elements and old = 80.
Allocate M_len = 6400 elements.
Allocate M_len = 12800 elements.
Not smooth!
Coefficient of   x^21 * y^1               = 3
Coefficient of   x^10 * y^2 * z^6         = -2
Coefficient of   x^8 * y^5 * z^5         = 4
Coefficient of   x^6 * y^8 * z^4         = -2
Coefficient of   x^4 * y^11 * z^3         = -2
Coefficient of   x^2 * y^14 * z^2         = 3
Coefficient of   x^1 * z^13               = 0
Coefficient of   y^17 * z^1               = 4

Here is the polynomial we're using this time:

3*x^21*y^1 + -2*x^10*y^2*z^6 + 4*x^8*y^5*z^5 + -2*x^6*y^8*z^4 + -2*x^4*y^11*z^3 + 3*x^2*y^14*z^2 + 4*y^17*z^1

Not smooth!
Coefficient of   x^21 * y^1               = -2
Coefficient of   x^10 * y^2 * z^6         = 4
Coefficient of   x^8 * y^5 * z^5         = 0
Coefficient of   x^6 * y^8 * z^4         = 4
Coefficient of   x^4 * y^11 * z^3         = 2
Coefficient of   x^2 * y^14 * z^2         = 4
Coefficient of   x^1 * z^13               = -5
Coefficient of   y^17 * z^1               = 2

Here is the polynomial we're using this time:

-2*x^21*y^1 + 4*x^10*y^2*z^6 + 4*x^6*y^8*z^4 + 2*x^4*y^11*z^3 + 4*x^2*y^14*z^2 + -5*x^1*z^13 + 2*y^17*z^1

Allocate G_len 320 elements and old = 160.
The final length of G is 175
[10, 2, 5, 0]  	391	6 
[21, 0, 0, 0]  	399	6  <--- 1
[20, 1, 0, 0]  	403	6 
[6, 8, 4, 0]  	422	5 
[6, 14, 3, 0]  	529	7 
[5, 0, 15, 0]  	560	6 
[16, 8, 3, 0]  	581	10 
[14, 11, 3, 0]  	612	9 
[11, 0, 14, 0]  	643	10 
[14, 14, 2, 0]  	650	10 
[18, 11, 2, 0]  	657	10 
[9, 3, 14, 0]  	674	9 
[12, 17, 2, 0]  	681	9 
[15, 0, 13, 0]  	688	9 
[10, 19, 2, 0]  	689	9 
[9, 20, 2, 0]  	693	8 
[18, 14, 1, 0]  	695	9 
[8, 5, 14, 0]  	701	8 
[7, 6, 14, 0]  	705	8 
[9, 6, 13, 0]  	712	8 
[12, 20, 1, 0]  	719	8 
[8, 22, 2, 0]  	720	8 
[7, 23, 2, 0]  	724	7 
[16, 17, 1, 0]  	726	8 
[10, 22, 1, 0]  	727	8 
[9, 23, 1, 0]  	731	7 
[19, 0, 12, 0]  	733	8 
[14, 19, 1, 0]  	734	8 
[5, 9, 14, 0]  	736	7 
[6, 26, 1, 0]  	743	7 
[8, 26, 0, 0]  	750	7 
[6, 25, 2, 0]  	751	7 
[5, 11, 13, 0]  	751	7 
[5, 26, 2, 0]  	755	6 
[4, 12, 13, 0]  	755	6 
[12, 23, 0, 0]  	757	7 
[8, 25, 1, 0]  	758	7 
[6, 28, 0, 0]  	758	7 
[5, 29, 0, 0]  	762	6 
[5, 25, 3, 0]  	763	6 
[4, 11, 14, 0]  	763	6 
[10, 25, 0, 0]  	765	7 
[4, 26, 3, 0]  	767	6 
[5, 28, 1, 0]  	770	7 
[5, 24, 4, 0]  	771	6 
[14, 22, 0, 0]  	772	7 
[4, 29, 1, 0]  	774	6 
[19, 18, 0, 0]  	775	7 
[18, 19, 0, 0]  	779	7 
[5, 15, 11, 0]  	781	6 
[4, 28, 2, 0]  	782	6 
[3, 14, 13, 0]  	782	6 
[3, 29, 2, 0]  	786	5 
[5, 18, 9, 0]  	788	6 
[5, 14, 12, 0]  	789	6 
[4, 31, 0, 0]  	789	6 
[4, 15, 12, 0]  	793	5 
[3, 32, 0, 0]  	793	5 
[5, 21, 7, 0]  	795	6 
[5, 17, 10, 0]  	796	6 
[4, 18, 10, 0]  	800	5 
[3, 31, 1, 0]  	801	5 
[3, 0, 24, 0]  	801	5 
[5, 20, 8, 0]  	803	6 
[2, 32, 1, 0]  	805	5 
[17, 21, 0, 0]  	806	6 
[4, 25, 5, 0]  	806	6 
[4, 21, 8, 0]  	807	5 
[4, 17, 11, 0]  	808	5 
[5, 23, 6, 0]  	810	6 
[4, 1, 23, 0]  	812	5 
[4, 24, 6, 0]  	814	5 
[4, 4, 21, 0]  	819	5 
[3, 17, 12, 0]  	820	5 
[4, 23, 7, 0]  	822	5 
[4, 7, 19, 0]  	826	5 
[4, 3, 22, 0]  	827	5 
[3, 12, 16, 0]  	829	5 
[3, 4, 22, 0]  	831	4 
[4, 10, 17, 0]  	833	5 
[3, 3, 23, 0]  	839	4 
[4, 9, 18, 0]  	841	5 
[2, 35, 0, 0]  	843	4 
[3, 10, 18, 0]  	845	4 
[3, 21, 10, 0]  	850	4 
[3, 24, 8, 0]  	857	4 
[3, 20, 11, 0]  	858	4 
[2, 21, 11, 0]  	862	3 
[3, 27, 6, 0]  	864	4 
[3, 23, 9, 0]  	865	4 
[3, 7, 21, 0]  	869	3 
[2, 24, 9, 0]  	869	3 
[3, 26, 7, 0]  	872	4 
[2, 4, 24, 0]  	874	4 
[2, 31, 4, 0]  	875	5 
[2, 27, 7, 0]  	876	3 
[2, 23, 10, 0]  	877	3 
[2, 7, 22, 0]  	881	3 
[2, 26, 8, 0]  	884	3 
[2, 10, 20, 0]  	888	3 
[2, 29, 6, 0]  	891	4 
[1, 38, 0, 0]  	893	3 
[2, 13, 18, 0]  	895	3 
[2, 9, 21, 0]  	896	3 
[2, 1, 27, 0]  	898	4 
[1, 10, 21, 0]  	900	2 
[2, 12, 19, 0]  	903	3 
[1, 13, 19, 0]  	907	2 
[2, 15, 17, 0]  	910	3 
[1, 32, 5, 0]  	910	3 
[1, 12, 20, 0]  	915	2 
[1, 31, 6, 0]  	918	3 
[1, 27, 9, 0]  	919	2 
[1, 15, 18, 0]  	922	2 
[0, 32, 6, 0]  	922	2 
[1, 30, 7, 0]  	926	2 
[0, 31, 7, 0]  	930	2 
[1, 29, 8, 0]  	934	2 
[2, 0, 29, 0]  	937	4 
[0, 30, 8, 0]  	938	1 
[1, 1, 29, 0]  	941	2 
[1, 24, 12, 0]  	943	3 
[1, 35, 4, 0]  	948	3 
[1, 0, 30, 0]  	949	2 
[0, 1, 30, 0]  	953	1 
[0, 16, 19, 0]  	957	1 
[1, 18, 17, 0]  	960	2 
[0, 35, 5, 0]  	960	2 
[0, 0, 31, 0]  	961	1  <--- 3
[1, 21, 15, 0]  	967	3 
[0, 18, 18, 0]  	972	1 
[1, 4, 28, 0]  	979	2 
[0, 4, 29, 0]  	991	1 
[0, 38, 4, 0]  	998	2 
[0, 21, 17, 0]  	1010	1 
[0, 44, 0, 0]  	1012	2  <--- 2
[1, 7, 27, 0]  	1017	2 
[0, 7, 28, 0]  	1029	1 
[0, 41, 3, 0]  	1036	2 
[0, 24, 16, 0]  	1048	1 
[0, 10, 27, 0]  	1067	1 
[0, 27, 15, 0]  	1086	1 
[0, 13, 26, 0]  	1105	1 
[5, 25, 2, 1]  	732	7 
[7, 25, 1, 1]  	739	7 
[16, 20, 0, 1]  	764	7 
[4, 14, 12, 1]  	770	6 
[4, 20, 9, 1]  	815	5 
[2, 18, 12, 1]  	824	4 
[4, 6, 20, 1]  	834	5 
[3, 11, 17, 1]  	837	5 
[3, 7, 20, 1]  	838	4 
[3, 6, 21, 1]  	846	4 
[3, 9, 19, 1]  	853	4 
[2, 29, 5, 1]  	860	4 
[2, 28, 6, 1]  	868	4 
[2, 15, 16, 1]  	879	4 
[2, 14, 17, 1]  	887	4 
[1, 15, 17, 1]  	891	3 
[1, 14, 18, 1]  	899	3 
[2, 0, 28, 1]  	906	4 
[1, 18, 16, 1]  	929	3 
[3, 28, 5, 2]  	856	5 
[4, 11, 13, 29]  	732	6 
[5, 28, 0, 29]  	739	6 
[5, 21, 6, 29]  	764	5 
[3, 31, 0, 29]  	770	2 
[4, 24, 5, 29]  	783	5 
[2, 23, 8, 29]  	815	3 
[1, 35, 0, 29]  	824	3 
[0, 31, 4, 29]  	837	2 
[2, 26, 7, 29]  	853	3 
[2, 14, 16, 29]  	856	4 
[1, 12, 19, 29]  	884	2 
[1, 4, 27, 29]  	948	2 
------
The gap is between 3 and 28.
Lengths: 3 3 5 5 3 3.
For 982 = 5*d/2-d1-d2-d3 you get 3 in char 0.
1*x^1*y^23*z^14
1*y^40*z^2
1*y^9*z^25

For 560 = 3*d/2-d1-d2-d3 you get 5 in char 0.
1*x^4*y^17*z^3
1*x^3*y^3*z^14
1*x^2*y^20*z^2
1*x^1*y^6*z^13
1*y^23*z^1

For 138 = d/2-d1-d2-d3 you get 3 in char 0.
1*x^4*z^2
1*x^2*y^3*z^1
1*y^6

Extra powers of p used 0.
The invariant extra is equal to 1.
Start computing 11^3 Delta^1 (x1x2x3)^10... Done.
Start computing 11^4 Delta^2 (x1x2x3)^10... Done.
Start computing 11^5 Delta^3 (x1x2x3)^10... Done.
Start computing 11^6 Delta^4 (x1x2x3)^10... Done.
Start computing 11^7 Delta^5 (x1x2x3)^10... Done.
Start computing 11^8 Delta^6 (x1x2x3)^10... Done.
Start computing 11^9 Delta^7 (x1x2x3)^10... Done.
Start computing aa.
1 2 3 4 5 6 7 8 9 10 11 
*/
A = \
[912323908445889936550352619166,1202877830098577703395361443835,710621472259478090107095025362,1444252034532555664744302841845,882356835901738426804594410204,1177660792109755663826779073543,1401721066886402983954135293083,267333591853313042497982437005,210258418189236810450998308302,1513861914780333310354386711443,797025733274227433405479678672;\
1297284857037517564206669085346,130113372270064882303831212295,68814404468564694180606651250,674041398991435885945249098527,1114499515654087226849680443036,1254676353951701614287776252446,789308427330983160934910807131,992370583732789322072243888458,984985353826096766804572947299,1166441337183644984932704454759,1351009704218029650180215792127;\
616983304556216410444044511696,552477022812534219273405133627,1193200561316456070326705125743,698582395115245928960214684032,1402087380618751836409413617560,1090094572893372791961869683393,448700392567617996089171489668,1446777960293868438008103495120,258728451028604559140827969929,1572452678534028721047477428745,1041685471760639817682716815065;\
249628873286303894461673706217,97823756444543697988554526384,953445334711270805144698136583,690948230078694168201116222628,1573925591763977900295261894645,947850633671843240566189129607,293932137879990988425203999799,979299353653298862031161274433,806791723854499358922360525210,1221301394020717321648680254240,1063232220464508301460396723899;\
1446487249569365545555881112997,895568752442217666849200855297,461855446422053087634171536062,1223126257305561838815096164159,926695305477576664920469380076,88170967765821805808957774662,348601624415625126954203090746,117084493071555242987146985284,1505626144658635353807857957091,1410643166418704320111846449536,529875247015247250663014460299;\
933273515928934576701542256845,461942632575436861456906157148,152796201151918920257255529544,411706511872883210938528460909,1247012832540772598632533179692,1197450573382007298511932844113,227184659488545656286364712968,659838204629231683178151807647,1389747369114979255977833296367,36732375999185886000087642129,475903222527807697908804175217;\
1112868011392105678067638904709,962496224640666882765712186081,957105073473107776320819721293,754401687108394045224719009564,687832035485697680026078131183,1496582112556178852864792032989,1149836800931190801597798660679,683186539230631941716214022382,937651363473936762135869777756,734032417213127366573752770664,1073155638824108313247000205616;\
1097731949736417154709888242321,204455635990015949991966473215,401353067406013995430651269837,538782245431914015946549735754,1323135368546000171532928454050,14903517717470508362879642681,1416150411699622836166665439275,132716461069042210897621042574,369422299811111228173364564032,210142555170546063612609265643,292279509809394206408686015584;\
364342653660092257987526917963,344864616768436036556219723079,1313009626054321680856200463443,1274705117206272858835681590990,967905402634550019788795716124,374694226646795735857302042665,408212022273150706165300180831,1116529131319941440418318074711,941698847980941925714117339809,1297676393197744052460219589293,308520604978172061811664288312;\
1394674316552353772567010193566,423982724319143072050546432201,1050268060028651212337127869823,114369647497052514847493865927,254506936589149976041957953669,1492385353604153180924738110839,876713103680018115632887090149,646068214148088769888399166574,405984255403131681512204804176,1488072152865251358725880105601,183584950273928312574175715774;\
176030753052787366943736021376,70958458716517256452568245401,1004263082556207905562281303713,686608355645114350900770733261,1260705890735479800985857360745,99023626194790066189336577980,579558143666187657451827139991,1318471876310259094877032465787,136711001710897159258255252787,818579827146662814190293147097,572157952730996375671009739712]
/* 
This should be the matrix of frobenius!
*/ 
B = A; 
/* Freed 167 lists. */
