/* Comments begin... 
Coefficient of   x^21 * y^1               = 4
Coefficient of   x^10 * y^2 * z^6         = 2
Coefficient of   x^8 * y^5 * z^5         = 4
Coefficient of   x^6 * y^8 * z^4         = 5
Coefficient of   x^4 * y^11 * z^3         = -1
Coefficient of   x^2 * y^14 * z^2         = 5
Coefficient of   x^1 * z^13               = -3
Coefficient of   y^17 * z^1               = 2

Here is the polynomial we're using this time:

4*x^21*y^1 + 2*x^10*y^2*z^6 + 4*x^8*y^5*z^5 + 5*x^6*y^8*z^4 + -1*x^4*y^11*z^3 + 5*x^2*y^14*z^2 + -3*x^1*z^13 + 2*y^17*z^1

Allocate G_len 20 elements and old = 0.
Allocate M_len = 400 elements.
Allocate G_len 40 elements and old = 20.
Allocate M_len = 800 elements.
Allocate G_len 80 elements and old = 40.
Allocate M_len = 1600 elements.
Allocate M_len = 3200 elements.
Allocate G_len 160 elements and old = 80.
Allocate M_len = 6400 elements.
Allocate M_len = 12800 elements.
Allocate G_len 320 elements and old = 160.
The final length of G is 164
[10, 2, 5, 0]  	391	7 
[21, 0, 0, 0]  	399	7  <--- 1
[20, 1, 0, 0]  	403	7 
[8, 5, 5, 0]  	422	6 
[8, 8, 4, 0]  	460	7 
[6, 11, 4, 0]  	491	6 
[6, 14, 3, 0]  	529	7 
[5, 0, 15, 0]  	560	6 
[18, 5, 4, 0]  	581	12 
[14, 11, 3, 0]  	612	11 
[18, 8, 3, 0]  	619	11 
[11, 0, 14, 0]  	643	10 
[14, 14, 2, 0]  	650	10 
[18, 11, 2, 0]  	657	10 
[9, 3, 14, 0]  	674	9 
[12, 17, 2, 0]  	681	9 
[15, 0, 13, 0]  	688	9 
[10, 19, 2, 0]  	689	9 
[9, 20, 2, 0]  	693	8 
[18, 14, 1, 0]  	695	9 
[7, 22, 2, 0]  	701	8 
[7, 6, 14, 0]  	705	8 
[8, 23, 1, 0]  	712	8 
[12, 20, 1, 0]  	719	8 
[7, 8, 13, 0]  	720	8 
[6, 9, 13, 0]  	724	7 
[16, 17, 1, 0]  	726	8 
[10, 22, 1, 0]  	727	8 
[6, 8, 14, 0]  	732	7 
[5, 25, 2, 0]  	732	7 
[19, 0, 12, 0]  	733	8 
[14, 19, 1, 0]  	734	8 
[5, 9, 14, 0]  	736	7 
[7, 25, 1, 0]  	739	7 
[8, 26, 0, 0]  	750	7 
[5, 11, 13, 0]  	751	7 
[12, 23, 0, 0]  	757	7 
[6, 28, 0, 0]  	758	7 
[5, 29, 0, 0]  	762	6 
[4, 11, 14, 0]  	763	6 
[10, 25, 0, 0]  	765	7 
[4, 26, 3, 0]  	767	6 
[5, 28, 1, 0]  	770	6 
[4, 14, 12, 0]  	770	6 
[5, 24, 4, 0]  	771	6 
[14, 22, 0, 0]  	772	7 
[4, 29, 1, 0]  	774	6 
[19, 18, 0, 0]  	775	7 
[18, 19, 0, 0]  	779	7 
[5, 15, 11, 0]  	781	6 
[4, 28, 2, 0]  	782	6 
[3, 14, 13, 0]  	782	6 
[3, 29, 2, 0]  	786	5 
[5, 18, 9, 0]  	788	6 
[4, 31, 0, 0]  	789	6 
[3, 32, 0, 0]  	793	5 
[5, 21, 7, 0]  	795	6 
[5, 17, 10, 0]  	796	6 
[3, 31, 1, 0]  	801	5 
[3, 0, 24, 0]  	801	5 
[2, 32, 1, 0]  	805	5 
[17, 21, 0, 0]  	806	6 
[4, 25, 5, 0]  	806	6 
[4, 21, 8, 0]  	807	5 
[4, 17, 11, 0]  	808	5 
[5, 23, 6, 0]  	810	6 
[4, 1, 23, 0]  	812	5 
[4, 24, 6, 0]  	814	5 
[4, 20, 9, 0]  	815	5 
[4, 4, 21, 0]  	819	5 
[3, 17, 12, 0]  	820	5 
[2, 18, 12, 0]  	824	4 
[4, 7, 19, 0]  	826	5 
[4, 3, 22, 0]  	827	5 
[3, 12, 16, 0]  	829	5 
[3, 4, 22, 0]  	831	4 
[4, 10, 17, 0]  	833	5 
[4, 6, 20, 0]  	834	5 
[3, 11, 17, 0]  	837	5 
[3, 7, 20, 0]  	838	4 
[3, 3, 23, 0]  	839	4 
[4, 9, 18, 0]  	841	5 
[2, 35, 0, 0]  	843	4 
[3, 10, 18, 0]  	845	4 
[3, 6, 21, 0]  	846	4 
[3, 21, 10, 0]  	850	4 
[3, 9, 19, 0]  	853	4 
[3, 28, 5, 0]  	856	5 
[3, 20, 11, 0]  	858	4 
[2, 29, 5, 0]  	860	4 
[2, 21, 11, 0]  	862	3 
[3, 27, 6, 0]  	864	4 
[3, 23, 9, 0]  	865	4 
[2, 28, 6, 0]  	868	4 
[2, 24, 9, 0]  	869	3 
[3, 26, 7, 0]  	872	4 
[2, 4, 24, 0]  	874	4 
[2, 31, 4, 0]  	875	5 
[2, 23, 10, 0]  	877	3 
[2, 15, 16, 0]  	879	4 
[2, 7, 22, 0]  	881	3 
[2, 26, 8, 0]  	884	3 
[2, 14, 17, 0]  	887	4 
[2, 10, 20, 0]  	888	3 
[1, 15, 17, 0]  	891	3 
[1, 38, 0, 0]  	893	3 
[2, 13, 18, 0]  	895	3 
[2, 9, 21, 0]  	896	3 
[2, 1, 27, 0]  	898	4 
[1, 14, 18, 0]  	899	3 
[1, 10, 21, 0]  	900	2 
[2, 12, 19, 0]  	903	3 
[2, 0, 28, 0]  	906	4 
[1, 13, 19, 0]  	907	2 
[1, 32, 5, 0]  	910	3 
[1, 12, 20, 0]  	915	2 
[1, 31, 6, 0]  	918	3 
[1, 27, 9, 0]  	919	2 
[0, 32, 6, 0]  	922	2 
[1, 30, 7, 0]  	926	2 
[1, 18, 16, 0]  	929	3 
[0, 31, 7, 0]  	930	2 
[1, 29, 8, 0]  	934	2 
[0, 30, 8, 0]  	938	1 
[1, 24, 12, 0]  	943	3 
[1, 35, 4, 0]  	948	3 
[1, 0, 30, 0]  	949	2 
[0, 1, 30, 0]  	953	1 
[0, 16, 19, 0]  	957	1 
[0, 35, 5, 0]  	960	2 
[0, 0, 31, 0]  	961	1  <--- 3
[1, 21, 15, 0]  	967	3 
[0, 18, 18, 0]  	972	1 
[1, 4, 28, 0]  	979	2 
[0, 4, 29, 0]  	991	1 
[0, 38, 4, 0]  	998	2 
[0, 21, 17, 0]  	1010	1 
[0, 44, 0, 0]  	1012	2  <--- 2
[1, 7, 27, 0]  	1017	2 
[0, 7, 28, 0]  	1029	1 
[0, 41, 3, 0]  	1036	2 
[0, 24, 16, 0]  	1048	1 
[0, 10, 27, 0]  	1067	1 
[0, 27, 15, 0]  	1086	1 
[0, 13, 26, 0]  	1105	1 
[6, 26, 1, 1]  	743	7 
[4, 12, 13, 1]  	755	6 
[16, 20, 0, 1]  	764	7 
[4, 18, 10, 1]  	800	5 
[5, 20, 8, 1]  	803	6 
[4, 23, 7, 1]  	822	5 
[3, 24, 8, 1]  	857	4 
[2, 27, 7, 1]  	876	3 
[1, 1, 29, 1]  	941	2 
[5, 12, 12, 29]  	743	5 
[3, 29, 1, 29]  	755	5 
[5, 21, 6, 29]  	764	5 
[4, 24, 5, 29]  	783	5 
[3, 4, 21, 29]  	800	3 
[4, 6, 19, 29]  	803	4 
[3, 9, 18, 29]  	822	4 
[2, 10, 19, 29]  	857	3 
[1, 13, 18, 29]  	876	2 
[0, 18, 17, 29]  	941	1 
------
The gap is between 2 and 28.
Lengths: 3 3 5 5 3 3.
For 982 = 5*d/2-d1-d2-d3 you get 3 in char 0.
1*x^1*y^23*z^14
1*y^40*z^2
1*y^9*z^25

For 560 = 3*d/2-d1-d2-d3 you get 5 in char 0.
1*x^4*y^17*z^3
1*x^3*y^3*z^14
1*x^2*y^20*z^2
1*x^1*y^6*z^13
1*y^23*z^1

For 138 = d/2-d1-d2-d3 you get 3 in char 0.
1*x^4*z^2
1*x^2*y^3*z^1
1*y^6

Extra powers of p used 0.
The invariant extra is equal to 1.
Start computing 11^3 Delta^1 (x1x2x3)^10... Done.
Start computing 11^4 Delta^2 (x1x2x3)^10... Done.
Start computing 11^5 Delta^3 (x1x2x3)^10... Done.
Start computing 11^6 Delta^4 (x1x2x3)^10... Done.
Start computing 11^7 Delta^5 (x1x2x3)^10... Done.
Start computing 11^8 Delta^6 (x1x2x3)^10... Done.
Start computing 11^9 Delta^7 (x1x2x3)^10... Done.
Start computing aa.
1 2 3 4 5 6 7 8 9 10 11 
*/
A = \
[184315485288459893260542834656,616568954252856379407231972563,1165944192947542733399792310013,1335683472946144068914564279740,1509070348205844607750359667688,539478791794472625840548564948,978479945399622177792019572228,843779141425386567450085724468,648525227796174594967777747643,1577896200619562985814201698380,118391996827164977882199361479;\
520271238712231919484737978375,778881519183818955742076576911,153866819078015814649340694544,515045260377809604806054834340,23346393320041635871681431294,1228530073268558547151558254526,781262671629772925331824775723,1548678423456081369082446231757,30944900666110572954639247905,742401350382704981978798968432,817218979670377575749067018035;\
573736970709575124901996855145,754652704129899545529724308720,1379246512249583483078293199985,1272170776602895218520318475903,484491734365352763455840110149,35770357068063270387783203397,829664039910472904158518088680,156440204306126430424708415453,1043461187613147309526943472863,717944409483435924004212145467,1182568968860123363156849072389;\
516936202904349673479272338505,1002008724007967876742142322723,607404941093218048959863592794,1405783363698676438655799665936,1194068819254111567569154851851,726690894566923926331556865638,757120768793562516846308149938,785160838554852690586802629681,368375880487518394112090315825,1365256405452535089562393610747,1350322833754405022353646768304;\
1529552964513954995448640716804,851071541000387206136879078034,1089143312429289316233922701579,1219077507948961402046110110184,782669505429784914990818181995,1569147219588852501954054322899,863001194904206030916217411745,843812074636568275090753764248,353336925951642373489825925365,859294945197442196296873302800,89217061204464552390490400656;\
816544157854486521306838593495,431192339549485131136816354802,589060841641407748414712756820,1292583505307540862982609875546,147350012114406927950954930331,792221175224599453622320537649,1364578337041206460868343746119,207711621344828464424673716593,1539888059490805090680792053843,605926388834212003544806647388,946968070196523304197874960992;\
417299697408689680144644827863,422938370941405234767396892655,12315840518273930825444586324,1032450547633440816592691948144,8423576626761076032122986401,1514875274046682588977963240027,958667359487815629821798961904,1401774393776178569378507280818,989831277905552320368432115319,401111676471517523210987319174,456788653942820588143138603450;\
489295467346670959310509963199,12423888016210455741489753265,170069693373025513800240992271,1347895677315371331829658968475,354301618517577404565472372869,1202642277576963868252128076490,1220410304291247440973430923226,1500433322253481407619308905083,388975525064684999276095402483,680563946829223282269851080718,1276852759977563657779514796271;\
678424062559275617926683079891,1042928627632272349862187271228,1180780167002331226100664289910,947222058825125621134322106315,621545347193898982070706649808,1276777491400933368161207852663,679775663442559217977926664511,745193754412203704226320699173,984561378477891724578276508157,162802814390410365205917528844,6290725044540552181177864472;\
523674799885596331374015945559,118136447307704122071942295648,103847235804835314225293360895,488571026053704776981633951589,1182700478772726066716802570045,1119930592481482390834670290406,1044880144433245088835322705249,216208166500585252725799772749,1339683349921163760230250749227,668949234872734363090599694847,927719000828235316809402580011;\
665062343552697818167211419936,1488276120451116616476404834320,1345237102369881579253876859590,479365828625691591856364535872,372001224339140119361904406613,64295293447463005350963773530,525483058829711895582522929538,1473369656050521664324055766644,320055540180721497069606107551,853694787164759978164322012230,814481501918251981958406452003]
/* 
This should be the matrix of frobenius!
*/ 
B = A; 
/* Freed 166 lists. */
