/* Comments begin... 
Coefficient of   x^21 * y^1               = -3
Coefficient of   x^10 * y^2 * z^6         = 4
Coefficient of   x^8 * y^5 * z^5         = -2
Coefficient of   x^6 * y^8 * z^4         = 2
Coefficient of   x^4 * y^11 * z^3         = -1
Coefficient of   x^2 * y^14 * z^2         = 4
Coefficient of   x^1 * z^13               = -1
Coefficient of   y^17 * z^1               = 0

Here is the polynomial we're using this time:

-3*x^21*y^1 + 4*x^10*y^2*z^6 + -2*x^8*y^5*z^5 + 2*x^6*y^8*z^4 + -1*x^4*y^11*z^3 + 4*x^2*y^14*z^2 + -1*x^1*z^13

Allocate G_len 20 elements and old = 0.
Allocate M_len = 400 elements.
Allocate G_len 40 elements and old = 20.
Allocate M_len = 800 elements.
Allocate G_len 80 elements and old = 40.
Allocate M_len = 1600 elements.
Allocate M_len = 3200 elements.
Allocate G_len 160 elements and old = 80.
Allocate M_len = 6400 elements.
Allocate M_len = 12800 elements.
Not smooth!
Coefficient of   x^21 * y^1               = 4
Coefficient of   x^10 * y^2 * z^6         = -5
Coefficient of   x^8 * y^5 * z^5         = -5
Coefficient of   x^6 * y^8 * z^4         = 0
Coefficient of   x^4 * y^11 * z^3         = 1
Coefficient of   x^2 * y^14 * z^2         = 1
Coefficient of   x^1 * z^13               = 0
Coefficient of   y^17 * z^1               = 4

Here is the polynomial we're using this time:

4*x^21*y^1 + -5*x^10*y^2*z^6 + -5*x^8*y^5*z^5 + 1*x^4*y^11*z^3 + 1*x^2*y^14*z^2 + 4*y^17*z^1

Not smooth!
Coefficient of   x^21 * y^1               = 0
Coefficient of   x^10 * y^2 * z^6         = 3
Coefficient of   x^8 * y^5 * z^5         = -3
Coefficient of   x^6 * y^8 * z^4         = -5
Coefficient of   x^4 * y^11 * z^3         = 1
Coefficient of   x^2 * y^14 * z^2         = -4
Coefficient of   x^1 * z^13               = 0
Coefficient of   y^17 * z^1               = -1

Here is the polynomial we're using this time:

3*x^10*y^2*z^6 + -3*x^8*y^5*z^5 + -5*x^6*y^8*z^4 + 1*x^4*y^11*z^3 + -4*x^2*y^14*z^2 + -1*y^17*z^1

Not smooth!
Coefficient of   x^21 * y^1               = 2
Coefficient of   x^10 * y^2 * z^6         = 5
Coefficient of   x^8 * y^5 * z^5         = 5
Coefficient of   x^6 * y^8 * z^4         = -4
Coefficient of   x^4 * y^11 * z^3         = -1
Coefficient of   x^2 * y^14 * z^2         = -3
Coefficient of   x^1 * z^13               = -5
Coefficient of   y^17 * z^1               = 5

Here is the polynomial we're using this time:

2*x^21*y^1 + 5*x^10*y^2*z^6 + 5*x^8*y^5*z^5 + -4*x^6*y^8*z^4 + -1*x^4*y^11*z^3 + -3*x^2*y^14*z^2 + -5*x^1*z^13 + 5*y^17*z^1

Allocate G_len 320 elements and old = 160.
Allocate M_len = 25600 elements.
The final length of G is 181
[10, 2, 5, 0]  	391	7 
[21, 0, 0, 0]  	399	7  <--- 1
[20, 1, 0, 0]  	403	7 
[8, 5, 5, 0]  	422	6 
[8, 8, 4, 0]  	460	7 
[6, 14, 3, 0]  	529	7 
[18, 5, 4, 0]  	581	12 
[7, 0, 15, 0]  	598	7 
[14, 11, 3, 0]  	612	11 
[18, 8, 3, 0]  	619	11 
[11, 0, 14, 0]  	643	10 
[14, 14, 2, 0]  	650	10 
[18, 11, 2, 0]  	657	11 
[9, 3, 14, 0]  	674	9 
[12, 17, 2, 0]  	681	9 
[15, 0, 13, 0]  	688	10 
[10, 19, 2, 0]  	689	9 
[9, 20, 2, 0]  	693	8 
[18, 14, 1, 0]  	695	9 
[7, 22, 2, 0]  	701	8 
[7, 6, 14, 0]  	705	8 
[8, 23, 1, 0]  	712	8 
[12, 20, 1, 0]  	719	9 
[7, 8, 13, 0]  	720	8 
[6, 9, 13, 0]  	724	7 
[16, 17, 1, 0]  	726	9 
[10, 22, 1, 0]  	727	9 
[6, 8, 14, 0]  	732	7 
[5, 25, 2, 0]  	732	7 
[19, 0, 12, 0]  	733	9 
[14, 19, 1, 0]  	734	8 
[5, 9, 14, 0]  	736	7 
[7, 25, 1, 0]  	739	8 
[6, 26, 1, 0]  	743	7 
[8, 26, 0, 0]  	750	7 
[5, 11, 13, 0]  	751	7 
[4, 12, 13, 0]  	755	6 
[12, 23, 0, 0]  	757	8 
[7, 11, 12, 0]  	758	8 
[6, 12, 12, 0]  	762	7 
[4, 11, 14, 0]  	763	6 
[10, 25, 0, 0]  	765	8 
[4, 26, 3, 0]  	767	6 
[5, 28, 1, 0]  	770	6 
[4, 14, 12, 0]  	770	6 
[6, 7, 16, 0]  	771	6 
[5, 24, 4, 0]  	771	6 
[14, 22, 0, 0]  	772	8 
[4, 29, 1, 0]  	774	6 
[19, 18, 0, 0]  	775	8 
[7, 28, 0, 0]  	777	7 
[18, 19, 0, 0]  	779	8 
[6, 29, 0, 0]  	781	6 
[5, 15, 11, 0]  	781	6 
[4, 28, 2, 0]  	782	6 
[3, 14, 13, 0]  	782	6 
[3, 29, 2, 0]  	786	5 
[5, 18, 9, 0]  	788	6 
[4, 31, 0, 0]  	789	6 
[3, 32, 0, 0]  	793	5 
[5, 21, 7, 0]  	795	6 
[6, 0, 22, 0]  	796	6 
[5, 17, 10, 0]  	796	6 
[5, 1, 22, 0]  	800	5 
[4, 18, 10, 0]  	800	5 
[3, 31, 1, 0]  	801	5 
[3, 0, 24, 0]  	801	5 
[6, 3, 20, 0]  	803	6 
[5, 20, 8, 0]  	803	6 
[2, 32, 1, 0]  	805	5 
[17, 21, 0, 0]  	806	6 
[5, 8, 17, 0]  	806	6 
[4, 25, 5, 0]  	806	6 
[5, 4, 20, 0]  	807	5 
[4, 21, 8, 0]  	807	5 
[5, 0, 23, 0]  	808	5 
[4, 17, 11, 0]  	808	5 
[5, 7, 18, 0]  	814	5 
[4, 24, 6, 0]  	814	5 
[5, 3, 21, 0]  	815	5 
[4, 20, 9, 0]  	815	5 
[4, 4, 21, 0]  	819	5 
[3, 17, 12, 0]  	820	5 
[5, 6, 19, 0]  	822	5 
[4, 23, 7, 0]  	822	5 
[2, 18, 12, 0]  	824	4 
[4, 7, 19, 0]  	826	5 
[4, 3, 22, 0]  	827	5 
[3, 12, 16, 0]  	829	5 
[3, 4, 22, 0]  	831	4 
[4, 10, 17, 0]  	833	5 
[4, 6, 20, 0]  	834	5 
[3, 11, 17, 0]  	837	5 
[3, 7, 20, 0]  	838	4 
[3, 3, 23, 0]  	839	4 
[4, 9, 18, 0]  	841	5 
[2, 35, 0, 0]  	843	4 
[3, 6, 21, 0]  	846	4 
[3, 21, 10, 0]  	850	4 
[3, 28, 5, 0]  	856	5 
[3, 24, 8, 0]  	857	4 
[3, 20, 11, 0]  	858	4 
[2, 29, 5, 0]  	860	4 
[2, 21, 11, 0]  	862	3 
[3, 27, 6, 0]  	864	4 
[3, 23, 9, 0]  	865	4 
[2, 28, 6, 0]  	868	4 
[2, 24, 9, 0]  	869	3 
[3, 26, 7, 0]  	872	4 
[2, 4, 24, 0]  	874	4 
[2, 27, 7, 0]  	876	3 
[2, 23, 10, 0]  	877	3 
[2, 15, 16, 0]  	879	4 
[2, 7, 22, 0]  	881	3 
[2, 26, 8, 0]  	884	3 
[2, 14, 17, 0]  	887	4 
[2, 10, 20, 0]  	888	3 
[1, 15, 17, 0]  	891	3 
[1, 38, 0, 0]  	893	3 
[2, 13, 18, 0]  	895	3 
[2, 9, 21, 0]  	896	3 
[2, 1, 27, 0]  	898	4 
[1, 14, 18, 0]  	899	3 
[1, 10, 21, 0]  	900	2 
[2, 12, 19, 0]  	903	3 
[2, 0, 28, 0]  	906	4 
[1, 13, 19, 0]  	907	2 
[1, 12, 20, 0]  	915	2 
[1, 31, 6, 0]  	918	3 
[1, 27, 9, 0]  	919	2 
[0, 32, 6, 0]  	922	2 
[1, 30, 7, 0]  	926	2 
[1, 18, 16, 0]  	929	3 
[1, 29, 8, 0]  	934	2 
[0, 30, 8, 0]  	938	1 
[1, 1, 29, 0]  	941	2 
[1, 24, 12, 0]  	943	3 
[1, 35, 4, 0]  	948	3 
[1, 0, 30, 0]  	949	2 
[0, 1, 30, 0]  	953	1 
[0, 16, 19, 0]  	957	1 
[0, 35, 5, 0]  	960	2 
[0, 0, 31, 0]  	961	1  <--- 3
[1, 21, 15, 0]  	967	3 
[0, 18, 18, 0]  	972	1 
[1, 4, 28, 0]  	979	2 
[0, 4, 29, 0]  	991	1 
[0, 38, 4, 0]  	998	2 
[0, 21, 17, 0]  	1010	1 
[0, 44, 0, 0]  	1012	2  <--- 2
[1, 7, 27, 0]  	1017	2 
[0, 7, 28, 0]  	1029	1 
[0, 41, 3, 0]  	1036	2 
[0, 24, 16, 0]  	1048	1 
[0, 10, 27, 0]  	1067	1 
[0, 27, 15, 0]  	1086	1 
[0, 13, 26, 0]  	1105	1 
[6, 11, 4, 1]  	491	6 
[5, 0, 15, 1]  	560	6 
[6, 28, 0, 1]  	758	7 
[5, 29, 0, 1]  	762	6 
[16, 20, 0, 1]  	764	7 
[4, 1, 23, 1]  	812	5 
[3, 10, 18, 1]  	845	4 
[2, 31, 4, 1]  	875	5 
[1, 32, 5, 1]  	910	3 
[0, 31, 7, 1]  	930	2 
[5, 23, 6, 2]  	810	6 
[3, 9, 19, 2]  	853	4 
[4, 9, 17, 27]  	810	5 
[4, 24, 5, 28]  	783	5 
[2, 26, 7, 28]  	853	3 
[4, 14, 3, 29]  	491	5 
[4, 7, 17, 29]  	764	5 
[4, 4, 20, 29]  	788	5 
[3, 18, 11, 29]  	812	4 
[2, 27, 6, 29]  	845	3 
[2, 0, 27, 29]  	875	4 
[1, 13, 18, 29]  	876	2 
[1, 1, 28, 29]  	910	2 
[0, 0, 30, 29]  	930	1 
------
The gap is between 3 and 26.
Lengths: 3 3 5 6 3 3.
For 982 = 5*d/2-d1-d2-d3 you get 3 in char 0.
1*x^1*y^23*z^14
1*y^40*z^2
1*y^9*z^25

For 560 = 3*d/2-d1-d2-d3 you get 5 in char 0.
1*x^4*y^17*z^3
1*x^3*y^3*z^14
1*x^2*y^20*z^2
1*x^1*y^6*z^13
1*y^23*z^1

For 138 = d/2-d1-d2-d3 you get 3 in char 0.
1*x^4*z^2
1*x^2*y^3*z^1
1*y^6

Extra powers of p used 1.
The invariant extra is equal to 1.
Start computing 11^3 Delta^1 (x1x2x3)^10... Done.
Start computing 11^4 Delta^2 (x1x2x3)^10... Done.
Start computing 11^5 Delta^3 (x1x2x3)^10... Done.
Start computing 11^6 Delta^4 (x1x2x3)^10... Done.
Start computing 11^7 Delta^5 (x1x2x3)^10... Done.
Start computing 11^8 Delta^6 (x1x2x3)^10... Done.
Start computing 11^9 Delta^7 (x1x2x3)^10... Done.
Start computing aa.
1 2 3 4 5 6 7 8 9 10 11 
*/
A = \
[17172890829195644440588237074,1246039119613808387867282833550,1550761067434219340019329223665,36524836146745793699966843136,1315490306830792722221155442175,1050182526523713932044509441540,823561592543698339172191657043,707599862275024668670078114295,748953520082488488531458129050,694961258371950350163246330346,549271707810602066559318528952;\
87181036126855669515743610362,414659217829038003405929128245,1463650593761359588279297168786,176111840054482547414601271089,451132766870256362109209142173,1170057247627030716325089800313,1054321614766080399144688687746,458100238415849026962520576185,609087834729932929200061566917,1479414269537290656751184083432,74016170828728374079867682033;\
947950549741193125613024673057,193261567049647769067212975784,240591985306107628037626978526,501878156770336505084941383170,55530079740630343809692597624,502151987354645663528261145388,1284246141541238803693349474495,414632914210774078779478289881,342968610891331569101991444488,552763470080396563297460425956,126527080714364212229012508656;\
1474947873668233063719769161050,1136138549510551484171151735449,1286661738549319725938725857610,521276825351683299391794263259,1409221262319755070756150152803,76185673854449001862247628851,899141542205588895327767757676,841068911081128800638788190245,452561129984739307814274608770,1198822427149509640498482050160,732102401740666556602641105467;\
1127862645297682126189971492497,603699278134054819892336873350,93532094000135939702116175332,1080867929382396725270128957683,860040424502964294881422086065,869162065963056889690934446212,143660058916222700396268065595,850350996407886541656494467006,504257968322542097529257683764,691809993560827178827184285572,464420155073516667530717378210;\
41431895002120499759952797129,239841410346264408554297134712,1188895479602217498153299532725,92664272534425537868581315184,100224115629730034213236194713,1371216239514152413099249212736,123242438345535263592621379354,379630135759236426405080098766,116781688785341383884800672799,489427888349017600735616346461,110794029764015924686784289800;\
1062696502264658454221535499063,1343305867105058743566350106192,1455888436671371755497778738406,482115980971165882824509681281,620034023918696347774771644434,615599869588176983945237134475,1012618326056041142016539104507,700834867576991776609113791449,1201930694072417870628209814309,1414407557445947686129797478695,563745242091958417947395876453;\
738160071762729559430115428693,764168579212985367995693539487,1227334208192544748371259480081,540277653933467870483804105926,845392628370614140573937272268,1014711971230362967976450905418,533862969500967679691205086505,1071507888412205349128975018848,922279496634613229323370766244,1016741539802823943462917935240,13124839971183739149435287236;\
1235838643986621694933576060706,739660545426070953614944091990,948658600296214124770675103519,599364145619526709837655332224,333114315484261353006436684883,279813782295619113007286581013,686645601146464153391985066587,983724146111735173116215989514,701898594900310238525809140734,817930328002239458628707769761,843566746069144631765917532682;\
1339395175961733891285062944530,398295140182134191443749330120,584912667156356286458592961902,1234840452544476226986068671755,1270860310865946448572877260253,1342777604197844987754495493195,569233528747001600240707659700,1466790910367234248355940562973,1017351304894489514973487886323,804987202188247576093647015811,699166963280611151546867154288;\
1412539001057220792008024744189,665746372700401879162666875154,1480038992877453054043907556257,134013684122277367890151680043,169719596110889983004454035890,12829666722722003648347895481,1113177804605007589433219480829,1384309209176485424528576551869,413432337413242788050836509193,1166414456962326310113793852588,1188703105902415598335523890724]
/* 
This matrix times 11^(-1) should be the matrix of frobenius.
*/ 
B = 11^(-1) * A; 
/* Freed 167 lists. */
