/* Comments begin... 
Coefficient of   x^21 * y^1               = -5
Coefficient of   x^10 * y^2 * z^6         = -5
Coefficient of   x^8 * y^5 * z^5         = 3
Coefficient of   x^6 * y^8 * z^4         = -1
Coefficient of   x^4 * y^11 * z^3         = 4
Coefficient of   x^2 * y^14 * z^2         = 5
Coefficient of   x^1 * z^13               = 2
Coefficient of   y^17 * z^1               = 4

Here is the polynomial we're using this time:

-5*x^21*y^1 + -5*x^10*y^2*z^6 + 3*x^8*y^5*z^5 + -1*x^6*y^8*z^4 + 4*x^4*y^11*z^3 + 5*x^2*y^14*z^2 + 2*x^1*z^13 + 4*y^17*z^1

Allocate G_len 20 elements and old = 0.
Allocate M_len = 400 elements.
Allocate G_len 40 elements and old = 20.
Allocate M_len = 800 elements.
Allocate G_len 80 elements and old = 40.
Allocate M_len = 1600 elements.
Allocate M_len = 3200 elements.
Allocate G_len 160 elements and old = 80.
Allocate M_len = 6400 elements.
Allocate M_len = 12800 elements.
Allocate G_len 320 elements and old = 160.
The final length of G is 164
[10, 2, 5, 0]  	391	7 
[21, 0, 0, 0]  	399	7  <--- 1
[20, 1, 0, 0]  	403	7 
[8, 5, 5, 0]  	422	6 
[8, 8, 4, 0]  	460	7 
[6, 11, 4, 0]  	491	6 
[6, 14, 3, 0]  	529	7 
[5, 0, 15, 0]  	560	6 
[18, 5, 4, 0]  	581	12 
[14, 11, 3, 0]  	612	11 
[18, 8, 3, 0]  	619	11 
[11, 0, 14, 0]  	643	10 
[14, 14, 2, 0]  	650	10 
[18, 11, 2, 0]  	657	10 
[9, 3, 14, 0]  	674	9 
[12, 17, 2, 0]  	681	9 
[15, 0, 13, 0]  	688	9 
[10, 19, 2, 0]  	689	9 
[9, 20, 2, 0]  	693	8 
[18, 14, 1, 0]  	695	9 
[7, 22, 2, 0]  	701	8 
[7, 6, 14, 0]  	705	8 
[8, 23, 1, 0]  	712	8 
[12, 20, 1, 0]  	719	8 
[7, 8, 13, 0]  	720	8 
[6, 9, 13, 0]  	724	7 
[16, 17, 1, 0]  	726	8 
[6, 8, 14, 0]  	732	7 
[5, 25, 2, 0]  	732	7 
[19, 0, 12, 0]  	733	8 
[7, 25, 1, 0]  	739	7 
[6, 26, 1, 0]  	743	7 
[8, 26, 0, 0]  	750	7 
[5, 11, 13, 0]  	751	7 
[4, 12, 13, 0]  	755	6 
[12, 23, 0, 0]  	757	7 
[6, 28, 0, 0]  	758	7 
[5, 29, 0, 0]  	762	6 
[4, 11, 14, 0]  	763	6 
[10, 25, 0, 0]  	765	7 
[4, 26, 3, 0]  	767	6 
[5, 28, 1, 0]  	770	6 
[4, 14, 12, 0]  	770	6 
[5, 24, 4, 0]  	771	6 
[14, 22, 0, 0]  	772	7 
[4, 29, 1, 0]  	774	6 
[19, 18, 0, 0]  	775	7 
[18, 19, 0, 0]  	779	7 
[5, 15, 11, 0]  	781	6 
[4, 28, 2, 0]  	782	6 
[3, 14, 13, 0]  	782	6 
[3, 29, 2, 0]  	786	5 
[5, 18, 9, 0]  	788	6 
[4, 31, 0, 0]  	789	6 
[3, 32, 0, 0]  	793	5 
[5, 21, 7, 0]  	795	6 
[5, 17, 10, 0]  	796	6 
[4, 18, 10, 0]  	800	5 
[3, 31, 1, 0]  	801	5 
[3, 0, 24, 0]  	801	5 
[2, 32, 1, 0]  	805	5 
[17, 21, 0, 0]  	806	6 
[4, 25, 5, 0]  	806	6 
[4, 21, 8, 0]  	807	5 
[4, 17, 11, 0]  	808	5 
[5, 23, 6, 0]  	810	6 
[4, 1, 23, 0]  	812	5 
[4, 24, 6, 0]  	814	5 
[4, 20, 9, 0]  	815	5 
[4, 4, 21, 0]  	819	5 
[3, 17, 12, 0]  	820	5 
[4, 23, 7, 0]  	822	5 
[2, 18, 12, 0]  	824	4 
[4, 7, 19, 0]  	826	5 
[4, 3, 22, 0]  	827	5 
[3, 12, 16, 0]  	829	5 
[3, 4, 22, 0]  	831	4 
[4, 10, 17, 0]  	833	5 
[4, 6, 20, 0]  	834	5 
[3, 11, 17, 0]  	837	5 
[3, 7, 20, 0]  	838	4 
[3, 3, 23, 0]  	839	4 
[4, 9, 18, 0]  	841	5 
[2, 35, 0, 0]  	843	4 
[3, 10, 18, 0]  	845	4 
[3, 6, 21, 0]  	846	4 
[3, 21, 10, 0]  	850	4 
[3, 9, 19, 0]  	853	4 
[3, 28, 5, 0]  	856	5 
[3, 24, 8, 0]  	857	4 
[3, 20, 11, 0]  	858	4 
[2, 29, 5, 0]  	860	4 
[2, 21, 11, 0]  	862	3 
[3, 27, 6, 0]  	864	4 
[3, 23, 9, 0]  	865	4 
[2, 28, 6, 0]  	868	4 
[2, 24, 9, 0]  	869	3 
[3, 26, 7, 0]  	872	4 
[2, 4, 24, 0]  	874	4 
[2, 31, 4, 0]  	875	5 
[2, 27, 7, 0]  	876	3 
[2, 23, 10, 0]  	877	3 
[2, 15, 16, 0]  	879	4 
[2, 7, 22, 0]  	881	3 
[2, 10, 20, 0]  	888	3 
[1, 15, 17, 0]  	891	3 
[1, 38, 0, 0]  	893	3 
[2, 13, 18, 0]  	895	3 
[2, 9, 21, 0]  	896	3 
[2, 1, 27, 0]  	898	4 
[1, 14, 18, 0]  	899	3 
[1, 10, 21, 0]  	900	2 
[2, 12, 19, 0]  	903	3 
[2, 0, 28, 0]  	906	4 
[1, 13, 19, 0]  	907	2 
[1, 32, 5, 0]  	910	3 
[1, 12, 20, 0]  	915	2 
[1, 31, 6, 0]  	918	3 
[1, 27, 9, 0]  	919	2 
[0, 32, 6, 0]  	922	2 
[1, 30, 7, 0]  	926	2 
[0, 31, 7, 0]  	930	2 
[1, 29, 8, 0]  	934	2 
[0, 30, 8, 0]  	938	1 
[1, 1, 29, 0]  	941	2 
[1, 35, 4, 0]  	948	3 
[1, 0, 30, 0]  	949	2 
[0, 1, 30, 0]  	953	1 
[0, 16, 19, 0]  	957	1 
[0, 35, 5, 0]  	960	2 
[0, 0, 31, 0]  	961	1  <--- 3
[1, 21, 15, 0]  	967	3 
[0, 18, 18, 0]  	972	1 
[1, 4, 28, 0]  	979	2 
[0, 4, 29, 0]  	991	1 
[0, 38, 4, 0]  	998	2 
[0, 21, 17, 0]  	1010	1 
[0, 44, 0, 0]  	1012	2  <--- 2
[1, 7, 27, 0]  	1017	2 
[0, 7, 28, 0]  	1029	1 
[0, 41, 3, 0]  	1036	2 
[0, 24, 16, 0]  	1048	1 
[0, 10, 27, 0]  	1067	1 
[0, 27, 15, 0]  	1086	1 
[0, 13, 26, 0]  	1105	1 
[10, 22, 1, 1]  	727	8 
[14, 19, 1, 1]  	734	8 
[5, 9, 14, 1]  	736	7 
[16, 20, 0, 1]  	764	7 
[2, 26, 8, 1]  	884	3 
[2, 14, 17, 1]  	887	4 
[1, 18, 16, 1]  	929	3 
[1, 24, 12, 1]  	943	3 
[5, 20, 8, 2]  	803	6 
[4, 6, 19, 28]  	803	5 
[8, 25, 0, 29]  	727	6 
[12, 22, 0, 29]  	734	6 
[4, 26, 2, 29]  	736	6 
[5, 21, 6, 29]  	764	6 
[4, 24, 5, 29]  	783	5 
[1, 12, 19, 29]  	884	2 
[1, 31, 5, 29]  	887	3 
[0, 35, 4, 29]  	929	2 
[0, 41, 0, 29]  	943	2 
------
The gap is between 3 and 27.
Lengths: 3 3 5 5 3 3.
For 982 = 5*d/2-d1-d2-d3 you get 3 in char 0.
1*x^1*y^23*z^14
1*y^40*z^2
1*y^9*z^25

For 560 = 3*d/2-d1-d2-d3 you get 5 in char 0.
1*x^4*y^17*z^3
1*x^3*y^3*z^14
1*x^2*y^20*z^2
1*x^1*y^6*z^13
1*y^23*z^1

For 138 = d/2-d1-d2-d3 you get 3 in char 0.
1*x^4*z^2
1*x^2*y^3*z^1
1*y^6

Extra powers of p used 0.
The invariant extra is equal to 1.
Start computing 11^3 Delta^1 (x1x2x3)^10... Done.
Start computing 11^4 Delta^2 (x1x2x3)^10... Done.
Start computing 11^5 Delta^3 (x1x2x3)^10... Done.
Start computing 11^6 Delta^4 (x1x2x3)^10... Done.
Start computing 11^7 Delta^5 (x1x2x3)^10... Done.
Start computing 11^8 Delta^6 (x1x2x3)^10... Done.
Start computing 11^9 Delta^7 (x1x2x3)^10... Done.
Start computing aa.
1 2 3 4 5 6 7 8 9 10 11 
*/
A = \
[296842977552897597230921319445,1155385410497469643919681394260,67153957589738094792200338065,42090019277095376041750167983,127561147263418464320853158129,781472721916264163852293519105,74056351813254937168175793319,638091739868671997431288071911,692921472610315044338522992239,900988199785286525504656284176,89566528509937740695212293757;\
1521913643371050080141036859682,411758619805188369296425378956,86911996651147146794548140560,576352471356983229577787676305,282751497254047090074885941576,1132831379817635384118410104080,1572836105078288002833379008499,55335549767476468511450650100,486894788448263299530974591692,670742201709930477195660602527,767500597542530519718411120991;\
1380493295628801706206942487216,927874787450165907701591832923,627567516831309025809116058583,756574502176562296605881521205,1123793279460983981320976300675,1096982963655480038295513963839,1386774675652636827130811744793,1259171513714613612949034586398,993242560776946628841740319789,866828631762692817154420200244,1378601332819512517050692933235;\
1488459337990982026517384418432,49872719750571439437605173128,520082788406104546778148076674,375830931175732056922386200195,1578864973740347941498812129641,1358994350403783112901330226404,1026056833561492037671184921322,510166558754568896427111175454,906575667803611874903713560561,606747902120832694832335239437,377342140616967497189472825076;\
544425086445794747565804926082,1237471778427714712882297328782,1083851787998078468137652133615,1570078878408610751643613432589,1098561161511062572661856476354,1371515856849292332368932221469,133979725895805594035716431188,1536707305672815914881831841693,1474118137912701784363826624296,419516589687128601262071899587,446180286681529497452815482803;\
319928770440115275886574169587,1109706725581366433894764631259,290148937438951367629780857018,469964391665105770917109192886,425561897170381720004649625551,1290840839277573794854220408359,262487996982069816565678539601,28683749608561176057703272960,1260566215294774029552653234492,1190140152357291990372718053524,1224721946914694190481643220426;\
402629865097430938034851927352,61109386690624896914379236727,1412824684502611391439692293712,1287878851201016891041779190659,1182567029169093893387050886689,551342655619962374507992712785,1440986305877659507760158508319,651779772886122833844654183278,1497201989264170200766298296269,1029727748715490812743901039499,54093808622651672812685195943;\
510063879816245042153800638152,1484292851973273986507497229131,1371857725372059206408249363286,1374512839717597682984563677281,1322496876285569645215753488070,1350838374921628466143389841029,932399793924088716103166519571,476114884511482681449727407434,1192261925323352207064035564819,396270623362489289681406901322,1195238323781272768694575784103;\
433488937055684617196257091757,1325854531889765591343116868527,563674886700605529058666585795,527933255312263455070027271990,502169014696512611464329728679,584175900948193533324993153044,1584159129025566339269044023013,749869591393647509685196787612,388677978954393158374290955272,514298999833818117543908899946,995794695680048987219529144002;\
137007490367013126872155720303,1973872251040606377939961686,145681133644097721848481239439,1211003434562091731400673650696,1296250691445529842487778170198,1577085323304173405318619002672,1109165041836337307016445549409,714093416395590815456711183719,453195454717906605050444990518,1403884686113323964254682462683,71634693542024582723245448319;\
283632577425234274858876791303,888463626684800646021250425392,343007598813380550649667679339,892599311322766535141078732186,740137294298507856525466756108,1061533913250686401563855888774,688701960411055029527446309633,1539252334520578046834828651816,1189024552869881968169801080759,1527059872095490165726890015430,1420942579749825469780684207142]
/* 
This should be the matrix of frobenius!
*/ 
B = A; 
/* Freed 166 lists. */
