/* Comments begin... 
Coefficient of   x^21 * y^1               = -2
Coefficient of   x^10 * y^2 * z^6         = -5
Coefficient of   x^8 * y^5 * z^5         = -2
Coefficient of   x^6 * y^8 * z^4         = -1
Coefficient of   x^4 * y^11 * z^3         = 0
Coefficient of   x^2 * y^14 * z^2         = 3
Coefficient of   x^1 * z^13               = -2
Coefficient of   y^17 * z^1               = 5

Here is the polynomial we're using this time:

-2*x^21*y^1 + -5*x^10*y^2*z^6 + -2*x^8*y^5*z^5 + -1*x^6*y^8*z^4 + 3*x^2*y^14*z^2 + -2*x^1*z^13 + 5*y^17*z^1

Allocate G_len 20 elements and old = 0.
Allocate M_len = 400 elements.
Allocate G_len 40 elements and old = 20.
Allocate M_len = 800 elements.
Allocate G_len 80 elements and old = 40.
Allocate M_len = 1600 elements.
Allocate M_len = 3200 elements.
Allocate G_len 160 elements and old = 80.
Allocate M_len = 6400 elements.
Allocate M_len = 12800 elements.
Allocate G_len 320 elements and old = 160.
The final length of G is 169
[10, 2, 5, 0]  	391	6 
[21, 0, 0, 0]  	399	6  <--- 1
[20, 1, 0, 0]  	403	6 
[8, 5, 5, 0]  	422	5 
[8, 8, 4, 0]  	460	7 
[6, 11, 4, 0]  	491	6 
[5, 0, 15, 0]  	560	6 
[18, 5, 4, 0]  	581	10 
[14, 11, 3, 0]  	612	9 
[18, 8, 3, 0]  	619	10 
[12, 14, 3, 0]  	643	9 
[11, 0, 14, 0]  	643	9 
[14, 14, 2, 0]  	650	9 
[16, 14, 1, 0]  	657	9 
[10, 17, 3, 0]  	674	8 
[9, 3, 14, 0]  	674	8 
[12, 17, 2, 0]  	681	9 
[15, 0, 13, 0]  	688	8 
[10, 19, 2, 0]  	689	9 
[9, 20, 2, 0]  	693	7 
[9, 19, 3, 0]  	701	8 
[7, 22, 2, 0]  	701	8 
[8, 20, 3, 0]  	705	8 
[7, 6, 14, 0]  	705	8 
[8, 23, 1, 0]  	712	8 
[12, 20, 1, 0]  	719	8 
[7, 8, 13, 0]  	720	8 
[6, 9, 13, 0]  	724	7 
[10, 22, 1, 0]  	727	8 
[6, 8, 14, 0]  	732	7 
[5, 25, 2, 0]  	732	7 
[19, 0, 12, 0]  	733	8 
[14, 19, 1, 0]  	734	7 
[7, 25, 1, 0]  	739	7 
[6, 26, 1, 0]  	743	7 
[8, 26, 0, 0]  	750	7 
[5, 11, 13, 0]  	751	7 
[4, 12, 13, 0]  	755	6 
[12, 23, 0, 0]  	757	7 
[6, 28, 0, 0]  	758	7 
[5, 29, 0, 0]  	762	6 
[4, 11, 14, 0]  	763	6 
[10, 25, 0, 0]  	765	7 
[4, 26, 3, 0]  	767	6 
[5, 28, 1, 0]  	770	6 
[4, 14, 12, 0]  	770	6 
[5, 24, 4, 0]  	771	6 
[14, 22, 0, 0]  	772	7 
[4, 29, 1, 0]  	774	6 
[19, 18, 0, 0]  	775	7 
[18, 19, 0, 0]  	779	7 
[5, 15, 11, 0]  	781	6 
[4, 28, 2, 0]  	782	6 
[3, 14, 13, 0]  	782	6 
[3, 29, 2, 0]  	786	5 
[5, 18, 9, 0]  	788	6 
[4, 31, 0, 0]  	789	6 
[3, 32, 0, 0]  	793	5 
[5, 21, 7, 0]  	795	6 
[5, 17, 10, 0]  	796	6 
[4, 18, 10, 0]  	800	5 
[3, 31, 1, 0]  	801	5 
[3, 0, 24, 0]  	801	5 
[5, 20, 8, 0]  	803	6 
[2, 32, 1, 0]  	805	5 
[17, 21, 0, 0]  	806	6 
[4, 25, 5, 0]  	806	6 
[4, 21, 8, 0]  	807	5 
[5, 23, 6, 0]  	810	6 
[4, 1, 23, 0]  	812	5 
[4, 24, 6, 0]  	814	5 
[4, 20, 9, 0]  	815	5 
[4, 4, 21, 0]  	819	5 
[3, 17, 12, 0]  	820	5 
[4, 23, 7, 0]  	822	5 
[2, 18, 12, 0]  	824	4 
[4, 7, 19, 0]  	826	5 
[4, 3, 22, 0]  	827	5 
[3, 12, 16, 0]  	829	5 
[3, 4, 22, 0]  	831	4 
[4, 10, 17, 0]  	833	5 
[4, 6, 20, 0]  	834	5 
[3, 11, 17, 0]  	837	5 
[3, 7, 20, 0]  	838	4 
[3, 3, 23, 0]  	839	4 
[4, 9, 18, 0]  	841	5 
[2, 35, 0, 0]  	843	4 
[3, 10, 18, 0]  	845	4 
[3, 6, 21, 0]  	846	4 
[3, 21, 10, 0]  	850	4 
[3, 9, 19, 0]  	853	4 
[3, 28, 5, 0]  	856	5 
[3, 24, 8, 0]  	857	4 
[3, 20, 11, 0]  	858	4 
[2, 29, 5, 0]  	860	4 
[3, 27, 6, 0]  	864	4 
[3, 23, 9, 0]  	865	4 
[2, 24, 9, 0]  	869	3 
[3, 26, 7, 0]  	872	4 
[2, 4, 24, 0]  	874	4 
[2, 31, 4, 0]  	875	5 
[2, 27, 7, 0]  	876	3 
[2, 15, 16, 0]  	879	4 
[2, 7, 22, 0]  	881	3 
[2, 26, 8, 0]  	884	3 
[2, 14, 17, 0]  	887	4 
[2, 10, 20, 0]  	888	3 
[1, 15, 17, 0]  	891	3 
[2, 9, 21, 0]  	896	3 
[2, 1, 27, 0]  	898	4 
[1, 14, 18, 0]  	899	3 
[1, 10, 21, 0]  	900	2 
[2, 12, 19, 0]  	903	3 
[2, 0, 28, 0]  	906	4 
[1, 13, 19, 0]  	907	2 
[1, 12, 20, 0]  	915	2 
[1, 31, 6, 0]  	918	3 
[1, 27, 9, 0]  	919	2 
[0, 32, 6, 0]  	922	2 
[1, 30, 7, 0]  	926	2 
[1, 18, 16, 0]  	929	3 
[0, 31, 7, 0]  	930	2 
[1, 29, 8, 0]  	934	2 
[0, 30, 8, 0]  	938	1 
[1, 24, 12, 0]  	943	3 
[1, 35, 4, 0]  	948	3 
[1, 0, 30, 0]  	949	2 
[0, 1, 30, 0]  	953	1 
[0, 16, 19, 0]  	957	1 
[0, 35, 5, 0]  	960	2 
[0, 0, 31, 0]  	961	1  <--- 3
[1, 41, 0, 0]  	962	2 
[1, 21, 15, 0]  	967	3 
[0, 18, 18, 0]  	972	1 
[0, 4, 29, 0]  	991	1 
[0, 38, 4, 0]  	998	2 
[0, 21, 17, 0]  	1010	1 
[0, 44, 0, 0]  	1012	2  <--- 2
[1, 7, 27, 0]  	1017	2 
[0, 7, 28, 0]  	1029	1 
[0, 41, 3, 0]  	1036	2 
[0, 24, 16, 0]  	1048	1 
[0, 10, 27, 0]  	1067	1 
[0, 27, 15, 0]  	1086	1 
[0, 13, 26, 0]  	1105	1 
[6, 14, 3, 1]  	529	7 
[5, 9, 14, 1]  	736	7 
[16, 20, 0, 1]  	764	7 
[4, 17, 11, 1]  	808	5 
[2, 21, 11, 1]  	862	3 
[2, 28, 6, 1]  	868	4 
[2, 23, 10, 1]  	877	3 
[1, 38, 0, 1]  	893	3 
[1, 32, 5, 1]  	910	3 
[1, 4, 28, 1]  	979	2 
[2, 13, 18, 2]  	895	3 
[1, 1, 29, 2]  	941	2 
[4, 26, 2, 28]  	736	6 
[1, 30, 6, 28]  	895	2 
[0, 18, 17, 28]  	941	1 
[5, 0, 14, 29]  	529	6 
[9, 19, 2, 29]  	670	6 
[5, 21, 6, 29]  	764	6 
[4, 24, 5, 29]  	783	5 
[3, 3, 22, 29]  	808	4 
[1, 7, 22, 29]  	862	2 
[1, 14, 17, 29]  	868	3 
[1, 9, 21, 29]  	877	2 
[0, 18, 16, 29]  	910	1 
------
The gap is between 3 and 27.
Lengths: 3 3 5 5 3 3.
For 982 = 5*d/2-d1-d2-d3 you get 3 in char 0.
1*x^1*y^23*z^14
1*y^40*z^2
1*y^9*z^25

For 560 = 3*d/2-d1-d2-d3 you get 5 in char 0.
1*x^4*y^17*z^3
1*x^3*y^3*z^14
1*x^2*y^20*z^2
1*x^1*y^6*z^13
1*y^23*z^1

For 138 = d/2-d1-d2-d3 you get 3 in char 0.
1*x^4*z^2
1*x^2*y^3*z^1
1*y^6

Extra powers of p used 0.
The invariant extra is equal to 1.
Start computing 11^3 Delta^1 (x1x2x3)^10... Done.
Start computing 11^4 Delta^2 (x1x2x3)^10... Done.
Start computing 11^5 Delta^3 (x1x2x3)^10... Done.
Start computing 11^6 Delta^4 (x1x2x3)^10... Done.
Start computing 11^7 Delta^5 (x1x2x3)^10... Done.
Start computing 11^8 Delta^6 (x1x2x3)^10... Done.
Start computing 11^9 Delta^7 (x1x2x3)^10... Done.
Start computing aa.
1 2 3 4 5 6 7 8 9 10 11 
*/
A = \
[577551967785662822196641733635,926901819202342096474979978156,582751921271714527157079602377,1138957118299277989812656532559,378084156933836608238422890594,895414937441454810330659780346,1539711479105167568504902446222,232032991806685265241084567726,233213794754643180048153581768,720015476848616342237058865353,1279030082139409510893742405349;\
788698438951553183447066371327,978493500167356754278557677349,70508609391996071053494579619,503238210324746699954074594473,355880352797262124769707019525,113307076137300988310769256911,482087863645485462110061731437,1408863354586321074400011167907,368518780833077829290801225640,685531993187248198921644937101,1104476636249979562430345572329;\
335729621690720575736322360239,832600922931682623626908167379,298735941846667159885555926693,422019036646618958544021901822,447051400625940296518396088409,1108663911853631817160812684756,1375785745032422775239050159231,855962947329184126529544580892,53671614295922981250766535959,652897444013530222941135621370,104459898332042311464705628659;\
1183611318723077679410175790517,695454139200351855485889127665,1331590837075008340892624358808,411159530597842026099632583127,114488193839610079483298520634,368043931141843251489830432071,508384242473647468644451503284,410253039684353424317216040495,884205709590133781150498326007,81035039059889392627575890970,639018002340516729801212673089;\
487925329215319768832769882328,837824706730565071801709765471,984668631839519911200717220216,407283430219558822829017937577,1314680475925387785625806919403,1051891173963769811731041141269,583594864181821197880219956889,433363368069902753524906182197,440158592397959810373156934600,1343775882103409366647734394157,317342962131348581374861710455;\
1340097072173370909645686062824,1480577489213548209989124108596,414848062090628967809155819806,862965866322761254006725138785,356596750293084986669774410412,925486902874416781750260510475,942694729436271495088367967301,1025748535216963681933360442727,252296178477022860490491129872,338630511432303100831507891941,562495710240904178777582784449;\
1069280515072832794254542630829,1448149982072710723215036652160,1354076182997106926263233943320,342776901069992183103273317012,1528045333822912391601847361090,773969405408456826107745193889,131766446287292770032693715046,860917971472456515030122961966,139060934540193206997121204385,1126661184340438691544788882353,720398832696705303906010351446;\
1385065622883252740836074303,74590845859380862226466413140,107334663476076361330660780091,278272530441155070510893813489,1048807360293457773383929133712,392208344060869887977319380069,1228882776657528596657716671767,156437043575667351622310884666,1245737094681670766874931683264,151930827108982099896575516219,644829993411472471609376110719;\
167512925593483010714837008181,934251087033087671203828893397,1042789073621468258256374294595,1324180065973984596530183737179,188019755228425828644961233484,955940595747608442791034932299,329479930818378894849055633697,654536789563962682294304059167,1358532553344515389076178196914,1077453025522725270024572697786,618192290353959704356217345046;\
1331361567197685983714812969114,1256911934021229840518938688509,1573743287999826887159982673922,356544063365100664949469832346,167323663920304197902320529618,1430304752569698159779079905648,632858474009432661125176512262,1258645776435264009603662844179,1101466955133458144165023433014,391886213016813037712371360002,394104790214372438087597224481;\
109250166874977711915807868844,1505272344003805975101153584272,1115913792335691433802106978686,447938125461160939900402240144,1570863951559122339626848835670,921124709892948675689928629947,77262787134957798477869798659,72123389832977689738460480156,527103680151686609620331446874,1087694835980786483172236215471,116884683028591446100322849516]
/* 
This should be the matrix of frobenius!
*/ 
B = A; 
/* Freed 166 lists. */
