/* Comments begin... 
Coefficient of   x^21 * y^1               = -4
Coefficient of   x^10 * y^2 * z^6         = 4
Coefficient of   x^8 * y^5 * z^5         = -2
Coefficient of   x^6 * y^8 * z^4         = -3
Coefficient of   x^4 * y^11 * z^3         = -1
Coefficient of   x^2 * y^14 * z^2         = -5
Coefficient of   x^1 * z^13               = -3
Coefficient of   y^17 * z^1               = -3

Here is the polynomial we're using this time:

-4*x^21*y^1 + 4*x^10*y^2*z^6 + -2*x^8*y^5*z^5 + -3*x^6*y^8*z^4 + -1*x^4*y^11*z^3 + -5*x^2*y^14*z^2 + -3*x^1*z^13 + -3*y^17*z^1

Allocate G_len 20 elements and old = 0.
Allocate M_len = 400 elements.
Allocate G_len 40 elements and old = 20.
Allocate M_len = 800 elements.
Allocate G_len 80 elements and old = 40.
Allocate M_len = 1600 elements.
Allocate M_len = 3200 elements.
Allocate G_len 160 elements and old = 80.
Allocate M_len = 6400 elements.
Allocate M_len = 12800 elements.
Allocate G_len 320 elements and old = 160.
Allocate M_len = 25600 elements.
The final length of G is 185
[10, 2, 5, 0]  	391	7 
[21, 0, 0, 0]  	399	7  <--- 1
[20, 1, 0, 0]  	403	7 
[8, 5, 5, 0]  	422	6 
[8, 8, 4, 0]  	460	7 
[6, 14, 3, 0]  	529	7 
[18, 5, 4, 0]  	581	12 
[7, 0, 15, 0]  	598	7 
[14, 11, 3, 0]  	612	11 
[18, 8, 3, 0]  	619	11 
[11, 0, 14, 0]  	643	10 
[14, 14, 2, 0]  	650	10 
[18, 11, 2, 0]  	657	11 
[9, 3, 14, 0]  	674	9 
[12, 17, 2, 0]  	681	9 
[15, 0, 13, 0]  	688	10 
[9, 20, 2, 0]  	693	8 
[18, 14, 1, 0]  	695	10 
[7, 22, 2, 0]  	701	8 
[7, 6, 14, 0]  	705	8 
[8, 23, 1, 0]  	712	8 
[12, 20, 1, 0]  	719	9 
[7, 8, 13, 0]  	720	8 
[6, 9, 13, 0]  	724	7 
[16, 17, 1, 0]  	726	9 
[10, 22, 1, 0]  	727	9 
[6, 8, 14, 0]  	732	7 
[5, 25, 2, 0]  	732	7 
[19, 0, 12, 0]  	733	9 
[14, 19, 1, 0]  	734	9 
[5, 9, 14, 0]  	736	7 
[7, 25, 1, 0]  	739	8 
[8, 26, 0, 0]  	750	8 
[5, 11, 13, 0]  	751	7 
[4, 12, 13, 0]  	755	6 
[12, 23, 0, 0]  	757	8 
[7, 11, 12, 0]  	758	8 
[6, 12, 12, 0]  	762	7 
[4, 11, 14, 0]  	763	6 
[10, 25, 0, 0]  	765	8 
[4, 26, 3, 0]  	767	6 
[5, 28, 1, 0]  	770	6 
[4, 14, 12, 0]  	770	6 
[6, 7, 16, 0]  	771	6 
[5, 24, 4, 0]  	771	6 
[14, 22, 0, 0]  	772	8 
[4, 29, 1, 0]  	774	6 
[19, 18, 0, 0]  	775	8 
[7, 28, 0, 0]  	777	7 
[18, 19, 0, 0]  	779	8 
[6, 29, 0, 0]  	781	6 
[5, 15, 11, 0]  	781	6 
[4, 28, 2, 0]  	782	6 
[3, 14, 13, 0]  	782	6 
[3, 29, 2, 0]  	786	5 
[6, 1, 21, 0]  	788	6 
[5, 18, 9, 0]  	788	6 
[3, 32, 0, 0]  	793	5 
[6, 4, 19, 0]  	795	6 
[5, 21, 7, 0]  	795	6 
[6, 0, 22, 0]  	796	6 
[5, 17, 10, 0]  	796	6 
[5, 1, 22, 0]  	800	5 
[4, 18, 10, 0]  	800	5 
[3, 31, 1, 0]  	801	5 
[3, 0, 24, 0]  	801	5 
[5, 20, 8, 0]  	803	6 
[2, 32, 1, 0]  	805	5 
[17, 21, 0, 0]  	806	6 
[5, 8, 17, 0]  	806	6 
[4, 25, 5, 0]  	806	6 
[5, 4, 20, 0]  	807	5 
[4, 21, 8, 0]  	807	5 
[5, 31, 0, 0]  	808	5 
[5, 0, 23, 0]  	808	5 
[4, 17, 11, 0]  	808	5 
[6, 6, 18, 0]  	810	6 
[5, 23, 6, 0]  	810	6 
[4, 1, 23, 0]  	812	5 
[5, 7, 18, 0]  	814	5 
[4, 24, 6, 0]  	814	5 
[5, 3, 21, 0]  	815	5 
[4, 20, 9, 0]  	815	5 
[4, 4, 21, 0]  	819	5 
[3, 17, 12, 0]  	820	5 
[5, 6, 19, 0]  	822	5 
[4, 23, 7, 0]  	822	5 
[2, 18, 12, 0]  	824	4 
[4, 7, 19, 0]  	826	5 
[4, 3, 22, 0]  	827	5 
[3, 12, 16, 0]  	829	5 
[4, 10, 17, 0]  	833	5 
[4, 6, 20, 0]  	834	5 
[3, 11, 17, 0]  	837	5 
[3, 7, 20, 0]  	838	4 
[3, 3, 23, 0]  	839	4 
[4, 9, 18, 0]  	841	5 
[2, 35, 0, 0]  	843	4 
[3, 10, 18, 0]  	845	4 
[3, 6, 21, 0]  	846	4 
[3, 21, 10, 0]  	850	4 
[3, 9, 19, 0]  	853	4 
[3, 28, 5, 0]  	856	5 
[3, 24, 8, 0]  	857	4 
[3, 20, 11, 0]  	858	4 
[2, 29, 5, 0]  	860	4 
[2, 21, 11, 0]  	862	3 
[3, 23, 9, 0]  	865	4 
[2, 28, 6, 0]  	868	4 
[2, 24, 9, 0]  	869	3 
[3, 26, 7, 0]  	872	4 
[2, 4, 24, 0]  	874	4 
[2, 27, 7, 0]  	876	3 
[2, 23, 10, 0]  	877	3 
[2, 7, 22, 0]  	881	3 
[2, 26, 8, 0]  	884	3 
[2, 14, 17, 0]  	887	4 
[2, 10, 20, 0]  	888	3 
[1, 15, 17, 0]  	891	3 
[1, 38, 0, 0]  	893	3 
[2, 13, 18, 0]  	895	3 
[2, 9, 21, 0]  	896	3 
[2, 1, 27, 0]  	898	4 
[1, 14, 18, 0]  	899	3 
[1, 10, 21, 0]  	900	2 
[2, 12, 19, 0]  	903	3 
[2, 0, 28, 0]  	906	4 
[1, 13, 19, 0]  	907	2 
[1, 32, 5, 0]  	910	3 
[1, 12, 20, 0]  	915	2 
[1, 31, 6, 0]  	918	3 
[1, 27, 9, 0]  	919	2 
[1, 30, 7, 0]  	926	2 
[1, 18, 16, 0]  	929	3 
[0, 31, 7, 0]  	930	2 
[1, 29, 8, 0]  	934	2 
[0, 30, 8, 0]  	938	1 
[1, 1, 29, 0]  	941	2 
[1, 24, 12, 0]  	943	3 
[1, 35, 4, 0]  	948	3 
[1, 0, 30, 0]  	949	2 
[0, 1, 30, 0]  	953	1 
[0, 16, 19, 0]  	957	1 
[0, 35, 5, 0]  	960	2 
[0, 0, 31, 0]  	961	1  <--- 3
[1, 21, 15, 0]  	967	3 
[0, 18, 18, 0]  	972	1 
[1, 4, 28, 0]  	979	2 
[0, 4, 29, 0]  	991	1 
[0, 38, 4, 0]  	998	2 
[0, 21, 17, 0]  	1010	1 
[0, 44, 0, 0]  	1012	2  <--- 2
[1, 7, 27, 0]  	1017	2 
[0, 7, 28, 0]  	1029	1 
[0, 41, 3, 0]  	1036	2 
[0, 24, 16, 0]  	1048	1 
[0, 10, 27, 0]  	1067	1 
[0, 27, 15, 0]  	1086	1 
[0, 13, 26, 0]  	1105	1 
[6, 11, 4, 1]  	491	6 
[5, 0, 15, 1]  	560	6 
[10, 19, 2, 1]  	689	9 
[6, 26, 1, 1]  	743	7 
[6, 28, 0, 1]  	758	7 
[16, 20, 0, 1]  	764	8 
[3, 4, 22, 1]  	831	4 
[3, 27, 6, 1]  	864	4 
[2, 31, 4, 1]  	875	5 
[2, 15, 16, 1]  	879	4 
[5, 29, 0, 2]  	762	6 
[4, 31, 0, 2]  	789	6 
[0, 32, 6, 2]  	922	2 
[4, 15, 11, 28]  	762	5 
[5, 21, 6, 28]  	764	6 
[4, 24, 5, 28]  	783	5 
[4, 0, 23, 28]  	789	5 
[0, 1, 29, 28]  	922	1 
[4, 14, 3, 29]  	491	5 
[8, 22, 1, 29]  	689	7 
[5, 12, 12, 29]  	743	5 
[4, 6, 19, 29]  	803	5 
[2, 21, 10, 29]  	831	2 
[2, 13, 17, 29]  	864	3 
[2, 0, 27, 29]  	875	3 
[1, 32, 4, 29]  	879	3 
------
The gap is between 3 and 27.
Lengths: 3 3 5 6 3 3.
For 982 = 5*d/2-d1-d2-d3 you get 3 in char 0.
1*x^1*y^23*z^14
1*y^40*z^2
1*y^9*z^25

For 560 = 3*d/2-d1-d2-d3 you get 5 in char 0.
1*x^4*y^17*z^3
1*x^3*y^3*z^14
1*x^2*y^20*z^2
1*x^1*y^6*z^13
1*y^23*z^1

For 138 = d/2-d1-d2-d3 you get 3 in char 0.
1*x^4*z^2
1*x^2*y^3*z^1
1*y^6

Extra powers of p used 1.
The invariant extra is equal to 1.
Start computing 11^3 Delta^1 (x1x2x3)^10... Done.
Start computing 11^4 Delta^2 (x1x2x3)^10... Done.
Start computing 11^5 Delta^3 (x1x2x3)^10... Done.
Start computing 11^6 Delta^4 (x1x2x3)^10... Done.
Start computing 11^7 Delta^5 (x1x2x3)^10... Done.
Start computing 11^8 Delta^6 (x1x2x3)^10... Done.
Start computing 11^9 Delta^7 (x1x2x3)^10... Done.
Start computing aa.
1 2 3 4 5 6 7 8 9 10 11 
*/
A = \
[596597424394820197078875624919,643607152500388200111315797271,1356889971524637959623738381902,1548680679981156819040417079320,280898013288272051962962619310,1051272217784623363352392607203,41288231954952121762103380746,726435501170005315491869969496,302599814006520619431373983529,1222224045253700622618533194124,1233607727411017339158040990969;\
1492885040160319675740466081750,720493529889109729933479288759,1516710211918508348035552119026,905075423951667088746699726235,500145776503869194392878966826,368184482364430522386266311179,25455726213490714182374103089,1458821387303509938698883015386,796700403106815018479402459637,296417425584588391862459615407,927819744279257118842761946188;\
764535320906961127961679401643,1495208455200019433283195354272,976375629191281248228516790771,1535750362922024285354520345308,9255099812655096750462935933,1211388964409311621987761508515,1071356019741211722914880298903,876581715838061565829240398413,1202101844778160759170491209621,823452076178126218773095234704,542758787339863892098446455068;\
1017746583309843655263621582517,834944640401628830758081056580,39429546155580246571358875579,11696069516016044785954604430,541186351405883306074243440533,71481612019810519682743618635,622326450845260526426838386368,683908575122048969669869831829,263300071123545874310095019542,222612353598379042508810715500,1152852785098033922741589813106;\
1106566655087541469322653262297,1296299326031513174302370294605,179362547074495045422736953530,1397259315573988195752484300327,968295801847914326230789861912,568002497189408791070289666124,341205413092115715781286875446,923113840030618769433974383068,1277393371541653714958946297192,24656277314821558464917707728,680536183153703887682211355651;\
334790191327918185785776577056,481785554750435809836024127496,1340828842717586289173353558925,1461940325517598266888402714838,936198959974141674339707020843,432885550508789673187704439441,1158372389857934586126040382870,208492114381905259712339570510,1550547054024307405534839240089,1378985875446474171010461103469,1234598933154195394158482512986;\
438787336021809125036638252806,791336986579613291217840821009,758220799060947878000712962307,861637021666533793938252426156,790343414363187472932792274682,983681006597475568608036661565,12104109522427574371465980707,495344044948149051213296090496,741813748160381216609390453605,327086942954398456159033451671,465765397607285281145893243826;\
361786847266133242941921338185,1391562998303111599202606930562,180906982320741283038848004368,1108157001827150833119250658541,1099135372334600048273705747109,36921719760616095499560154062,275565431316811594005590066931,1310943480479020847330616798273,176149030862431883783808832529,671223205455076448293446832439,460495971219570475829046471834;\
190622738859876081720980890685,569393014720230530526762088111,64646062349454876418981741779,386789839912907252035224388554,323953346228147017982088511935,1044448449908541375349358779248,1265493675117146957812476761538,1232349476568810339484720556317,1516898442978020356627391237637,1311929952685327500053125212374,1285916717925268156766420800231;\
878254438771510473500173398415,600388916101437546161217232660,593689499495072124729872685117,674341550555270680597643334448,1272754994746623869544956856370,1086322358179164337939117138443,305312772940433259787389877493,254531428832899818902120076896,959621416838050546298426444462,710954140891218363119606250702,1175606663753554694807928629429;\
393079344725380826545070966400,301110483889813802496661930130,619559700242292340769254190385,160508322965774883794394543151,965036654184036721981679313405,189585999179558386958089850126,387179810207991729387699399082,1309351220872371790451911025321,1402174134325811011409376854425,1409670336979692630925550664185,1231795419160534862149504118966]
/* 
This matrix times 11^(-1) should be the matrix of frobenius.
*/ 
B = 11^(-1) * A; 
/* Freed 167 lists. */
