/* Comments begin... 
Coefficient of   x^21 * y^1               = 2
Coefficient of   x^10 * y^2 * z^6         = 0
Coefficient of   x^8 * y^5 * z^5         = -2
Coefficient of   x^6 * y^8 * z^4         = -1
Coefficient of   x^4 * y^11 * z^3         = -4
Coefficient of   x^2 * y^14 * z^2         = -3
Coefficient of   x^1 * z^13               = -1
Coefficient of   y^17 * z^1               = 5

Here is the polynomial we're using this time:

2*x^21*y^1 + -2*x^8*y^5*z^5 + -1*x^6*y^8*z^4 + -4*x^4*y^11*z^3 + -3*x^2*y^14*z^2 + -1*x^1*z^13 + 5*y^17*z^1

Allocate G_len 20 elements and old = 0.
Allocate M_len = 400 elements.
Allocate G_len 40 elements and old = 20.
Allocate M_len = 800 elements.
Allocate G_len 80 elements and old = 40.
Allocate M_len = 1600 elements.
Allocate M_len = 3200 elements.
Allocate G_len 160 elements and old = 80.
Allocate M_len = 6400 elements.
Allocate M_len = 12800 elements.
Not smooth!
Coefficient of   x^21 * y^1               = 3
Coefficient of   x^10 * y^2 * z^6         = -5
Coefficient of   x^8 * y^5 * z^5         = -4
Coefficient of   x^6 * y^8 * z^4         = -5
Coefficient of   x^4 * y^11 * z^3         = -2
Coefficient of   x^2 * y^14 * z^2         = 3
Coefficient of   x^1 * z^13               = -2
Coefficient of   y^17 * z^1               = 3

Here is the polynomial we're using this time:

3*x^21*y^1 + -5*x^10*y^2*z^6 + -4*x^8*y^5*z^5 + -5*x^6*y^8*z^4 + -2*x^4*y^11*z^3 + 3*x^2*y^14*z^2 + -2*x^1*z^13 + 3*y^17*z^1

Allocate G_len 320 elements and old = 160.
The final length of G is 171
[10, 2, 5, 0]  	391	7 
[21, 0, 0, 0]  	399	7  <--- 1
[20, 1, 0, 0]  	403	7 
[8, 5, 5, 0]  	422	6 
[6, 11, 4, 0]  	491	6 
[6, 14, 3, 0]  	529	7 
[5, 0, 15, 0]  	560	6 
[18, 5, 4, 0]  	581	12 
[16, 8, 4, 0]  	612	11 
[14, 11, 3, 0]  	612	11 
[18, 8, 3, 0]  	619	11 
[11, 0, 14, 0]  	643	10 
[14, 14, 2, 0]  	650	10 
[18, 11, 2, 0]  	657	10 
[9, 3, 14, 0]  	674	9 
[12, 17, 2, 0]  	681	9 
[15, 0, 13, 0]  	688	9 
[10, 19, 2, 0]  	689	9 
[9, 20, 2, 0]  	693	8 
[18, 14, 1, 0]  	695	9 
[7, 6, 14, 0]  	705	8 
[8, 23, 1, 0]  	712	8 
[12, 20, 1, 0]  	719	8 
[8, 22, 2, 0]  	720	8 
[7, 8, 13, 0]  	720	8 
[7, 23, 2, 0]  	724	7 
[6, 9, 13, 0]  	724	7 
[16, 17, 1, 0]  	726	8 
[10, 22, 1, 0]  	727	8 
[6, 8, 14, 0]  	732	8 
[19, 0, 12, 0]  	733	8 
[14, 19, 1, 0]  	734	8 
[5, 9, 14, 0]  	736	7 
[7, 25, 1, 0]  	739	7 
[6, 26, 1, 0]  	743	7 
[6, 25, 2, 0]  	751	7 
[5, 11, 13, 0]  	751	7 
[5, 26, 2, 0]  	755	6 
[4, 12, 13, 0]  	755	6 
[12, 23, 0, 0]  	757	7 
[6, 28, 0, 0]  	758	7 
[5, 29, 0, 0]  	762	6 
[5, 25, 3, 0]  	763	6 
[4, 11, 14, 0]  	763	6 
[10, 25, 0, 0]  	765	7 
[4, 26, 3, 0]  	767	6 
[5, 28, 1, 0]  	770	6 
[4, 14, 12, 0]  	770	6 
[5, 24, 4, 0]  	771	6 
[14, 22, 0, 0]  	772	7 
[4, 29, 1, 0]  	774	6 
[19, 18, 0, 0]  	775	7 
[18, 19, 0, 0]  	779	7 
[5, 15, 11, 0]  	781	6 
[4, 28, 2, 0]  	782	6 
[3, 14, 13, 0]  	782	6 
[3, 29, 2, 0]  	786	5 
[5, 18, 9, 0]  	788	6 
[4, 31, 0, 0]  	789	6 
[3, 32, 0, 0]  	793	5 
[5, 21, 7, 0]  	795	6 
[5, 17, 10, 0]  	796	6 
[4, 18, 10, 0]  	800	5 
[3, 31, 1, 0]  	801	5 
[3, 0, 24, 0]  	801	5 
[5, 20, 8, 0]  	803	6 
[2, 32, 1, 0]  	805	5 
[17, 21, 0, 0]  	806	6 
[4, 25, 5, 0]  	806	6 
[4, 21, 8, 0]  	807	5 
[4, 17, 11, 0]  	808	5 
[5, 23, 6, 0]  	810	6 
[4, 1, 23, 0]  	812	5 
[4, 24, 6, 0]  	814	5 
[4, 20, 9, 0]  	815	5 
[4, 4, 21, 0]  	819	5 
[3, 17, 12, 0]  	820	5 
[4, 23, 7, 0]  	822	5 
[2, 18, 12, 0]  	824	4 
[4, 7, 19, 0]  	826	5 
[4, 3, 22, 0]  	827	5 
[3, 12, 16, 0]  	829	5 
[3, 4, 22, 0]  	831	4 
[4, 10, 17, 0]  	833	5 
[4, 6, 20, 0]  	834	5 
[3, 11, 17, 0]  	837	5 
[3, 7, 20, 0]  	838	4 
[3, 3, 23, 0]  	839	4 
[4, 9, 18, 0]  	841	5 
[2, 35, 0, 0]  	843	4 
[3, 10, 18, 0]  	845	4 
[3, 6, 21, 0]  	846	4 
[3, 21, 10, 0]  	850	4 
[3, 9, 19, 0]  	853	4 
[3, 28, 5, 0]  	856	5 
[3, 24, 8, 0]  	857	4 
[3, 20, 11, 0]  	858	4 
[2, 29, 5, 0]  	860	4 
[2, 21, 11, 0]  	862	3 
[3, 27, 6, 0]  	864	4 
[3, 23, 9, 0]  	865	4 
[2, 24, 9, 0]  	869	3 
[3, 26, 7, 0]  	872	4 
[2, 4, 24, 0]  	874	4 
[2, 31, 4, 0]  	875	5 
[2, 27, 7, 0]  	876	3 
[2, 23, 10, 0]  	877	3 
[2, 15, 16, 0]  	879	4 
[2, 7, 22, 0]  	881	3 
[2, 26, 8, 0]  	884	3 
[1, 38, 0, 0]  	893	3 
[2, 13, 18, 0]  	895	3 
[2, 9, 21, 0]  	896	3 
[2, 1, 27, 0]  	898	4 
[1, 10, 21, 0]  	900	2 
[2, 12, 19, 0]  	903	3 
[2, 0, 28, 0]  	906	4 
[1, 13, 19, 0]  	907	2 
[1, 32, 5, 0]  	910	3 
[1, 12, 20, 0]  	915	2 
[1, 31, 6, 0]  	918	3 
[1, 27, 9, 0]  	919	2 
[1, 15, 18, 0]  	922	2 
[0, 32, 6, 0]  	922	2 
[1, 30, 7, 0]  	926	2 
[1, 18, 16, 0]  	929	3 
[0, 31, 7, 0]  	930	2 
[1, 29, 8, 0]  	934	2 
[0, 30, 8, 0]  	938	1 
[1, 1, 29, 0]  	941	2 
[1, 24, 12, 0]  	943	3 
[1, 0, 30, 0]  	949	2 
[0, 1, 30, 0]  	953	1 
[0, 16, 19, 0]  	957	1 
[0, 35, 5, 0]  	960	2 
[0, 0, 31, 0]  	961	1  <--- 3
[1, 21, 15, 0]  	967	3 
[0, 18, 18, 0]  	972	1 
[1, 4, 28, 0]  	979	2 
[0, 4, 29, 0]  	991	1 
[0, 38, 4, 0]  	998	2 
[0, 21, 17, 0]  	1010	1 
[0, 44, 0, 0]  	1012	2  <--- 2
[1, 7, 27, 0]  	1017	2 
[0, 7, 28, 0]  	1029	1 
[0, 41, 3, 0]  	1036	2 
[0, 24, 16, 0]  	1048	1 
[0, 10, 27, 0]  	1067	1 
[0, 27, 15, 0]  	1086	1 
[0, 13, 26, 0]  	1105	1 
[8, 8, 4, 1]  	460	7 
[7, 22, 2, 1]  	701	8 
[5, 25, 2, 1]  	732	7 
[8, 26, 0, 1]  	750	7 
[16, 20, 0, 1]  	764	7 
[2, 28, 6, 1]  	868	4 
[2, 14, 17, 1]  	887	4 
[2, 10, 20, 1]  	888	3 
[1, 15, 17, 1]  	891	3 
[1, 14, 18, 1]  	899	3 
[1, 35, 4, 1]  	948	3 
[6, 11, 3, 29]  	460	6 
[6, 8, 13, 29]  	701	7 
[4, 11, 13, 29]  	732	5 
[5, 15, 10, 29]  	750	6 
[5, 21, 6, 29]  	764	5 
[4, 18, 9, 29]  	769	5 
[4, 24, 5, 29]  	783	4 
[0, 31, 5, 29]  	868	2 
[1, 27, 8, 29]  	888	2 
[1, 4, 27, 29]  	948	2 
------
The gap is between 2 and 28.
Lengths: 3 3 5 5 3 3.
For 982 = 5*d/2-d1-d2-d3 you get 3 in char 0.
1*x^1*y^23*z^14
1*y^40*z^2
1*y^9*z^25

For 560 = 3*d/2-d1-d2-d3 you get 5 in char 0.
1*x^4*y^17*z^3
1*x^3*y^3*z^14
1*x^2*y^20*z^2
1*x^1*y^6*z^13
1*y^23*z^1

For 138 = d/2-d1-d2-d3 you get 3 in char 0.
1*x^4*z^2
1*x^2*y^3*z^1
1*y^6

Extra powers of p used 0.
The invariant extra is equal to 1.
Start computing 11^3 Delta^1 (x1x2x3)^10... Done.
Start computing 11^4 Delta^2 (x1x2x3)^10... Done.
Start computing 11^5 Delta^3 (x1x2x3)^10... Done.
Start computing 11^6 Delta^4 (x1x2x3)^10... Done.
Start computing 11^7 Delta^5 (x1x2x3)^10... Done.
Start computing 11^8 Delta^6 (x1x2x3)^10... Done.
Start computing 11^9 Delta^7 (x1x2x3)^10... Done.
Start computing aa.
1 2 3 4 5 6 7 8 9 10 11 
*/
A = \
[1345387189958715654005346024902,883239349209153879581555442721,1276233893725961135522151456796,1445071333514710496859314873955,293588392656279457034057186075,924529446132752107693186685478,1003319370668036219164119899619,984792384905126620939386631768,1386308195582438077742154228361,995321166305124139624952504707,496055469955646182666219019027;\
381033517980629531973696010138,239711001752877534100002384578,565316135030172443131520292579,923909806108029038574761422938,1458634748738624958235157256130,851006714560719829466630388255,1042209877579988905791704684632,1550664664354879646475063565140,592704967584742772496869303941,1395484095222109592179667900823,1203907152719885183896191022355;\
1249117317461461337977151862842,129150559477112879616469773197,1231694031461023370388738246679,328713442911214339165197531609,644552204793496034712666504647,350582838006037882218880795933,1203483269816454746657852088445,1297789263425751133965602454351,1567369056523629672706507737777,77665187824705886431810447565,1515082077562170466182055916452;\
2452130440336799410686027711,1585019608901384085791409345632,719842765586051080365631560845,624162437153809224825714441365,1060871688744801783470603782041,790614962892111022419130089614,1581499003394006960884236177375,391954881926458910097114356874,430568114386910531187223477861,671550353091857304454586458085,704531151773552731692493593516;\
353032583883065403858965085736,723795147980285970317745278034,537873591490752283018479333224,1039575928961097258436799090965,1426014107754030031718066138311,494012121786386260626144553472,1009660254075752166488679803802,1200166027524383771777003201464,110293760403632095620786098808,1238191939785406629445030745752,334926228262092613201801481615;\
910215887519432219687646225600,343030294340826503693390974299,683466400244965704651104537139,1291275348047038068993586888118,1064875077726313054976396350817,631614284637562086164612636724,963027757440184120432176776237,940978043222942775828652351158,850745355769974486796788875413,136998459350601981502217597904,1546330710822896151962471340128;\
126082342760332585828405227974,1551599726076601176416218468280,636290776415845439700089565357,356178230038273948732931702044,1438900378320032661347543119473,913134217250933267088562880333,627903355152264509242931722936,299863133276889694546962974255,1215137164670413617631577099312,232607280072180621768641706698,518532216034111713073320338218;\
1185334125816641198087523755558,1459966996633269345217240319065,1538245035099824527469427886602,786386269876567545142659142001,749762602059518142970381556423,942332842042725565549128866833,971065487273479683922420857966,169281477153343563703999019034,1524078228247047613939695732770,1118947249301496590790007905756,1537103099420154778143613280189;\
1381084729457675575547638041968,1159679827837580207759268587424,544418546519621525985152164870,258761155531267579590588332408,748821109145082123885423755385,1536272425910546940729517453247,725863065732807259950430907565,545512261238993704493073895043,812125606556851740104993877077,541371831773279391480059866237,551416239949325573754974848388;\
321373919721329844077928531511,869749359975018094894558660033,959803797710591460852716218809,37555501140434109320296574755,1284602440903520624220734765355,529074473794871011603574774521,136771390092522880687666993869,725866206914973665583878076230,1583784936533046042225783989625,959157379281020654862085536127,1382709913100215527816825562055;\
1291264375770421807447717636086,280406335756961060405139773308,1254466556989201597635025905821,1190090479674030231956846246774,1097890510750822681524715601837,351273283987362678451135492427,996873115872108518010459901090,1427945219093097521984557580685,250175713841155835027773220105,679985803071645654576962120184,80710979725962253251506256224]
/* 
This should be the matrix of frobenius!
*/ 
B = A; 
/* Freed 166 lists. */
