/* Comments begin... 
Coefficient of   x^21 * y^1               = 2
Coefficient of   x^10 * y^2 * z^6         = -1
Coefficient of   x^8 * y^5 * z^5         = -3
Coefficient of   x^6 * y^8 * z^4         = 0
Coefficient of   x^4 * y^11 * z^3         = -3
Coefficient of   x^2 * y^14 * z^2         = -5
Coefficient of   x^1 * z^13               = 1
Coefficient of   y^17 * z^1               = 3

Here is the polynomial we're using this time:

2*x^21*y^1 + -1*x^10*y^2*z^6 + -3*x^8*y^5*z^5 + -3*x^4*y^11*z^3 + -5*x^2*y^14*z^2 + 1*x^1*z^13 + 3*y^17*z^1

Allocate G_len 20 elements and old = 0.
Allocate M_len = 400 elements.
Allocate G_len 40 elements and old = 20.
Allocate M_len = 800 elements.
Allocate G_len 80 elements and old = 40.
Allocate M_len = 1600 elements.
Allocate M_len = 3200 elements.
Allocate G_len 160 elements and old = 80.
Allocate M_len = 6400 elements.
Allocate M_len = 12800 elements.
Allocate G_len 320 elements and old = 160.
The final length of G is 167
[10, 2, 5, 0]  	391	6 
[21, 0, 0, 0]  	399	6  <--- 1
[20, 1, 0, 0]  	403	6 
[8, 5, 5, 0]  	422	5 
[8, 8, 4, 0]  	460	7 
[6, 11, 4, 0]  	491	6 
[6, 14, 3, 0]  	529	7 
[5, 0, 15, 0]  	560	6 
[18, 5, 4, 0]  	581	10 
[14, 11, 3, 0]  	612	9 
[16, 11, 2, 0]  	619	10 
[11, 0, 14, 0]  	643	9 
[14, 14, 2, 0]  	650	9 
[9, 3, 14, 0]  	674	9 
[12, 17, 2, 0]  	681	9 
[15, 0, 13, 0]  	688	9 
[10, 19, 2, 0]  	689	9 
[9, 20, 2, 0]  	693	8 
[18, 14, 1, 0]  	695	9 
[7, 22, 2, 0]  	701	8 
[8, 23, 1, 0]  	712	8 
[12, 20, 1, 0]  	719	8 
[7, 8, 13, 0]  	720	8 
[6, 9, 13, 0]  	724	7 
[16, 17, 1, 0]  	726	8 
[10, 22, 1, 0]  	727	8 
[6, 8, 14, 0]  	732	7 
[5, 25, 2, 0]  	732	7 
[19, 0, 12, 0]  	733	8 
[14, 19, 1, 0]  	734	8 
[5, 9, 14, 0]  	736	7 
[6, 26, 1, 0]  	743	7 
[8, 26, 0, 0]  	750	7 
[4, 12, 13, 0]  	755	6 
[12, 23, 0, 0]  	757	7 
[4, 11, 14, 0]  	763	6 
[10, 25, 0, 0]  	765	7 
[4, 26, 3, 0]  	767	6 
[5, 28, 1, 0]  	770	6 
[4, 14, 12, 0]  	770	6 
[5, 24, 4, 0]  	771	6 
[14, 22, 0, 0]  	772	7 
[4, 29, 1, 0]  	774	6 
[19, 18, 0, 0]  	775	7 
[18, 19, 0, 0]  	779	7 
[6, 29, 0, 0]  	781	6 
[5, 15, 11, 0]  	781	6 
[4, 28, 2, 0]  	782	6 
[3, 14, 13, 0]  	782	6 
[3, 29, 2, 0]  	786	5 
[5, 18, 9, 0]  	788	6 
[3, 32, 0, 0]  	793	5 
[5, 21, 7, 0]  	795	6 
[5, 17, 10, 0]  	796	6 
[4, 18, 10, 0]  	800	5 
[3, 31, 1, 0]  	801	5 
[3, 0, 24, 0]  	801	5 
[5, 20, 8, 0]  	803	6 
[2, 32, 1, 0]  	805	5 
[17, 21, 0, 0]  	806	6 
[4, 25, 5, 0]  	806	6 
[4, 21, 8, 0]  	807	5 
[4, 17, 11, 0]  	808	5 
[5, 23, 6, 0]  	810	6 
[4, 1, 23, 0]  	812	5 
[4, 24, 6, 0]  	814	5 
[4, 20, 9, 0]  	815	5 
[4, 4, 21, 0]  	819	5 
[3, 17, 12, 0]  	820	5 
[4, 23, 7, 0]  	822	5 
[2, 18, 12, 0]  	824	4 
[4, 7, 19, 0]  	826	5 
[4, 3, 22, 0]  	827	5 
[3, 12, 16, 0]  	829	5 
[3, 4, 22, 0]  	831	4 
[4, 10, 17, 0]  	833	5 
[4, 6, 20, 0]  	834	5 
[3, 11, 17, 0]  	837	5 
[3, 7, 20, 0]  	838	4 
[3, 3, 23, 0]  	839	4 
[4, 9, 18, 0]  	841	5 
[2, 35, 0, 0]  	843	4 
[3, 10, 18, 0]  	845	4 
[3, 6, 21, 0]  	846	4 
[3, 21, 10, 0]  	850	4 
[3, 28, 5, 0]  	856	5 
[3, 24, 8, 0]  	857	4 
[3, 20, 11, 0]  	858	4 
[2, 29, 5, 0]  	860	4 
[2, 21, 11, 0]  	862	3 
[3, 27, 6, 0]  	864	4 
[3, 23, 9, 0]  	865	4 
[2, 28, 6, 0]  	868	4 
[2, 24, 9, 0]  	869	3 
[2, 4, 24, 0]  	874	4 
[2, 23, 10, 0]  	877	3 
[2, 15, 16, 0]  	879	4 
[2, 7, 22, 0]  	881	3 
[2, 14, 17, 0]  	887	4 
[2, 10, 20, 0]  	888	3 
[1, 15, 17, 0]  	891	3 
[1, 38, 0, 0]  	893	3 
[2, 13, 18, 0]  	895	3 
[2, 9, 21, 0]  	896	3 
[2, 1, 27, 0]  	898	4 
[1, 14, 18, 0]  	899	3 
[1, 10, 21, 0]  	900	2 
[2, 12, 19, 0]  	903	3 
[2, 0, 28, 0]  	906	4 
[2, 27, 8, 0]  	907	2 
[1, 13, 19, 0]  	907	2 
[1, 12, 20, 0]  	915	2 
[1, 31, 6, 0]  	918	3 
[1, 27, 9, 0]  	919	2 
[0, 32, 6, 0]  	922	2 
[1, 30, 7, 0]  	926	2 
[1, 18, 16, 0]  	929	3 
[0, 31, 7, 0]  	930	2 
[1, 29, 8, 0]  	934	2 
[0, 30, 8, 0]  	938	1 
[1, 1, 29, 0]  	941	2 
[1, 24, 12, 0]  	943	3 
[1, 35, 4, 0]  	948	3 
[1, 0, 30, 0]  	949	2 
[0, 1, 30, 0]  	953	1 
[0, 16, 19, 0]  	957	1 
[0, 35, 5, 0]  	960	2 
[0, 0, 31, 0]  	961	1  <--- 3
[1, 21, 15, 0]  	967	3 
[0, 18, 18, 0]  	972	1 
[1, 4, 28, 0]  	979	2 
[0, 4, 29, 0]  	991	1 
[0, 38, 4, 0]  	998	2 
[0, 21, 17, 0]  	1010	1 
[0, 44, 0, 0]  	1012	2  <--- 2
[1, 7, 27, 0]  	1017	2 
[0, 7, 28, 0]  	1029	1 
[0, 41, 3, 0]  	1036	2 
[0, 24, 16, 0]  	1048	1 
[0, 10, 27, 0]  	1067	1 
[0, 27, 15, 0]  	1086	1 
[0, 13, 26, 0]  	1105	1 
[7, 6, 14, 1]  	705	8 
[7, 25, 1, 1]  	739	7 
[5, 11, 13, 1]  	751	7 
[6, 28, 0, 1]  	758	7 
[5, 29, 0, 1]  	762	6 
[16, 20, 0, 1]  	764	7 
[4, 31, 0, 1]  	789	6 
[3, 26, 7, 1]  	872	4 
[2, 31, 4, 1]  	875	5 
[2, 27, 7, 1]  	876	3 
[2, 26, 8, 1]  	884	3 
[1, 32, 5, 1]  	910	3 
[3, 9, 19, 2]  	853	4 
[6, 23, 2, 29]  	705	6 
[4, 14, 11, 29]  	739	5 
[4, 28, 1, 29]  	751	6 
[5, 21, 6, 29]  	764	6 
[4, 17, 10, 29]  	777	4 
[4, 24, 5, 29]  	783	5 
[4, 0, 23, 29]  	789	4 
[3, 3, 22, 29]  	808	4 
[2, 26, 7, 29]  	853	3 
[1, 12, 18, 29]  	853	2 
[2, 0, 27, 29]  	875	4 
[1, 1, 28, 29]  	910	2 
------
The gap is between 3 and 28.
Lengths: 3 3 5 5 3 3.
For 982 = 5*d/2-d1-d2-d3 you get 3 in char 0.
1*x^1*y^23*z^14
1*y^40*z^2
1*y^9*z^25

For 560 = 3*d/2-d1-d2-d3 you get 5 in char 0.
1*x^4*y^17*z^3
1*x^3*y^3*z^14
1*x^2*y^20*z^2
1*x^1*y^6*z^13
1*y^23*z^1

For 138 = d/2-d1-d2-d3 you get 3 in char 0.
1*x^4*z^2
1*x^2*y^3*z^1
1*y^6

Extra powers of p used 0.
The invariant extra is equal to 1.
Start computing 11^3 Delta^1 (x1x2x3)^10... Done.
Start computing 11^4 Delta^2 (x1x2x3)^10... Done.
Start computing 11^5 Delta^3 (x1x2x3)^10... Done.
Start computing 11^6 Delta^4 (x1x2x3)^10... Done.
Start computing 11^7 Delta^5 (x1x2x3)^10... Done.
Start computing 11^8 Delta^6 (x1x2x3)^10... Done.
Start computing 11^9 Delta^7 (x1x2x3)^10... Done.
Start computing aa.
1 2 3 4 5 6 7 8 9 10 11 
*/
A = \
[535158964827447086840900221186,112005110341545644767059200613,1537059878050541712705325185183,496501772127101336271416985431,1580137489505930709779105843558,311811183806742653909672575009,811776983325503216640063261454,338191369197060656304756602896,1375039773254203306127399697318,561845520777913250428716997534,902837251944118140783724805005;\
897388441376980009565013132884,39879558544095240062246767955,885722247225437849837516901613,1242424023551777735049163377870,1012860477794965277553268368472,1270449092718293695921495635018,1449490803412485252298361450705,67156313704180637657338052622,171432354389825779514376710510,131905177750118959821622619610,91210219233511361650629851790;\
99911674765104843588026975846,483191677652945145792524191999,1290613667724135631339404780087,1176266360866541859487830219765,1453308556215959544949161828547,833010436139496327713746314976,1500011796900169693353394376844,387445734380186897778906367011,1558235287676371060173304040879,1243671425037774704561543528960,1497024075966932391347695473676;\
1577933517772837029753936368631,1524782080561997199616814742497,885703198266697023623671945536,64613294054502790856739975924,1224617527759354352852295241108,198309474036652516233003945219,564938333275634317270195033758,211516682893124377203864594627,293538309857368322163392512064,1223713371745953524739117518682,1272118543052825587981175582994;\
275760830750065915735736208316,1436937484750695612625455008063,1268861301693007779387261621069,1441932578114594167539768083605,368768192285218852917166793549,209814860123193214027483442482,565211770858073341563370948831,10457288598537125622405246866,99297328154148830979273420156,841668050765793612944936772353,753905709290562660987159660700;\
363415469436642467947007692165,693304571221255727779407734667,424612685013403316570716140228,325075119062662007158680090937,717831597944574435332630539370,43210224952773778748541175747,1030272847326288580326227747502,1570637307667057558983072068204,543759241513659356420490964104,1539733198871438947891527492370,1257880383438128094211281314017;\
1260150817521759342505785084381,662421898964762328883449828280,1458618965806160394082312788892,538366071437543840656883276746,1393471444417658445440490806620,1118409296296357288969392962601,473500057696282704353986924215,1341989248193808579224506929733,60534363699300374988801000040,845340775307139332939444796135,1266270951297273513460798158779;\
1276890701417491038478603920598,1542973661627524022388886801201,591316436147191122565478896975,1378555753229667855085399669040,700143319848312593463061784372,506605991060875437675960877916,451941161912224720412676214787,392198146642127076068635490992,1337178473058090782991417334272,815958802919667052318251733968,1119101472292943690887202869915;\
254757710939598331487331464282,143549942784592027155459568163,1105177110538730263006341929280,1262425490668717335818373994907,234628926776996983183859905713,952031450740112784527239106265,894558752311590807266262965286,225650087186765453984936864689,545543766755540510443495804113,365452652973706515533880653892,199262739187293908426780602496;\
717169254181901876324962021310,1014805866447018380609131870708,62342689236654403825998650990,744084241488836587932828219413,738376484890162619340608220188,1477655251123343742050733685201,188127896184366099425901628059,354339049623567019389286811166,1026390470929955866310391795463,97241608413421818094114923150,919718690549547723093196939936;\
1401357649758555796304763785503,517157503502400430868703534352,1572752463722208664111553455857,1043977066265673515285701089424,1033952533607984522567674852345,1309874468807063182351379264664,1436534396822184239180807720547,453777352900746792322562379574,416879883919224831139104727580,1572910632216088511084587134187,1256862163341835800411099938489]
/* 
This should be the matrix of frobenius!
*/ 
B = A; 
/* Freed 167 lists. */
