/* Comments begin... 
Coefficient of   x^21 * y^1               = -4
Coefficient of   x^10 * y^2 * z^6         = 5
Coefficient of   x^8 * y^5 * z^5         = 1
Coefficient of   x^6 * y^8 * z^4         = -2
Coefficient of   x^4 * y^11 * z^3         = -4
Coefficient of   x^2 * y^14 * z^2         = -2
Coefficient of   x^1 * z^13               = 1
Coefficient of   y^17 * z^1               = -1

Here is the polynomial we're using this time:

-4*x^21*y^1 + 5*x^10*y^2*z^6 + 1*x^8*y^5*z^5 + -2*x^6*y^8*z^4 + -4*x^4*y^11*z^3 + -2*x^2*y^14*z^2 + 1*x^1*z^13 + -1*y^17*z^1

Allocate G_len 20 elements and old = 0.
Allocate M_len = 400 elements.
Allocate G_len 40 elements and old = 20.
Allocate M_len = 800 elements.
Allocate G_len 80 elements and old = 40.
Allocate M_len = 1600 elements.
Allocate M_len = 3200 elements.
Allocate G_len 160 elements and old = 80.
Allocate M_len = 6400 elements.
Allocate M_len = 12800 elements.
Allocate G_len 320 elements and old = 160.
The final length of G is 162
[10, 2, 5, 0]  	391	7 
[21, 0, 0, 0]  	399	7  <--- 1
[20, 1, 0, 0]  	403	7 
[8, 5, 5, 0]  	422	6 
[8, 8, 4, 0]  	460	7 
[6, 11, 4, 0]  	491	6 
[6, 14, 3, 0]  	529	7 
[5, 0, 15, 0]  	560	6 
[18, 5, 4, 0]  	581	12 
[14, 11, 3, 0]  	612	11 
[18, 8, 3, 0]  	619	11 
[11, 0, 14, 0]  	643	10 
[14, 14, 2, 0]  	650	10 
[18, 11, 2, 0]  	657	10 
[9, 3, 14, 0]  	674	9 
[12, 17, 2, 0]  	681	9 
[15, 0, 13, 0]  	688	9 
[10, 19, 2, 0]  	689	9 
[9, 20, 2, 0]  	693	8 
[18, 14, 1, 0]  	695	9 
[7, 22, 2, 0]  	701	8 
[8, 23, 1, 0]  	712	8 
[12, 20, 1, 0]  	719	8 
[6, 9, 13, 0]  	724	7 
[16, 17, 1, 0]  	726	8 
[10, 22, 1, 0]  	727	8 
[6, 8, 14, 0]  	732	7 
[5, 25, 2, 0]  	732	7 
[19, 0, 12, 0]  	733	8 
[14, 19, 1, 0]  	734	8 
[5, 9, 14, 0]  	736	7 
[7, 25, 1, 0]  	739	7 
[6, 26, 1, 0]  	743	7 
[8, 26, 0, 0]  	750	7 
[5, 11, 13, 0]  	751	7 
[4, 12, 13, 0]  	755	6 
[12, 23, 0, 0]  	757	7 
[6, 28, 0, 0]  	758	7 
[5, 29, 0, 0]  	762	6 
[4, 11, 14, 0]  	763	6 
[10, 25, 0, 0]  	765	7 
[4, 26, 3, 0]  	767	6 
[5, 28, 1, 0]  	770	6 
[4, 14, 12, 0]  	770	6 
[5, 24, 4, 0]  	771	6 
[14, 22, 0, 0]  	772	7 
[4, 29, 1, 0]  	774	6 
[19, 18, 0, 0]  	775	7 
[18, 19, 0, 0]  	779	7 
[5, 15, 11, 0]  	781	6 
[4, 28, 2, 0]  	782	6 
[3, 14, 13, 0]  	782	6 
[3, 29, 2, 0]  	786	5 
[5, 18, 9, 0]  	788	6 
[4, 31, 0, 0]  	789	6 
[3, 32, 0, 0]  	793	5 
[5, 21, 7, 0]  	795	6 
[5, 17, 10, 0]  	796	6 
[4, 18, 10, 0]  	800	5 
[3, 31, 1, 0]  	801	5 
[3, 0, 24, 0]  	801	5 
[5, 20, 8, 0]  	803	6 
[2, 32, 1, 0]  	805	5 
[17, 21, 0, 0]  	806	6 
[4, 25, 5, 0]  	806	6 
[4, 21, 8, 0]  	807	5 
[4, 17, 11, 0]  	808	5 
[5, 23, 6, 0]  	810	6 
[4, 1, 23, 0]  	812	5 
[4, 24, 6, 0]  	814	5 
[4, 20, 9, 0]  	815	5 
[4, 4, 21, 0]  	819	5 
[3, 17, 12, 0]  	820	5 
[4, 23, 7, 0]  	822	5 
[2, 18, 12, 0]  	824	4 
[4, 7, 19, 0]  	826	5 
[4, 3, 22, 0]  	827	5 
[3, 12, 16, 0]  	829	5 
[3, 4, 22, 0]  	831	4 
[4, 10, 17, 0]  	833	5 
[4, 6, 20, 0]  	834	5 
[3, 11, 17, 0]  	837	5 
[3, 7, 20, 0]  	838	4 
[3, 3, 23, 0]  	839	4 
[4, 9, 18, 0]  	841	5 
[2, 35, 0, 0]  	843	4 
[3, 10, 18, 0]  	845	4 
[3, 6, 21, 0]  	846	4 
[3, 21, 10, 0]  	850	4 
[3, 9, 19, 0]  	853	4 
[3, 28, 5, 0]  	856	5 
[3, 24, 8, 0]  	857	4 
[3, 20, 11, 0]  	858	4 
[2, 29, 5, 0]  	860	4 
[2, 21, 11, 0]  	862	3 
[3, 27, 6, 0]  	864	4 
[3, 23, 9, 0]  	865	4 
[2, 28, 6, 0]  	868	4 
[2, 24, 9, 0]  	869	3 
[3, 26, 7, 0]  	872	4 
[2, 4, 24, 0]  	874	4 
[2, 31, 4, 0]  	875	5 
[2, 27, 7, 0]  	876	3 
[2, 23, 10, 0]  	877	3 
[2, 15, 16, 0]  	879	4 
[2, 14, 17, 0]  	887	4 
[2, 10, 20, 0]  	888	3 
[1, 15, 17, 0]  	891	3 
[1, 38, 0, 0]  	893	3 
[2, 13, 18, 0]  	895	3 
[2, 1, 27, 0]  	898	4 
[1, 14, 18, 0]  	899	3 
[1, 10, 21, 0]  	900	2 
[2, 12, 19, 0]  	903	3 
[2, 0, 28, 0]  	906	4 
[1, 13, 19, 0]  	907	2 
[1, 32, 5, 0]  	910	3 
[1, 12, 20, 0]  	915	2 
[1, 31, 6, 0]  	918	3 
[1, 27, 9, 0]  	919	2 
[0, 32, 6, 0]  	922	2 
[1, 30, 7, 0]  	926	2 
[1, 18, 16, 0]  	929	3 
[0, 31, 7, 0]  	930	2 
[1, 29, 8, 0]  	934	2 
[0, 30, 8, 0]  	938	1 
[1, 1, 29, 0]  	941	2 
[1, 24, 12, 0]  	943	3 
[1, 35, 4, 0]  	948	3 
[1, 0, 30, 0]  	949	2 
[0, 1, 30, 0]  	953	1 
[0, 16, 19, 0]  	957	1 
[0, 35, 5, 0]  	960	2 
[0, 0, 31, 0]  	961	1  <--- 3
[1, 21, 15, 0]  	967	3 
[0, 18, 18, 0]  	972	1 
[0, 4, 29, 0]  	991	1 
[0, 38, 4, 0]  	998	2 
[0, 21, 17, 0]  	1010	1 
[0, 44, 0, 0]  	1012	2  <--- 2
[1, 7, 27, 0]  	1017	2 
[0, 7, 28, 0]  	1029	1 
[0, 41, 3, 0]  	1036	2 
[0, 24, 16, 0]  	1048	1 
[0, 10, 27, 0]  	1067	1 
[0, 27, 15, 0]  	1086	1 
[0, 13, 26, 0]  	1105	1 
[7, 6, 14, 1]  	705	8 
[7, 8, 13, 1]  	720	8 
[16, 20, 0, 1]  	764	7 
[2, 7, 22, 1]  	881	3 
[2, 26, 8, 1]  	884	3 
[2, 9, 21, 1]  	896	3 
[1, 4, 28, 1]  	979	2 
[6, 23, 2, 29]  	705	7 
[6, 25, 1, 29]  	720	7 
[5, 21, 6, 29]  	764	6 
[4, 24, 5, 29]  	783	5 
[1, 24, 10, 29]  	881	2 
[1, 12, 19, 29]  	884	2 
[1, 26, 9, 29]  	896	2 
[0, 21, 16, 29]  	979	1 
------
The gap is between 2 and 28.
Lengths: 3 3 5 5 3 3.
For 982 = 5*d/2-d1-d2-d3 you get 3 in char 0.
1*x^1*y^23*z^14
1*y^40*z^2
1*y^9*z^25

For 560 = 3*d/2-d1-d2-d3 you get 5 in char 0.
1*x^4*y^17*z^3
1*x^3*y^3*z^14
1*x^2*y^20*z^2
1*x^1*y^6*z^13
1*y^23*z^1

For 138 = d/2-d1-d2-d3 you get 3 in char 0.
1*x^4*z^2
1*x^2*y^3*z^1
1*y^6

Extra powers of p used 0.
The invariant extra is equal to 1.
Start computing 11^3 Delta^1 (x1x2x3)^10... Done.
Start computing 11^4 Delta^2 (x1x2x3)^10... Done.
Start computing 11^5 Delta^3 (x1x2x3)^10... Done.
Start computing 11^6 Delta^4 (x1x2x3)^10... Done.
Start computing 11^7 Delta^5 (x1x2x3)^10... Done.
Start computing 11^8 Delta^6 (x1x2x3)^10... Done.
Start computing 11^9 Delta^7 (x1x2x3)^10... Done.
Start computing aa.
1 2 3 4 5 6 7 8 9 10 11 
*/
A = \
[612976295260784490106579083401,727332674969996493427415525061,1212318358677856968818094969548,1262373188186914229191305930852,449427406065938532210997946785,21421490627180843099863071241,827067256855233371336590472329,1225463660497771301004741229161,1152382218032487014146445510353,528832835198575102939034618525,74055284751915084173984747253;\
109846638895524410048407175783,1471152354178937497888241034727,1312099074721883136457302986490,1327771657576744246845308872872,669004846047718419228884997971,63870049208594905662286356445,990376759883675897603046225962,1082513710819800213361353872453,156006357828190332794647519731,162789201588721017865412630751,173977985622545616722554997862;\
818225772517559837305349449983,1491851064086127201025982299478,289139817930705030591760932934,1347742948913205501920774360278,1316214048024636507800672792162,95045655849854631124561874725,121743610927582836941600090525,718225483172889776974190095234,625917070065878563355387727195,106913507003372681820746289070,770736984614044994360379142281;\
1281499477149431129465747998477,577639615776873705617228331433,371732151236801632935396117417,525797973131549277251473511273,18333335382876470002021273628,1021944818505408215225741768362,61201294781994826057281890746,108774129243417706505338861564,537927789937408657580251326869,509291009596396958746222743798,315518896480559676584279102338;\
197283380690577349473467380591,782839648763055739777472595078,1563059266092911540638209197429,1527926417686157723296967211098,393748552228120700012914855563,864618731040943066408961714369,123208501656519043050887465711,1397501041519070671548150168911,744548979550498596779648248906,881624159506276742191225232819,535158323656425304538789222752;\
230227662176630339797591689527,68603307113186885145776391163,1267809786878956222443186407838,1429051967599263908243250613959,52950563356068695564247841940,1150934325743190409759063506132,473692373912835893018229984782,308228242989321593671350770207,294948407073321710149786894516,1095076481468926188725665810539,859199503809920019511124862557;\
446877776580808448311092599724,272242935669123338934393470338,328167313025297883804777406501,1326347703779338234228994065900,172970734003069365713428535138,573098122020904208988408930946,1343101843410466672465002357683,750884788772053424854622275238,898328814298468034370639997543,697711411188945329597634950528,921134503704966142438436697228;\
578996863222832124543195149495,1157903996443726029840384679493,1300600628067670903452512556338,819674027344841749056015042971,655103651324680837394139006840,1198753720145154141447909008293,661874269184931039189398243336,675917574805131020866453026968,1220393943033608138259847807622,253166105936967684062234895108,349998414285180011616066520785;\
138038676052178183739844936611,1244822934434758721654934885157,924064320661246251702504663709,1163151147077353114320418547604,1111894184634350322605637391561,1326373390254132376747957073774,428010414640909164901771074349,595792928503214111633322092987,1519719375880155040641106190794,701619306647326243475669004019,406278900478970572012418794478;\
1257747803153860494902400452337,25178602790659580704537912485,1315559983655969423652738813111,622455467694926137097185683103,127738160504163283677196053009,358557619180917781765063920392,502008094076384204308098277420,1523452357005196500408376383984,784165768432901640935178538608,1059274341985531421668315759362,1547271993556892933709874199496;\
210601638556417386218474245111,1368468359191509876487745452349,215024436393541736715521250624,357397308371646501442041455645,1457744533643518281583946390053,225416994123790302359638415633,103844477649879320555939789634,674473683786041385724608359900,556469064896680102061222326702,903548316927598520702323010178,619663543609637783484538126388]
/* 
This should be the matrix of frobenius!
*/ 
B = A; 
/* Freed 166 lists. */
