/* Comments begin... 
Coefficient of   x^21 * y^1               = -1
Coefficient of   x^10 * y^2 * z^6         = 4
Coefficient of   x^8 * y^5 * z^5         = 4
Coefficient of   x^6 * y^8 * z^4         = -3
Coefficient of   x^4 * y^11 * z^3         = 2
Coefficient of   x^2 * y^14 * z^2         = 5
Coefficient of   x^1 * z^13               = 2
Coefficient of   y^17 * z^1               = -2

Here is the polynomial we're using this time:

-1*x^21*y^1 + 4*x^10*y^2*z^6 + 4*x^8*y^5*z^5 + -3*x^6*y^8*z^4 + 2*x^4*y^11*z^3 + 5*x^2*y^14*z^2 + 2*x^1*z^13 + -2*y^17*z^1

Allocate G_len 20 elements and old = 0.
Allocate M_len = 400 elements.
Allocate G_len 40 elements and old = 20.
Allocate M_len = 800 elements.
Allocate G_len 80 elements and old = 40.
Allocate M_len = 1600 elements.
Allocate M_len = 3200 elements.
Allocate G_len 160 elements and old = 80.
Allocate M_len = 6400 elements.
Allocate M_len = 12800 elements.
Allocate G_len 320 elements and old = 160.
Not smooth!
Coefficient of   x^21 * y^1               = -5
Coefficient of   x^10 * y^2 * z^6         = -5
Coefficient of   x^8 * y^5 * z^5         = -4
Coefficient of   x^6 * y^8 * z^4         = -4
Coefficient of   x^4 * y^11 * z^3         = 1
Coefficient of   x^2 * y^14 * z^2         = -2
Coefficient of   x^1 * z^13               = -2
Coefficient of   y^17 * z^1               = -5

Here is the polynomial we're using this time:

-5*x^21*y^1 + -5*x^10*y^2*z^6 + -4*x^8*y^5*z^5 + -4*x^6*y^8*z^4 + 1*x^4*y^11*z^3 + -2*x^2*y^14*z^2 + -2*x^1*z^13 + -5*y^17*z^1

The final length of G is 166
[10, 2, 5, 0]  	391	7 
[21, 0, 0, 0]  	399	7  <--- 1
[20, 1, 0, 0]  	403	7 
[8, 5, 5, 0]  	422	6 
[8, 8, 4, 0]  	460	7 
[6, 11, 4, 0]  	491	6 
[6, 14, 3, 0]  	529	7 
[5, 0, 15, 0]  	560	6 
[18, 5, 4, 0]  	581	12 
[14, 11, 3, 0]  	612	11 
[18, 8, 3, 0]  	619	11 
[11, 0, 14, 0]  	643	10 
[14, 14, 2, 0]  	650	10 
[18, 11, 2, 0]  	657	10 
[9, 3, 14, 0]  	674	9 
[12, 17, 2, 0]  	681	9 
[15, 0, 13, 0]  	688	9 
[10, 19, 2, 0]  	689	9 
[9, 20, 2, 0]  	693	8 
[18, 14, 1, 0]  	695	9 
[7, 6, 14, 0]  	705	8 
[12, 20, 1, 0]  	719	8 
[8, 22, 2, 0]  	720	8 
[7, 8, 13, 0]  	720	8 
[7, 23, 2, 0]  	724	7 
[6, 9, 13, 0]  	724	7 
[16, 17, 1, 0]  	726	8 
[10, 22, 1, 0]  	727	8 
[6, 8, 14, 0]  	732	7 
[5, 25, 2, 0]  	732	7 
[19, 0, 12, 0]  	733	8 
[14, 19, 1, 0]  	734	8 
[5, 9, 14, 0]  	736	7 
[7, 25, 1, 0]  	739	7 
[6, 26, 1, 0]  	743	7 
[8, 26, 0, 0]  	750	7 
[5, 11, 13, 0]  	751	7 
[4, 12, 13, 0]  	755	6 
[12, 23, 0, 0]  	757	7 
[6, 28, 0, 0]  	758	7 
[5, 29, 0, 0]  	762	6 
[4, 11, 14, 0]  	763	6 
[10, 25, 0, 0]  	765	7 
[4, 26, 3, 0]  	767	6 
[5, 28, 1, 0]  	770	6 
[4, 14, 12, 0]  	770	6 
[5, 24, 4, 0]  	771	6 
[14, 22, 0, 0]  	772	7 
[4, 29, 1, 0]  	774	6 
[19, 18, 0, 0]  	775	7 
[18, 19, 0, 0]  	779	7 
[4, 28, 2, 0]  	782	6 
[3, 14, 13, 0]  	782	6 
[3, 29, 2, 0]  	786	5 
[5, 18, 9, 0]  	788	6 
[4, 31, 0, 0]  	789	6 
[3, 32, 0, 0]  	793	5 
[5, 21, 7, 0]  	795	6 
[5, 17, 10, 0]  	796	6 
[4, 18, 10, 0]  	800	5 
[3, 31, 1, 0]  	801	5 
[3, 0, 24, 0]  	801	5 
[5, 20, 8, 0]  	803	6 
[2, 32, 1, 0]  	805	5 
[17, 21, 0, 0]  	806	6 
[4, 25, 5, 0]  	806	6 
[4, 21, 8, 0]  	807	5 
[4, 17, 11, 0]  	808	5 
[5, 23, 6, 0]  	810	6 
[4, 24, 6, 0]  	814	5 
[4, 20, 9, 0]  	815	5 
[4, 4, 21, 0]  	819	5 
[3, 17, 12, 0]  	820	5 
[4, 23, 7, 0]  	822	5 
[2, 18, 12, 0]  	824	4 
[4, 7, 19, 0]  	826	5 
[3, 12, 16, 0]  	829	5 
[3, 4, 22, 0]  	831	4 
[4, 10, 17, 0]  	833	5 
[4, 6, 20, 0]  	834	5 
[3, 11, 17, 0]  	837	5 
[3, 7, 20, 0]  	838	4 
[3, 3, 23, 0]  	839	4 
[4, 9, 18, 0]  	841	5 
[2, 35, 0, 0]  	843	4 
[3, 10, 18, 0]  	845	4 
[3, 6, 21, 0]  	846	4 
[3, 21, 10, 0]  	850	4 
[3, 9, 19, 0]  	853	4 
[3, 28, 5, 0]  	856	5 
[3, 24, 8, 0]  	857	4 
[3, 20, 11, 0]  	858	4 
[2, 29, 5, 0]  	860	4 
[2, 21, 11, 0]  	862	3 
[3, 27, 6, 0]  	864	4 
[3, 23, 9, 0]  	865	4 
[2, 28, 6, 0]  	868	4 
[2, 24, 9, 0]  	869	3 
[3, 26, 7, 0]  	872	4 
[2, 4, 24, 0]  	874	4 
[2, 31, 4, 0]  	875	5 
[2, 27, 7, 0]  	876	3 
[2, 23, 10, 0]  	877	3 
[2, 15, 16, 0]  	879	4 
[2, 7, 22, 0]  	881	3 
[2, 14, 17, 0]  	887	4 
[2, 10, 20, 0]  	888	3 
[1, 15, 17, 0]  	891	3 
[1, 38, 0, 0]  	893	3 
[2, 13, 18, 0]  	895	3 
[2, 9, 21, 0]  	896	3 
[2, 1, 27, 0]  	898	4 
[1, 10, 21, 0]  	900	2 
[2, 12, 19, 0]  	903	3 
[2, 0, 28, 0]  	906	4 
[1, 13, 19, 0]  	907	2 
[1, 32, 5, 0]  	910	3 
[1, 12, 20, 0]  	915	2 
[1, 31, 6, 0]  	918	3 
[1, 27, 9, 0]  	919	2 
[0, 32, 6, 0]  	922	2 
[1, 30, 7, 0]  	926	2 
[1, 18, 16, 0]  	929	3 
[0, 31, 7, 0]  	930	2 
[1, 29, 8, 0]  	934	2 
[0, 30, 8, 0]  	938	1 
[1, 1, 29, 0]  	941	2 
[1, 24, 12, 0]  	943	3 
[1, 0, 30, 0]  	949	2 
[0, 1, 30, 0]  	953	1 
[0, 16, 19, 0]  	957	1 
[0, 35, 5, 0]  	960	2 
[0, 0, 31, 0]  	961	1  <--- 3
[0, 18, 18, 0]  	972	1 
[1, 4, 28, 0]  	979	2 
[0, 4, 29, 0]  	991	1 
[0, 38, 4, 0]  	998	2 
[0, 21, 17, 0]  	1010	1 
[0, 44, 0, 0]  	1012	2  <--- 2
[1, 7, 27, 0]  	1017	2 
[0, 7, 28, 0]  	1029	1 
[0, 41, 3, 0]  	1036	2 
[0, 24, 16, 0]  	1048	1 
[0, 10, 27, 0]  	1067	1 
[0, 27, 15, 0]  	1086	1 
[0, 13, 26, 0]  	1105	1 
[7, 22, 2, 1]  	701	8 
[8, 23, 1, 1]  	712	8 
[16, 20, 0, 1]  	764	7 
[5, 15, 11, 1]  	781	6 
[4, 1, 23, 1]  	812	5 
[4, 3, 22, 1]  	827	5 
[2, 26, 8, 1]  	884	3 
[1, 14, 18, 1]  	899	3 
[1, 35, 4, 1]  	948	3 
[1, 21, 15, 1]  	967	3 
[6, 8, 13, 29]  	701	7 
[7, 9, 12, 29]  	712	6 
[7, 26, 0, 29]  	731	6 
[5, 21, 6, 29]  	764	5 
[3, 18, 10, 29]  	781	4 
[4, 24, 5, 29]  	783	5 
[1, 12, 19, 29]  	884	2 
[0, 31, 6, 29]  	899	2 
[1, 4, 27, 29]  	948	2 
[0, 38, 3, 29]  	967	2 
------
The gap is between 2 and 28.
Lengths: 3 3 5 5 3 3.
For 982 = 5*d/2-d1-d2-d3 you get 3 in char 0.
1*x^1*y^23*z^14
1*y^40*z^2
1*y^9*z^25

For 560 = 3*d/2-d1-d2-d3 you get 5 in char 0.
1*x^4*y^17*z^3
1*x^3*y^3*z^14
1*x^2*y^20*z^2
1*x^1*y^6*z^13
1*y^23*z^1

For 138 = d/2-d1-d2-d3 you get 3 in char 0.
1*x^4*z^2
1*x^2*y^3*z^1
1*y^6

Extra powers of p used 0.
The invariant extra is equal to 1.
Start computing 11^3 Delta^1 (x1x2x3)^10... Done.
Start computing 11^4 Delta^2 (x1x2x3)^10... Done.
Start computing 11^5 Delta^3 (x1x2x3)^10... Done.
Start computing 11^6 Delta^4 (x1x2x3)^10... Done.
Start computing 11^7 Delta^5 (x1x2x3)^10... Done.
Start computing 11^8 Delta^6 (x1x2x3)^10... Done.
Start computing 11^9 Delta^7 (x1x2x3)^10... Done.
Start computing aa.
1 2 3 4 5 6 7 8 9 10 11 
*/
A = \
[439238963819839167320044503524,14596592301380464573382777010,1171248717131104642521984260971,1521850164924816462341294362157,1523356250985553141665562344422,6757974989399384585352021372,730703113726993598066659378276,79425584172309975008110015325,57706244117316654809112704640,1011945727026700254029227837433,143350882183754319491429450790;\
691860754395047326268296953101,755158372844982507490479309760,171327831234029108822993001984,1113119696845650170795642729062,1272132064201457687097849695210,378359468790357085944400709991,309400934586187547223031275991,1336215474145978749921815193724,804425115063146403317681950023,648204644310729669985391960533,151722727514533130504535460815;\
41414328152770462334493407538,213955589617751035520527714375,165464894130800679286365976000,642529433802504040868649990746,690342847647589817795833210976,997321105799970746778919918730,844567263428817863482173383219,1154363854081644697964426783500,913497087942576580879435667569,1367760522976740604853861782535,547956310449195500635387689480;\
1048070574306800763442130550799,834470027183291063670810904324,442465642870946522906768485009,863461464938302240083583152423,485782053551851333922496010456,384315000053958205996860019341,1316464766237314518165480582443,1397764861735797093913072606567,879481707326960624168275079999,1362457545990688145812965851183,570715744151599107804849595467;\
403339583400477920543192968034,1570263413598789637997055616891,254134623276520746534635577580,1430799065063614619448033284392,1216527032631358731898119105502,39737634467767944218139715031,606574972630218715852315436817,1535131359005023915167841268295,1366268836444622770724445361662,130579975247096555431655241255,1435366469590835865946455184669;\
917755323564696444572346939382,366708774111477624763079585844,919931745815512850839596219314,877227729618444108705947326378,1318781112169830379300796621407,120546799359707927828528453393,1133149225034542151152888769752,409501519071299551689590652228,288631017436263708685928515495,1578504395761380347398656147146,728234247777413634574333866707;\
782340702471698911816487646286,1365262602452652267347822890114,540921157576487221125572871948,38775684327537539882862292546,894604123769801669117864331405,254089199747444105356259094532,1097269101989554489444195724274,1102596287206360323944698618520,1382304096341140014502911896962,138349700048939687421208792961,1406837279424687641652307172481;\
249578379492714214658287221704,1142651969688498089495571265306,1193439425206300219074790236257,947252350053683550368585079393,947178116734695421609318096614,823218945323254685505020611726,1576359702352745724403462173712,1576450734270002756881141287114,622886059481770758335246206303,435125556203402367776535265786,1418230413183061624874557407798;\
1562411419774256138213448716595,146484018890739333034962260727,706756716274710139141874726756,97121843184295715920630332936,824737964504792758387432882318,333063807916999140274601419540,930756724999938268444234394689,1335780032657729177768621036918,778081933082743875960781921074,969230296106644540691668404426,1579611897932352697306499379873;\
237072781534727727499708063345,1492996977455026354255255627135,1321739604394336434696899978513,683479632008288909185638632177,1435171580341351864142154652013,124863535016075843762236314974,755205170868636352268341891921,370466019230282464175063772648,946909622186480040888970586449,210277911877905278525372351449,1398332172818067077419846950119;\
1137495157702524192525689999061,571305427757106714718049535578,1114842621468168946244414698737,1530980641226260666960069164272,906056479894711284018492322215,536732493800043662546982547188,949900028214329223134409938423,595282197769088389219064866439,599031731469609831499141815780,171205597711162605735171775979,1196498685976630896178998554634]
/* 
This should be the matrix of frobenius!
*/ 
B = A; 
/* Freed 166 lists. */
