/* Comments begin... 
Coefficient of   x^21 * y^1               = -5
Coefficient of   x^10 * y^2 * z^6         = 0
Coefficient of   x^8 * y^5 * z^5         = -5
Coefficient of   x^6 * y^8 * z^4         = 0
Coefficient of   x^4 * y^11 * z^3         = -3
Coefficient of   x^2 * y^14 * z^2         = 0
Coefficient of   x^1 * z^13               = -1
Coefficient of   y^17 * z^1               = -5

Here is the polynomial we're using this time:

-5*x^21*y^1 + -5*x^8*y^5*z^5 + -3*x^4*y^11*z^3 + -1*x^1*z^13 + -5*y^17*z^1

Allocate G_len 20 elements and old = 0.
Allocate M_len = 400 elements.
Allocate G_len 40 elements and old = 20.
Allocate M_len = 800 elements.
Allocate G_len 80 elements and old = 40.
Allocate M_len = 1600 elements.
Allocate M_len = 3200 elements.
Allocate G_len 160 elements and old = 80.
Allocate M_len = 6400 elements.
The final length of G is 110
[8, 5, 4, 0]  	391	4 
[21, 0, 0, 0]  	399	4  <--- 1
[20, 1, 0, 0]  	403	4 
[4, 11, 3, 0]  	422	3 
[5, 0, 14, 0]  	529	4 
[16, 11, 2, 0]  	619	6 
[13, 0, 13, 0]  	650	5 
[12, 17, 2, 0]  	681	7 
[17, 0, 12, 0]  	695	5 
[7, 22, 2, 0]  	701	4 
[8, 23, 1, 0]  	712	6 
[3, 28, 1, 0]  	732	3 
[7, 9, 13, 0]  	743	6 
[5, 29, 0, 0]  	762	4 
[12, 22, 1, 0]  	765	6 
[4, 10, 15, 0]  	771	3 
[6, 26, 2, 0]  	774	6 
[19, 18, 0, 0]  	775	4 
[2, 0, 24, 0]  	782	3 
[4, 4, 20, 0]  	788	5 
[4, 31, 0, 0]  	789	6 
[3, 1, 23, 0]  	793	3 
[8, 28, 0, 0]  	796	6 
[3, 15, 13, 0]  	805	5 
[3, 11, 16, 0]  	806	3 
[16, 22, 0, 0]  	810	6 
[3, 17, 12, 0]  	820	5 
[2, 18, 12, 0]  	824	3 
[4, 3, 22, 0]  	827	5 
[3, 4, 22, 0]  	831	3 
[15, 24, 0, 0]  	837	5 
[3, 34, 0, 0]  	839	3 
[4, 9, 18, 0]  	841	5 
[2, 35, 0, 0]  	843	4 
[3, 10, 18, 0]  	845	4 
[3, 6, 21, 0]  	846	3 
[3, 21, 10, 0]  	850	4 
[3, 20, 11, 0]  	858	4 
[2, 21, 11, 0]  	862	3 
[3, 27, 6, 0]  	864	4 
[2, 28, 6, 0]  	868	4 
[2, 23, 10, 0]  	877	3 
[2, 15, 16, 0]  	879	4 
[2, 7, 22, 0]  	881	3 
[3, 9, 20, 0]  	884	3 
[2, 10, 20, 0]  	888	3 
[1, 15, 17, 0]  	891	3 
[1, 38, 0, 0]  	893	3 
[2, 13, 18, 0]  	895	3 
[2, 9, 21, 0]  	896	3 
[1, 18, 15, 0]  	898	3 
[1, 14, 18, 0]  	899	3 
[1, 10, 21, 0]  	900	2 
[3, 26, 8, 0]  	903	3 
[2, 12, 19, 0]  	903	3 
[2, 27, 8, 0]  	907	2 
[1, 13, 19, 0]  	907	2 
[2, 26, 9, 0]  	915	2 
[1, 12, 20, 0]  	915	2 
[1, 27, 9, 0]  	919	2 
[0, 32, 6, 0]  	922	2 
[1, 30, 7, 0]  	926	2 
[0, 31, 7, 0]  	930	2 
[1, 29, 8, 0]  	934	2 
[0, 30, 8, 0]  	938	1 
[1, 1, 29, 0]  	941	2 
[1, 24, 12, 0]  	943	3 
[1, 35, 4, 0]  	948	3 
[1, 0, 30, 0]  	949	2 
[0, 1, 30, 0]  	953	1 
[0, 16, 19, 0]  	957	1 
[0, 35, 5, 0]  	960	2 
[0, 0, 31, 0]  	961	1  <--- 3
[0, 18, 18, 0]  	972	1 
[1, 4, 28, 0]  	979	2 
[0, 4, 29, 0]  	991	1 
[0, 38, 4, 0]  	998	2 
[0, 21, 17, 0]  	1010	1 
[0, 44, 0, 0]  	1012	2  <--- 2
[1, 7, 27, 0]  	1017	2 
[0, 7, 28, 0]  	1029	1 
[0, 41, 3, 0]  	1036	2 
[0, 24, 16, 0]  	1048	1 
[0, 10, 27, 0]  	1067	1 
[0, 27, 15, 0]  	1086	1 
[0, 13, 26, 0]  	1105	1 
[16, 17, 1, 1]  	726	4 
[12, 23, 0, 1]  	757	6 
[2, 29, 5, 1]  	860	4 
[2, 14, 17, 1]  	887	4 
[1, 32, 5, 1]  	910	3 
[1, 31, 6, 1]  	918	3 
[3, 7, 19, 2]  	807	4 
[3, 23, 9, 2]  	865	4 
[2, 27, 7, 2]  	876	3 
[2, 26, 8, 2]  	884	3 
[3, 26, 7, 3]  	872	4 
[3, 24, 8, 4]  	857	4 
[2, 24, 9, 5]  	869	3 
[1, 10, 20, 25]  	869	2 
[2, 10, 19, 26]  	857	3 
[2, 10, 18, 27]  	826	3 
[1, 10, 18, 28]  	807	2 
[2, 9, 20, 28]  	865	2 
[1, 27, 8, 28]  	888	2 
[4, 4, 18, 29]  	726	3 
[1, 10, 16, 29]  	745	2 
[1, 31, 5, 29]  	887	3 
[1, 0, 28, 29]  	887	2 
[0, 35, 4, 29]  	929	2 
------
The gap is between 6 and 24.
Lengths: 3 3 5 5 3 3.
For 982 = 5*d/2-d1-d2-d3 you get 3 in char 0.
1*x^1*y^23*z^14
1*y^40*z^2
1*y^9*z^25

For 560 = 3*d/2-d1-d2-d3 you get 5 in char 0.
1*x^14*y^2*z^8
1*x^3*y^3*z^14
1*x^2*y^20*z^2
1*x^1*y^6*z^13
1*y^23*z^1

For 138 = d/2-d1-d2-d3 you get 3 in char 0.
1*x^4*z^2
1*x^2*y^3*z^1
1*y^6

Extra powers of p used 0.
The invariant extra is equal to 1.
Start computing 11^3 Delta^1 (x1x2x3)^10... Done.
Start computing 11^4 Delta^2 (x1x2x3)^10... Done.
Start computing 11^5 Delta^3 (x1x2x3)^10... Done.
Start computing 11^6 Delta^4 (x1x2x3)^10... Done.
Start computing 11^7 Delta^5 (x1x2x3)^10... Done.
Start computing 11^8 Delta^6 (x1x2x3)^10... Done.
Start computing 11^9 Delta^7 (x1x2x3)^10... Done.
Start computing aa.
1 2 3 4 5 6 7 8 9 10 11 
*/
A = \
[566866949447604174315145157945,1552499272680746974620677687776,125457314703034866610192608620,861807855144201394807830839288,1037888185991009210233290463824,376735339073512957538114429150,108762477392392483294463333824,303851931779306963677546041637,271490395194224054484306505703,689999252459117297488557005460,671315351561969640276549824410;\
731341347992571317709378358477,360932417735658347297245632521,1168676096785059230456635878127,897412244592135064455781931604,233000051196459627176736857767,1510859161247167000289904285974,1183090530716708451716983212482,220126637825455814105109731692,1244705017147741905492034995763,942912705617606353701619921769,469782719050291020645995522898;\
414163741589076603410783266359,32372941232671753573551647625,511457589020209300814384900719,1061893496120222951361662024913,614883689489910642284013154723,1245948961971329773465001889448,555186780560206883831004645691,910123467476418112200554160879,1494644918404870747182702253626,803479575612180187658354657867,769585551431020763315347840094;\
1484168735490544473072610005061,692102996170150490396377595795,345832954189515105461558942573,765119516035247619410222088074,478858637000228760330254307339,1514573965424581616612120397719,1578822713839374305089631912145,1473232729405589123577070257298,747168924384965064037936760099,841906679630907648393847736272,495774669699503434345981832781;\
712072934501723024011179362184,385402624694037376127161111938,472689233607001638412746874335,1492939627617419733532193089699,1071357061907778948358558938524,383582708877247317822758817234,1216851604569260631784460185637,744180294022974741009222015398,997937466269352631389186510592,33544862803718701585577372616,836197686409494184708196210606;\
5574674669799922546667253086,1022912012403769132203979864464,894897615836059908239581762394,791459470389010860720676759630,997649785835015344790406676523,410001759554515563622096698580,309073229556257196045620562980,53873937169096477510860979130,308829439108074980312859103363,1029888296736361542818900199044,1125002024651148035989452031176;\
1196108127942892740530974426794,1261015767834118174472275868092,262160652165325234464656224887,1384783074315099385112661423025,993596260666947241840209525533,1096880695584843133004073097647,1285206499049399583364171961486,1307986289766803916884585069275,90491085705129762643309363077,673484163154958791289463821,384109050292188266560964430322;\
1203506783270120751300226011869,782285736657603257950385086501,1094420965752499094619831589990,70412963863994011408634938474,219296361486535242959596644746,1030331163322222656479535549610,1478480201732834693447369072318,603477374591118881886333089470,1471439108170098009837545063765,1548969185976497160445745482076,69011125741361615438005100722;\
1183228249315053453714272019254,1333849185155519853477079514413,393191335368431949072696849119,556174495495171393779368213102,1530231335836511397494850366515,185345844978279812238012986341,1068778257979089283373636850038,1249665853701512819373012247410,1138327089725904904596923345897,127148424799556711347213299773,327903840223241800779137688042;\
737242905199126674251317352037,368751653925611178917746000092,508056867559328600313252322288,1150438313795575091447220305102,1531305139236613599600490817189,1175946109964552270593002598955,1268702232902124686306281295754,1562532196411745390883411766406,1019933485710466446018295408056,448840037886986620347308785807,667077425814661906646914099205;\
1400356582485928900789649280854,504629719145089803975621839945,266744532953195510229039129196,158158695520946955227450514050,816422006719180562576041848715,1361456274571082165479021374488,708193329974024234285339829974,354829453370795839576032089263,798040180802013885894882590196,498102544436783381809641827713,651399480193099621841367782833]
/* 
This should be the matrix of frobenius!
*/ 
B = A; 
/* Freed 161 lists. */
