/* Comments begin... 
Coefficient of   x^21 * y^1               = 1
Coefficient of   x^10 * y^2 * z^6         = -4
Coefficient of   x^8 * y^5 * z^5         = -3
Coefficient of   x^6 * y^8 * z^4         = 2
Coefficient of   x^4 * y^11 * z^3         = 0
Coefficient of   x^2 * y^14 * z^2         = -3
Coefficient of   x^1 * z^13               = -5
Coefficient of   y^17 * z^1               = -3

Here is the polynomial we're using this time:

1*x^21*y^1 + -4*x^10*y^2*z^6 + -3*x^8*y^5*z^5 + 2*x^6*y^8*z^4 + -3*x^2*y^14*z^2 + -5*x^1*z^13 + -3*y^17*z^1

Allocate G_len 20 elements and old = 0.
Allocate M_len = 400 elements.
Allocate G_len 40 elements and old = 20.
Allocate M_len = 800 elements.
Allocate G_len 80 elements and old = 40.
Allocate M_len = 1600 elements.
Allocate M_len = 3200 elements.
Allocate G_len 160 elements and old = 80.
Allocate M_len = 6400 elements.
Allocate M_len = 12800 elements.
Allocate G_len 320 elements and old = 160.
The final length of G is 163
[10, 2, 5, 0]  	391	6 
[21, 0, 0, 0]  	399	6  <--- 1
[20, 1, 0, 0]  	403	6 
[8, 5, 5, 0]  	422	5 
[8, 8, 4, 0]  	460	7 
[6, 11, 4, 0]  	491	6 
[6, 14, 3, 0]  	529	7 
[5, 0, 15, 0]  	560	6 
[18, 5, 4, 0]  	581	10 
[14, 11, 3, 0]  	612	10 
[18, 8, 3, 0]  	619	10 
[11, 0, 14, 0]  	643	9 
[14, 14, 2, 0]  	650	9 
[16, 14, 1, 0]  	657	9 
[9, 3, 14, 0]  	674	8 
[12, 17, 2, 0]  	681	9 
[15, 0, 13, 0]  	688	8 
[10, 19, 2, 0]  	689	9 
[7, 22, 2, 0]  	701	8 
[7, 6, 14, 0]  	705	8 
[8, 23, 1, 0]  	712	8 
[12, 20, 1, 0]  	719	8 
[7, 8, 13, 0]  	720	8 
[6, 9, 13, 0]  	724	7 
[10, 22, 1, 0]  	727	8 
[6, 8, 14, 0]  	732	7 
[5, 25, 2, 0]  	732	7 
[19, 0, 12, 0]  	733	8 
[14, 19, 1, 0]  	734	7 
[5, 9, 14, 0]  	736	7 
[7, 25, 1, 0]  	739	7 
[6, 26, 1, 0]  	743	7 
[8, 26, 0, 0]  	750	7 
[5, 11, 13, 0]  	751	7 
[4, 12, 13, 0]  	755	6 
[12, 23, 0, 0]  	757	7 
[6, 28, 0, 0]  	758	7 
[5, 29, 0, 0]  	762	6 
[4, 11, 14, 0]  	763	6 
[10, 25, 0, 0]  	765	7 
[4, 26, 3, 0]  	767	6 
[5, 28, 1, 0]  	770	6 
[4, 14, 12, 0]  	770	6 
[5, 24, 4, 0]  	771	6 
[14, 22, 0, 0]  	772	7 
[4, 29, 1, 0]  	774	6 
[19, 18, 0, 0]  	775	7 
[18, 19, 0, 0]  	779	7 
[5, 15, 11, 0]  	781	6 
[4, 28, 2, 0]  	782	7 
[3, 29, 2, 0]  	786	5 
[5, 18, 9, 0]  	788	6 
[4, 31, 0, 0]  	789	6 
[3, 32, 0, 0]  	793	5 
[5, 21, 7, 0]  	795	6 
[5, 17, 10, 0]  	796	6 
[4, 18, 10, 0]  	800	5 
[3, 31, 1, 0]  	801	5 
[3, 0, 24, 0]  	801	5 
[5, 20, 8, 0]  	803	6 
[3, 15, 13, 0]  	805	5 
[2, 32, 1, 0]  	805	5 
[17, 21, 0, 0]  	806	6 
[4, 25, 5, 0]  	806	6 
[4, 21, 8, 0]  	807	5 
[4, 17, 11, 0]  	808	5 
[5, 23, 6, 0]  	810	6 
[4, 1, 23, 0]  	812	5 
[4, 24, 6, 0]  	814	5 
[4, 20, 9, 0]  	815	5 
[3, 17, 12, 0]  	820	5 
[2, 18, 12, 0]  	824	4 
[4, 7, 19, 0]  	826	5 
[4, 3, 22, 0]  	827	5 
[3, 12, 16, 0]  	829	5 
[3, 4, 22, 0]  	831	4 
[4, 10, 17, 0]  	833	5 
[4, 6, 20, 0]  	834	5 
[3, 11, 17, 0]  	837	5 
[3, 7, 20, 0]  	838	4 
[3, 3, 23, 0]  	839	4 
[4, 9, 18, 0]  	841	5 
[2, 35, 0, 0]  	843	4 
[3, 10, 18, 0]  	845	4 
[3, 6, 21, 0]  	846	4 
[3, 21, 10, 0]  	850	4 
[3, 9, 19, 0]  	853	4 
[3, 28, 5, 0]  	856	5 
[3, 24, 8, 0]  	857	4 
[3, 20, 11, 0]  	858	4 
[2, 29, 5, 0]  	860	4 
[3, 27, 6, 0]  	864	4 
[3, 23, 9, 0]  	865	4 
[2, 28, 6, 0]  	868	4 
[2, 24, 9, 0]  	869	3 
[3, 26, 7, 0]  	872	4 
[2, 4, 24, 0]  	874	4 
[2, 31, 4, 0]  	875	5 
[2, 27, 7, 0]  	876	3 
[2, 15, 16, 0]  	879	4 
[2, 7, 22, 0]  	881	3 
[2, 26, 8, 0]  	884	3 
[2, 14, 17, 0]  	887	4 
[2, 10, 20, 0]  	888	3 
[1, 15, 17, 0]  	891	3 
[2, 13, 18, 0]  	895	3 
[2, 9, 21, 0]  	896	3 
[2, 1, 27, 0]  	898	4 
[1, 14, 18, 0]  	899	3 
[1, 10, 21, 0]  	900	2 
[2, 12, 19, 0]  	903	3 
[2, 0, 28, 0]  	906	4 
[1, 13, 19, 0]  	907	2 
[1, 32, 5, 0]  	910	3 
[1, 12, 20, 0]  	915	2 
[1, 31, 6, 0]  	918	3 
[1, 27, 9, 0]  	919	2 
[1, 30, 7, 0]  	926	2 
[1, 18, 16, 0]  	929	3 
[0, 31, 7, 0]  	930	2 
[1, 29, 8, 0]  	934	2 
[0, 30, 8, 0]  	938	1 
[1, 1, 29, 0]  	941	2 
[1, 24, 12, 0]  	943	3 
[1, 35, 4, 0]  	948	3 
[1, 0, 30, 0]  	949	2 
[0, 1, 30, 0]  	953	1 
[0, 16, 19, 0]  	957	1 
[0, 35, 5, 0]  	960	2 
[0, 0, 31, 0]  	961	1  <--- 3
[1, 41, 0, 0]  	962	2 
[1, 21, 15, 0]  	967	3 
[0, 18, 18, 0]  	972	1 
[1, 4, 28, 0]  	979	2 
[0, 4, 29, 0]  	991	1 
[0, 38, 4, 0]  	998	2 
[0, 21, 17, 0]  	1010	1 
[0, 44, 0, 0]  	1012	2  <--- 2
[1, 7, 27, 0]  	1017	2 
[0, 7, 28, 0]  	1029	1 
[0, 41, 3, 0]  	1036	2 
[0, 24, 16, 0]  	1048	1 
[0, 10, 27, 0]  	1067	1 
[0, 27, 15, 0]  	1086	1 
[0, 13, 26, 0]  	1105	1 
[9, 20, 2, 1]  	693	7 
[16, 20, 0, 1]  	764	7 
[4, 4, 21, 1]  	819	5 
[3, 14, 13, 2]  	782	6 
[4, 23, 7, 2]  	822	5 
[2, 21, 11, 2]  	862	3 
[2, 23, 10, 2]  	877	3 
[1, 38, 0, 2]  	893	3 
[0, 32, 6, 2]  	922	2 
[2, 31, 1, 28]  	782	5 
[3, 9, 18, 28]  	822	4 
[1, 7, 22, 28]  	862	2 
[1, 9, 21, 28]  	877	2 
[0, 1, 29, 28]  	922	1 
[7, 23, 1, 29]  	693	5 
[5, 21, 6, 29]  	764	5 
[4, 24, 5, 29]  	783	4 
[3, 21, 9, 29]  	819	4 
------
The gap is between 3 and 27.
Lengths: 3 3 5 5 3 3.
For 982 = 5*d/2-d1-d2-d3 you get 3 in char 0.
1*x^1*y^23*z^14
1*y^40*z^2
1*y^9*z^25

For 560 = 3*d/2-d1-d2-d3 you get 5 in char 0.
1*x^4*y^17*z^3
1*x^3*y^3*z^14
1*x^2*y^20*z^2
1*x^1*y^6*z^13
1*y^23*z^1

For 138 = d/2-d1-d2-d3 you get 3 in char 0.
1*x^4*z^2
1*x^2*y^3*z^1
1*y^6

Extra powers of p used 0.
The invariant extra is equal to 1.
Start computing 11^3 Delta^1 (x1x2x3)^10... Done.
Start computing 11^4 Delta^2 (x1x2x3)^10... Done.
Start computing 11^5 Delta^3 (x1x2x3)^10... Done.
Start computing 11^6 Delta^4 (x1x2x3)^10... Done.
Start computing 11^7 Delta^5 (x1x2x3)^10... Done.
Start computing 11^8 Delta^6 (x1x2x3)^10... Done.
Start computing 11^9 Delta^7 (x1x2x3)^10... Done.
Start computing aa.
1 2 3 4 5 6 7 8 9 10 11 
*/
A = \
[866815492533889790369120686816,1211535091811756239098330610112,911928315170702261054150918104,40764908960430152009415820774,287501509681697044419794860587,209030118517030561939527264321,829288885799250751218295539709,61744579074046033269559014021,1076086483700707785897891041148,462196677701393483783040460145,1283346759002282547575642582635;\
993484111064284289065976322595,556242444076826334065127823037,573304131030542218402963947345,337448908558591725421754045400,1429881715195339889764324498400,1462322019074497569088385168719,76053411908417157929541712732,925356848227406849610149841487,258595215538983880965465144472,902860857512906932803300853551,312271539837310789743264116167;\
516238251365684689836576907565,906770537708145554148906573650,752727290654220564306256725957,1505077923447631571802392214597,819238876060842380057153607115,51908179795634653869955409195,1319888581422596757539742252225,1583720890468750055362863720615,679614976212183468088864717166,1186270111742971845508077767179,1343588760407133558182009654971;\
1078552892589216638446261904592,1578508526950525117585306082498,63631829686935666439118054668,637879452591767990990549384364,757905608643252126484110602457,267980883606952545903067628016,1428255638924711160752329739576,80785723130724582563867727585,662126495406896835350074174652,1445077429942858146991871623165,518251669786236855715346921293;\
1216527806003929112063821698187,155517824106362659398926063745,1008872419353774301758178596064,366274770049334745365839363071,523074760946915242812199582789,528010890826631636898990318000,1119665061860323449738907282940,1584205502225383920891209511343,1007768731357086764312080021837,1576683254663626351782815943294,1183085231417958487889741223423;\
1514771280289485948391059565952,158204486639481753304626366223,1052834414790532992782883380482,433495603817301058156291875124,155473678436311439338423973189,1359317468297809605758183745064,886170653230204795292666613831,1429338531515364628965224837078,1398094603113954239064511184838,1123728633045240995762421580819,98778745228656330011974007846;\
1120001726436840909166507909029,266447070074382964198296081397,1311791458464845652140982682123,439267287033405291293146976794,285962601222854240168514776273,712530773563782865624297340294,1192471187002757568623974038628,395135108041228959581440320002,72705338401100418380822637842,1558537567300503212948661651053,1042779648950902584264792485511;\
246981876022088856387419943175,730000988946492553593680785216,1375159183685440015300294026576,1401203351834087642556911508731,1205598397194639232998203915199,964379291173254543632627427857,1505691636697035031037253560067,964756183748057115204054901053,991732971509594737200117173691,694011275730650728586087456324,13790972892852295646978709754;\
1552546288468974006508848437773,277467995965208957343067663110,466520406676527884935711871845,857053367014398034156509665502,488752942254882222265026614122,609340358127975411754639335150,531176194723994256442109621220,222533554450011508570762899674,43578869355027431658660273088,1090759506834571074587718451182,721957327436966883390773589472;\
1013764761517018008032175463795,1252461898045642818308189717389,1246872295699161637520553159595,541965722750014601848245120157,1507446261743757220062070986455,652435867984976823936896723939,69091143551270668592616629360,492016549025128853539939632078,1247465869276285855080873210453,1196618990997967389421756119372,699097448192899838922150392950;\
354581776518905968123647686724,1495026138033570376058922307332,1142409237578926563024630359815,545022591592478993459329041101,161041230184795056897361356477,724002162913676468190465426902,1538034637990777753424359879447,631498857277020132230113143410,296902108369214963238415701393,53348036865963956272935105316,1464932133328600802666315240484]
/* 
This should be the matrix of frobenius!
*/ 
B = A; 
/* Freed 166 lists. */
