/* Comments begin... 
Coefficient of   x^21 * y^1               = 0
Coefficient of   x^10 * y^2 * z^6         = 0
Coefficient of   x^8 * y^5 * z^5         = 3
Coefficient of   x^6 * y^8 * z^4         = 1
Coefficient of   x^4 * y^11 * z^3         = -5
Coefficient of   x^2 * y^14 * z^2         = -3
Coefficient of   x^1 * z^13               = -2
Coefficient of   y^17 * z^1               = -3

Here is the polynomial we're using this time:

3*x^8*y^5*z^5 + 1*x^6*y^8*z^4 + -5*x^4*y^11*z^3 + -3*x^2*y^14*z^2 + -2*x^1*z^13 + -3*y^17*z^1

Allocate G_len 20 elements and old = 0.
Allocate M_len = 400 elements.
Allocate G_len 40 elements and old = 20.
Allocate M_len = 800 elements.
Allocate G_len 80 elements and old = 40.
Allocate M_len = 1600 elements.
Allocate M_len = 3200 elements.
Not smooth!
Coefficient of   x^21 * y^1               = -3
Coefficient of   x^10 * y^2 * z^6         = -5
Coefficient of   x^8 * y^5 * z^5         = -5
Coefficient of   x^6 * y^8 * z^4         = 5
Coefficient of   x^4 * y^11 * z^3         = -4
Coefficient of   x^2 * y^14 * z^2         = 2
Coefficient of   x^1 * z^13               = 1
Coefficient of   y^17 * z^1               = -4

Here is the polynomial we're using this time:

-3*x^21*y^1 + -5*x^10*y^2*z^6 + -5*x^8*y^5*z^5 + 5*x^6*y^8*z^4 + -4*x^4*y^11*z^3 + 2*x^2*y^14*z^2 + 1*x^1*z^13 + -4*y^17*z^1

Allocate G_len 160 elements and old = 80.
Allocate M_len = 6400 elements.
Allocate M_len = 12800 elements.
Allocate G_len 320 elements and old = 160.
The final length of G is 162
[10, 2, 5, 0]  	391	7 
[21, 0, 0, 0]  	399	7  <--- 1
[20, 1, 0, 0]  	403	7 
[8, 5, 5, 0]  	422	6 
[8, 8, 4, 0]  	460	7 
[6, 11, 4, 0]  	491	6 
[6, 14, 3, 0]  	529	7 
[5, 0, 15, 0]  	560	6 
[18, 5, 4, 0]  	581	12 
[18, 8, 3, 0]  	619	11 
[11, 0, 14, 0]  	643	10 
[16, 11, 3, 0]  	650	10 
[14, 14, 2, 0]  	650	10 
[18, 11, 2, 0]  	657	10 
[9, 3, 14, 0]  	674	9 
[12, 17, 2, 0]  	681	9 
[15, 0, 13, 0]  	688	9 
[10, 19, 2, 0]  	689	9 
[9, 20, 2, 0]  	693	8 
[18, 14, 1, 0]  	695	9 
[7, 22, 2, 0]  	701	8 
[7, 6, 14, 0]  	705	8 
[8, 23, 1, 0]  	712	8 
[12, 20, 1, 0]  	719	8 
[7, 8, 13, 0]  	720	8 
[6, 9, 13, 0]  	724	7 
[16, 17, 1, 0]  	726	8 
[10, 22, 1, 0]  	727	8 
[6, 8, 14, 0]  	732	7 
[5, 25, 2, 0]  	732	7 
[19, 0, 12, 0]  	733	8 
[14, 19, 1, 0]  	734	8 
[5, 9, 14, 0]  	736	7 
[7, 25, 1, 0]  	739	7 
[6, 26, 1, 0]  	743	7 
[8, 26, 0, 0]  	750	7 
[4, 12, 13, 0]  	755	6 
[12, 23, 0, 0]  	757	7 
[6, 28, 0, 0]  	758	7 
[5, 29, 0, 0]  	762	6 
[4, 11, 14, 0]  	763	6 
[10, 25, 0, 0]  	765	7 
[4, 26, 3, 0]  	767	6 
[5, 28, 1, 0]  	770	6 
[4, 14, 12, 0]  	770	6 
[5, 24, 4, 0]  	771	6 
[14, 22, 0, 0]  	772	7 
[4, 29, 1, 0]  	774	6 
[19, 18, 0, 0]  	775	7 
[18, 19, 0, 0]  	779	7 
[5, 15, 11, 0]  	781	6 
[4, 28, 2, 0]  	782	6 
[3, 14, 13, 0]  	782	6 
[3, 29, 2, 0]  	786	5 
[5, 18, 9, 0]  	788	6 
[4, 31, 0, 0]  	789	6 
[5, 21, 7, 0]  	795	6 
[5, 17, 10, 0]  	796	6 
[4, 18, 10, 0]  	800	5 
[3, 31, 1, 0]  	801	5 
[3, 0, 24, 0]  	801	5 
[5, 20, 8, 0]  	803	6 
[2, 32, 1, 0]  	805	5 
[17, 21, 0, 0]  	806	6 
[4, 25, 5, 0]  	806	6 
[4, 21, 8, 0]  	807	5 
[4, 17, 11, 0]  	808	5 
[5, 23, 6, 0]  	810	6 
[4, 1, 23, 0]  	812	5 
[4, 24, 6, 0]  	814	5 
[4, 20, 9, 0]  	815	5 
[4, 4, 21, 0]  	819	5 
[3, 17, 12, 0]  	820	5 
[4, 23, 7, 0]  	822	5 
[2, 18, 12, 0]  	824	4 
[4, 7, 19, 0]  	826	5 
[4, 3, 22, 0]  	827	5 
[3, 12, 16, 0]  	829	5 
[3, 4, 22, 0]  	831	4 
[4, 10, 17, 0]  	833	5 
[4, 6, 20, 0]  	834	5 
[3, 11, 17, 0]  	837	5 
[3, 7, 20, 0]  	838	4 
[3, 34, 0, 0]  	839	4 
[3, 3, 23, 0]  	839	4 
[4, 9, 18, 0]  	841	5 
[2, 35, 0, 0]  	843	4 
[3, 10, 18, 0]  	845	4 
[3, 6, 21, 0]  	846	4 
[3, 21, 10, 0]  	850	4 
[3, 9, 19, 0]  	853	4 
[3, 28, 5, 0]  	856	5 
[3, 24, 8, 0]  	857	4 
[3, 20, 11, 0]  	858	4 
[2, 29, 5, 0]  	860	4 
[2, 21, 11, 0]  	862	3 
[3, 27, 6, 0]  	864	4 
[3, 23, 9, 0]  	865	4 
[2, 28, 6, 0]  	868	4 
[2, 24, 9, 0]  	869	3 
[3, 26, 7, 0]  	872	4 
[2, 4, 24, 0]  	874	4 
[2, 31, 4, 0]  	875	5 
[2, 27, 7, 0]  	876	3 
[2, 23, 10, 0]  	877	3 
[2, 15, 16, 0]  	879	4 
[2, 7, 22, 0]  	881	3 
[2, 26, 8, 0]  	884	3 
[2, 14, 17, 0]  	887	4 
[2, 10, 20, 0]  	888	3 
[1, 15, 17, 0]  	891	3 
[1, 38, 0, 0]  	893	3 
[2, 13, 18, 0]  	895	3 
[2, 9, 21, 0]  	896	3 
[2, 1, 27, 0]  	898	4 
[1, 14, 18, 0]  	899	3 
[1, 10, 21, 0]  	900	2 
[2, 12, 19, 0]  	903	3 
[2, 0, 28, 0]  	906	4 
[1, 13, 19, 0]  	907	2 
[1, 12, 20, 0]  	915	2 
[1, 31, 6, 0]  	918	3 
[1, 27, 9, 0]  	919	2 
[0, 32, 6, 0]  	922	2 
[1, 30, 7, 0]  	926	2 
[1, 18, 16, 0]  	929	3 
[0, 31, 7, 0]  	930	2 
[1, 29, 8, 0]  	934	2 
[0, 30, 8, 0]  	938	1 
[1, 1, 29, 0]  	941	2 
[1, 24, 12, 0]  	943	3 
[1, 35, 4, 0]  	948	3 
[1, 0, 30, 0]  	949	2 
[0, 1, 30, 0]  	953	1 
[0, 16, 19, 0]  	957	1 
[0, 35, 5, 0]  	960	2 
[0, 0, 31, 0]  	961	1  <--- 3
[1, 21, 15, 0]  	967	3 
[0, 18, 18, 0]  	972	1 
[1, 4, 28, 0]  	979	2 
[0, 4, 29, 0]  	991	1 
[0, 38, 4, 0]  	998	2 
[0, 21, 17, 0]  	1010	1 
[0, 44, 0, 0]  	1012	2  <--- 2
[1, 7, 27, 0]  	1017	2 
[0, 7, 28, 0]  	1029	1 
[0, 41, 3, 0]  	1036	2 
[0, 24, 16, 0]  	1048	1 
[0, 10, 27, 0]  	1067	1 
[0, 27, 15, 0]  	1086	1 
[0, 13, 26, 0]  	1105	1 
[14, 11, 3, 1]  	612	11 
[5, 11, 13, 1]  	751	7 
[16, 20, 0, 1]  	764	7 
[3, 32, 0, 1]  	793	5 
[1, 32, 5, 1]  	910	3 
[12, 14, 2, 29]  	612	10 
[4, 28, 1, 29]  	751	6 
[5, 21, 6, 29]  	764	5 
[4, 24, 5, 29]  	783	4 
[3, 1, 23, 29]  	793	4 
[1, 1, 28, 29]  	910	2 
------
The gap is between 2 and 28.
Lengths: 3 3 5 5 3 3.
For 982 = 5*d/2-d1-d2-d3 you get 3 in char 0.
1*x^1*y^23*z^14
1*y^40*z^2
1*y^9*z^25

For 560 = 3*d/2-d1-d2-d3 you get 5 in char 0.
1*x^4*y^17*z^3
1*x^3*y^3*z^14
1*x^2*y^20*z^2
1*x^1*y^6*z^13
1*y^23*z^1

For 138 = d/2-d1-d2-d3 you get 3 in char 0.
1*x^4*z^2
1*x^2*y^3*z^1
1*y^6

Extra powers of p used 0.
The invariant extra is equal to 1.
Start computing 11^3 Delta^1 (x1x2x3)^10... Done.
Start computing 11^4 Delta^2 (x1x2x3)^10... Done.
Start computing 11^5 Delta^3 (x1x2x3)^10... Done.
Start computing 11^6 Delta^4 (x1x2x3)^10... Done.
Start computing 11^7 Delta^5 (x1x2x3)^10... Done.
Start computing 11^8 Delta^6 (x1x2x3)^10... Done.
Start computing 11^9 Delta^7 (x1x2x3)^10... Done.
Start computing aa.
1 2 3 4 5 6 7 8 9 10 11 
*/
A = \
[198152793732358931409304310611,955658855902536342512612364088,1534171011289706012476883366061,1526003092886586619925178353993,220439022519920976329785322546,761297319980372957477213602722,329384950191830892734603114040,186511899716483974055272454693,912653763410778897121941231553,743586621177610151401826551581,221439327003252262811312947882;\
1395562079984431559112755554424,1269440631182852955818036416673,950860613111539190061990815182,1028946889343442683519120173442,944134945852690866935637480922,47590496769657168853475110975,1585924519608948188207151879452,1524486032268741903914646834433,544997559408446527730846250257,857204504677296927574370021591,1015137041577231872064141333254;\
1391673318436256805431633880702,1030166409650343178602967514028,1229049093873454113751689053160,709672935541942448548349505012,263250851596927857356999324393,279832463557040443661156912653,1479072289896499491858336352989,52581911580554994642598116963,1301720744865318120622594215945,845535451512615822432526963295,1549254864068409534893948111196;\
939369172794047448867772113780,577387580930681131984687193868,1249510285587344117054087855749,1038034703366323560363243014006,1521145655261829469313351878209,1117367857677895177542331600072,229264722956733719628660341549,1329766345588855446523721730579,408016395937062875379139893753,469187931852610511820629382219,1126812362960555987111215439741;\
1451329721461533694720148021370,1025405702136418103311000376088,645660983832439615032810148629,1394384836938092746549001395372,254004443921093112601638025929,1427884358650350631546560928631,515967634602583663022835094255,1133724699395509822242176622054,1533062593561079945419146996421,1226560776165532907694712341576,1249699465448578144085409690641;\
918270741619841466496435144795,415827217627207927170311988452,1317393301363172832204356443984,397638483410448899154435307782,1371950281553048606097583235583,853248332624900191783300681921,984949862006811989475833005327,219237008244517355452017860983,462714174706912422009661762542,384870238176441213658156873805,1376982461477007338308823374346;\
664986800305036907344740434157,803839299491871592674949106756,196227819666243679266347269188,849611937828586675825817822021,1450778194672667218958564528883,337924159777673297597599064850,384792863776727557475852496452,1474112503251849114268795503543,954039665259050706663676794170,220283466511652985504130833744,346169490495568565547845942247;\
1302036179584233658287182120450,1350009847408128657752761940429,1028627851533183629854152939669,562729027005511734863796567321,357628975744677982508044520782,359731617692255634030274839011,1212839665412436913711871869891,1127496059787873992355192446316,1077289502749703425356905656893,241684915365028797558105802296,1350310897468830302743171457540;\
1461681566342507487621899759409,980715332218133180414569296462,282704043391848035690743291009,533123170733906217022173052866,87728783476008878258528627253,1361488781759228925565056816203,81414413520576451624116976399,1222547893410498286227936305977,986852255950799716425136776928,894117350234388053845288720778,58370055941527539252229469481;\
175109171953487575938753734410,1155068355319047591330850001742,795744697427019060068742420687,607402202978037243571828431783,824475350100211149448281373519,1483848327412017710709227266429,1467011504155068658459219876318,659095563186273948135808668910,1341749115258056362592479185958,40258609137372945878242650032,89701772076832620151329992835;\
893809422561583440678482854023,1270669067073119394121449291665,1231387682852083247830824809067,898607447709302844128342918873,1187224723119905276150136934240,1426433949484592105094236644412,523099843723707059143714404244,1159460800407414255563886324878,858429030507851468766419301158,1347874107160139767888775266655,306373368321312644645152412960]
/* 
This should be the matrix of frobenius!
*/ 
B = A; 
/* Freed 166 lists. */
