/* Comments begin... 
Coefficient of   x^21 * y^1               = -3
Coefficient of   x^10 * y^2 * z^6         = 2
Coefficient of   x^8 * y^5 * z^5         = -5
Coefficient of   x^6 * y^8 * z^4         = 1
Coefficient of   x^4 * y^11 * z^3         = -4
Coefficient of   x^2 * y^14 * z^2         = 0
Coefficient of   x^1 * z^13               = -4
Coefficient of   y^17 * z^1               = -3

Here is the polynomial we're using this time:

-3*x^21*y^1 + 2*x^10*y^2*z^6 + -5*x^8*y^5*z^5 + 1*x^6*y^8*z^4 + -4*x^4*y^11*z^3 + -4*x^1*z^13 + -3*y^17*z^1

Allocate G_len 20 elements and old = 0.
Allocate M_len = 400 elements.
Allocate G_len 40 elements and old = 20.
Allocate M_len = 800 elements.
Allocate G_len 80 elements and old = 40.
Allocate M_len = 1600 elements.
Allocate M_len = 3200 elements.
Allocate G_len 160 elements and old = 80.
Allocate M_len = 6400 elements.
Allocate M_len = 12800 elements.
Allocate G_len 320 elements and old = 160.
The final length of G is 168
[10, 2, 5, 0]  	391	6 
[21, 0, 0, 0]  	399	6  <--- 1
[20, 1, 0, 0]  	403	6 
[8, 5, 5, 0]  	422	5 
[8, 8, 4, 0]  	460	7 
[6, 11, 4, 0]  	491	6 
[5, 0, 15, 0]  	560	6 
[18, 5, 4, 0]  	581	10 
[14, 11, 3, 0]  	612	10 
[18, 8, 3, 0]  	619	10 
[12, 14, 3, 0]  	643	9 
[11, 0, 14, 0]  	643	9 
[14, 14, 2, 0]  	650	10 
[18, 11, 2, 0]  	657	9 
[10, 17, 3, 0]  	674	8 
[9, 3, 14, 0]  	674	8 
[15, 0, 13, 0]  	688	8 
[17, 0, 12, 0]  	695	8 
[7, 22, 2, 0]  	701	7 
[8, 20, 3, 0]  	705	7 
[7, 6, 14, 0]  	705	7 
[10, 20, 2, 0]  	712	8 
[8, 23, 1, 0]  	712	8 
[12, 20, 1, 0]  	719	8 
[7, 8, 13, 0]  	720	8 
[6, 9, 13, 0]  	724	6 
[10, 22, 1, 0]  	727	8 
[6, 8, 14, 0]  	732	7 
[5, 25, 2, 0]  	732	7 
[14, 19, 1, 0]  	734	7 
[6, 23, 3, 0]  	736	7 
[5, 9, 14, 0]  	736	7 
[7, 25, 1, 0]  	739	7 
[16, 19, 0, 0]  	741	7 
[6, 26, 1, 0]  	743	7 
[8, 26, 0, 0]  	750	7 
[5, 11, 13, 0]  	751	7 
[4, 12, 13, 0]  	755	6 
[6, 28, 0, 0]  	758	7 
[4, 11, 14, 0]  	763	6 
[10, 25, 0, 0]  	765	7 
[4, 26, 3, 0]  	767	6 
[5, 28, 1, 0]  	770	6 
[4, 14, 12, 0]  	770	6 
[5, 24, 4, 0]  	771	6 
[5, 20, 7, 0]  	772	6 
[4, 29, 1, 0]  	774	6 
[19, 18, 0, 0]  	775	7 
[5, 15, 11, 0]  	781	6 
[4, 28, 2, 0]  	782	6 
[3, 14, 13, 0]  	782	6 
[3, 29, 2, 0]  	786	5 
[5, 18, 9, 0]  	788	6 
[4, 31, 0, 0]  	789	6 
[4, 23, 6, 0]  	791	5 
[3, 32, 0, 0]  	793	5 
[5, 17, 10, 0]  	796	6 
[4, 18, 10, 0]  	800	5 
[3, 31, 1, 0]  	801	5 
[3, 0, 24, 0]  	801	5 
[2, 32, 1, 0]  	805	5 
[4, 25, 5, 0]  	806	6 
[4, 21, 8, 0]  	807	5 
[4, 17, 11, 0]  	808	5 
[4, 1, 23, 0]  	812	5 
[4, 20, 9, 0]  	815	5 
[4, 4, 21, 0]  	819	5 
[3, 17, 12, 0]  	820	5 
[2, 18, 12, 0]  	824	4 
[4, 7, 19, 0]  	826	5 
[4, 3, 22, 0]  	827	5 
[3, 12, 16, 0]  	829	5 
[3, 4, 22, 0]  	831	4 
[4, 10, 17, 0]  	833	5 
[4, 6, 20, 0]  	834	5 
[15, 24, 0, 0]  	837	5 
[3, 11, 17, 0]  	837	5 
[3, 7, 20, 0]  	838	4 
[3, 3, 23, 0]  	839	4 
[4, 9, 18, 0]  	841	5 
[2, 35, 0, 0]  	843	4 
[3, 10, 18, 0]  	845	4 
[3, 6, 21, 0]  	846	4 
[3, 21, 10, 0]  	850	4 
[3, 9, 19, 0]  	853	4 
[3, 28, 5, 0]  	856	5 
[3, 24, 8, 0]  	857	4 
[3, 20, 11, 0]  	858	4 
[2, 29, 5, 0]  	860	4 
[2, 21, 11, 0]  	862	3 
[3, 27, 6, 0]  	864	4 
[3, 23, 9, 0]  	865	4 
[2, 28, 6, 0]  	868	4 
[2, 24, 9, 0]  	869	3 
[2, 31, 4, 0]  	875	5 
[2, 27, 7, 0]  	876	3 
[2, 23, 10, 0]  	877	3 
[2, 15, 16, 0]  	879	4 
[2, 7, 22, 0]  	881	3 
[2, 26, 8, 0]  	884	3 
[2, 14, 17, 0]  	887	4 
[2, 10, 20, 0]  	888	3 
[1, 15, 17, 0]  	891	3 
[1, 38, 0, 0]  	893	3 
[2, 9, 21, 0]  	896	3 
[1, 14, 18, 0]  	899	3 
[1, 10, 21, 0]  	900	2 
[2, 0, 28, 0]  	906	4 
[1, 13, 19, 0]  	907	2 
[1, 32, 5, 0]  	910	3 
[1, 12, 20, 0]  	915	2 
[1, 31, 6, 0]  	918	3 
[1, 27, 9, 0]  	919	2 
[0, 32, 6, 0]  	922	2 
[1, 30, 7, 0]  	926	2 
[1, 18, 16, 0]  	929	3 
[0, 31, 7, 0]  	930	2 
[1, 29, 8, 0]  	934	2 
[0, 30, 8, 0]  	938	1 
[1, 1, 29, 0]  	941	2 
[1, 24, 12, 0]  	943	3 
[1, 35, 4, 0]  	948	3 
[1, 0, 30, 0]  	949	2 
[0, 1, 30, 0]  	953	1 
[0, 16, 19, 0]  	957	1 
[0, 35, 5, 0]  	960	2 
[0, 0, 31, 0]  	961	1  <--- 3
[1, 21, 15, 0]  	967	3 
[0, 18, 18, 0]  	972	1 
[1, 4, 28, 0]  	979	2 
[0, 4, 29, 0]  	991	1 
[0, 38, 4, 0]  	998	2 
[0, 21, 17, 0]  	1010	1 
[0, 44, 0, 0]  	1012	2  <--- 2
[1, 7, 27, 0]  	1017	2 
[0, 7, 28, 0]  	1029	1 
[0, 41, 3, 0]  	1036	2 
[0, 24, 16, 0]  	1048	1 
[0, 10, 27, 0]  	1067	1 
[0, 27, 15, 0]  	1086	1 
[0, 13, 26, 0]  	1105	1 
[6, 14, 3, 1]  	529	7 
[12, 17, 2, 1]  	681	9 
[10, 19, 2, 1]  	689	9 
[9, 20, 2, 1]  	693	7 
[16, 17, 1, 1]  	726	7 
[12, 23, 0, 1]  	757	7 
[5, 29, 0, 1]  	762	6 
[3, 26, 7, 1]  	872	4 
[2, 4, 24, 1]  	874	4 
[2, 13, 18, 1]  	895	3 
[2, 1, 27, 1]  	898	4 
[2, 12, 19, 1]  	903	3 
[5, 0, 14, 29]  	529	5 
[7, 22, 1, 29]  	670	5 
[10, 20, 1, 29]  	681	7 
[6, 8, 13, 29]  	701	6 
[5, 18, 7, 29]  	726	6 
[8, 25, 0, 29]  	727	7 
[4, 21, 6, 29]  	745	4 
[4, 15, 11, 29]  	762	4 
[4, 24, 5, 29]  	783	5 
[4, 7, 18, 29]  	795	5 
[3, 10, 17, 29]  	814	4 
[1, 29, 6, 29]  	872	2 
[1, 21, 12, 29]  	874	3 
[1, 18, 15, 29]  	898	3 
[0, 38, 3, 29]  	967	2 
------
The gap is between 2 and 28.
Lengths: 3 3 5 5 3 4.
For 982 = 5*d/2-d1-d2-d3 you get 3 in char 0.
1*x^1*y^23*z^14
1*y^40*z^2
1*y^9*z^25

For 560 = 3*d/2-d1-d2-d3 you get 5 in char 0.
1*x^4*y^17*z^3
1*x^3*y^3*z^14
1*x^2*y^20*z^2
1*x^1*y^6*z^13
1*y^23*z^1

For 138 = d/2-d1-d2-d3 you get 3 in char 0.
1*x^4*z^2
1*x^2*y^3*z^1
1*y^6

Extra powers of p used 1.
The invariant extra is equal to 1.
Start computing 11^3 Delta^1 (x1x2x3)^10... Done.
Start computing 11^4 Delta^2 (x1x2x3)^10... Done.
Start computing 11^5 Delta^3 (x1x2x3)^10... Done.
Start computing 11^6 Delta^4 (x1x2x3)^10... Done.
Start computing 11^7 Delta^5 (x1x2x3)^10... Done.
Start computing 11^8 Delta^6 (x1x2x3)^10... Done.
Start computing 11^9 Delta^7 (x1x2x3)^10... Done.
Start computing aa.
1 2 3 4 5 6 7 8 9 10 11 
*/
A = \
[1223398451551996477744847942790,710192776263145393380620161034,624567047886920953220574770478,138442731013019074752947433674,152758046869563807182722633609,1418830275244330917310069525028,1047667640360782074808673750262,357741268504971596692865449020,511977507499431284489333430924,11966354298462573848544439668,1263975609555523250278463779109;\
1153582450954778742792820341118,1327065269621551878342348650294,611150493066072508348130166203,1487531742625109358500408746001,192464013246281619881821508198,457902335688296239852530439449,2534948239465761173723304801,350415628830310667236852183692,863135348710230441389260022878,771623716588248663770117543199,124822371292435482437253905412;\
409668971039028522994521842853,1578129977383179627752672079209,248509452154452254692603552968,919935306797537895806502755007,1435853036651500035689176296141,684961412152092015040666179526,20352128547531438150447402459,249673674162069799867900425630,103462901267718496415571228415,1259489600204591052770063376929,1230776554298506849920099154550;\
1314869446154910006926242488266,797719916518189872246737325057,588388409946843160001738478447,833478802046761563023014327292,541246818259704425597570873493,1309735390996358640901298824068,518621138587580624374291822430,52626491015596614036335870763,1304356781282558596767784651503,1341811187912524593382397394137,505680862504858017358717292748;\
1474029113276810914172792261954,949724450265865811078571540747,1137782589228381089386378953590,449666459834749609888926787627,765431645466587337615259282257,970947400965383324059255211533,282928094850217625440350756257,965216663454324195790161458326,642794029684030071496125720001,1156539558932314548683483990308,1374649458109759657665777442703;\
444272958580620875881192825408,1173990883391143988042888876330,902533904521438237178306186679,603462317212622889164059926152,741564328317124830110468107672,921613835518081614740244578957,530000595404931116364426641025,334044024450981882290078656501,1545910090905529502112000841987,321765821265716161630334002954,1376604135965051048114405948316;\
974947360995179050246060664886,623403387635980572319136651437,741865764284470689994905603586,1305466150322395232663737758843,347896942065800464175764737218,108697688899899416988560953899,705393559359631171121046290336,191495851985416149032180392931,1354491717586803866583306713843,1543667478725913315354407800588,912201203104333615740878788089;\
389398534114386236049248973554,267991303303078806335190389864,1373701595501618103319163321614,425371853226478626976997369804,1446604041751152357229195813609,589638659253526107848004500866,1418403582493469219952764484519,20818165484602705711150155420,1121961661270682072448585981993,1498927414159785810041688119020,567378105803780698767939249024;\
1067152228020551111788347032810,1133345767076250795339049373551,648077581822858625672051731257,871205786115275092603526650234,408922003558944592748867265694,725531399858309786067543375323,179661564457644189372838420034,786144860777721794751543333390,286302268013725223757558674085,702157965017009335792774608528,332157581656642905230811495466;\
1565662903202276042284458010971,206953326581565192653743489340,996834276271776109353411849916,1206909840885079904865184757953,151271901231669304001029318072,552097545388079834233196920572,292545024444610792969550553898,457055586182591987761929992937,581812233162211314475175446945,226062874872553778167806769654,1275429848441627459441962993683;\
39406277956478733253495220573,914068411022818645153723298380,393143626086316371725859836339,1349642650630443383061628504757,123905273283652528733761275140,943011762900661668142951873928,1419248742643416173919127522220,235175762496024357779784717056,1077687848671398029701656103908,850325958557255080736844108804,1432765269795940049609175655636]
/* 
This matrix times 11^(-1) should be the matrix of frobenius.
*/ 
B = 11^(-1) * A; 
/* Freed 166 lists. */
