/* Comments begin... 
Coefficient of   x^21 * y^1               = 1
Coefficient of   x^10 * y^2 * z^6         = 3
Coefficient of   x^8 * y^5 * z^5         = 3
Coefficient of   x^6 * y^8 * z^4         = -3
Coefficient of   x^4 * y^11 * z^3         = 5
Coefficient of   x^2 * y^14 * z^2         = 1
Coefficient of   x^1 * z^13               = -1
Coefficient of   y^17 * z^1               = 5

Here is the polynomial we're using this time:

1*x^21*y^1 + 3*x^10*y^2*z^6 + 3*x^8*y^5*z^5 + -3*x^6*y^8*z^4 + 5*x^4*y^11*z^3 + 1*x^2*y^14*z^2 + -1*x^1*z^13 + 5*y^17*z^1

Allocate G_len 20 elements and old = 0.
Allocate M_len = 400 elements.
Allocate G_len 40 elements and old = 20.
Allocate M_len = 800 elements.
Allocate G_len 80 elements and old = 40.
Allocate M_len = 1600 elements.
Allocate M_len = 3200 elements.
Allocate G_len 160 elements and old = 80.
Allocate M_len = 6400 elements.
Allocate M_len = 12800 elements.
Allocate G_len 320 elements and old = 160.
Allocate M_len = 25600 elements.
The final length of G is 208
[10, 2, 5, 0]  	391	7 
[21, 0, 0, 0]  	399	7  <--- 1
[20, 1, 0, 0]  	403	7 
[8, 5, 5, 0]  	422	6 
[8, 8, 4, 0]  	460	7 
[18, 5, 4, 0]  	581	12 
[7, 0, 15, 0]  	598	8 
[14, 11, 3, 0]  	612	11 
[18, 8, 3, 0]  	619	11 
[12, 14, 3, 0]  	643	10 
[11, 0, 14, 0]  	643	10 
[14, 14, 2, 0]  	650	10 
[18, 11, 2, 0]  	657	11 
[10, 17, 3, 0]  	674	9 
[9, 3, 14, 0]  	674	9 
[12, 17, 2, 0]  	681	9 
[15, 0, 13, 0]  	688	10 
[10, 19, 2, 0]  	689	9 
[9, 20, 2, 0]  	693	8 
[18, 14, 1, 0]  	695	10 
[9, 19, 3, 0]  	701	8 
[7, 22, 2, 0]  	701	8 
[8, 20, 3, 0]  	705	8 
[7, 6, 14, 0]  	705	8 
[8, 23, 1, 0]  	712	8 
[12, 20, 1, 0]  	719	9 
[7, 8, 13, 0]  	720	8 
[6, 9, 13, 0]  	724	7 
[16, 17, 1, 0]  	726	9 
[10, 22, 1, 0]  	727	9 
[6, 8, 14, 0]  	732	7 
[19, 0, 12, 0]  	733	10 
[14, 19, 1, 0]  	734	10 
[6, 23, 3, 0]  	736	7 
[5, 9, 14, 0]  	736	7 
[7, 25, 1, 0]  	739	8 
[6, 26, 1, 0]  	743	7 
[8, 26, 0, 0]  	750	8 
[6, 25, 2, 0]  	751	7 
[5, 11, 13, 0]  	751	7 
[5, 26, 2, 0]  	755	6 
[4, 12, 13, 0]  	755	6 
[12, 23, 0, 0]  	757	9 
[7, 11, 12, 0]  	758	8 
[6, 12, 12, 0]  	762	7 
[4, 11, 14, 0]  	763	6 
[10, 25, 0, 0]  	765	9 
[5, 28, 1, 0]  	770	7 
[7, 21, 5, 0]  	771	7 
[6, 7, 16, 0]  	771	7 
[14, 22, 0, 0]  	772	9 
[4, 29, 1, 0]  	774	6 
[19, 18, 0, 0]  	775	9 
[7, 28, 0, 0]  	777	8 
[18, 19, 0, 0]  	779	9 
[6, 29, 0, 0]  	781	7 
[3, 14, 13, 0]  	782	6 
[6, 1, 21, 0]  	788	7 
[5, 14, 12, 0]  	789	7 
[4, 15, 12, 0]  	793	6 
[7, 18, 8, 0]  	795	6 
[6, 4, 19, 0]  	795	7 
[7, 14, 11, 0]  	796	7 
[6, 0, 22, 0]  	796	7 
[6, 15, 11, 0]  	800	6 
[5, 1, 22, 0]  	800	6 
[3, 0, 24, 0]  	801	5 
[7, 17, 9, 0]  	803	7 
[6, 3, 20, 0]  	803	7 
[17, 21, 0, 0]  	806	7 
[6, 22, 6, 0]  	806	7 
[5, 8, 17, 0]  	806	7 
[6, 18, 9, 0]  	807	6 
[5, 4, 20, 0]  	807	6 
[5, 31, 0, 0]  	808	6 
[5, 0, 23, 0]  	808	6 
[7, 20, 7, 0]  	810	6 
[6, 6, 18, 0]  	810	7 
[4, 32, 0, 0]  	812	5 
[4, 1, 23, 0]  	812	5 
[6, 21, 7, 0]  	814	6 
[5, 7, 18, 0]  	814	6 
[6, 17, 10, 0]  	815	6 
[5, 3, 21, 0]  	815	6 
[5, 18, 10, 0]  	819	5 
[4, 4, 21, 0]  	819	5 
[3, 17, 12, 0]  	820	5 
[5, 6, 19, 0]  	822	6 
[2, 18, 12, 0]  	824	4 
[5, 21, 8, 0]  	826	5 
[4, 7, 19, 0]  	826	5 
[5, 17, 11, 0]  	827	5 
[4, 3, 22, 0]  	827	5 
[4, 26, 5, 0]  	829	5 
[3, 12, 16, 0]  	829	5 
[4, 18, 11, 0]  	831	4 
[3, 4, 22, 0]  	831	4 
[5, 24, 6, 0]  	833	5 
[4, 10, 17, 0]  	833	5 
[5, 20, 9, 0]  	834	5 
[4, 6, 20, 0]  	834	5 
[4, 25, 6, 0]  	837	5 
[3, 11, 17, 0]  	837	5 
[3, 7, 20, 0]  	838	4 
[3, 3, 23, 0]  	839	4 
[5, 23, 7, 0]  	841	5 
[4, 9, 18, 0]  	841	5 
[2, 35, 0, 0]  	843	4 
[4, 24, 7, 0]  	845	4 
[3, 10, 18, 0]  	845	4 
[3, 6, 21, 0]  	846	4 
[4, 23, 8, 0]  	853	4 
[3, 9, 19, 0]  	853	4 
[3, 24, 8, 0]  	857	4 
[3, 20, 11, 0]  	858	4 
[2, 21, 11, 0]  	862	3 
[3, 27, 6, 0]  	864	4 
[3, 23, 9, 0]  	865	4 
[2, 28, 6, 0]  	868	4 
[2, 24, 9, 0]  	869	3 
[3, 26, 7, 0]  	872	4 
[2, 4, 24, 0]  	874	4 
[2, 27, 7, 0]  	876	3 
[2, 23, 10, 0]  	877	3 
[2, 15, 16, 0]  	879	4 
[2, 7, 22, 0]  	881	3 
[2, 26, 8, 0]  	884	3 
[2, 14, 17, 0]  	887	4 
[2, 10, 20, 0]  	888	3 
[1, 38, 0, 0]  	893	3 
[2, 13, 18, 0]  	895	3 
[2, 9, 21, 0]  	896	3 
[2, 1, 27, 0]  	898	4 
[1, 14, 18, 0]  	899	3 
[1, 10, 21, 0]  	900	2 
[2, 12, 19, 0]  	903	3 
[2, 0, 28, 0]  	906	4 
[1, 13, 19, 0]  	907	2 
[1, 12, 20, 0]  	915	2 
[1, 31, 6, 0]  	918	3 
[1, 27, 9, 0]  	919	2 
[1, 30, 7, 0]  	926	2 
[1, 18, 16, 0]  	929	3 
[0, 31, 7, 0]  	930	2 
[1, 29, 8, 0]  	934	2 
[0, 30, 8, 0]  	938	1 
[1, 1, 29, 0]  	941	2 
[1, 24, 12, 0]  	943	3 
[1, 35, 4, 0]  	948	3 
[1, 0, 30, 0]  	949	2 
[0, 1, 30, 0]  	953	1 
[0, 16, 19, 0]  	957	1 
[0, 0, 31, 0]  	961	1  <--- 3
[1, 21, 15, 0]  	967	3 
[0, 18, 18, 0]  	972	1 
[1, 4, 28, 0]  	979	2 
[0, 35, 6, 0]  	991	1 
[0, 4, 29, 0]  	991	1 
[0, 21, 17, 0]  	1010	1 
[0, 44, 0, 0]  	1012	2  <--- 2
[1, 7, 27, 0]  	1017	2 
[0, 38, 5, 0]  	1029	1 
[0, 7, 28, 0]  	1029	1 
[0, 41, 3, 0]  	1036	2 
[0, 24, 16, 0]  	1048	1 
[0, 10, 27, 0]  	1067	1 
[0, 27, 15, 0]  	1086	1 
[0, 13, 26, 0]  	1105	1 
[4, 14, 3, 1]  	491	5 
[5, 25, 2, 1]  	732	7 
[16, 20, 0, 1]  	764	9 
[4, 28, 2, 1]  	782	6 
[3, 29, 2, 1]  	786	5 
[4, 31, 0, 1]  	789	6 
[3, 32, 0, 1]  	793	5 
[3, 31, 1, 1]  	801	5 
[3, 21, 10, 1]  	850	4 
[3, 28, 5, 1]  	856	5 
[2, 29, 5, 1]  	860	4 
[1, 15, 17, 1]  	891	3 
[2, 32, 4, 1]  	898	4 
[1, 32, 5, 1]  	910	3 
[0, 32, 6, 1]  	922	2 
[0, 38, 4, 1]  	998	2 
[2, 32, 1, 2]  	805	5 
[2, 31, 4, 2]  	875	5 
[0, 35, 5, 2]  	960	2 
[6, 4, 18, 28]  	764	6 
[5, 7, 17, 28]  	783	5 
[4, 4, 20, 28]  	788	5 
[2, 1, 24, 28]  	805	4 
[3, 9, 18, 28]  	822	4 
[2, 0, 27, 28]  	875	4 
[0, 4, 28, 28]  	960	1 
[3, 0, 14, 29]  	491	4 
[9, 19, 2, 29]  	670	7 
[4, 11, 13, 29]  	732	6 
[2, 14, 13, 29]  	763	4 
[2, 0, 24, 29]  	782	3 
[2, 17, 12, 29]  	801	4 
[1, 35, 0, 29]  	824	3 
[2, 24, 8, 29]  	838	3 
[2, 20, 11, 29]  	839	3 
[2, 23, 9, 29]  	846	3 
[2, 7, 21, 29]  	850	3 
[0, 1, 27, 29]  	860	1 
[1, 10, 20, 29]  	869	2 
[1, 18, 15, 29]  	898	2 
------
The gap is between 3 and 27.
Lengths: 3 3 5 7 3 3.
For 982 = 5*d/2-d1-d2-d3 you get 3 in char 0.
1*x^1*y^23*z^14
1*y^40*z^2
1*y^9*z^25

For 560 = 3*d/2-d1-d2-d3 you get 5 in char 0.
1*x^5*z^15
1*x^3*y^3*z^14
1*x^2*y^20*z^2
1*x^1*y^6*z^13
1*y^23*z^1

For 138 = d/2-d1-d2-d3 you get 3 in char 0.
1*x^4*z^2
1*x^2*y^3*z^1
1*y^6

Extra powers of p used 2.
The invariant extra is equal to 1.
Start computing 11^3 Delta^1 (x1x2x3)^10... Done.
Start computing 11^4 Delta^2 (x1x2x3)^10... Done.
Start computing 11^5 Delta^3 (x1x2x3)^10... Done.
Start computing 11^6 Delta^4 (x1x2x3)^10... Done.
Start computing 11^7 Delta^5 (x1x2x3)^10... Done.
Start computing 11^8 Delta^6 (x1x2x3)^10... Done.
Start computing 11^9 Delta^7 (x1x2x3)^10... Done.
Start computing aa.
1 2 3 4 5 6 7 8 9 10 11 
*/
A = \
[30928178174655145121496626450,201115979272902133544831730168,1450804946311222850658302990173,1292819393029520255422025842724,1458647272808697565838735884294,691596481875013037477469575282,934743447647761416308218546488,1396615926628952230862082995419,1284384534588718509003726317792,575952331081708367231888551273,744609361945587175154044555001;\
1281456633395450908752245663928,487965918796043827047471841091,546788411891470250006983685867,1125727009743560986903262917972,697261695739021715626962649737,1291883435180105638458897439306,1449947757037878354829442820412,1527296441361026691851552127720,1381050750542346983110599493697,93989696991965209315725719622,1059268885211683318324109227105;\
1130038126764520015397562288158,868322799174044730918298788232,1188083068410940144702522655843,1385095202912244183734974852010,449207735614000330016969290877,1559898490962858713430441157491,1459345342210982866340144028090,2962500568899605352336346343,493322011225873004140916767025,406921968502568936673247703987,1566860797000445299654449556419;\
146612298622111224639015371235,156156499782084925172019964015,986071505995660086938248536729,1077714301423315661065955901797,1030068431698633246199709067562,1061355120192397134570469532144,192810905366762335039798773857,333793804264183600522216543578,1295015387940761339423198169498,681217643240144509760331972286,129986442610168977829225324282;\
1065870370304872994068080523555,744236964696458809106385857584,654827008921052456874618509603,584193474804101938050075270591,843636329746806731653932787560,111711750749804014201167861558,1160023010336138789037947481259,212426833948417812122160683735,1314156698144481716211564621293,152942279563262676098367613528,997117743369364148275046466174;\
634180838534587981212329573491,965387660576478864623857177744,612624883905039503591453547739,1157714600028876721550642710435,311471145181414945280578571074,587815604608328716962173154213,1196185324935080177410271292063,203906683306715129403350903941,1331002929233311340596337852896,574478017734822028204137078901,1434568526782105389912297225748;\
417752869310068972520248859218,1409052427659522928014914942778,1047821923394511295110574289781,612494782379956722204063256129,1089079680176501369710848554159,557105142874507634663495012730,1271617921321451327300402386837,1170672315158931669362143609040,233093595102970677629405253204,355336510730002786309944898675,1021682679203997287363637004133;\
1212562987431921304744912139820,356434306860751795154575154054,901212094275091684724666218498,343380328066271552571800735978,1216760082650395965967919941384,423472364412270820750055153916,287807250189328380335772735689,179770025881444608419665927346,363987204293210050867843242087,90088854170609124454326430013,287491057811346658205344758713;\
1380609627645883678540866402110,275013180142391582350392819512,1015705505201807360155713745984,158328289156124719961457064805,355834600364393166054331913620,1546648365479787463385857833292,68115573228808456956720205299,1042853026554050728087872105624,1256804057660888850806160384664,532532850854148233461707535266,367495924806188927958345981581;\
1477117421967424333046340355573,25421154748216280323489451608,364715142697235916958353114051,924866750169633131725609132410,214120468002609134547398851011,1217664315217786511758741449655,340667755840445566337493626762,1528558895619511888576010704533,799007114798802790654518434151,1191157856777426868515656708006,1508231809641044822650197522311;\
523343403929422228551955027813,418705517896226208800143169486,1239467940326903431002073998816,1511760193888433239992889561738,354685690762207177240705047595,1249560614560430549515714415323,683388167916839241673746120620,771063387990487727895724991851,619709767376483723690130918769,665522045697125918742573187231,1428636546447612118561676795217]
/* 
This matrix times 11^(-2) should be the matrix of frobenius.
*/ 
B = 11^(-2) * A; 
/* Freed 167 lists. */
