/* Comments begin... 
Coefficient of   x^21 * y^1               = 4
Coefficient of   x^10 * y^2 * z^6         = -4
Coefficient of   x^8 * y^5 * z^5         = -5
Coefficient of   x^6 * y^8 * z^4         = 1
Coefficient of   x^4 * y^11 * z^3         = -4
Coefficient of   x^2 * y^14 * z^2         = -3
Coefficient of   x^1 * z^13               = 2
Coefficient of   y^17 * z^1               = 0

Here is the polynomial we're using this time:

4*x^21*y^1 + -4*x^10*y^2*z^6 + -5*x^8*y^5*z^5 + 1*x^6*y^8*z^4 + -4*x^4*y^11*z^3 + -3*x^2*y^14*z^2 + 2*x^1*z^13

Allocate G_len 20 elements and old = 0.
Allocate M_len = 400 elements.
Allocate G_len 40 elements and old = 20.
Allocate M_len = 800 elements.
Allocate G_len 80 elements and old = 40.
Allocate M_len = 1600 elements.
Allocate M_len = 3200 elements.
Allocate G_len 160 elements and old = 80.
Allocate M_len = 6400 elements.
Allocate M_len = 12800 elements.
Not smooth!
Coefficient of   x^21 * y^1               = -5
Coefficient of   x^10 * y^2 * z^6         = 5
Coefficient of   x^8 * y^5 * z^5         = -1
Coefficient of   x^6 * y^8 * z^4         = 1
Coefficient of   x^4 * y^11 * z^3         = -2
Coefficient of   x^2 * y^14 * z^2         = -4
Coefficient of   x^1 * z^13               = 5
Coefficient of   y^17 * z^1               = 4

Here is the polynomial we're using this time:

-5*x^21*y^1 + 5*x^10*y^2*z^6 + -1*x^8*y^5*z^5 + 1*x^6*y^8*z^4 + -2*x^4*y^11*z^3 + -4*x^2*y^14*z^2 + 5*x^1*z^13 + 4*y^17*z^1

Allocate G_len 320 elements and old = 160.
Allocate M_len = 25600 elements.
The final length of G is 186
[10, 2, 5, 0]  	391	7 
[21, 0, 0, 0]  	399	7  <--- 1
[20, 1, 0, 0]  	403	7 
[8, 5, 5, 0]  	422	6 
[6, 14, 3, 0]  	529	7 
[18, 5, 4, 0]  	581	12 
[16, 8, 4, 0]  	612	12 
[18, 8, 3, 0]  	619	11 
[7, 0, 16, 0]  	629	7 
[14, 11, 4, 0]  	643	11 
[16, 11, 3, 0]  	650	10 
[14, 14, 2, 0]  	650	10 
[18, 11, 2, 0]  	657	11 
[11, 0, 15, 0]  	674	10 
[13, 0, 14, 0]  	681	9 
[12, 17, 2, 0]  	681	9 
[15, 0, 13, 0]  	688	9 
[10, 19, 2, 0]  	689	9 
[9, 20, 2, 0]  	693	8 
[18, 14, 1, 0]  	695	10 
[7, 22, 2, 0]  	701	8 
[9, 3, 15, 0]  	705	9 
[8, 23, 1, 0]  	712	8 
[7, 8, 13, 0]  	720	8 
[6, 9, 13, 0]  	724	7 
[16, 17, 1, 0]  	726	9 
[10, 22, 1, 0]  	727	9 
[6, 8, 14, 0]  	732	7 
[5, 25, 2, 0]  	732	7 
[19, 0, 12, 0]  	733	9 
[14, 19, 1, 0]  	734	9 
[7, 6, 15, 0]  	736	8 
[7, 25, 1, 0]  	739	8 
[6, 26, 1, 0]  	743	7 
[8, 26, 0, 0]  	750	8 
[5, 11, 13, 0]  	751	7 
[4, 12, 13, 0]  	755	6 
[12, 23, 0, 0]  	757	8 
[7, 11, 12, 0]  	758	8 
[6, 12, 12, 0]  	762	7 
[4, 11, 14, 0]  	763	6 
[10, 25, 0, 0]  	765	8 
[5, 9, 15, 0]  	767	6 
[4, 26, 3, 0]  	767	6 
[5, 28, 1, 0]  	770	6 
[4, 14, 12, 0]  	770	6 
[6, 7, 16, 0]  	771	6 
[5, 24, 4, 0]  	771	6 
[14, 22, 0, 0]  	772	8 
[4, 29, 1, 0]  	774	6 
[19, 18, 0, 0]  	775	8 
[7, 28, 0, 0]  	777	7 
[18, 19, 0, 0]  	779	8 
[6, 29, 0, 0]  	781	6 
[5, 15, 11, 0]  	781	6 
[4, 28, 2, 0]  	782	6 
[3, 14, 13, 0]  	782	6 
[3, 29, 2, 0]  	786	5 
[6, 1, 21, 0]  	788	6 
[5, 18, 9, 0]  	788	6 
[4, 31, 0, 0]  	789	6 
[3, 32, 0, 0]  	793	5 
[6, 4, 19, 0]  	795	6 
[5, 21, 7, 0]  	795	6 
[5, 17, 10, 0]  	796	6 
[5, 1, 22, 0]  	800	5 
[4, 18, 10, 0]  	800	5 
[3, 31, 1, 0]  	801	5 
[3, 0, 24, 0]  	801	5 
[6, 3, 20, 0]  	803	6 
[5, 20, 8, 0]  	803	6 
[2, 32, 1, 0]  	805	5 
[17, 21, 0, 0]  	806	6 
[5, 8, 17, 0]  	806	6 
[4, 25, 5, 0]  	806	6 
[5, 4, 20, 0]  	807	5 
[4, 21, 8, 0]  	807	5 
[5, 0, 23, 0]  	808	5 
[4, 17, 11, 0]  	808	5 
[6, 6, 18, 0]  	810	6 
[5, 23, 6, 0]  	810	6 
[4, 1, 23, 0]  	812	5 
[5, 7, 18, 0]  	814	5 
[4, 24, 6, 0]  	814	5 
[5, 3, 21, 0]  	815	5 
[4, 20, 9, 0]  	815	5 
[4, 4, 21, 0]  	819	5 
[3, 17, 12, 0]  	820	5 
[4, 23, 7, 0]  	822	5 
[2, 18, 12, 0]  	824	4 
[4, 7, 19, 0]  	826	5 
[4, 3, 22, 0]  	827	5 
[3, 12, 16, 0]  	829	5 
[3, 4, 22, 0]  	831	4 
[4, 10, 17, 0]  	833	5 
[4, 6, 20, 0]  	834	5 
[3, 11, 17, 0]  	837	5 
[3, 7, 20, 0]  	838	4 
[3, 3, 23, 0]  	839	4 
[4, 9, 18, 0]  	841	5 
[2, 35, 0, 0]  	843	4 
[3, 10, 18, 0]  	845	4 
[3, 6, 21, 0]  	846	4 
[3, 21, 10, 0]  	850	4 
[3, 9, 19, 0]  	853	4 
[3, 28, 5, 0]  	856	5 
[3, 20, 11, 0]  	858	4 
[2, 29, 5, 0]  	860	4 
[2, 21, 11, 0]  	862	3 
[3, 27, 6, 0]  	864	4 
[3, 23, 9, 0]  	865	4 
[2, 28, 6, 0]  	868	4 
[2, 24, 9, 0]  	869	3 
[3, 26, 7, 0]  	872	4 
[2, 4, 24, 0]  	874	4 
[2, 31, 4, 0]  	875	5 
[2, 27, 7, 0]  	876	3 
[2, 23, 10, 0]  	877	3 
[2, 15, 16, 0]  	879	4 
[2, 7, 22, 0]  	881	3 
[2, 26, 8, 0]  	884	3 
[2, 14, 17, 0]  	887	4 
[2, 10, 20, 0]  	888	3 
[1, 15, 17, 0]  	891	3 
[1, 38, 0, 0]  	893	3 
[2, 13, 18, 0]  	895	3 
[2, 9, 21, 0]  	896	3 
[2, 1, 27, 0]  	898	4 
[1, 14, 18, 0]  	899	3 
[1, 10, 21, 0]  	900	2 
[2, 12, 19, 0]  	903	3 
[2, 0, 28, 0]  	906	4 
[1, 13, 19, 0]  	907	2 
[1, 32, 5, 0]  	910	3 
[1, 12, 20, 0]  	915	2 
[1, 31, 6, 0]  	918	3 
[1, 27, 9, 0]  	919	2 
[0, 32, 6, 0]  	922	2 
[1, 30, 7, 0]  	926	2 
[1, 18, 16, 0]  	929	3 
[0, 31, 7, 0]  	930	2 
[1, 29, 8, 0]  	934	2 
[0, 30, 8, 0]  	938	1 
[1, 1, 29, 0]  	941	2 
[1, 24, 12, 0]  	943	3 
[1, 35, 4, 0]  	948	3 
[1, 0, 30, 0]  	949	2 
[0, 1, 30, 0]  	953	1 
[0, 16, 19, 0]  	957	1 
[0, 35, 5, 0]  	960	2 
[0, 0, 31, 0]  	961	1  <--- 3
[1, 21, 15, 0]  	967	3 
[0, 18, 18, 0]  	972	1 
[1, 4, 28, 0]  	979	2 
[0, 4, 29, 0]  	991	1 
[0, 38, 4, 0]  	998	2 
[0, 21, 17, 0]  	1010	1 
[0, 44, 0, 0]  	1012	2  <--- 2
[1, 7, 27, 0]  	1017	2 
[0, 7, 28, 0]  	1029	1 
[0, 41, 3, 0]  	1036	2 
[0, 24, 16, 0]  	1048	1 
[0, 10, 27, 0]  	1067	1 
[0, 27, 15, 0]  	1086	1 
[0, 13, 26, 0]  	1105	1 
[8, 8, 4, 1]  	460	7 
[6, 11, 4, 1]  	491	6 
[5, 0, 15, 1]  	560	6 
[14, 11, 3, 1]  	612	11 
[9, 3, 14, 1]  	674	9 
[7, 6, 14, 1]  	705	8 
[12, 20, 1, 1]  	719	9 
[5, 9, 14, 1]  	736	7 
[6, 28, 0, 1]  	758	7 
[5, 29, 0, 1]  	762	6 
[16, 20, 0, 1]  	764	8 
[3, 24, 8, 1]  	857	4 
[11, 0, 14, 2]  	643	10 
[10, 17, 2, 28]  	643	9 
[5, 21, 6, 28]  	764	6 
[4, 24, 5, 28]  	783	5 
[4, 14, 2, 29]  	460	5 
[10, 23, 0, 29]  	719	7 
[4, 3, 21, 29]  	796	4 
[3, 9, 18, 29]  	822	3 
[2, 10, 19, 29]  	857	3 
------
The gap is between 3 and 27.
Lengths: 3 3 5 6 3 3.
For 982 = 5*d/2-d1-d2-d3 you get 3 in char 0.
1*x^1*y^23*z^14
1*y^40*z^2
1*y^9*z^25

For 560 = 3*d/2-d1-d2-d3 you get 5 in char 0.
1*x^4*y^17*z^3
1*x^3*y^3*z^14
1*x^2*y^20*z^2
1*x^1*y^6*z^13
1*y^23*z^1

For 138 = d/2-d1-d2-d3 you get 3 in char 0.
1*x^4*z^2
1*x^2*y^3*z^1
1*y^6

Extra powers of p used 1.
The invariant extra is equal to 1.
Start computing 11^3 Delta^1 (x1x2x3)^10... Done.
Start computing 11^4 Delta^2 (x1x2x3)^10... Done.
Start computing 11^5 Delta^3 (x1x2x3)^10... Done.
Start computing 11^6 Delta^4 (x1x2x3)^10... Done.
Start computing 11^7 Delta^5 (x1x2x3)^10... Done.
Start computing 11^8 Delta^6 (x1x2x3)^10... Done.
Start computing 11^9 Delta^7 (x1x2x3)^10... Done.
Start computing aa.
1 2 3 4 5 6 7 8 9 10 11 
*/
A = \
[310946895584056187621674360434,1483152677963503934523911626852,1586292008339526711941391453406,537844257397722653653357211503,802484026150730099942707570211,510042450577176907936573657861,1010098704773172477105344303305,375940899544689376689795122196,121635335044603618098381520318,1190699591287966072271094595294,5511785208035516038149654298;\
425543987949474120405890765202,1269843159999157568601648789676,340016345905334513507019567057,142339518035845350108679930942,136616107768796428188651712708,1240101953574625598485442017923,1505711328469552323357617228773,949984684984895141368535530716,871420493632063636950897266883,247879514484263212569626709519,1439173997760228421374508600016;\
6037719627029808384716591630,1499177330471495888553063267731,296154587036638517371593104553,631149665283452872561496660355,715013973869054536209058821284,1020986231192163073232910904169,840272533329189866394084750110,180314159795503304585140908232,828127895416820162124516248451,1030399523193764018086438036940,1574287574882372010511832656301;\
14036369107202401333331669121,31762309662813631759776410994,1126205789404231672344606851338,324195867644978032368308422625,1028884228642185473019139227770,818116899952933645310851555907,1214368102373081713614525752839,933536016266505780503494940326,389047253962622793986311784063,632272928767070184080336693085,469330092027263242098857530777;\
324982669468685335016368840287,885167554775016702697946501621,59770946366946300043318857315,964147106040345637626136297531,100399696609766555036008562094,19063991168487989123751020835,1086974960682949965119450279619,919803833595397516938703351634,1032189086339009683298117794418,488948691421863965657169785222,565279945146141419052291836887;\
1185902640681932654394432055309,1495950549231725279810023390205,1232140468013658539201063816481,1484988538589730385708266674443,640135947834711217475977199072,385681012447551942546222928273,476758821170400214403909431271,832491756336801019560972856370,1450775994588988380220732122650,863558011416703326377484235449,1109706736821960599834038354234;\
449662899957035695427704499013,499790304117110350418314051139,680596363429501479532979988320,1325362887562809313204559757723,1455697555896551303002984992477,14429086213979998448312617401,532846665124419148469910576721,798142020547763020390757051468,942588168933994362596407907734,531672337501198195020035768000,281775441429156611459160931766;\
592923904762134570690146968298,1327097537645130077330152171146,730476582070196267104239159157,284282747288123620073587826529,597607715249565856618597786961,716286716326457342586230211886,83713296245865016100198114143,767793792580357979120140363391,1058092821703114658635692222408,497559348547220863403814420150,27463693005458536601689890811;\
809179661156131102332122787885,607874746973125279738287532247,339440794499697507274720274223,1313846843916314505273590497405,84705148203527067026652554603,1083339226908274645048682430598,729837988723936440211869787309,298790466842476628409189851018,1248013670964202886156019956206,109231378522641640703055790018,597243971056913548272856902247;\
1138674785583668994288207270649,1217409423871479475589677982852,327593400598955397034852584491,554861082410977146524590075942,357254380393681480630330072377,501187794831116720418804827686,465272833525805255786032855020,435426611535046493728625269340,1485508687245459387569956833573,680916266901129850216345293860,428190501581183853245827643704;\
466184707480630642092118638265,172375890742379877450121742910,92099120289077332628304005520,1281721117526753044548009696236,1417796877044031292883074241560,108180396241864192865533357256,232690372845657402597221285227,430173683904274005878786555611,63061657709683245525924078848,920964333256984227232119163307,67010048712308957098410505697]
/* 
This matrix times 11^(-1) should be the matrix of frobenius.
*/ 
B = 11^(-1) * A; 
/* Freed 167 lists. */
