/* Comments begin... 
Coefficient of   x^21 * y^1               = 2
Coefficient of   x^10 * y^2 * z^6         = -5
Coefficient of   x^8 * y^5 * z^5         = -1
Coefficient of   x^6 * y^8 * z^4         = 3
Coefficient of   x^4 * y^11 * z^3         = 5
Coefficient of   x^2 * y^14 * z^2         = -5
Coefficient of   x^1 * z^13               = -1
Coefficient of   y^17 * z^1               = 0

Here is the polynomial we're using this time:

2*x^21*y^1 + -5*x^10*y^2*z^6 + -1*x^8*y^5*z^5 + 3*x^6*y^8*z^4 + 5*x^4*y^11*z^3 + -5*x^2*y^14*z^2 + -1*x^1*z^13

Allocate G_len 20 elements and old = 0.
Allocate M_len = 400 elements.
Allocate G_len 40 elements and old = 20.
Allocate M_len = 800 elements.
Allocate G_len 80 elements and old = 40.
Allocate M_len = 1600 elements.
Allocate M_len = 3200 elements.
Allocate G_len 160 elements and old = 80.
Allocate M_len = 6400 elements.
Allocate M_len = 12800 elements.
Not smooth!
Coefficient of   x^21 * y^1               = 3
Coefficient of   x^10 * y^2 * z^6         = -4
Coefficient of   x^8 * y^5 * z^5         = -4
Coefficient of   x^6 * y^8 * z^4         = -5
Coefficient of   x^4 * y^11 * z^3         = 3
Coefficient of   x^2 * y^14 * z^2         = 5
Coefficient of   x^1 * z^13               = -3
Coefficient of   y^17 * z^1               = -4

Here is the polynomial we're using this time:

3*x^21*y^1 + -4*x^10*y^2*z^6 + -4*x^8*y^5*z^5 + -5*x^6*y^8*z^4 + 3*x^4*y^11*z^3 + 5*x^2*y^14*z^2 + -3*x^1*z^13 + -4*y^17*z^1

Allocate G_len 320 elements and old = 160.
The final length of G is 165
[10, 2, 5, 0]  	391	7 
[21, 0, 0, 0]  	399	7  <--- 1
[20, 1, 0, 0]  	403	7 
[8, 5, 5, 0]  	422	6 
[8, 8, 4, 0]  	460	7 
[6, 11, 4, 0]  	491	6 
[6, 14, 3, 0]  	529	7 
[5, 0, 15, 0]  	560	6 
[18, 5, 4, 0]  	581	12 
[14, 11, 3, 0]  	612	11 
[18, 8, 3, 0]  	619	11 
[11, 0, 14, 0]  	643	10 
[14, 14, 2, 0]  	650	10 
[18, 11, 2, 0]  	657	10 
[9, 3, 14, 0]  	674	9 
[12, 17, 2, 0]  	681	9 
[10, 19, 2, 0]  	689	9 
[9, 20, 2, 0]  	693	8 
[18, 14, 1, 0]  	695	9 
[7, 22, 2, 0]  	701	8 
[7, 6, 14, 0]  	705	8 
[8, 23, 1, 0]  	712	8 
[12, 20, 1, 0]  	719	8 
[7, 8, 13, 0]  	720	8 
[6, 9, 13, 0]  	724	7 
[17, 0, 13, 0]  	726	8 
[16, 17, 1, 0]  	726	8 
[10, 22, 1, 0]  	727	8 
[6, 8, 14, 0]  	732	7 
[5, 25, 2, 0]  	732	7 
[19, 0, 12, 0]  	733	8 
[14, 19, 1, 0]  	734	8 
[5, 9, 14, 0]  	736	7 
[7, 25, 1, 0]  	739	7 
[6, 26, 1, 0]  	743	7 
[8, 26, 0, 0]  	750	7 
[5, 11, 13, 0]  	751	7 
[4, 12, 13, 0]  	755	6 
[12, 23, 0, 0]  	757	7 
[6, 28, 0, 0]  	758	7 
[5, 29, 0, 0]  	762	6 
[4, 11, 14, 0]  	763	6 
[10, 25, 0, 0]  	765	7 
[4, 26, 3, 0]  	767	6 
[5, 28, 1, 0]  	770	6 
[4, 14, 12, 0]  	770	6 
[14, 22, 0, 0]  	772	7 
[4, 29, 1, 0]  	774	6 
[19, 18, 0, 0]  	775	7 
[18, 19, 0, 0]  	779	7 
[5, 15, 11, 0]  	781	6 
[4, 28, 2, 0]  	782	6 
[3, 29, 2, 0]  	786	5 
[5, 18, 9, 0]  	788	6 
[4, 31, 0, 0]  	789	6 
[3, 32, 0, 0]  	793	5 
[5, 21, 7, 0]  	795	6 
[5, 17, 10, 0]  	796	6 
[4, 18, 10, 0]  	800	5 
[3, 31, 1, 0]  	801	5 
[3, 0, 24, 0]  	801	5 
[5, 20, 8, 0]  	803	6 
[3, 15, 13, 0]  	805	5 
[2, 32, 1, 0]  	805	5 
[17, 21, 0, 0]  	806	7 
[4, 21, 8, 0]  	807	5 
[4, 17, 11, 0]  	808	5 
[5, 23, 6, 0]  	810	6 
[4, 1, 23, 0]  	812	5 
[4, 20, 9, 0]  	815	5 
[4, 4, 21, 0]  	819	5 
[3, 17, 12, 0]  	820	5 
[4, 23, 7, 0]  	822	5 
[2, 18, 12, 0]  	824	4 
[4, 7, 19, 0]  	826	5 
[4, 3, 22, 0]  	827	5 
[3, 12, 16, 0]  	829	5 
[3, 4, 22, 0]  	831	4 
[4, 10, 17, 0]  	833	5 
[4, 6, 20, 0]  	834	5 
[4, 25, 6, 0]  	837	5 
[3, 11, 17, 0]  	837	5 
[3, 7, 20, 0]  	838	4 
[3, 3, 23, 0]  	839	4 
[4, 9, 18, 0]  	841	5 
[2, 35, 0, 0]  	843	4 
[3, 10, 18, 0]  	845	4 
[3, 6, 21, 0]  	846	4 
[3, 21, 10, 0]  	850	4 
[3, 9, 19, 0]  	853	4 
[3, 28, 5, 0]  	856	5 
[3, 24, 8, 0]  	857	4 
[3, 20, 11, 0]  	858	4 
[2, 29, 5, 0]  	860	4 
[2, 21, 11, 0]  	862	3 
[3, 27, 6, 0]  	864	4 
[3, 23, 9, 0]  	865	4 
[2, 28, 6, 0]  	868	4 
[2, 24, 9, 0]  	869	3 
[3, 26, 7, 0]  	872	4 
[2, 4, 24, 0]  	874	4 
[2, 31, 4, 0]  	875	5 
[2, 27, 7, 0]  	876	3 
[2, 23, 10, 0]  	877	3 
[2, 15, 16, 0]  	879	4 
[2, 7, 22, 0]  	881	3 
[2, 26, 8, 0]  	884	3 
[2, 14, 17, 0]  	887	4 
[2, 10, 20, 0]  	888	3 
[1, 38, 0, 0]  	893	3 
[2, 13, 18, 0]  	895	3 
[2, 9, 21, 0]  	896	3 
[2, 1, 27, 0]  	898	4 
[1, 14, 18, 0]  	899	3 
[2, 12, 19, 0]  	903	3 
[2, 0, 28, 0]  	906	4 
[1, 13, 19, 0]  	907	2 
[1, 32, 5, 0]  	910	3 
[1, 31, 6, 0]  	918	3 
[1, 27, 9, 0]  	919	2 
[0, 32, 6, 0]  	922	2 
[1, 30, 7, 0]  	926	2 
[1, 18, 16, 0]  	929	3 
[0, 31, 7, 0]  	930	2 
[1, 29, 8, 0]  	934	2 
[0, 30, 8, 0]  	938	1 
[1, 1, 29, 0]  	941	2 
[1, 24, 12, 0]  	943	3 
[1, 35, 4, 0]  	948	3 
[1, 0, 30, 0]  	949	2 
[0, 1, 30, 0]  	953	1 
[0, 16, 19, 0]  	957	1 
[0, 35, 5, 0]  	960	2 
[0, 0, 31, 0]  	961	1  <--- 3
[1, 21, 15, 0]  	967	3 
[0, 18, 18, 0]  	972	1 
[1, 4, 28, 0]  	979	2 
[0, 4, 29, 0]  	991	1 
[0, 38, 4, 0]  	998	2 
[0, 21, 17, 0]  	1010	1 
[0, 44, 0, 0]  	1012	2  <--- 2
[1, 7, 27, 0]  	1017	2 
[0, 7, 28, 0]  	1029	1 
[0, 41, 3, 0]  	1036	2 
[0, 24, 16, 0]  	1048	1 
[0, 10, 27, 0]  	1067	1 
[0, 27, 15, 0]  	1086	1 
[0, 13, 26, 0]  	1105	1 
[16, 20, 0, 1]  	764	7 
[5, 24, 4, 1]  	771	6 
[3, 14, 13, 1]  	782	6 
[4, 25, 5, 1]  	806	6 
[4, 24, 6, 1]  	814	5 
[1, 15, 17, 1]  	891	3 
[1, 10, 21, 1]  	900	2 
[1, 12, 20, 1]  	915	2 
[15, 0, 13, 2]  	688	9 
[14, 17, 1, 28]  	688	8 
[5, 21, 6, 29]  	764	6 
[4, 10, 15, 29]  	771	4 
[2, 31, 1, 29]  	782	5 
[3, 10, 16, 29]  	783	4 
[0, 32, 5, 29]  	891	2 
[0, 27, 9, 29]  	900	1 
[0, 29, 8, 29]  	915	1 
------
The gap is between 3 and 27.
Lengths: 3 3 5 5 3 3.
For 982 = 5*d/2-d1-d2-d3 you get 3 in char 0.
1*x^1*y^23*z^14
1*y^40*z^2
1*y^9*z^25

For 560 = 3*d/2-d1-d2-d3 you get 5 in char 0.
1*x^4*y^17*z^3
1*x^3*y^3*z^14
1*x^2*y^20*z^2
1*x^1*y^6*z^13
1*y^23*z^1

For 138 = d/2-d1-d2-d3 you get 3 in char 0.
1*x^4*z^2
1*x^2*y^3*z^1
1*y^6

Extra powers of p used 0.
The invariant extra is equal to 1.
Start computing 11^3 Delta^1 (x1x2x3)^10... Done.
Start computing 11^4 Delta^2 (x1x2x3)^10... Done.
Start computing 11^5 Delta^3 (x1x2x3)^10... Done.
Start computing 11^6 Delta^4 (x1x2x3)^10... Done.
Start computing 11^7 Delta^5 (x1x2x3)^10... Done.
Start computing 11^8 Delta^6 (x1x2x3)^10... Done.
Start computing 11^9 Delta^7 (x1x2x3)^10... Done.
Start computing aa.
1 2 3 4 5 6 7 8 9 10 11 
*/
A = \
[1486376324507305389945054376348,545018220445030582850266247267,1205336755652579454639414758251,1571984991587423189879545066514,369375064642991016679250650216,1379964051386002877311194445020,1029150139442944444820780458705,973975110112373195644373149605,1310457789691480068978544335306,1055909130157161063196112887880,1410127490581408245914831597462;\
488330612582981872234709468259,1121236779503538834658745397611,369675907833421915627526136860,913197396552068942049610807218,1306921538023865458672920170734,1456656212928976706432692980106,1022806930911062137912975090737,341591651869547359961144850804,1513932670133346636722133845403,1027700552913117194311374238592,1135365054306977451895548743660;\
1296255973067249988873210580445,43018786680449677784297496401,653407423853591792612385202927,503886029317443755166157955344,206454143181457173233262835837,836684492027052728634061635995,415634231726598883747308548109,789023208486479503903483830724,1511807948465870031434681224397,1257061659844260128358309935730,1459336722942577006760109197342;\
437191515095212677878681566261,1544512121758219598912822944266,207954905964727748381920741006,1124248744758753139095699082503,1311577778750824199332810246275,588333424528186033778256159314,1363840205189559041399948962161,148386709969168215067928171129,536877363239221626780186766716,410096864250366066710467740352,799502742882920353820448848074;\
687891198243785711102493971368,417631253454844865604986217414,1437702383026269047311525232071,412181852764526984862828758422,1033552925438745179845484816038,656398501496485394973308230941,654482784699918033342800886613,925837479720376098770897629924,1502967173781080593725966259851,77488098285539353979606613145,364233373268119666869541100172;\
1384551792223955236290286778649,372274583803406786390794483764,662685803808770131708605641843,493527802167116734658433315842,1041626917526024099619175774805,1448749543651092617827441000111,589172962371901183307380479977,1226512727785733795599364798890,58670174698748883338821826249,1241991943198849993799896683601,136333580276403900378128663776;\
1354117232123260707352332790926,301755377066058177128843322334,779139428558042240424054327171,309840389839447028110811861115,1474118115164876265604258915044,657902499491394729112749787073,416792959271499795358220501842,650500626444353015281770376667,1078531835359632865517480522282,1377443705211145679453343745693,802634189545574297186797362060;\
61661569926703719021951488489,1044413958555299628164162983474,1448598912251530254379148647053,209758104141492643491034330215,799346394245347689939530352966,59970484028980272950498703110,939319067448367431076697605566,1267105271526539069044697172467,405471846043760236546025017611,294843810551811021999763764455,1419256458345782009794102773170;\
1373957937959196309857790503292,1060452475114210685042320677346,843767039035517377389450296456,1051902566405887115706790243823,1442783678167449629511186273719,372186711559179883524942685484,1317284479713345125682931261437,1270483909489851540803376770922,930549793770518880901401520281,580032284943615352627845468006,519560634485695188361454173893;\
1434709374209950278276742811412,895303748900645918793752293108,621301590465974814243109065361,290748099648075462708266733782,712042241307523540128614680671,67285841601482489032694178323,1325522622940823479997024580787,1048949353181953622308944513358,1563725093025138048579078078662,135763353936076874184389510287,436397516521416220983387700085;\
1031737591913909684554586525403,743145192822478402995316539207,1334488146566533568080480506047,838049388816334795657298939637,585155751397261503655553930947,1457327701958542702601957654725,1274729664830923464827436013868,908791463263475845693480217135,1237530104115221834571234266939,821414978190861450038539338893,234657649608777037847933828726]
/* 
This should be the matrix of frobenius!
*/ 
B = A; 
/* Freed 166 lists. */
