/* Comments begin... 
Coefficient of   x^21 * y^1               = -3
Coefficient of   x^10 * y^2 * z^6         = 1
Coefficient of   x^8 * y^5 * z^5         = -1
Coefficient of   x^6 * y^8 * z^4         = -3
Coefficient of   x^4 * y^11 * z^3         = -3
Coefficient of   x^2 * y^14 * z^2         = 3
Coefficient of   x^1 * z^13               = -4
Coefficient of   y^17 * z^1               = 2

Here is the polynomial we're using this time:

-3*x^21*y^1 + 1*x^10*y^2*z^6 + -1*x^8*y^5*z^5 + -3*x^6*y^8*z^4 + -3*x^4*y^11*z^3 + 3*x^2*y^14*z^2 + -4*x^1*z^13 + 2*y^17*z^1

Allocate G_len 20 elements and old = 0.
Allocate M_len = 400 elements.
Allocate G_len 40 elements and old = 20.
Allocate M_len = 800 elements.
Allocate G_len 80 elements and old = 40.
Allocate M_len = 1600 elements.
Allocate M_len = 3200 elements.
Allocate G_len 160 elements and old = 80.
Allocate M_len = 6400 elements.
Allocate M_len = 12800 elements.
Allocate G_len 320 elements and old = 160.
The final length of G is 165
[10, 2, 5, 0]  	391	7 
[21, 0, 0, 0]  	399	7  <--- 1
[20, 1, 0, 0]  	403	7 
[8, 5, 5, 0]  	422	6 
[8, 8, 4, 0]  	460	7 
[6, 11, 4, 0]  	491	6 
[6, 14, 3, 0]  	529	7 
[5, 0, 15, 0]  	560	6 
[18, 5, 4, 0]  	581	12 
[14, 11, 3, 0]  	612	11 
[18, 8, 3, 0]  	619	11 
[11, 0, 14, 0]  	643	10 
[14, 14, 2, 0]  	650	10 
[18, 11, 2, 0]  	657	10 
[9, 3, 14, 0]  	674	9 
[12, 17, 2, 0]  	681	9 
[15, 0, 13, 0]  	688	9 
[10, 19, 2, 0]  	689	9 
[9, 20, 2, 0]  	693	8 
[18, 14, 1, 0]  	695	9 
[7, 22, 2, 0]  	701	8 
[7, 6, 14, 0]  	705	8 
[12, 20, 1, 0]  	719	8 
[7, 8, 13, 0]  	720	8 
[6, 9, 13, 0]  	724	7 
[16, 17, 1, 0]  	726	8 
[10, 22, 1, 0]  	727	8 
[6, 8, 14, 0]  	732	8 
[19, 0, 12, 0]  	733	8 
[14, 19, 1, 0]  	734	8 
[5, 9, 14, 0]  	736	7 
[7, 25, 1, 0]  	739	7 
[6, 26, 1, 0]  	743	7 
[8, 26, 0, 0]  	750	7 
[6, 25, 2, 0]  	751	7 
[5, 11, 13, 0]  	751	7 
[5, 26, 2, 0]  	755	6 
[4, 12, 13, 0]  	755	6 
[12, 23, 0, 0]  	757	7 
[6, 28, 0, 0]  	758	7 
[5, 29, 0, 0]  	762	6 
[5, 25, 3, 0]  	763	6 
[4, 11, 14, 0]  	763	6 
[10, 25, 0, 0]  	765	7 
[4, 26, 3, 0]  	767	6 
[5, 28, 1, 0]  	770	6 
[4, 14, 12, 0]  	770	6 
[5, 24, 4, 0]  	771	6 
[14, 22, 0, 0]  	772	7 
[4, 29, 1, 0]  	774	6 
[19, 18, 0, 0]  	775	7 
[18, 19, 0, 0]  	779	7 
[5, 15, 11, 0]  	781	6 
[4, 28, 2, 0]  	782	6 
[3, 14, 13, 0]  	782	6 
[3, 29, 2, 0]  	786	5 
[5, 18, 9, 0]  	788	6 
[4, 31, 0, 0]  	789	6 
[3, 32, 0, 0]  	793	5 
[4, 18, 10, 0]  	800	5 
[3, 31, 1, 0]  	801	5 
[3, 0, 24, 0]  	801	5 
[5, 20, 8, 0]  	803	6 
[2, 32, 1, 0]  	805	5 
[17, 21, 0, 0]  	806	6 
[4, 25, 5, 0]  	806	6 
[4, 21, 8, 0]  	807	5 
[4, 17, 11, 0]  	808	5 
[4, 1, 23, 0]  	812	5 
[4, 24, 6, 0]  	814	5 
[4, 20, 9, 0]  	815	5 
[4, 4, 21, 0]  	819	5 
[3, 17, 12, 0]  	820	5 
[4, 23, 7, 0]  	822	5 
[4, 7, 19, 0]  	826	5 
[4, 3, 22, 0]  	827	5 
[3, 12, 16, 0]  	829	5 
[3, 4, 22, 0]  	831	4 
[4, 10, 17, 0]  	833	5 
[4, 6, 20, 0]  	834	5 
[3, 11, 17, 0]  	837	5 
[3, 7, 20, 0]  	838	4 
[3, 3, 23, 0]  	839	4 
[4, 9, 18, 0]  	841	5 
[2, 35, 0, 0]  	843	4 
[3, 10, 18, 0]  	845	4 
[3, 6, 21, 0]  	846	4 
[3, 21, 10, 0]  	850	4 
[3, 9, 19, 0]  	853	4 
[3, 28, 5, 0]  	856	5 
[3, 24, 8, 0]  	857	4 
[3, 20, 11, 0]  	858	4 
[2, 29, 5, 0]  	860	4 
[2, 21, 11, 0]  	862	3 
[3, 27, 6, 0]  	864	4 
[3, 23, 9, 0]  	865	4 
[2, 28, 6, 0]  	868	4 
[2, 24, 9, 0]  	869	3 
[3, 26, 7, 0]  	872	4 
[2, 4, 24, 0]  	874	4 
[2, 31, 4, 0]  	875	5 
[2, 27, 7, 0]  	876	3 
[2, 23, 10, 0]  	877	3 
[2, 15, 16, 0]  	879	4 
[2, 7, 22, 0]  	881	3 
[2, 26, 8, 0]  	884	3 
[2, 14, 17, 0]  	887	4 
[2, 10, 20, 0]  	888	3 
[1, 15, 17, 0]  	891	3 
[1, 38, 0, 0]  	893	3 
[2, 13, 18, 0]  	895	3 
[2, 9, 21, 0]  	896	3 
[2, 1, 27, 0]  	898	4 
[1, 14, 18, 0]  	899	3 
[1, 10, 21, 0]  	900	2 
[2, 12, 19, 0]  	903	3 
[2, 0, 28, 0]  	906	4 
[1, 13, 19, 0]  	907	2 
[1, 32, 5, 0]  	910	3 
[1, 12, 20, 0]  	915	2 
[1, 31, 6, 0]  	918	3 
[1, 27, 9, 0]  	919	2 
[0, 32, 6, 0]  	922	2 
[1, 30, 7, 0]  	926	2 
[1, 18, 16, 0]  	929	3 
[0, 31, 7, 0]  	930	2 
[1, 29, 8, 0]  	934	2 
[0, 30, 8, 0]  	938	1 
[1, 1, 29, 0]  	941	2 
[1, 24, 12, 0]  	943	3 
[1, 35, 4, 0]  	948	3 
[1, 0, 30, 0]  	949	2 
[0, 1, 30, 0]  	953	1 
[0, 16, 19, 0]  	957	1 
[0, 35, 5, 0]  	960	2 
[0, 0, 31, 0]  	961	1  <--- 3
[1, 21, 15, 0]  	967	3 
[0, 18, 18, 0]  	972	1 
[0, 4, 29, 0]  	991	1 
[0, 38, 4, 0]  	998	2 
[0, 21, 17, 0]  	1010	1 
[0, 44, 0, 0]  	1012	2  <--- 2
[1, 7, 27, 0]  	1017	2 
[0, 7, 28, 0]  	1029	1 
[0, 41, 3, 0]  	1036	2 
[0, 24, 16, 0]  	1048	1 
[0, 10, 27, 0]  	1067	1 
[0, 27, 15, 0]  	1086	1 
[0, 13, 26, 0]  	1105	1 
[8, 23, 1, 1]  	712	8 
[16, 20, 0, 1]  	764	7 
[5, 21, 7, 1]  	795	6 
[5, 23, 6, 1]  	810	6 
[1, 4, 28, 1]  	979	2 
[5, 25, 2, 2]  	732	7 
[5, 17, 10, 2]  	796	6 
[2, 18, 12, 2]  	824	4 
[4, 11, 13, 28]  	732	6 
[4, 3, 21, 28]  	796	5 
[1, 35, 0, 28]  	824	3 
[7, 9, 12, 29]  	712	7 
[7, 26, 0, 29]  	731	6 
[4, 7, 17, 29]  	764	4 
[4, 24, 5, 29]  	783	5 
[0, 21, 16, 29]  	979	1 
------
The gap is between 3 and 27.
Lengths: 3 3 5 5 3 3.
For 982 = 5*d/2-d1-d2-d3 you get 3 in char 0.
1*x^1*y^23*z^14
1*y^40*z^2
1*y^9*z^25

For 560 = 3*d/2-d1-d2-d3 you get 5 in char 0.
1*x^4*y^17*z^3
1*x^3*y^3*z^14
1*x^2*y^20*z^2
1*x^1*y^6*z^13
1*y^23*z^1

For 138 = d/2-d1-d2-d3 you get 3 in char 0.
1*x^4*z^2
1*x^2*y^3*z^1
1*y^6

Extra powers of p used 0.
The invariant extra is equal to 1.
Start computing 11^3 Delta^1 (x1x2x3)^10... Done.
Start computing 11^4 Delta^2 (x1x2x3)^10... Done.
Start computing 11^5 Delta^3 (x1x2x3)^10... Done.
Start computing 11^6 Delta^4 (x1x2x3)^10... Done.
Start computing 11^7 Delta^5 (x1x2x3)^10... Done.
Start computing 11^8 Delta^6 (x1x2x3)^10... Done.
Start computing 11^9 Delta^7 (x1x2x3)^10... Done.
Start computing aa.
1 2 3 4 5 6 7 8 9 10 11 
*/
A = \
[1261308484520668058985505476094,1482598966184945360537807599739,781522198280056364112549668319,1518595527283047022226735405329,700460715838868569548158713298,1577243431713318617985132891297,531082135108559247041596911132,10910076614087786494177431063,1134796527824025512491910114525,83580073278902545235539576103,1218460059590549729505381200921;\
1028462560099290381279507767005,902279269608781874466152626260,153157255926773139515101059608,353654261068093582758741186596,1488875027750165931784185717044,347366999312581032802175497185,74780005550051768375900294694,1522166372325197982212388289819,262807478156692079254013119959,1137929324728926759483416855365,32928277026350660962956182487;\
1316201333136827415999425111863,1493218334846241196460256162425,223080523238429548210032838208,336609781140566221361724313399,676340360460676471026082074987,734597699344187840917240412752,370144687812591426465944939407,590708788345629699721756849849,993298475473436801770309468073,1145141971711098807308175757312,610775131450933415427718760184;\
648879074048641027772512548003,840092315805622378243972716277,454912492388434302775537170580,190933061320332459552057401955,1067428295855824589877051394632,838960404145782455022343248600,292281569233149655697243575595,1113835603030101282269815682630,176550766330819866177616022170,995057554390949137725115827205,763082069830204670174180843071;\
714653106862357296407219463907,1355311044552594519464924361795,1004754178985404979589417753632,1533753292053140096643722400284,608034917578623417228688217898,273153244241406975447682317318,141947675449018688551657286239,271648928108198203900695128155,938137172452769880090754928157,542477089518710257548903128775,297734786045941181375268446715;\
19299936683294262845082329702,1499658221188432731712109643099,1277461642664235511605328537568,1276905478707596293114699446207,629227110222377295746680954303,1313900701156230812182501798382,856015272294222404098311038066,85520719843769160829523830735,405122403531332717657352741145,1035338900170301450874853296011,829531784179309029999146505451;\
447440746419176202322538445142,1366874801789752021048068259726,1314364887979325878179607783644,1155390731610531925014290133074,1121228023227996204029469618669,1040755140497916489483931563591,95029161363059424676795553802,1249246428219891646527135348382,1473100003401042418875326993436,993158653056655786849903534439,744978115781084056733112078036;\
1451966527297249113665581522625,967130230102074944211299144255,1573599267009150282539783567369,32371461460652845204952938517,165798921218218759045931679631,429414858958480390642843232553,886982344091642237937906314357,260694613436206546924104120695,1562059997059765033688418447370,1101160307953448031000093004689,940580447710537071112478623699;\
394654978636247432749864247571,1170325022062963184855320162232,1458125493992994760964662111685,1127135860903375933116395897228,613749549329581440469321504305,15540998431130569573176398090,1235315989371121003007667390979,429265202153662625397028256050,408962323432225358024399100161,1317005573351065364942266063082,1167478706108610869308553136688;\
1029134624850691966289905030587,191556711776281341972519676102,1398058678705115413284161531734,1421416161517324949961343330873,598132864291384140091248384784,787316772836044713984222700540,200566789954323525217249767376,468909851420338612377919216138,1221547750944859174829788938758,1578276086810043603772859119391,919389518088771073258432007523;\
1389042785095585389275085265377,72059654063051154994112343968,1575153581093402560115387325170,1575458189895276657760055164646,225497091456254624747254217165,1066936942918354458893533548628,1179325746488367831281903751502,1577897619333138212396602272705,795292373611725199671583337974,1269971696556449262639066900052,994229802756612425878133245448]
/* 
This should be the matrix of frobenius!
*/ 
B = A; 
/* Freed 167 lists. */
