/* Comments begin... 
Coefficient of   x^21 * y^1               = 0
Coefficient of   x^10 * y^2 * z^6         = 2
Coefficient of   x^8 * y^5 * z^5         = 1
Coefficient of   x^6 * y^8 * z^4         = -1
Coefficient of   x^4 * y^11 * z^3         = 3
Coefficient of   x^2 * y^14 * z^2         = 3
Coefficient of   x^1 * z^13               = -2
Coefficient of   y^17 * z^1               = 0

Here is the polynomial we're using this time:

2*x^10*y^2*z^6 + 1*x^8*y^5*z^5 + -1*x^6*y^8*z^4 + 3*x^4*y^11*z^3 + 3*x^2*y^14*z^2 + -2*x^1*z^13

Allocate G_len 20 elements and old = 0.
Allocate M_len = 400 elements.
Allocate G_len 40 elements and old = 20.
Allocate M_len = 800 elements.
Allocate G_len 80 elements and old = 40.
Allocate M_len = 1600 elements.
Not smooth!
Coefficient of   x^21 * y^1               = 5
Coefficient of   x^10 * y^2 * z^6         = 5
Coefficient of   x^8 * y^5 * z^5         = -4
Coefficient of   x^6 * y^8 * z^4         = -3
Coefficient of   x^4 * y^11 * z^3         = -3
Coefficient of   x^2 * y^14 * z^2         = 1
Coefficient of   x^1 * z^13               = -5
Coefficient of   y^17 * z^1               = -1

Here is the polynomial we're using this time:

5*x^21*y^1 + 5*x^10*y^2*z^6 + -4*x^8*y^5*z^5 + -3*x^6*y^8*z^4 + -3*x^4*y^11*z^3 + 1*x^2*y^14*z^2 + -5*x^1*z^13 + -1*y^17*z^1

Allocate M_len = 3200 elements.
Allocate G_len 160 elements and old = 80.
Allocate M_len = 6400 elements.
Allocate M_len = 12800 elements.
Allocate G_len 320 elements and old = 160.
Allocate M_len = 25600 elements.
The final length of G is 182
[10, 2, 5, 0]  	391	7 
[21, 0, 0, 0]  	399	7  <--- 1
[20, 1, 0, 0]  	403	7 
[8, 5, 5, 0]  	422	6 
[8, 8, 4, 0]  	460	7 
[6, 11, 4, 0]  	491	6 
[6, 14, 3, 0]  	529	7 
[5, 0, 15, 0]  	560	6 
[18, 5, 4, 0]  	581	12 
[14, 11, 3, 0]  	612	11 
[18, 8, 3, 0]  	619	11 
[11, 0, 14, 0]  	643	10 
[14, 14, 2, 0]  	650	10 
[18, 11, 2, 0]  	657	10 
[9, 3, 14, 0]  	674	9 
[12, 17, 2, 0]  	681	9 
[10, 19, 2, 0]  	689	9 
[9, 20, 2, 0]  	693	8 
[18, 14, 1, 0]  	695	9 
[7, 22, 2, 0]  	701	8 
[7, 6, 14, 0]  	705	8 
[8, 23, 1, 0]  	712	8 
[12, 20, 1, 0]  	719	8 
[6, 9, 13, 0]  	724	7 
[17, 0, 13, 0]  	726	8 
[16, 17, 1, 0]  	726	8 
[10, 22, 1, 0]  	727	8 
[6, 8, 14, 0]  	732	8 
[19, 0, 12, 0]  	733	8 
[14, 19, 1, 0]  	734	8 
[5, 9, 14, 0]  	736	7 
[7, 25, 1, 0]  	739	7 
[6, 26, 1, 0]  	743	7 
[8, 26, 0, 0]  	750	7 
[6, 25, 2, 0]  	751	7 
[5, 11, 13, 0]  	751	7 
[5, 26, 2, 0]  	755	6 
[4, 12, 13, 0]  	755	6 
[12, 23, 0, 0]  	757	7 
[5, 29, 0, 0]  	762	6 
[5, 25, 3, 0]  	763	6 
[4, 11, 14, 0]  	763	6 
[10, 25, 0, 0]  	765	7 
[5, 28, 1, 0]  	770	6 
[4, 14, 12, 0]  	770	6 
[5, 24, 4, 0]  	771	6 
[14, 22, 0, 0]  	772	7 
[19, 18, 0, 0]  	775	7 
[18, 19, 0, 0]  	779	7 
[5, 15, 11, 0]  	781	6 
[3, 14, 13, 0]  	782	6 
[5, 18, 9, 0]  	788	6 
[4, 31, 0, 0]  	789	6 
[3, 32, 0, 0]  	793	5 
[5, 17, 10, 0]  	796	6 
[4, 18, 10, 0]  	800	5 
[3, 31, 1, 0]  	801	6 
[2, 32, 1, 0]  	805	5 
[17, 21, 0, 0]  	806	6 
[4, 25, 5, 0]  	806	6 
[4, 17, 11, 0]  	808	5 
[4, 1, 23, 0]  	812	5 
[4, 24, 6, 0]  	814	5 
[4, 20, 9, 0]  	815	5 
[4, 4, 21, 0]  	819	5 
[3, 1, 24, 0]  	824	4 
[2, 18, 12, 0]  	824	4 
[4, 7, 19, 0]  	826	5 
[4, 3, 22, 0]  	827	5 
[3, 12, 16, 0]  	829	5 
[4, 10, 17, 0]  	833	5 
[4, 6, 20, 0]  	834	5 
[3, 11, 17, 0]  	837	5 
[3, 3, 23, 0]  	839	4 
[4, 9, 18, 0]  	841	5 
[2, 35, 0, 0]  	843	4 
[3, 10, 18, 0]  	845	4 
[3, 6, 21, 0]  	846	4 
[3, 21, 10, 0]  	850	4 
[3, 9, 19, 0]  	853	4 
[3, 28, 5, 0]  	856	5 
[3, 24, 8, 0]  	857	4 
[3, 20, 11, 0]  	858	4 
[2, 29, 5, 0]  	860	4 
[2, 21, 11, 0]  	862	3 
[3, 27, 6, 0]  	864	4 
[3, 23, 9, 0]  	865	4 
[2, 28, 6, 0]  	868	4 
[2, 24, 9, 0]  	869	3 
[3, 26, 7, 0]  	872	4 
[2, 4, 24, 0]  	874	4 
[2, 31, 4, 0]  	875	5 
[2, 27, 7, 0]  	876	3 
[2, 23, 10, 0]  	877	3 
[2, 15, 16, 0]  	879	4 
[2, 7, 22, 0]  	881	3 
[2, 26, 8, 0]  	884	3 
[2, 14, 17, 0]  	887	4 
[2, 10, 20, 0]  	888	3 
[1, 15, 17, 0]  	891	3 
[1, 38, 0, 0]  	893	3 
[2, 13, 18, 0]  	895	3 
[2, 9, 21, 0]  	896	3 
[2, 1, 27, 0]  	898	4 
[1, 10, 21, 0]  	900	2 
[2, 12, 19, 0]  	903	3 
[2, 0, 28, 0]  	906	4 
[1, 13, 19, 0]  	907	2 
[1, 32, 5, 0]  	910	3 
[1, 12, 20, 0]  	915	2 
[1, 31, 6, 0]  	918	3 
[1, 27, 9, 0]  	919	2 
[0, 32, 6, 0]  	922	2 
[1, 30, 7, 0]  	926	2 
[1, 18, 16, 0]  	929	3 
[0, 31, 7, 0]  	930	2 
[1, 29, 8, 0]  	934	2 
[0, 30, 8, 0]  	938	1 
[1, 24, 12, 0]  	943	3 
[1, 35, 4, 0]  	948	3 
[1, 0, 30, 0]  	949	2 
[0, 1, 30, 0]  	953	1 
[0, 16, 19, 0]  	957	1 
[0, 35, 5, 0]  	960	2 
[0, 0, 31, 0]  	961	1  <--- 3
[1, 21, 15, 0]  	967	3 
[0, 18, 18, 0]  	972	1 
[1, 4, 28, 0]  	979	2 
[0, 4, 29, 0]  	991	1 
[0, 38, 4, 0]  	998	2 
[0, 21, 17, 0]  	1010	1 
[0, 44, 0, 0]  	1012	2  <--- 2
[1, 7, 27, 0]  	1017	2 
[0, 7, 28, 0]  	1029	1 
[0, 41, 3, 0]  	1036	2 
[0, 24, 16, 0]  	1048	1 
[0, 10, 27, 0]  	1067	1 
[0, 27, 15, 0]  	1086	1 
[0, 13, 26, 0]  	1105	1 
[15, 0, 13, 1]  	688	9 
[6, 28, 0, 1]  	758	7 
[16, 20, 0, 1]  	764	7 
[4, 26, 3, 1]  	767	6 
[4, 29, 1, 1]  	774	6 
[4, 28, 2, 1]  	782	6 
[3, 29, 2, 1]  	786	5 
[5, 21, 7, 1]  	795	6 
[3, 0, 24, 1]  	801	5 
[5, 20, 8, 1]  	803	6 
[4, 21, 8, 1]  	807	5 
[5, 23, 6, 1]  	810	6 
[3, 17, 12, 1]  	820	5 
[4, 23, 7, 1]  	822	5 
[3, 4, 22, 1]  	831	4 
[1, 14, 18, 1]  	899	3 
[1, 1, 29, 1]  	941	2 
[7, 8, 13, 2]  	720	8 
[5, 25, 2, 2]  	732	7 
[3, 7, 20, 2]  	838	4 
[6, 25, 1, 28]  	720	7 
[4, 11, 13, 28]  	732	6 
[2, 34, 0, 28]  	820	4 
[2, 24, 8, 28]  	838	3 
[14, 17, 1, 29]  	688	8 
[5, 14, 11, 29]  	758	5 
[4, 7, 17, 29]  	764	5 
[3, 12, 14, 29]  	767	5 
[3, 15, 12, 29]  	774	5 
[4, 17, 10, 29]  	777	4 
[2, 31, 1, 29]  	782	5 
[4, 24, 5, 29]  	783	5 
[2, 15, 13, 29]  	786	4 
[2, 17, 12, 29]  	801	4 
[4, 6, 19, 29]  	803	5 
[2, 1, 24, 29]  	805	4 
[2, 24, 7, 29]  	807	3 
[3, 9, 18, 29]  	822	4 
[2, 21, 10, 29]  	831	2 
[3, 26, 6, 29]  	841	4 
[2, 12, 18, 29]  	872	3 
[0, 31, 6, 29]  	899	2 
[0, 18, 17, 29]  	941	1 
------
The gap is between 3 and 27.
Lengths: 3 3 5 5 3 3.
For 982 = 5*d/2-d1-d2-d3 you get 3 in char 0.
1*x^1*y^23*z^14
1*y^40*z^2
1*y^9*z^25

For 560 = 3*d/2-d1-d2-d3 you get 5 in char 0.
1*x^4*y^17*z^3
1*x^3*y^3*z^14
1*x^2*y^20*z^2
1*x^1*y^6*z^13
1*y^23*z^1

For 138 = d/2-d1-d2-d3 you get 3 in char 0.
1*x^4*z^2
1*x^2*y^3*z^1
1*y^6

Extra powers of p used 0.
The invariant extra is equal to 1.
Start computing 11^3 Delta^1 (x1x2x3)^10... Done.
Start computing 11^4 Delta^2 (x1x2x3)^10... Done.
Start computing 11^5 Delta^3 (x1x2x3)^10... Done.
Start computing 11^6 Delta^4 (x1x2x3)^10... Done.
Start computing 11^7 Delta^5 (x1x2x3)^10... Done.
Start computing 11^8 Delta^6 (x1x2x3)^10... Done.
Start computing 11^9 Delta^7 (x1x2x3)^10... Done.
Start computing aa.
1 2 3 4 5 6 7 8 9 10 11 
*/
A = \
[702244929033708699919484440375,1467596873618062767605629871352,366166059052643964182171349700,605526857855392147528695362477,530336385597566633711084575050,711248941225058973040532095318,909805734696107137982721387529,1412860116895885314430348106862,787525051673567744840402065131,1384256149636862440183855941397,1559542508126662272350401965338;\
1565926420286679648333823923404,1315689203457937537063797611946,1546941848006641149923001539599,567700184026790551056098449946,414264325035470854319669993435,480113933516301590277932133864,1136042881042435377658632708998,419266181501117465371845847969,1534566121695933265924261418460,1382047937854794857882278938763,614975719152542464504063637955;\
613305771580686268494447102607,187146536156531600522144503742,477260354946180507548521403273,38768356676880183897361769732,541587093469218715592501521760,1107009153075774212599005477796,1267230619580930848557171725575,829547935816494413087970671094,1410268200357721408007383559007,375447583797815316537752247828,1294822206822760631110766289718;\
668332687309028366861905329209,567630336692465764590816679811,16272724685860444248045626971,445387337949133866414981688187,577085143190473246214955893747,630350863374586391659620741886,45922914979425667882246679032,1226069918474914591017100831725,956975158790734626241346482065,98573910755598085328434267673,210205554560862266614905611178;\
433570722869769239630347597202,837491844801861378834120961732,391416931674610706410369371953,1438738998729588677617288373647,687820857175630069850851888083,283011091256396338846230163471,513093411766823985735913049863,481182056394832712233899605119,1135950112932546038597601620159,1575738052297596900606147671142,1430351078391347082346219595070;\
760792873511444459483138451891,110986609162525796417408963585,943175055342765964631076809358,972832280446046746308146498836,485128387646095278809357073363,2295075243660954920908471355,1424196205909829948971861039697,1112156943616927872745985473867,1022478406339977471065976116575,56170794711664640716775136873,702426994357015606431160331066;\
567234138156520247563493440541,1305680315104810567060238603647,1354812709839111412586725983386,697572127046135387995382596426,246638185771647630888188447164,90091829390371688437641247021,1430115435876121967218159054152,831217273177582211991090878121,308724182862029280858486512395,1082519593817139100651175740978,387216036641716108379355025069;\
134799731166003391028571880074,1515612832402107318383086517047,1391808950910530426086349115624,992757023767775275515805033196,257530374431396197600514549438,479652298100921522824924573391,728075151206027675352696675050,206150885393684572732090291097,216417156714736720768639524790,1206748688443137604561130600013,1431082107551483247022533141760;\
1297253374135707865487374422021,624095523535412060691215084597,1148607381687754132853222258376,999156214869266689716276743717,1011707354589053741665333290542,1281910484254904605063757788015,857231567164026867946315779927,1352477724695476945889165245964,1374209161320104821926306934039,43987505793530378441929876287,1541801648099073432202006671444;\
260865218829209592193827740681,983601051375771129792391393703,270523786925821407554333003331,1367595645551213528847295911738,884277210055555256897590074364,1376254750322291878058000475616,1293591506901774504602778408303,1185487704338491875961868039823,492223491189520178800519431041,15067682981632045077434443300,1367094478472779048816337722538;\
949394485031816002519719397006,1292367612869029615572704988661,928894876393021713379911737698,1502574305449096652981083681399,470749240416727547439563809146,863212127613332162710304649312,752748861406056326715354992200,804684772817882190868634915332,281226939527692857239348394851,1159351635455086801527692258212,1259663636186471625847349530809]
/* 
This should be the matrix of frobenius!
*/ 
B = A; 
/* Freed 167 lists. */
