/* Comments begin... 
Coefficient of   x^21 * y^1               = -1
Coefficient of   x^10 * y^2 * z^6         = 4
Coefficient of   x^8 * y^5 * z^5         = 4
Coefficient of   x^6 * y^8 * z^4         = -1
Coefficient of   x^4 * y^11 * z^3         = 1
Coefficient of   x^2 * y^14 * z^2         = 5
Coefficient of   x^1 * z^13               = -5
Coefficient of   y^17 * z^1               = -4

Here is the polynomial we're using this time:

-1*x^21*y^1 + 4*x^10*y^2*z^6 + 4*x^8*y^5*z^5 + -1*x^6*y^8*z^4 + 1*x^4*y^11*z^3 + 5*x^2*y^14*z^2 + -5*x^1*z^13 + -4*y^17*z^1

Allocate G_len 20 elements and old = 0.
Allocate M_len = 400 elements.
Allocate G_len 40 elements and old = 20.
Allocate M_len = 800 elements.
Allocate G_len 80 elements and old = 40.
Allocate M_len = 1600 elements.
Allocate M_len = 3200 elements.
Allocate G_len 160 elements and old = 80.
Allocate M_len = 6400 elements.
Allocate M_len = 12800 elements.
Allocate G_len 320 elements and old = 160.
The final length of G is 165
[10, 2, 5, 0]  	391	7 
[21, 0, 0, 0]  	399	7  <--- 1
[20, 1, 0, 0]  	403	7 
[8, 5, 5, 0]  	422	6 
[8, 8, 4, 0]  	460	7 
[6, 11, 4, 0]  	491	6 
[6, 14, 3, 0]  	529	7 
[5, 0, 15, 0]  	560	6 
[18, 5, 4, 0]  	581	12 
[14, 11, 3, 0]  	612	11 
[18, 8, 3, 0]  	619	11 
[11, 0, 14, 0]  	643	10 
[14, 14, 2, 0]  	650	10 
[18, 11, 2, 0]  	657	10 
[9, 3, 14, 0]  	674	9 
[12, 17, 2, 0]  	681	9 
[15, 0, 13, 0]  	688	9 
[10, 19, 2, 0]  	689	9 
[9, 20, 2, 0]  	693	8 
[18, 14, 1, 0]  	695	9 
[7, 22, 2, 0]  	701	8 
[8, 23, 1, 0]  	712	8 
[12, 20, 1, 0]  	719	8 
[7, 8, 13, 0]  	720	8 
[16, 17, 1, 0]  	726	8 
[10, 22, 1, 0]  	727	8 
[6, 8, 14, 0]  	732	7 
[5, 25, 2, 0]  	732	7 
[19, 0, 12, 0]  	733	8 
[5, 9, 14, 0]  	736	7 
[7, 25, 1, 0]  	739	7 
[6, 26, 1, 0]  	743	7 
[8, 26, 0, 0]  	750	7 
[5, 11, 13, 0]  	751	7 
[4, 12, 13, 0]  	755	6 
[12, 23, 0, 0]  	757	7 
[6, 28, 0, 0]  	758	7 
[5, 29, 0, 0]  	762	6 
[4, 11, 14, 0]  	763	6 
[10, 25, 0, 0]  	765	7 
[4, 26, 3, 0]  	767	6 
[5, 28, 1, 0]  	770	6 
[4, 14, 12, 0]  	770	6 
[5, 24, 4, 0]  	771	6 
[14, 22, 0, 0]  	772	7 
[4, 29, 1, 0]  	774	6 
[19, 18, 0, 0]  	775	7 
[18, 19, 0, 0]  	779	7 
[4, 28, 2, 0]  	782	6 
[3, 14, 13, 0]  	782	6 
[3, 29, 2, 0]  	786	5 
[5, 18, 9, 0]  	788	6 
[4, 31, 0, 0]  	789	6 
[3, 32, 0, 0]  	793	5 
[5, 21, 7, 0]  	795	6 
[5, 17, 10, 0]  	796	6 
[4, 18, 10, 0]  	800	5 
[3, 31, 1, 0]  	801	5 
[3, 0, 24, 0]  	801	5 
[5, 20, 8, 0]  	803	6 
[2, 32, 1, 0]  	805	5 
[17, 21, 0, 0]  	806	6 
[4, 25, 5, 0]  	806	6 
[4, 21, 8, 0]  	807	5 
[4, 17, 11, 0]  	808	5 
[5, 23, 6, 0]  	810	6 
[4, 1, 23, 0]  	812	5 
[4, 24, 6, 0]  	814	5 
[4, 20, 9, 0]  	815	5 
[4, 4, 21, 0]  	819	5 
[3, 17, 12, 0]  	820	5 
[4, 23, 7, 0]  	822	5 
[2, 18, 12, 0]  	824	4 
[4, 7, 19, 0]  	826	5 
[4, 3, 22, 0]  	827	5 
[3, 12, 16, 0]  	829	5 
[3, 4, 22, 0]  	831	4 
[4, 6, 20, 0]  	834	5 
[3, 11, 17, 0]  	837	5 
[3, 7, 20, 0]  	838	4 
[3, 3, 23, 0]  	839	4 
[4, 9, 18, 0]  	841	5 
[3, 10, 18, 0]  	845	4 
[3, 6, 21, 0]  	846	4 
[3, 21, 10, 0]  	850	4 
[3, 9, 19, 0]  	853	4 
[3, 28, 5, 0]  	856	5 
[3, 24, 8, 0]  	857	4 
[2, 29, 5, 0]  	860	4 
[2, 21, 11, 0]  	862	3 
[3, 27, 6, 0]  	864	4 
[3, 23, 9, 0]  	865	4 
[2, 28, 6, 0]  	868	4 
[2, 24, 9, 0]  	869	3 
[3, 26, 7, 0]  	872	4 
[2, 4, 24, 0]  	874	4 
[2, 31, 4, 0]  	875	5 
[2, 27, 7, 0]  	876	3 
[2, 23, 10, 0]  	877	3 
[2, 15, 16, 0]  	879	4 
[2, 7, 22, 0]  	881	3 
[2, 26, 8, 0]  	884	3 
[2, 14, 17, 0]  	887	4 
[2, 10, 20, 0]  	888	3 
[1, 15, 17, 0]  	891	3 
[1, 38, 0, 0]  	893	3 
[2, 13, 18, 0]  	895	3 
[2, 9, 21, 0]  	896	3 
[1, 14, 18, 0]  	899	3 
[1, 10, 21, 0]  	900	2 
[2, 12, 19, 0]  	903	3 
[2, 0, 28, 0]  	906	4 
[1, 13, 19, 0]  	907	2 
[1, 32, 5, 0]  	910	3 
[1, 12, 20, 0]  	915	2 
[1, 27, 9, 0]  	919	2 
[0, 32, 6, 0]  	922	2 
[1, 30, 7, 0]  	926	2 
[1, 18, 16, 0]  	929	3 
[0, 31, 7, 0]  	930	2 
[1, 29, 8, 0]  	934	2 
[0, 30, 8, 0]  	938	1 
[1, 1, 29, 0]  	941	2 
[1, 24, 12, 0]  	943	3 
[1, 35, 4, 0]  	948	3 
[1, 0, 30, 0]  	949	2 
[0, 1, 30, 0]  	953	1 
[0, 16, 19, 0]  	957	1 
[0, 35, 5, 0]  	960	2 
[0, 0, 31, 0]  	961	1  <--- 3
[1, 21, 15, 0]  	967	3 
[0, 18, 18, 0]  	972	1 
[1, 4, 28, 0]  	979	2 
[0, 4, 29, 0]  	991	1 
[0, 38, 4, 0]  	998	2 
[0, 21, 17, 0]  	1010	1 
[0, 44, 0, 0]  	1012	2  <--- 2
[1, 7, 27, 0]  	1017	2 
[0, 7, 28, 0]  	1029	1 
[0, 41, 3, 0]  	1036	2 
[0, 24, 16, 0]  	1048	1 
[0, 10, 27, 0]  	1067	1 
[0, 27, 15, 0]  	1086	1 
[0, 13, 26, 0]  	1105	1 
[7, 6, 14, 1]  	705	8 
[6, 9, 13, 1]  	724	7 
[14, 19, 1, 1]  	734	8 
[16, 20, 0, 1]  	764	7 
[5, 15, 11, 1]  	781	6 
[4, 10, 17, 1]  	833	5 
[2, 35, 0, 1]  	843	4 
[3, 20, 11, 1]  	858	4 
[2, 1, 27, 1]  	898	4 
[1, 31, 6, 1]  	918	3 
[6, 23, 2, 29]  	705	6 
[5, 26, 1, 29]  	724	5 
[12, 22, 0, 29]  	734	6 
[5, 21, 6, 29]  	764	6 
[4, 1, 22, 29]  	781	4 
[4, 24, 5, 29]  	783	4 
[3, 27, 5, 29]  	833	4 
[2, 4, 23, 29]  	843	2 
[2, 6, 22, 29]  	858	2 
[1, 18, 15, 29]  	898	3 
[1, 0, 29, 29]  	918	2 
------
The gap is between 2 and 28.
Lengths: 3 3 5 5 3 3.
For 982 = 5*d/2-d1-d2-d3 you get 3 in char 0.
1*x^1*y^23*z^14
1*y^40*z^2
1*y^9*z^25

For 560 = 3*d/2-d1-d2-d3 you get 5 in char 0.
1*x^4*y^17*z^3
1*x^3*y^3*z^14
1*x^2*y^20*z^2
1*x^1*y^6*z^13
1*y^23*z^1

For 138 = d/2-d1-d2-d3 you get 3 in char 0.
1*x^4*z^2
1*x^2*y^3*z^1
1*y^6

Extra powers of p used 0.
The invariant extra is equal to 1.
Start computing 11^3 Delta^1 (x1x2x3)^10... Done.
Start computing 11^4 Delta^2 (x1x2x3)^10... Done.
Start computing 11^5 Delta^3 (x1x2x3)^10... Done.
Start computing 11^6 Delta^4 (x1x2x3)^10... Done.
Start computing 11^7 Delta^5 (x1x2x3)^10... Done.
Start computing 11^8 Delta^6 (x1x2x3)^10... Done.
Start computing 11^9 Delta^7 (x1x2x3)^10... Done.
Start computing aa.
1 2 3 4 5 6 7 8 9 10 11 
*/
A = \
[971622143094840072215311316243,1206863031903961001115262264725,1406844118350424846803556455932,1135527166782063755886894901974,1519165287914002763737618633091,996010289065673177850846377481,371600523815694056217842715053,129847177316613353154153974279,352330486990925499228717580585,1017765448790932171279811642165,1433436683149216631059141152075;\
1009685808223401426436430956537,258922626431311704253325334820,1276223905299619567218385819195,1147858729340651144661678078146,379407274190209219911946367719,329833105528624474543750062167,256283060111285711071114894424,136997464022640470418628635539,222924483149436923250339645988,533933614069276465359997429242,520262987061064278172278820848;\
164702901413175571024787662458,655238699500907460392446261169,965625166718045380381689226549,1071426559429200128863869684656,449086159118648466551895118767,535883845434836893630868732885,1553939642921397247338828413254,1060076787635093399832204779136,1368115921218007723999336877173,289695718884563488256559710427,1356640294711721278782062658888;\
922630905399525260000093929994,551431336891217941564420926962,1056385206192367531530838072685,1113522169256426546342296392547,975272205488642787249618518787,955624762083847931837015353209,93071916674634161672470238902,1541649378684794597828411051118,1527839729351951805261834890693,349997278747674894681258730652,1552342349608616355801889268919;\
963459589383598562018177749752,1132717320566609293003788690742,316179628408537105443051537993,1241855377201208905405723396449,1512145766860580284689680204022,1099751801987270761354270484998,622803012914833420357790117917,1473762937993145553889642210231,1121781181107860282693263477238,1431793180833919028626998959033,55050093670032697832281639063;\
100555131771175892868197154553,577583646631044798844861723821,1385320701511442069219878257362,183860631885594003992846286268,32008314845408675281219089928,1507403027425042001322428052682,656416237089433984300932015309,414810170176453204551345399144,557603633162475795415500819773,1200203512573291577244196877167,153741354086299807508996597315;\
426815019933654451684904899249,1543641235423698037507117359158,1248739383927352286488955908609,1123882428568203487069026916985,1517813340868114232543713357124,1284810826947295462632170828937,1472630682639358522809607240536,65008969035399409697561805085,1509452873561031881054946401259,341711083640765130484364141310,401360657474662995294110518527;\
938484118765202203304362162040,574212223671864644369145804865,494579947591569359931543321437,306630864129642455320733647667,1168820114115931420067503396521,1491965460505795462017274205454,667159511231025671783811411635,1563000782662183621549486418802,1061449077114573139594517140137,83823913714522305314584730587,927501430683326031510304233269;\
206536697302628849176696664231,179686925869994410671656865907,492838882179370361718649949967,848703717897335639520663757077,1389642709680368053623850120830,687500706891467351496250659649,1501627305619540969964278052946,243075692035757450116660438707,541393941998787305362891553080,361166469930844416782321878203,1174156285873862484691738227504;\
750648049400456054232379362254,12760947296282422808121790796,50121244765532070760393937492,773597005161058394954830587395,427780305615784221291876960913,439866401684107143863260946693,1151706746583205477675593572055,180180437581372336737660659947,596621207138191186673374868457,777562023066700921328995140931,676718445113431284778427072189;\
204798623291766976852392292493,1238825510314717111746711946549,1483578605632522365990506249137,755663458278585057053698362990,123383448184039701362706931116,1352650246958426873060474881813,934780296564893116666482812658,842215682330601899711437622631,1369802768957137145312424165874,1390920255925841549336977732876,208836677605260542165482452793]
/* 
This should be the matrix of frobenius!
*/ 
B = A; 
/* Freed 166 lists. */
