/* Comments begin... 
Coefficient of   x^21 * y^1               = -3
Coefficient of   x^10 * y^2 * z^6         = -2
Coefficient of   x^8 * y^5 * z^5         = 4
Coefficient of   x^6 * y^8 * z^4         = -1
Coefficient of   x^4 * y^11 * z^3         = -5
Coefficient of   x^2 * y^14 * z^2         = 1
Coefficient of   x^1 * z^13               = -1
Coefficient of   y^17 * z^1               = 0

Here is the polynomial we're using this time:

-3*x^21*y^1 + -2*x^10*y^2*z^6 + 4*x^8*y^5*z^5 + -1*x^6*y^8*z^4 + -5*x^4*y^11*z^3 + 1*x^2*y^14*z^2 + -1*x^1*z^13

Allocate G_len 20 elements and old = 0.
Allocate M_len = 400 elements.
Allocate G_len 40 elements and old = 20.
Allocate M_len = 800 elements.
Allocate G_len 80 elements and old = 40.
Allocate M_len = 1600 elements.
Allocate M_len = 3200 elements.
Allocate G_len 160 elements and old = 80.
Allocate M_len = 6400 elements.
Allocate M_len = 12800 elements.
Not smooth!
Coefficient of   x^21 * y^1               = -2
Coefficient of   x^10 * y^2 * z^6         = 3
Coefficient of   x^8 * y^5 * z^5         = 5
Coefficient of   x^6 * y^8 * z^4         = -3
Coefficient of   x^4 * y^11 * z^3         = -3
Coefficient of   x^2 * y^14 * z^2         = -5
Coefficient of   x^1 * z^13               = 1
Coefficient of   y^17 * z^1               = 1

Here is the polynomial we're using this time:

-2*x^21*y^1 + 3*x^10*y^2*z^6 + 5*x^8*y^5*z^5 + -3*x^6*y^8*z^4 + -3*x^4*y^11*z^3 + -5*x^2*y^14*z^2 + 1*x^1*z^13 + 1*y^17*z^1

Allocate G_len 320 elements and old = 160.
The final length of G is 164
[10, 2, 5, 0]  	391	7 
[21, 0, 0, 0]  	399	7  <--- 1
[20, 1, 0, 0]  	403	7 
[8, 5, 5, 0]  	422	6 
[8, 8, 4, 0]  	460	7 
[6, 11, 4, 0]  	491	6 
[6, 14, 3, 0]  	529	7 
[5, 0, 15, 0]  	560	6 
[18, 5, 4, 0]  	581	12 
[14, 11, 3, 0]  	612	11 
[18, 8, 3, 0]  	619	11 
[11, 0, 14, 0]  	643	10 
[14, 14, 2, 0]  	650	10 
[18, 11, 2, 0]  	657	10 
[9, 3, 14, 0]  	674	9 
[12, 17, 2, 0]  	681	9 
[15, 0, 13, 0]  	688	9 
[10, 19, 2, 0]  	689	9 
[9, 20, 2, 0]  	693	8 
[18, 14, 1, 0]  	695	9 
[7, 22, 2, 0]  	701	8 
[7, 6, 14, 0]  	705	8 
[12, 20, 1, 0]  	719	8 
[7, 8, 13, 0]  	720	8 
[6, 9, 13, 0]  	724	7 
[16, 17, 1, 0]  	726	8 
[10, 22, 1, 0]  	727	8 
[6, 8, 14, 0]  	732	7 
[5, 25, 2, 0]  	732	7 
[19, 0, 12, 0]  	733	8 
[14, 19, 1, 0]  	734	8 
[5, 9, 14, 0]  	736	7 
[7, 25, 1, 0]  	739	7 
[6, 26, 1, 0]  	743	7 
[8, 26, 0, 0]  	750	7 
[5, 11, 13, 0]  	751	7 
[4, 12, 13, 0]  	755	6 
[12, 23, 0, 0]  	757	7 
[6, 28, 0, 0]  	758	7 
[5, 29, 0, 0]  	762	6 
[4, 11, 14, 0]  	763	6 
[4, 26, 3, 0]  	767	6 
[5, 28, 1, 0]  	770	6 
[4, 14, 12, 0]  	770	6 
[5, 24, 4, 0]  	771	6 
[14, 22, 0, 0]  	772	7 
[4, 29, 1, 0]  	774	6 
[19, 18, 0, 0]  	775	7 
[18, 19, 0, 0]  	779	7 
[5, 15, 11, 0]  	781	6 
[4, 28, 2, 0]  	782	6 
[3, 14, 13, 0]  	782	6 
[3, 29, 2, 0]  	786	5 
[5, 18, 9, 0]  	788	6 
[4, 31, 0, 0]  	789	6 
[3, 32, 0, 0]  	793	5 
[5, 21, 7, 0]  	795	6 
[5, 17, 10, 0]  	796	6 
[4, 18, 10, 0]  	800	5 
[3, 31, 1, 0]  	801	5 
[3, 0, 24, 0]  	801	5 
[5, 20, 8, 0]  	803	6 
[2, 32, 1, 0]  	805	5 
[17, 21, 0, 0]  	806	6 
[4, 25, 5, 0]  	806	6 
[4, 21, 8, 0]  	807	5 
[4, 17, 11, 0]  	808	5 
[5, 23, 6, 0]  	810	6 
[4, 1, 23, 0]  	812	5 
[4, 24, 6, 0]  	814	5 
[4, 20, 9, 0]  	815	5 
[4, 4, 21, 0]  	819	5 
[3, 17, 12, 0]  	820	5 
[4, 23, 7, 0]  	822	5 
[2, 18, 12, 0]  	824	4 
[4, 3, 22, 0]  	827	5 
[3, 12, 16, 0]  	829	5 
[3, 4, 22, 0]  	831	4 
[4, 10, 17, 0]  	833	5 
[4, 6, 20, 0]  	834	5 
[3, 11, 17, 0]  	837	5 
[3, 7, 20, 0]  	838	4 
[3, 3, 23, 0]  	839	4 
[4, 9, 18, 0]  	841	5 
[2, 35, 0, 0]  	843	4 
[3, 10, 18, 0]  	845	4 
[3, 6, 21, 0]  	846	4 
[3, 21, 10, 0]  	850	4 
[3, 9, 19, 0]  	853	4 
[3, 28, 5, 0]  	856	5 
[3, 24, 8, 0]  	857	4 
[3, 20, 11, 0]  	858	4 
[2, 29, 5, 0]  	860	4 
[2, 21, 11, 0]  	862	3 
[3, 27, 6, 0]  	864	4 
[3, 23, 9, 0]  	865	4 
[2, 28, 6, 0]  	868	4 
[2, 24, 9, 0]  	869	3 
[3, 26, 7, 0]  	872	4 
[2, 4, 24, 0]  	874	4 
[2, 31, 4, 0]  	875	5 
[2, 27, 7, 0]  	876	3 
[2, 23, 10, 0]  	877	3 
[2, 15, 16, 0]  	879	4 
[2, 7, 22, 0]  	881	3 
[2, 26, 8, 0]  	884	3 
[2, 14, 17, 0]  	887	4 
[1, 38, 0, 0]  	893	3 
[2, 13, 18, 0]  	895	3 
[2, 9, 21, 0]  	896	3 
[2, 1, 27, 0]  	898	4 
[1, 14, 18, 0]  	899	3 
[1, 10, 21, 0]  	900	2 
[2, 12, 19, 0]  	903	3 
[2, 0, 28, 0]  	906	4 
[1, 13, 19, 0]  	907	2 
[1, 32, 5, 0]  	910	3 
[1, 12, 20, 0]  	915	2 
[1, 31, 6, 0]  	918	3 
[1, 27, 9, 0]  	919	2 
[0, 32, 6, 0]  	922	2 
[1, 30, 7, 0]  	926	2 
[1, 18, 16, 0]  	929	3 
[0, 31, 7, 0]  	930	2 
[1, 29, 8, 0]  	934	2 
[0, 30, 8, 0]  	938	1 
[1, 1, 29, 0]  	941	2 
[1, 24, 12, 0]  	943	3 
[1, 35, 4, 0]  	948	3 
[1, 0, 30, 0]  	949	2 
[0, 1, 30, 0]  	953	1 
[0, 16, 19, 0]  	957	1 
[0, 35, 5, 0]  	960	2 
[0, 0, 31, 0]  	961	1  <--- 3
[1, 21, 15, 0]  	967	3 
[0, 18, 18, 0]  	972	1 
[1, 4, 28, 0]  	979	2 
[0, 4, 29, 0]  	991	1 
[0, 38, 4, 0]  	998	2 
[0, 21, 17, 0]  	1010	1 
[0, 44, 0, 0]  	1012	2  <--- 2
[0, 7, 28, 0]  	1029	1 
[0, 41, 3, 0]  	1036	2 
[0, 24, 16, 0]  	1048	1 
[0, 10, 27, 0]  	1067	1 
[0, 27, 15, 0]  	1086	1 
[0, 13, 26, 0]  	1105	1 
[8, 23, 1, 1]  	712	8 
[16, 20, 0, 1]  	764	7 
[10, 25, 0, 1]  	765	7 
[4, 7, 19, 1]  	826	5 
[2, 10, 20, 1]  	888	3 
[1, 15, 17, 1]  	891	3 
[1, 7, 27, 1]  	1017	2 
[7, 9, 12, 29]  	712	6 
[7, 26, 0, 29]  	731	6 
[5, 21, 6, 29]  	764	6 
[5, 17, 9, 29]  	765	6 
[4, 24, 5, 29]  	783	5 
[4, 20, 8, 29]  	784	4 
[3, 24, 7, 29]  	826	4 
[1, 27, 8, 29]  	888	2 
[0, 32, 5, 29]  	891	2 
[0, 24, 15, 29]  	1017	1 
------
The gap is between 2 and 28.
Lengths: 3 3 5 5 3 3.
For 982 = 5*d/2-d1-d2-d3 you get 3 in char 0.
1*x^1*y^23*z^14
1*y^40*z^2
1*y^9*z^25

For 560 = 3*d/2-d1-d2-d3 you get 5 in char 0.
1*x^4*y^17*z^3
1*x^3*y^3*z^14
1*x^2*y^20*z^2
1*x^1*y^6*z^13
1*y^23*z^1

For 138 = d/2-d1-d2-d3 you get 3 in char 0.
1*x^4*z^2
1*x^2*y^3*z^1
1*y^6

Extra powers of p used 0.
The invariant extra is equal to 1.
Start computing 11^3 Delta^1 (x1x2x3)^10... Done.
Start computing 11^4 Delta^2 (x1x2x3)^10... Done.
Start computing 11^5 Delta^3 (x1x2x3)^10... Done.
Start computing 11^6 Delta^4 (x1x2x3)^10... Done.
Start computing 11^7 Delta^5 (x1x2x3)^10... Done.
Start computing 11^8 Delta^6 (x1x2x3)^10... Done.
Start computing 11^9 Delta^7 (x1x2x3)^10... Done.
Start computing aa.
1 2 3 4 5 6 7 8 9 10 11 
*/
A = \
[1275267152892070393659241520582,336583841253016011757708935720,291416667129351391545435268280,688161373915401845847679748358,1562208771953662036786963962713,1170167460819261100432973855030,179781695564190924859367748255,899429516087734373648371189054,291455530076622821922414916195,71694505567250201906147923947,852722279328432730455270395924;\
1351208447873914795126476273,946163628281783815742052553094,1059036737559654609559724576254,566000141694308107967962411696,1466684477572414993396190913721,1547347731365237662974996301969,387766522285036415716616021546,1572525831275830861933012241644,1198309081870530464235318396391,149562355058725502220798622426,820852835512170679810228611711;\
153032059001936094665157440937,1311881721346956974407847842720,859718312178774301960780075694,479967128499088984859326710401,293925069624626318251148314506,395194930512634891199251061294,989466224674276579401663974108,1581005109415926009036334225585,793073133512457211588257075190,278932664901620558136358187841,443970632611560165108915103912;\
113227427497010237813042205980,1339632455214489855072884447423,245469430438705143771800122981,1331389922295204735232130759359,752036080015154643765617329516,273533473131068700965830647463,213190223893255022019697690478,1374244768406009360213088806928,1157479297763070354875818702720,160509090403336628530525123208,184871299488509674681058428296;\
32101277168679290496039950559,86595487217711521048770056276,801380658422531922352588766381,939550080552813522893295758002,306206794669339455490724944929,1261605272573995878255392725774,1387627448176637730326786861878,1140459955733465326608846450957,84145033870772001241330416266,454278151976404130360692962068,823907320147575701681392565168;\
1127569423126656965308467825573,884652046167732274999264522844,867203546342559775036263446786,371418582128487032892527507216,714964024174992491236538361204,1305246038756709602881502772378,1003421659228048621761658705412,765389336980523820065675179280,657996190904737798267532203991,447386154432235003266708199377,948483830544142860845880975467;\
1347058472588541026067533813400,1217109731135459688462142923344,400865399980519429460430212195,1383020979368277263136294252641,1384585088384828500247119924310,663346846363474734676446771133,1537305916303715330171435080781,1337385285048996486142665777985,1168947749577607894779704507743,1578509484907891525324257140988,250287438236473444769839163276;\
246305113398549114169440187858,1171879588492874329067185331995,735825299924230594106678488317,859487917532684588990335807907,1559112078988652817785630842698,918038580081396216561503062337,491325884364571706240487281937,123195842555545843644963121027,899608435188862471397701329987,513239228622762198203348248646,1392705448862352749486752832618;\
849353848599702867158783254380,901256222614354314018560234527,442042824885613273905404436029,949365261240515674477673809179,1100412935972736030297113907248,110348915508047508308129191793,19356424369719513540575738066,1085482770435478100732347160255,1084837205181587909785834102761,509363413309204720690731119637,416612529528473144845396832216;\
422557918671431777836383594951,1407548503056867580255649856642,1306631028345067912088863367805,1492408036579967000791544376470,381464012593020656558384713984,472245543449182398963854885494,738899444038325406534848523582,606552629995015984965313400959,973152139619853289208278338480,165465729213201305535801665005,1018142299087386044639010100663;\
66887774959688113375085979424,454760715682959436852097155111,570645948886953661843727657095,1093573927275398458298751951906,1481273277129189249196152875125,1429081017210287167072511311773,1554842879167300886544838226044,463550171816568872071048673628,1040698113010508440731843612881,120911850206352743318635610580,327635849988085670328740713424]
/* 
This should be the matrix of frobenius!
*/ 
B = A; 
/* Freed 166 lists. */
