/* Comments begin... 
Coefficient of   x^21 * y^1               = 2
Coefficient of   x^10 * y^2 * z^6         = -4
Coefficient of   x^8 * y^5 * z^5         = 1
Coefficient of   x^6 * y^8 * z^4         = 4
Coefficient of   x^4 * y^11 * z^3         = 4
Coefficient of   x^2 * y^14 * z^2         = -4
Coefficient of   x^1 * z^13               = 2
Coefficient of   y^17 * z^1               = -4

Here is the polynomial we're using this time:

2*x^21*y^1 + -4*x^10*y^2*z^6 + 1*x^8*y^5*z^5 + 4*x^6*y^8*z^4 + 4*x^4*y^11*z^3 + -4*x^2*y^14*z^2 + 2*x^1*z^13 + -4*y^17*z^1

Allocate G_len 20 elements and old = 0.
Allocate M_len = 400 elements.
Allocate G_len 40 elements and old = 20.
Allocate M_len = 800 elements.
Allocate G_len 80 elements and old = 40.
Allocate M_len = 1600 elements.
Allocate M_len = 3200 elements.
Allocate G_len 160 elements and old = 80.
Allocate M_len = 6400 elements.
Allocate M_len = 12800 elements.
Allocate G_len 320 elements and old = 160.
The final length of G is 163
[10, 2, 5, 0]  	391	7 
[21, 0, 0, 0]  	399	7  <--- 1
[20, 1, 0, 0]  	403	7 
[8, 5, 5, 0]  	422	6 
[8, 8, 4, 0]  	460	7 
[6, 11, 4, 0]  	491	6 
[6, 14, 3, 0]  	529	7 
[5, 0, 15, 0]  	560	6 
[18, 5, 4, 0]  	581	12 
[14, 11, 3, 0]  	612	11 
[18, 8, 3, 0]  	619	11 
[11, 0, 14, 0]  	643	10 
[14, 14, 2, 0]  	650	10 
[18, 11, 2, 0]  	657	10 
[9, 3, 14, 0]  	674	9 
[12, 17, 2, 0]  	681	9 
[15, 0, 13, 0]  	688	9 
[10, 19, 2, 0]  	689	9 
[9, 20, 2, 0]  	693	8 
[18, 14, 1, 0]  	695	9 
[7, 22, 2, 0]  	701	8 
[7, 6, 14, 0]  	705	8 
[8, 23, 1, 0]  	712	8 
[12, 20, 1, 0]  	719	8 
[7, 8, 13, 0]  	720	8 
[6, 9, 13, 0]  	724	7 
[16, 17, 1, 0]  	726	8 
[10, 22, 1, 0]  	727	8 
[6, 8, 14, 0]  	732	7 
[5, 25, 2, 0]  	732	7 
[19, 0, 12, 0]  	733	8 
[14, 19, 1, 0]  	734	8 
[5, 9, 14, 0]  	736	7 
[7, 25, 1, 0]  	739	7 
[6, 26, 1, 0]  	743	7 
[8, 26, 0, 0]  	750	7 
[5, 11, 13, 0]  	751	7 
[4, 12, 13, 0]  	755	6 
[12, 23, 0, 0]  	757	7 
[6, 28, 0, 0]  	758	7 
[5, 29, 0, 0]  	762	6 
[4, 11, 14, 0]  	763	6 
[10, 25, 0, 0]  	765	7 
[4, 26, 3, 0]  	767	6 
[5, 28, 1, 0]  	770	6 
[4, 14, 12, 0]  	770	6 
[5, 24, 4, 0]  	771	6 
[14, 22, 0, 0]  	772	7 
[4, 29, 1, 0]  	774	6 
[19, 18, 0, 0]  	775	7 
[18, 19, 0, 0]  	779	7 
[5, 15, 11, 0]  	781	6 
[4, 28, 2, 0]  	782	6 
[3, 14, 13, 0]  	782	6 
[3, 29, 2, 0]  	786	5 
[5, 18, 9, 0]  	788	6 
[4, 31, 0, 0]  	789	6 
[5, 21, 7, 0]  	795	6 
[5, 17, 10, 0]  	796	6 
[4, 18, 10, 0]  	800	5 
[3, 31, 1, 0]  	801	5 
[3, 0, 24, 0]  	801	5 
[5, 20, 8, 0]  	803	6 
[2, 32, 1, 0]  	805	5 
[17, 21, 0, 0]  	806	6 
[4, 25, 5, 0]  	806	6 
[4, 21, 8, 0]  	807	5 
[4, 17, 11, 0]  	808	5 
[5, 23, 6, 0]  	810	6 
[4, 1, 23, 0]  	812	5 
[4, 24, 6, 0]  	814	5 
[4, 20, 9, 0]  	815	5 
[4, 4, 21, 0]  	819	5 
[3, 17, 12, 0]  	820	5 
[2, 18, 12, 0]  	824	4 
[4, 7, 19, 0]  	826	5 
[4, 3, 22, 0]  	827	5 
[3, 12, 16, 0]  	829	5 
[3, 4, 22, 0]  	831	4 
[4, 10, 17, 0]  	833	5 
[4, 6, 20, 0]  	834	5 
[3, 11, 17, 0]  	837	5 
[3, 7, 20, 0]  	838	4 
[3, 34, 0, 0]  	839	4 
[3, 3, 23, 0]  	839	4 
[4, 9, 18, 0]  	841	5 
[2, 35, 0, 0]  	843	4 
[3, 10, 18, 0]  	845	4 
[3, 6, 21, 0]  	846	4 
[3, 21, 10, 0]  	850	4 
[3, 9, 19, 0]  	853	4 
[3, 24, 8, 0]  	857	4 
[3, 20, 11, 0]  	858	4 
[2, 29, 5, 0]  	860	4 
[2, 21, 11, 0]  	862	3 
[3, 27, 6, 0]  	864	4 
[2, 28, 6, 0]  	868	4 
[2, 24, 9, 0]  	869	3 
[3, 26, 7, 0]  	872	4 
[2, 4, 24, 0]  	874	4 
[2, 31, 4, 0]  	875	5 
[2, 27, 7, 0]  	876	3 
[2, 23, 10, 0]  	877	3 
[2, 15, 16, 0]  	879	4 
[2, 7, 22, 0]  	881	3 
[2, 26, 8, 0]  	884	3 
[2, 14, 17, 0]  	887	4 
[2, 10, 20, 0]  	888	3 
[1, 15, 17, 0]  	891	3 
[1, 38, 0, 0]  	893	3 
[2, 13, 18, 0]  	895	3 
[2, 9, 21, 0]  	896	3 
[2, 1, 27, 0]  	898	4 
[1, 10, 21, 0]  	900	2 
[2, 12, 19, 0]  	903	3 
[2, 0, 28, 0]  	906	4 
[1, 13, 19, 0]  	907	2 
[1, 32, 5, 0]  	910	3 
[1, 12, 20, 0]  	915	2 
[1, 31, 6, 0]  	918	3 
[1, 27, 9, 0]  	919	2 
[0, 32, 6, 0]  	922	2 
[1, 18, 16, 0]  	929	3 
[0, 31, 7, 0]  	930	2 
[1, 29, 8, 0]  	934	2 
[0, 30, 8, 0]  	938	1 
[1, 1, 29, 0]  	941	2 
[1, 24, 12, 0]  	943	3 
[1, 35, 4, 0]  	948	3 
[0, 1, 30, 0]  	953	1 
[0, 16, 19, 0]  	957	1 
[0, 35, 5, 0]  	960	2 
[0, 0, 31, 0]  	961	1  <--- 3
[1, 21, 15, 0]  	967	3 
[0, 18, 18, 0]  	972	1 
[1, 4, 28, 0]  	979	2 
[0, 4, 29, 0]  	991	1 
[0, 38, 4, 0]  	998	2 
[0, 21, 17, 0]  	1010	1 
[0, 44, 0, 0]  	1012	2  <--- 2
[1, 7, 27, 0]  	1017	2 
[0, 7, 28, 0]  	1029	1 
[0, 41, 3, 0]  	1036	2 
[0, 24, 16, 0]  	1048	1 
[0, 10, 27, 0]  	1067	1 
[0, 27, 15, 0]  	1086	1 
[0, 13, 26, 0]  	1105	1 
[16, 20, 0, 1]  	764	7 
[3, 32, 0, 1]  	793	5 
[4, 23, 7, 1]  	822	5 
[3, 28, 5, 1]  	856	5 
[3, 23, 9, 1]  	865	4 
[1, 14, 18, 1]  	899	3 
[1, 30, 7, 1]  	926	2 
[1, 0, 30, 1]  	949	2 
[5, 21, 6, 29]  	764	6 
[4, 24, 5, 29]  	783	5 
[3, 1, 23, 29]  	793	4 
[3, 9, 18, 29]  	822	3 
[2, 14, 16, 29]  	856	4 
[2, 9, 20, 29]  	865	2 
[0, 31, 6, 29]  	899	2 
[0, 16, 18, 29]  	926	1 
------
The gap is between 2 and 28.
Lengths: 3 3 5 5 3 3.
For 982 = 5*d/2-d1-d2-d3 you get 3 in char 0.
1*x^1*y^23*z^14
1*y^40*z^2
1*y^9*z^25

For 560 = 3*d/2-d1-d2-d3 you get 5 in char 0.
1*x^4*y^17*z^3
1*x^3*y^3*z^14
1*x^2*y^20*z^2
1*x^1*y^6*z^13
1*y^23*z^1

For 138 = d/2-d1-d2-d3 you get 3 in char 0.
1*x^4*z^2
1*x^2*y^3*z^1
1*y^6

Extra powers of p used 0.
The invariant extra is equal to 1.
Start computing 11^3 Delta^1 (x1x2x3)^10... Done.
Start computing 11^4 Delta^2 (x1x2x3)^10... Done.
Start computing 11^5 Delta^3 (x1x2x3)^10... Done.
Start computing 11^6 Delta^4 (x1x2x3)^10... Done.
Start computing 11^7 Delta^5 (x1x2x3)^10... Done.
Start computing 11^8 Delta^6 (x1x2x3)^10... Done.
Start computing 11^9 Delta^7 (x1x2x3)^10... Done.
Start computing aa.
1 2 3 4 5 6 7 8 9 10 11 
*/
A = \
[1406084635396485293725267514995,157927878388620402258325636178,891168336287953633251006719509,857357307123099180705513785766,751970461374442833415554699268,1534038118959430281201076150617,651939075256354661727714660480,679915612235922009985365459802,252326162447309039794727797973,1239033258818833091770157783276,376976436282400160294105833607;\
1523469364985926962487610676701,103489066319424427569064798946,188619679761992854594617184516,1197519294835201401725244913792,1071249221692359191267882993853,881647123233711142575466696409,1277078778346751010189431465065,664125919818951100074643501543,461531451006710513541961280487,1362592374113944417452784081438,151017566696519576790081753914;\
945206645082634845047815257932,1023863839754419487245919149973,149730632668968435998498837013,478289174776782796946409626417,358740849307777995316757824787,254066308007678124472700188739,1042654851208414123109890171624,125358780933135680022536682887,886078049980342880913150354632,957689263977981037850183378311,500134636293628992430250801754;\
46504759227600733079516102748,1062635992971623636776393263216,191456623795505179278683579238,250322563239998277805927603651,757764296575385501359554268408,184777520661377406248429644536,712818355216713398777146978252,1095200707817587561928499955402,1490977435949641047339861494631,980495061766761573730608967276,1372019551772064324529202486981;\
1263708269767744766901743877036,812404516345981014763468474874,107729133143921548485235984021,627759985810281451219721084522,962555366864373770686870211804,253671063929837728206829356098,983668033065857031823222013854,368671495405897889599011312552,656649206342687226563914748102,1200541612738244041823795515674,621567352660844325829750768001;\
396477719862117208033683052016,1492094066573629430430398184701,1542059964833696422667386363401,617428957142037912294390685245,567415818682236879640693781076,17362723946486355243765227401,9680412269332310670056884409,1235946584877283045543516308349,806737068337476620937542985178,753965444067366393291552581139,624868331616965948633826631905;\
1291296527795400737945473838273,1322343187743841415035699916861,838777688885810774739281354176,1501934902881326813326665636585,21159901925427273463763897622,1290232196234808600709568455735,845474357705968866794023604466,1438432731997482403106569328750,550838223781556418102575884616,230027429461005744844063358296,996245998916747098051378050545;\
959317653650605207646550139973,52504104346927569389226681609,209029172387691404949798857962,1006803779312844078842938670921,232902535717255215228754920847,1489381714368550010015718443282,1200982912376102259767146531748,1465636429291871511707841552370,950109973570470882108531561937,91509059563458366379665525256,742023306097779133703170542471;\
1298982593784631030962236998328,468917955862301169765808476369,1295103750967837500547449773559,100321981010796855174232673426,424205305329309310501561867484,843610183985531020358355062249,99236139225589126589569174885,1385547749494569435603225420518,1123464590076622539752793514497,1558256170667037592390127624609,1128263988409936182514439375954;\
830776916697557084491995852915,529480829659811818897353531535,1248565378895001872846422496424,1316898950452120935363281425729,108672736647195917805193802305,503711039355205225263010022589,630697493782917327122532622754,653357445189174813261234306433,141867280306865983169031112667,833478733362351604283846988172,187305078311039083017108766874;\
719849623531090897755527821727,345549999787131797244623318705,542651978205453832698113008449,1011591226524570345327652665929,1219255236949722900267552056471,592763228303396950957607642324,948671023019607322194008699604,1528366793481579938357246902379,54253447817693051257975199632,1014401844156225072545876459427,1536295878570996029831319964318]
/* 
This should be the matrix of frobenius!
*/ 
B = A; 
/* Freed 166 lists. */
