/* Comments begin... 
Coefficient of   x^21 * y^1               = -2
Coefficient of   x^10 * y^2 * z^6         = 4
Coefficient of   x^8 * y^5 * z^5         = 0
Coefficient of   x^6 * y^8 * z^4         = 5
Coefficient of   x^4 * y^11 * z^3         = 1
Coefficient of   x^2 * y^14 * z^2         = -5
Coefficient of   x^1 * z^13               = -4
Coefficient of   y^17 * z^1               = 1

Here is the polynomial we're using this time:

-2*x^21*y^1 + 4*x^10*y^2*z^6 + 5*x^6*y^8*z^4 + 1*x^4*y^11*z^3 + -5*x^2*y^14*z^2 + -4*x^1*z^13 + 1*y^17*z^1

Allocate G_len 20 elements and old = 0.
Allocate M_len = 400 elements.
Allocate G_len 40 elements and old = 20.
Allocate M_len = 800 elements.
Allocate G_len 80 elements and old = 40.
Allocate M_len = 1600 elements.
Allocate M_len = 3200 elements.
Allocate G_len 160 elements and old = 80.
Allocate M_len = 6400 elements.
Allocate M_len = 12800 elements.
Allocate G_len 320 elements and old = 160.
The final length of G is 161
[10, 2, 5, 0]  	391	6 
[21, 0, 0, 0]  	399	6  <--- 1
[20, 1, 0, 0]  	403	6 
[6, 8, 4, 0]  	422	5 
[6, 14, 3, 0]  	529	7 
[5, 0, 15, 0]  	560	6 
[16, 8, 3, 0]  	581	10 
[14, 11, 3, 0]  	612	9 
[11, 0, 14, 0]  	643	10 
[14, 14, 2, 0]  	650	10 
[18, 11, 2, 0]  	657	10 
[9, 3, 14, 0]  	674	9 
[12, 17, 2, 0]  	681	9 
[15, 0, 13, 0]  	688	9 
[9, 20, 2, 0]  	693	8 
[18, 14, 1, 0]  	695	9 
[8, 5, 14, 0]  	701	8 
[7, 6, 14, 0]  	705	8 
[9, 6, 13, 0]  	712	8 
[12, 20, 1, 0]  	719	8 
[8, 22, 2, 0]  	720	8 
[7, 23, 2, 0]  	724	7 
[16, 17, 1, 0]  	726	8 
[10, 22, 1, 0]  	727	8 
[9, 23, 1, 0]  	731	7 
[5, 25, 2, 0]  	732	7 
[19, 0, 12, 0]  	733	8 
[14, 19, 1, 0]  	734	8 
[5, 9, 14, 0]  	736	7 
[7, 25, 1, 0]  	739	7 
[6, 26, 1, 0]  	743	7 
[8, 26, 0, 0]  	750	7 
[5, 11, 13, 0]  	751	7 
[4, 12, 13, 0]  	755	6 
[12, 23, 0, 0]  	757	7 
[6, 28, 0, 0]  	758	7 
[5, 29, 0, 0]  	762	6 
[4, 11, 14, 0]  	763	6 
[10, 25, 0, 0]  	765	7 
[4, 26, 3, 0]  	767	6 
[5, 28, 1, 0]  	770	6 
[4, 14, 12, 0]  	770	6 
[5, 24, 4, 0]  	771	6 
[14, 22, 0, 0]  	772	7 
[19, 18, 0, 0]  	775	7 
[18, 19, 0, 0]  	779	7 
[5, 15, 11, 0]  	781	6 
[4, 28, 2, 0]  	782	6 
[3, 14, 13, 0]  	782	6 
[3, 29, 2, 0]  	786	5 
[5, 18, 9, 0]  	788	6 
[4, 31, 0, 0]  	789	6 
[3, 32, 0, 0]  	793	5 
[5, 21, 7, 0]  	795	6 
[5, 17, 10, 0]  	796	6 
[4, 18, 10, 0]  	800	5 
[3, 31, 1, 0]  	801	5 
[3, 0, 24, 0]  	801	5 
[5, 20, 8, 0]  	803	6 
[2, 32, 1, 0]  	805	5 
[17, 21, 0, 0]  	806	6 
[4, 25, 5, 0]  	806	6 
[4, 21, 8, 0]  	807	5 
[4, 17, 11, 0]  	808	5 
[5, 23, 6, 0]  	810	6 
[4, 1, 23, 0]  	812	5 
[4, 24, 6, 0]  	814	5 
[4, 20, 9, 0]  	815	5 
[4, 4, 21, 0]  	819	5 
[3, 17, 12, 0]  	820	5 
[4, 23, 7, 0]  	822	5 
[2, 18, 12, 0]  	824	4 
[4, 3, 22, 0]  	827	5 
[3, 4, 22, 0]  	831	4 
[4, 10, 17, 0]  	833	5 
[4, 6, 20, 0]  	834	5 
[3, 11, 17, 0]  	837	5 
[3, 7, 20, 0]  	838	4 
[3, 3, 23, 0]  	839	4 
[4, 9, 18, 0]  	841	5 
[2, 35, 0, 0]  	843	4 
[3, 10, 18, 0]  	845	4 
[3, 6, 21, 0]  	846	4 
[3, 21, 10, 0]  	850	4 
[3, 9, 19, 0]  	853	4 
[3, 28, 5, 0]  	856	5 
[3, 24, 8, 0]  	857	4 
[3, 20, 11, 0]  	858	4 
[2, 29, 5, 0]  	860	4 
[2, 21, 11, 0]  	862	3 
[3, 27, 6, 0]  	864	4 
[3, 23, 9, 0]  	865	4 
[2, 28, 6, 0]  	868	4 
[2, 24, 9, 0]  	869	3 
[3, 26, 7, 0]  	872	4 
[2, 4, 24, 0]  	874	4 
[2, 31, 4, 0]  	875	5 
[2, 27, 7, 0]  	876	3 
[2, 23, 10, 0]  	877	3 
[2, 7, 22, 0]  	881	3 
[2, 26, 8, 0]  	884	3 
[2, 14, 17, 0]  	887	4 
[2, 10, 20, 0]  	888	3 
[1, 15, 17, 0]  	891	3 
[1, 38, 0, 0]  	893	3 
[2, 13, 18, 0]  	895	3 
[2, 9, 21, 0]  	896	3 
[2, 1, 27, 0]  	898	4 
[1, 14, 18, 0]  	899	3 
[1, 10, 21, 0]  	900	2 
[2, 12, 19, 0]  	903	3 
[2, 0, 28, 0]  	906	4 
[1, 13, 19, 0]  	907	2 
[1, 32, 5, 0]  	910	3 
[1, 12, 20, 0]  	915	2 
[1, 31, 6, 0]  	918	3 
[1, 27, 9, 0]  	919	2 
[0, 32, 6, 0]  	922	2 
[1, 30, 7, 0]  	926	2 
[1, 18, 16, 0]  	929	3 
[1, 29, 8, 0]  	934	2 
[0, 30, 8, 0]  	938	1 
[1, 1, 29, 0]  	941	2 
[1, 35, 4, 0]  	948	3 
[1, 0, 30, 0]  	949	2 
[0, 1, 30, 0]  	953	1 
[0, 16, 19, 0]  	957	1 
[0, 35, 5, 0]  	960	2 
[0, 0, 31, 0]  	961	1  <--- 3
[1, 21, 15, 0]  	967	3 
[0, 18, 18, 0]  	972	1 
[1, 4, 28, 0]  	979	2 
[0, 4, 29, 0]  	991	1 
[0, 38, 4, 0]  	998	2 
[0, 21, 17, 0]  	1010	1 
[0, 44, 0, 0]  	1012	2  <--- 2
[1, 7, 27, 0]  	1017	2 
[0, 7, 28, 0]  	1029	1 
[0, 41, 3, 0]  	1036	2 
[0, 24, 16, 0]  	1048	1 
[0, 10, 27, 0]  	1067	1 
[0, 27, 15, 0]  	1086	1 
[0, 13, 26, 0]  	1105	1 
[10, 19, 2, 1]  	689	9 
[16, 20, 0, 1]  	764	7 
[4, 29, 1, 1]  	774	6 
[4, 7, 19, 1]  	826	5 
[3, 12, 16, 1]  	829	5 
[2, 15, 16, 1]  	879	4 
[0, 31, 7, 1]  	930	2 
[1, 24, 12, 1]  	943	3 
[9, 5, 13, 29]  	689	8 
[9, 22, 1, 29]  	708	6 
[5, 21, 6, 29]  	764	6 
[3, 15, 12, 29]  	774	5 
[4, 24, 5, 29]  	783	5 
[3, 24, 7, 29]  	826	3 
[2, 29, 4, 29]  	829	4 
[1, 32, 4, 29]  	879	3 
[0, 0, 30, 29]  	930	1 
[0, 41, 0, 29]  	943	2 
------
The gap is between 2 and 28.
Lengths: 3 3 5 5 3 3.
For 982 = 5*d/2-d1-d2-d3 you get 3 in char 0.
1*x^1*y^23*z^14
1*y^40*z^2
1*y^9*z^25

For 560 = 3*d/2-d1-d2-d3 you get 5 in char 0.
1*x^4*y^17*z^3
1*x^3*y^3*z^14
1*x^2*y^20*z^2
1*x^1*y^6*z^13
1*y^23*z^1

For 138 = d/2-d1-d2-d3 you get 3 in char 0.
1*x^4*z^2
1*x^2*y^3*z^1
1*y^6

Extra powers of p used 0.
The invariant extra is equal to 1.
Start computing 11^3 Delta^1 (x1x2x3)^10... Done.
Start computing 11^4 Delta^2 (x1x2x3)^10... Done.
Start computing 11^5 Delta^3 (x1x2x3)^10... Done.
Start computing 11^6 Delta^4 (x1x2x3)^10... Done.
Start computing 11^7 Delta^5 (x1x2x3)^10... Done.
Start computing 11^8 Delta^6 (x1x2x3)^10... Done.
Start computing 11^9 Delta^7 (x1x2x3)^10... Done.
Start computing aa.
1 2 3 4 5 6 7 8 9 10 11 
*/
A = \
[418818865046200248061408387610,345817726292030602176834888119,464645303199451314449807309262,1314165629837359484821147470178,1118845703642075004031961212446,1070930939301452886506225034945,42220060955870241410539312157,1176623653928391394334025483990,351623028334833284183517093775,385329377490735250439207533313,1023956228794226135510407351156;\
237983197388700017054214425653,997229436109175288507050605131,1296928087285616053419974756045,440172912244252137648804985747,717663342073956650143502024239,1395080354356666077231005029408,32017638711546760684549567243,1515096826875937157130289986656,732115372735625909676484652110,577504303696160728332560019652,248911287980831747729525629859;\
1326529205212508020368197889039,1337027277112482220061358371310,1347166855055278924559635578027,724890731399832592030539807693,1501990146627382291577554522204,807205691922673755553113724749,733985645801919116664745111106,1279797862722364668407986292130,959722889083321029434845318879,633147532229800680474684293189,735425671220620536561703217040;\
940166677589201171654854371002,1367138246008375882300904154657,685518659468928660090834932903,539488966095405039599286239278,940855178407226070475975040212,88357486032202810333822312247,1427670376047943006340595692975,1106722416575662417860623876516,1071480034203258365178834055726,397807701456176446699729979932,817844455576416355577697110640;\
333049797049841458665084537773,811966307518811317042128401007,823689593370633113303842458142,661721887996993205988034141405,342486858396879955995227751089,206325318995952168025598058353,630355565863995251537205021403,402646869496815110512169292325,1311779628536597492143294829296,324558422215832452560365964775,339694691861294059894222630297;\
936976554989187223417507259028,951472526762244966003827368848,55413690543828738237469807465,1490762362813919792807486274438,713637881565850094417547424232,266772771693246701520805376176,937647013534747332223612187653,78636543850962971977216663473,1380752576330719913017972530750,605194380322224415778183868113,551491286026706714723640731367;\
672749567402674865707734483275,1327707845046737482627282163225,161413189387343887896940041999,906105140885720382481821050775,348754119345793445657779088804,1320740790706334549803814606307,720703131901578526008634169404,1053484145538051864453121885514,572542869868409867410297986991,658406250015929313594611366616,1581246570071239906134701973594;\
1429854046702120391998405482297,727284864754955760815694692679,1439618612643601671738976777493,984839325070536878622232985399,474714597244290481162607862174,1066335738621886491120990836692,937976695829745004430474672547,700870410127831629540204294329,485654790183213329776302018825,33083444579582799162723055390,644412534953682751428040961004;\
357994375996432071698417737462,1392365086748457420555812582535,146130620636707114604241558198,79145665535838401698533185642,254578627170815005360253002799,1278684450412865720208650997419,334581408942558298095691532251,1426458282459681429461953305614,1175566661337604870804010227181,471366609509354335442226470052,882064740156665718593577087792;\
104767469970792103872612715811,452047251104234277872477995546,955891164382537317089604306634,1009905687637307126483157169269,1159469931344382766459044142933,748482326009296223541119081576,1442071337093423314820147177979,406356779215215930567675756646,602929196293262238847508445703,1241009268468526427828185540796,375963504491307547990651270333;\
571629475465837023999447203088,221683019354637179959794401651,167772889288884191525912374713,764022190419472038398229650776,892744256886866606283391937244,1111668717939223415842156469568,746150650527587625714904238597,1334228182522066153995908922511,1141521373636741184836147136903,1124190856354132325495582818962,58543487988968266226399149979]
/* 
This should be the matrix of frobenius!
*/ 
B = A; 
/* Freed 166 lists. */
