/* Comments begin... 
Coefficient of   x^21 * y^1               = -2
Coefficient of   x^10 * y^2 * z^6         = 5
Coefficient of   x^8 * y^5 * z^5         = 5
Coefficient of   x^6 * y^8 * z^4         = -2
Coefficient of   x^4 * y^11 * z^3         = 4
Coefficient of   x^2 * y^14 * z^2         = -5
Coefficient of   x^1 * z^13               = 5
Coefficient of   y^17 * z^1               = 5

Here is the polynomial we're using this time:

-2*x^21*y^1 + 5*x^10*y^2*z^6 + 5*x^8*y^5*z^5 + -2*x^6*y^8*z^4 + 4*x^4*y^11*z^3 + -5*x^2*y^14*z^2 + 5*x^1*z^13 + 5*y^17*z^1

Allocate G_len 20 elements and old = 0.
Allocate M_len = 400 elements.
Allocate G_len 40 elements and old = 20.
Allocate M_len = 800 elements.
Allocate G_len 80 elements and old = 40.
Allocate M_len = 1600 elements.
Allocate M_len = 3200 elements.
Allocate G_len 160 elements and old = 80.
Allocate M_len = 6400 elements.
Allocate M_len = 12800 elements.
Allocate G_len 320 elements and old = 160.
The final length of G is 171
[10, 2, 5, 0]  	391	7 
[21, 0, 0, 0]  	399	7  <--- 1
[20, 1, 0, 0]  	403	7 
[8, 5, 5, 0]  	422	6 
[8, 8, 4, 0]  	460	7 
[6, 11, 4, 0]  	491	6 
[6, 14, 3, 0]  	529	7 
[5, 0, 15, 0]  	560	6 
[18, 5, 4, 0]  	581	12 
[14, 11, 3, 0]  	612	11 
[18, 8, 3, 0]  	619	11 
[11, 0, 14, 0]  	643	10 
[14, 14, 2, 0]  	650	10 
[18, 11, 2, 0]  	657	10 
[9, 3, 14, 0]  	674	9 
[15, 0, 13, 0]  	688	9 
[10, 19, 2, 0]  	689	9 
[9, 20, 2, 0]  	693	8 
[18, 14, 1, 0]  	695	9 
[7, 22, 2, 0]  	701	8 
[7, 6, 14, 0]  	705	8 
[8, 23, 1, 0]  	712	8 
[12, 20, 1, 0]  	719	8 
[7, 8, 13, 0]  	720	8 
[6, 9, 13, 0]  	724	7 
[16, 17, 1, 0]  	726	8 
[10, 22, 1, 0]  	727	8 
[6, 8, 14, 0]  	732	8 
[19, 0, 12, 0]  	733	8 
[14, 19, 1, 0]  	734	8 
[5, 9, 14, 0]  	736	7 
[7, 25, 1, 0]  	739	7 
[6, 26, 1, 0]  	743	7 
[8, 26, 0, 0]  	750	7 
[6, 25, 2, 0]  	751	7 
[5, 11, 13, 0]  	751	7 
[5, 26, 2, 0]  	755	6 
[4, 12, 13, 0]  	755	6 
[12, 23, 0, 0]  	757	7 
[5, 29, 0, 0]  	762	6 
[5, 25, 3, 0]  	763	6 
[4, 11, 14, 0]  	763	6 
[10, 25, 0, 0]  	765	7 
[4, 26, 3, 0]  	767	6 
[5, 28, 1, 0]  	770	6 
[4, 14, 12, 0]  	770	6 
[5, 24, 4, 0]  	771	6 
[14, 22, 0, 0]  	772	7 
[4, 29, 1, 0]  	774	6 
[19, 18, 0, 0]  	775	7 
[18, 19, 0, 0]  	779	7 
[5, 15, 11, 0]  	781	6 
[4, 28, 2, 0]  	782	6 
[3, 14, 13, 0]  	782	6 
[5, 18, 9, 0]  	788	6 
[4, 31, 0, 0]  	789	6 
[3, 32, 0, 0]  	793	5 
[5, 21, 7, 0]  	795	6 
[5, 17, 10, 0]  	796	6 
[4, 18, 10, 0]  	800	5 
[5, 20, 8, 0]  	803	6 
[2, 32, 1, 0]  	805	5 
[17, 21, 0, 0]  	806	6 
[4, 25, 5, 0]  	806	6 
[4, 17, 11, 0]  	808	5 
[5, 23, 6, 0]  	810	6 
[4, 1, 23, 0]  	812	5 
[4, 24, 6, 0]  	814	5 
[4, 20, 9, 0]  	815	5 
[4, 4, 21, 0]  	819	5 
[4, 0, 24, 0]  	820	5 
[3, 17, 12, 0]  	820	5 
[4, 23, 7, 0]  	822	5 
[3, 1, 24, 0]  	824	4 
[2, 18, 12, 0]  	824	4 
[4, 3, 22, 0]  	827	5 
[3, 12, 16, 0]  	829	5 
[3, 4, 22, 0]  	831	4 
[4, 10, 17, 0]  	833	5 
[4, 6, 20, 0]  	834	5 
[3, 11, 17, 0]  	837	5 
[3, 3, 23, 0]  	839	4 
[4, 9, 18, 0]  	841	5 
[2, 35, 0, 0]  	843	4 
[3, 10, 18, 0]  	845	4 
[3, 6, 21, 0]  	846	4 
[3, 21, 10, 0]  	850	4 
[3, 28, 5, 0]  	856	5 
[3, 24, 8, 0]  	857	4 
[3, 20, 11, 0]  	858	4 
[2, 29, 5, 0]  	860	4 
[2, 21, 11, 0]  	862	3 
[3, 27, 6, 0]  	864	4 
[3, 23, 9, 0]  	865	4 
[2, 28, 6, 0]  	868	4 
[2, 24, 9, 0]  	869	3 
[3, 26, 7, 0]  	872	4 
[2, 4, 24, 0]  	874	4 
[2, 27, 7, 0]  	876	3 
[2, 23, 10, 0]  	877	3 
[2, 15, 16, 0]  	879	4 
[2, 7, 22, 0]  	881	3 
[3, 9, 20, 0]  	884	3 
[2, 26, 8, 0]  	884	3 
[2, 14, 17, 0]  	887	4 
[2, 10, 20, 0]  	888	3 
[1, 15, 17, 0]  	891	3 
[1, 38, 0, 0]  	893	3 
[2, 13, 18, 0]  	895	3 
[2, 9, 21, 0]  	896	3 
[2, 1, 27, 0]  	898	4 
[1, 14, 18, 0]  	899	3 
[1, 10, 21, 0]  	900	2 
[2, 12, 19, 0]  	903	3 
[2, 0, 28, 0]  	906	4 
[1, 13, 19, 0]  	907	2 
[1, 32, 5, 0]  	910	3 
[1, 12, 20, 0]  	915	2 
[1, 27, 9, 0]  	919	2 
[0, 32, 6, 0]  	922	2 
[1, 30, 7, 0]  	926	2 
[1, 18, 16, 0]  	929	3 
[0, 31, 7, 0]  	930	2 
[1, 29, 8, 0]  	934	2 
[0, 30, 8, 0]  	938	1 
[1, 1, 29, 0]  	941	2 
[1, 24, 12, 0]  	943	3 
[1, 35, 4, 0]  	948	3 
[1, 0, 30, 0]  	949	2 
[0, 1, 30, 0]  	953	1 
[0, 16, 19, 0]  	957	1 
[0, 35, 5, 0]  	960	2 
[0, 0, 31, 0]  	961	1  <--- 3
[1, 21, 15, 0]  	967	3 
[0, 18, 18, 0]  	972	1 
[1, 4, 28, 0]  	979	2 
[0, 4, 29, 0]  	991	1 
[0, 38, 4, 0]  	998	2 
[0, 21, 17, 0]  	1010	1 
[0, 44, 0, 0]  	1012	2  <--- 2
[1, 7, 27, 0]  	1017	2 
[0, 7, 28, 0]  	1029	1 
[0, 41, 3, 0]  	1036	2 
[0, 24, 16, 0]  	1048	1 
[0, 10, 27, 0]  	1067	1 
[0, 27, 15, 0]  	1086	1 
[0, 13, 26, 0]  	1105	1 
[12, 17, 2, 1]  	681	9 
[5, 25, 2, 1]  	732	7 
[6, 28, 0, 1]  	758	7 
[16, 20, 0, 1]  	764	7 
[3, 31, 1, 1]  	801	6 
[3, 0, 24, 1]  	801	5 
[4, 21, 8, 1]  	807	5 
[4, 7, 19, 1]  	826	5 
[3, 7, 20, 1]  	838	4 
[3, 9, 19, 1]  	853	4 
[2, 31, 4, 1]  	875	5 
[1, 31, 6, 1]  	918	3 
[3, 29, 2, 2]  	786	5 
[2, 15, 13, 28]  	786	4 
[2, 17, 12, 28]  	801	4 
[10, 20, 1, 29]  	681	7 
[4, 11, 13, 29]  	732	6 
[5, 14, 11, 29]  	758	6 
[5, 21, 6, 29]  	764	5 
[4, 17, 10, 29]  	777	4 
[4, 24, 5, 29]  	783	5 
[2, 24, 7, 29]  	807	2 
[2, 0, 27, 29]  	875	3 
[1, 0, 29, 29]  	918	2 
------
The gap is between 3 and 27.
Lengths: 3 3 5 5 3 3.
For 982 = 5*d/2-d1-d2-d3 you get 3 in char 0.
1*x^1*y^23*z^14
1*y^40*z^2
1*y^9*z^25

For 560 = 3*d/2-d1-d2-d3 you get 5 in char 0.
1*x^4*y^17*z^3
1*x^3*y^3*z^14
1*x^2*y^20*z^2
1*x^1*y^6*z^13
1*y^23*z^1

For 138 = d/2-d1-d2-d3 you get 3 in char 0.
1*x^4*z^2
1*x^2*y^3*z^1
1*y^6

Extra powers of p used 0.
The invariant extra is equal to 1.
Start computing 11^3 Delta^1 (x1x2x3)^10... Done.
Start computing 11^4 Delta^2 (x1x2x3)^10... Done.
Start computing 11^5 Delta^3 (x1x2x3)^10... Done.
Start computing 11^6 Delta^4 (x1x2x3)^10... Done.
Start computing 11^7 Delta^5 (x1x2x3)^10... Done.
Start computing 11^8 Delta^6 (x1x2x3)^10... Done.
Start computing 11^9 Delta^7 (x1x2x3)^10... Done.
Start computing aa.
1 2 3 4 5 6 7 8 9 10 11 
*/
A = \
[720770035899395954526385054287,1176108713581895103474707453611,1248703182559109171257643520873,1278262607417723158608713401153,1045562168826027324236766678831,632174239285607150234902177653,289840122607923902908244630367,1433307468423610717779709486861,11148676293152119730659904407,20210426107812786655369087011,974609455026693391759623694716;\
445088420582673228455651130036,1003485528045770858662265636956,370978925598780142609419828481,97311673435358000242818901300,1149361179626333894153520671062,208791181339811695097700662160,148090013472147680285689933486,250189269343995295729124698219,67512351735349651240913576961,1329470625521880214853898958947,650282984507736547772873352504;\
1415616949956545535901488830586,282941567039899837118386669460,1089225985094081877635702866936,627760187268103234136875522912,327528233788418544725845565124,684942632251725120861278069731,956050190259509210408962874994,770257442206988666962842286245,1205541729602985002789501177237,170493551596163587118036180537,1555031178645023656572541805446;\
393553991541470721262998927501,1432563870683022286395097659081,957747278541159314560422491466,847243253136427303323040263203,989149305718425367701612175826,1281815730084453593554558735174,564871360362887618001237448975,542781907290383888652425442850,756336691508453851378429240933,588340063688497947226829273812,1295809997758118300850368701747;\
9259246470589767249960362882,1219123151419624954580011055259,140996946203972440945974902269,1113283847764080885536207014770,250480383767303784914903191185,1478422104697528136026127508921,197565832145038915210863789172,912713631877921250460873082227,1218507762564861751161802756947,230518129046901970512420105011,1258671127247588173069638721275;\
444009578260238893612899065450,1037199751251886545289105174127,354034123608921988060978685455,575736042772829926960327825613,1391176684332734891354067046676,632309375457356305693947990225,370238909663099783308774147761,296846395125574173918653931701,898722543159835078896915607156,1156154419420360470736701436515,1373431900801312831137227327209;\
15389848118291799938962633391,1203176115989698123538337419107,29788929302145443921512770400,1343273164220664758160152111412,597461067675493889349690595387,1140788958501791028413578061830,1209992413642566230115833185429,722663612164539481701796767247,1055818432861607587581222576840,583341272434434474481333005303,485046632456607566703017249678;\
941886548886271439784080146625,1511830312407389358566209672150,978117837728612739445999396727,141817549168902392224269222656,1202983240486196188052009425207,94921215358661669333242843638,491740945283763652444665319908,249863917227096248318210507198,435232731705748838807432183719,1535470826674343376448359100306,1402311836125083185074205101724;\
1059290408660101061862659397422,1474312165281231090204276788681,382362636416208373913821146902,1157714299438793432894451820905,803733034800087022196128646094,1557349100647007507330637621838,1429864988167660593667022039993,1209524675570017678580303785289,569792722859810404582363460263,994838707813680127372925793282,1186498428234012434443307823682;\
1394453747717668693601494617759,1177375790324939959067056465986,895617388263646411710450221428,1363264943001536735476362463923,527514227672695476411334166756,734773061602557440303340157823,457779801930263807868302121407,987833127866532472127497082452,1074477088915193508564635387156,97762752262376804191276104362,1130480872273104377335662538021;\
505463921904758661914766390037,524556896953207273586082334031,752945999582523054325144469094,1324045081231774665986248761493,188011862448080750268333263471,319361230073072904699296254765,1190525646922363397759998662877,805262793565284132538750525488,447328202145736076065209562033,1224499664661243177919035920343,721238957483049528725556152282]
/* 
This should be the matrix of frobenius!
*/ 
B = A; 
/* Freed 167 lists. */
