/* Comments begin... 
Coefficient of   x^21 * y^1               = -2
Coefficient of   x^10 * y^2 * z^6         = 2
Coefficient of   x^8 * y^5 * z^5         = 5
Coefficient of   x^6 * y^8 * z^4         = -5
Coefficient of   x^4 * y^11 * z^3         = 5
Coefficient of   x^2 * y^14 * z^2         = 3
Coefficient of   x^1 * z^13               = -5
Coefficient of   y^17 * z^1               = -2

Here is the polynomial we're using this time:

-2*x^21*y^1 + 2*x^10*y^2*z^6 + 5*x^8*y^5*z^5 + -5*x^6*y^8*z^4 + 5*x^4*y^11*z^3 + 3*x^2*y^14*z^2 + -5*x^1*z^13 + -2*y^17*z^1

Allocate G_len 20 elements and old = 0.
Allocate M_len = 400 elements.
Allocate G_len 40 elements and old = 20.
Allocate M_len = 800 elements.
Allocate G_len 80 elements and old = 40.
Allocate M_len = 1600 elements.
Allocate M_len = 3200 elements.
Allocate G_len 160 elements and old = 80.
Allocate M_len = 6400 elements.
Allocate M_len = 12800 elements.
Allocate G_len 320 elements and old = 160.
The final length of G is 166
[10, 2, 5, 0]  	391	7 
[21, 0, 0, 0]  	399	7  <--- 1
[20, 1, 0, 0]  	403	7 
[8, 5, 5, 0]  	422	6 
[8, 8, 4, 0]  	460	7 
[6, 11, 4, 0]  	491	6 
[6, 14, 3, 0]  	529	7 
[5, 0, 15, 0]  	560	6 
[18, 5, 4, 0]  	581	12 
[14, 11, 3, 0]  	612	11 
[18, 8, 3, 0]  	619	11 
[11, 0, 14, 0]  	643	10 
[14, 14, 2, 0]  	650	10 
[18, 11, 2, 0]  	657	10 
[9, 3, 14, 0]  	674	9 
[12, 17, 2, 0]  	681	9 
[15, 0, 13, 0]  	688	9 
[10, 19, 2, 0]  	689	9 
[9, 20, 2, 0]  	693	8 
[18, 14, 1, 0]  	695	9 
[7, 22, 2, 0]  	701	8 
[7, 6, 14, 0]  	705	8 
[8, 23, 1, 0]  	712	8 
[12, 20, 1, 0]  	719	8 
[7, 8, 13, 0]  	720	8 
[6, 9, 13, 0]  	724	7 
[16, 17, 1, 0]  	726	8 
[6, 8, 14, 0]  	732	7 
[5, 25, 2, 0]  	732	7 
[19, 0, 12, 0]  	733	8 
[14, 19, 1, 0]  	734	8 
[5, 9, 14, 0]  	736	7 
[7, 25, 1, 0]  	739	7 
[6, 26, 1, 0]  	743	7 
[8, 26, 0, 0]  	750	7 
[5, 11, 13, 0]  	751	7 
[4, 12, 13, 0]  	755	6 
[12, 23, 0, 0]  	757	7 
[6, 28, 0, 0]  	758	7 
[5, 29, 0, 0]  	762	6 
[4, 11, 14, 0]  	763	6 
[10, 25, 0, 0]  	765	7 
[4, 26, 3, 0]  	767	6 
[5, 28, 1, 0]  	770	6 
[4, 14, 12, 0]  	770	6 
[5, 24, 4, 0]  	771	6 
[14, 22, 0, 0]  	772	7 
[4, 29, 1, 0]  	774	6 
[19, 18, 0, 0]  	775	7 
[18, 19, 0, 0]  	779	7 
[5, 15, 11, 0]  	781	6 
[4, 28, 2, 0]  	782	6 
[3, 14, 13, 0]  	782	6 
[3, 29, 2, 0]  	786	5 
[5, 18, 9, 0]  	788	6 
[4, 31, 0, 0]  	789	6 
[3, 32, 0, 0]  	793	5 
[5, 21, 7, 0]  	795	6 
[5, 17, 10, 0]  	796	6 
[4, 18, 10, 0]  	800	5 
[3, 31, 1, 0]  	801	5 
[3, 0, 24, 0]  	801	5 
[5, 20, 8, 0]  	803	6 
[17, 21, 0, 0]  	806	6 
[4, 25, 5, 0]  	806	6 
[4, 21, 8, 0]  	807	5 
[4, 17, 11, 0]  	808	5 
[5, 23, 6, 0]  	810	6 
[4, 1, 23, 0]  	812	5 
[4, 24, 6, 0]  	814	5 
[4, 20, 9, 0]  	815	5 
[4, 4, 21, 0]  	819	5 
[3, 17, 12, 0]  	820	5 
[4, 23, 7, 0]  	822	5 
[2, 18, 12, 0]  	824	4 
[4, 7, 19, 0]  	826	5 
[4, 3, 22, 0]  	827	5 
[3, 12, 16, 0]  	829	5 
[3, 4, 22, 0]  	831	4 
[4, 10, 17, 0]  	833	5 
[4, 6, 20, 0]  	834	5 
[3, 11, 17, 0]  	837	5 
[3, 7, 20, 0]  	838	4 
[3, 3, 23, 0]  	839	4 
[4, 9, 18, 0]  	841	5 
[2, 35, 0, 0]  	843	4 
[3, 10, 18, 0]  	845	4 
[3, 6, 21, 0]  	846	4 
[3, 21, 10, 0]  	850	4 
[3, 28, 5, 0]  	856	5 
[3, 24, 8, 0]  	857	4 
[3, 20, 11, 0]  	858	4 
[2, 21, 11, 0]  	862	3 
[3, 27, 6, 0]  	864	4 
[3, 23, 9, 0]  	865	4 
[2, 28, 6, 0]  	868	4 
[2, 24, 9, 0]  	869	3 
[3, 26, 7, 0]  	872	4 
[2, 4, 24, 0]  	874	4 
[2, 27, 7, 0]  	876	3 
[2, 23, 10, 0]  	877	3 
[2, 15, 16, 0]  	879	4 
[2, 26, 8, 0]  	884	3 
[2, 10, 20, 0]  	888	3 
[1, 15, 17, 0]  	891	3 
[1, 38, 0, 0]  	893	3 
[2, 13, 18, 0]  	895	3 
[2, 1, 27, 0]  	898	4 
[1, 14, 18, 0]  	899	3 
[1, 10, 21, 0]  	900	2 
[2, 12, 19, 0]  	903	3 
[2, 0, 28, 0]  	906	4 
[1, 13, 19, 0]  	907	2 
[1, 12, 20, 0]  	915	2 
[1, 27, 9, 0]  	919	2 
[0, 32, 6, 0]  	922	2 
[1, 30, 7, 0]  	926	2 
[1, 18, 16, 0]  	929	3 
[0, 31, 7, 0]  	930	2 
[1, 29, 8, 0]  	934	2 
[0, 30, 8, 0]  	938	1 
[1, 1, 29, 0]  	941	2 
[1, 24, 12, 0]  	943	3 
[1, 35, 4, 0]  	948	3 
[1, 0, 30, 0]  	949	2 
[0, 1, 30, 0]  	953	1 
[0, 16, 19, 0]  	957	1 
[0, 35, 5, 0]  	960	2 
[0, 0, 31, 0]  	961	1  <--- 3
[1, 21, 15, 0]  	967	3 
[0, 18, 18, 0]  	972	1 
[1, 4, 28, 0]  	979	2 
[0, 4, 29, 0]  	991	1 
[0, 38, 4, 0]  	998	2 
[0, 21, 17, 0]  	1010	1 
[0, 44, 0, 0]  	1012	2  <--- 2
[1, 7, 27, 0]  	1017	2 
[0, 7, 28, 0]  	1029	1 
[0, 41, 3, 0]  	1036	2 
[0, 24, 16, 0]  	1048	1 
[0, 10, 27, 0]  	1067	1 
[0, 27, 15, 0]  	1086	1 
[0, 13, 26, 0]  	1105	1 
[10, 22, 1, 1]  	727	8 
[16, 20, 0, 1]  	764	7 
[2, 32, 1, 1]  	805	5 
[3, 9, 19, 1]  	853	4 
[2, 29, 5, 1]  	860	4 
[2, 31, 4, 1]  	875	5 
[2, 7, 22, 1]  	881	3 
[2, 14, 17, 1]  	887	4 
[2, 9, 21, 1]  	896	3 
[1, 32, 5, 1]  	910	3 
[1, 31, 6, 1]  	918	3 
[8, 25, 0, 29]  	727	7 
[5, 21, 6, 29]  	764	5 
[4, 24, 5, 29]  	783	5 
[2, 1, 24, 29]  	805	4 
[2, 26, 7, 29]  	853	3 
[1, 15, 16, 29]  	860	3 
[2, 0, 27, 29]  	875	4 
[1, 24, 10, 29]  	881	2 
[1, 0, 28, 29]  	887	2 
[1, 26, 9, 29]  	896	2 
[1, 18, 15, 29]  	898	3 
[0, 35, 4, 29]  	929	2 
------
The gap is between 2 and 28.
Lengths: 3 3 5 5 3 3.
For 982 = 5*d/2-d1-d2-d3 you get 3 in char 0.
1*x^1*y^23*z^14
1*y^40*z^2
1*y^9*z^25

For 560 = 3*d/2-d1-d2-d3 you get 5 in char 0.
1*x^4*y^17*z^3
1*x^3*y^3*z^14
1*x^2*y^20*z^2
1*x^1*y^6*z^13
1*y^23*z^1

For 138 = d/2-d1-d2-d3 you get 3 in char 0.
1*x^4*z^2
1*x^2*y^3*z^1
1*y^6

Extra powers of p used 0.
The invariant extra is equal to 1.
Start computing 11^3 Delta^1 (x1x2x3)^10... Done.
Start computing 11^4 Delta^2 (x1x2x3)^10... Done.
Start computing 11^5 Delta^3 (x1x2x3)^10... Done.
Start computing 11^6 Delta^4 (x1x2x3)^10... Done.
Start computing 11^7 Delta^5 (x1x2x3)^10... Done.
Start computing 11^8 Delta^6 (x1x2x3)^10... Done.
Start computing 11^9 Delta^7 (x1x2x3)^10... Done.
Start computing aa.
1 2 3 4 5 6 7 8 9 10 11 
*/
A = \
[846404826657968818021155309592,458761684126767920082586731769,321672267662663631407577728184,520774116389543259253361663444,955313530353093159340107308799,272578803184825723424240892534,97149019676484975997009433089,66060978585889922776953290182,161543554700924369426639316097,1225724890019976345414134596349,681166628768850404532234290848;\
762760204192621926559500274734,27725954632837759177797943697,932015384787086375107725300221,1418646591126681176373882487510,337190305169799116518076762168,412583466590559640249592981559,43559782734913303223144161910,1147954473708670063196130371903,466461849580920126119642618734,1161072369658306464364258073040,662698215889902763488053608527;\
14747251400211612287134731142,241140295867413528829961012274,1386930673342214636499871799741,1370370772613661887632833385622,390804804210976374811375616855,987260215525916222540319971730,67930289641112718468050348837,500455344885083093233225888027,295437989038139559820318904552,1532094272333301982095615187231,1310182946660322502036895637066;\
957180017147469552261087635373,190463085024684224463720967356,1048325712577818984478021610886,584296122538988396462428862370,477709283934237189180193153218,428362183030950740235376319728,947898639498790671700389875505,1303145500837550950511920701405,136397707398119364619335180377,948827808501439701944665536013,113571125552573986386805815110;\
1173403834857799574712272973786,45345429042235931892767368562,669352186060801743829390051477,552487268075934088116478098334,1565651622987299248940418894212,235341275853351299821066849147,112796696398764247495497715503,566873972865103216761470936969,803380396671043701151750997229,1239380784885448830491065212750,1532712710585484167653238037691;\
384106322785994796423019831322,808511814436901034272623698323,506640369003066846992249853000,1445014486735349326837478945342,1018853589750614584149966925681,1553764072951283114395055850202,8402260604157569159501662567,712299115993988817521261806079,1559095820949212756086155780193,1219663651621219901399366384387,530032662783781697375529995345;\
181973898549931482812416234027,661811743434906431366465453853,1367940021504768562749396782919,944985151779953319532203297503,898575704037743782872975592835,248277936275397874030278687462,1482251690344400428168072399251,45089461214307753388405503859,428564152029273088897238077534,1060485909203804849179613898006,478381008980520581873193434145;\
523547812557255383388543481537,1552127164991522679434553975775,712231734299758062249908736417,207535224391727632703084897577,1517683407494830667683823045595,321129377925465830242941239766,281329787883376857740452963945,1344410770916312506925342618178,336054261597570875734070627283,1409158293962702186561730241950,866446818815792790146117260439;\
194913098740604383472166303518,1263175922767106740606991802424,611773700764686641940531698397,906210156267495609919717611921,721218365634068953084551352301,602659344667401696999640229914,583158224630661373743873737375,1045585998483260896555522427084,955569082631428110454637433603,13106562772145489497012916820,394229201028756811311672376298;\
227237662735360275902754354404,1310115384562321646683824757707,697912897878261591380032569568,611772821740044621257026149713,190733005329814133446987293138,762486357022307690551611311226,340372685669144995239992398802,711018552929261410516715406627,960261071288200712941061319586,615978533812608358395403229445,268221770088639157341464088494;\
696530568586855055534862898359,303767713420708591144020929910,668164383919331311741486069094,1018422712363371547729562119065,686765039344864392144886490100,230702209994124668738774558800,337531905537811438550412354962,949371062752594488682353973680,735193132896595475280579523254,1510015902853012945459252012995,880556987588795690581438174749]
/* 
This should be the matrix of frobenius!
*/ 
B = A; 
/* Freed 166 lists. */
