/* Comments begin... 
Coefficient of   x^21 * y^1               = 4
Coefficient of   x^10 * y^2 * z^6         = -1
Coefficient of   x^8 * y^5 * z^5         = 3
Coefficient of   x^6 * y^8 * z^4         = 3
Coefficient of   x^4 * y^11 * z^3         = -1
Coefficient of   x^2 * y^14 * z^2         = -3
Coefficient of   x^1 * z^13               = 5
Coefficient of   y^17 * z^1               = 1

Here is the polynomial we're using this time:

4*x^21*y^1 + -1*x^10*y^2*z^6 + 3*x^8*y^5*z^5 + 3*x^6*y^8*z^4 + -1*x^4*y^11*z^3 + -3*x^2*y^14*z^2 + 5*x^1*z^13 + 1*y^17*z^1

Allocate G_len 20 elements and old = 0.
Allocate M_len = 400 elements.
Allocate G_len 40 elements and old = 20.
Allocate M_len = 800 elements.
Allocate G_len 80 elements and old = 40.
Allocate M_len = 1600 elements.
Allocate M_len = 3200 elements.
Allocate G_len 160 elements and old = 80.
Allocate M_len = 6400 elements.
Allocate M_len = 12800 elements.
Allocate G_len 320 elements and old = 160.
The final length of G is 172
[10, 2, 5, 0]  	391	7 
[21, 0, 0, 0]  	399	7  <--- 1
[20, 1, 0, 0]  	403	7 
[8, 5, 5, 0]  	422	6 
[8, 8, 4, 0]  	460	7 
[6, 11, 4, 0]  	491	5 
[6, 14, 3, 0]  	529	7 
[5, 0, 15, 0]  	560	6 
[18, 5, 4, 0]  	581	12 
[14, 11, 3, 0]  	612	11 
[18, 8, 3, 0]  	619	11 
[11, 0, 14, 0]  	643	10 
[14, 14, 2, 0]  	650	10 
[18, 11, 2, 0]  	657	10 
[9, 3, 14, 0]  	674	9 
[12, 17, 2, 0]  	681	9 
[15, 0, 13, 0]  	688	9 
[10, 19, 2, 0]  	689	9 
[9, 20, 2, 0]  	693	8 
[18, 14, 1, 0]  	695	9 
[7, 6, 14, 0]  	705	8 
[8, 23, 1, 0]  	712	8 
[12, 20, 1, 0]  	719	8 
[8, 22, 2, 0]  	720	8 
[7, 8, 13, 0]  	720	8 
[7, 23, 2, 0]  	724	7 
[6, 9, 13, 0]  	724	7 
[16, 17, 1, 0]  	726	8 
[10, 22, 1, 0]  	727	8 
[6, 8, 14, 0]  	732	7 
[5, 25, 2, 0]  	732	7 
[19, 0, 12, 0]  	733	8 
[14, 19, 1, 0]  	734	8 
[5, 9, 14, 0]  	736	7 
[7, 25, 1, 0]  	739	7 
[6, 26, 1, 0]  	743	7 
[8, 26, 0, 0]  	750	7 
[5, 11, 13, 0]  	751	7 
[4, 12, 13, 0]  	755	6 
[12, 23, 0, 0]  	757	7 
[6, 28, 0, 0]  	758	7 
[5, 29, 0, 0]  	762	6 
[4, 11, 14, 0]  	763	6 
[10, 25, 0, 0]  	765	7 
[4, 26, 3, 0]  	767	6 
[5, 28, 1, 0]  	770	6 
[4, 14, 12, 0]  	770	6 
[5, 24, 4, 0]  	771	6 
[14, 22, 0, 0]  	772	7 
[4, 29, 1, 0]  	774	6 
[19, 18, 0, 0]  	775	7 
[18, 19, 0, 0]  	779	7 
[5, 15, 11, 0]  	781	6 
[4, 28, 2, 0]  	782	6 
[3, 14, 13, 0]  	782	6 
[3, 29, 2, 0]  	786	5 
[5, 18, 9, 0]  	788	6 
[4, 31, 0, 0]  	789	6 
[3, 32, 0, 0]  	793	5 
[5, 21, 7, 0]  	795	6 
[5, 17, 10, 0]  	796	6 
[4, 18, 10, 0]  	800	5 
[3, 31, 1, 0]  	801	5 
[3, 0, 24, 0]  	801	5 
[5, 20, 8, 0]  	803	6 
[2, 32, 1, 0]  	805	5 
[17, 21, 0, 0]  	806	6 
[4, 25, 5, 0]  	806	6 
[4, 21, 8, 0]  	807	5 
[4, 17, 11, 0]  	808	5 
[5, 23, 6, 0]  	810	6 
[4, 1, 23, 0]  	812	5 
[4, 24, 6, 0]  	814	5 
[4, 20, 9, 0]  	815	5 
[4, 23, 7, 0]  	822	5 
[4, 7, 19, 0]  	826	5 
[4, 3, 22, 0]  	827	5 
[3, 4, 22, 0]  	831	4 
[4, 10, 17, 0]  	833	5 
[4, 6, 20, 0]  	834	5 
[3, 11, 17, 0]  	837	5 
[3, 3, 23, 0]  	839	4 
[4, 9, 18, 0]  	841	5 
[2, 35, 0, 0]  	843	4 
[3, 10, 18, 0]  	845	4 
[3, 6, 21, 0]  	846	4 
[3, 21, 10, 0]  	850	4 
[3, 9, 19, 0]  	853	4 
[3, 28, 5, 0]  	856	5 
[3, 24, 8, 0]  	857	4 
[2, 29, 5, 0]  	860	4 
[2, 21, 11, 0]  	862	3 
[3, 27, 6, 0]  	864	4 
[3, 23, 9, 0]  	865	4 
[2, 28, 6, 0]  	868	4 
[2, 24, 9, 0]  	869	3 
[2, 4, 24, 0]  	874	4 
[2, 31, 4, 0]  	875	5 
[2, 27, 7, 0]  	876	3 
[2, 23, 10, 0]  	877	3 
[2, 7, 22, 0]  	881	3 
[2, 26, 8, 0]  	884	3 
[2, 14, 17, 0]  	887	4 
[2, 10, 20, 0]  	888	3 
[1, 15, 17, 0]  	891	3 
[1, 38, 0, 0]  	893	3 
[2, 13, 18, 0]  	895	3 
[2, 9, 21, 0]  	896	3 
[2, 1, 27, 0]  	898	4 
[1, 10, 21, 0]  	900	2 
[2, 12, 19, 0]  	903	3 
[2, 0, 28, 0]  	906	4 
[1, 13, 19, 0]  	907	2 
[1, 32, 5, 0]  	910	3 
[1, 12, 20, 0]  	915	2 
[1, 31, 6, 0]  	918	3 
[1, 27, 9, 0]  	919	2 
[0, 32, 6, 0]  	922	2 
[1, 30, 7, 0]  	926	2 
[0, 31, 7, 0]  	930	2 
[1, 29, 8, 0]  	934	2 
[0, 30, 8, 0]  	938	1 
[1, 1, 29, 0]  	941	2 
[1, 35, 4, 0]  	948	3 
[1, 0, 30, 0]  	949	2 
[0, 1, 30, 0]  	953	1 
[0, 16, 19, 0]  	957	1 
[0, 35, 5, 0]  	960	2 
[0, 0, 31, 0]  	961	1  <--- 3
[1, 21, 15, 0]  	967	3 
[0, 18, 18, 0]  	972	1 
[1, 4, 28, 0]  	979	2 
[0, 4, 29, 0]  	991	1 
[0, 38, 4, 0]  	998	2 
[0, 21, 17, 0]  	1010	1 
[0, 44, 0, 0]  	1012	2  <--- 2
[1, 7, 27, 0]  	1017	2 
[0, 7, 28, 0]  	1029	1 
[0, 41, 3, 0]  	1036	2 
[0, 24, 16, 0]  	1048	1 
[0, 10, 27, 0]  	1067	1 
[0, 27, 15, 0]  	1086	1 
[0, 13, 26, 0]  	1105	1 
[7, 22, 2, 1]  	701	8 
[16, 20, 0, 1]  	764	7 
[4, 4, 21, 1]  	819	5 
[3, 17, 12, 1]  	820	5 
[2, 18, 12, 1]  	824	4 
[3, 12, 16, 1]  	829	5 
[3, 7, 20, 1]  	838	4 
[3, 20, 11, 1]  	858	4 
[3, 26, 7, 1]  	872	4 
[2, 15, 16, 1]  	879	4 
[1, 14, 18, 1]  	899	3 
[1, 18, 16, 1]  	929	3 
[1, 24, 12, 1]  	943	3 
[6, 8, 13, 29]  	701	7 
[5, 21, 6, 29]  	764	6 
[4, 24, 5, 29]  	783	3 
[3, 21, 9, 29]  	819	4 
[2, 34, 0, 29]  	820	4 
[1, 35, 0, 29]  	824	3 
[2, 29, 4, 29]  	829	3 
[2, 24, 8, 29]  	838	3 
[2, 4, 23, 29]  	843	3 
[2, 6, 22, 29]  	858	3 
[2, 12, 18, 29]  	872	3 
[1, 32, 4, 29]  	879	3 
[0, 31, 6, 29]  	899	2 
[0, 35, 4, 29]  	929	2 
[0, 41, 0, 29]  	943	2 
[1, 4, 27, 29]  	948	2 
------
The gap is between 2 and 28.
Lengths: 3 3 5 5 3 3.
For 982 = 5*d/2-d1-d2-d3 you get 3 in char 0.
1*x^1*y^23*z^14
1*y^40*z^2
1*y^9*z^25

For 560 = 3*d/2-d1-d2-d3 you get 5 in char 0.
1*x^4*y^17*z^3
1*x^3*y^3*z^14
1*x^2*y^20*z^2
1*x^1*y^6*z^13
1*y^23*z^1

For 138 = d/2-d1-d2-d3 you get 3 in char 0.
1*x^4*z^2
1*x^2*y^3*z^1
1*y^6

Extra powers of p used 0.
The invariant extra is equal to 1.
Start computing 11^3 Delta^1 (x1x2x3)^10... Done.
Start computing 11^4 Delta^2 (x1x2x3)^10... Done.
Start computing 11^5 Delta^3 (x1x2x3)^10... Done.
Start computing 11^6 Delta^4 (x1x2x3)^10... Done.
Start computing 11^7 Delta^5 (x1x2x3)^10... Done.
Start computing 11^8 Delta^6 (x1x2x3)^10... Done.
Start computing 11^9 Delta^7 (x1x2x3)^10... Done.
Start computing aa.
1 2 3 4 5 6 7 8 9 10 11 
*/
A = \
[506583636660451056806286874091,630483370778541830258984417137,1382313577816279624992931422736,1075861103153608267075431190944,898837485476745863029000046687,1656875119401538851498120536,741661606890311469629956359946,587194615062197402705738412405,1272048306120095794170591748631,1047142965730144467155513273831,836959768048132877822394974913;\
1228890142704396406184166543353,959265635880030288851909148390,1546798963827642081130527529414,835610925592266890633801534245,1190125012049146001414085560984,862099428406776478324265336213,791668660153662077639231339829,1563490883708032318792445338316,145349022200310514038875596680,1528607598123933819073662839209,874992175530385172789690327595;\
43093362002018216347458845833,573166956022950369879377420366,1456658300955357709702538579272,509692250431088322564665086751,273872648670490583868614393868,739075380703874599678007677644,132908990601690367078532424258,326192430971528876622772898741,563973404514743700833245019515,676803361777406517327078265355,1352933346450466972191538391865;\
1211998159074132152327773887036,1253394770103409841962156055404,1227061775924057958447625608802,514769416869236678277797361715,1021115830040795863933044379619,140059980787758596776982860375,847329754599871371669071457413,1398987471991758748907970866682,387641151180601221735254010577,583719291771981718151868724842,305400050841075194066970369110;\
288744650271961118445324187131,495732335140386655192533324848,965715376707482156561837225992,733485061615235586921385109890,23598114919784664095437557231,527723266136043148875784637095,725760511013416877118280373620,231456612070445404556616786820,141486133610894099324678884030,1119354061771769410735370657930,1494050055202734621186922159767;\
675821392702958637135630470741,520954343372234202232837178037,443500697070483108096334868065,541707557686133973625949143444,187189220307847545484220148438,321154621381178927859058122955,236636349974539301341038170269,1211169026194132669030921194135,681942897752194683194817170141,603949167627181898749705088567,607772123243788358912969787875;\
122544820191422619079616350899,213538050000401404649193531444,551149136326898603986164565190,327682749430229879243539211725,835537632888961449479193846212,143534331245527389067156633069,135083287654152035441628819863,665133679382285007718625817730,273473812095832463257343831168,1403144795553122551103649290937,763430807982633654090151450394;\
513192707591227615476316256419,53676975040442494252419533072,1072262612054455574750761139148,131963004706260999803096029938,870553473742810211747340232384,345916490586707909677330140597,1421307642621918896244369846822,1450727039341128680726161234899,202715744155334327870516846634,827222350673721531165088133363,535111116931522407742058490909;\
188482579581307546710541468374,617817727577126399079005915018,490483259652362978598122065228,1457542878365591863038515078009,1289620183254807228434250308272,90376184801295668060418694501,716892175137297601590062547523,266621015811057610242969303226,66791115142365219673319684146,493117643315122728114804623427,559610597839530239983820760162;\
1319728879302289077035148020864,1477561859727118181735210288768,1455908247434449226440202511116,1156964367994741621241531684695,1048396677260992503850482572837,1533203452665128758228615955747,780415413444337249292255563307,393877137015635209457312861652,694603222185497435675078434957,1552479897736280243650290176982,1544812134976432964730599273323;\
1479310472360145589785506726873,675054711237935788310208268641,1447808604691113694878238439466,134890761460641369169160455248,1074458580531145352470524476121,782293999045204969777949081334,901174353654652326889935953735,1053100593580209447841363322384,1053937960264732467163644329859,1016980485697614558911922146400,495118592222180016674354554586]
/* 
This should be the matrix of frobenius!
*/ 
B = A; 
/* Freed 167 lists. */
