/* Comments begin... 
Coefficient of   x^21 * y^1               = -4
Coefficient of   x^10 * y^2 * z^6         = 0
Coefficient of   x^8 * y^5 * z^5         = 0
Coefficient of   x^6 * y^8 * z^4         = -3
Coefficient of   x^4 * y^11 * z^3         = -4
Coefficient of   x^2 * y^14 * z^2         = -3
Coefficient of   x^1 * z^13               = -4
Coefficient of   y^17 * z^1               = -4

Here is the polynomial we're using this time:

-4*x^21*y^1 + -3*x^6*y^8*z^4 + -4*x^4*y^11*z^3 + -3*x^2*y^14*z^2 + -4*x^1*z^13 + -4*y^17*z^1

Allocate G_len 20 elements and old = 0.
Allocate M_len = 400 elements.
Allocate G_len 40 elements and old = 20.
Allocate M_len = 800 elements.
Allocate G_len 80 elements and old = 40.
Allocate M_len = 1600 elements.
Allocate M_len = 3200 elements.
Allocate G_len 160 elements and old = 80.
Allocate M_len = 6400 elements.
The final length of G is 116
[6, 8, 3, 0]  	391	5 
[21, 0, 0, 0]  	399	5  <--- 1
[20, 1, 0, 0]  	403	5 
[4, 11, 3, 0]  	422	4 
[4, 14, 2, 0]  	460	5 
[3, 0, 14, 0]  	491	4 
[18, 11, 2, 0]  	657	8 
[15, 0, 13, 0]  	688	8 
[18, 14, 1, 0]  	695	7 
[13, 3, 13, 0]  	719	8 
[16, 17, 1, 0]  	726	7 
[3, 28, 1, 0]  	732	5 
[19, 0, 12, 0]  	733	6 
[11, 6, 13, 0]  	750	7 
[14, 20, 1, 0]  	757	7 
[2, 14, 13, 0]  	763	4 
[19, 18, 0, 0]  	775	5 
[8, 26, 1, 0]  	781	6 
[12, 23, 1, 0]  	788	6 
[10, 25, 1, 0]  	796	6 
[2, 17, 12, 0]  	801	4 
[18, 4, 12, 0]  	806	6 
[4, 32, 0, 0]  	812	5 
[8, 29, 0, 0]  	819	5 
[6, 31, 0, 0]  	827	5 
[10, 28, 0, 0]  	834	5 
[3, 34, 0, 0]  	839	4 
[2, 35, 0, 0]  	843	4 
[3, 21, 10, 0]  	850	4 
[3, 24, 8, 0]  	857	4 
[3, 20, 11, 0]  	858	4 
[3, 23, 9, 0]  	865	4 
[2, 24, 9, 0]  	869	3 
[3, 26, 7, 0]  	872	4 
[2, 4, 24, 0]  	874	4 
[2, 0, 27, 0]  	875	4 
[2, 7, 22, 0]  	881	3 
[2, 26, 8, 0]  	884	3 
[2, 29, 6, 0]  	891	3 
[1, 15, 17, 0]  	891	3 
[2, 13, 18, 0]  	895	3 
[2, 9, 21, 0]  	896	3 
[17, 25, 0, 0]  	898	5 
[2, 28, 7, 0]  	899	3 
[1, 14, 18, 0]  	899	3 
[1, 10, 21, 0]  	900	2 
[2, 12, 19, 0]  	903	3 
[1, 13, 19, 0]  	907	2 
[1, 12, 20, 0]  	915	2 
[1, 27, 9, 0]  	919	2 
[0, 32, 6, 0]  	922	2 
[1, 30, 7, 0]  	926	2 
[2, 32, 5, 0]  	929	3 
[1, 18, 16, 0]  	929	3 
[0, 31, 7, 0]  	930	2 
[1, 29, 8, 0]  	934	2 
[0, 30, 8, 0]  	938	1 
[1, 1, 29, 0]  	941	2 
[1, 24, 12, 0]  	943	3 
[1, 0, 30, 0]  	949	2 
[0, 1, 30, 0]  	953	1 
[0, 16, 19, 0]  	957	1 
[0, 35, 5, 0]  	960	2 
[0, 0, 31, 0]  	961	1  <--- 3
[1, 41, 0, 0]  	962	2 
[1, 21, 15, 0]  	967	3 
[0, 18, 18, 0]  	972	1 
[1, 4, 28, 0]  	979	2 
[0, 4, 29, 0]  	991	1 
[0, 21, 17, 0]  	1010	1 
[0, 44, 0, 0]  	1012	2  <--- 2
[1, 7, 27, 0]  	1017	2 
[0, 7, 28, 0]  	1029	1 
[0, 41, 3, 0]  	1036	2 
[0, 24, 16, 0]  	1048	1 
[0, 10, 27, 0]  	1067	1 
[0, 27, 15, 0]  	1086	1 
[0, 13, 26, 0]  	1105	1 
[17, 3, 12, 1]  	764	6 
[3, 27, 3, 1]  	771	4 
[2, 31, 1, 1]  	782	4 
[2, 28, 4, 1]  	806	4 
[16, 7, 12, 1]  	837	6 
[15, 25, 0, 1]  	860	5 
[2, 21, 11, 1]  	862	3 
[2, 27, 7, 1]  	876	3 
[2, 23, 10, 1]  	877	3 
[2, 10, 20, 1]  	888	3 
[1, 38, 0, 1]  	893	3 
[1, 32, 5, 1]  	910	3 
[1, 31, 6, 1]  	918	3 
[1, 35, 4, 1]  	948	3 
[0, 38, 4, 1]  	998	2 
[15, 6, 12, 2]  	795	6 
[14, 25, 0, 2]  	841	5 
[13, 27, 0, 2]  	868	5 
[12, 26, 0, 3]  	826	5 
[3, 24, 7, 27]  	826	4 
[2, 13, 17, 27]  	864	3 
[1, 14, 17, 27]  	868	3 
[3, 24, 6, 28]  	795	4 
[2, 13, 16, 28]  	833	3 
[1, 14, 16, 28]  	837	3 
[2, 27, 6, 28]  	845	3 
[3, 24, 5, 29]  	764	4 
[2, 13, 14, 29]  	771	2 
[2, 0, 24, 29]  	782	3 
[1, 13, 15, 29]  	783	2 
[2, 27, 5, 29]  	814	3 
[1, 0, 27, 29]  	856	2 
[1, 7, 22, 29]  	862	2 
[1, 9, 21, 29]  	877	2 
[1, 31, 5, 29]  	887	3 
[1, 27, 8, 29]  	888	2 
[0, 7, 27, 29]  	998	1 
[0, 24, 15, 29]  	1017	1 
------
The gap is between 4 and 26.
Lengths: 3 3 5 5 3 3.
For 982 = 5*d/2-d1-d2-d3 you get 3 in char 0.
1*x^1*y^23*z^14
1*y^40*z^2
1*y^9*z^25

For 560 = 3*d/2-d1-d2-d3 you get 5 in char 0.
1*x^14*y^2*z^8
1*x^12*y^5*z^7
1*x^2*y^20*z^2
1*x^1*y^6*z^13
1*y^23*z^1

For 138 = d/2-d1-d2-d3 you get 3 in char 0.
1*x^4*z^2
1*x^2*y^3*z^1
1*y^6

Extra powers of p used 0.
The invariant extra is equal to 1.
Start computing 11^3 Delta^1 (x1x2x3)^10... Done.
Start computing 11^4 Delta^2 (x1x2x3)^10... Done.
Start computing 11^5 Delta^3 (x1x2x3)^10... Done.
Start computing 11^6 Delta^4 (x1x2x3)^10... Done.
Start computing 11^7 Delta^5 (x1x2x3)^10... Done.
Start computing 11^8 Delta^6 (x1x2x3)^10... Done.
Start computing 11^9 Delta^7 (x1x2x3)^10... Done.
Start computing aa.
1 2 3 4 5 6 7 8 9 10 11 
*/
A = \
[1010269168223738967238727626742,619710887462236440319759421980,1272427786408675188837418347557,264276320409011166122496256781,1403533826470777804189357794318,1291761893197756495926032774691,976531907748726064250491749894,1525570305790483278151685974609,590854738982047367634280493613,1335198813254403771271037322300,124452856839926923493611454853;\
490266870083444454475814584380,382978276825980471821483315134,427054287699164676721746321611,1126949611604843609210031352564,464370400761716215458446478504,350074574816528311783593279258,598782033714609066204145119593,39262791488367006779593275000,473386072213041216371170753340,1512569269493266049230627924,537272470333493254149563601718;\
31555561067970940873279378443,1551217383803194392539750294142,502152315719297441878351975289,149663369624476146055450747617,1248138987534784850070737011434,501940978790431853817532661922,751275135360583532211069898484,1273058633201201366187683500705,1245320184817556670837743825987,1006870289954744295804909639124,1234510964758338606512076421760;\
1438282464828200006131655148327,52197916494182107662245272853,420048898885912601620891365568,413654039573079759643029831452,312178967761514900432779770465,1217357878214737938529206740098,1146919292155522529864661262239,174737212181670663439506292954,374681920929185810540358610104,715651469031658386918743283935,1030359050639006324722957506013;\
802507268541504261026433722411,201294750238341458102697602189,1520425913243756862052196742156,1322541999670548084385547386434,745109275389331002989166775260,34362451843296768796850626139,480627431496842332947001436866,423863726355721543641573475652,1296316550401574686850347106185,127972552238980609598199913657,748202698241750078916306766202;\
587577618491340570650847755237,1271116691267532101011602101941,475589637928003638102644181192,1518315612078581156384464696721,1396079044014836913888861999404,1425574116866677349646769076514,299090635511550569121683138891,1550110643959343339847146413130,666528405275745991263854883930,160142028678428491818991974799,811916005097575668527211619744;\
1477810036153834192002906801635,1120937010606316651012100326706,915974749096272730321893345820,1414174262028210955411015641523,823065020720222866111851094638,425943739335435918037646412108,673964992803623112493768722339,995830467996238770980573347672,141239937287778642234620206409,1520538292830794695495001521898,542273125349652407889546168592;\
180057503125440045600742319566,790868499306337663297445141998,280694100991330581060754278842,192747804585352527407222831879,388219100197442414932823686004,312984502855021978822350189593,182025215351370071385185235744,1454996071311691084451302527357,18457120537335226216311525046,1235735754649194592781266241171,429855058733246380989232306213;\
86911530598174328162283600411,995975381509432743957527036410,1229329198632066038198654627588,830302308950618496022015923212,1571444193737057291399018504849,337054088146892071217255131105,335954919694166364173865780662,592575539622337534499541644878,467927052219429527161233998498,416645935269469359292066010519,455469240363886223939049784143;\
336292317548170847391850273256,1237612953448289344553533664268,356062492464905402368030469957,1575464734190975723628530206330,1524061771032493987510510473619,47213049471067145481173591211,42066669485302648986803741925,71813582505553476145040012519,234520132746390004465714591829,350751121996371901603651116,14921985061467757306033216964;\
325775162578034417461211994345,251536470318243977289902499115,414645696899183989995158951757,1206082756912002632944738329884,872254094204920275954045076928,287228486114696861440624171198,300218949171590346463051731443,901211964845261199394121624492,733199830480778114481194580413,1019460297693146674688970591021,5391444061015707797992649826]
/* 
This should be the matrix of frobenius!
*/ 
B = A; 
/* Freed 162 lists. */
