/* Comments begin... 
Coefficient of   x^21 * y^1               = -3
Coefficient of   x^10 * y^2 * z^6         = 5
Coefficient of   x^8 * y^5 * z^5         = 3
Coefficient of   x^6 * y^8 * z^4         = -1
Coefficient of   x^4 * y^11 * z^3         = 3
Coefficient of   x^2 * y^14 * z^2         = 2
Coefficient of   x^1 * z^13               = -4
Coefficient of   y^17 * z^1               = -2

Here is the polynomial we're using this time:

-3*x^21*y^1 + 5*x^10*y^2*z^6 + 3*x^8*y^5*z^5 + -1*x^6*y^8*z^4 + 3*x^4*y^11*z^3 + 2*x^2*y^14*z^2 + -4*x^1*z^13 + -2*y^17*z^1

Allocate G_len 20 elements and old = 0.
Allocate M_len = 400 elements.
Allocate G_len 40 elements and old = 20.
Allocate M_len = 800 elements.
Allocate G_len 80 elements and old = 40.
Allocate M_len = 1600 elements.
Allocate M_len = 3200 elements.
Allocate G_len 160 elements and old = 80.
Allocate M_len = 6400 elements.
Allocate M_len = 12800 elements.
Allocate G_len 320 elements and old = 160.
The final length of G is 161
[10, 2, 5, 0]  	391	7 
[21, 0, 0, 0]  	399	7  <--- 1
[20, 1, 0, 0]  	403	7 
[8, 5, 5, 0]  	422	6 
[8, 8, 4, 0]  	460	7 
[6, 11, 4, 0]  	491	6 
[6, 14, 3, 0]  	529	7 
[5, 0, 15, 0]  	560	6 
[18, 5, 4, 0]  	581	12 
[14, 11, 3, 0]  	612	11 
[18, 8, 3, 0]  	619	11 
[11, 0, 14, 0]  	643	10 
[14, 14, 2, 0]  	650	10 
[18, 11, 2, 0]  	657	10 
[9, 3, 14, 0]  	674	9 
[12, 17, 2, 0]  	681	9 
[15, 0, 13, 0]  	688	9 
[10, 19, 2, 0]  	689	9 
[18, 14, 1, 0]  	695	9 
[7, 22, 2, 0]  	701	8 
[7, 6, 14, 0]  	705	8 
[8, 23, 1, 0]  	712	8 
[12, 20, 1, 0]  	719	8 
[6, 9, 13, 0]  	724	7 
[16, 17, 1, 0]  	726	8 
[10, 22, 1, 0]  	727	8 
[6, 8, 14, 0]  	732	7 
[5, 25, 2, 0]  	732	7 
[19, 0, 12, 0]  	733	8 
[14, 19, 1, 0]  	734	8 
[5, 9, 14, 0]  	736	7 
[7, 25, 1, 0]  	739	7 
[6, 26, 1, 0]  	743	7 
[8, 26, 0, 0]  	750	7 
[5, 11, 13, 0]  	751	7 
[4, 12, 13, 0]  	755	6 
[12, 23, 0, 0]  	757	7 
[6, 28, 0, 0]  	758	7 
[5, 29, 0, 0]  	762	6 
[4, 11, 14, 0]  	763	6 
[10, 25, 0, 0]  	765	7 
[4, 26, 3, 0]  	767	6 
[5, 28, 1, 0]  	770	6 
[4, 14, 12, 0]  	770	6 
[5, 24, 4, 0]  	771	6 
[14, 22, 0, 0]  	772	7 
[4, 29, 1, 0]  	774	6 
[19, 18, 0, 0]  	775	7 
[18, 19, 0, 0]  	779	7 
[4, 28, 2, 0]  	782	6 
[3, 14, 13, 0]  	782	6 
[3, 29, 2, 0]  	786	5 
[5, 18, 9, 0]  	788	6 
[4, 31, 0, 0]  	789	6 
[3, 32, 0, 0]  	793	5 
[5, 21, 7, 0]  	795	6 
[5, 17, 10, 0]  	796	6 
[4, 18, 10, 0]  	800	5 
[3, 31, 1, 0]  	801	5 
[3, 0, 24, 0]  	801	5 
[5, 20, 8, 0]  	803	6 
[2, 32, 1, 0]  	805	5 
[17, 21, 0, 0]  	806	6 
[4, 25, 5, 0]  	806	6 
[4, 21, 8, 0]  	807	5 
[4, 17, 11, 0]  	808	5 
[5, 23, 6, 0]  	810	6 
[4, 1, 23, 0]  	812	5 
[4, 24, 6, 0]  	814	5 
[4, 20, 9, 0]  	815	5 
[3, 17, 12, 0]  	820	5 
[4, 23, 7, 0]  	822	5 
[2, 18, 12, 0]  	824	4 
[4, 7, 19, 0]  	826	5 
[4, 3, 22, 0]  	827	5 
[3, 12, 16, 0]  	829	5 
[3, 4, 22, 0]  	831	4 
[4, 10, 17, 0]  	833	5 
[4, 6, 20, 0]  	834	5 
[3, 11, 17, 0]  	837	5 
[3, 7, 20, 0]  	838	4 
[3, 3, 23, 0]  	839	4 
[4, 9, 18, 0]  	841	5 
[2, 35, 0, 0]  	843	4 
[3, 10, 18, 0]  	845	4 
[3, 6, 21, 0]  	846	4 
[3, 21, 10, 0]  	850	4 
[3, 9, 19, 0]  	853	4 
[3, 28, 5, 0]  	856	5 
[3, 24, 8, 0]  	857	4 
[3, 20, 11, 0]  	858	4 
[2, 29, 5, 0]  	860	4 
[2, 21, 11, 0]  	862	3 
[3, 27, 6, 0]  	864	4 
[3, 23, 9, 0]  	865	4 
[2, 24, 9, 0]  	869	3 
[3, 26, 7, 0]  	872	4 
[2, 4, 24, 0]  	874	4 
[2, 31, 4, 0]  	875	5 
[2, 27, 7, 0]  	876	3 
[2, 23, 10, 0]  	877	3 
[2, 15, 16, 0]  	879	4 
[2, 7, 22, 0]  	881	3 
[2, 26, 8, 0]  	884	3 
[2, 14, 17, 0]  	887	4 
[2, 10, 20, 0]  	888	3 
[1, 15, 17, 0]  	891	3 
[1, 38, 0, 0]  	893	3 
[2, 13, 18, 0]  	895	3 
[2, 9, 21, 0]  	896	3 
[2, 1, 27, 0]  	898	4 
[1, 14, 18, 0]  	899	3 
[1, 10, 21, 0]  	900	2 
[2, 12, 19, 0]  	903	3 
[2, 0, 28, 0]  	906	4 
[1, 13, 19, 0]  	907	2 
[1, 32, 5, 0]  	910	3 
[1, 12, 20, 0]  	915	2 
[1, 31, 6, 0]  	918	3 
[1, 27, 9, 0]  	919	2 
[0, 32, 6, 0]  	922	2 
[1, 30, 7, 0]  	926	2 
[1, 18, 16, 0]  	929	3 
[0, 31, 7, 0]  	930	2 
[1, 29, 8, 0]  	934	2 
[0, 30, 8, 0]  	938	1 
[1, 1, 29, 0]  	941	2 
[1, 24, 12, 0]  	943	3 
[1, 35, 4, 0]  	948	3 
[1, 0, 30, 0]  	949	2 
[0, 1, 30, 0]  	953	1 
[0, 16, 19, 0]  	957	1 
[0, 35, 5, 0]  	960	2 
[0, 0, 31, 0]  	961	1  <--- 3
[1, 21, 15, 0]  	967	3 
[0, 18, 18, 0]  	972	1 
[1, 4, 28, 0]  	979	2 
[0, 4, 29, 0]  	991	1 
[0, 38, 4, 0]  	998	2 
[0, 21, 17, 0]  	1010	1 
[0, 44, 0, 0]  	1012	2  <--- 2
[1, 7, 27, 0]  	1017	2 
[0, 7, 28, 0]  	1029	1 
[0, 41, 3, 0]  	1036	2 
[0, 24, 16, 0]  	1048	1 
[0, 10, 27, 0]  	1067	1 
[0, 27, 15, 0]  	1086	1 
[0, 13, 26, 0]  	1105	1 
[7, 8, 13, 1]  	720	8 
[16, 20, 0, 1]  	764	7 
[5, 15, 11, 1]  	781	6 
[4, 4, 21, 1]  	819	5 
[2, 28, 6, 1]  	868	4 
[9, 20, 2, 2]  	693	8 
[7, 23, 1, 28]  	693	7 
[6, 25, 1, 29]  	720	6 
[5, 21, 6, 29]  	764	5 
[4, 1, 22, 29]  	781	5 
[4, 24, 5, 29]  	783	5 
[3, 21, 9, 29]  	819	4 
[1, 14, 17, 29]  	868	3 
------
The gap is between 3 and 27.
Lengths: 3 3 5 5 3 3.
For 982 = 5*d/2-d1-d2-d3 you get 3 in char 0.
1*x^1*y^23*z^14
1*y^40*z^2
1*y^9*z^25

For 560 = 3*d/2-d1-d2-d3 you get 5 in char 0.
1*x^4*y^17*z^3
1*x^3*y^3*z^14
1*x^2*y^20*z^2
1*x^1*y^6*z^13
1*y^23*z^1

For 138 = d/2-d1-d2-d3 you get 3 in char 0.
1*x^4*z^2
1*x^2*y^3*z^1
1*y^6

Extra powers of p used 0.
The invariant extra is equal to 1.
Start computing 11^3 Delta^1 (x1x2x3)^10... Done.
Start computing 11^4 Delta^2 (x1x2x3)^10... Done.
Start computing 11^5 Delta^3 (x1x2x3)^10... Done.
Start computing 11^6 Delta^4 (x1x2x3)^10... Done.
Start computing 11^7 Delta^5 (x1x2x3)^10... Done.
Start computing 11^8 Delta^6 (x1x2x3)^10... Done.
Start computing 11^9 Delta^7 (x1x2x3)^10... Done.
Start computing aa.
1 2 3 4 5 6 7 8 9 10 11 
*/
A = \
[509956961570723933325054861826,226695548812582383436387686266,1322798937415331458807229549377,1220712962486533205591585858845,58849385298471396272312262165,914253010495449512022479862606,1033822133641850337337052194024,1566723426051691098805265533893,285663889456883077850435858286,559961616409230788336637998461,581063568435759307669094427070;\
1343553859316115288089784508310,1276490569636383561717871914780,1225931561145536049056436515310,1085782715051931599497709173886,576293783289035129595528332884,773496327129570723757549813364,470441736476795887145188018491,1256219988449004413917104332552,1294193676148440561192640551797,914552852633765427373574036743,809675550228138069650776962063;\
983412485248718484816992882267,227074958157850284835392214071,485004157044667206701574711935,217928361993813038958739883743,312310735168680765809761841537,366684923334767512996176988596,893329364369536369481844067716,1201838531604086397061531829371,723083188092845825315916795092,220857642404914225790897187403,36111795346486533989450120326;\
860312894996041189061184042063,1068605136419826852784542267608,873176706597963629764045644217,1083658951248942129965286775953,1437700600878570130628224044753,441598402937544978029638118022,239730803242008590496885505286,1295504196777258998269782840413,301618212631907608268737004,1158780284707294030783464171324,209659267953536027955266386151;\
1099556951867147708098840277083,871656955317815048136299443995,1410004922325934355562187343067,109047788792014953967552940881,1334061079296533214042299870294,1172085143002847137443224297199,694277119354475842109230031957,1405793701819405188301681990837,578777937092368590870347605166,377639757467002695586875196045,1308619560413827145626323700376;\
1033395917799076898067126661827,476927252756313157573379402840,362748529853963007471981919577,1178644881175612243263639789185,66634524193976043379378844694,1499777485379167363842863971999,1273830538606402311368803601280,822556523385899638847290839378,1308130841750907234765323947218,715122931948439441667298451712,1496717162175406943350874995645;\
212786007179305193369481851070,1581547196928910923238721442334,952811590049434813227337772202,876312035428667291789718576534,1163085433079737225852015881736,866888823988977577188540789320,529166884865181109657990314743,510674994875438862296874168870,1421573524654033115476881864490,491574792247904358162797722424,1352826407777503037424111637659;\
436180074018284553742206779030,935015603525588588928911523714,618624978074978394668390293619,768862927809937025407815473297,1066496894970081906245798031984,263404359402662157845081636709,1280693477375446378805272343852,1466371862823879039084015873683,534629241055289228617243200165,207638472174045558311483633332,1574245189260177709552993159257;\
374356467191761058766823574259,879533732657862425029741934171,237378930269848921943777039464,1474118207211503820814789284596,1258788569411722164357847056125,399887878913181180585732487929,802202074815725433113520377737,487070301866049172648705536483,55269943009681654124245124937,1416057626728358663289810022618,402589082837044244472339861160;\
503111555597909224870698989910,1208230703688237698320198761935,1383629351080948799151299840606,545267514404967494160977838651,89901910693402196722738953196,1301918315414017348212246363381,1195297941830515680658739957851,1158322545902011684536018214450,688927142912198249579967074837,706051168382940088342090566879,1323248157908739606799317586260;\
1277647992897061818503624306288,1521915041950149581167218013170,58599511200853740924169043442,954828144070139270696626753001,227051539001590288873313611064,68644715816450992942524662664,231668251683734831774291862060,370903937197960669974366874803,732066274307870463465995739402,742939562726582252923767274069,916611466207713498348223729896]
/* 
This should be the matrix of frobenius!
*/ 
B = A; 
/* Freed 166 lists. */
