/* Comments begin... 
Coefficient of   x^21 * y^1               = -2
Coefficient of   x^10 * y^2 * z^6         = 3
Coefficient of   x^8 * y^5 * z^5         = -1
Coefficient of   x^6 * y^8 * z^4         = 3
Coefficient of   x^4 * y^11 * z^3         = 2
Coefficient of   x^2 * y^14 * z^2         = -4
Coefficient of   x^1 * z^13               = 4
Coefficient of   y^17 * z^1               = 5

Here is the polynomial we're using this time:

-2*x^21*y^1 + 3*x^10*y^2*z^6 + -1*x^8*y^5*z^5 + 3*x^6*y^8*z^4 + 2*x^4*y^11*z^3 + -4*x^2*y^14*z^2 + 4*x^1*z^13 + 5*y^17*z^1

Allocate G_len 20 elements and old = 0.
Allocate M_len = 400 elements.
Allocate G_len 40 elements and old = 20.
Allocate M_len = 800 elements.
Allocate G_len 80 elements and old = 40.
Allocate M_len = 1600 elements.
Allocate M_len = 3200 elements.
Allocate G_len 160 elements and old = 80.
Allocate M_len = 6400 elements.
Allocate M_len = 12800 elements.
Allocate G_len 320 elements and old = 160.
The final length of G is 163
[10, 2, 5, 0]  	391	7 
[21, 0, 0, 0]  	399	7  <--- 1
[20, 1, 0, 0]  	403	7 
[8, 5, 5, 0]  	422	6 
[8, 8, 4, 0]  	460	7 
[6, 11, 4, 0]  	491	6 
[6, 14, 3, 0]  	529	7 
[5, 0, 15, 0]  	560	6 
[18, 5, 4, 0]  	581	12 
[14, 11, 3, 0]  	612	11 
[18, 8, 3, 0]  	619	11 
[11, 0, 14, 0]  	643	10 
[14, 14, 2, 0]  	650	10 
[18, 11, 2, 0]  	657	10 
[9, 3, 14, 0]  	674	9 
[12, 17, 2, 0]  	681	9 
[15, 0, 13, 0]  	688	9 
[10, 19, 2, 0]  	689	9 
[9, 20, 2, 0]  	693	8 
[18, 14, 1, 0]  	695	9 
[7, 22, 2, 0]  	701	8 
[7, 6, 14, 0]  	705	8 
[8, 23, 1, 0]  	712	8 
[12, 20, 1, 0]  	719	8 
[7, 8, 13, 0]  	720	8 
[6, 9, 13, 0]  	724	7 
[16, 17, 1, 0]  	726	8 
[10, 22, 1, 0]  	727	8 
[6, 8, 14, 0]  	732	7 
[5, 25, 2, 0]  	732	7 
[19, 0, 12, 0]  	733	8 
[14, 19, 1, 0]  	734	8 
[7, 25, 1, 0]  	739	7 
[6, 26, 1, 0]  	743	7 
[8, 26, 0, 0]  	750	7 
[5, 11, 13, 0]  	751	7 
[4, 12, 13, 0]  	755	6 
[12, 23, 0, 0]  	757	7 
[6, 28, 0, 0]  	758	7 
[5, 29, 0, 0]  	762	6 
[10, 25, 0, 0]  	765	7 
[4, 26, 3, 0]  	767	6 
[5, 28, 1, 0]  	770	6 
[4, 14, 12, 0]  	770	6 
[5, 24, 4, 0]  	771	6 
[14, 22, 0, 0]  	772	7 
[4, 29, 1, 0]  	774	6 
[19, 18, 0, 0]  	775	7 
[18, 19, 0, 0]  	779	7 
[5, 15, 11, 0]  	781	6 
[4, 28, 2, 0]  	782	6 
[3, 14, 13, 0]  	782	6 
[3, 29, 2, 0]  	786	5 
[4, 31, 0, 0]  	789	6 
[3, 32, 0, 0]  	793	5 
[5, 21, 7, 0]  	795	6 
[5, 17, 10, 0]  	796	6 
[4, 18, 10, 0]  	800	5 
[3, 31, 1, 0]  	801	5 
[3, 0, 24, 0]  	801	5 
[5, 20, 8, 0]  	803	6 
[17, 21, 0, 0]  	806	6 
[4, 25, 5, 0]  	806	6 
[4, 21, 8, 0]  	807	5 
[4, 17, 11, 0]  	808	5 
[5, 23, 6, 0]  	810	6 
[4, 1, 23, 0]  	812	5 
[4, 24, 6, 0]  	814	5 
[4, 20, 9, 0]  	815	5 
[3, 17, 12, 0]  	820	5 
[4, 23, 7, 0]  	822	5 
[2, 18, 12, 0]  	824	4 
[4, 7, 19, 0]  	826	5 
[4, 3, 22, 0]  	827	5 
[3, 12, 16, 0]  	829	5 
[3, 4, 22, 0]  	831	4 
[4, 10, 17, 0]  	833	5 
[3, 11, 17, 0]  	837	5 
[3, 7, 20, 0]  	838	4 
[3, 3, 23, 0]  	839	4 
[4, 9, 18, 0]  	841	5 
[2, 35, 0, 0]  	843	4 
[3, 10, 18, 0]  	845	4 
[3, 6, 21, 0]  	846	4 
[3, 21, 10, 0]  	850	4 
[3, 9, 19, 0]  	853	4 
[3, 28, 5, 0]  	856	5 
[3, 24, 8, 0]  	857	4 
[3, 20, 11, 0]  	858	4 
[2, 29, 5, 0]  	860	4 
[2, 21, 11, 0]  	862	3 
[3, 27, 6, 0]  	864	4 
[3, 23, 9, 0]  	865	4 
[2, 28, 6, 0]  	868	4 
[2, 24, 9, 0]  	869	3 
[3, 26, 7, 0]  	872	4 
[2, 4, 24, 0]  	874	4 
[2, 31, 4, 0]  	875	5 
[2, 27, 7, 0]  	876	3 
[2, 23, 10, 0]  	877	3 
[2, 15, 16, 0]  	879	4 
[2, 7, 22, 0]  	881	3 
[2, 26, 8, 0]  	884	3 
[2, 14, 17, 0]  	887	4 
[2, 10, 20, 0]  	888	3 
[1, 15, 17, 0]  	891	3 
[1, 38, 0, 0]  	893	3 
[2, 9, 21, 0]  	896	3 
[2, 1, 27, 0]  	898	4 
[1, 14, 18, 0]  	899	3 
[1, 10, 21, 0]  	900	2 
[2, 12, 19, 0]  	903	3 
[2, 0, 28, 0]  	906	4 
[1, 13, 19, 0]  	907	2 
[1, 32, 5, 0]  	910	3 
[1, 12, 20, 0]  	915	2 
[1, 31, 6, 0]  	918	3 
[1, 27, 9, 0]  	919	2 
[0, 32, 6, 0]  	922	2 
[1, 30, 7, 0]  	926	2 
[1, 18, 16, 0]  	929	3 
[0, 31, 7, 0]  	930	2 
[1, 29, 8, 0]  	934	2 
[0, 30, 8, 0]  	938	1 
[1, 1, 29, 0]  	941	2 
[1, 24, 12, 0]  	943	3 
[1, 35, 4, 0]  	948	3 
[1, 0, 30, 0]  	949	2 
[0, 1, 30, 0]  	953	1 
[0, 16, 19, 0]  	957	1 
[0, 35, 5, 0]  	960	2 
[0, 0, 31, 0]  	961	1  <--- 3
[1, 21, 15, 0]  	967	3 
[0, 18, 18, 0]  	972	1 
[0, 4, 29, 0]  	991	1 
[0, 21, 17, 0]  	1010	1 
[0, 44, 0, 0]  	1012	2  <--- 2
[1, 7, 27, 0]  	1017	2 
[0, 7, 28, 0]  	1029	1 
[0, 41, 3, 0]  	1036	2 
[0, 24, 16, 0]  	1048	1 
[0, 10, 27, 0]  	1067	1 
[0, 27, 15, 0]  	1086	1 
[0, 13, 26, 0]  	1105	1 
[5, 9, 14, 1]  	736	7 
[4, 11, 14, 1]  	763	6 
[16, 20, 0, 1]  	764	7 
[5, 18, 9, 1]  	788	6 
[2, 32, 1, 1]  	805	5 
[4, 4, 21, 1]  	819	5 
[4, 6, 20, 1]  	834	5 
[2, 13, 18, 1]  	895	3 
[1, 4, 28, 1]  	979	2 
[0, 38, 4, 1]  	998	2 
[4, 26, 2, 29]  	736	6 
[3, 28, 2, 29]  	763	5 
[5, 21, 6, 29]  	764	6 
[4, 24, 5, 29]  	783	5 
[3, 21, 8, 29]  	788	4 
[2, 1, 24, 29]  	805	4 
[1, 30, 6, 29]  	895	2 
[0, 21, 16, 29]  	979	1 
[0, 7, 27, 29]  	998	1 
------
The gap is between 2 and 28.
Lengths: 3 3 5 5 3 3.
For 982 = 5*d/2-d1-d2-d3 you get 3 in char 0.
1*x^1*y^23*z^14
1*y^40*z^2
1*y^9*z^25

For 560 = 3*d/2-d1-d2-d3 you get 5 in char 0.
1*x^4*y^17*z^3
1*x^3*y^3*z^14
1*x^2*y^20*z^2
1*x^1*y^6*z^13
1*y^23*z^1

For 138 = d/2-d1-d2-d3 you get 3 in char 0.
1*x^4*z^2
1*x^2*y^3*z^1
1*y^6

Extra powers of p used 0.
The invariant extra is equal to 1.
Start computing 11^3 Delta^1 (x1x2x3)^10... Done.
Start computing 11^4 Delta^2 (x1x2x3)^10... Done.
Start computing 11^5 Delta^3 (x1x2x3)^10... Done.
Start computing 11^6 Delta^4 (x1x2x3)^10... Done.
Start computing 11^7 Delta^5 (x1x2x3)^10... Done.
Start computing 11^8 Delta^6 (x1x2x3)^10... Done.
Start computing 11^9 Delta^7 (x1x2x3)^10... Done.
Start computing aa.
1 2 3 4 5 6 7 8 9 10 11 
*/
A = \
[326195808596867191565214940353,989661263226001815740896567666,1527144603400579685974157442559,1516514392370852967227885730376,628532588159741210098385625283,1562188462601975124346219469691,624427240703568477877179178195,311636409588849060923505947,885882272295060411759130957247,197929100025730458170250994859,593198580043433309494064347777;\
1417899848945254233448430617518,272824165895390587354299810828,145062570325706230235899390156,81752175927122323207789078699,282260518245144701319569146085,17934099422969530826233841699,827339309249323268412775989294,253609902576300719452447896386,487700275576023099802101976218,1565788773210368366189793391953,771785221853876929680334381754;\
759969268817785162289063206741,832257126202498455147911747362,250499334031227194781331104733,1008847111762648017066801411290,1204279445367017504303336220252,1487233986168179850828667593868,190449292725589778713457805158,1128218955629762130800753673773,710685729740308351488962683554,893107387327971627104238413600,139642255189355312384714025841;\
1552102420876155570195369763402,1003356569427550474341516263344,499273152654503156328221730187,959426062866919296045340847442,799617990341342653603275327867,512280738683266763058380567596,758658262032977794347158185634,1326414875205691857862251879420,534996624265804140369855698795,1476448088066699249977771085339,121893286598358085791586056737;\
562726984174904963509987446200,347514238940986194754788312094,338520522024775636206707505815,1095216669724793106121545180695,682247016939190510062122801142,686431325990154697111489281369,1203620693532580129932100770025,1180642222351090825979058021847,887646041220976194937710419896,951782227720292158442358259142,1280038544964167353297431498593;\
508890723985220418226883852804,368151009538902245758018164708,1303293907129695650833866211114,663968152868781190847814805562,241683034594978975415421552493,1184467045875969296152361294920,724161132534433308460368752503,69127041102394082383149657798,383482923415459889532308608371,299566179079818398073206448777,579421409577949726095431907256;\
489675475801570861225929039173,658121323588519827760197812163,381628746679256815181821313549,1531319453084865093211872393402,950581455274958404155329691334,1547618826333677725298750058804,369607942187142116965838829641,250507203996053771745697295973,553557222640986272970002932234,211627305311690928704856557856,1319380771679701157902556328060;\
432230084329581473800997415837,1260918365614093253497991739731,122249786114192048507071718765,1173390346390675448598910298633,1027090385756450873978677724585,1112342416555844094950573553947,806355372864569292952534504949,34033891384275464078289896256,605499347359418757985344981860,195745078901513484993573683188,100048495690049915684886442056;\
1275879458863988409973414799222,663065117717863256726918372878,474239517653304591717441507657,494179322625651031903841634360,1167229338469853113972314590122,1349208948072362691211765591460,205050757065142782719727022177,1273138782030088174112750014341,793805854285614566336300108067,627089084454803429694330587261,390468343282193135991540163270;\
992788802453709981796454154820,4462404006065619649374351956,337505364133772079079599539269,455474004505601257379385250860,967482571484563435863486905904,332358541749790138955516180080,587009035077946393851349348113,484855150255742363019179039596,339392246443711794241029438471,718353358329458811954651894710,1019967793461071552759552296505;\
1366362779222052493682502955225,973290479574072573178067144163,82478705111369610665482192357,568487865552063241548303191168,288060555186292664034488366126,1557952645539801095396733874348,114113274488733113443972116005,179706176433030004592026388801,1480374775895037484205403416570,996906566190592851602829645526,788489291066264704908399593845]
/* 
This should be the matrix of frobenius!
*/ 
B = A; 
/* Freed 166 lists. */
