/* Comments begin... 
Coefficient of   x^21 * y^1               = 3
Coefficient of   x^10 * y^2 * z^6         = -3
Coefficient of   x^8 * y^5 * z^5         = 4
Coefficient of   x^6 * y^8 * z^4         = 2
Coefficient of   x^4 * y^11 * z^3         = -4
Coefficient of   x^2 * y^14 * z^2         = 3
Coefficient of   x^1 * z^13               = -4
Coefficient of   y^17 * z^1               = 0

Here is the polynomial we're using this time:

3*x^21*y^1 + -3*x^10*y^2*z^6 + 4*x^8*y^5*z^5 + 2*x^6*y^8*z^4 + -4*x^4*y^11*z^3 + 3*x^2*y^14*z^2 + -4*x^1*z^13

Allocate G_len 20 elements and old = 0.
Allocate M_len = 400 elements.
Allocate G_len 40 elements and old = 20.
Allocate M_len = 800 elements.
Allocate G_len 80 elements and old = 40.
Allocate M_len = 1600 elements.
Allocate M_len = 3200 elements.
Allocate G_len 160 elements and old = 80.
Allocate M_len = 6400 elements.
Allocate M_len = 12800 elements.
Not smooth!
Coefficient of   x^21 * y^1               = -5
Coefficient of   x^10 * y^2 * z^6         = -5
Coefficient of   x^8 * y^5 * z^5         = 0
Coefficient of   x^6 * y^8 * z^4         = -5
Coefficient of   x^4 * y^11 * z^3         = -5
Coefficient of   x^2 * y^14 * z^2         = 0
Coefficient of   x^1 * z^13               = -3
Coefficient of   y^17 * z^1               = 5

Here is the polynomial we're using this time:

-5*x^21*y^1 + -5*x^10*y^2*z^6 + -5*x^6*y^8*z^4 + -5*x^4*y^11*z^3 + -3*x^1*z^13 + 5*y^17*z^1

Allocate G_len 320 elements and old = 160.
The final length of G is 159
[10, 2, 5, 0]  	391	5 
[21, 0, 0, 0]  	399	5  <--- 1
[20, 1, 0, 0]  	403	5 
[6, 8, 4, 0]  	422	4 
[6, 14, 3, 0]  	529	7 
[5, 0, 15, 0]  	560	6 
[16, 8, 3, 0]  	581	8 
[14, 11, 3, 0]  	612	7 
[11, 0, 14, 0]  	643	9 
[14, 14, 2, 0]  	650	10 
[18, 11, 2, 0]  	657	9 
[9, 3, 14, 0]  	674	8 
[12, 17, 2, 0]  	681	9 
[15, 0, 13, 0]  	688	8 
[10, 19, 2, 0]  	689	9 
[9, 20, 2, 0]  	693	7 
[17, 0, 12, 0]  	695	8 
[8, 5, 14, 0]  	701	7 
[7, 6, 14, 0]  	705	7 
[9, 6, 13, 0]  	712	8 
[12, 20, 1, 0]  	719	8 
[8, 22, 2, 0]  	720	8 
[7, 23, 2, 0]  	724	6 
[10, 22, 1, 0]  	727	8 
[5, 25, 2, 0]  	732	7 
[14, 19, 1, 0]  	734	7 
[5, 9, 14, 0]  	736	7 
[7, 25, 1, 0]  	739	7 
[16, 19, 0, 0]  	741	7 
[6, 26, 1, 0]  	743	7 
[8, 26, 0, 0]  	750	7 
[5, 11, 13, 0]  	751	7 
[4, 12, 13, 0]  	755	6 
[6, 28, 0, 0]  	758	7 
[5, 29, 0, 0]  	762	6 
[4, 11, 14, 0]  	763	6 
[10, 25, 0, 0]  	765	7 
[4, 26, 3, 0]  	767	6 
[5, 28, 1, 0]  	770	6 
[4, 14, 12, 0]  	770	6 
[5, 24, 4, 0]  	771	6 
[5, 20, 7, 0]  	772	6 
[4, 29, 1, 0]  	774	6 
[19, 18, 0, 0]  	775	7 
[5, 15, 11, 0]  	781	6 
[4, 28, 2, 0]  	782	6 
[3, 29, 2, 0]  	786	5 
[5, 18, 9, 0]  	788	6 
[4, 31, 0, 0]  	789	6 
[4, 23, 6, 0]  	791	5 
[3, 32, 0, 0]  	793	5 
[5, 17, 10, 0]  	796	6 
[4, 18, 10, 0]  	800	5 
[3, 31, 1, 0]  	801	5 
[3, 0, 24, 0]  	801	5 
[3, 15, 13, 0]  	805	5 
[2, 32, 1, 0]  	805	5 
[4, 25, 5, 0]  	806	6 
[4, 21, 8, 0]  	807	5 
[4, 17, 11, 0]  	808	5 
[4, 1, 23, 0]  	812	5 
[4, 20, 9, 0]  	815	5 
[2, 18, 12, 0]  	824	4 
[4, 7, 19, 0]  	826	5 
[4, 3, 22, 0]  	827	5 
[3, 12, 16, 0]  	829	5 
[3, 4, 22, 0]  	831	4 
[4, 10, 17, 0]  	833	5 
[4, 6, 20, 0]  	834	5 
[15, 24, 0, 0]  	837	5 
[3, 11, 17, 0]  	837	5 
[3, 7, 20, 0]  	838	4 
[3, 3, 23, 0]  	839	4 
[4, 9, 18, 0]  	841	5 
[2, 35, 0, 0]  	843	4 
[3, 10, 18, 0]  	845	4 
[3, 6, 21, 0]  	846	4 
[3, 21, 10, 0]  	850	4 
[3, 9, 19, 0]  	853	4 
[3, 28, 5, 0]  	856	5 
[3, 24, 8, 0]  	857	4 
[3, 20, 11, 0]  	858	4 
[2, 21, 11, 0]  	862	3 
[3, 23, 9, 0]  	865	4 
[2, 28, 6, 0]  	868	4 
[2, 24, 9, 0]  	869	3 
[3, 26, 7, 0]  	872	4 
[2, 4, 24, 0]  	874	4 
[2, 31, 4, 0]  	875	5 
[2, 27, 7, 0]  	876	3 
[2, 23, 10, 0]  	877	3 
[2, 7, 22, 0]  	881	3 
[2, 26, 8, 0]  	884	3 
[2, 14, 17, 0]  	887	4 
[2, 10, 20, 0]  	888	3 
[1, 38, 0, 0]  	893	3 
[2, 13, 18, 0]  	895	3 
[2, 9, 21, 0]  	896	3 
[2, 1, 27, 0]  	898	4 
[1, 14, 18, 0]  	899	3 
[1, 10, 21, 0]  	900	2 
[2, 12, 19, 0]  	903	3 
[1, 13, 19, 0]  	907	2 
[1, 32, 5, 0]  	910	3 
[1, 12, 20, 0]  	915	2 
[1, 31, 6, 0]  	918	3 
[1, 27, 9, 0]  	919	2 
[0, 32, 6, 0]  	922	2 
[1, 30, 7, 0]  	926	2 
[0, 31, 7, 0]  	930	2 
[1, 29, 8, 0]  	934	2 
[2, 0, 29, 0]  	937	4 
[0, 30, 8, 0]  	938	1 
[1, 1, 29, 0]  	941	2 
[1, 24, 12, 0]  	943	3 
[1, 35, 4, 0]  	948	3 
[1, 0, 30, 0]  	949	2 
[0, 1, 30, 0]  	953	1 
[0, 16, 19, 0]  	957	1 
[1, 18, 17, 0]  	960	2 
[0, 35, 5, 0]  	960	2 
[0, 0, 31, 0]  	961	1  <--- 3
[1, 21, 15, 0]  	967	3 
[0, 18, 18, 0]  	972	1 
[1, 4, 28, 0]  	979	2 
[0, 4, 29, 0]  	991	1 
[0, 38, 4, 0]  	998	2 
[0, 21, 17, 0]  	1010	1 
[0, 44, 0, 0]  	1012	2  <--- 2
[1, 7, 27, 0]  	1017	2 
[0, 7, 28, 0]  	1029	1 
[0, 41, 3, 0]  	1036	2 
[0, 24, 16, 0]  	1048	1 
[0, 10, 27, 0]  	1067	1 
[0, 27, 15, 0]  	1086	1 
[0, 13, 26, 0]  	1105	1 
[16, 17, 1, 1]  	726	7 
[9, 23, 1, 1]  	731	7 
[12, 23, 0, 1]  	757	7 
[3, 14, 13, 1]  	782	6 
[4, 4, 21, 1]  	819	5 
[3, 17, 12, 1]  	820	5 
[2, 29, 5, 1]  	860	4 
[3, 27, 6, 1]  	864	4 
[2, 15, 16, 1]  	879	4 
[1, 15, 17, 1]  	891	3 
[2, 0, 28, 1]  	906	4 
[1, 18, 16, 1]  	929	3 
[5, 18, 7, 29]  	726	6 
[7, 26, 0, 29]  	731	4 
[4, 21, 6, 29]  	745	4 
[2, 31, 1, 29]  	782	4 
[4, 24, 5, 29]  	783	5 
[4, 7, 18, 29]  	795	5 
[3, 10, 17, 29]  	814	3 
[3, 21, 9, 29]  	819	4 
[2, 34, 0, 29]  	820	4 
[0, 32, 4, 29]  	860	2 
[2, 13, 17, 29]  	864	3 
------
The gap is between 2 and 28.
Lengths: 3 3 5 5 3 3.
For 982 = 5*d/2-d1-d2-d3 you get 3 in char 0.
1*x^1*y^23*z^14
1*y^40*z^2
1*y^9*z^25

For 560 = 3*d/2-d1-d2-d3 you get 5 in char 0.
1*x^4*y^17*z^3
1*x^3*y^3*z^14
1*x^2*y^20*z^2
1*x^1*y^6*z^13
1*y^23*z^1

For 138 = d/2-d1-d2-d3 you get 3 in char 0.
1*x^4*z^2
1*x^2*y^3*z^1
1*y^6

Extra powers of p used 0.
The invariant extra is equal to 1.
Start computing 11^3 Delta^1 (x1x2x3)^10... Done.
Start computing 11^4 Delta^2 (x1x2x3)^10... Done.
Start computing 11^5 Delta^3 (x1x2x3)^10... Done.
Start computing 11^6 Delta^4 (x1x2x3)^10... Done.
Start computing 11^7 Delta^5 (x1x2x3)^10... Done.
Start computing 11^8 Delta^6 (x1x2x3)^10... Done.
Start computing 11^9 Delta^7 (x1x2x3)^10... Done.
Start computing aa.
1 2 3 4 5 6 7 8 9 10 11 
*/
A = \
[39809272688071972995520578685,1218860640147129308593592773916,725828076382912517605127408538,306075878587537967340949161491,1562434469234560489767257220921,362000108026937888532025026102,355556001185747099711249602744,955096730857923693258723220398,1429427085309031016758979848837,1370919518726425815692358708774,238605830411083350364035927304;\
1518759459461922396598273516932,1411949339774294204979406186128,425498500721599624037670048981,128117582435579649266763688400,517115850046251824307292739166,610664462058290434535436186469,646565081418754698102536900156,1144149654121818758471361055521,594330526395470188401396716188,1291682336169514268540241575873,1101054835092367743569873765654;\
1136407666347889910146543796525,903596577700730276036262968505,189553740429718767166974865998,353867513117102544293802067197,635149300842390982369590560582,568055658512836457993612261426,1551575768361485516346096377582,519213714290195194105027850361,1497550968320449331034133556850,419249927634215183052813218128,1156275161908637056901452899930;\
951168884299910505756571959827,1305829042892335836450773424320,309361675324021216244918164943,1360799025794829528988375339715,375349293614945762080999767209,75300349717115654563888230467,263670150957904298978699058554,1401284453810043927511740829586,133815021329963087531490883898,502285372625355760098123460434,510679347931328389745941539552;\
1027070732088486923091298714008,97148012909111215368018419327,1417126580599491886316635527902,211752355277640394119252143508,1000814421952237269472062521884,167044969349163213100969476025,1503401353350750616419940907129,362011871728532317675374925978,90495794866820273095233780426,907440157584880754524172902848,1170818069937148143015632133193;\
100084508481484396213732227069,1491896986593405556001419932651,742458496575927309908603490435,1432001585467337797661006377284,659679437135645974536574876835,400547460142911238358507267192,97573580065991701495475756115,728578902679239176023705028431,554463002729637327239730498451,565749132335301490872632500351,301440110664365772791134504259;\
757985258282778361901228681224,223672332109826180176895571517,1041602965026559071517879774496,1058238316803110997861731664570,513783953409743191988082760930,780697227415765409983160685065,232399347238764682324491146641,912814345449003509799079706221,590588048762767616964060308057,915299660148334307829530893455,1057473201486386642406778933945;\
953609021212250785638246571264,1266466201852936647584887108547,234644572173676557251437213846,1540735881328111026896926887232,1574166325780131787648007930174,1139802592296856853689114345731,904347982357513738310036226544,696180958381954428026137374617,100884335388004033315355773626,651977818781078779345492937779,1239948919615715050704077718284;\
155271998059414065134051876905,926163875667001472101512834619,1302125614325988686290281322083,351597706763923162881107190751,601567494253531624182719515105,118992428263614460618852812232,1231338352590990100106100053174,161407972094894829056267916665,15081884441278995879443231778,742092588595723662719743801678,1545958151125013136180336837753;\
1452456258830398273325169468305,46285569716728262160048509695,1457116505181004828455090622992,1509563284026342620980476589853,678913799674513231008428732154,995421192444511236428272992920,1563354695737496946979343306130,1214812120361204195174264100950,110841244919415448524186398012,1376017193143021408103676727307,766014026721251540892906259629;\
603379515982303841793959364638,398150674863829455748066286219,572454132489601972326532096242,1161773549297346739699401899553,1395353857628789650307177462561,1452623563717195861290344832127,150361708757036582794953627564,684960014415091480814315212734,1117277594471056645776074144956,653042106750670493460416575961,1427397489659472906460263801786]
/* 
This should be the matrix of frobenius!
*/ 
B = A; 
/* Freed 166 lists. */
