/* Comments begin... 
Coefficient of   x^21 * y^1               = -4
Coefficient of   x^10 * y^2 * z^6         = 5
Coefficient of   x^8 * y^5 * z^5         = -5
Coefficient of   x^6 * y^8 * z^4         = -2
Coefficient of   x^4 * y^11 * z^3         = -4
Coefficient of   x^2 * y^14 * z^2         = -5
Coefficient of   x^1 * z^13               = 2
Coefficient of   y^17 * z^1               = -1

Here is the polynomial we're using this time:

-4*x^21*y^1 + 5*x^10*y^2*z^6 + -5*x^8*y^5*z^5 + -2*x^6*y^8*z^4 + -4*x^4*y^11*z^3 + -5*x^2*y^14*z^2 + 2*x^1*z^13 + -1*y^17*z^1

Allocate G_len 20 elements and old = 0.
Allocate M_len = 400 elements.
Allocate G_len 40 elements and old = 20.
Allocate M_len = 800 elements.
Allocate G_len 80 elements and old = 40.
Allocate M_len = 1600 elements.
Allocate M_len = 3200 elements.
Allocate G_len 160 elements and old = 80.
Allocate M_len = 6400 elements.
Allocate M_len = 12800 elements.
Allocate G_len 320 elements and old = 160.
The final length of G is 166
[10, 2, 5, 0]  	391	7 
[21, 0, 0, 0]  	399	7  <--- 1
[20, 1, 0, 0]  	403	7 
[8, 5, 5, 0]  	422	6 
[8, 8, 4, 0]  	460	7 
[6, 11, 4, 0]  	491	6 
[6, 14, 3, 0]  	529	7 
[5, 0, 15, 0]  	560	6 
[18, 5, 4, 0]  	581	12 
[14, 11, 3, 0]  	612	11 
[18, 8, 3, 0]  	619	11 
[11, 0, 14, 0]  	643	10 
[14, 14, 2, 0]  	650	10 
[18, 11, 2, 0]  	657	10 
[9, 3, 14, 0]  	674	9 
[15, 0, 13, 0]  	688	9 
[10, 19, 2, 0]  	689	9 
[9, 20, 2, 0]  	693	8 
[18, 14, 1, 0]  	695	9 
[7, 22, 2, 0]  	701	8 
[7, 6, 14, 0]  	705	8 
[8, 23, 1, 0]  	712	8 
[12, 20, 1, 0]  	719	8 
[7, 8, 13, 0]  	720	8 
[6, 9, 13, 0]  	724	7 
[16, 17, 1, 0]  	726	8 
[10, 22, 1, 0]  	727	8 
[6, 8, 14, 0]  	732	7 
[5, 25, 2, 0]  	732	7 
[19, 0, 12, 0]  	733	8 
[14, 19, 1, 0]  	734	8 
[5, 9, 14, 0]  	736	7 
[7, 25, 1, 0]  	739	7 
[6, 26, 1, 0]  	743	7 
[8, 26, 0, 0]  	750	7 
[5, 11, 13, 0]  	751	7 
[4, 12, 13, 0]  	755	6 
[12, 23, 0, 0]  	757	7 
[6, 28, 0, 0]  	758	7 
[5, 29, 0, 0]  	762	6 
[4, 26, 3, 0]  	767	6 
[5, 28, 1, 0]  	770	6 
[4, 14, 12, 0]  	770	6 
[5, 24, 4, 0]  	771	6 
[14, 22, 0, 0]  	772	7 
[4, 29, 1, 0]  	774	6 
[19, 18, 0, 0]  	775	7 
[18, 19, 0, 0]  	779	7 
[5, 15, 11, 0]  	781	6 
[4, 28, 2, 0]  	782	6 
[3, 14, 13, 0]  	782	6 
[3, 29, 2, 0]  	786	5 
[5, 18, 9, 0]  	788	6 
[4, 31, 0, 0]  	789	6 
[3, 32, 0, 0]  	793	5 
[5, 21, 7, 0]  	795	6 
[5, 17, 10, 0]  	796	6 
[4, 18, 10, 0]  	800	5 
[3, 31, 1, 0]  	801	5 
[3, 0, 24, 0]  	801	5 
[5, 20, 8, 0]  	803	6 
[2, 32, 1, 0]  	805	5 
[17, 21, 0, 0]  	806	6 
[4, 25, 5, 0]  	806	6 
[4, 21, 8, 0]  	807	5 
[4, 17, 11, 0]  	808	5 
[5, 23, 6, 0]  	810	6 
[4, 1, 23, 0]  	812	5 
[4, 24, 6, 0]  	814	5 
[4, 20, 9, 0]  	815	5 
[4, 4, 21, 0]  	819	5 
[4, 23, 7, 0]  	822	5 
[2, 18, 12, 0]  	824	4 
[4, 7, 19, 0]  	826	5 
[4, 3, 22, 0]  	827	5 
[3, 12, 16, 0]  	829	5 
[3, 4, 22, 0]  	831	4 
[4, 10, 17, 0]  	833	5 
[4, 6, 20, 0]  	834	5 
[3, 11, 17, 0]  	837	5 
[3, 7, 20, 0]  	838	4 
[3, 3, 23, 0]  	839	4 
[4, 9, 18, 0]  	841	5 
[2, 35, 0, 0]  	843	4 
[3, 10, 18, 0]  	845	4 
[3, 6, 21, 0]  	846	4 
[3, 21, 10, 0]  	850	4 
[3, 9, 19, 0]  	853	4 
[3, 28, 5, 0]  	856	5 
[3, 24, 8, 0]  	857	4 
[3, 20, 11, 0]  	858	4 
[2, 29, 5, 0]  	860	4 
[2, 21, 11, 0]  	862	3 
[3, 27, 6, 0]  	864	4 
[3, 23, 9, 0]  	865	4 
[2, 28, 6, 0]  	868	4 
[2, 24, 9, 0]  	869	3 
[3, 26, 7, 0]  	872	4 
[2, 4, 24, 0]  	874	4 
[2, 23, 10, 0]  	877	3 
[2, 15, 16, 0]  	879	4 
[2, 7, 22, 0]  	881	3 
[2, 26, 8, 0]  	884	3 
[2, 14, 17, 0]  	887	4 
[2, 10, 20, 0]  	888	3 
[1, 15, 17, 0]  	891	3 
[1, 38, 0, 0]  	893	3 
[2, 13, 18, 0]  	895	3 
[2, 9, 21, 0]  	896	3 
[2, 1, 27, 0]  	898	4 
[1, 14, 18, 0]  	899	3 
[1, 10, 21, 0]  	900	2 
[2, 12, 19, 0]  	903	3 
[2, 0, 28, 0]  	906	4 
[1, 13, 19, 0]  	907	2 
[1, 32, 5, 0]  	910	3 
[1, 12, 20, 0]  	915	2 
[1, 31, 6, 0]  	918	3 
[0, 32, 6, 0]  	922	2 
[1, 30, 7, 0]  	926	2 
[1, 18, 16, 0]  	929	3 
[0, 31, 7, 0]  	930	2 
[0, 30, 8, 0]  	938	1 
[1, 1, 29, 0]  	941	2 
[1, 24, 12, 0]  	943	3 
[1, 35, 4, 0]  	948	3 
[1, 0, 30, 0]  	949	2 
[0, 1, 30, 0]  	953	1 
[0, 16, 19, 0]  	957	1 
[0, 35, 5, 0]  	960	2 
[0, 0, 31, 0]  	961	1  <--- 3
[1, 21, 15, 0]  	967	3 
[0, 18, 18, 0]  	972	1 
[1, 4, 28, 0]  	979	2 
[0, 4, 29, 0]  	991	1 
[0, 38, 4, 0]  	998	2 
[0, 21, 17, 0]  	1010	1 
[1, 7, 27, 0]  	1017	2 
[0, 7, 28, 0]  	1029	1 
[0, 41, 3, 0]  	1036	2 
[0, 24, 16, 0]  	1048	1 
[0, 10, 27, 0]  	1067	1 
[0, 47, 0, 0]  	1081	1  <--- 2
[0, 27, 15, 0]  	1086	1 
[0, 13, 26, 0]  	1105	1 
[12, 17, 2, 1]  	681	9 
[4, 11, 14, 1]  	763	6 
[16, 20, 0, 1]  	764	7 
[10, 25, 0, 1]  	765	7 
[3, 17, 12, 1]  	820	5 
[2, 31, 4, 1]  	875	5 
[2, 27, 7, 1]  	876	3 
[1, 27, 9, 2]  	919	2 
[1, 29, 8, 2]  	934	2 
[0, 44, 0, 2]  	1012	2 
[0, 13, 20, 28]  	919	1 
[0, 15, 19, 28]  	934	1 
[10, 20, 1, 29]  	681	8 
[3, 28, 2, 29]  	763	5 
[5, 21, 6, 29]  	764	6 
[5, 17, 9, 29]  	765	6 
[4, 24, 5, 29]  	783	5 
[4, 20, 8, 29]  	784	4 
[2, 34, 0, 29]  	820	4 
[2, 0, 27, 29]  	875	3 
[1, 13, 18, 29]  	876	2 
------
The gap is between 3 and 27.
Lengths: 3 3 5 5 3 3.
For 982 = 5*d/2-d1-d2-d3 you get 3 in char 0.
1*x^1*y^23*z^14
1*y^40*z^2
1*y^9*z^25

For 560 = 3*d/2-d1-d2-d3 you get 5 in char 0.
1*x^4*y^17*z^3
1*x^3*y^3*z^14
1*x^2*y^20*z^2
1*x^1*y^6*z^13
1*y^23*z^1

For 138 = d/2-d1-d2-d3 you get 3 in char 0.
1*x^4*z^2
1*x^2*y^3*z^1
1*y^6

Extra powers of p used 0.
The invariant extra is equal to 1.
Start computing 11^3 Delta^1 (x1x2x3)^10... Done.
Start computing 11^4 Delta^2 (x1x2x3)^10... Done.
Start computing 11^5 Delta^3 (x1x2x3)^10... Done.
Start computing 11^6 Delta^4 (x1x2x3)^10... Done.
Start computing 11^7 Delta^5 (x1x2x3)^10... Done.
Start computing 11^8 Delta^6 (x1x2x3)^10... Done.
Start computing 11^9 Delta^7 (x1x2x3)^10... Done.
Start computing aa.
1 2 3 4 5 6 7 8 9 10 11 
*/
A = \
[1416016474798646767467807799622,1084765889938563022150649191491,116637811964500339933176854677,466202427183551734242014127526,491629055322936283282355738154,344916500683884879007637954025,437818760823935851547237574656,68009668154418758498316525951,1489702697896575315892717308990,1569506746985722035460225048507,1094679200728634742484993708715;\
568175124156808672516446025091,1127560167431160638379308428710,56273927696554281325750650752,729419127911081652839492914986,620701001278161426770216745918,702143508675991673562460191244,955609995627104651369367888826,500354753373254255217272726756,458223455442329365450385389336,169867790063141475792240847434,977697681044929388640361486012;\
451585861823186417020785612313,63113936981411634969135772398,757958689137592011060901285293,727520601145934821086213796620,461827204458532559228529077405,969892783974345274247391927355,1185597439716319995839629542310,1566597879267690644828278820797,385881151037018025510272847608,1052000499007230803560841524807,1102928420708126944688718255833;\
897884440585305467565376252264,1443625314239013951295066967165,1017934674622405612170223146318,481987654365367485952675360665,9896856516526106800911969379,1015803023511163541328684788262,1356494521445907942191940439318,487298346132885470325658791990,1330242505806605290923177402237,1186415690420605937949523401689,711808089717638820813004692341;\
240414545965410007655288259079,82842463312440884440989893343,1181416990892159608097050470927,1237892392364773634094537212336,1305490736081266009517788787395,1405643965414356604363829231423,1541175086468392851058210168816,594660184752347559514395182786,1175206890765941674053154194475,418410086950071307571117781946,1353755226367131399332212514196;\
159404640824156606877529092020,1110376694308005226388350157082,109264440269324173051351032164,742268349727567636808067652683,1067646003839757081645799505370,45565148818935677604944816688,323237996077185842207074282202,1358230878549834700188586276963,163045082279769691828999896405,836007712085670227098193174977,1539764726757823933026399796199;\
963459247687891745560026197382,1245915805450494283564667279443,552495699211200252131934061934,998173774255419403084211328681,1143135782352077814513102506573,347333707462507615920442336327,420429371536421225449325073758,1265293379188214190854677527340,692462031961408363675808762590,1089102715701415812705083082780,912177921117765412536654904951;\
400630580324317489065773469624,790202612800892814492508082853,1433528423378354622199128597630,502742391275922715482953650900,790868503377667514983526879998,525660380401410285545453038957,1193164751488393984580237972003,1503740134187032364717239959264,594242462442098391142651014827,763867428632417243119427147046,839374061831984617063992102566;\
983454190152539246554808445767,986206320519938754623718266128,483303710115100605254775742136,667160242558311863778126469661,913805891055365795009772762656,616260829224877346158582502173,1126774311091421687415361481907,841775761093419497297941433401,1227639418287177765400389384218,1246187996400436839486027107773,980594489787136845492141840141;\
235066512916980409608355726981,672268715241435711094175869899,249145947012510751667252507520,506383965525458131381915490516,60019530325797077597471676514,924122745318692457183856205061,1584733859769403150791679216653,1549971571524810851987812349778,138343505349235454822850747792,877074664604388305165638560967,701299452478091473497880569796;\
1393264350868172943955199387687,883055497933965559852067395339,1461454716664662976793702396913,1458438911104164658839383071122,1432227731433337789681742915607,1317676978537140051177142396931,643040692587277781908712705269,1163677086005191972387366900828,379206308418479886720305477031,1019467755603325297764597000349,1356199164613511487454215141221]
/* 
This should be the matrix of frobenius!
*/ 
B = A; 
/* Freed 167 lists. */
