/* Comments begin... 
Coefficient of   x^21 * y^1               = -3
Coefficient of   x^10 * y^2 * z^6         = -1
Coefficient of   x^8 * y^5 * z^5         = 5
Coefficient of   x^6 * y^8 * z^4         = -1
Coefficient of   x^4 * y^11 * z^3         = 4
Coefficient of   x^2 * y^14 * z^2         = 4
Coefficient of   x^1 * z^13               = 0
Coefficient of   y^17 * z^1               = -3

Here is the polynomial we're using this time:

-3*x^21*y^1 + -1*x^10*y^2*z^6 + 5*x^8*y^5*z^5 + -1*x^6*y^8*z^4 + 4*x^4*y^11*z^3 + 4*x^2*y^14*z^2 + -3*y^17*z^1

Allocate G_len 20 elements and old = 0.
Allocate M_len = 400 elements.
Allocate G_len 40 elements and old = 20.
Allocate M_len = 800 elements.
Not smooth!
Coefficient of   x^21 * y^1               = 3
Coefficient of   x^10 * y^2 * z^6         = 4
Coefficient of   x^8 * y^5 * z^5         = 5
Coefficient of   x^6 * y^8 * z^4         = 2
Coefficient of   x^4 * y^11 * z^3         = 4
Coefficient of   x^2 * y^14 * z^2         = -5
Coefficient of   x^1 * z^13               = -4
Coefficient of   y^17 * z^1               = -2

Here is the polynomial we're using this time:

3*x^21*y^1 + 4*x^10*y^2*z^6 + 5*x^8*y^5*z^5 + 2*x^6*y^8*z^4 + 4*x^4*y^11*z^3 + -5*x^2*y^14*z^2 + -4*x^1*z^13 + -2*y^17*z^1

Allocate G_len 80 elements and old = 40.
Allocate M_len = 1600 elements.
Allocate M_len = 3200 elements.
Allocate G_len 160 elements and old = 80.
Allocate M_len = 6400 elements.
Allocate M_len = 12800 elements.
Allocate G_len 320 elements and old = 160.
The final length of G is 162
[10, 2, 5, 0]  	391	7 
[21, 0, 0, 0]  	399	7  <--- 1
[20, 1, 0, 0]  	403	7 
[8, 5, 5, 0]  	422	6 
[8, 8, 4, 0]  	460	7 
[6, 11, 4, 0]  	491	6 
[6, 14, 3, 0]  	529	7 
[5, 0, 15, 0]  	560	6 
[18, 5, 4, 0]  	581	12 
[14, 11, 3, 0]  	612	11 
[18, 8, 3, 0]  	619	11 
[11, 0, 14, 0]  	643	10 
[14, 14, 2, 0]  	650	10 
[18, 11, 2, 0]  	657	10 
[12, 17, 2, 0]  	681	9 
[15, 0, 13, 0]  	688	9 
[10, 19, 2, 0]  	689	9 
[9, 20, 2, 0]  	693	8 
[18, 14, 1, 0]  	695	9 
[7, 22, 2, 0]  	701	8 
[7, 6, 14, 0]  	705	8 
[8, 23, 1, 0]  	712	8 
[12, 20, 1, 0]  	719	8 
[7, 8, 13, 0]  	720	8 
[6, 9, 13, 0]  	724	7 
[16, 17, 1, 0]  	726	8 
[10, 22, 1, 0]  	727	8 
[6, 8, 14, 0]  	732	7 
[5, 25, 2, 0]  	732	7 
[19, 0, 12, 0]  	733	8 
[14, 19, 1, 0]  	734	8 
[5, 9, 14, 0]  	736	7 
[7, 25, 1, 0]  	739	7 
[6, 26, 1, 0]  	743	7 
[8, 26, 0, 0]  	750	7 
[5, 11, 13, 0]  	751	7 
[4, 12, 13, 0]  	755	6 
[12, 23, 0, 0]  	757	7 
[6, 28, 0, 0]  	758	7 
[5, 29, 0, 0]  	762	6 
[4, 11, 14, 0]  	763	6 
[10, 25, 0, 0]  	765	7 
[4, 26, 3, 0]  	767	6 
[5, 28, 1, 0]  	770	6 
[4, 14, 12, 0]  	770	6 
[5, 24, 4, 0]  	771	6 
[14, 22, 0, 0]  	772	7 
[4, 29, 1, 0]  	774	6 
[19, 18, 0, 0]  	775	7 
[18, 19, 0, 0]  	779	7 
[5, 15, 11, 0]  	781	6 
[4, 28, 2, 0]  	782	6 
[3, 14, 13, 0]  	782	6 
[3, 29, 2, 0]  	786	5 
[5, 18, 9, 0]  	788	6 
[4, 31, 0, 0]  	789	6 
[3, 32, 0, 0]  	793	5 
[5, 21, 7, 0]  	795	6 
[5, 17, 10, 0]  	796	6 
[4, 18, 10, 0]  	800	5 
[3, 31, 1, 0]  	801	5 
[3, 0, 24, 0]  	801	5 
[5, 20, 8, 0]  	803	6 
[2, 32, 1, 0]  	805	5 
[17, 21, 0, 0]  	806	6 
[4, 25, 5, 0]  	806	6 
[4, 21, 8, 0]  	807	5 
[4, 17, 11, 0]  	808	5 
[5, 23, 6, 0]  	810	6 
[4, 1, 23, 0]  	812	5 
[4, 24, 6, 0]  	814	5 
[4, 4, 21, 0]  	819	5 
[3, 17, 12, 0]  	820	5 
[4, 23, 7, 0]  	822	5 
[2, 18, 12, 0]  	824	4 
[4, 7, 19, 0]  	826	5 
[4, 3, 22, 0]  	827	5 
[3, 12, 16, 0]  	829	5 
[3, 4, 22, 0]  	831	4 
[4, 10, 17, 0]  	833	5 
[4, 6, 20, 0]  	834	5 
[3, 11, 17, 0]  	837	5 
[3, 7, 20, 0]  	838	4 
[3, 3, 23, 0]  	839	4 
[4, 9, 18, 0]  	841	5 
[3, 10, 18, 0]  	845	4 
[3, 6, 21, 0]  	846	4 
[3, 21, 10, 0]  	850	4 
[3, 9, 19, 0]  	853	4 
[3, 28, 5, 0]  	856	5 
[3, 24, 8, 0]  	857	4 
[2, 29, 5, 0]  	860	4 
[2, 21, 11, 0]  	862	3 
[3, 27, 6, 0]  	864	4 
[3, 23, 9, 0]  	865	4 
[2, 28, 6, 0]  	868	4 
[2, 24, 9, 0]  	869	3 
[3, 26, 7, 0]  	872	4 
[2, 4, 24, 0]  	874	4 
[2, 31, 4, 0]  	875	5 
[2, 27, 7, 0]  	876	3 
[2, 23, 10, 0]  	877	3 
[2, 15, 16, 0]  	879	4 
[2, 7, 22, 0]  	881	3 
[2, 26, 8, 0]  	884	3 
[2, 14, 17, 0]  	887	4 
[2, 10, 20, 0]  	888	3 
[1, 15, 17, 0]  	891	3 
[1, 38, 0, 0]  	893	3 
[2, 13, 18, 0]  	895	3 
[2, 9, 21, 0]  	896	3 
[2, 1, 27, 0]  	898	4 
[1, 14, 18, 0]  	899	3 
[1, 10, 21, 0]  	900	2 
[2, 12, 19, 0]  	903	3 
[2, 0, 28, 0]  	906	4 
[1, 13, 19, 0]  	907	2 
[1, 12, 20, 0]  	915	2 
[1, 31, 6, 0]  	918	3 
[1, 27, 9, 0]  	919	2 
[0, 32, 6, 0]  	922	2 
[1, 30, 7, 0]  	926	2 
[1, 18, 16, 0]  	929	3 
[0, 31, 7, 0]  	930	2 
[1, 29, 8, 0]  	934	2 
[0, 30, 8, 0]  	938	1 
[1, 1, 29, 0]  	941	2 
[1, 24, 12, 0]  	943	3 
[1, 35, 4, 0]  	948	3 
[1, 0, 30, 0]  	949	2 
[0, 1, 30, 0]  	953	1 
[0, 16, 19, 0]  	957	1 
[0, 35, 5, 0]  	960	2 
[0, 0, 31, 0]  	961	1  <--- 3
[1, 21, 15, 0]  	967	3 
[0, 18, 18, 0]  	972	1 
[1, 4, 28, 0]  	979	2 
[0, 4, 29, 0]  	991	1 
[0, 38, 4, 0]  	998	2 
[0, 21, 17, 0]  	1010	1 
[0, 44, 0, 0]  	1012	2  <--- 2
[0, 7, 28, 0]  	1029	1 
[0, 41, 3, 0]  	1036	2 
[0, 24, 16, 0]  	1048	1 
[0, 10, 27, 0]  	1067	1 
[0, 27, 15, 0]  	1086	1 
[0, 13, 26, 0]  	1105	1 
[9, 3, 14, 1]  	674	9 
[16, 20, 0, 1]  	764	7 
[4, 20, 9, 1]  	815	5 
[2, 35, 0, 1]  	843	4 
[3, 20, 11, 1]  	858	4 
[1, 32, 5, 1]  	910	3 
[1, 7, 27, 1]  	1017	2 
[8, 20, 2, 29]  	674	8 
[5, 21, 6, 29]  	764	6 
[4, 24, 5, 29]  	783	5 
[3, 6, 20, 29]  	815	4 
[2, 4, 23, 29]  	843	3 
[2, 6, 22, 29]  	858	3 
[1, 1, 28, 29]  	910	2 
[0, 24, 15, 29]  	1017	1 
------
The gap is between 2 and 28.
Lengths: 3 3 5 5 3 3.
For 982 = 5*d/2-d1-d2-d3 you get 3 in char 0.
1*x^1*y^23*z^14
1*y^40*z^2
1*y^9*z^25

For 560 = 3*d/2-d1-d2-d3 you get 5 in char 0.
1*x^4*y^17*z^3
1*x^3*y^3*z^14
1*x^2*y^20*z^2
1*x^1*y^6*z^13
1*y^23*z^1

For 138 = d/2-d1-d2-d3 you get 3 in char 0.
1*x^4*z^2
1*x^2*y^3*z^1
1*y^6

Extra powers of p used 0.
The invariant extra is equal to 1.
Start computing 11^3 Delta^1 (x1x2x3)^10... Done.
Start computing 11^4 Delta^2 (x1x2x3)^10... Done.
Start computing 11^5 Delta^3 (x1x2x3)^10... Done.
Start computing 11^6 Delta^4 (x1x2x3)^10... Done.
Start computing 11^7 Delta^5 (x1x2x3)^10... Done.
Start computing 11^8 Delta^6 (x1x2x3)^10... Done.
Start computing 11^9 Delta^7 (x1x2x3)^10... Done.
Start computing aa.
1 2 3 4 5 6 7 8 9 10 11 
*/
A = \
[962095889728191339603228104150,560095378588546655273574823742,1150885479297210752509229292123,719305694383832954483490003995,1120830228079684770613194251363,355948415580295022679093800043,1312202168541559180768645527523,1546673990324925810560908179462,640346563925523028190163028361,139304622547802397829170871041,796158903536224117369735610256;\
1374998066512078945700151911189,186533999381719939165399106139,1343734492950126063652104280346,1100182828894648695393629732289,294654426226587413531929166706,395143484337000541334218026022,14878202320285605284612203322,925591809533337340502017259207,43983937328281892250517406858,1197790719061998938911852216861,742100207119830805819677110644;\
1548964026537457275647293805229,1292264384744840920317910806890,167810834256820258626429345147,168222480213068062638071089952,550856289069340067456374027021,648288206897476369316240073277,873198341287183256263716350971,1444280842794970824730041331882,1218957195126254601201149177586,703234223472001270928432721992,25727089530633739338110266345;\
5761308178413979280452212993,582443067277165944878923833537,576883617244791898053612029939,278123634328194059498222068588,290328987459833896381053470521,160878259162512503598743111058,911424644617443365692065945294,916361264656938205707715527062,43984110559097820968845269446,388113017937014918474648343006,933387310891362723422426121161;\
543577300219290041172233274906,1392007754452268559350509920852,1178061117942377043871424267039,1128852881340261624542028854623,1173892341263077457828410736561,802032819302000974731417890736,1322438621021534134439772732798,123633272905848791527064741800,68520146563321554275895128111,737328455249043814522224231604,42409563171429804763578254100;\
585239100341437001126641378893,915259510141203179574879815040,1367715440388695991711281865934,1058465598421564819358905114214,595888620066084481247568743946,392429888578683011548025507567,775878734950723031765236381810,642074876667874592522803936394,170419669710617899282084438493,168311571504893444324839945110,160629569031576802199457086705;\
1520963842729444729732254657220,127112442711247792947451561945,1167182200130918099080080767159,934339807060329570948956165037,816686796056154378562204776757,1138186320457300415036184206230,1312541585432256587793183681894,1381681389764221154806405980673,911698207557956719489181561782,761413415883000076452503434418,1420138560058710544534904583942;\
83203715432515829275401672605,1308223678237684051513863307387,46224910476389576598839485101,1226022346910061170712337989432,437172538407863425713041854270,89954715178480049053018826590,673127791103911175541860711965,1550300988222788376957203705631,1447665614407033650853975406326,713451714868262227408380242534,67713677523204051546939840515;\
819820287155841873744830532010,780867697803254900131339114473,590559496007638580571965034095,280232173634263809993776799618,632515671510388800841228158043,987040548783718819064995964105,1495770395981850305880777013382,1455515204654500689066692491155,1471226159840125557943786129253,709578042111938360338954434381,510117842946768617677248509454;\
1479407071440378429862362668878,140167562008059829496493874287,1204017518719340452911010071347,279301089164898164956530448301,1356059744473261215071938848924,744608504503498180471009970930,1245187499043014947941167526308,133447107817520387233296003006,293141679466968737518523369421,346971050080425261860426115091,898175966052757245954013191740;\
302579033749422040504013898827,356626060782287654001653732683,374088100426294980016870504674,437424500735773840878792638919,694438039486429333299269395693,986655765974176589270623846576,504229159548834444065201123439,869152997820394732659579235486,382066679650488759668787487343,1549520846346176122800062073942,953384860824522425465025384976]
/* 
This should be the matrix of frobenius!
*/ 
B = A; 
/* Freed 166 lists. */
