/* Comments begin... 
Coefficient of   x^21 * y^1               = 1
Coefficient of   x^10 * y^2 * z^6         = 4
Coefficient of   x^8 * y^5 * z^5         = 1
Coefficient of   x^6 * y^8 * z^4         = -3
Coefficient of   x^4 * y^11 * z^3         = -3
Coefficient of   x^2 * y^14 * z^2         = 5
Coefficient of   x^1 * z^13               = -3
Coefficient of   y^17 * z^1               = -2

Here is the polynomial we're using this time:

1*x^21*y^1 + 4*x^10*y^2*z^6 + 1*x^8*y^5*z^5 + -3*x^6*y^8*z^4 + -3*x^4*y^11*z^3 + 5*x^2*y^14*z^2 + -3*x^1*z^13 + -2*y^17*z^1

Allocate G_len 20 elements and old = 0.
Allocate M_len = 400 elements.
Allocate G_len 40 elements and old = 20.
Allocate M_len = 800 elements.
Allocate G_len 80 elements and old = 40.
Allocate M_len = 1600 elements.
Allocate M_len = 3200 elements.
Allocate G_len 160 elements and old = 80.
Allocate M_len = 6400 elements.
Allocate M_len = 12800 elements.
Allocate G_len 320 elements and old = 160.
The final length of G is 167
[10, 2, 5, 0]  	391	7 
[21, 0, 0, 0]  	399	7  <--- 1
[20, 1, 0, 0]  	403	7 
[8, 5, 5, 0]  	422	6 
[8, 8, 4, 0]  	460	7 
[6, 11, 4, 0]  	491	6 
[6, 14, 3, 0]  	529	7 
[5, 0, 15, 0]  	560	6 
[18, 5, 4, 0]  	581	12 
[14, 11, 3, 0]  	612	11 
[18, 8, 3, 0]  	619	11 
[11, 0, 14, 0]  	643	10 
[14, 14, 2, 0]  	650	10 
[18, 11, 2, 0]  	657	10 
[12, 17, 2, 0]  	681	9 
[15, 0, 13, 0]  	688	9 
[10, 19, 2, 0]  	689	9 
[9, 20, 2, 0]  	693	8 
[18, 14, 1, 0]  	695	9 
[7, 22, 2, 0]  	701	8 
[7, 6, 14, 0]  	705	8 
[8, 23, 1, 0]  	712	8 
[12, 20, 1, 0]  	719	8 
[7, 8, 13, 0]  	720	8 
[6, 9, 13, 0]  	724	7 
[16, 17, 1, 0]  	726	8 
[10, 22, 1, 0]  	727	8 
[6, 8, 14, 0]  	732	7 
[5, 25, 2, 0]  	732	7 
[19, 0, 12, 0]  	733	8 
[14, 19, 1, 0]  	734	8 
[5, 9, 14, 0]  	736	7 
[7, 25, 1, 0]  	739	7 
[6, 26, 1, 0]  	743	7 
[8, 26, 0, 0]  	750	7 
[5, 11, 13, 0]  	751	7 
[12, 23, 0, 0]  	757	7 
[6, 28, 0, 0]  	758	7 
[5, 29, 0, 0]  	762	6 
[4, 11, 14, 0]  	763	6 
[10, 25, 0, 0]  	765	7 
[4, 26, 3, 0]  	767	6 
[5, 28, 1, 0]  	770	6 
[4, 14, 12, 0]  	770	6 
[5, 24, 4, 0]  	771	6 
[14, 22, 0, 0]  	772	7 
[4, 29, 1, 0]  	774	6 
[19, 18, 0, 0]  	775	7 
[18, 19, 0, 0]  	779	7 
[5, 15, 11, 0]  	781	6 
[4, 28, 2, 0]  	782	6 
[3, 14, 13, 0]  	782	6 
[3, 29, 2, 0]  	786	5 
[5, 18, 9, 0]  	788	6 
[4, 31, 0, 0]  	789	6 
[3, 32, 0, 0]  	793	5 
[5, 21, 7, 0]  	795	6 
[5, 17, 10, 0]  	796	6 
[4, 18, 10, 0]  	800	5 
[3, 31, 1, 0]  	801	5 
[3, 0, 24, 0]  	801	5 
[5, 20, 8, 0]  	803	6 
[2, 32, 1, 0]  	805	5 
[17, 21, 0, 0]  	806	6 
[4, 25, 5, 0]  	806	6 
[4, 21, 8, 0]  	807	5 
[4, 17, 11, 0]  	808	5 
[5, 23, 6, 0]  	810	6 
[4, 1, 23, 0]  	812	5 
[4, 24, 6, 0]  	814	5 
[4, 20, 9, 0]  	815	5 
[3, 17, 12, 0]  	820	5 
[4, 23, 7, 0]  	822	5 
[4, 7, 19, 0]  	826	5 
[4, 3, 22, 0]  	827	5 
[3, 12, 16, 0]  	829	5 
[3, 4, 22, 0]  	831	4 
[4, 10, 17, 0]  	833	5 
[4, 6, 20, 0]  	834	5 
[3, 11, 17, 0]  	837	5 
[3, 3, 23, 0]  	839	4 
[2, 35, 0, 0]  	843	4 
[3, 10, 18, 0]  	845	4 
[3, 6, 21, 0]  	846	4 
[3, 21, 10, 0]  	850	4 
[3, 9, 19, 0]  	853	4 
[3, 28, 5, 0]  	856	5 
[3, 24, 8, 0]  	857	4 
[3, 20, 11, 0]  	858	4 
[2, 21, 11, 0]  	862	3 
[3, 27, 6, 0]  	864	4 
[3, 23, 9, 0]  	865	4 
[2, 28, 6, 0]  	868	4 
[2, 24, 9, 0]  	869	3 
[3, 26, 7, 0]  	872	4 
[2, 4, 24, 0]  	874	4 
[2, 31, 4, 0]  	875	5 
[2, 27, 7, 0]  	876	3 
[2, 23, 10, 0]  	877	3 
[2, 15, 16, 0]  	879	4 
[2, 7, 22, 0]  	881	3 
[2, 26, 8, 0]  	884	3 
[2, 14, 17, 0]  	887	4 
[2, 10, 20, 0]  	888	3 
[1, 15, 17, 0]  	891	3 
[1, 38, 0, 0]  	893	3 
[2, 13, 18, 0]  	895	3 
[2, 9, 21, 0]  	896	3 
[1, 14, 18, 0]  	899	3 
[1, 10, 21, 0]  	900	2 
[1, 13, 19, 0]  	907	2 
[1, 32, 5, 0]  	910	3 
[1, 12, 20, 0]  	915	2 
[1, 31, 6, 0]  	918	3 
[1, 27, 9, 0]  	919	2 
[0, 32, 6, 0]  	922	2 
[1, 30, 7, 0]  	926	2 
[1, 18, 16, 0]  	929	3 
[0, 31, 7, 0]  	930	2 
[1, 29, 8, 0]  	934	2 
[2, 0, 29, 0]  	937	3 
[0, 30, 8, 0]  	938	1 
[1, 1, 29, 0]  	941	2 
[1, 24, 12, 0]  	943	3 
[1, 35, 4, 0]  	948	3 
[1, 0, 30, 0]  	949	2 
[0, 1, 30, 0]  	953	1 
[0, 16, 19, 0]  	957	1 
[0, 35, 5, 0]  	960	2 
[0, 0, 31, 0]  	961	1  <--- 3
[0, 18, 18, 0]  	972	1 
[1, 4, 28, 0]  	979	2 
[0, 4, 29, 0]  	991	1 
[0, 38, 4, 0]  	998	2 
[0, 21, 17, 0]  	1010	1 
[0, 44, 0, 0]  	1012	2  <--- 2
[1, 7, 27, 0]  	1017	2 
[0, 7, 28, 0]  	1029	1 
[0, 41, 3, 0]  	1036	2 
[0, 24, 16, 0]  	1048	1 
[0, 10, 27, 0]  	1067	1 
[0, 27, 15, 0]  	1086	1 
[0, 13, 26, 0]  	1105	1 
[9, 3, 14, 1]  	674	9 
[4, 12, 13, 1]  	755	6 
[16, 20, 0, 1]  	764	7 
[4, 4, 21, 1]  	819	5 
[2, 18, 12, 1]  	824	4 
[3, 7, 20, 1]  	838	4 
[4, 9, 18, 1]  	841	5 
[2, 1, 27, 1]  	898	4 
[2, 29, 5, 2]  	860	4 
[2, 12, 19, 2]  	903	3 
[2, 0, 28, 2]  	906	4 
[1, 21, 15, 3]  	967	3 
[0, 38, 3, 27]  	967	2 
[1, 15, 16, 28]  	860	3 
[1, 29, 7, 28]  	903	2 
[8, 20, 2, 29]  	674	8 
[3, 29, 1, 29]  	755	5 
[5, 21, 6, 29]  	764	6 
[4, 24, 5, 29]  	783	5 
[3, 21, 9, 29]  	819	4 
[1, 35, 0, 29]  	824	2 
[2, 24, 8, 29]  	838	2 
[3, 26, 6, 29]  	841	4 
[0, 35, 3, 29]  	898	2 
------
The gap is between 4 and 26.
Lengths: 3 3 5 5 3 3.
For 982 = 5*d/2-d1-d2-d3 you get 3 in char 0.
1*x^1*y^23*z^14
1*y^40*z^2
1*y^9*z^25

For 560 = 3*d/2-d1-d2-d3 you get 5 in char 0.
1*x^4*y^17*z^3
1*x^3*y^3*z^14
1*x^2*y^20*z^2
1*x^1*y^6*z^13
1*y^23*z^1

For 138 = d/2-d1-d2-d3 you get 3 in char 0.
1*x^4*z^2
1*x^2*y^3*z^1
1*y^6

Extra powers of p used 0.
The invariant extra is equal to 1.
Start computing 11^3 Delta^1 (x1x2x3)^10... Done.
Start computing 11^4 Delta^2 (x1x2x3)^10... Done.
Start computing 11^5 Delta^3 (x1x2x3)^10... Done.
Start computing 11^6 Delta^4 (x1x2x3)^10... Done.
Start computing 11^7 Delta^5 (x1x2x3)^10... Done.
Start computing 11^8 Delta^6 (x1x2x3)^10... Done.
Start computing 11^9 Delta^7 (x1x2x3)^10... Done.
Start computing aa.
1 2 3 4 5 6 7 8 9 10 11 
*/
A = \
[479058908145666006410500649873,614787047034764575066005224516,836327924661600583306332767811,921369808386330086914713300245,806078193324056374418636416587,1381993366477221948654817612615,387315913748274967552928664316,1198352198153195626310334499671,517993473010748278018766611155,1290904163012403583577495712986,1515387799037979272850721567851;\
90555112539930928860609546136,1493831974193829779595365986930,43487023226939451023851891499,1347187764883172307977587720278,1211125802805238696964756492181,939335477312540301673575279780,1302998658929391803899309490844,1291386366504021654866050034280,469224013459783619790170101222,1568837490716786004942194002673,680486982090570328648803534442;\
425981321800068036562619043039,659821270506783873082357735533,210227069299909444358456360929,109301360995890952902099906556,1432836118416900109598981372902,389314888825731375542671171932,1190256611569635896652015398078,1389319208443456311232356886961,1068410195592900849100473517291,35004923612381554263691727160,420390771337618903057445025564;\
1220151108764075848897423047143,1354801871721756799819719401584,1046686582644569376046687573272,937329933092690412521683519500,1395153027629403057067488622615,324240448749505546398076108084,78394873533189079840189470969,910339257750583878823215323736,272924554414339078635078039268,1383770477045137645975435904309,269795895468833107457249962686;\
1268773212773664111816392642972,71882534259353876402521545877,449759442201736062598643617023,512329220254204187886859082264,688166638727278983005668473418,1002270975173202266754711412847,499546394850375221115752348033,624014476340152499836780901256,836992710706548973931742442153,823307975767777015512212127384,140875892747132478869786079260;\
1104937951934678656150411395356,646390701150210087697157623032,784066324647317601642017945203,1186457172532891342556000769868,1053984042995863654463520688440,1474142582376011763521047009389,1480336396143556509783059502954,473338387946191359997155496295,225995767026265885129904787925,32586461756208514131325263663,812575999307806671670239723227;\
238394483508189234888078767318,1160684922580682816509980518459,68326278531408264043575333082,673666929171839801886720337976,579187953121294231811563340511,1560637665868109270438141705087,796164406087093176898753019790,1221364800445908214899185380987,451911762644499051088264243613,749060671153889490206028756802,477880278589146791710642258661;\
141527120563960169303428067099,639961643779067819509101151772,202472149259174226340555398919,690243339479284832263445396875,469745938539589136226840591410,288750336487779852553475723863,53762514498436176487115908693,179114885922253262761593433653,731945016049184851780796913665,158607945113711606446650526095,1186550914022712403036287481813;\
829167832409347882049215095674,607410327136514141756977616276,44686213105172969017290879055,771238243937095041193978489235,143392582254329559505349865210,1324215575689020648786582829124,467908738700979274033560772349,794401971227242160329997467952,131975174911226704114136096897,142357182266585888293781666522,567469502477728841858753005582;\
277213617453579219776402807771,455246064155574094296817863394,550452894614973914766520859926,372265998599973323087646230596,628744948210571779587184875691,894037184555944839460938848664,1539199879400554491275532375053,5309512746935934354352001907,343281121368402757869906178041,955672051359694287912236307969,1415560918128476965343410414326;\
126311331325079393683355241448,1570105103333109896566438075472,1162064758893683742176980023874,1323765680170189277229968299551,1373924478408511907273296933593,1324221227227615484616382996649,664037352511915225636920164851,679921414252058016597597585481,1155436839402565824157084711383,962242262033733111097457565555,312944592560081378172178880857]
/* 
This should be the matrix of frobenius!
*/ 
B = A; 
/* Freed 166 lists. */
