/* Comments begin... 
Coefficient of   x^21 * y^1               = -2
Coefficient of   x^10 * y^2 * z^6         = 4
Coefficient of   x^8 * y^5 * z^5         = 5
Coefficient of   x^6 * y^8 * z^4         = 3
Coefficient of   x^4 * y^11 * z^3         = -4
Coefficient of   x^2 * y^14 * z^2         = 3
Coefficient of   x^1 * z^13               = -2
Coefficient of   y^17 * z^1               = 2

Here is the polynomial we're using this time:

-2*x^21*y^1 + 4*x^10*y^2*z^6 + 5*x^8*y^5*z^5 + 3*x^6*y^8*z^4 + -4*x^4*y^11*z^3 + 3*x^2*y^14*z^2 + -2*x^1*z^13 + 2*y^17*z^1

Allocate G_len 20 elements and old = 0.
Allocate M_len = 400 elements.
Allocate G_len 40 elements and old = 20.
Allocate M_len = 800 elements.
Allocate G_len 80 elements and old = 40.
Allocate M_len = 1600 elements.
Allocate M_len = 3200 elements.
Allocate G_len 160 elements and old = 80.
Allocate M_len = 6400 elements.
Allocate M_len = 12800 elements.
Allocate G_len 320 elements and old = 160.
The final length of G is 163
[10, 2, 5, 0]  	391	7 
[21, 0, 0, 0]  	399	7  <--- 1
[20, 1, 0, 0]  	403	7 
[8, 5, 5, 0]  	422	6 
[8, 8, 4, 0]  	460	7 
[6, 11, 4, 0]  	491	6 
[6, 14, 3, 0]  	529	7 
[5, 0, 15, 0]  	560	6 
[18, 5, 4, 0]  	581	12 
[14, 11, 3, 0]  	612	11 
[18, 8, 3, 0]  	619	11 
[11, 0, 14, 0]  	643	10 
[14, 14, 2, 0]  	650	10 
[18, 11, 2, 0]  	657	10 
[9, 3, 14, 0]  	674	9 
[12, 17, 2, 0]  	681	9 
[15, 0, 13, 0]  	688	9 
[10, 19, 2, 0]  	689	9 
[9, 20, 2, 0]  	693	8 
[18, 14, 1, 0]  	695	9 
[7, 22, 2, 0]  	701	8 
[7, 6, 14, 0]  	705	8 
[8, 23, 1, 0]  	712	8 
[12, 20, 1, 0]  	719	8 
[7, 8, 13, 0]  	720	8 
[6, 9, 13, 0]  	724	7 
[16, 17, 1, 0]  	726	8 
[10, 22, 1, 0]  	727	8 
[6, 8, 14, 0]  	732	7 
[5, 25, 2, 0]  	732	7 
[19, 0, 12, 0]  	733	8 
[14, 19, 1, 0]  	734	8 
[5, 9, 14, 0]  	736	7 
[7, 25, 1, 0]  	739	7 
[6, 26, 1, 0]  	743	7 
[8, 26, 0, 0]  	750	7 
[5, 11, 13, 0]  	751	7 
[4, 12, 13, 0]  	755	6 
[12, 23, 0, 0]  	757	7 
[6, 28, 0, 0]  	758	7 
[5, 29, 0, 0]  	762	6 
[4, 11, 14, 0]  	763	6 
[4, 26, 3, 0]  	767	6 
[5, 28, 1, 0]  	770	6 
[4, 14, 12, 0]  	770	6 
[5, 24, 4, 0]  	771	6 
[14, 22, 0, 0]  	772	7 
[4, 29, 1, 0]  	774	6 
[19, 18, 0, 0]  	775	7 
[18, 19, 0, 0]  	779	7 
[5, 15, 11, 0]  	781	6 
[4, 28, 2, 0]  	782	6 
[3, 14, 13, 0]  	782	6 
[5, 18, 9, 0]  	788	6 
[4, 31, 0, 0]  	789	6 
[3, 32, 0, 0]  	793	5 
[5, 21, 7, 0]  	795	6 
[5, 17, 10, 0]  	796	6 
[4, 18, 10, 0]  	800	5 
[3, 0, 24, 0]  	801	5 
[5, 20, 8, 0]  	803	6 
[2, 32, 1, 0]  	805	5 
[17, 21, 0, 0]  	806	6 
[4, 25, 5, 0]  	806	6 
[4, 21, 8, 0]  	807	5 
[4, 17, 11, 0]  	808	5 
[5, 23, 6, 0]  	810	6 
[4, 1, 23, 0]  	812	5 
[4, 24, 6, 0]  	814	5 
[4, 20, 9, 0]  	815	5 
[4, 4, 21, 0]  	819	5 
[3, 17, 12, 0]  	820	5 
[4, 23, 7, 0]  	822	5 
[2, 18, 12, 0]  	824	4 
[4, 7, 19, 0]  	826	5 
[4, 3, 22, 0]  	827	5 
[3, 12, 16, 0]  	829	5 
[3, 4, 22, 0]  	831	4 
[4, 10, 17, 0]  	833	5 
[4, 6, 20, 0]  	834	5 
[3, 11, 17, 0]  	837	5 
[3, 7, 20, 0]  	838	4 
[4, 9, 18, 0]  	841	5 
[2, 35, 0, 0]  	843	4 
[3, 10, 18, 0]  	845	4 
[3, 6, 21, 0]  	846	4 
[3, 21, 10, 0]  	850	4 
[3, 9, 19, 0]  	853	4 
[3, 28, 5, 0]  	856	5 
[3, 24, 8, 0]  	857	4 
[3, 20, 11, 0]  	858	4 
[2, 29, 5, 0]  	860	4 
[2, 21, 11, 0]  	862	3 
[3, 27, 6, 0]  	864	4 
[3, 23, 9, 0]  	865	4 
[2, 28, 6, 0]  	868	4 
[2, 24, 9, 0]  	869	3 
[3, 26, 7, 0]  	872	4 
[2, 4, 24, 0]  	874	4 
[2, 27, 7, 0]  	876	3 
[2, 23, 10, 0]  	877	3 
[2, 15, 16, 0]  	879	4 
[2, 7, 22, 0]  	881	3 
[2, 26, 8, 0]  	884	3 
[2, 14, 17, 0]  	887	4 
[2, 10, 20, 0]  	888	3 
[1, 15, 17, 0]  	891	3 
[1, 38, 0, 0]  	893	3 
[2, 9, 21, 0]  	896	3 
[2, 1, 27, 0]  	898	4 
[1, 14, 18, 0]  	899	3 
[1, 10, 21, 0]  	900	2 
[2, 12, 19, 0]  	903	3 
[2, 0, 28, 0]  	906	4 
[1, 13, 19, 0]  	907	2 
[1, 32, 5, 0]  	910	3 
[1, 12, 20, 0]  	915	2 
[1, 31, 6, 0]  	918	3 
[1, 27, 9, 0]  	919	2 
[0, 32, 6, 0]  	922	2 
[1, 30, 7, 0]  	926	2 
[1, 18, 16, 0]  	929	3 
[0, 31, 7, 0]  	930	2 
[1, 29, 8, 0]  	934	2 
[0, 30, 8, 0]  	938	1 
[1, 1, 29, 0]  	941	2 
[1, 24, 12, 0]  	943	3 
[1, 35, 4, 0]  	948	3 
[1, 0, 30, 0]  	949	2 
[0, 1, 30, 0]  	953	1 
[0, 16, 19, 0]  	957	1 
[0, 35, 5, 0]  	960	2 
[0, 0, 31, 0]  	961	1  <--- 3
[1, 21, 15, 0]  	967	3 
[0, 18, 18, 0]  	972	1 
[1, 4, 28, 0]  	979	2 
[0, 4, 29, 0]  	991	1 
[0, 38, 4, 0]  	998	2 
[0, 21, 17, 0]  	1010	1 
[0, 44, 0, 0]  	1012	2  <--- 2
[1, 7, 27, 0]  	1017	2 
[0, 7, 28, 0]  	1029	1 
[0, 41, 3, 0]  	1036	2 
[0, 24, 16, 0]  	1048	1 
[0, 10, 27, 0]  	1067	1 
[0, 27, 15, 0]  	1086	1 
[0, 13, 26, 0]  	1105	1 
[16, 20, 0, 1]  	764	7 
[10, 25, 0, 1]  	765	7 
[3, 29, 2, 1]  	786	5 
[3, 31, 1, 1]  	801	5 
[3, 3, 23, 1]  	839	4 
[2, 31, 4, 1]  	875	5 
[2, 13, 18, 1]  	895	3 
[5, 21, 6, 29]  	764	5 
[5, 17, 9, 29]  	765	6 
[4, 24, 5, 29]  	783	5 
[4, 20, 8, 29]  	784	5 
[2, 15, 13, 29]  	786	3 
[2, 17, 12, 29]  	801	3 
[2, 20, 11, 29]  	839	3 
[2, 0, 27, 29]  	875	4 
[1, 30, 6, 29]  	895	2 
------
The gap is between 2 and 28.
Lengths: 3 3 5 5 3 3.
For 982 = 5*d/2-d1-d2-d3 you get 3 in char 0.
1*x^1*y^23*z^14
1*y^40*z^2
1*y^9*z^25

For 560 = 3*d/2-d1-d2-d3 you get 5 in char 0.
1*x^4*y^17*z^3
1*x^3*y^3*z^14
1*x^2*y^20*z^2
1*x^1*y^6*z^13
1*y^23*z^1

For 138 = d/2-d1-d2-d3 you get 3 in char 0.
1*x^4*z^2
1*x^2*y^3*z^1
1*y^6

Extra powers of p used 0.
The invariant extra is equal to 1.
Start computing 11^3 Delta^1 (x1x2x3)^10... Done.
Start computing 11^4 Delta^2 (x1x2x3)^10... Done.
Start computing 11^5 Delta^3 (x1x2x3)^10... Done.
Start computing 11^6 Delta^4 (x1x2x3)^10... Done.
Start computing 11^7 Delta^5 (x1x2x3)^10... Done.
Start computing 11^8 Delta^6 (x1x2x3)^10... Done.
Start computing 11^9 Delta^7 (x1x2x3)^10... Done.
Start computing aa.
1 2 3 4 5 6 7 8 9 10 11 
*/
A = \
[1164868376427368527496969548276,609504454107938736595434832418,643001580765418815120716156416,364001805119330400336043222108,563946441204406403828177771894,1188053530651984312144959552235,70928585353441516927036953681,613677874198949339477502917970,638993530318510655286978372019,238979070685760010958861598375,1372252187969648261660932687524;\
241844446129151366077039984575,1336579415592476732239275320256,358793253606961436405614560623,948316375932035962158629943511,1247709489836702764200019448835,383537677361530616136263877111,101487696971331867121016665376,797990973159514511019624881086,1561156430402544375883149082416,1084600334168832954873176461938,937941499522060253654490400344;\
131352794064403867685853028148,986926054220083147721108851244,1013598970076517431397471390225,86734257288812530617528247621,1409244757182088657043824900036,1142088254493915888892046527708,164269700112612276757172985409,139510345249826684740140185234,556503312835790928353686265611,1068056671786026297318458703870,109015946102308906487630685497;\
930751563647532951733848758309,481010337228059003825487168653,1484274988766666045337087304117,1473925957300866996207269193590,1004230224656386661551510497066,1343725212917376218190702092256,559844823964872432518631106282,649398291338536438860191674182,402741630440064233643034392045,401200333742822066400450760114,1038288336032619145932084184822;\
663283050581458242677967773787,828793718655996644056689857997,389466490830656182602518881157,1545166190832859811626547060946,409655024494560320045331398637,989206806221043073458447104199,578553942019513170500501168457,1153715703241728109107891211462,264198076167173556472209577344,1532772837895513126849101755546,141693013299053194713033926726;\
864242419222945359826035729330,1220962286258953985930896058261,1215673172330154289674375948457,1122934777224591089187723088564,373983603704919182275676182577,339104191142169241700969122054,887617254304058660607632934978,1206704021916182623313643751797,864451058485279793387936660518,447683753104371498317133629692,1175991745854114005770500770982;\
928607047419254849585455395199,897047893243661988937005890144,299179739195456998497390999121,1295404880452271747340747599320,1542380579007663509277927040937,884253092521224374183268736406,1485813060786041070903247151548,124731040467667660905036807660,18383919007807665271791083439,1346673436369714373766772461436,1005499352140319216051860205107;\
673594095458810503816039779986,1391914372864462493243648615896,867386461328868551472579178418,619788015164615740273443799054,1200731263581504227699788108095,920556631098189955073006838277,1267264624486260216515593747776,351189829683672087056525647125,499986160259691917104671409273,1263645990742127606236858264172,1049810001281201245108710130895;\
1197545714561823255353533351518,1345414073005346238342318945827,293735242294742114726682673369,1584405932687846154620643815103,1218448440849542093087236676787,1541860718303232438791388763956,1036967195490975369436364560979,1111566056638075816924758984768,331866332221005466020642862334,468708787942530600870458360263,403017589426284830561154739566;\
1319406438897623153728478893375,265824881247530753200515404415,166716890148926955607692604845,657726988647918918394451399570,366292979804149316386901089360,1132006856920333371537672089252,1119029581096728386373445855269,1380891206409395451715271151990,719893145595023758650851889154,932382832082040049522716688982,716309147879803752035194197523;\
355618377295839656715411800566,1460212998303230708938924897891,147014169802836090482859853529,132350729650060614384418576080,555898874755291683135030899322,826435694708928557695969885897,136157298248372593031392232955,1130452715581219919156851352088,562214363050557278621087114532,161233386582627252356149210436,237100050655448860261641262179]
/* 
This should be the matrix of frobenius!
*/ 
B = A; 
/* Freed 166 lists. */
