/* Comments begin... 
Coefficient of   x^21 * y^1               = 0
Coefficient of   x^10 * y^2 * z^6         = -1
Coefficient of   x^8 * y^5 * z^5         = -4
Coefficient of   x^6 * y^8 * z^4         = 3
Coefficient of   x^4 * y^11 * z^3         = 3
Coefficient of   x^2 * y^14 * z^2         = 2
Coefficient of   x^1 * z^13               = -2
Coefficient of   y^17 * z^1               = 1

Here is the polynomial we're using this time:

-1*x^10*y^2*z^6 + -4*x^8*y^5*z^5 + 3*x^6*y^8*z^4 + 3*x^4*y^11*z^3 + 2*x^2*y^14*z^2 + -2*x^1*z^13 + 1*y^17*z^1

Allocate G_len 20 elements and old = 0.
Allocate M_len = 400 elements.
Allocate G_len 40 elements and old = 20.
Allocate M_len = 800 elements.
Allocate G_len 80 elements and old = 40.
Allocate M_len = 1600 elements.
Allocate M_len = 3200 elements.
Not smooth!
Coefficient of   x^21 * y^1               = -2
Coefficient of   x^10 * y^2 * z^6         = 3
Coefficient of   x^8 * y^5 * z^5         = 2
Coefficient of   x^6 * y^8 * z^4         = -1
Coefficient of   x^4 * y^11 * z^3         = 1
Coefficient of   x^2 * y^14 * z^2         = 2
Coefficient of   x^1 * z^13               = -5
Coefficient of   y^17 * z^1               = 3

Here is the polynomial we're using this time:

-2*x^21*y^1 + 3*x^10*y^2*z^6 + 2*x^8*y^5*z^5 + -1*x^6*y^8*z^4 + 1*x^4*y^11*z^3 + 2*x^2*y^14*z^2 + -5*x^1*z^13 + 3*y^17*z^1

Allocate G_len 160 elements and old = 80.
Allocate M_len = 6400 elements.
Allocate M_len = 12800 elements.
Allocate G_len 320 elements and old = 160.
The final length of G is 169
[10, 2, 5, 0]  	391	7 
[21, 0, 0, 0]  	399	7  <--- 1
[20, 1, 0, 0]  	403	7 
[8, 5, 5, 0]  	422	6 
[8, 8, 4, 0]  	460	7 
[6, 11, 4, 0]  	491	6 
[5, 0, 15, 0]  	560	6 
[18, 5, 4, 0]  	581	12 
[14, 11, 3, 0]  	612	11 
[18, 8, 3, 0]  	619	11 
[12, 14, 3, 0]  	643	9 
[11, 0, 14, 0]  	643	10 
[14, 14, 2, 0]  	650	10 
[18, 11, 2, 0]  	657	10 
[10, 17, 3, 0]  	674	9 
[9, 3, 14, 0]  	674	9 
[12, 17, 2, 0]  	681	9 
[15, 0, 13, 0]  	688	9 
[10, 19, 2, 0]  	689	9 
[9, 20, 2, 0]  	693	8 
[18, 14, 1, 0]  	695	9 
[9, 19, 3, 0]  	701	8 
[7, 22, 2, 0]  	701	8 
[8, 20, 3, 0]  	705	8 
[7, 6, 14, 0]  	705	8 
[8, 23, 1, 0]  	712	8 
[12, 20, 1, 0]  	719	8 
[7, 8, 13, 0]  	720	8 
[6, 9, 13, 0]  	724	7 
[16, 17, 1, 0]  	726	8 
[10, 22, 1, 0]  	727	8 
[6, 8, 14, 0]  	732	7 
[5, 25, 2, 0]  	732	7 
[19, 0, 12, 0]  	733	8 
[14, 19, 1, 0]  	734	8 
[5, 9, 14, 0]  	736	7 
[7, 25, 1, 0]  	739	7 
[6, 26, 1, 0]  	743	7 
[8, 26, 0, 0]  	750	7 
[5, 11, 13, 0]  	751	7 
[4, 12, 13, 0]  	755	6 
[12, 23, 0, 0]  	757	7 
[6, 28, 0, 0]  	758	7 
[5, 29, 0, 0]  	762	6 
[4, 11, 14, 0]  	763	6 
[10, 25, 0, 0]  	765	7 
[4, 26, 3, 0]  	767	6 
[5, 28, 1, 0]  	770	6 
[4, 14, 12, 0]  	770	6 
[5, 24, 4, 0]  	771	6 
[14, 22, 0, 0]  	772	7 
[4, 29, 1, 0]  	774	6 
[19, 18, 0, 0]  	775	7 
[18, 19, 0, 0]  	779	7 
[5, 15, 11, 0]  	781	6 
[4, 28, 2, 0]  	782	6 
[3, 14, 13, 0]  	782	6 
[3, 29, 2, 0]  	786	5 
[5, 18, 9, 0]  	788	6 
[4, 31, 0, 0]  	789	6 
[3, 32, 0, 0]  	793	5 
[5, 21, 7, 0]  	795	6 
[5, 17, 10, 0]  	796	6 
[4, 18, 10, 0]  	800	5 
[3, 31, 1, 0]  	801	5 
[3, 0, 24, 0]  	801	5 
[5, 20, 8, 0]  	803	6 
[2, 32, 1, 0]  	805	5 
[17, 21, 0, 0]  	806	6 
[4, 25, 5, 0]  	806	6 
[4, 21, 8, 0]  	807	5 
[4, 17, 11, 0]  	808	5 
[5, 23, 6, 0]  	810	6 
[4, 1, 23, 0]  	812	5 
[4, 24, 6, 0]  	814	5 
[4, 20, 9, 0]  	815	5 
[4, 4, 21, 0]  	819	5 
[3, 17, 12, 0]  	820	5 
[4, 23, 7, 0]  	822	5 
[2, 18, 12, 0]  	824	4 
[4, 7, 19, 0]  	826	5 
[4, 3, 22, 0]  	827	5 
[3, 12, 16, 0]  	829	5 
[3, 4, 22, 0]  	831	4 
[4, 10, 17, 0]  	833	5 
[4, 6, 20, 0]  	834	5 
[3, 11, 17, 0]  	837	5 
[3, 7, 20, 0]  	838	4 
[3, 3, 23, 0]  	839	4 
[4, 9, 18, 0]  	841	5 
[2, 35, 0, 0]  	843	4 
[3, 10, 18, 0]  	845	4 
[3, 6, 21, 0]  	846	4 
[3, 21, 10, 0]  	850	4 
[3, 9, 19, 0]  	853	4 
[3, 28, 5, 0]  	856	5 
[3, 20, 11, 0]  	858	4 
[2, 29, 5, 0]  	860	4 
[3, 27, 6, 0]  	864	4 
[3, 23, 9, 0]  	865	4 
[2, 24, 9, 0]  	869	3 
[3, 26, 7, 0]  	872	4 
[2, 4, 24, 0]  	874	4 
[2, 31, 4, 0]  	875	5 
[2, 27, 7, 0]  	876	3 
[2, 15, 16, 0]  	879	4 
[2, 7, 22, 0]  	881	3 
[2, 26, 8, 0]  	884	3 
[2, 14, 17, 0]  	887	4 
[1, 15, 17, 0]  	891	3 
[2, 13, 18, 0]  	895	3 
[2, 9, 21, 0]  	896	3 
[2, 1, 27, 0]  	898	4 
[1, 14, 18, 0]  	899	3 
[1, 10, 21, 0]  	900	2 
[2, 0, 28, 0]  	906	4 
[1, 13, 19, 0]  	907	2 
[1, 32, 5, 0]  	910	3 
[1, 12, 20, 0]  	915	2 
[1, 31, 6, 0]  	918	3 
[1, 27, 9, 0]  	919	2 
[0, 32, 6, 0]  	922	2 
[1, 30, 7, 0]  	926	2 
[1, 18, 16, 0]  	929	3 
[0, 31, 7, 0]  	930	2 
[1, 29, 8, 0]  	934	2 
[0, 30, 8, 0]  	938	1 
[1, 1, 29, 0]  	941	2 
[1, 35, 4, 0]  	948	3 
[1, 0, 30, 0]  	949	2 
[0, 1, 30, 0]  	953	1 
[0, 16, 19, 0]  	957	1 
[0, 35, 5, 0]  	960	2 
[0, 0, 31, 0]  	961	1  <--- 3
[1, 41, 0, 0]  	962	2 
[1, 21, 15, 0]  	967	3 
[0, 18, 18, 0]  	972	1 
[1, 4, 28, 0]  	979	2 
[0, 4, 29, 0]  	991	1 
[0, 38, 4, 0]  	998	2 
[0, 21, 17, 0]  	1010	1 
[0, 44, 0, 0]  	1012	2  <--- 2
[1, 7, 27, 0]  	1017	2 
[0, 7, 28, 0]  	1029	1 
[0, 41, 3, 0]  	1036	2 
[0, 24, 16, 0]  	1048	1 
[0, 10, 27, 0]  	1067	1 
[0, 27, 15, 0]  	1086	1 
[0, 13, 26, 0]  	1105	1 
[6, 14, 3, 1]  	529	7 
[16, 20, 0, 1]  	764	7 
[3, 24, 8, 1]  	857	4 
[2, 21, 11, 1]  	862	3 
[2, 23, 10, 1]  	877	3 
[2, 10, 20, 1]  	888	3 
[1, 38, 0, 1]  	893	3 
[2, 12, 19, 1]  	903	3 
[1, 24, 12, 1]  	943	3 
[2, 28, 6, 2]  	868	4 
[1, 14, 17, 28]  	868	3 
[5, 0, 14, 29]  	529	6 
[9, 19, 2, 29]  	670	7 
[4, 26, 2, 29]  	736	6 
[5, 21, 6, 29]  	764	6 
[4, 24, 5, 29]  	783	4 
[1, 27, 7, 29]  	857	2 
[1, 7, 22, 29]  	862	2 
[1, 9, 21, 29]  	877	2 
[0, 41, 0, 29]  	943	2 
------
The gap is between 3 and 27.
Lengths: 3 3 5 5 3 3.
For 982 = 5*d/2-d1-d2-d3 you get 3 in char 0.
1*x^1*y^23*z^14
1*y^40*z^2
1*y^9*z^25

For 560 = 3*d/2-d1-d2-d3 you get 5 in char 0.
1*x^4*y^17*z^3
1*x^3*y^3*z^14
1*x^2*y^20*z^2
1*x^1*y^6*z^13
1*y^23*z^1

For 138 = d/2-d1-d2-d3 you get 3 in char 0.
1*x^4*z^2
1*x^2*y^3*z^1
1*y^6

Extra powers of p used 0.
The invariant extra is equal to 1.
Start computing 11^3 Delta^1 (x1x2x3)^10... Done.
Start computing 11^4 Delta^2 (x1x2x3)^10... Done.
Start computing 11^5 Delta^3 (x1x2x3)^10... Done.
Start computing 11^6 Delta^4 (x1x2x3)^10... Done.
Start computing 11^7 Delta^5 (x1x2x3)^10... Done.
Start computing 11^8 Delta^6 (x1x2x3)^10... Done.
Start computing 11^9 Delta^7 (x1x2x3)^10... Done.
Start computing aa.
1 2 3 4 5 6 7 8 9 10 11 
*/
A = \
[1465739870768836662759914130760,221505206443064754066687091512,63345596175998274419534531203,455381347600022396720696020745,1507471103870177360021083085439,1212385431591981039384028457101,626189874621769763119339772126,289100674596962104074616723668,518085432701450556556041125654,1202121781363460139394402127157,1058515580588346412058663700388;\
439154952905163275241102900093,947226958585369929381315208676,149741583548481366243958301621,631329372798648815847148955967,184070531152020292262908744671,3487934893268502118898771524,1474634881262639487302244213331,482630126877256118688753550846,1356015697791710346361630586333,862860847060942347530291596800,1160695932619360952816286260107;\
1268876206955018261298844474870,295090226915633559906871417271,649400287812364788143777784112,1170264337995039758235951644557,1100811961213574235815195274048,1535088026116705181258330988861,248601553116113198879980301056,1311102743666060527960566799527,832778748887770116315410871575,365776649116907158856698549632,803233166382818406353397110557;\
404013060059565653416316225066,437261703161894867200930460876,137656924672071400303431487906,1367429777612052315752713397110,634468979893964091746917619704,1346921267797347002770033735238,40401804382397637883347370276,1546907240585714402824101398088,486790185735291720920275665852,293345969221335952646876504573,314870335708310837419847562581;\
1152298978892797549400184655014,1516718183224069676738057499103,1524039232697849139866176530070,1498914701660288190830284242642,1258163788131449327016445482574,1175526740675162886749247124429,361896119913813447967258015410,1528713726687678986070236500154,1394353627872215856897192830425,19599551125786011063305839866,609669109753217500825364922825;\
1497397018578028655050136327646,284376175198785182258333355655,100883590186576290549811532180,1547896398808152376425748933583,481785582372387078238435605458,34359823483771556429719570543,1571526048782310490036230355490,81984222798238040679744961704,957224331699368261778385543066,1229412377034618907811147208511,1173477446378645670360612047710;\
14284703998239355021564227385,1144634757662535564809113641968,169981070785263800361174175426,528280283827180391499759324657,43408716361148123087614853803,375830816116821361433990867234,464663592289940549991497899557,113153210311926425835428153436,873328063972129747613783696248,739470692185431943383533596589,461419642380617960943319193481;\
393747285916418140202604107616,1257479592732624580509167080883,11732190275175146277645504571,306682182870958898891754049205,1145292386919656118498788572623,222649226666431749624107260780,1041184748226401864480251183811,1123310155068520495041529695912,241685545815881278249170104765,484005240425125781660097051461,793549004914952788209247040545;\
499507712180023384981574921635,126086535340029276900522519502,701558539627889302318937682494,1573916265650442492149812012110,710532821558245092560305528178,1396465533312316773827588709873,1020318356858781130411224131113,339612363402901607818157528665,482393211294516188004938890983,1546338286526564956784909854909,69432393074163114200487842615;\
836905780996121024522427905445,377758445981341804946489380002,1461330326201480268710315703556,1533288312679304683194553169474,1316864866393676874186336853825,1280199265335255943790948384307,273900243005797044670176174658,908924209936753502337395759847,688041082393813118464710288402,316877560801435523693680457196,858283437986804086255277009742;\
1457333419569536102317175767318,554798582889383796323817373253,535218740168227015721510099053,872805547407033117213458290454,554934967628991378134960009074,629930456139225331928671310499,1026542444578410344102525298038,762873200578015381212607611032,712678650886631722578898908295,600676340646339425913239957668,566240180097938057418491071199]
/* 
This should be the matrix of frobenius!
*/ 
B = A; 
/* Freed 167 lists. */
