/* Comments begin... 
Coefficient of   x^21 * y^1               = 3
Coefficient of   x^10 * y^2 * z^6         = 5
Coefficient of   x^8 * y^5 * z^5         = -4
Coefficient of   x^6 * y^8 * z^4         = 2
Coefficient of   x^4 * y^11 * z^3         = 3
Coefficient of   x^2 * y^14 * z^2         = -2
Coefficient of   x^1 * z^13               = -1
Coefficient of   y^17 * z^1               = -5

Here is the polynomial we're using this time:

3*x^21*y^1 + 5*x^10*y^2*z^6 + -4*x^8*y^5*z^5 + 2*x^6*y^8*z^4 + 3*x^4*y^11*z^3 + -2*x^2*y^14*z^2 + -1*x^1*z^13 + -5*y^17*z^1

Allocate G_len 20 elements and old = 0.
Allocate M_len = 400 elements.
Allocate G_len 40 elements and old = 20.
Allocate M_len = 800 elements.
Allocate G_len 80 elements and old = 40.
Allocate M_len = 1600 elements.
Allocate M_len = 3200 elements.
Allocate G_len 160 elements and old = 80.
Allocate M_len = 6400 elements.
Allocate M_len = 12800 elements.
Allocate G_len 320 elements and old = 160.
The final length of G is 173
[10, 2, 5, 0]  	391	7 
[21, 0, 0, 0]  	399	7  <--- 1
[20, 1, 0, 0]  	403	7 
[8, 5, 5, 0]  	422	6 
[8, 8, 4, 0]  	460	7 
[6, 11, 4, 0]  	491	6 
[5, 0, 15, 0]  	560	6 
[18, 5, 4, 0]  	581	12 
[14, 11, 3, 0]  	612	11 
[18, 8, 3, 0]  	619	11 
[12, 14, 3, 0]  	643	10 
[11, 0, 14, 0]  	643	10 
[14, 14, 2, 0]  	650	10 
[18, 11, 2, 0]  	657	10 
[10, 17, 3, 0]  	674	9 
[9, 3, 14, 0]  	674	9 
[15, 0, 13, 0]  	688	9 
[10, 19, 2, 0]  	689	9 
[9, 20, 2, 0]  	693	8 
[18, 14, 1, 0]  	695	9 
[9, 19, 3, 0]  	701	8 
[7, 22, 2, 0]  	701	8 
[8, 20, 3, 0]  	705	8 
[7, 6, 14, 0]  	705	8 
[8, 23, 1, 0]  	712	8 
[12, 20, 1, 0]  	719	8 
[7, 8, 13, 0]  	720	8 
[6, 9, 13, 0]  	724	7 
[16, 17, 1, 0]  	726	8 
[10, 22, 1, 0]  	727	8 
[6, 8, 14, 0]  	732	7 
[5, 25, 2, 0]  	732	7 
[19, 0, 12, 0]  	733	8 
[6, 23, 3, 0]  	736	7 
[5, 9, 14, 0]  	736	7 
[7, 25, 1, 0]  	739	7 
[6, 26, 1, 0]  	743	7 
[5, 11, 13, 0]  	751	7 
[4, 12, 13, 0]  	755	6 
[12, 23, 0, 0]  	757	7 
[6, 28, 0, 0]  	758	7 
[5, 29, 0, 0]  	762	6 
[4, 11, 14, 0]  	763	6 
[10, 25, 0, 0]  	765	7 
[4, 26, 3, 0]  	767	6 
[5, 28, 1, 0]  	770	6 
[4, 14, 12, 0]  	770	6 
[5, 24, 4, 0]  	771	6 
[14, 22, 0, 0]  	772	7 
[4, 29, 1, 0]  	774	6 
[19, 18, 0, 0]  	775	7 
[18, 19, 0, 0]  	779	7 
[5, 15, 11, 0]  	781	6 
[4, 28, 2, 0]  	782	6 
[3, 14, 13, 0]  	782	6 
[3, 29, 2, 0]  	786	5 
[5, 18, 9, 0]  	788	6 
[4, 31, 0, 0]  	789	6 
[3, 32, 0, 0]  	793	5 
[5, 21, 7, 0]  	795	6 
[5, 17, 10, 0]  	796	6 
[4, 18, 10, 0]  	800	5 
[3, 31, 1, 0]  	801	5 
[3, 0, 24, 0]  	801	5 
[5, 20, 8, 0]  	803	6 
[2, 32, 1, 0]  	805	5 
[17, 21, 0, 0]  	806	6 
[4, 25, 5, 0]  	806	6 
[4, 21, 8, 0]  	807	5 
[4, 17, 11, 0]  	808	5 
[5, 23, 6, 0]  	810	6 
[4, 1, 23, 0]  	812	5 
[4, 24, 6, 0]  	814	5 
[4, 20, 9, 0]  	815	5 
[4, 4, 21, 0]  	819	5 
[3, 17, 12, 0]  	820	5 
[4, 23, 7, 0]  	822	5 
[2, 18, 12, 0]  	824	4 
[4, 7, 19, 0]  	826	5 
[4, 3, 22, 0]  	827	5 
[3, 12, 16, 0]  	829	5 
[4, 10, 17, 0]  	833	5 
[4, 6, 20, 0]  	834	5 
[3, 11, 17, 0]  	837	5 
[3, 7, 20, 0]  	838	4 
[3, 3, 23, 0]  	839	4 
[4, 9, 18, 0]  	841	5 
[2, 35, 0, 0]  	843	4 
[3, 10, 18, 0]  	845	4 
[3, 6, 21, 0]  	846	4 
[3, 21, 10, 0]  	850	4 
[3, 9, 19, 0]  	853	4 
[3, 28, 5, 0]  	856	5 
[3, 24, 8, 0]  	857	4 
[3, 20, 11, 0]  	858	4 
[2, 29, 5, 0]  	860	4 
[2, 21, 11, 0]  	862	3 
[3, 27, 6, 0]  	864	4 
[3, 23, 9, 0]  	865	4 
[2, 28, 6, 0]  	868	4 
[2, 24, 9, 0]  	869	3 
[3, 26, 7, 0]  	872	4 
[2, 31, 4, 0]  	875	5 
[2, 27, 7, 0]  	876	3 
[2, 23, 10, 0]  	877	3 
[2, 7, 22, 0]  	881	3 
[2, 26, 8, 0]  	884	3 
[2, 10, 20, 0]  	888	3 
[1, 38, 0, 0]  	893	3 
[2, 13, 18, 0]  	895	3 
[2, 9, 21, 0]  	896	3 
[2, 1, 27, 0]  	898	4 
[1, 14, 18, 0]  	899	3 
[1, 10, 21, 0]  	900	2 
[2, 12, 19, 0]  	903	3 
[2, 0, 28, 0]  	906	4 
[1, 13, 19, 0]  	907	2 
[1, 32, 5, 0]  	910	3 
[1, 12, 20, 0]  	915	2 
[1, 31, 6, 0]  	918	3 
[1, 27, 9, 0]  	919	2 
[0, 32, 6, 0]  	922	2 
[1, 30, 7, 0]  	926	2 
[1, 18, 16, 0]  	929	3 
[0, 31, 7, 0]  	930	2 
[1, 29, 8, 0]  	934	2 
[0, 30, 8, 0]  	938	1 
[1, 1, 29, 0]  	941	2 
[1, 24, 12, 0]  	943	3 
[1, 0, 30, 0]  	949	2 
[0, 1, 30, 0]  	953	1 
[0, 16, 19, 0]  	957	1 
[0, 35, 5, 0]  	960	2 
[0, 0, 31, 0]  	961	1  <--- 3
[1, 21, 15, 0]  	967	3 
[0, 18, 18, 0]  	972	1 
[1, 4, 28, 0]  	979	2 
[0, 4, 29, 0]  	991	1 
[0, 38, 4, 0]  	998	2 
[0, 21, 17, 0]  	1010	1 
[0, 44, 0, 0]  	1012	2  <--- 2
[1, 7, 27, 0]  	1017	2 
[0, 7, 28, 0]  	1029	1 
[0, 41, 3, 0]  	1036	2 
[0, 24, 16, 0]  	1048	1 
[0, 10, 27, 0]  	1067	1 
[0, 27, 15, 0]  	1086	1 
[0, 13, 26, 0]  	1105	1 
[6, 14, 3, 1]  	529	7 
[12, 17, 2, 1]  	681	9 
[14, 19, 1, 1]  	734	8 
[8, 26, 0, 1]  	750	7 
[16, 20, 0, 1]  	764	7 
[3, 4, 22, 1]  	831	4 
[2, 4, 24, 1]  	874	4 
[2, 15, 16, 1]  	879	4 
[2, 14, 17, 1]  	887	4 
[1, 15, 17, 1]  	891	3 
[1, 35, 4, 2]  	948	3 
[1, 4, 27, 28]  	948	2 
[5, 0, 14, 29]  	529	6 
[9, 19, 2, 29]  	670	7 
[10, 20, 1, 29]  	681	8 
[12, 22, 0, 29]  	734	6 
[5, 15, 10, 29]  	750	6 
[5, 21, 6, 29]  	764	6 
[4, 18, 9, 29]  	769	5 
[4, 24, 5, 29]  	783	5 
[2, 21, 10, 29]  	831	3 
[1, 21, 12, 29]  	874	2 
[1, 1, 27, 29]  	879	2 
[1, 31, 5, 29]  	887	3 
[0, 32, 5, 29]  	891	2 
------
The gap is between 3 and 27.
Lengths: 3 3 5 5 3 4.
For 982 = 5*d/2-d1-d2-d3 you get 3 in char 0.
1*x^1*y^23*z^14
1*y^40*z^2
1*y^9*z^25

For 560 = 3*d/2-d1-d2-d3 you get 5 in char 0.
1*x^4*y^17*z^3
1*x^3*y^3*z^14
1*x^2*y^20*z^2
1*x^1*y^6*z^13
1*y^23*z^1

For 138 = d/2-d1-d2-d3 you get 3 in char 0.
1*x^4*z^2
1*x^2*y^3*z^1
1*y^6

Extra powers of p used 1.
The invariant extra is equal to 1.
Start computing 11^3 Delta^1 (x1x2x3)^10... Done.
Start computing 11^4 Delta^2 (x1x2x3)^10... Done.
Start computing 11^5 Delta^3 (x1x2x3)^10... Done.
Start computing 11^6 Delta^4 (x1x2x3)^10... Done.
Start computing 11^7 Delta^5 (x1x2x3)^10... Done.
Start computing 11^8 Delta^6 (x1x2x3)^10... Done.
Start computing 11^9 Delta^7 (x1x2x3)^10... Done.
Start computing aa.
1 2 3 4 5 6 7 8 9 10 11 
*/
A = \
[309059475999935602722505700443,1465738055365379738866186116734,681056165572503910771971299526,1135721049038259229951687241377,653596577580683627759085378590,915786139044005597447957156906,744398329056871105774133444677,508121393923797771006515465268,1505124386325897074323092968296,718382440487608737770148824385,959195097496118531731903803319;\
169910003029021138898343437798,759802686610362474079010729504,326563895951680816663738273352,1148650607505174205742302575638,204028694620223429296207197242,660328152735857470644708310646,336423560780354229048884219532,87274168343129970012325555942,954377211027104703492756122977,301066477147461792056613388571,1148543540330901174223894731755;\
281262719112423888646567561548,1206445375560133711084904906469,1018302208226187599001488714645,220570386992378208070783623136,653360844226018411201677738846,296592393852118788510271141990,1507606472958031006979196124995,509543943315612229737984735871,1417413034465595324773048200108,485267889775012454517278113220,1556761206675362446528304559376;\
1036546356495052451770225081547,945477719219810982150235503877,1548459063238467003422932496990,265436712448701742445504870379,92578905475012964599174087747,909850256662484307349341231047,39733933444877202401187320982,219702085219194215591557092940,394678986656117099031252009743,578847681316140413999388844673,888587891698461789976825837494;\
42336483563782561605799296174,718108998787377261998354726579,1574400264000646934941145106270,272618515416475643767627830709,475095892808998658658350421686,1019570148474679773930767782424,387264283226679391053880319620,647686285790793658672391437562,584698201339352526857945163991,915115875134673079866752434329,1459219312913069657468206079458;\
1366642738490045574399400046036,1168692951373441887467496037504,298299338828233190588107985380,1328398085302806559979206645948,437075132022056003553690186277,1430103947242350032936141049521,43633999390477869012546207840,389500566717829369775762463355,705158601413138284120754198934,790029964266545038312342987558,9405854012188417742741311001;\
1355384753335692235087296287770,835171874973816459180793588877,841510246484328084778002075660,551641943747319550725162288539,1472182370774014154989874200049,895806073813101151205897668045,686089978331012704797767574331,1469011652366459578960973607239,1412667306381681708439552068334,1065719945767690114569706701509,40513268719376540795756413651;\
348873297728176117446801582823,603035653187593496052477598066,18342236971161833038967692507,859249260659781700244902512300,671459438369053930779043611773,931062847518706582226369866868,990385820200752842685403664442,1420697809341641767380876823116,1150555236318343645665819628597,476078117521963399776186729766,541562986086851015068432846481;\
1248431782372980300973256149429,644946790708345487179671170535,209375879825035162183720978862,710149901779249219238946044533,388177929294567032142839197188,1547005600622420809499587023131,159598341327286931690327064160,675608252171760066311445704631,390849124066663686981424820667,334824203272378623422008578331,758371056018734170932607499658;\
360434681496403775176496268111,393254083098935097515454666447,334461404084853765269763350478,190731173456164635749909807232,552412559323497715389120019072,182903741906613286580536281162,1323550814087732724937953543847,653869580042698659675100938191,300216433115418169853117474585,486936952028203999289326571729,108482794278341224916343135340;\
1336443233185255108312487872643,289783210302424587294994901248,1100165972485180332910963402035,392828559004028607324264889302,1027911190963316421951279315412,702546813412694820031038908694,1564337884948236153854340832986,1196045184191894494257758942236,1288294264307286711283923320162,1545179785294305626061698668038,897518993781196737399781261512]
/* 
This matrix times 11^(-1) should be the matrix of frobenius.
*/ 
B = 11^(-1) * A; 
/* Freed 167 lists. */
