/* Comments begin... 
Coefficient of   x^21 * y^1               = -1
Coefficient of   x^10 * y^2 * z^6         = 1
Coefficient of   x^8 * y^5 * z^5         = 0
Coefficient of   x^6 * y^8 * z^4         = 0
Coefficient of   x^4 * y^11 * z^3         = 5
Coefficient of   x^2 * y^14 * z^2         = 3
Coefficient of   x^1 * z^13               = -4
Coefficient of   y^17 * z^1               = -4

Here is the polynomial we're using this time:

-1*x^21*y^1 + 1*x^10*y^2*z^6 + 5*x^4*y^11*z^3 + 3*x^2*y^14*z^2 + -4*x^1*z^13 + -4*y^17*z^1

Allocate G_len 20 elements and old = 0.
Allocate M_len = 400 elements.
Allocate G_len 40 elements and old = 20.
Allocate M_len = 800 elements.
Allocate G_len 80 elements and old = 40.
Allocate M_len = 1600 elements.
Allocate M_len = 3200 elements.
Allocate G_len 160 elements and old = 80.
Allocate M_len = 6400 elements.
Allocate M_len = 12800 elements.
The final length of G is 152
[10, 2, 5, 0]  	391	5 
[21, 0, 0, 0]  	399	5  <--- 1
[20, 1, 0, 0]  	403	5 
[4, 11, 3, 0]  	422	4 
[14, 11, 2, 0]  	581	8 
[7, 0, 15, 0]  	598	7 
[12, 14, 2, 0]  	612	7 
[11, 0, 14, 0]  	643	7 
[13, 0, 13, 0]  	650	8 
[9, 3, 14, 0]  	674	9 
[10, 19, 2, 0]  	689	7 
[9, 20, 2, 0]  	693	8 
[18, 14, 1, 0]  	695	9 
[12, 19, 1, 0]  	696	8 
[8, 5, 14, 0]  	701	8 
[7, 6, 14, 0]  	705	8 
[9, 6, 13, 0]  	712	8 
[8, 22, 2, 0]  	720	8 
[7, 23, 2, 0]  	724	7 
[16, 17, 1, 0]  	726	8 
[10, 22, 1, 0]  	727	7 
[9, 23, 1, 0]  	731	7 
[6, 8, 14, 0]  	732	7 
[19, 0, 12, 0]  	733	8 
[5, 9, 14, 0]  	736	7 
[8, 8, 13, 0]  	739	7 
[7, 9, 13, 0]  	743	7 
[9, 9, 12, 0]  	750	7 
[6, 25, 2, 0]  	751	7 
[5, 26, 2, 0]  	755	6 
[12, 23, 0, 0]  	757	7 
[8, 25, 1, 0]  	758	7 
[7, 26, 1, 0]  	762	6 
[10, 25, 0, 0]  	765	7 
[9, 26, 0, 0]  	769	6 
[5, 28, 1, 0]  	770	6 
[6, 7, 16, 0]  	771	6 
[14, 22, 0, 0]  	772	7 
[4, 29, 1, 0]  	774	6 
[19, 18, 0, 0]  	775	7 
[7, 28, 0, 0]  	777	6 
[18, 19, 0, 0]  	779	7 
[6, 29, 0, 0]  	781	6 
[4, 28, 2, 0]  	782	4 
[3, 14, 13, 0]  	782	6 
[3, 29, 2, 0]  	786	5 
[6, 1, 21, 0]  	788	6 
[4, 31, 0, 0]  	789	6 
[3, 32, 0, 0]  	793	5 
[6, 4, 19, 0]  	795	6 
[6, 0, 22, 0]  	796	6 
[5, 1, 22, 0]  	800	5 
[3, 31, 1, 0]  	801	5 
[3, 0, 24, 0]  	801	5 
[6, 3, 20, 0]  	803	6 
[2, 32, 1, 0]  	805	5 
[17, 21, 0, 0]  	806	6 
[5, 8, 17, 0]  	806	6 
[5, 4, 20, 0]  	807	5 
[5, 0, 23, 0]  	808	5 
[6, 6, 18, 0]  	810	6 
[4, 1, 23, 0]  	812	5 
[5, 7, 18, 0]  	814	5 
[5, 3, 21, 0]  	815	5 
[3, 17, 12, 0]  	820	5 
[5, 6, 19, 0]  	822	5 
[2, 18, 12, 0]  	824	4 
[4, 7, 19, 0]  	826	5 
[4, 3, 22, 0]  	827	5 
[3, 12, 16, 0]  	829	5 
[3, 4, 22, 0]  	831	4 
[4, 10, 17, 0]  	833	5 
[4, 6, 20, 0]  	834	5 
[3, 11, 17, 0]  	837	5 
[3, 7, 20, 0]  	838	4 
[3, 3, 23, 0]  	839	4 
[4, 9, 18, 0]  	841	5 
[2, 35, 0, 0]  	843	4 
[3, 10, 18, 0]  	845	4 
[3, 6, 21, 0]  	846	4 
[3, 21, 10, 0]  	850	4 
[3, 9, 19, 0]  	853	4 
[3, 28, 5, 0]  	856	5 
[3, 24, 8, 0]  	857	4 
[3, 20, 11, 0]  	858	4 
[2, 29, 5, 0]  	860	4 
[2, 21, 11, 0]  	862	3 
[3, 27, 6, 0]  	864	4 
[3, 23, 9, 0]  	865	4 
[2, 28, 6, 0]  	868	4 
[2, 24, 9, 0]  	869	3 
[3, 26, 7, 0]  	872	4 
[2, 31, 4, 0]  	875	5 
[2, 27, 7, 0]  	876	3 
[2, 23, 10, 0]  	877	3 
[2, 15, 16, 0]  	879	4 
[2, 7, 22, 0]  	881	3 
[2, 26, 8, 0]  	884	3 
[2, 10, 20, 0]  	888	3 
[1, 15, 17, 0]  	891	3 
[1, 38, 0, 0]  	893	3 
[2, 13, 18, 0]  	895	3 
[2, 9, 21, 0]  	896	3 
[1, 14, 18, 0]  	899	3 
[1, 10, 21, 0]  	900	2 
[2, 12, 19, 0]  	903	3 
[2, 0, 28, 0]  	906	4 
[1, 13, 19, 0]  	907	2 
[1, 32, 5, 0]  	910	3 
[1, 12, 20, 0]  	915	2 
[1, 31, 6, 0]  	918	3 
[1, 27, 9, 0]  	919	2 
[0, 32, 6, 0]  	922	2 
[1, 30, 7, 0]  	926	2 
[1, 18, 16, 0]  	929	3 
[0, 31, 7, 0]  	930	2 
[1, 29, 8, 0]  	934	2 
[0, 30, 8, 0]  	938	1 
[1, 1, 29, 0]  	941	2 
[1, 24, 12, 0]  	943	3 
[1, 35, 4, 0]  	948	3 
[1, 0, 30, 0]  	949	2 
[0, 1, 30, 0]  	953	1 
[0, 16, 19, 0]  	957	1 
[0, 35, 5, 0]  	960	2 
[0, 0, 31, 0]  	961	1  <--- 3
[1, 21, 15, 0]  	967	3 
[0, 18, 18, 0]  	972	1 
[1, 4, 28, 0]  	979	2 
[0, 4, 29, 0]  	991	1 
[0, 38, 4, 0]  	998	2 
[0, 21, 17, 0]  	1010	1 
[0, 44, 0, 0]  	1012	2  <--- 2
[1, 7, 27, 0]  	1017	2 
[0, 7, 28, 0]  	1029	1 
[0, 41, 3, 0]  	1036	2 
[0, 24, 16, 0]  	1048	1 
[0, 10, 27, 0]  	1067	1 
[0, 27, 15, 0]  	1086	1 
[0, 13, 26, 0]  	1105	1 
[16, 20, 0, 1]  	764	7 
[4, 4, 21, 1]  	819	5 
[2, 4, 24, 1]  	874	4 
[2, 14, 17, 1]  	887	4 
[2, 1, 27, 1]  	898	4 
[6, 4, 18, 29]  	764	6 
[5, 7, 17, 29]  	783	4 
[3, 21, 9, 29]  	819	4 
[1, 21, 12, 29]  	874	3 
[1, 31, 5, 29]  	887	3 
[1, 18, 15, 29]  	898	3 
[0, 38, 3, 29]  	967	2 
------
The gap is between 2 and 28.
Lengths: 3 3 5 5 3 4.
For 982 = 5*d/2-d1-d2-d3 you get 3 in char 0.
1*x^1*y^23*z^14
1*y^40*z^2
1*y^9*z^25

For 560 = 3*d/2-d1-d2-d3 you get 5 in char 0.
1*x^5*z^15
1*x^3*y^3*z^14
1*x^2*y^20*z^2
1*x^1*y^6*z^13
1*y^23*z^1

For 138 = d/2-d1-d2-d3 you get 3 in char 0.
1*x^4*z^2
1*x^2*y^3*z^1
1*y^6

Extra powers of p used 1.
The invariant extra is equal to 1.
Start computing 11^3 Delta^1 (x1x2x3)^10... Done.
Start computing 11^4 Delta^2 (x1x2x3)^10... Done.
Start computing 11^5 Delta^3 (x1x2x3)^10... Done.
Start computing 11^6 Delta^4 (x1x2x3)^10... Done.
Start computing 11^7 Delta^5 (x1x2x3)^10... Done.
Start computing 11^8 Delta^6 (x1x2x3)^10... Done.
Start computing 11^9 Delta^7 (x1x2x3)^10... Done.
Start computing aa.
1 2 3 4 5 6 7 8 9 10 11 
*/
A = \
[166190841234085801528802524656,212176944773843302816961419196,720087204853299045606556614273,522789162987324395553553688042,968896966643345028295174886201,960655669069649552710897055881,727881479943589484662547980747,642171341112046776435867310871,624611584976090179944677846689,673187842684858388275494592904,470586245680760445631677479120;\
1072158884601908917878182295617,53875259785491966436145767079,43352845069407566572501786147,591202448489257813461741187711,255981716422911942827023132110,1312348287491758378308621072118,1038356841729741119104696124530,284674368253228163208772965367,104875425957058728820540560253,936282841182153052607997239196,1438673111822230299111475798551;\
551693877313370186474144521379,317883186431668594211666385652,833775552267456750945982234183,1082971039412515292908507758295,963138743711087322204952313572,780029850586719025311768320516,516965185508573328360593753708,821034868679295619099025943217,697276341955121781986000364871,696173031896935999246416050310,251287415803311223498415805233;\
462120768526436252699602185379,1484305044611788527218027765381,191545362601988906586352034436,601873043698754682717256242563,38530096883823831993857600802,1138438260653968946870870906850,902120976991380432534967786892,973440820949536390056026458389,1556910454586324545057318762079,500225069435513028110541837019,243512552034429695767112443278;\
622588079682711838544635513738,274777677810551308561490251003,679924614583900758753076223580,875492927293624865082085790826,1226336864830648489058819544492,285994732862147813777730668695,420097643370462657591471588570,619956863723885975429360534129,692562961964421333473923572106,1484102283363466098975846289163,974926220041058136268667763931;\
1583664057674557518107498146602,1324509062692824247883614475461,846666440145547698739736966358,200615384869760825773266254621,1313071927969615955130096814278,1335269777566618643058806262810,1464030393264167873733511948916,145602606678108590584658457813,675082448822715132064225923420,528996703654357559839350508629,15887483731674065566716970705;\
1044321317395073952621879481165,100254285349121492700548809205,628620011656395678837598604964,136870792882782557697422038407,671855386546431375860083692620,969024384683660080007289113210,273998713920187945303021177254,26148357213798517763061104603,11056100884293285361207089566,1560630780765946272515966425086,546604432039187753844501806445;\
582234177171268508333615090010,766100215891374692600929417021,368383994643634321492828845822,299088845950811504084117309821,599961297417413748268526939568,1550759084125749256132389148969,870537082591997156798065441244,191602263220579647981214411709,727380454636299803433692549842,991077035206256013239623956282,647039880567802492963719442663;\
452413748130222480396496908877,907750555808866833854000366616,1237553256858723533230906914561,969793916360669255379454290723,426247914801019766081082607976,687471723718247234845861638603,452975686821857856035832335344,1164464957724879369276490924899,1008513059723475512049737142161,945896958909043833533766496110,84796738257250368234050531575;\
76773000893543017023365312556,18947216145724753869739612746,787258480608781104068245155429,363322921157909525122250059372,1110656880055205648701551196775,1379754319193666124409551828560,507596098788158056123809987999,1401084491949633887514683667443,846368899358422872593928734792,1502970421211241617579164183656,54200843359671573470388247974;\
560699761501623448704003396447,761159871138403815667798426755,1294074989526941537957516952497,879226332619079409896684475987,1582349437545591937864262726380,1507749839477293303784666260036,1132968732555320865878609241339,1118655823661674114667119229752,1418189405352849615268334050180,408014257874070258639207297648,585810772461981483928101313943]
/* 
This matrix times 11^(-1) should be the matrix of frobenius.
*/ 
B = 11^(-1) * A; 
/* Freed 166 lists. */
