/* Comments begin... 
Coefficient of   x^21 * y^1               = -3
Coefficient of   x^10 * y^2 * z^6         = -4
Coefficient of   x^8 * y^5 * z^5         = -1
Coefficient of   x^6 * y^8 * z^4         = -4
Coefficient of   x^4 * y^11 * z^3         = 5
Coefficient of   x^2 * y^14 * z^2         = 2
Coefficient of   x^1 * z^13               = 4
Coefficient of   y^17 * z^1               = 3

Here is the polynomial we're using this time:

-3*x^21*y^1 + -4*x^10*y^2*z^6 + -1*x^8*y^5*z^5 + -4*x^6*y^8*z^4 + 5*x^4*y^11*z^3 + 2*x^2*y^14*z^2 + 4*x^1*z^13 + 3*y^17*z^1

Allocate G_len 20 elements and old = 0.
Allocate M_len = 400 elements.
Allocate G_len 40 elements and old = 20.
Allocate M_len = 800 elements.
Allocate G_len 80 elements and old = 40.
Allocate M_len = 1600 elements.
Allocate M_len = 3200 elements.
Allocate G_len 160 elements and old = 80.
Allocate M_len = 6400 elements.
Allocate M_len = 12800 elements.
Allocate G_len 320 elements and old = 160.
The final length of G is 169
[10, 2, 5, 0]  	391	7 
[21, 0, 0, 0]  	399	7  <--- 1
[20, 1, 0, 0]  	403	7 
[8, 5, 5, 0]  	422	6 
[6, 11, 4, 0]  	491	6 
[6, 14, 3, 0]  	529	7 
[5, 0, 15, 0]  	560	6 
[18, 5, 4, 0]  	581	12 
[16, 8, 4, 0]  	612	11 
[14, 11, 3, 0]  	612	11 
[18, 8, 3, 0]  	619	11 
[11, 0, 14, 0]  	643	10 
[14, 14, 2, 0]  	650	10 
[18, 11, 2, 0]  	657	10 
[9, 3, 14, 0]  	674	9 
[12, 17, 2, 0]  	681	9 
[15, 0, 13, 0]  	688	9 
[10, 19, 2, 0]  	689	9 
[18, 14, 1, 0]  	695	9 
[7, 22, 2, 0]  	701	8 
[7, 6, 14, 0]  	705	8 
[8, 23, 1, 0]  	712	8 
[12, 20, 1, 0]  	719	8 
[7, 8, 13, 0]  	720	8 
[6, 9, 13, 0]  	724	7 
[16, 17, 1, 0]  	726	8 
[10, 22, 1, 0]  	727	8 
[6, 8, 14, 0]  	732	7 
[5, 25, 2, 0]  	732	7 
[19, 0, 12, 0]  	733	8 
[5, 9, 14, 0]  	736	7 
[7, 25, 1, 0]  	739	7 
[8, 26, 0, 0]  	750	7 
[5, 11, 13, 0]  	751	7 
[4, 12, 13, 0]  	755	6 
[12, 23, 0, 0]  	757	7 
[6, 28, 0, 0]  	758	7 
[5, 29, 0, 0]  	762	6 
[4, 11, 14, 0]  	763	6 
[4, 26, 3, 0]  	767	6 
[5, 28, 1, 0]  	770	6 
[4, 14, 12, 0]  	770	6 
[5, 24, 4, 0]  	771	6 
[14, 22, 0, 0]  	772	7 
[4, 29, 1, 0]  	774	6 
[19, 18, 0, 0]  	775	7 
[18, 19, 0, 0]  	779	7 
[5, 15, 11, 0]  	781	6 
[4, 28, 2, 0]  	782	6 
[3, 14, 13, 0]  	782	6 
[3, 29, 2, 0]  	786	5 
[5, 18, 9, 0]  	788	6 
[4, 31, 0, 0]  	789	6 
[3, 32, 0, 0]  	793	5 
[5, 21, 7, 0]  	795	6 
[5, 17, 10, 0]  	796	6 
[4, 18, 10, 0]  	800	5 
[3, 31, 1, 0]  	801	5 
[3, 0, 24, 0]  	801	5 
[5, 20, 8, 0]  	803	6 
[2, 32, 1, 0]  	805	5 
[17, 21, 0, 0]  	806	6 
[4, 25, 5, 0]  	806	6 
[4, 21, 8, 0]  	807	5 
[4, 17, 11, 0]  	808	5 
[5, 23, 6, 0]  	810	6 
[4, 1, 23, 0]  	812	5 
[4, 24, 6, 0]  	814	5 
[4, 20, 9, 0]  	815	5 
[4, 4, 21, 0]  	819	5 
[3, 17, 12, 0]  	820	5 
[4, 23, 7, 0]  	822	5 
[2, 18, 12, 0]  	824	4 
[4, 7, 19, 0]  	826	5 
[4, 3, 22, 0]  	827	5 
[3, 12, 16, 0]  	829	5 
[3, 4, 22, 0]  	831	4 
[4, 10, 17, 0]  	833	5 
[4, 6, 20, 0]  	834	5 
[3, 11, 17, 0]  	837	5 
[3, 7, 20, 0]  	838	4 
[3, 3, 23, 0]  	839	4 
[4, 9, 18, 0]  	841	5 
[2, 35, 0, 0]  	843	4 
[3, 10, 18, 0]  	845	4 
[3, 6, 21, 0]  	846	4 
[3, 21, 10, 0]  	850	4 
[3, 9, 19, 0]  	853	4 
[3, 28, 5, 0]  	856	5 
[3, 24, 8, 0]  	857	4 
[3, 20, 11, 0]  	858	4 
[2, 29, 5, 0]  	860	4 
[2, 21, 11, 0]  	862	3 
[3, 27, 6, 0]  	864	4 
[3, 23, 9, 0]  	865	4 
[2, 28, 6, 0]  	868	4 
[2, 24, 9, 0]  	869	3 
[3, 26, 7, 0]  	872	4 
[2, 4, 24, 0]  	874	4 
[2, 31, 4, 0]  	875	5 
[2, 27, 7, 0]  	876	3 
[2, 23, 10, 0]  	877	3 
[2, 15, 16, 0]  	879	4 
[2, 7, 22, 0]  	881	3 
[2, 26, 8, 0]  	884	3 
[2, 14, 17, 0]  	887	4 
[2, 10, 20, 0]  	888	3 
[1, 38, 0, 0]  	893	3 
[2, 9, 21, 0]  	896	3 
[2, 1, 27, 0]  	898	4 
[1, 14, 18, 0]  	899	3 
[1, 10, 21, 0]  	900	2 
[2, 0, 28, 0]  	906	4 
[1, 32, 5, 0]  	910	3 
[1, 12, 20, 0]  	915	2 
[1, 31, 6, 0]  	918	3 
[1, 27, 9, 0]  	919	2 
[0, 32, 6, 0]  	922	2 
[0, 31, 7, 0]  	930	2 
[1, 29, 8, 0]  	934	2 
[0, 30, 8, 0]  	938	1 
[1, 1, 29, 0]  	941	2 
[1, 24, 12, 0]  	943	3 
[0, 1, 30, 0]  	953	1 
[0, 16, 19, 0]  	957	1 
[0, 35, 5, 0]  	960	2 
[0, 0, 31, 0]  	961	1  <--- 3
[1, 21, 15, 0]  	967	3 
[0, 18, 18, 0]  	972	1 
[1, 4, 28, 0]  	979	2 
[0, 4, 29, 0]  	991	1 
[0, 21, 17, 0]  	1010	1 
[0, 44, 0, 0]  	1012	2  <--- 2
[1, 7, 27, 0]  	1017	2 
[0, 7, 28, 0]  	1029	1 
[0, 41, 3, 0]  	1036	2 
[0, 24, 16, 0]  	1048	1 
[0, 10, 27, 0]  	1067	1 
[0, 27, 15, 0]  	1086	1 
[0, 13, 26, 0]  	1105	1 
[8, 8, 4, 1]  	460	7 
[9, 20, 2, 1]  	693	8 
[14, 19, 1, 1]  	734	8 
[6, 26, 1, 1]  	743	7 
[16, 20, 0, 1]  	764	7 
[10, 25, 0, 1]  	765	7 
[1, 15, 17, 1]  	891	3 
[2, 13, 18, 1]  	895	3 
[2, 12, 19, 1]  	903	3 
[1, 13, 19, 1]  	907	2 
[1, 30, 7, 1]  	926	2 
[1, 18, 16, 1]  	929	3 
[1, 35, 4, 1]  	948	3 
[0, 38, 4, 1]  	998	2 
[1, 0, 30, 2]  	949	2 
[0, 16, 18, 28]  	926	1 
[6, 11, 3, 29]  	460	6 
[7, 23, 1, 29]  	693	7 
[12, 22, 0, 29]  	734	6 
[5, 12, 12, 29]  	743	6 
[5, 21, 6, 29]  	764	6 
[5, 17, 9, 29]  	765	6 
[4, 24, 5, 29]  	783	3 
[4, 20, 8, 29]  	784	5 
[0, 32, 5, 29]  	891	2 
[1, 30, 6, 29]  	895	2 
[1, 29, 7, 29]  	903	2 
[0, 30, 7, 29]  	907	1 
[0, 4, 27, 29]  	929	1 
------
The gap is between 3 and 27.
Lengths: 3 3 5 5 3 3.
For 982 = 5*d/2-d1-d2-d3 you get 3 in char 0.
1*x^1*y^23*z^14
1*y^40*z^2
1*y^9*z^25

For 560 = 3*d/2-d1-d2-d3 you get 5 in char 0.
1*x^4*y^17*z^3
1*x^3*y^3*z^14
1*x^2*y^20*z^2
1*x^1*y^6*z^13
1*y^23*z^1

For 138 = d/2-d1-d2-d3 you get 3 in char 0.
1*x^4*z^2
1*x^2*y^3*z^1
1*y^6

Extra powers of p used 0.
The invariant extra is equal to 1.
Start computing 11^3 Delta^1 (x1x2x3)^10... Done.
Start computing 11^4 Delta^2 (x1x2x3)^10... Done.
Start computing 11^5 Delta^3 (x1x2x3)^10... Done.
Start computing 11^6 Delta^4 (x1x2x3)^10... Done.
Start computing 11^7 Delta^5 (x1x2x3)^10... Done.
Start computing 11^8 Delta^6 (x1x2x3)^10... Done.
Start computing 11^9 Delta^7 (x1x2x3)^10... Done.
Start computing aa.
1 2 3 4 5 6 7 8 9 10 11 
*/
A = \
[495858001042366488890608954954,1228663515942755104813779205397,1248696292258510460839969952858,901300417598201858413233642794,5934461782124541674069542943,315416516510768271311728236111,912566175630003142248240860675,593166253371520665010993481652,319034256588406012427219360915,325324399929043881698314355032,491838588523078093637672123803;\
1521607740997534342285726927472,111939373819529280845393244078,697666310558105503702423425071,424195540363530066941525554784,1035639057374264108569921756441,1491272118449697459422924691270,903763256179126821634264671464,509108470827170008043253194047,1349040176437273943034270168464,1432406706824660435616447331368,1522253048119757826087220455945;\
1111489346469921253933957710681,112017515008141514762872066310,565409548546678049430862566419,380583213540300545183834065751,1494795283310260885495487450868,655366657243483000517119256905,167717270674765315140258165313,386827380000801034491817954729,529273524198423764579195620519,1562789703340022686590460504237,753060403284937775440961053803;\
874020204395383144529061427477,1027802895576449327678588790571,40833321169277188570810118903,515539221956017360632602852935,810764615340208401051861693506,593407855552943435861647800768,33214975888861377282858002487,1269381306670863334763450505672,1564285324879964245296261082867,561966298711138039379817171642,1148907092398827111785491363901;\
792707518056239072045999935896,704298482886948686685027511831,1198294449643899046246806918543,361278065333222580374649886046,728185883065836586261160854443,1062744575098053070747058521129,1094200820891855732881311268409,906392073586247845623408649047,812551838508346250461971650057,971262768796062135863146110335,1226000457467783820707884307616;\
536630446108445269088913349199,1031265996999470204746606415467,1385195920789768277300000401272,1039944986175671358818321688985,1231636020702041435260005754253,1350920882241055850218687280362,511038865817384978332698877713,1243275358505658322281407222901,1537464660891582297426391816317,16581717131634187366106736375,673689630871885978792435187832;\
349239448960203920096179218929,1160087737804029042218294276129,913143312803781786280359601868,1476851655161639152948952870151,735240459868176170649270544014,420839425817858780001695821175,1368558802881088071481346838467,664219417667247653267996365459,1547890407644631668573121592998,1467901011769620031969309647615,1119623194538099007688319325179;\
568632808919833183352069612282,1547748990800487521838799344139,33822853331886841551839367495,44087610543676203027688959971,1019601873678646868683349039467,9922949683380891783306006876,1445291795211534219350956310118,1159498301667138913921405066773,1492698535446389286864575014761,1510105246959452907397096094434,1462121058008063677446816630168;\
1507021249599283696612578426386,362267531935198701661383538969,1078920915372586443020827323142,1225687234046535001851815704636,1463449461170336092232770462329,1099433788386468909231809974671,943047523355138404227012904289,319019302587979338766311201674,368724873252251140201136798348,1088674733036192937711034382886,386605494062113086934964207032;\
75306327548499572815768355552,764947530726497408510884935955,1294665958957362119596446271572,1157618124268655101730689009185,320034592701586849376156620479,73106128855477526694536171191,375214834171539470478601279444,731126495329161788338520520834,183367679804810288269944820325,500974708324229822827991039292,47552931578115199221626179088;\
265684586563033499585954909207,879915852568665722845317930804,1062699959603914540544516686092,1123541499333658525319560680539,363010349948671681734348409583,182852925995715024887348287491,1115675714735507918888373977378,106050116916225763784709950722,528866820900199223890963004413,872828642879620049589891677313,359630214027892893288032223130]
/* 
This should be the matrix of frobenius!
*/ 
B = A; 
/* Freed 166 lists. */
