/* Comments begin... 
Coefficient of   x^21 * y^1               = -1
Coefficient of   x^10 * y^2 * z^6         = 1
Coefficient of   x^8 * y^5 * z^5         = 5
Coefficient of   x^6 * y^8 * z^4         = 4
Coefficient of   x^4 * y^11 * z^3         = 2
Coefficient of   x^2 * y^14 * z^2         = 0
Coefficient of   x^1 * z^13               = -2
Coefficient of   y^17 * z^1               = -2

Here is the polynomial we're using this time:

-1*x^21*y^1 + 1*x^10*y^2*z^6 + 5*x^8*y^5*z^5 + 4*x^6*y^8*z^4 + 2*x^4*y^11*z^3 + -2*x^1*z^13 + -2*y^17*z^1

Allocate G_len 20 elements and old = 0.
Allocate M_len = 400 elements.
Allocate G_len 40 elements and old = 20.
Allocate M_len = 800 elements.
Allocate G_len 80 elements and old = 40.
Allocate M_len = 1600 elements.
Allocate M_len = 3200 elements.
Allocate G_len 160 elements and old = 80.
Allocate M_len = 6400 elements.
Allocate M_len = 12800 elements.
Allocate G_len 320 elements and old = 160.
Allocate M_len = 25600 elements.
The final length of G is 187
[10, 2, 5, 0]  	391	6 
[21, 0, 0, 0]  	399	6  <--- 1
[20, 1, 0, 0]  	403	6 
[8, 5, 5, 0]  	422	5 
[6, 14, 3, 0]  	529	7 
[18, 5, 4, 0]  	581	10 
[16, 8, 4, 0]  	612	11 
[18, 8, 3, 0]  	619	10 
[7, 0, 16, 0]  	629	7 
[14, 11, 4, 0]  	643	10 
[16, 11, 3, 0]  	650	9 
[14, 14, 2, 0]  	650	10 
[18, 11, 2, 0]  	657	10 
[11, 0, 15, 0]  	674	9 
[13, 0, 14, 0]  	681	9 
[12, 17, 2, 0]  	681	9 
[15, 0, 13, 0]  	688	9 
[10, 19, 2, 0]  	689	9 
[9, 20, 2, 0]  	693	7 
[17, 0, 12, 0]  	695	9 
[7, 22, 2, 0]  	701	7 
[7, 6, 14, 0]  	705	7 
[8, 23, 1, 0]  	712	8 
[12, 20, 1, 0]  	719	9 
[6, 9, 13, 0]  	724	6 
[6, 8, 14, 0]  	732	7 
[5, 25, 2, 0]  	732	7 
[14, 19, 1, 0]  	734	8 
[16, 19, 0, 0]  	741	8 
[8, 26, 0, 0]  	750	8 
[5, 11, 13, 0]  	751	7 
[4, 12, 13, 0]  	755	6 
[7, 11, 12, 0]  	758	8 
[7, 26, 1, 0]  	762	7 
[6, 12, 12, 0]  	762	7 
[4, 11, 14, 0]  	763	6 
[10, 25, 0, 0]  	765	8 
[5, 9, 15, 0]  	767	6 
[4, 26, 3, 0]  	767	6 
[5, 28, 1, 0]  	770	6 
[4, 14, 12, 0]  	770	6 
[6, 7, 16, 0]  	771	6 
[5, 24, 4, 0]  	771	6 
[6, 3, 19, 0]  	772	6 
[5, 20, 7, 0]  	772	6 
[4, 29, 1, 0]  	774	6 
[19, 18, 0, 0]  	775	8 
[6, 29, 0, 0]  	781	6 
[5, 15, 11, 0]  	781	6 
[4, 28, 2, 0]  	782	6 
[3, 14, 13, 0]  	782	6 
[3, 29, 2, 0]  	786	5 
[6, 1, 21, 0]  	788	6 
[5, 18, 9, 0]  	788	6 
[5, 6, 18, 0]  	791	5 
[4, 23, 6, 0]  	791	5 
[3, 32, 0, 0]  	793	5 
[6, 0, 22, 0]  	796	6 
[5, 17, 10, 0]  	796	6 
[5, 1, 22, 0]  	800	5 
[4, 18, 10, 0]  	800	5 
[3, 31, 1, 0]  	801	5 
[3, 0, 24, 0]  	801	5 
[5, 8, 17, 0]  	806	6 
[4, 25, 5, 0]  	806	6 
[5, 4, 20, 0]  	807	5 
[4, 21, 8, 0]  	807	5 
[5, 0, 23, 0]  	808	5 
[4, 17, 11, 0]  	808	5 
[4, 1, 23, 0]  	812	5 
[5, 3, 21, 0]  	815	5 
[4, 20, 9, 0]  	815	5 
[3, 17, 12, 0]  	820	5 
[2, 18, 12, 0]  	824	4 
[4, 7, 19, 0]  	826	5 
[4, 3, 22, 0]  	827	5 
[3, 12, 16, 0]  	829	5 
[3, 4, 22, 0]  	831	4 
[4, 10, 17, 0]  	833	5 
[4, 6, 20, 0]  	834	5 
[15, 24, 0, 0]  	837	5 
[3, 11, 17, 0]  	837	5 
[3, 7, 20, 0]  	838	4 
[3, 3, 23, 0]  	839	4 
[4, 9, 18, 0]  	841	5 
[2, 35, 0, 0]  	843	4 
[3, 10, 18, 0]  	845	4 
[3, 6, 21, 0]  	846	4 
[3, 9, 19, 0]  	853	4 
[3, 28, 5, 0]  	856	5 
[3, 24, 8, 0]  	857	4 
[3, 20, 11, 0]  	858	4 
[2, 29, 5, 0]  	860	4 
[2, 21, 11, 0]  	862	3 
[3, 27, 6, 0]  	864	4 
[2, 28, 6, 0]  	868	4 
[2, 24, 9, 0]  	869	3 
[3, 26, 7, 0]  	872	4 
[2, 4, 24, 0]  	874	4 
[2, 31, 4, 0]  	875	5 
[2, 27, 7, 0]  	876	3 
[2, 23, 10, 0]  	877	3 
[2, 15, 16, 0]  	879	4 
[2, 7, 22, 0]  	881	3 
[2, 26, 8, 0]  	884	3 
[2, 14, 17, 0]  	887	4 
[2, 10, 20, 0]  	888	3 
[1, 15, 17, 0]  	891	3 
[1, 38, 0, 0]  	893	3 
[2, 13, 18, 0]  	895	3 
[2, 9, 21, 0]  	896	3 
[2, 1, 27, 0]  	898	4 
[1, 14, 18, 0]  	899	3 
[1, 10, 21, 0]  	900	2 
[2, 12, 19, 0]  	903	3 
[2, 0, 28, 0]  	906	4 
[1, 13, 19, 0]  	907	2 
[1, 32, 5, 0]  	910	3 
[1, 12, 20, 0]  	915	2 
[1, 31, 6, 0]  	918	3 
[1, 27, 9, 0]  	919	2 
[0, 32, 6, 0]  	922	2 
[1, 18, 16, 0]  	929	3 
[0, 31, 7, 0]  	930	2 
[1, 29, 8, 0]  	934	2 
[0, 30, 8, 0]  	938	1 
[1, 1, 29, 0]  	941	2 
[1, 24, 12, 0]  	943	3 
[0, 1, 30, 0]  	953	1 
[0, 16, 19, 0]  	957	1 
[0, 35, 5, 0]  	960	2 
[0, 0, 31, 0]  	961	1  <--- 3
[0, 18, 18, 0]  	972	1 
[1, 4, 28, 0]  	979	2 
[0, 4, 29, 0]  	991	1 
[0, 38, 4, 0]  	998	2 
[0, 21, 17, 0]  	1010	1 
[0, 44, 0, 0]  	1012	2  <--- 2
[1, 7, 27, 0]  	1017	2 
[0, 7, 28, 0]  	1029	1 
[0, 41, 3, 0]  	1036	2 
[0, 24, 16, 0]  	1048	1 
[0, 10, 27, 0]  	1067	1 
[0, 27, 15, 0]  	1086	1 
[0, 13, 26, 0]  	1105	1 
[8, 8, 4, 1]  	460	7 
[6, 11, 4, 1]  	491	6 
[5, 0, 15, 1]  	560	6 
[14, 11, 3, 1]  	612	10 
[11, 0, 14, 1]  	643	9 
[9, 3, 14, 1]  	674	8 
[7, 8, 13, 1]  	720	8 
[16, 17, 1, 1]  	726	8 
[10, 22, 1, 1]  	727	9 
[5, 9, 14, 1]  	736	7 
[7, 25, 1, 1]  	739	8 
[6, 26, 1, 1]  	743	7 
[12, 23, 0, 1]  	757	8 
[7, 28, 0, 1]  	777	7 
[4, 31, 0, 1]  	789	6 
[2, 32, 1, 1]  	805	5 
[4, 4, 21, 1]  	819	5 
[3, 21, 10, 1]  	850	4 
[3, 23, 9, 1]  	865	4 
[1, 30, 7, 1]  	926	2 
[1, 35, 4, 1]  	948	3 
[1, 0, 30, 1]  	949	2 
[1, 21, 15, 1]  	967	3 
[6, 28, 0, 2]  	758	7 
[5, 29, 0, 2]  	762	6 
[5, 18, 7, 28]  	726	6 
[4, 14, 11, 28]  	739	5 
[4, 21, 6, 28]  	745	5 
[4, 17, 10, 28]  	777	5 
[4, 24, 5, 28]  	783	5 
[4, 14, 2, 29]  	460	5 
[5, 11, 12, 29]  	720	5 
[8, 25, 0, 29]  	727	7 
[4, 0, 23, 29]  	789	5 
[4, 7, 18, 29]  	795	5 
[2, 1, 24, 29]  	805	3 
[3, 3, 22, 29]  	808	3 
[3, 10, 17, 29]  	814	4 
[2, 7, 20, 29]  	819	3 
[0, 16, 18, 29]  	926	1 
[1, 4, 27, 29]  	948	2 
[0, 38, 3, 29]  	967	1 
------
The gap is between 3 and 27.
Lengths: 3 3 5 6 3 3.
For 982 = 5*d/2-d1-d2-d3 you get 3 in char 0.
1*x^1*y^23*z^14
1*y^40*z^2
1*y^9*z^25

For 560 = 3*d/2-d1-d2-d3 you get 5 in char 0.
1*x^4*y^17*z^3
1*x^3*y^3*z^14
1*x^2*y^20*z^2
1*x^1*y^6*z^13
1*y^23*z^1

For 138 = d/2-d1-d2-d3 you get 3 in char 0.
1*x^4*z^2
1*x^2*y^3*z^1
1*y^6

Extra powers of p used 1.
The invariant extra is equal to 1.
Start computing 11^3 Delta^1 (x1x2x3)^10... Done.
Start computing 11^4 Delta^2 (x1x2x3)^10... Done.
Start computing 11^5 Delta^3 (x1x2x3)^10... Done.
Start computing 11^6 Delta^4 (x1x2x3)^10... Done.
Start computing 11^7 Delta^5 (x1x2x3)^10... Done.
Start computing 11^8 Delta^6 (x1x2x3)^10... Done.
Start computing 11^9 Delta^7 (x1x2x3)^10... Done.
Start computing aa.
1 2 3 4 5 6 7 8 9 10 11 
*/
A = \
[1193955798259449719623987301312,3440827903927792666212903869,563485121164267625318624292070,314408116503962746364349624066,1535889725746354770971231713078,943860885193564106221038347047,447387416114435776895012379414,109253006844931580029586046266,736199012590207967593473590118,1350142105564111889378983060592,1007182440205682921671574662018;\
635040989854455194793480055237,510997574040395092639455661909,223608876633909835161255096022,889378948460239099039613415485,1305006847410430054263936380378,865462566796423545709508081872,289555134029275059922628095664,1461242158863015169517992516731,1537813484698976036593457259778,1417438849122740085057432546486,432190190962856721659882054778;\
1189883529507241455421529178844,914867047558833506853190689610,1134851392207532285221301207446,704907034222915660424142510898,1093470746764910760103134922458,983100965716812722649200395427,423729414111447971603559045959,1149567612777083383433020809074,574605105571395296212983467464,11086125701594647327952847684,1434023099139629208859321527503;\
153947768531685172686232539325,268802385119394150801937240314,1299624211683727168914937248015,895381292511845737885011172635,807484388280715641650681525097,1036639693870281906255491830948,567496497449842281717238452115,1507634061942692231314653722891,629692398043513333232071846313,39533054983702815146632442862,1264075409263245267705614139333;\
515956748127397024216578280362,1422271921518226334404668303661,1233449076653986696805829891930,1515446556071407078710813730112,709259303630383857601754059655,796160770331208446589360619101,105359775402204127297126633670,759081300014462453207951900018,553495669319220718045065856856,273995964710698473093635922170,558965524135963024753010237460;\
1051586039405360669842031347712,1450116747124479635109514700540,148569357646887386777656701011,1055944209266889064371064484097,800294318011351769406643669882,290930410313506208432264732325,1453583646233819454106185048055,39780405403751528660791498192,279893929144288772922287406431,19618759226556143291856507036,1414999912516156131443512845248;\
709562930788807923197079133334,260987596735599257628554680063,668616022765158825875754414694,1330408962078478625254562305732,635232730015515697511065897442,212205178225575848400729583634,1538676322128144545355042736428,648610464947031992372025640813,2033730141666149112554448707,1016853687437392459495171334058,412112070926662263612481549501;\
1051652570937602625928834188147,1125355792698096415814978322251,460685529577292493191254411088,764156336409491880124705888673,255460779274264830953930423763,772891673590597898577769803538,1242232515870707080285358749396,908193235163444279861085577259,1175993860359493230574806497507,1114696131159530634797595993491,400468000473910396744336058571;\
79626665952462070069587397944,749603077897410166220931487204,783362062230815522233446342169,628452540291988844820979821098,1236665700804528351903466509842,1445178596188847314567862432090,1361136633946015534960091032590,1167908594915816776784823414023,235389073518906668039062523348,241462028540449252214804020500,639780685104761845866769244367;\
822008094353136683447944070416,747182917094719705291396160444,1420618682422590239186628056053,125098049177024938354736981123,268909991636301574690622984691,1199035474950892152186545622173,932526615060636286712344267505,1502689035136195014133640878373,1169840980707845886857369942033,889988719301596627989011882575,1336370223103317003695014439474;\
739896545068952208598591691364,1227645691244403352169397523175,1250392234222460834167579889230,396854245264236400788635889258,116935921412705519245372179643,926953878261555134549078362733,865536928281438692525968639225,162349794095961658256655938870,1526012147013083240204823394947,1364112344790013844506271192380,386052438771396369045119739759]
/* 
This matrix times 11^(-1) should be the matrix of frobenius.
*/ 
B = 11^(-1) * A; 
/* Freed 166 lists. */
