/* Comments begin... 
Coefficient of   x^27                     = -1
Coefficient of   x^14 * y^8               = 0
Coefficient of   x^12 * y^7 * z^1         = 0
Coefficient of   x^10 * y^6 * z^2         = -1
Coefficient of   x^8 * y^5 * z^3         = 1
Coefficient of   x^6 * y^4 * z^4         = 0
Coefficient of   x^4 * y^3 * z^5         = 1
Coefficient of   x^2 * y^2 * z^6         = 0
Coefficient of   x^1 * y^16               = 1
Coefficient of   y^1 * z^7               = 1

Here is the polynomial we're using this time:

-1*x^27 + -1*x^10*y^6*z^2 + 1*x^8*y^5*z^3 + 1*x^4*y^3*z^5 + 1*x^1*y^16 + 1*y^1*z^7

Allocate G_len 20 elements and old = 0.
Allocate M_len = 400 elements.
Allocate G_len 40 elements and old = 20.
Allocate M_len = 800 elements.
Allocate G_len 80 elements and old = 40.
Allocate M_len = 1600 elements.
Allocate M_len = 3200 elements.
Allocate G_len 160 elements and old = 80.
Allocate M_len = 6400 elements.
Allocate M_len = 12800 elements.
Allocate G_len 320 elements and old = 160.
Allocate M_len = 25600 elements.
The final length of G is 202
[10, 6, 1, 0]  	187	4 
[27, 0, 0, 0]  	216	2  <--- 1
[8, 5, 3, 0]  	216	4 
[8, 4, 4, 0]  	232	7 
[6, 3, 6, 0]  	261	7 
[7, 18, 0, 0]  	290	7 
[23, 4, 3, 0]  	323	7 
[23, 3, 4, 0]  	339	4 
[8, 17, 2, 0]  	343	7 
[16, 17, 0, 0]  	349	9 
[21, 3, 5, 0]  	352	4 
[19, 2, 6, 0]  	352	10 
[6, 17, 3, 0]  	356	7 
[9, 2, 9, 0]  	359	8 
[13, 2, 8, 0]  	362	8 
[17, 2, 7, 0]  	365	8 
[20, 16, 0, 0]  	368	4 
[5, 3, 10, 0]  	369	6 
[23, 1, 6, 0]  	371	7 
[7, 2, 10, 0]  	372	7 
[9, 1, 10, 0]  	375	8 
[7, 16, 4, 0]  	380	7 
[6, 1, 11, 0]  	380	7 
[19, 0, 8, 0]  	384	6 
[5, 2, 11, 0]  	385	6 
[4, 16, 5, 0]  	385	6 
[24, 15, 0, 0]  	387	8 
[6, 15, 5, 0]  	388	7 
[6, 24, 1, 0]  	389	6 
[5, 9, 8, 0]  	389	6 
[9, 0, 11, 0]  	391	7 
[4, 1, 12, 0]  	393	6 
[6, 0, 12, 0]  	396	6 
[5, 14, 6, 0]  	396	6 
[5, 23, 2, 0]  	397	5 
[4, 8, 9, 0]  	397	5 
[6, 27, 0, 0]  	399	6 
[5, 12, 7, 0]  	399	6 
[4, 15, 6, 0]  	401	5 
[3, 29, 0, 0]  	401	5 
[4, 13, 7, 0]  	404	5 
[5, 26, 1, 0]  	407	5 
[4, 11, 8, 0]  	407	5 
[4, 0, 13, 0]  	409	5 
[26, 0, 7, 0]  	411	2 
[4, 27, 1, 0]  	412	5 
[5, 22, 3, 0]  	413	5 
[4, 7, 10, 0]  	413	5 
[3, 1, 13, 0]  	414	5 
[4, 25, 2, 0]  	415	5 
[5, 20, 4, 0]  	416	6 
[4, 5, 11, 0]  	416	6 
[3, 28, 1, 0]  	417	4 
[4, 23, 3, 0]  	418	5 
[3, 26, 2, 0]  	420	4 
[4, 21, 4, 0]  	421	5 
[3, 15, 7, 0]  	422	5 
[3, 24, 3, 0]  	423	4 
[17, 0, 10, 0]  	426	4 
[3, 22, 4, 0]  	426	4 
[3, 11, 9, 0]  	428	4 
[3, 0, 14, 0]  	430	4 
[3, 9, 10, 0]  	431	4 
[2, 12, 9, 0]  	433	3 
[2, 30, 1, 0]  	435	5 
[2, 8, 11, 0]  	439	3 
[3, 21, 5, 0]  	442	4 
[2, 15, 8, 0]  	443	4 
[3, 19, 6, 0]  	445	5 
[2, 33, 0, 0]  	445	5 
[2, 22, 5, 0]  	447	3 
[2, 11, 10, 0]  	449	3 
[1, 23, 5, 0]  	452	2 
[1, 10, 11, 0]  	457	2 
[1, 8, 12, 0]  	460	2 
[1, 35, 0, 0]  	463	3 
[0, 9, 12, 0]  	465	1 
[2, 19, 7, 0]  	466	4 
[1, 22, 6, 0]  	468	3 
[2, 6, 13, 0]  	471	3 
[1, 20, 7, 0]  	471	3 
[1, 29, 3, 0]  	472	3 
[0, 23, 6, 0]  	473	1 
[2, 4, 14, 0]  	474	4 
[1, 7, 13, 0]  	476	2 
[1, 34, 1, 0]  	479	3 
[0, 37, 0, 0]  	481	1  <--- 2
[0, 8, 13, 0]  	481	1 
[1, 19, 8, 0]  	487	3 
[0, 22, 7, 0]  	489	1 
[1, 6, 14, 0]  	492	2 
[1, 15, 10, 0]  	493	3 
[1, 33, 2, 0]  	495	3 
[0, 36, 1, 0]  	497	1 
[0, 7, 14, 0]  	497	1 
[0, 34, 2, 0]  	500	2 
[1, 18, 9, 0]  	503	3 
[0, 21, 8, 0]  	505	1 
[1, 5, 15, 0]  	508	2 
[0, 6, 15, 0]  	513	1 
[0, 20, 9, 0]  	521	1 
[0, 29, 5, 0]  	522	2 
[1, 4, 16, 0]  	524	2 
[0, 5, 16, 0]  	529	1 
[1, 0, 18, 0]  	530	1 
[0, 32, 4, 0]  	532	2 
[0, 19, 10, 0]  	537	1 
[0, 4, 17, 0]  	545	1 
[0, 0, 19, 0]  	551	1  <--- 3
[0, 18, 11, 0]  	553	1 
[0, 3, 18, 0]  	561	1 
[10, 5, 2, 1]  	203	5 
[6, 4, 5, 1]  	245	6 
[5, 18, 0, 1]  	274	6 
[19, 3, 5, 1]  	336	10 
[23, 2, 5, 1]  	355	5 
[6, 16, 4, 1]  	372	7 
[5, 17, 4, 1]  	377	6 
[13, 1, 9, 1]  	378	8 
[5, 0, 12, 1]  	388	6 
[3, 16, 6, 1]  	406	6 
[15, 0, 10, 1]  	410	5 
[3, 13, 8, 1]  	425	4 
[3, 7, 11, 1]  	434	4 
[3, 5, 12, 1]  	437	5 
[2, 26, 3, 1]  	441	3 
[2, 6, 12, 1]  	442	4 
[2, 20, 6, 1]  	450	4 
[2, 29, 2, 1]  	451	4 
[1, 21, 6, 1]  	455	3 
[2, 25, 4, 1]  	457	2 
[2, 5, 13, 1]  	458	4 
[2, 1, 15, 1]  	464	4 
[0, 36, 0, 1]  	468	2 
[2, 0, 16, 1]  	480	3 
[0, 35, 1, 1]  	484	2 
[0, 33, 3, 1]  	516	2 
[22, 3, 4, 2]  	331	8 
[18, 2, 6, 2]  	344	11 
[23, 15, 0, 2]  	379	9 
[17, 1, 8, 2]  	381	7 
[26, 0, 0, 3]  	208	5 
[22, 4, 3, 3]  	315	12 
[15, 17, 0, 3]  	341	10 
[12, 2, 8, 3]  	354	9 
[16, 2, 7, 3]  	357	10 
[19, 16, 0, 3]  	360	9 
[22, 1, 6, 3]  	363	8 
[8, 1, 10, 3]  	367	8 
[18, 0, 8, 3]  	376	8 
[8, 0, 11, 3]  	383	8 
[13, 0, 10, 3]  	394	7 
[25, 0, 7, 3]  	403	8 
[3, 20, 5, 3]  	429	5 
[18, 3, 5, 4]  	328	11 
[22, 2, 5, 4]  	347	10 
[12, 1, 9, 4]  	370	9 
[2, 24, 4, 4]  	444	3 
[1, 25, 4, 4]  	449	2 
[1, 0, 17, 4]  	501	2 
[16, 1, 8, 5]  	373	8 
[2, 10, 10, 5]  	436	3 
[12, 0, 10, 6]  	386	8 
[5, 11, 7, 42]  	386	6 
[5, 10, 7, 44]  	373	6 
[4, 10, 8, 45]  	394	5 
[5, 4, 6, 46]  	266	6 
[4, 2, 11, 46]  	377	6 
[4, 24, 2, 46]  	402	5 
[0, 9, 11, 46]  	436	1 
[9, 6, 2, 47]  	208	4 
[7, 5, 4, 47]  	237	6 
[8, 2, 9, 47]  	351	8 
[6, 2, 10, 47]  	364	7 
[4, 9, 8, 47]  	381	5 
[4, 22, 3, 47]  	405	4 
[4, 23, 2, 48]  	389	5 
[3, 23, 3, 48]  	410	3 
[3, 8, 10, 48]  	418	4 
[2, 5, 12, 48]  	429	4 
[1, 34, 0, 48]  	450	3 
[1, 6, 13, 48]  	463	2 
[8, 4, 3, 49]  	203	3 
[4, 3, 6, 49]  	245	4 
[20, 3, 4, 49]  	315	8 
[16, 2, 6, 49]  	328	8 
[19, 15, 0, 49]  	347	8 
[10, 0, 10, 49]  	370	7 
[5, 1, 11, 49]  	372	5 
[3, 27, 1, 49]  	404	2 
[2, 30, 0, 49]  	406	5 
[1, 12, 9, 49]  	425	2 
[1, 19, 6, 49]  	429	3 
[2, 21, 5, 49]  	434	3 
[1, 24, 4, 49]  	436	2 
[1, 11, 10, 49]  	441	2 
[0, 35, 0, 49]  	455	2 
[0, 6, 13, 49]  	455	1 
[0, 24, 5, 49]  	457	1 
[0, 29, 4, 49]  	493	2 
[0, 4, 16, 49]  	516	1 
[0, 0, 18, 49]  	522	1 
------
The gap is between 7 and 41.
Lengths: 3 3 6 7 3 4.
For 490 = 5*d/2-d1-d2-d3 you get 3 in char 0.
1*x^1*y^17*z^9
1*y^31*z^3
1*y^2*z^16

For 274 = 3*d/2-d1-d2-d3 you get 6 in char 0.
1*x^18*y^10
1*x^4*y^3*z^7
1*x^3*y^17*z^1
1*x^2*y^2*z^8
1*x^1*y^16*z^2
1*y^1*z^9

For 58 = d/2-d1-d2-d3 you get 3 in char 0.
1*x^4*y^2
1*x^2*y^1*z^1
1*z^2

Extra powers of p used 2.
The invariant extra is equal to 5.
Start computing 3^3 Delta^1 (x1x2x3)^2... Done.
Start computing 3^4 Delta^2 (x1x2x3)^2... Done.
Start computing 3^5 Delta^3 (x1x2x3)^2... Done.
Start computing 3^6 Delta^4 (x1x2x3)^2... Done.
Start computing 3^7 Delta^5 (x1x2x3)^2... Done.
Start computing 3^8 Delta^6 (x1x2x3)^2... Done.
Start computing 3^9 Delta^7 (x1x2x3)^2... Done.
Start computing 3^10 Delta^8 (x1x2x3)^2... Done.
Start computing 3^11 Delta^9 (x1x2x3)^2... Done.
Start computing 3^12 Delta^10 (x1x2x3)^2... Done.
Start computing aa.
1 2 3 4 5 6 7 8 9 10 11 12 
*/
A = \
[16011118246016621927094,20357618119499929117602,8311624553124091049295,17835667355484130893183,21648392165202332455431,17368442390399932020429,1130866508691976773294,12050163809081511349536,16229423772188713429308,10212482510781938682246,15755997295909040486337,12765457204489848566007;\
9671202280789609791714,869008647494463066156,4661828058984774854205,16305636751219914169851,5007273719096704309263,1132603279709012052777,18534199707373345939800,25990680163788842594211,7314463248531485219244,20521413250971965023212,25900605302331617029647,7994732656868503430373;\
23672482328167141592286,10161364313859088711662,730207522028032061337,22464875190335832753039,7852973868008726212971,5853622823901066364092,20800922805762728378202,21537007232519231604171,12178190964204280324467,15274859881335896761488,10711105497681260469210,2843665613228557881801;\
2201188350597694611186,6895904503968312201438,5915896734786676188912,6527989227255504535089,1141720411439649787497,5217402474882014561577,3470607206987733582705,8623068788299895984007,5662589841239192668071,370212905170392595137,2549466313790283753138,5846731078423618880928;\
2629874163170860055258,25067100764702870482267,19697038810244879928260,20518766391919019091426,6698333175383323521819,1893577513346898220539,15786251885601677267622,16721165183877595691757,10766283850030729282722,24124702390961140417320,16824428257673617308819,1413426087292187665089;\
19006623742213603333193,12340682423686669424302,13229021816053359029226,25710454350657644493429,11985965013989738908854,1165001857065243841284,5141580915607064559567,6312958697289631792374,19519175248506667386315,7452780345197316208476,8783849727467419558239,24414804723569103019557;\
24251286189628890389563,19227549661735487111852,8300315398322433243214,18957467419667299807128,20083066291995182712171,752942075184940349304,15079216828350742218144,21510145467100277160660,17113349895427274858577,11885643702561207647043,13315036910663331857520,21874215167561846988324;\
4118260441197510653901,2855573651900917548966,7742150693960086788285,17964373091448431701134,25966008207280486077165,23270571404247237801687,8202862157347465388811,14917315273275345896529,6936068842047688070475,10331254027116238923855,24419664919754618329107,3236923207456686786537;\
22501463086839846745037,1231653197390556849412,5658695956988834627283,14709081842018926212636,8797036049349316508511,18344520246416608766889,13739085881773778114460,15854933569101234293466,26117458176756328386372,10663282477131053511843,20065284733568984015490,26356593569346525290400;\
12964783959670553989383,1491517188551750533710,406996150063822542618,19090958334068171717775,11552989459141832691051,3272718791342154646989,10340240875339691766411,20836533919924634575743,7491289716401640657255,1343029675985693516511,4534963277609330220303,13402600890150133164375;\
5471683042461235543589,5036777044112063526598,4513093062344631535220,1076076046342761479613,22072390995295717531965,6501147366064502793960,14876397116719191543627,19916343319601412841203,19689972189147520592841,17036469934080022631457,18299793528341833081023,8141594930133417086040;\
2588558598538343685456,13921636221982752159342,21586141739026203725409,1760577167778864100047,4137673529476560879792,4139051464469301277536,8957974971181980629997,3182817156688218729474,22356236164601078492292,20953932803184149245467,4152478854173974392159,13325315328844734649248]
/* 
This matrix times 3^(-2) should be the matrix of frobenius.
*/ 
B = 3^(-2) * A; 
/* Freed 34 lists. */
