/* Comments begin... 
Coefficient of   x^27                     = -1
Coefficient of   x^14 * y^8               = 1
Coefficient of   x^12 * y^7 * z^1         = 1
Coefficient of   x^10 * y^6 * z^2         = 1
Coefficient of   x^8 * y^5 * z^3         = 0
Coefficient of   x^6 * y^4 * z^4         = 0
Coefficient of   x^4 * y^3 * z^5         = 0
Coefficient of   x^2 * y^2 * z^6         = -1
Coefficient of   x^1 * y^16               = -1
Coefficient of   y^1 * z^7               = 0

Here is the polynomial we're using this time:

-1*x^27 + 1*x^14*y^8 + 1*x^12*y^7*z^1 + 1*x^10*y^6*z^2 + -1*x^2*y^2*z^6 + -1*x^1*y^16

Allocate G_len 20 elements and old = 0.
Allocate M_len = 400 elements.
Allocate G_len 40 elements and old = 20.
Allocate M_len = 800 elements.
Allocate G_len 80 elements and old = 40.
Allocate M_len = 1600 elements.
Allocate M_len = 3200 elements.
Allocate G_len 160 elements and old = 80.
Allocate M_len = 6400 elements.
Allocate M_len = 12800 elements.
Allocate G_len 320 elements and old = 160.
Allocate M_len = 25600 elements.
Not smooth!
Coefficient of   x^27                     = 1
Coefficient of   x^14 * y^8               = -1
Coefficient of   x^12 * y^7 * z^1         = -1
Coefficient of   x^10 * y^6 * z^2         = -1
Coefficient of   x^8 * y^5 * z^3         = 1
Coefficient of   x^6 * y^4 * z^4         = 1
Coefficient of   x^4 * y^3 * z^5         = -1
Coefficient of   x^2 * y^2 * z^6         = 1
Coefficient of   x^1 * y^16               = 0
Coefficient of   y^1 * z^7               = 0

Here is the polynomial we're using this time:

1*x^27 + -1*x^14*y^8 + -1*x^12*y^7*z^1 + -1*x^10*y^6*z^2 + 1*x^8*y^5*z^3 + 1*x^6*y^4*z^4 + -1*x^4*y^3*z^5 + 1*x^2*y^2*z^6

Not smooth!
Coefficient of   x^27                     = -1
Coefficient of   x^14 * y^8               = -1
Coefficient of   x^12 * y^7 * z^1         = 1
Coefficient of   x^10 * y^6 * z^2         = -1
Coefficient of   x^8 * y^5 * z^3         = 1
Coefficient of   x^6 * y^4 * z^4         = 1
Coefficient of   x^4 * y^3 * z^5         = -1
Coefficient of   x^2 * y^2 * z^6         = 0
Coefficient of   x^1 * y^16               = 1
Coefficient of   y^1 * z^7               = -1

Here is the polynomial we're using this time:

-1*x^27 + -1*x^14*y^8 + 1*x^12*y^7*z^1 + -1*x^10*y^6*z^2 + 1*x^8*y^5*z^3 + 1*x^6*y^4*z^4 + -1*x^4*y^3*z^5 + 1*x^1*y^16 + -1*y^1*z^7

Allocate M_len = 51200 elements.
The final length of G is 229
[12, 7, 0, 0]  	187	6 
[27, 0, 0, 0]  	216	2  <--- 1
[8, 5, 3, 0]  	216	5 
[8, 4, 5, 0]  	261	8 
[7, 18, 0, 0]  	290	8 
[25, 6, 1, 0]  	307	12 
[23, 6, 2, 0]  	320	11 
[19, 4, 4, 0]  	320	10 
[23, 4, 3, 0]  	323	10 
[11, 3, 7, 0]  	330	9 
[15, 3, 6, 0]  	333	9 
[11, 17, 1, 0]  	338	10 
[23, 3, 4, 0]  	339	10 
[9, 3, 8, 0]  	343	8 
[11, 2, 8, 0]  	346	9 
[21, 3, 5, 0]  	352	10 
[19, 2, 6, 0]  	352	10 
[11, 16, 2, 0]  	354	9 
[7, 3, 9, 0]  	356	8 
[10, 17, 2, 0]  	359	8 
[9, 2, 9, 0]  	359	8 
[11, 1, 9, 0]  	362	8 
[17, 2, 7, 0]  	365	8 
[15, 1, 8, 0]  	365	9 
[19, 1, 7, 0]  	368	9 
[6, 18, 3, 0]  	369	7 
[23, 1, 6, 0]  	371	8 
[7, 2, 10, 0]  	372	7 
[6, 16, 4, 0]  	372	7 
[9, 1, 10, 0]  	375	8 
[6, 3, 10, 0]  	377	7 
[5, 17, 4, 0]  	377	7 
[11, 0, 10, 0]  	378	8 
[6, 1, 11, 0]  	380	7 
[15, 0, 9, 0]  	381	8 
[7, 14, 5, 0]  	383	7 
[19, 0, 8, 0]  	384	8 
[7, 12, 6, 0]  	386	7 
[6, 26, 0, 0]  	386	7 
[23, 0, 7, 0]  	387	8 
[6, 15, 5, 0]  	388	6 
[7, 10, 7, 0]  	389	7 
[6, 24, 1, 0]  	389	7 
[9, 0, 11, 0]  	391	7 
[5, 27, 0, 0]  	391	6 
[7, 8, 8, 0]  	392	7 
[6, 22, 2, 0]  	392	7 
[4, 1, 12, 0]  	393	6 
[6, 11, 7, 0]  	394	6 
[5, 25, 1, 0]  	394	6 
[5, 14, 6, 0]  	396	6 
[6, 9, 8, 0]  	397	6 
[5, 23, 2, 0]  	397	6 
[5, 12, 7, 0]  	399	6 
[6, 7, 9, 0]  	400	6 
[5, 21, 3, 0]  	400	6 
[4, 15, 6, 0]  	401	5 
[5, 10, 8, 0]  	402	6 
[7, 0, 12, 0]  	404	5 
[4, 13, 7, 0]  	404	5 
[3, 16, 6, 0]  	406	6 
[4, 11, 8, 0]  	407	5 
[5, 6, 10, 0]  	408	6 
[4, 29, 0, 0]  	409	5 
[4, 0, 13, 0]  	409	5 
[4, 27, 1, 0]  	412	5 
[4, 7, 10, 0]  	413	5 
[3, 1, 13, 0]  	414	5 
[4, 23, 3, 0]  	418	5 
[4, 21, 4, 0]  	421	5 
[3, 15, 7, 0]  	422	5 
[4, 10, 9, 0]  	423	4 
[3, 24, 3, 0]  	423	4 
[3, 13, 8, 0]  	425	4 
[4, 6, 11, 0]  	429	6 
[3, 0, 14, 0]  	430	4 
[3, 27, 2, 0]  	433	3 
[2, 12, 9, 0]  	433	3 
[2, 10, 10, 0]  	436	3 
[3, 5, 12, 0]  	437	5 
[3, 23, 4, 0]  	439	4 
[3, 21, 5, 0]  	442	4 
[2, 6, 12, 0]  	442	4 
[2, 22, 5, 0]  	447	3 
[2, 20, 6, 0]  	450	4 
[2, 29, 2, 0]  	451	4 
[2, 9, 11, 0]  	452	2 
[1, 23, 5, 0]  	452	2 
[1, 21, 6, 0]  	455	3 
[2, 34, 0, 0]  	458	4 
[2, 5, 13, 0]  	458	4 
[2, 1, 15, 0]  	464	4 
[0, 9, 12, 0]  	465	1 
[2, 19, 7, 0]  	466	4 
[1, 20, 7, 0]  	471	3 
[1, 29, 3, 0]  	472	3 
[0, 23, 6, 0]  	473	1 
[1, 7, 13, 0]  	476	2 
[1, 34, 1, 0]  	479	3 
[0, 37, 0, 0]  	481	1  <--- 2
[0, 8, 13, 0]  	481	1 
[0, 35, 1, 0]  	484	2 
[0, 22, 7, 0]  	489	1 
[1, 6, 14, 0]  	492	2 
[1, 15, 10, 0]  	493	3 
[1, 33, 2, 0]  	495	3 
[0, 7, 14, 0]  	497	1 
[0, 34, 2, 0]  	500	2 
[0, 21, 8, 0]  	505	1 
[1, 5, 15, 0]  	508	2 
[0, 6, 15, 0]  	513	1 
[0, 20, 9, 0]  	521	1 
[0, 29, 5, 0]  	522	2 
[1, 4, 16, 0]  	524	2 
[0, 5, 16, 0]  	529	1 
[1, 0, 18, 0]  	530	1 
[0, 32, 4, 0]  	532	2 
[0, 19, 10, 0]  	537	1 
[0, 4, 17, 0]  	545	1 
[0, 0, 19, 0]  	551	1  <--- 3
[0, 18, 11, 0]  	553	1 
[0, 3, 18, 0]  	561	1 
[18, 4, 4, 1]  	312	11 
[25, 5, 2, 1]  	323	10 
[18, 2, 6, 1]  	344	10 
[15, 2, 7, 1]  	349	9 
[9, 17, 2, 1]  	351	9 
[23, 2, 5, 1]  	355	10 
[7, 17, 3, 1]  	364	8 
[5, 2, 11, 1]  	385	7 
[6, 13, 6, 1]  	391	6 
[3, 29, 0, 1]  	401	5 
[4, 9, 9, 1]  	410	5 
[4, 25, 2, 1]  	415	5 
[4, 5, 11, 1]  	416	6 
[3, 28, 1, 1]  	417	4 
[3, 26, 2, 1]  	420	4 
[3, 22, 4, 1]  	426	4 
[2, 30, 1, 1]  	435	5 
[2, 26, 3, 1]  	441	3 
[2, 15, 8, 1]  	443	4 
[2, 33, 0, 1]  	445	5 
[3, 8, 11, 1]  	447	3 
[1, 25, 4, 1]  	449	2 
[1, 10, 11, 1]  	457	2 
[0, 36, 0, 1]  	468	2 
[2, 0, 16, 1]  	480	3 
[1, 19, 8, 1]  	487	3 
[1, 0, 17, 1]  	501	2 
[1, 18, 9, 1]  	503	3 
[12, 6, 1, 2]  	203	8 
[23, 5, 2, 2]  	307	12 
[22, 4, 3, 2]  	315	12 
[22, 3, 4, 2]  	331	11 
[19, 3, 5, 2]  	336	10 
[14, 1, 8, 2]  	357	9 
[8, 1, 10, 2]  	367	8 
[7, 0, 11, 2]  	375	7 
[22, 0, 7, 2]  	379	9 
[4, 16, 5, 2]  	385	6 
[5, 0, 12, 2]  	388	6 
[5, 8, 9, 2]  	405	6 
[3, 20, 5, 2]  	429	5 
[3, 7, 11, 2]  	434	4 
[2, 8, 11, 2]  	439	3 
[2, 24, 4, 2]  	444	3 
[1, 8, 12, 2]  	460	2 
[1, 35, 0, 2]  	463	3 
[26, 0, 0, 3]  	208	8 
[6, 4, 6, 3]  	274	7 
[22, 5, 2, 3]  	299	13 
[14, 3, 6, 3]  	325	10 
[18, 1, 7, 3]  	360	10 
[22, 1, 6, 3]  	363	9 
[10, 0, 10, 3]  	370	8 
[14, 0, 9, 3]  	373	9 
[18, 0, 8, 3]  	376	9 
[2, 4, 14, 3]  	474	4 
[0, 33, 3, 3]  	516	2 
[14, 2, 7, 4]  	341	10 
[22, 2, 5, 4]  	347	11 
[3, 11, 9, 4]  	428	4 
[3, 9, 10, 4]  	431	4 
[18, 3, 5, 5]  	328	11 
[6, 19, 0, 44]  	295	7 
[2, 25, 3, 46]  	428	3 
[0, 4, 16, 46]  	516	1 
[11, 7, 1, 47]  	208	7 
[7, 5, 5, 47]  	266	6 
[5, 18, 0, 47]  	274	6 
[1, 18, 8, 47]  	474	3 
[8, 4, 3, 48]  	203	5 
[16, 2, 6, 48]  	328	9 
[7, 15, 4, 48]  	367	5 
[6, 14, 5, 48]  	375	5 
[3, 1, 12, 48]  	385	5 
[4, 14, 6, 48]  	388	4 
[3, 15, 6, 48]  	393	4 
[4, 28, 0, 48]  	396	5 
[4, 22, 3, 48]  	405	4 
[2, 5, 12, 48]  	429	4 
[2, 23, 4, 48]  	431	3 
[0, 22, 5, 48]  	431	1 
[2, 21, 5, 48]  	434	2 
[2, 19, 6, 48]  	437	3 
[1, 29, 2, 48]  	443	3 
[1, 6, 13, 48]  	463	2 
[20, 3, 4, 49]  	315	10 
[12, 1, 8, 49]  	341	8 
[20, 1, 6, 49]  	347	9 
[8, 2, 9, 49]  	351	6 
[20, 0, 7, 49]  	363	8 
[6, 2, 10, 49]  	364	7 
[5, 13, 6, 49]  	383	6 
[4, 27, 0, 49]  	383	5 
[2, 15, 6, 49]  	385	3 
[4, 12, 7, 49]  	391	3 
[3, 0, 13, 49]  	401	3 
[3, 23, 3, 49]  	410	2 
[3, 10, 9, 49]  	415	3 
[2, 4, 12, 49]  	416	3 
[2, 13, 8, 49]  	417	3 
[0, 21, 5, 49]  	418	1 
[2, 11, 9, 49]  	420	3 
[1, 10, 10, 49]  	428	2 
[2, 1, 14, 49]  	435	3 
[0, 10, 11, 49]  	449	1 
[0, 7, 13, 49]  	468	1 
[0, 32, 2, 49]  	474	2 
------
The gap is between 6 and 43.
Lengths: 3 3 6 7 3 3.
For 490 = 5*d/2-d1-d2-d3 you get 3 in char 0.
1*x^1*y^17*z^9
1*y^31*z^3
1*y^2*z^16

For 274 = 3*d/2-d1-d2-d3 you get 6 in char 0.
1*x^5*y^18
1*x^4*y^3*z^7
1*x^3*y^17*z^1
1*x^2*y^2*z^8
1*x^1*y^16*z^2
1*y^1*z^9

For 58 = d/2-d1-d2-d3 you get 3 in char 0.
1*x^4*y^2
1*x^2*y^1*z^1
1*z^2

Extra powers of p used 3.
The invariant extra is equal to 5.
Start computing 3^3 Delta^1 (x1x2x3)^2... Done.
Start computing 3^4 Delta^2 (x1x2x3)^2... Done.
Start computing 3^5 Delta^3 (x1x2x3)^2... Done.
Start computing 3^6 Delta^4 (x1x2x3)^2... Done.
Start computing 3^7 Delta^5 (x1x2x3)^2... Done.
Start computing 3^8 Delta^6 (x1x2x3)^2... Done.
Start computing 3^9 Delta^7 (x1x2x3)^2... Done.
Start computing 3^10 Delta^8 (x1x2x3)^2... Done.
Start computing 3^11 Delta^9 (x1x2x3)^2... Done.
Start computing 3^12 Delta^10 (x1x2x3)^2... Done.
Start computing aa.
1 2 3 4 5 6 7 8 9 10 11 12 
*/
A = \
[13396719091237326085185,23441630796162418319937,21404400579386078670378,1966376361094958486808,2104160154534254043828,211151659143841243182,13219220736375073593309,11720539014370762950414,1461087071169431035689,22126128641662365848340,25222919701150290151512,4420331621072215524000;\
17219695532856029706510,23032301665684192265727,6039440715967458238593,669406278904056598896,16083259059189106533294,24759540036449125926300,22200939265696360838811,1125464044356670757472,12275850792517718194449,21933083906648073931347,3531825733381644586023,12307771089108118940193;\
16681636507372319871297,25372301208791836794453,17191867388641626218211,12731098579864649483634,18910329002827503333048,11326798775503575146673,24174748155119499173565,5807477989422441450027,5132492234484755078007,8180859287152999680912,18316833362257190543991,10550995793021409517107;\
16701246118163345920767,22665888741034617361075,19955945746509973188759,4402742835973083794847,23546274420796441293411,22453871805550955564091,21361708805306719627584,3259833024832934434470,24469590674569416721578,14991372188830114287525,12915496187032853817306,12610942906529311920144;\
20187511978748137373790,12165805766157152060912,1620205577207843619177,9269534762509896594576,7834272967704680194617,19604549676363056764974,8864756313031310401152,28496752864673700123,21864488856333157911159,21870644623121650503699,25606940289271745650659,12683700049672883112615;\
14210820876763315691451,25868052656224288193176,19367086922775263432664,5057283311749433623977,12188416069536151275315,6840859424048694853209,8115682586949738729648,19759143851995922463771,876629118343008431043,26259916047559159397040,19604771477218836335817,24177149696873458207359;\
25461248640010936573257,13708437827111192417945,8977066787451625937262,15815221346765198873403,15046308395259940326096,10735146192678260701392,20487332281617693204741,13975435884999774069081,6564216159367347291111,7503822291841053002775,5089714191750993786036,18004840466195453839587;\
10274150122045620386391,6412566276191215308129,15022630634392587044808,15127333282251379606923,6793745516249794476444,12142954794736516590468,23102538485945607053703,18624145830123476667816,23215183159206496012812,24593389782557422106799,15407916980597023142322,18734640952257379456803;\
15924423539673093888693,17023605209787421685128,25182408843945726571638,17853659171982159169077,14852388492620642244276,13185621653115944515752,1057110333097811825952,19334247975658803818340,12806895064748322548889,12142354618947943665666,19612658672829685133334,148469920846330845168;\
712972665879094871118,19035649802673883774850,18992948190458180552748,5126287826450614917195,1111616193900270279339,5575511741034725036892,7508134473302889236745,10994361891172048343088,9872707797836082903825,25252814913746064857487,25707846947483300119191,802572417581921996220;\
2783166136927241092614,14409940277850114499526,5573806437745012297239,25599993082763165631081,9752325208034011591887,4052923161344650916145,21711378138933606686064,21943354947813124338096,8941449385350768888000,18357603776728841772144,6723494880240034410966,2109877031466135349218;\
10796663490003435517029,16364748517202004545730,20899519636977351697086,18033370653433084456221,2987999644388046250761,17525770333503983763885,9325988992670851426464,22658205880073010231378,9494763481373624620767,25679122123538610591930,8648556988689241009317,2243742919850563839000]
/* 
This matrix times 3^(-4) should be the matrix of frobenius.
*/ 
B = 3^(-4) * A; 
/* Freed 38 lists. */
