/* Comments begin... 
Coefficient of   x^27                     = 1
Coefficient of   x^14 * y^8               = -1
Coefficient of   x^12 * y^7 * z^1         = 0
Coefficient of   x^10 * y^6 * z^2         = 1
Coefficient of   x^8 * y^5 * z^3         = -1
Coefficient of   x^6 * y^4 * z^4         = -1
Coefficient of   x^4 * y^3 * z^5         = 1
Coefficient of   x^2 * y^2 * z^6         = -1
Coefficient of   x^1 * y^16               = 1
Coefficient of   y^1 * z^7               = 0

Here is the polynomial we're using this time:

1*x^27 + -1*x^14*y^8 + 1*x^10*y^6*z^2 + -1*x^8*y^5*z^3 + -1*x^6*y^4*z^4 + 1*x^4*y^3*z^5 + -1*x^2*y^2*z^6 + 1*x^1*y^16

Allocate G_len 20 elements and old = 0.
Allocate M_len = 400 elements.
Allocate G_len 40 elements and old = 20.
Allocate M_len = 800 elements.
Allocate G_len 80 elements and old = 40.
Allocate M_len = 1600 elements.
Allocate M_len = 3200 elements.
Allocate G_len 160 elements and old = 80.
Allocate M_len = 6400 elements.
Allocate M_len = 12800 elements.
Allocate G_len 320 elements and old = 160.
Allocate M_len = 25600 elements.
Allocate M_len = 51200 elements.
Not smooth!
Coefficient of   x^27                     = 0
Coefficient of   x^14 * y^8               = 0
Coefficient of   x^12 * y^7 * z^1         = 1
Coefficient of   x^10 * y^6 * z^2         = -1
Coefficient of   x^8 * y^5 * z^3         = -1
Coefficient of   x^6 * y^4 * z^4         = -1
Coefficient of   x^4 * y^3 * z^5         = 1
Coefficient of   x^2 * y^2 * z^6         = 1
Coefficient of   x^1 * y^16               = -1
Coefficient of   y^1 * z^7               = 0

Here is the polynomial we're using this time:

1*x^12*y^7*z^1 + -1*x^10*y^6*z^2 + -1*x^8*y^5*z^3 + -1*x^6*y^4*z^4 + 1*x^4*y^3*z^5 + 1*x^2*y^2*z^6 + -1*x^1*y^16

Not smooth!
Coefficient of   x^27                     = -1
Coefficient of   x^14 * y^8               = -1
Coefficient of   x^12 * y^7 * z^1         = -1
Coefficient of   x^10 * y^6 * z^2         = 0
Coefficient of   x^8 * y^5 * z^3         = -1
Coefficient of   x^6 * y^4 * z^4         = -1
Coefficient of   x^4 * y^3 * z^5         = 0
Coefficient of   x^2 * y^2 * z^6         = -1
Coefficient of   x^1 * y^16               = 1
Coefficient of   y^1 * z^7               = -1

Here is the polynomial we're using this time:

-1*x^27 + -1*x^14*y^8 + -1*x^12*y^7*z^1 + -1*x^8*y^5*z^3 + -1*x^6*y^4*z^4 + -1*x^2*y^2*z^6 + 1*x^1*y^16 + -1*y^1*z^7

Allocate G_len 640 elements and old = 320.
The final length of G is 285
[12, 7, 0, 0]  	187	5 
[12, 6, 1, 0]  	203	8 
[27, 0, 0, 0]  	216	2  <--- 1
[7, 18, 0, 0]  	290	8 
[21, 5, 3, 0]  	320	9 
[23, 4, 3, 0]  	323	12 
[21, 4, 4, 0]  	336	10 
[23, 3, 4, 0]  	339	9 
[21, 3, 5, 0]  	352	10 
[9, 2, 9, 0]  	359	8 
[8, 16, 3, 0]  	359	8 
[11, 1, 9, 0]  	362	10 
[7, 17, 3, 0]  	364	8 
[21, 2, 6, 0]  	368	7 
[6, 18, 3, 0]  	369	7 
[23, 1, 6, 0]  	371	8 
[9, 1, 10, 0]  	375	8 
[11, 0, 10, 0]  	378	8 
[15, 0, 9, 0]  	381	8 
[21, 1, 7, 0]  	384	7 
[6, 17, 4, 0]  	385	7 
[6, 26, 0, 0]  	386	7 
[23, 0, 7, 0]  	387	8 
[6, 24, 1, 0]  	389	7 
[10, 15, 4, 0]  	391	8 
[6, 13, 6, 0]  	391	7 
[6, 22, 2, 0]  	392	7 
[10, 13, 5, 0]  	394	6 
[5, 25, 1, 0]  	394	6 
[21, 0, 8, 0]  	400	6 
[6, 7, 9, 0]  	400	6 
[6, 16, 5, 0]  	401	6 
[3, 29, 0, 0]  	401	5 
[8, 15, 5, 0]  	404	7 
[5, 28, 0, 0]  	404	5 
[5, 8, 9, 0]  	405	6 
[5, 17, 5, 0]  	406	7 
[4, 27, 1, 0]  	412	5 
[4, 7, 10, 0]  	413	5 
[4, 16, 6, 0]  	414	6 
[4, 25, 2, 0]  	415	5 
[5, 20, 4, 0]  	416	6 
[3, 28, 1, 0]  	417	4 
[9, 0, 12, 0]  	420	5 
[3, 26, 2, 0]  	420	4 
[4, 21, 4, 0]  	421	5 
[4, 10, 9, 0]  	423	4 
[3, 20, 5, 0]  	429	5 
[4, 15, 7, 0]  	430	5 
[3, 9, 10, 0]  	431	4 
[4, 13, 8, 0]  	433	4 
[3, 7, 11, 0]  	434	4 
[6, 3, 12, 0]  	435	7 
[2, 30, 1, 0]  	435	5 
[3, 25, 3, 0]  	436	3 
[2, 10, 10, 0]  	436	3 
[2, 8, 11, 0]  	439	3 
[2, 26, 3, 0]  	441	3 
[2, 24, 4, 0]  	444	3 
[1, 25, 4, 0]  	449	2 
[2, 29, 2, 0]  	451	4 
[2, 7, 12, 0]  	455	4 
[2, 34, 0, 0]  	458	4 
[3, 0, 15, 0]  	459	4 
[2, 23, 5, 0]  	460	2 
[1, 8, 12, 0]  	460	2 
[2, 21, 6, 0]  	463	3 
[1, 35, 0, 0]  	463	3 
[3, 16, 8, 0]  	464	5 
[1, 24, 5, 0]  	465	1 
[0, 9, 12, 0]  	465	1 
[0, 36, 0, 0]  	468	2  <--- 2
[2, 15, 9, 0]  	472	3 
[1, 29, 3, 0]  	472	3 
[0, 23, 6, 0]  	473	1 
[3, 19, 7, 0]  	474	5 
[1, 7, 13, 0]  	476	2 
[2, 20, 7, 0]  	479	3 
[1, 34, 1, 0]  	479	3 
[0, 8, 13, 0]  	481	1 
[1, 21, 7, 0]  	484	2 
[0, 35, 1, 0]  	484	2 
[0, 22, 7, 0]  	489	1 
[2, 19, 8, 0]  	495	3 
[1, 33, 2, 0]  	495	3 
[0, 7, 14, 0]  	497	1 
[1, 20, 8, 0]  	500	2 
[0, 34, 2, 0]  	500	2 
[2, 4, 15, 0]  	503	4 
[0, 21, 8, 0]  	505	1 
[1, 5, 15, 0]  	508	2 
[0, 6, 15, 0]  	513	1 
[0, 33, 3, 0]  	516	2 
[0, 20, 9, 0]  	521	1 
[1, 4, 16, 0]  	524	2 
[0, 5, 16, 0]  	529	1 
[1, 0, 18, 0]  	530	1 
[1, 18, 10, 0]  	532	2 
[0, 32, 4, 0]  	532	2 
[0, 19, 10, 0]  	537	1 
[0, 4, 17, 0]  	545	1 
[0, 0, 19, 0]  	551	1  <--- 3
[0, 18, 11, 0]  	553	1 
[0, 3, 18, 0]  	561	1 
[10, 6, 2, 1]  	216	7 
[10, 5, 3, 1]  	232	8 
[8, 4, 5, 1]  	261	7 
[6, 4, 6, 1]  	274	6 
[23, 5, 2, 1]  	307	5 
[19, 4, 4, 1]  	320	10 
[11, 3, 7, 1]  	330	9 
[15, 3, 6, 1]  	333	10 
[19, 3, 5, 1]  	336	12 
[11, 17, 1, 1]  	338	9 
[15, 2, 7, 1]  	349	10 
[9, 17, 2, 1]  	351	9 
[19, 2, 6, 1]  	352	9 
[23, 2, 5, 1]  	355	6 
[15, 1, 8, 1]  	365	9 
[19, 1, 7, 1]  	368	8 
[10, 0, 10, 1]  	370	9 
[8, 15, 4, 1]  	375	8 
[6, 3, 10, 1]  	377	8 
[7, 14, 5, 1]  	383	7 
[19, 0, 8, 1]  	384	7 
[4, 16, 5, 1]  	385	6 
[6, 15, 5, 1]  	388	6 
[9, 0, 11, 1]  	391	7 
[5, 27, 0, 1]  	391	6 
[5, 23, 2, 1]  	397	6 
[5, 21, 3, 1]  	400	6 
[5, 1, 12, 1]  	401	5 
[4, 15, 6, 1]  	401	5 
[5, 10, 8, 1]  	402	6 
[4, 11, 8, 1]  	407	5 
[4, 9, 9, 1]  	410	5 
[5, 0, 13, 1]  	417	4 
[4, 23, 3, 1]  	418	5 
[3, 24, 3, 1]  	423	4 
[3, 22, 4, 1]  	426	4 
[3, 16, 7, 1]  	435	5 
[3, 1, 14, 1]  	443	5 
[4, 5, 12, 1]  	445	7 
[2, 33, 0, 1]  	445	5 
[2, 22, 5, 1]  	447	3 
[3, 6, 12, 1]  	450	5 
[1, 23, 5, 1]  	452	2 
[3, 5, 13, 1]  	466	5 
[1, 22, 6, 1]  	468	2 
[2, 6, 13, 1]  	471	4 
[2, 5, 14, 1]  	487	4 
[1, 6, 14, 1]  	492	2 
[2, 1, 16, 1]  	493	4 
[1, 0, 17, 1]  	501	2 
[1, 19, 9, 1]  	516	2 
[0, 29, 5, 1]  	522	2 
[8, 5, 4, 2]  	245	6 
[22, 3, 4, 2]  	331	12 
[9, 3, 8, 2]  	343	6 
[11, 2, 8, 2]  	346	8 
[7, 3, 9, 2]  	356	8 
[7, 2, 10, 2]  	372	8 
[6, 16, 4, 2]  	372	7 
[14, 0, 9, 2]  	373	8 
[22, 0, 7, 2]  	379	8 
[5, 2, 11, 2]  	385	7 
[7, 1, 11, 2]  	388	8 
[6, 0, 12, 2]  	396	7 
[5, 12, 7, 2]  	399	6 
[4, 13, 7, 2]  	404	5 
[3, 16, 6, 2]  	406	6 
[3, 13, 8, 2]  	425	4 
[2, 12, 9, 2]  	433	3 
[4, 2, 13, 2]  	435	6 
[3, 5, 12, 2]  	437	5 
[2, 15, 8, 2]  	443	4 
[1, 21, 6, 2]  	455	3 
[2, 19, 7, 2]  	466	4 
[1, 20, 7, 2]  	471	3 
[26, 0, 0, 3]  	208	8 
[18, 4, 4, 3]  	312	12 
[22, 4, 3, 3]  	315	11 
[18, 3, 5, 3]  	328	11 
[14, 2, 7, 3]  	341	10 
[18, 2, 6, 3]  	344	11 
[10, 1, 9, 3]  	354	9 
[14, 1, 8, 3]  	357	10 
[18, 1, 7, 3]  	360	9 
[22, 1, 6, 3]  	363	9 
[8, 1, 10, 3]  	367	8 
[18, 0, 8, 3]  	376	8 
[6, 1, 11, 3]  	380	7 
[8, 0, 11, 3]  	383	7 
[5, 0, 12, 3]  	388	6 
[4, 1, 12, 3]  	393	6 
[5, 6, 10, 3]  	408	6 
[4, 0, 13, 3]  	409	5 
[3, 1, 13, 3]  	414	5 
[4, 5, 11, 3]  	416	6 
[3, 15, 7, 3]  	422	5 
[3, 0, 14, 3]  	430	4 
[2, 6, 12, 3]  	442	4 
[2, 20, 6, 3]  	450	4 
[1, 10, 11, 3]  	457	2 
[2, 5, 13, 3]  	458	4 
[2, 4, 14, 3]  	474	4 
[2, 0, 16, 3]  	480	3 
[1, 15, 10, 3]  	493	3 
[1, 18, 9, 3]  	503	3 
[22, 5, 2, 4]  	299	11 
[14, 3, 6, 4]  	325	10 
[22, 2, 5, 4]  	347	9 
[7, 0, 11, 4]  	375	7 
[5, 17, 4, 4]  	377	7 
[3, 11, 9, 4]  	428	4 
[2, 1, 15, 4]  	464	4 
[1, 19, 8, 4]  	487	3 
[5, 14, 6, 5]  	396	6 
[4, 28, 0, 44]  	396	5 
[2, 25, 3, 45]  	428	3 
[0, 33, 2, 45]  	487	2 
[0, 0, 18, 45]  	522	1 
[9, 15, 3, 46]  	354	8 
[3, 28, 0, 46]  	388	3 
[2, 29, 1, 46]  	422	4 
[1, 34, 0, 46]  	450	2 
[0, 24, 5, 46]  	457	1 
[0, 29, 3, 46]  	464	2 
[7, 5, 5, 47]  	266	6 
[6, 19, 0, 47]  	295	6 
[11, 16, 1, 47]  	325	8 
[6, 14, 5, 47]  	375	4 
[0, 29, 0, 47]  	377	1 
[2, 28, 0, 47]  	380	2 
[2, 26, 1, 47]  	383	3 
[0, 28, 1, 47]  	393	1 
[4, 20, 4, 47]  	408	4 
[0, 27, 2, 47]  	409	1 
[0, 26, 3, 47]  	425	1 
[2, 7, 11, 47]  	426	3 
[0, 25, 4, 47]  	441	1 
[11, 7, 1, 48]  	208	7 
[9, 6, 3, 48]  	237	7 
[6, 11, 5, 48]  	336	5 
[6, 16, 3, 48]  	343	3 
[9, 1, 9, 48]  	346	2 
[4, 25, 0, 48]  	357	3 
[9, 0, 10, 48]  	362	5 
[3, 26, 0, 48]  	362	3 
[7, 15, 4, 48]  	367	4 
[2, 27, 0, 48]  	367	3 
[4, 15, 5, 48]  	372	4 
[4, 2, 11, 48]  	377	6 
[1, 27, 1, 48]  	388	2 
[4, 8, 9, 48]  	397	2 
[3, 20, 4, 48]  	400	3 
[3, 23, 3, 48]  	410	4 
[2, 8, 10, 48]  	410	2 
[2, 23, 4, 48]  	431	2 
[1, 22, 5, 48]  	439	2 
[0, 7, 12, 48]  	439	1 
[0, 4, 16, 48]  	516	1 
[0, 16, 0, 49]  	208	1 
[6, 4, 5, 49]  	245	4 
[20, 4, 3, 49]  	299	9 
[6, 13, 3, 49]  	304	2 
[20, 3, 4, 49]  	315	9 
[9, 15, 2, 49]  	325	5 
[7, 12, 4, 49]  	328	5 
[9, 0, 9, 49]  	333	5 
[5, 14, 4, 49]  	338	4 
[3, 11, 6, 49]  	341	4 
[0, 13, 6, 49]  	343	1 
[5, 10, 6, 49]  	344	3 
[4, 13, 5, 49]  	346	4 
[20, 1, 6, 49]  	347	8 
[0, 7, 9, 49]  	352	1 
[20, 0, 7, 49]  	363	8 
[3, 15, 5, 49]  	364	2 
[5, 1, 11, 49]  	372	5 
[2, 12, 7, 49]  	375	3 
[4, 0, 12, 49]  	380	4 
[1, 12, 8, 49]  	396	2 
[2, 4, 13, 49]  	445	3 
[0, 4, 15, 49]  	487	1 
------
The gap is between 6 and 43.
Lengths: 3 3 6 9 3 5.
For 490 = 5*d/2-d1-d2-d3 you get 3 in char 0.
1*x^1*y^17*z^9
1*y^31*z^3
1*y^2*z^16

For 274 = 3*d/2-d1-d2-d3 you get 6 in char 0.
1*x^5*y^18
1*x^4*y^3*z^7
1*x^3*y^17*z^1
1*x^2*y^2*z^8
1*x^1*y^16*z^2
1*y^1*z^9

For 58 = d/2-d1-d2-d3 you get 3 in char 0.
1*x^4*y^2
1*x^2*y^1*z^1
1*z^2

Extra powers of p used 5.
The invariant extra is equal to 5.
Start computing 3^3 Delta^1 (x1x2x3)^2... Done.
Start computing 3^4 Delta^2 (x1x2x3)^2... Done.
Start computing 3^5 Delta^3 (x1x2x3)^2... Done.
Start computing 3^6 Delta^4 (x1x2x3)^2... Done.
Start computing 3^7 Delta^5 (x1x2x3)^2... Done.
Start computing 3^8 Delta^6 (x1x2x3)^2... Done.
Start computing 3^9 Delta^7 (x1x2x3)^2... Done.
Start computing 3^10 Delta^8 (x1x2x3)^2... Done.
Start computing 3^11 Delta^9 (x1x2x3)^2... Done.
Start computing 3^12 Delta^10 (x1x2x3)^2... Done.
Start computing aa.
1 2 3 4 5 6 7 8 9 10 11 12 
*/
A = \
[1641296770722007435692,2152535150268279678501,1227393913826167533531,40623459302046079287,2136934566479009075553,2674158947979261350085,276402453890703757245,2084502299666143447098,73582278721438990509,2005255048631224190805,1819546432015604551056,801619574871789819468;\
2094540644412724787586,846041867421001377498,316514359352303140974,2267219566524674091492,2169635325974581578705,1384743756541681056618,601941044444031621720,2712097628689725459009,2892365844203849772258,663969017234844946080,237136976209528548066,1542655538580305179575;\
302164842782257137027,389227655079145137474,1040637152852595175896,1664371374750478766700,2471419501528867000938,2593998097595188584237,1650672946307612833407,127121063294688113214,93117070637904559185,2864514599500438490292,818872062640815900564,392619680441083975887;\
2890356709807907716290,1530188159050307145852,2468793106696533706234,1029820931941787297892,904959588752370404631,2034792301432290806421,1450852068629416825035,1159997246377415269776,1291563349351607064681,1727589421434428690382,2888158585170465212922,1568699156786966915823;\
831224968131871297971,407459551017458407563,330229869757909291701,1859349331987409670822,1493602357394182389039,2317681398393729538371,1003593183260391192780,237200094279842080968,821889284125642719165,529201281096180118944,1586592538252983151137,1741269303370878426252;\
768771358840541494017,2403143012067617069469,1223305642284390692277,2942444851935578177877,1014850169275860917559,2036334390826292269146,141767129059754213178,2926417673616695810775,2639874607431515164548,287305800797956254327,2435098437830501178273,1688387397080210489286;\
1551852107962275197187,2614797428527615976658,1495136039087331739260,296075112302590004322,1360752795097574237235,2326497608945153676114,2826211034036876126103,2653383697559633916477,563328790779559898538,281366629997294520396,578780532478220535819,2569259072526428885769;\
2951548880154607231395,779060543456026907379,1587052935664303906159,1345611462344372297835,831902735261366807112,2863475522925470271117,601691450465155269186,1370214944261472693447,1832280361438822740837,913909972535137389438,2535828367351007773161,2402772847882918583211;\
2138510013377470092801,1255811657294984027535,1477433563692148032201,627424060603026613050,566360014336247057094,2576446744980492335988,1820358626366942765118,1018174097845189562868,614011720260115588041,2496256701982684419861,2707657412347674456849,2741120685156610546569;\
1217071382945358428904,99916665956753195556,1896362536076774179166,150335988846429244653,1948050575360849006838,1946379953186518376745,264669595823614294458,77631567492098579769,2597245938563579535735,2840374444077425277261,140744777105205332937,1230842969755904957661;\
187080793204580114124,1264578644878410356172,1595151013491654265184,1257880416896669849919,196971619695049160964,1485893448863435325330,149752866718396377081,425947900983990641028,709365100731397771500,1915288929352556968500,2315953765961503704927,399543168904828811127;\
1906667739916262290824,1635035739330734967924,2041855460572005662335,1105324020651566075094,472679361657560502108,1061721819803361461553,2093628926072544642315,2777597268084903334842,1660320508179602909781,966459509519223635577,296667954443298252843,2513093795776114264791]
/* 
This matrix times 3^(-5) should be the matrix of frobenius.
*/ 
B = 3^(-5) * A; 
/* Freed 39 lists. */
