/* Comments begin... 
Coefficient of   x^27                     = -1
Coefficient of   x^14 * y^8               = -1
Coefficient of   x^12 * y^7 * z^1         = 1
Coefficient of   x^10 * y^6 * z^2         = 1
Coefficient of   x^8 * y^5 * z^3         = -1
Coefficient of   x^6 * y^4 * z^4         = -1
Coefficient of   x^4 * y^3 * z^5         = 1
Coefficient of   x^2 * y^2 * z^6         = 1
Coefficient of   x^1 * y^16               = -1
Coefficient of   y^1 * z^7               = -1

Here is the polynomial we're using this time:

-1*x^27 + -1*x^14*y^8 + 1*x^12*y^7*z^1 + 1*x^10*y^6*z^2 + -1*x^8*y^5*z^3 + -1*x^6*y^4*z^4 + 1*x^4*y^3*z^5 + 1*x^2*y^2*z^6 + -1*x^1*y^16 + -1*y^1*z^7

Allocate G_len 20 elements and old = 0.
Allocate M_len = 400 elements.
Allocate G_len 40 elements and old = 20.
Allocate M_len = 800 elements.
Allocate G_len 80 elements and old = 40.
Allocate M_len = 1600 elements.
Allocate M_len = 3200 elements.
Allocate G_len 160 elements and old = 80.
Allocate M_len = 6400 elements.
Allocate M_len = 12800 elements.
Allocate G_len 320 elements and old = 160.
Allocate M_len = 25600 elements.
The final length of G is 210
[12, 7, 0, 0]  	187	7 
[12, 6, 1, 0]  	203	8 
[27, 0, 0, 0]  	216	2  <--- 1
[10, 6, 2, 0]  	216	7 
[10, 5, 3, 0]  	232	8 
[8, 5, 4, 0]  	245	6 
[5, 18, 0, 0]  	274	6 
[19, 4, 4, 0]  	320	10 
[23, 4, 3, 0]  	323	9 
[11, 3, 7, 0]  	330	8 
[13, 2, 7, 0]  	333	9 
[19, 3, 5, 0]  	336	8 
[11, 17, 1, 0]  	338	9 
[23, 3, 4, 0]  	339	9 
[11, 2, 8, 0]  	346	8 
[13, 1, 8, 0]  	349	7 
[10, 3, 8, 0]  	351	9 
[9, 17, 2, 0]  	351	9 
[19, 2, 6, 0]  	352	8 
[9, 4, 8, 0]  	356	8 
[9, 2, 9, 0]  	359	8 
[8, 16, 3, 0]  	359	8 
[11, 1, 9, 0]  	362	6 
[8, 3, 9, 0]  	364	8 
[7, 17, 3, 0]  	364	8 
[19, 1, 7, 0]  	368	8 
[7, 4, 9, 0]  	369	6 
[23, 1, 6, 0]  	371	8 
[7, 2, 10, 0]  	372	8 
[9, 1, 10, 0]  	375	7 
[7, 0, 11, 0]  	375	7 
[6, 3, 10, 0]  	377	7 
[5, 17, 4, 0]  	377	6 
[11, 0, 10, 0]  	378	7 
[7, 16, 4, 0]  	380	7 
[6, 1, 11, 0]  	380	7 
[7, 14, 5, 0]  	383	7 
[19, 0, 8, 0]  	384	7 
[5, 2, 11, 0]  	385	6 
[4, 16, 5, 0]  	385	6 
[7, 12, 6, 0]  	386	7 
[23, 0, 7, 0]  	387	7 
[6, 15, 5, 0]  	388	6 
[5, 0, 12, 0]  	388	6 
[7, 10, 7, 0]  	389	7 
[7, 8, 8, 0]  	392	7 
[6, 11, 7, 0]  	394	6 
[5, 14, 6, 0]  	396	6 
[17, 0, 9, 0]  	397	6 
[5, 12, 7, 0]  	399	6 
[6, 7, 9, 0]  	400	6 
[4, 15, 6, 0]  	401	5 
[3, 29, 0, 0]  	401	5 
[4, 13, 7, 0]  	404	5 
[5, 8, 9, 0]  	405	6 
[4, 2, 12, 0]  	406	6 
[4, 11, 8, 0]  	407	5 
[5, 6, 10, 0]  	408	6 
[4, 0, 13, 0]  	409	5 
[6, 10, 8, 0]  	410	5 
[4, 9, 9, 0]  	410	5 
[4, 27, 1, 0]  	412	5 
[3, 1, 13, 0]  	414	5 
[4, 5, 11, 0]  	416	6 
[3, 28, 1, 0]  	417	4 
[3, 26, 2, 0]  	420	4 
[4, 21, 4, 0]  	421	5 
[3, 24, 3, 0]  	423	4 
[4, 8, 10, 0]  	426	4 
[3, 22, 4, 0]  	426	4 
[3, 11, 9, 0]  	428	4 
[3, 0, 14, 0]  	430	4 
[3, 9, 10, 0]  	431	4 
[2, 12, 9, 0]  	433	3 
[3, 7, 11, 0]  	434	4 
[2, 30, 1, 0]  	435	5 
[2, 10, 10, 0]  	436	3 
[3, 5, 12, 0]  	437	5 
[2, 26, 3, 0]  	441	3 
[3, 21, 5, 0]  	442	4 
[2, 6, 12, 0]  	442	4 
[2, 24, 4, 0]  	444	3 
[2, 33, 0, 0]  	445	5 
[2, 22, 5, 0]  	447	3 
[1, 25, 4, 0]  	449	2 
[2, 9, 11, 0]  	452	2 
[1, 23, 5, 0]  	452	2 
[1, 21, 6, 0]  	455	3 
[2, 5, 13, 0]  	458	4 
[1, 8, 12, 0]  	460	2 
[1, 35, 0, 0]  	463	3 
[2, 1, 15, 0]  	464	4 
[0, 9, 12, 0]  	465	1 
[0, 36, 0, 0]  	468	2  <--- 2
[1, 29, 3, 0]  	472	3 
[0, 23, 6, 0]  	473	1 
[2, 4, 14, 0]  	474	4 
[1, 34, 1, 0]  	479	3 
[2, 0, 16, 0]  	480	3 
[0, 8, 13, 0]  	481	1 
[0, 35, 1, 0]  	484	2 
[0, 22, 7, 0]  	489	1 
[1, 6, 14, 0]  	492	2 
[0, 7, 14, 0]  	497	1 
[1, 0, 17, 0]  	501	2 
[1, 18, 9, 0]  	503	3 
[0, 21, 8, 0]  	505	1 
[1, 5, 15, 0]  	508	2 
[0, 6, 15, 0]  	513	1 
[0, 20, 9, 0]  	521	1 
[0, 29, 5, 0]  	522	2 
[1, 4, 16, 0]  	524	2 
[0, 34, 3, 0]  	529	1 
[0, 5, 16, 0]  	529	1 
[0, 32, 4, 0]  	532	2 
[0, 19, 10, 0]  	537	1 
[0, 4, 17, 0]  	545	1 
[0, 0, 19, 0]  	551	1  <--- 3
[0, 18, 11, 0]  	553	1 
[0, 3, 18, 0]  	561	1 
[23, 5, 2, 1]  	307	12 
[12, 1, 8, 1]  	341	9 
[23, 2, 5, 1]  	355	9 
[8, 1, 10, 1]  	367	8 
[10, 0, 10, 1]  	370	8 
[15, 0, 9, 1]  	381	7 
[6, 13, 6, 1]  	391	6 
[5, 10, 8, 1]  	402	6 
[3, 16, 6, 1]  	406	6 
[4, 23, 3, 1]  	418	5 
[3, 15, 7, 1]  	422	5 
[3, 13, 8, 1]  	425	4 
[3, 20, 5, 1]  	429	5 
[2, 15, 8, 1]  	443	4 
[2, 29, 2, 1]  	451	4 
[2, 19, 7, 1]  	466	4 
[1, 20, 7, 1]  	471	3 
[1, 7, 13, 1]  	476	2 
[1, 15, 10, 1]  	493	3 
[1, 33, 2, 1]  	495	3 
[0, 34, 2, 1]  	500	2 
[0, 33, 3, 1]  	516	2 
[8, 4, 5, 2]  	261	7 
[22, 3, 4, 2]  	331	10 
[9, 3, 8, 2]  	343	9 
[7, 3, 9, 2]  	356	8 
[6, 16, 4, 2]  	372	7 
[22, 0, 7, 2]  	379	8 
[4, 1, 12, 2]  	393	6 
[6, 9, 8, 2]  	397	6 
[4, 7, 10, 2]  	413	5 
[4, 25, 2, 2]  	415	5 
[2, 8, 11, 2]  	439	3 
[26, 0, 0, 3]  	208	8 
[18, 4, 4, 3]  	312	11 
[22, 4, 3, 3]  	315	12 
[12, 2, 7, 3]  	325	10 
[18, 3, 5, 3]  	328	10 
[18, 2, 6, 3]  	344	9 
[10, 1, 9, 3]  	354	8 
[18, 1, 7, 3]  	360	9 
[22, 1, 6, 3]  	363	9 
[18, 0, 8, 3]  	376	8 
[2, 20, 6, 3]  	450	4 
[1, 10, 11, 3]  	457	2 
[22, 5, 2, 4]  	299	13 
[22, 2, 5, 4]  	347	10 
[14, 0, 9, 4]  	373	8 
[1, 19, 8, 4]  	487	3 
[11, 16, 1, 45]  	325	9 
[7, 11, 6, 46]  	373	7 
[11, 7, 1, 47]  	208	7 
[7, 5, 5, 47]  	266	6 
[9, 15, 3, 47]  	354	8 
[1, 34, 0, 47]  	450	3 
[0, 24, 5, 47]  	457	1 
[0, 33, 2, 47]  	487	2 
[9, 6, 3, 48]  	237	7 
[5, 17, 0, 48]  	261	6 
[11, 2, 7, 48]  	317	8 
[11, 1, 8, 48]  	333	8 
[10, 2, 8, 48]  	338	9 
[9, 0, 10, 48]  	362	6 
[5, 1, 11, 48]  	372	6 
[4, 8, 9, 48]  	397	4 
[3, 21, 4, 48]  	413	3 
[3, 10, 9, 48]  	415	4 
[1, 22, 5, 48]  	439	2 
[2, 0, 15, 48]  	451	3 
[0, 4, 15, 48]  	487	1 
[7, 5, 4, 49]  	237	5 
[18, 3, 4, 49]  	299	10 
[9, 1, 9, 49]  	346	8 
[8, 15, 3, 49]  	346	5 
[18, 0, 7, 49]  	347	8 
[8, 0, 10, 49]  	354	7 
[6, 10, 7, 49]  	381	3 
[3, 8, 9, 49]  	389	3 
[4, 12, 7, 49]  	391	4 
[3, 15, 6, 49]  	393	5 
[2, 29, 0, 49]  	393	4 
[2, 27, 2, 49]  	425	3 
[2, 5, 12, 49]  	429	4 
[0, 29, 2, 49]  	435	2 
[2, 4, 13, 49]  	445	3 
[0, 33, 1, 49]  	458	1 
[0, 21, 7, 49]  	476	1 
[1, 5, 14, 49]  	479	2 
[0, 19, 9, 49]  	508	1 
[0, 0, 18, 49]  	522	1 
------
The gap is between 5 and 44.
Lengths: 3 3 6 6 3 4.
For 490 = 5*d/2-d1-d2-d3 you get 3 in char 0.
1*x^1*y^17*z^9
1*y^31*z^3
1*y^2*z^16

For 274 = 3*d/2-d1-d2-d3 you get 6 in char 0.
1*x^6*y^4*z^6
1*x^4*y^3*z^7
1*x^3*y^17*z^1
1*x^2*y^2*z^8
1*x^1*y^16*z^2
1*y^1*z^9

For 58 = d/2-d1-d2-d3 you get 3 in char 0.
1*x^4*y^2
1*x^2*y^1*z^1
1*z^2

Extra powers of p used 2.
The invariant extra is equal to 5.
Start computing 3^3 Delta^1 (x1x2x3)^2... Done.
Start computing 3^4 Delta^2 (x1x2x3)^2... Done.
Start computing 3^5 Delta^3 (x1x2x3)^2... Done.
Start computing 3^6 Delta^4 (x1x2x3)^2... Done.
Start computing 3^7 Delta^5 (x1x2x3)^2... Done.
Start computing 3^8 Delta^6 (x1x2x3)^2... Done.
Start computing 3^9 Delta^7 (x1x2x3)^2... Done.
Start computing 3^10 Delta^8 (x1x2x3)^2... Done.
Start computing 3^11 Delta^9 (x1x2x3)^2... Done.
Start computing 3^12 Delta^10 (x1x2x3)^2... Done.
Start computing aa.
1 2 3 4 5 6 7 8 9 10 11 12 
*/
A = \
[18929114491349741679738,14382956207749624229025,18444579232836192701130,7930198211356118708037,11042249745880798133517,5888116585153868504715,25707164623377362588988,14136650658539090497494,20966604122434722292836,22747586006451748441185,15925323270961121770368,3352295873609464808052;\
12313392199315536741888,2401480965616681497132,20350133488374616077564,24667199496392951768688,16263771787493348111451,26013352990201825244022,6433637318539226373789,24978641652638949924270,11552612756454592409961,4837635782220431676789,17945145199288979393976,13533740646366775532040;\
13972688881275723759870,1269345646933017653094,26464930693005076857465,5559275494536542840259,18756301622100772251825,13886647847369923734873,4096325926350583534827,17371592093533602014505,20834396925149297828331,15312227193961030404504,22200728316898444974252,10834322769027700335108;\
17607014038742622258605,7254145070988511153133,1158401788934234990129,25906055811639359581440,14707520607215366480880,21242543110898095871226,772228457315476450848,26141463964447491396312,17972760904122987472293,17593935150721926911229,15278615442903663829683,16931531766207874878900;\
12026346413969729809337,359055016016209899881,6739890579869980066958,16136476068476979813366,20273315940257322985002,2424680269638349763880,24531823518749502994215,10488386319307347555747,8581987058982904921194,8078392100753704261998,5435636030327719045908,22246095536500814097498;\
933092412346951402394,2040200908156349373605,18024802444503096018149,25469050198748313875328,7682866307504631873702,23224372590729085783551,1308453323762274507162,22358553004780611328044,21075889702241278021302,23597620835944803071967,14710681483123035384189,2970476514832158288270;\
18188067169739896508951,15704455835836236941951,7481878312955316591548,18469389099152436450993,25098686807147992370853,11089336452416206034868,2336038369161740969013,25333442195921167312035,14565942157234252776264,22087830297238841253402,24839152983975177491301,17114494224754854551421;\
11518369231805593326085,24409224485537744377330,11809840521464551599076,386601047869782507336,1962000645662716919001,6412695872624879190606,20060918176164873864858,9092983309539571717857,17096840043605828467407,18276152617747260786249,19891325933644345340337,25169618978032818605211;\
12310685280181552002695,5933632666090339957391,2704713719675170135532,12624849225826353477261,11915255916489363801309,6265184049668314446831,14790397798129020227361,8666737750951752028671,348991871611064417604,9210709544459690185650,14271885648542706018318,10418672005632371603340;\
6175202959540625424232,24911791113064045259608,25077659816159294490487,3688089950752753032207,4778172677482987332690,8756035169006461519737,6550877849489778031488,22170416675846530173408,25332721411675623974298,17778673223040756648996,7559193320292936379527,23676292662250229952480;\
23185437154666429378227,14640577194387550366122,7348896544743295507041,22533344970452363951037,14319324975659860644147,21722621100044073318558,19878145470997923921129,20061452676123521285724,5694611170726838056923,15937556977902990517560,16956103044324806660655,20364314962919162294070;\
8202317524780883916397,19279565214920895700447,19690422710920797687364,11520406156316196181500,4337027060605463808036,12154441286557899210699,16619247095010636446001,8981721093973440344841,23239246969640341945413,18849139835313936783717,21641429025546879097116,17473110386403438550458]
/* 
This matrix times 3^(-2) should be the matrix of frobenius.
*/ 
B = 3^(-2) * A; 
/* Freed 37 lists. */
