/* Comments begin... 
Coefficient of   x^27                     = 0
Coefficient of   x^14 * y^8               = 0
Coefficient of   x^12 * y^7 * z^1         = 0
Coefficient of   x^10 * y^6 * z^2         = -1
Coefficient of   x^8 * y^5 * z^3         = -1
Coefficient of   x^6 * y^4 * z^4         = 0
Coefficient of   x^4 * y^3 * z^5         = 1
Coefficient of   x^2 * y^2 * z^6         = 1
Coefficient of   x^1 * y^16               = 0
Coefficient of   y^1 * z^7               = 0

Here is the polynomial we're using this time:

-1*x^10*y^6*z^2 + -1*x^8*y^5*z^3 + 1*x^4*y^3*z^5 + 1*x^2*y^2*z^6

Allocate G_len 20 elements and old = 0.
Allocate M_len = 400 elements.
Not smooth!
Coefficient of   x^27                     = -1
Coefficient of   x^14 * y^8               = 1
Coefficient of   x^12 * y^7 * z^1         = 1
Coefficient of   x^10 * y^6 * z^2         = -1
Coefficient of   x^8 * y^5 * z^3         = -1
Coefficient of   x^6 * y^4 * z^4         = -1
Coefficient of   x^4 * y^3 * z^5         = 1
Coefficient of   x^2 * y^2 * z^6         = 0
Coefficient of   x^1 * y^16               = 1
Coefficient of   y^1 * z^7               = -1

Here is the polynomial we're using this time:

-1*x^27 + 1*x^14*y^8 + 1*x^12*y^7*z^1 + -1*x^10*y^6*z^2 + -1*x^8*y^5*z^3 + -1*x^6*y^4*z^4 + 1*x^4*y^3*z^5 + 1*x^1*y^16 + -1*y^1*z^7

Allocate G_len 40 elements and old = 20.
Allocate M_len = 800 elements.
Allocate G_len 80 elements and old = 40.
Allocate M_len = 1600 elements.
Allocate M_len = 3200 elements.
Allocate G_len 160 elements and old = 80.
Allocate M_len = 6400 elements.
Allocate M_len = 12800 elements.
Allocate G_len 320 elements and old = 160.
Allocate M_len = 25600 elements.
The final length of G is 223
[12, 7, 0, 0]  	187	6 
[12, 6, 1, 0]  	203	8 
[27, 0, 0, 0]  	216	2  <--- 1
[10, 6, 2, 0]  	216	7 
[6, 4, 6, 0]  	274	7 
[21, 5, 3, 0]  	320	11 
[11, 3, 7, 0]  	330	9 
[9, 20, 0, 0]  	332	8 
[21, 4, 4, 0]  	336	11 
[11, 17, 1, 0]  	338	10 
[25, 4, 3, 0]  	339	10 
[23, 3, 4, 0]  	339	10 
[9, 3, 8, 0]  	343	8 
[11, 2, 8, 0]  	346	9 
[17, 3, 6, 0]  	349	9 
[15, 2, 7, 0]  	349	9 
[21, 3, 5, 0]  	352	9 
[19, 2, 6, 0]  	352	9 
[8, 18, 2, 0]  	356	8 
[7, 3, 9, 0]  	356	8 
[9, 2, 9, 0]  	359	8 
[8, 16, 3, 0]  	359	8 
[11, 1, 9, 0]  	362	9 
[15, 1, 8, 0]  	365	9 
[8, 1, 10, 0]  	367	8 
[19, 1, 7, 0]  	368	8 
[23, 1, 6, 0]  	371	7 
[7, 2, 10, 0]  	372	7 
[6, 16, 4, 0]  	372	7 
[8, 15, 4, 0]  	375	8 
[6, 3, 10, 0]  	377	7 
[5, 17, 4, 0]  	377	7 
[11, 0, 10, 0]  	378	8 
[6, 1, 11, 0]  	380	7 
[8, 0, 11, 0]  	383	7 
[19, 0, 8, 0]  	384	8 
[5, 2, 11, 0]  	385	7 
[9, 13, 5, 0]  	386	7 
[23, 0, 7, 0]  	387	8 
[6, 15, 5, 0]  	388	7 
[8, 25, 0, 0]  	389	8 
[8, 23, 1, 0]  	392	8 
[5, 16, 5, 0]  	393	6 
[4, 1, 12, 0]  	393	6 
[7, 26, 0, 0]  	394	7 
[6, 0, 12, 0]  	396	6 
[5, 14, 6, 0]  	396	6 
[17, 0, 9, 0]  	397	8 
[5, 12, 7, 0]  	399	6 
[7, 22, 2, 0]  	400	6 
[4, 15, 6, 0]  	401	6 
[5, 10, 8, 0]  	402	6 
[4, 13, 7, 0]  	404	5 
[5, 8, 9, 0]  	405	6 
[5, 26, 1, 0]  	407	5 
[4, 11, 8, 0]  	407	5 
[6, 21, 3, 0]  	408	6 
[5, 6, 10, 0]  	408	6 
[4, 29, 0, 0]  	409	5 
[4, 0, 13, 0]  	409	5 
[7, 25, 1, 0]  	410	6 
[4, 9, 9, 0]  	410	5 
[6, 28, 0, 0]  	412	5 
[4, 27, 1, 0]  	412	5 
[5, 22, 3, 0]  	413	5 
[4, 7, 10, 0]  	413	5 
[3, 1, 13, 0]  	414	5 
[4, 5, 11, 0]  	416	6 
[3, 28, 1, 0]  	417	4 
[4, 23, 3, 0]  	418	5 
[3, 26, 2, 0]  	420	4 
[4, 21, 4, 0]  	421	5 
[3, 15, 7, 0]  	422	5 
[5, 25, 2, 0]  	423	4 
[3, 24, 3, 0]  	423	4 
[3, 13, 8, 0]  	425	4 
[3, 22, 4, 0]  	426	4 
[3, 20, 5, 0]  	429	5 
[3, 0, 14, 0]  	430	4 
[2, 12, 9, 0]  	433	3 
[3, 7, 11, 0]  	434	4 
[3, 5, 12, 0]  	437	5 
[2, 8, 11, 0]  	439	3 
[2, 26, 3, 0]  	441	3 
[2, 6, 12, 0]  	442	4 
[2, 15, 8, 0]  	443	4 
[2, 24, 4, 0]  	444	3 
[3, 19, 6, 0]  	445	6 
[2, 22, 5, 0]  	447	3 
[2, 11, 10, 0]  	449	3 
[2, 20, 6, 0]  	450	4 
[1, 23, 5, 0]  	452	2 
[1, 21, 6, 0]  	455	3 
[1, 10, 11, 0]  	457	2 
[2, 34, 0, 0]  	458	4 
[2, 5, 13, 0]  	458	4 
[1, 8, 12, 0]  	460	2 
[1, 35, 0, 0]  	463	3 
[2, 1, 15, 0]  	464	4 
[0, 9, 12, 0]  	465	1 
[2, 19, 7, 0]  	466	4 
[0, 36, 0, 0]  	468	2  <--- 2
[1, 29, 3, 0]  	472	3 
[0, 23, 6, 0]  	473	1 
[2, 33, 1, 0]  	474	4 
[2, 4, 14, 0]  	474	4 
[1, 7, 13, 0]  	476	2 
[1, 34, 1, 0]  	479	3 
[2, 0, 16, 0]  	480	3 
[0, 8, 13, 0]  	481	1 
[0, 35, 1, 0]  	484	2 
[1, 19, 8, 0]  	487	3 
[0, 22, 7, 0]  	489	1 
[1, 15, 10, 0]  	493	3 
[1, 33, 2, 0]  	495	3 
[0, 7, 14, 0]  	497	1 
[0, 34, 2, 0]  	500	2 
[1, 18, 9, 0]  	503	3 
[0, 21, 8, 0]  	505	1 
[1, 5, 15, 0]  	508	2 
[0, 6, 15, 0]  	513	1 
[0, 33, 3, 0]  	516	2 
[0, 20, 9, 0]  	521	1 
[0, 29, 5, 0]  	522	2 
[1, 4, 16, 0]  	524	2 
[0, 5, 16, 0]  	529	1 
[1, 0, 18, 0]  	530	1 
[0, 32, 4, 0]  	532	2 
[0, 19, 10, 0]  	537	1 
[0, 4, 17, 0]  	545	1 
[0, 0, 19, 0]  	551	1  <--- 3
[0, 18, 11, 0]  	553	1 
[0, 3, 18, 0]  	561	1 
[10, 5, 3, 1]  	232	8 
[8, 5, 4, 1]  	245	7 
[8, 4, 5, 1]  	261	8 
[7, 18, 0, 1]  	290	8 
[23, 5, 2, 1]  	307	12 
[19, 4, 4, 1]  	320	11 
[23, 4, 3, 1]  	323	11 
[22, 3, 4, 1]  	331	12 
[15, 3, 6, 1]  	333	10 
[19, 3, 5, 1]  	336	11 
[14, 2, 7, 1]  	341	10 
[9, 17, 2, 1]  	351	9 
[23, 2, 5, 1]  	355	10 
[7, 17, 3, 1]  	364	8 
[6, 18, 3, 1]  	369	7 
[7, 0, 11, 1]  	375	7 
[7, 14, 5, 1]  	383	7 
[4, 16, 5, 1]  	385	6 
[6, 26, 0, 1]  	386	7 
[6, 24, 1, 1]  	389	7 
[5, 27, 0, 1]  	391	6 
[6, 22, 2, 1]  	392	7 
[5, 25, 1, 1]  	394	6 
[5, 23, 2, 1]  	397	6 
[5, 21, 3, 1]  	400	6 
[3, 16, 6, 1]  	406	6 
[3, 30, 0, 1]  	414	5 
[3, 11, 9, 1]  	428	4 
[3, 9, 10, 1]  	431	4 
[2, 10, 10, 1]  	436	3 
[2, 33, 0, 1]  	445	5 
[1, 20, 7, 1]  	471	3 
[1, 6, 14, 1]  	492	2 
[18, 2, 6, 2]  	344	11 
[14, 1, 8, 2]  	357	10 
[10, 0, 10, 2]  	370	9 
[22, 0, 7, 2]  	379	9 
[15, 0, 9, 2]  	381	8 
[2, 30, 1, 2]  	435	5 
[1, 25, 4, 2]  	449	2 
[2, 29, 2, 2]  	451	4 
[1, 0, 17, 2]  	501	2 
[26, 0, 0, 3]  	208	8 
[18, 4, 4, 3]  	312	12 
[18, 3, 5, 3]  	328	11 
[10, 1, 9, 3]  	354	9 
[18, 1, 7, 3]  	360	10 
[22, 1, 6, 3]  	363	9 
[18, 0, 8, 3]  	376	9 
[3, 29, 0, 3]  	401	5 
[4, 25, 2, 3]  	415	5 
[22, 5, 2, 4]  	299	13 
[22, 4, 3, 4]  	315	12 
[14, 3, 6, 4]  	325	11 
[22, 2, 5, 4]  	347	11 
[5, 0, 12, 4]  	388	6 
[14, 0, 9, 5]  	373	9 
[6, 25, 0, 45]  	373	7 
[11, 16, 1, 46]  	325	9 
[9, 15, 3, 46]  	354	8 
[4, 14, 6, 46]  	388	5 
[11, 7, 1, 47]  	208	7 
[9, 6, 3, 47]  	237	7 
[7, 5, 5, 47]  	266	7 
[6, 19, 0, 47]  	295	7 
[3, 0, 13, 47]  	401	4 
[20, 3, 4, 48]  	315	11 
[12, 2, 7, 48]  	325	10 
[5, 24, 1, 48]  	381	6 
[5, 9, 8, 48]  	389	5 
[3, 10, 9, 48]  	415	4 
[2, 1, 14, 48]  	435	3 
[0, 10, 11, 48]  	449	1 
[2, 0, 15, 48]  	451	3 
[1, 15, 9, 48]  	464	3 
[4, 2, 6, 49]  	232	4 
[20, 4, 3, 49]  	299	10 
[11, 1, 8, 49]  	333	8 
[9, 1, 9, 49]  	346	7 
[20, 1, 6, 49]  	347	9 
[9, 0, 10, 49]  	362	3 
[20, 0, 7, 49]  	363	8 
[3, 1, 12, 49]  	385	4 
[2, 22, 3, 49]  	389	3 
[3, 26, 1, 49]  	391	3 
[2, 1, 13, 49]  	406	2 
[2, 15, 7, 49]  	414	3 
[0, 9, 11, 49]  	436	1 
[0, 34, 1, 49]  	471	2 
[0, 20, 8, 49]  	492	1 
------
The gap is between 6 and 44.
Lengths: 3 3 6 7 3 4.
For 490 = 5*d/2-d1-d2-d3 you get 3 in char 0.
1*x^1*y^17*z^9
1*y^31*z^3
1*y^2*z^16

For 274 = 3*d/2-d1-d2-d3 you get 6 in char 0.
1*x^5*y^18
1*x^4*y^3*z^7
1*x^3*y^17*z^1
1*x^2*y^2*z^8
1*x^1*y^16*z^2
1*y^1*z^9

For 58 = d/2-d1-d2-d3 you get 3 in char 0.
1*x^4*y^2
1*x^2*y^1*z^1
1*z^2

Extra powers of p used 3.
The invariant extra is equal to 5.
Start computing 3^3 Delta^1 (x1x2x3)^2... Done.
Start computing 3^4 Delta^2 (x1x2x3)^2... Done.
Start computing 3^5 Delta^3 (x1x2x3)^2... Done.
Start computing 3^6 Delta^4 (x1x2x3)^2... Done.
Start computing 3^7 Delta^5 (x1x2x3)^2... Done.
Start computing 3^8 Delta^6 (x1x2x3)^2... Done.
Start computing 3^9 Delta^7 (x1x2x3)^2... Done.
Start computing 3^10 Delta^8 (x1x2x3)^2... Done.
Start computing 3^11 Delta^9 (x1x2x3)^2... Done.
Start computing 3^12 Delta^10 (x1x2x3)^2... Done.
Start computing aa.
1 2 3 4 5 6 7 8 9 10 11 12 
*/
A = \
[20224964494717969460175,22444357790501519523051,9561758126191237462659,24154965214173399385575,17973330055746496250076,17040183699322214898300,10228500769003364252331,4627993914161017650711,12194862412869186148989,25775186722873331102496,3321328544353807556058,8534624249793696621228;\
20380598200785432979791,9505708757164351863498,25082584255807937882160,23624657834908507629138,6027462568608811025895,17706600185626785736611,5837127419413608994836,13883536371577187492694,15060551447034927877977,10859054872680669844764,8502447130030351856160,9520639026421618630809;\
23512575893804429017446,21411099976340568374616,6134020069794413936919,3464884791344340299871,6793200045178433649288,1011919699029081075669,23439469480018641344313,2155766074048345776156,856810249811228720592,23477193989414969738733,7170078653683729532118,8009775720878603714235;\
14940247600031301750087,10347298527858329473163,15628933726404924695095,10256615066483407692180,941383014800021493579,12123725729764037328126,14493798921161525251266,18315256365450075387393,8917612293076382888073,7932628697279112535617,12969736832802002101002,23442549748632519272730;\
1356981455603248549659,15078558287684154105814,22634042882898852534065,12787481453990260221297,14279741782192772276031,8718930604212390474489,13645494265871312559000,5189919767230485578643,9183598005133347388731,17545949693831875552398,13255658903799938578338,20661296655789784830204;\
1720500171955362448722,2051471119067647165709,9659871526413478716073,3545189111700768411738,6643455579396499280940,22290253335232938163287,14742992543342053413600,7786156549203570482910,6842465779479900834834,4813851926486496445353,10517042809518344203446,2036443601893891881141;\
7300176426478554740334,24515032747136220663107,22453083870072529636894,22628864588116954424247,15169854170849175609336,25058982112251552623214,12008862271764101944575,14113582059161218459680,2206166490991209372921,14405714156822730265107,13987955660143001164911,10780592142905734775112;\
14122477939092473838249,2965350824251724422477,24447533688348830459009,3271785442726375647063,5871192176949074067969,22856482606450658999562,25062689395618569795627,102698383432404682953,9221116968085520662947,7457080269480338287053,17619158658499943150061,23654873080862822266470;\
11148119431797981500649,3526094307094528856010,2466812730006956309169,23255096175082986039126,3810610458201327160023,1946292775126820222976,15334528241161844684028,22954424204214199741644,5533890457619477296962,20819202847912414197126,19478972667233197338768,1465989478326542698551;\
19243016395103956305249,11176969413231464189710,13154744857189661912714,7940137316952166387110,24886300584448837391427,11754015063894133001280,4088479175937600257511,25103168765803770269481,19765780481279807838936,2416398650761903063371,7111777230906320702916,23945097845850367302432;\
900953614859099080563,2433822281321862090824,4041129575713228417126,136265883478384013145,9800826747136079048100,22187658877888199481423,22831006257452568191616,9641575398006665200278,2223312511061691009900,7145996577594668206263,15295769140962693914397,21856309348792936448961;\
14828662240787732088213,13290168115647959470727,982396456551183805447,5765207721999051995181,7659415438369362814032,11166557817251632007781,878558653355001040188,22518324775935612650340,16063764448606080306156,14925768950114663413230,16168127682189712765068,25938328063545017339472]
/* 
This matrix times 3^(-3) should be the matrix of frobenius.
*/ 
B = 3^(-3) * A; 
/* Freed 37 lists. */
