/* Comments begin... 
Coefficient of   x^27                     = 0
Coefficient of   x^14 * y^8               = 0
Coefficient of   x^12 * y^7 * z^1         = -1
Coefficient of   x^10 * y^6 * z^2         = 1
Coefficient of   x^8 * y^5 * z^3         = 1
Coefficient of   x^6 * y^4 * z^4         = -1
Coefficient of   x^4 * y^3 * z^5         = 0
Coefficient of   x^2 * y^2 * z^6         = 0
Coefficient of   x^1 * y^16               = -1
Coefficient of   y^1 * z^7               = -1

Here is the polynomial we're using this time:

-1*x^12*y^7*z^1 + 1*x^10*y^6*z^2 + 1*x^8*y^5*z^3 + -1*x^6*y^4*z^4 + -1*x^1*y^16 + -1*y^1*z^7

Allocate G_len 20 elements and old = 0.
Allocate M_len = 400 elements.
Allocate G_len 40 elements and old = 20.
Allocate M_len = 800 elements.
Allocate G_len 80 elements and old = 40.
Allocate M_len = 1600 elements.
Allocate M_len = 3200 elements.
Allocate G_len 160 elements and old = 80.
Not smooth!
Coefficient of   x^27                     = -1
Coefficient of   x^14 * y^8               = 0
Coefficient of   x^12 * y^7 * z^1         = -1
Coefficient of   x^10 * y^6 * z^2         = 1
Coefficient of   x^8 * y^5 * z^3         = -1
Coefficient of   x^6 * y^4 * z^4         = 0
Coefficient of   x^4 * y^3 * z^5         = 0
Coefficient of   x^2 * y^2 * z^6         = -1
Coefficient of   x^1 * y^16               = -1
Coefficient of   y^1 * z^7               = 1

Here is the polynomial we're using this time:

-1*x^27 + -1*x^12*y^7*z^1 + 1*x^10*y^6*z^2 + -1*x^8*y^5*z^3 + -1*x^2*y^2*z^6 + -1*x^1*y^16 + 1*y^1*z^7

Allocate M_len = 6400 elements.
Allocate M_len = 12800 elements.
Allocate G_len 320 elements and old = 160.
Allocate M_len = 25600 elements.
Allocate M_len = 51200 elements.
The final length of G is 228
[12, 7, 0, 0]  	187	5 
[12, 6, 1, 0]  	203	6 
[27, 0, 0, 0]  	216	2  <--- 1
[10, 6, 2, 0]  	216	5 
[10, 5, 3, 0]  	232	7 
[6, 4, 6, 0]  	274	7 
[9, 19, 0, 0]  	319	9 
[19, 4, 4, 0]  	320	10 
[23, 4, 3, 0]  	323	11 
[11, 3, 7, 0]  	330	9 
[17, 4, 5, 0]  	333	9 
[15, 3, 6, 0]  	333	9 
[11, 2, 8, 0]  	346	8 
[10, 3, 8, 0]  	351	9 
[9, 17, 2, 0]  	351	9 
[21, 1, 6, 0]  	355	9 
[8, 18, 2, 0]  	356	8 
[7, 3, 9, 0]  	356	8 
[9, 2, 9, 0]  	359	8 
[11, 1, 9, 0]  	362	8 
[17, 2, 7, 0]  	365	8 
[15, 1, 8, 0]  	365	9 
[9, 16, 3, 0]  	367	8 
[8, 1, 10, 0]  	367	8 
[19, 1, 7, 0]  	368	7 
[8, 17, 3, 0]  	372	8 
[7, 2, 10, 0]  	372	8 
[8, 15, 4, 0]  	375	8 
[6, 3, 10, 0]  	377	7 
[5, 17, 4, 0]  	377	7 
[11, 0, 10, 0]  	378	8 
[6, 1, 11, 0]  	380	7 
[8, 0, 11, 0]  	383	8 
[19, 0, 8, 0]  	384	8 
[5, 2, 11, 0]  	385	6 
[4, 16, 5, 0]  	385	6 
[9, 13, 5, 0]  	386	8 
[23, 0, 7, 0]  	387	8 
[6, 15, 5, 0]  	388	7 
[8, 25, 0, 0]  	389	8 
[8, 14, 5, 0]  	391	7 
[8, 23, 1, 0]  	392	8 
[4, 1, 12, 0]  	393	6 
[7, 26, 0, 0]  	394	7 
[6, 0, 12, 0]  	396	6 
[5, 14, 6, 0]  	396	6 
[7, 24, 1, 0]  	397	7 
[7, 22, 2, 0]  	400	7 
[4, 15, 6, 0]  	401	5 
[3, 29, 0, 0]  	401	5 
[5, 10, 8, 0]  	402	6 
[5, 8, 9, 0]  	405	6 
[5, 26, 1, 0]  	407	5 
[4, 11, 8, 0]  	407	5 
[6, 21, 3, 0]  	408	6 
[5, 6, 10, 0]  	408	6 
[4, 0, 13, 0]  	409	5 
[5, 24, 2, 0]  	410	5 
[4, 9, 9, 0]  	410	5 
[4, 27, 1, 0]  	412	5 
[5, 22, 3, 0]  	413	5 
[4, 7, 10, 0]  	413	5 
[4, 25, 2, 0]  	415	5 
[4, 5, 11, 0]  	416	6 
[4, 14, 7, 0]  	417	5 
[4, 23, 3, 0]  	418	5 
[3, 26, 2, 0]  	420	4 
[3, 15, 7, 0]  	422	5 
[3, 22, 4, 0]  	426	4 
[3, 11, 9, 0]  	428	4 
[3, 20, 5, 0]  	429	5 
[3, 9, 10, 0]  	431	4 
[2, 30, 1, 0]  	435	5 
[3, 25, 3, 0]  	436	3 
[2, 10, 10, 0]  	436	3 
[3, 5, 12, 0]  	437	5 
[2, 26, 3, 0]  	441	3 
[2, 6, 12, 0]  	442	4 
[2, 24, 4, 0]  	444	3 
[3, 19, 6, 0]  	445	5 
[2, 33, 0, 0]  	445	5 
[2, 22, 5, 0]  	447	3 
[1, 25, 4, 0]  	449	2 
[2, 20, 6, 0]  	450	4 
[2, 29, 2, 0]  	451	4 
[2, 9, 11, 0]  	452	2 
[1, 23, 5, 0]  	452	2 
[1, 21, 6, 0]  	455	3 
[1, 10, 11, 0]  	457	2 
[2, 5, 13, 0]  	458	4 
[3, 0, 15, 0]  	459	4 
[1, 8, 12, 0]  	460	2 
[1, 35, 0, 0]  	463	3 
[2, 1, 15, 0]  	464	4 
[0, 9, 12, 0]  	465	1 
[2, 19, 7, 0]  	466	4 
[0, 36, 0, 0]  	468	2  <--- 2
[2, 15, 9, 0]  	472	3 
[1, 29, 3, 0]  	472	3 
[0, 23, 6, 0]  	473	1 
[1, 7, 13, 0]  	476	2 
[2, 0, 16, 0]  	480	3 
[0, 8, 13, 0]  	481	1 
[1, 19, 8, 0]  	487	3 
[0, 22, 7, 0]  	489	1 
[1, 6, 14, 0]  	492	2 
[1, 33, 2, 0]  	495	3 
[0, 7, 14, 0]  	497	1 
[1, 0, 17, 0]  	501	2 
[1, 18, 9, 0]  	503	3 
[0, 21, 8, 0]  	505	1 
[1, 5, 15, 0]  	508	2 
[0, 35, 2, 0]  	513	1 
[0, 6, 15, 0]  	513	1 
[0, 33, 3, 0]  	516	2 
[0, 20, 9, 0]  	521	1 
[0, 29, 5, 0]  	522	2 
[0, 5, 16, 0]  	529	1 
[0, 32, 4, 0]  	532	2 
[0, 19, 10, 0]  	537	1 
[0, 4, 17, 0]  	545	1 
[0, 0, 19, 0]  	551	1  <--- 3
[0, 18, 11, 0]  	553	1 
[0, 3, 18, 0]  	561	1 
[8, 5, 4, 1]  	245	4 
[8, 4, 5, 1]  	261	8 
[7, 18, 0, 1]  	290	8 
[25, 5, 2, 1]  	323	5 
[19, 3, 5, 1]  	336	9 
[11, 17, 1, 1]  	338	9 
[21, 2, 5, 1]  	339	5 
[15, 2, 7, 1]  	349	10 
[19, 2, 6, 1]  	352	8 
[6, 18, 3, 1]  	369	7 
[6, 16, 4, 1]  	372	7 
[7, 0, 11, 1]  	375	7 
[15, 0, 9, 1]  	381	8 
[7, 14, 5, 1]  	383	7 
[6, 26, 0, 1]  	386	7 
[6, 24, 1, 1]  	389	7 
[5, 27, 0, 1]  	391	6 
[6, 22, 2, 1]  	392	7 
[5, 25, 1, 1]  	394	6 
[5, 23, 2, 1]  	397	6 
[5, 12, 7, 1]  	399	6 
[4, 13, 7, 1]  	404	5 
[3, 16, 6, 1]  	406	6 
[3, 1, 13, 1]  	414	5 
[2, 8, 11, 1]  	439	3 
[1, 20, 7, 1]  	471	3 
[2, 4, 14, 1]  	474	4 
[0, 35, 1, 1]  	484	2 
[0, 34, 2, 1]  	500	2 
[1, 4, 16, 1]  	524	2 
[23, 5, 2, 2]  	307	9 
[22, 4, 3, 2]  	315	11 
[14, 3, 6, 2]  	325	10 
[14, 1, 8, 2]  	357	10 
[18, 1, 7, 2]  	360	9 
[22, 0, 7, 2]  	379	9 
[5, 0, 12, 2]  	388	6 
[3, 13, 8, 2]  	425	4 
[2, 12, 9, 2]  	433	3 
[2, 15, 8, 2]  	443	4 
[1, 34, 1, 2]  	479	3 
[26, 0, 0, 3]  	208	6 
[18, 4, 4, 3]  	312	11 
[20, 2, 5, 3]  	331	10 
[9, 3, 8, 3]  	343	9 
[20, 1, 6, 3]  	347	10 
[10, 1, 9, 3]  	354	9 
[8, 16, 3, 3]  	359	8 
[7, 17, 3, 3]  	364	8 
[10, 0, 10, 3]  	370	9 
[18, 0, 8, 3]  	376	9 
[4, 21, 4, 3]  	421	5 
[18, 3, 5, 4]  	328	10 
[14, 2, 7, 4]  	341	10 
[18, 2, 6, 4]  	344	10 
[14, 0, 9, 4]  	373	9 
[3, 24, 3, 4]  	423	4 
[1, 15, 10, 4]  	493	3 
[22, 5, 2, 5]  	299	11 
[3, 28, 1, 5]  	417	4 
[3, 0, 14, 5]  	430	4 
[3, 7, 11, 6]  	434	4 
[5, 21, 3, 7]  	400	6 
[4, 6, 10, 43]  	400	5 
[2, 21, 5, 44]  	434	3 
[8, 17, 2, 46]  	343	8 
[6, 24, 0, 46]  	360	7 
[2, 9, 10, 46]  	423	3 
[0, 29, 4, 46]  	493	2 
[9, 6, 3, 47]  	237	6 
[7, 5, 5, 47]  	266	7 
[6, 19, 0, 47]  	295	7 
[7, 1, 10, 47]  	359	7 
[6, 2, 10, 47]  	364	7 
[2, 13, 8, 47]  	417	3 
[2, 20, 5, 47]  	421	3 
[1, 29, 2, 47]  	443	3 
[11, 7, 1, 48]  	208	5 
[20, 4, 3, 48]  	299	9 
[16, 1, 7, 48]  	344	8 
[4, 14, 6, 48]  	388	4 
[5, 7, 9, 48]  	392	6 
[4, 8, 9, 48]  	397	5 
[4, 26, 1, 48]  	399	5 
[1, 26, 2, 48]  	404	2 
[4, 22, 3, 48]  	405	5 
[1, 5, 14, 48]  	479	2 
[9, 6, 2, 49]  	208	4 
[4, 3, 6, 49]  	245	3 
[16, 1, 6, 49]  	315	7 
[12, 1, 8, 49]  	341	7 
[18, 0, 7, 49]  	347	8 
[6, 1, 10, 49]  	351	5 
[5, 23, 1, 49]  	368	6 
[4, 15, 5, 49]  	372	5 
[4, 22, 2, 49]  	376	4 
[4, 2, 11, 49]  	377	3 
[2, 30, 0, 49]  	406	4 
[2, 15, 7, 49]  	414	3 
[1, 22, 5, 49]  	439	2 
[1, 7, 12, 49]  	447	2 
[0, 5, 14, 49]  	471	1 
[1, 18, 8, 49]  	474	3 
[0, 18, 10, 49]  	524	1 
------
The gap is between 8 and 42.
Lengths: 3 3 6 7 3 3.
For 490 = 5*d/2-d1-d2-d3 you get 3 in char 0.
1*x^1*y^17*z^9
1*y^31*z^3
1*y^2*z^16

For 274 = 3*d/2-d1-d2-d3 you get 6 in char 0.
1*x^5*y^18
1*x^4*y^3*z^7
1*x^3*y^17*z^1
1*x^2*y^2*z^8
1*x^1*y^16*z^2
1*y^1*z^9

For 58 = d/2-d1-d2-d3 you get 3 in char 0.
1*x^4*y^2
1*x^2*y^1*z^1
1*z^2

Extra powers of p used 1.
The invariant extra is equal to 5.
Start computing 3^3 Delta^1 (x1x2x3)^2... Done.
Start computing 3^4 Delta^2 (x1x2x3)^2... Done.
Start computing 3^5 Delta^3 (x1x2x3)^2... Done.
Start computing 3^6 Delta^4 (x1x2x3)^2... Done.
Start computing 3^7 Delta^5 (x1x2x3)^2... Done.
Start computing 3^8 Delta^6 (x1x2x3)^2... Done.
Start computing 3^9 Delta^7 (x1x2x3)^2... Done.
Start computing 3^10 Delta^8 (x1x2x3)^2... Done.
Start computing 3^11 Delta^9 (x1x2x3)^2... Done.
Start computing 3^12 Delta^10 (x1x2x3)^2... Done.
Start computing aa.
1 2 3 4 5 6 7 8 9 10 11 12 
*/
A = \
[1983161700656805908412,1089569730594464727219,4488762287836534245372,24683025014816272676487,827455963331764259208,7290377292583675328418,6151066405534954671156,11073748893587915839578,15902782850980431206640,12373818793874363548404,21809059851042422998362,7996324757986172261439;\
25079234164503759979758,3448384691583191577039,24667216463715390041220,13992639859162882085013,572526033892071516873,15768686328378862099806,10798660976516574971031,15845309115619396773249,23974076758192562590848,22252736741039666413236,7767674508849664183263,12239376418970539174971;\
3167590782167517199734,19416632481661401803808,1675759548503604342771,19571247868652304125886,10401065588183376729456,24333108728798595997332,23985083569871277331938,19227745012548755559564,12634403540379108339933,333059534303342401053,72127159559267992956,17242144318589640533757;\
16741657324683563678169,17117778981641599182501,6079366039839522863775,21783050912262179171160,9345702806887908275712,16433811901546239738285,17791406577469900381401,21896704152019960105815,22172900353649921179449,15897554076451379191677,16256588088904658768988,7829191122966097840512;\
6687752556564141550260,20902328441223377889813,20518012430425906109182,20195045733646673988516,11662685389713607486992,25664773578557922909639,10468631812541565142377,20965570834143766933746,23512808541535007244687,17702369208938177155755,14202253944634720890933,10599645374203011406452;\
13206675436282532773845,13989909139885254957480,681346936877747118494,12911749034287301020053,25973250208122526933221,17065435556760663758103,6763074142168157579910,17334738707635908217026,13239910299425501138220,5634258064275589970067,9383944335218024916276,20025178712845560202833;\
18088446737372413937967,7740527130844788193617,16958529267463377986799,2846578705317599321007,11263334848108803418131,18154152242061936625998,14496509695483773568809,22513259759817990050910,9784081932054325839945,750309578261360904969,430513829087954368626,1543875370717220821395;\
10864263441242095867680,26361417863194221572928,4432088563566064025127,13642813234627611911334,23395437080860811633811,23771300857079636874105,17472820591690924099086,20056210004285019297216,23712228470296310427936,3614395413612325974687,4699436296305213989028,25292406095535451936635;\
16804568316891060521409,7933235705499277692441,15320497356183942234265,1373954730163829858043,2385245731270659612021,15625608000748736149755,3917943896363270001990,4166640622748134673100,18674492123238530863770,24900984874826725462146,9120124637289292510341,6661492123072382247447;\
19556530517733763010211,7921309922382275037951,14079311111174767427583,22737046487653550249361,7757558292505641714630,20775456497489037152517,22265459234931254073057,3981466739441339731647,16821112476398308977672,15494271302811440470086,18895506905732848824699,25290141063885900154566;\
4505064187184894603205,1713117480056089063809,4260885502464888705681,20539791144153597782970,12732078001908902972175,380221928865684715689,14928813431522218533969,8678160412765446473973,21724388686791749332980,5722550679121657356933,7816956866069543620011,24274007510276767747392;\
3375364976740795425660,7447745332084507345215,2697148962781592371971,24651789266438800599807,9249939530942642638695,18715843760161637738610,17190241816794098871267,26034054040862087229720,5289930501157519918488,6375464769975069463119,16299453911220839970531,4985736447130713204966]
/* 
This matrix times 3^(-2) should be the matrix of frobenius.
*/ 
B = 3^(-2) * A; 
/* Freed 37 lists. */
