/* Comments begin... 
Coefficient of   x^27                     = -1
Coefficient of   x^14 * y^8               = 1
Coefficient of   x^12 * y^7 * z^1         = 1
Coefficient of   x^10 * y^6 * z^2         = 1
Coefficient of   x^8 * y^5 * z^3         = 1
Coefficient of   x^6 * y^4 * z^4         = 1
Coefficient of   x^4 * y^3 * z^5         = 1
Coefficient of   x^2 * y^2 * z^6         = 1
Coefficient of   x^1 * y^16               = 0
Coefficient of   y^1 * z^7               = 1

Here is the polynomial we're using this time:

-1*x^27 + 1*x^14*y^8 + 1*x^12*y^7*z^1 + 1*x^10*y^6*z^2 + 1*x^8*y^5*z^3 + 1*x^6*y^4*z^4 + 1*x^4*y^3*z^5 + 1*x^2*y^2*z^6 + 1*y^1*z^7

Allocate G_len 20 elements and old = 0.
Allocate M_len = 400 elements.
Allocate G_len 40 elements and old = 20.
Allocate M_len = 800 elements.
Not smooth!
Coefficient of   x^27                     = -1
Coefficient of   x^14 * y^8               = -1
Coefficient of   x^12 * y^7 * z^1         = -1
Coefficient of   x^10 * y^6 * z^2         = -1
Coefficient of   x^8 * y^5 * z^3         = 1
Coefficient of   x^6 * y^4 * z^4         = 1
Coefficient of   x^4 * y^3 * z^5         = 1
Coefficient of   x^2 * y^2 * z^6         = 0
Coefficient of   x^1 * y^16               = 1
Coefficient of   y^1 * z^7               = 1

Here is the polynomial we're using this time:

-1*x^27 + -1*x^14*y^8 + -1*x^12*y^7*z^1 + -1*x^10*y^6*z^2 + 1*x^8*y^5*z^3 + 1*x^6*y^4*z^4 + 1*x^4*y^3*z^5 + 1*x^1*y^16 + 1*y^1*z^7

Allocate G_len 80 elements and old = 40.
Allocate M_len = 1600 elements.
Allocate M_len = 3200 elements.
Allocate G_len 160 elements and old = 80.
Allocate M_len = 6400 elements.
Allocate M_len = 12800 elements.
Allocate G_len 320 elements and old = 160.
Allocate M_len = 25600 elements.
Allocate M_len = 51200 elements.
Allocate G_len 640 elements and old = 320.
The final length of G is 280
[12, 7, 0, 0]  	187	6 
[27, 0, 0, 0]  	216	2  <--- 1
[6, 4, 6, 0]  	274	7 
[25, 6, 1, 0]  	307	13 
[23, 6, 2, 0]  	320	12 
[23, 4, 3, 0]  	323	11 
[11, 3, 7, 0]  	330	9 
[21, 6, 3, 0]  	333	11 
[11, 17, 1, 0]  	338	10 
[9, 3, 8, 0]  	343	8 
[19, 6, 4, 0]  	346	9 
[11, 2, 8, 0]  	346	10 
[21, 5, 4, 0]  	349	12 
[17, 3, 6, 0]  	349	10 
[15, 2, 7, 0]  	349	11 
[19, 2, 6, 0]  	352	11 
[11, 16, 2, 0]  	354	10 
[25, 3, 4, 0]  	355	10 
[7, 3, 9, 0]  	356	8 
[17, 6, 5, 0]  	359	10 
[9, 2, 9, 0]  	359	9 
[11, 21, 0, 0]  	361	9 
[21, 4, 5, 0]  	365	9 
[15, 1, 8, 0]  	365	10 
[8, 1, 10, 0]  	367	8 
[23, 3, 5, 0]  	368	10 
[19, 1, 7, 0]  	368	9 
[10, 20, 1, 0]  	369	9 
[11, 15, 3, 0]  	370	10 
[23, 1, 6, 0]  	371	9 
[10, 18, 2, 0]  	372	8 
[7, 2, 10, 0]  	372	8 
[10, 16, 3, 0]  	375	9 
[9, 19, 2, 0]  	377	9 
[6, 3, 10, 0]  	377	8 
[13, 1, 9, 0]  	378	8 
[11, 0, 10, 0]  	378	8 
[9, 17, 3, 0]  	380	8 
[9, 15, 4, 0]  	383	9 
[19, 0, 8, 0]  	384	8 
[8, 18, 3, 0]  	385	8 
[5, 2, 11, 0]  	385	7 
[11, 14, 4, 0]  	386	9 
[23, 0, 7, 0]  	387	8 
[8, 16, 4, 0]  	388	8 
[7, 1, 11, 0]  	388	8 
[11, 12, 5, 0]  	389	9 
[10, 24, 0, 0]  	392	9 
[7, 17, 4, 0]  	393	7 
[4, 1, 12, 0]  	393	6 
[10, 13, 5, 0]  	394	8 
[7, 15, 5, 0]  	396	6 
[5, 14, 6, 0]  	396	6 
[17, 0, 9, 0]  	397	7 
[5, 23, 2, 0]  	397	6 
[10, 0, 11, 0]  	399	8 
[9, 23, 1, 0]  	400	8 
[4, 15, 6, 0]  	401	6 
[4, 13, 7, 0]  	404	5 
[5, 8, 9, 0]  	405	6 
[3, 16, 6, 0]  	406	6 
[5, 26, 1, 0]  	407	5 
[4, 11, 8, 0]  	407	5 
[8, 22, 2, 0]  	408	7 
[5, 6, 10, 0]  	408	6 
[9, 26, 0, 0]  	410	6 
[4, 9, 9, 0]  	410	5 
[8, 0, 12, 0]  	412	6 
[4, 27, 1, 0]  	412	5 
[4, 7, 10, 0]  	413	5 
[3, 1, 13, 0]  	414	5 
[4, 25, 2, 0]  	415	5 
[7, 21, 3, 0]  	416	8 
[5, 0, 13, 0]  	417	5 
[4, 23, 3, 0]  	418	5 
[3, 26, 2, 0]  	420	4 
[3, 15, 7, 0]  	422	5 
[6, 29, 0, 0]  	425	4 
[3, 13, 8, 0]  	425	4 
[3, 11, 9, 0]  	428	4 
[4, 6, 11, 0]  	429	6 
[3, 29, 1, 0]  	430	5 
[3, 9, 10, 0]  	431	4 
[2, 12, 9, 0]  	433	3 
[3, 7, 11, 0]  	434	4 
[2, 10, 10, 0]  	436	3 
[4, 0, 14, 0]  	438	4 
[3, 23, 4, 0]  	439	3 
[2, 8, 11, 0]  	439	3 
[2, 6, 12, 0]  	442	4 
[2, 15, 8, 0]  	443	4 
[2, 20, 6, 0]  	450	4 
[2, 29, 2, 0]  	451	4 
[1, 23, 5, 0]  	452	2 
[1, 21, 6, 0]  	455	3 
[1, 10, 11, 0]  	457	2 
[2, 5, 13, 0]  	458	4 
[3, 0, 15, 0]  	459	3 
[1, 8, 12, 0]  	460	2 
[2, 1, 15, 0]  	464	4 
[0, 9, 12, 0]  	465	1 
[2, 19, 7, 0]  	466	4 
[1, 20, 7, 0]  	471	3 
[1, 29, 3, 0]  	472	3 
[0, 23, 6, 0]  	473	1 
[2, 33, 1, 0]  	474	4 
[2, 4, 14, 0]  	474	4 
[1, 7, 13, 0]  	476	2 
[1, 34, 1, 0]  	479	3 
[0, 37, 0, 0]  	481	1  <--- 2
[0, 8, 13, 0]  	481	1 
[0, 35, 1, 0]  	484	2 
[1, 19, 8, 0]  	487	3 
[0, 22, 7, 0]  	489	1 
[1, 6, 14, 0]  	492	2 
[1, 15, 10, 0]  	493	3 
[1, 33, 2, 0]  	495	3 
[0, 7, 14, 0]  	497	1 
[0, 34, 2, 0]  	500	2 
[1, 18, 9, 0]  	503	3 
[0, 21, 8, 0]  	505	1 
[0, 6, 15, 0]  	513	1 
[0, 20, 9, 0]  	521	1 
[0, 29, 5, 0]  	522	2 
[1, 4, 16, 0]  	524	2 
[0, 5, 16, 0]  	529	1 
[1, 0, 18, 0]  	530	1 
[0, 32, 4, 0]  	532	2 
[0, 19, 10, 0]  	537	1 
[0, 4, 17, 0]  	545	1 
[0, 0, 19, 0]  	551	1  <--- 3
[0, 18, 11, 0]  	553	1 
[0, 3, 18, 0]  	561	1 
[10, 6, 2, 1]  	216	5 
[10, 5, 3, 1]  	232	8 
[23, 5, 2, 1]  	307	13 
[9, 19, 0, 1]  	319	9 
[15, 3, 6, 1]  	333	10 
[21, 4, 4, 1]  	336	12 
[14, 2, 7, 1]  	341	11 
[18, 2, 6, 1]  	344	12 
[9, 17, 2, 1]  	351	9 
[21, 3, 5, 1]  	352	10 
[23, 2, 5, 1]  	355	11 
[8, 18, 2, 1]  	356	8 
[14, 1, 8, 1]  	357	11 
[8, 16, 3, 1]  	359	8 
[11, 1, 9, 1]  	362	9 
[7, 17, 3, 1]  	364	8 
[8, 15, 4, 1]  	375	8 
[7, 16, 4, 1]  	380	8 
[6, 1, 11, 1]  	380	7 
[8, 0, 11, 1]  	383	7 
[9, 13, 5, 1]  	386	7 
[5, 0, 12, 1]  	388	6 
[8, 25, 0, 1]  	389	8 
[8, 14, 5, 1]  	391	6 
[8, 23, 1, 1]  	392	8 
[7, 26, 0, 1]  	394	7 
[6, 16, 5, 1]  	401	6 
[5, 28, 0, 1]  	404	5 
[4, 29, 0, 1]  	409	6 
[7, 25, 1, 1]  	410	5 
[6, 22, 3, 1]  	421	6 
[3, 24, 3, 1]  	423	4 
[5, 21, 4, 1]  	429	6 
[4, 22, 4, 1]  	434	4 
[2, 30, 1, 1]  	435	5 
[3, 5, 12, 1]  	437	5 
[2, 26, 3, 1]  	441	3 
[3, 21, 5, 1]  	442	4 
[5, 20, 5, 1]  	445	6 
[2, 22, 5, 1]  	447	3 
[2, 25, 4, 1]  	457	2 
[0, 36, 0, 1]  	468	2 
[2, 35, 0, 1]  	471	3 
[2, 0, 16, 1]  	480	3 
[1, 5, 15, 1]  	508	2 
[0, 33, 3, 1]  	516	2 
[12, 6, 1, 2]  	203	8 
[8, 5, 4, 2]  	245	7 
[8, 4, 5, 2]  	261	8 
[7, 18, 0, 2]  	290	8 
[22, 5, 2, 2]  	299	13 
[19, 4, 4, 2]  	320	12 
[19, 3, 5, 2]  	336	11 
[23, 3, 4, 2]  	339	12 
[22, 2, 5, 2]  	347	12 
[18, 1, 7, 2]  	360	11 
[6, 18, 3, 2]  	369	7 
[10, 0, 10, 2]  	370	9 
[6, 16, 4, 2]  	372	7 
[7, 0, 11, 2]  	375	7 
[5, 17, 4, 2]  	377	7 
[22, 0, 7, 2]  	379	10 
[7, 14, 5, 2]  	383	7 
[6, 26, 0, 2]  	386	7 
[6, 15, 5, 2]  	388	6 
[6, 24, 1, 2]  	389	7 
[5, 27, 0, 2]  	391	6 
[6, 22, 2, 2]  	392	7 
[5, 16, 5, 2]  	393	6 
[5, 25, 1, 2]  	394	6 
[5, 21, 3, 2]  	400	6 
[5, 10, 8, 2]  	402	6 
[4, 0, 13, 2]  	409	5 
[3, 28, 1, 2]  	417	4 
[4, 21, 4, 2]  	421	5 
[3, 22, 4, 2]  	426	4 
[3, 0, 14, 2]  	430	4 
[2, 24, 4, 2]  	444	3 
[1, 25, 4, 2]  	449	2 
[2, 34, 0, 2]  	458	4 
[1, 0, 17, 2]  	501	2 
[26, 0, 0, 3]  	208	8 
[22, 4, 3, 3]  	315	13 
[14, 3, 6, 3]  	325	11 
[18, 3, 5, 3]  	328	12 
[22, 1, 6, 3]  	363	10 
[18, 0, 8, 3]  	376	10 
[15, 0, 9, 3]  	381	9 
[4, 16, 5, 3]  	385	6 
[3, 29, 0, 3]  	401	5 
[4, 5, 11, 3]  	416	6 
[3, 20, 5, 3]  	429	5 
[2, 33, 0, 3]  	445	5 
[1, 35, 0, 3]  	463	3 
[18, 4, 4, 4]  	312	12 
[22, 3, 4, 4]  	331	13 
[5, 12, 7, 4]  	399	6 
[10, 1, 9, 5]  	354	9 
[14, 0, 9, 6]  	373	10 
[6, 25, 0, 44]  	373	7 
[4, 26, 1, 44]  	399	5 
[9, 15, 3, 45]  	354	8 
[4, 24, 2, 46]  	402	5 
[2, 19, 6, 46]  	437	4 
[11, 7, 1, 47]  	208	7 
[9, 6, 3, 47]  	237	7 
[7, 5, 5, 47]  	266	7 
[6, 19, 0, 47]  	295	7 
[12, 2, 7, 47]  	325	9 
[5, 24, 1, 47]  	381	6 
[3, 1, 12, 47]  	385	3 
[4, 23, 2, 47]  	389	5 
[2, 14, 7, 47]  	401	3 
[2, 4, 12, 47]  	416	3 
[2, 13, 8, 47]  	417	3 
[1, 6, 13, 47]  	463	2 
[4, 3, 6, 48]  	245	4 
[14, 2, 6, 48]  	312	10 
[12, 1, 8, 48]  	341	9 
[9, 0, 10, 48]  	362	5 
[4, 2, 11, 48]  	377	4 
[2, 15, 6, 48]  	385	4 
[2, 5, 11, 48]  	400	3 
[2, 1, 13, 48]  	406	3 
[3, 19, 5, 48]  	416	5 
[1, 9, 11, 48]  	444	2 
[0, 10, 11, 48]  	449	1 
[1, 19, 7, 48]  	458	3 
[1, 33, 1, 48]  	466	3 
[0, 19, 9, 48]  	508	1 
[10, 5, 2, 49]  	203	5 
[2, 1, 6, 49]  	203	3 
[20, 2, 5, 49]  	331	10 
[8, 17, 2, 49]  	343	6 
[20, 0, 7, 49]  	363	8 
[3, 0, 12, 49]  	372	4 
[3, 26, 1, 49]  	391	3 
[1, 29, 1, 49]  	414	3 
[1, 5, 12, 49]  	421	2 
[1, 10, 10, 49]  	428	2 
[0, 4, 13, 49]  	429	1 
[0, 9, 11, 49]  	436	1 
[1, 20, 6, 49]  	442	2 
[1, 18, 7, 49]  	445	2 
[0, 19, 7, 49]  	450	1 
[0, 24, 5, 49]  	457	1 
[0, 34, 1, 49]  	471	1 
------
The gap is between 7 and 43.
Lengths: 3 3 6 8 3 3.
For 490 = 5*d/2-d1-d2-d3 you get 3 in char 0.
1*x^1*y^17*z^9
1*y^31*z^3
1*y^2*z^16

For 274 = 3*d/2-d1-d2-d3 you get 6 in char 0.
1*x^5*y^18
1*x^4*y^3*z^7
1*x^3*y^17*z^1
1*x^2*y^2*z^8
1*x^1*y^16*z^2
1*y^1*z^9

For 58 = d/2-d1-d2-d3 you get 3 in char 0.
1*x^4*y^2
1*x^2*y^1*z^1
1*z^2

Extra powers of p used 2.
The invariant extra is equal to 5.
Start computing 3^3 Delta^1 (x1x2x3)^2... Done.
Start computing 3^4 Delta^2 (x1x2x3)^2... Done.
Start computing 3^5 Delta^3 (x1x2x3)^2... Done.
Start computing 3^6 Delta^4 (x1x2x3)^2... Done.
Start computing 3^7 Delta^5 (x1x2x3)^2... Done.
Start computing 3^8 Delta^6 (x1x2x3)^2... Done.
Start computing 3^9 Delta^7 (x1x2x3)^2... Done.
Start computing 3^10 Delta^8 (x1x2x3)^2... Done.
Start computing 3^11 Delta^9 (x1x2x3)^2... Done.
Start computing 3^12 Delta^10 (x1x2x3)^2... Done.
Start computing aa.
1 2 3 4 5 6 7 8 9 10 11 12 
*/
A = \
[18381387067603417192212,9150366505700900512962,16653956205769709464305,1525207456174390350408,10291132314296869518891,309387516563787463377,9465025087443950621235,1955578368263911014123,20735287335366977845836,3672965582491591499922,24816965791398695680491,25106649934185910462131;\
5039331486652106971722,15092323924435630613802,11056326270536222172009,25225669212707473781175,834200145205967907900,1410176428112012821146,5257861985169047902176,7417916378365851856692,7678284280728678028206,23898308875334101555551,1025345707744894944741,463810121377563134421;\
24994867896476592947397,14745445991026765719561,14721214137942272207211,11407644970694556791328,5779716163169419694133,15988799674963995861240,25355625690845084826897,3576190249189188095562,3198859449676961334786,15562996724248721594433,13404219403917827371275,4608556725258588591828;\
13419163854815634792780,8502115195249577049042,24059134622155065337089,14821198523809370412606,26286444610104859729452,7217374457073097449837,12730465259238528537012,6466313125448050822200,18302746594674320086446,10825103556372136468122,14143353512468549328954,13148487066493401952464;\
17189214054339898302326,4115510724132245053853,12515698558842082084473,2492045800516098397863,4246251038641085795460,14063940564621666553440,24913158571908543909258,19668217222981363703967,23190523744775161860891,18532177735602785746086,20287904444594543505627,4275503924596572234915;\
7300402098220120987067,10554524580889320925622,9966700791546879621996,2713589810301868894494,15052367075464033839351,19731772258453785598191,9130505269276841499756,25028705806005700212066,4634972106258755548647,23945537655007575892398,9864549537755177184228,25205347420566718585806;\
1820324282496551755939,10482092949650469574491,15928370559202081360993,13253630021316380724147,12274026275829935204523,24177009084763790745531,10086361683678516761019,23694162733426343729589,7046450549065850544558,15354860701725693494937,1082869718173199528967,14070588714794029471803;\
6168724384780247451671,18230063672060234727739,15431604811653843476587,25198972344344327100444,15329186768703463024473,2360973397849783258500,10894204817860243497003,2476540033083467837658,17109228771752936692608,21993278961781483798644,17845384132359608068197,2963638343883003761889;\
8205885183712380742208,15057838250643473237722,2403090848393179714009,21237090172007751021807,13913797425713521724880,1115650966839945959484,11333730377236707792963,21544965022681925973045,24505588727883952521588,21142361511002664263052,22779687568572567442107,9780264649508351349465;\
20253077779520983247186,15806708112388229358524,26585713528625013617490,12743284697728513223580,21069564683312790532899,6938221985300835704439,20904134971147102666233,8489678917454172895662,356148506469273728418,9773417610974646450693,24255616995217772019567,12676382065422596296575;\
17865593738974273193054,5572143236509488521988,20973652629788721637031,24563282297469921908640,4411698974859669227937,21142501857931327122645,21396153367805818760748,21467749557958603631442,2655482749711718325336,23840019280658138124564,17527059139095161043741,11744244559464941846160;\
5014045726153872257060,9727589041731407874991,1161899853616328706406,20975970007530155890692,18158365973855949785316,1008786644795540041281,1708781460187945161015,7184022147004027613904,13328192724298833294162,3626862628086694317717,23152567140562144585221,26081669706285124573911]
/* 
This matrix times 3^(-2) should be the matrix of frobenius.
*/ 
B = 3^(-2) * A; 
/* Freed 39 lists. */
