/* Comments begin... 
Coefficient of   x^27                     = 0
Coefficient of   x^14 * y^8               = 1
Coefficient of   x^12 * y^7 * z^1         = 1
Coefficient of   x^10 * y^6 * z^2         = 1
Coefficient of   x^8 * y^5 * z^3         = 1
Coefficient of   x^6 * y^4 * z^4         = 0
Coefficient of   x^4 * y^3 * z^5         = 1
Coefficient of   x^2 * y^2 * z^6         = 0
Coefficient of   x^1 * y^16               = 1
Coefficient of   y^1 * z^7               = 0

Here is the polynomial we're using this time:

1*x^14*y^8 + 1*x^12*y^7*z^1 + 1*x^10*y^6*z^2 + 1*x^8*y^5*z^3 + 1*x^4*y^3*z^5 + 1*x^1*y^16

Allocate G_len 20 elements and old = 0.
Allocate M_len = 400 elements.
Allocate G_len 40 elements and old = 20.
Allocate M_len = 800 elements.
Allocate G_len 80 elements and old = 40.
Not smooth!
Coefficient of   x^27                     = 1
Coefficient of   x^14 * y^8               = -1
Coefficient of   x^12 * y^7 * z^1         = 1
Coefficient of   x^10 * y^6 * z^2         = -1
Coefficient of   x^8 * y^5 * z^3         = -1
Coefficient of   x^6 * y^4 * z^4         = -1
Coefficient of   x^4 * y^3 * z^5         = 0
Coefficient of   x^2 * y^2 * z^6         = 0
Coefficient of   x^1 * y^16               = -1
Coefficient of   y^1 * z^7               = -1

Here is the polynomial we're using this time:

1*x^27 + -1*x^14*y^8 + 1*x^12*y^7*z^1 + -1*x^10*y^6*z^2 + -1*x^8*y^5*z^3 + -1*x^6*y^4*z^4 + -1*x^1*y^16 + -1*y^1*z^7

Allocate M_len = 1600 elements.
Allocate M_len = 3200 elements.
Allocate G_len 160 elements and old = 80.
Allocate M_len = 6400 elements.
Allocate M_len = 12800 elements.
Allocate G_len 320 elements and old = 160.
Allocate M_len = 25600 elements.
Allocate M_len = 51200 elements.
The final length of G is 218
[12, 7, 0, 0]  	187	5 
[27, 0, 0, 0]  	216	2  <--- 1
[10, 6, 3, 0]  	245	7 
[8, 5, 4, 0]  	245	7 
[8, 4, 5, 0]  	261	8 
[7, 18, 0, 0]  	290	8 
[25, 6, 1, 0]  	307	11 
[18, 4, 4, 0]  	312	11 
[23, 6, 2, 0]  	320	10 
[21, 5, 3, 0]  	320	11 
[11, 3, 7, 0]  	330	8 
[15, 3, 6, 0]  	333	9 
[19, 3, 5, 0]  	336	10 
[11, 17, 1, 0]  	338	9 
[25, 4, 3, 0]  	339	7 
[23, 3, 4, 0]  	339	10 
[11, 2, 8, 0]  	346	9 
[15, 2, 7, 0]  	349	9 
[10, 3, 8, 0]  	351	9 
[19, 2, 6, 0]  	352	9 
[11, 16, 2, 0]  	354	10 
[21, 1, 6, 0]  	355	8 
[7, 3, 9, 0]  	356	8 
[10, 17, 2, 0]  	359	7 
[9, 2, 9, 0]  	359	7 
[8, 16, 3, 0]  	359	7 
[11, 1, 9, 0]  	362	8 
[7, 17, 3, 0]  	364	8 
[15, 1, 8, 0]  	365	9 
[8, 1, 10, 0]  	367	8 
[6, 18, 3, 0]  	369	7 
[21, 0, 7, 0]  	371	8 
[7, 2, 10, 0]  	372	7 
[6, 16, 4, 0]  	372	7 
[7, 9, 7, 0]  	376	7 
[6, 23, 1, 0]  	376	7 
[6, 3, 10, 0]  	377	7 
[5, 17, 4, 0]  	377	7 
[11, 0, 10, 0]  	378	8 
[6, 1, 11, 0]  	380	7 
[7, 14, 5, 0]  	383	7 
[6, 8, 8, 0]  	384	6 
[5, 22, 2, 0]  	384	6 
[4, 16, 5, 0]  	385	6 
[7, 12, 6, 0]  	386	7 
[6, 26, 0, 0]  	386	7 
[6, 15, 5, 0]  	388	6 
[5, 0, 12, 0]  	388	6 
[9, 0, 11, 0]  	391	6 
[5, 27, 0, 0]  	391	6 
[4, 1, 12, 0]  	393	6 
[6, 11, 7, 0]  	394	6 
[5, 25, 1, 0]  	394	6 
[5, 10, 8, 0]  	402	6 
[6, 14, 6, 0]  	404	6 
[3, 16, 6, 0]  	406	6 
[4, 11, 8, 0]  	407	5 
[5, 6, 10, 0]  	408	6 
[4, 0, 13, 0]  	409	5 
[4, 9, 9, 0]  	410	5 
[19, 0, 9, 0]  	413	5 
[4, 7, 10, 0]  	413	5 
[3, 30, 0, 0]  	414	5 
[3, 1, 13, 0]  	414	5 
[4, 25, 2, 0]  	415	5 
[3, 28, 1, 0]  	417	4 
[4, 23, 3, 0]  	418	5 
[4, 21, 4, 0]  	421	5 
[3, 24, 3, 0]  	423	4 
[3, 11, 9, 0]  	428	4 
[4, 6, 11, 0]  	429	5 
[3, 20, 5, 0]  	429	5 
[3, 0, 14, 0]  	430	4 
[3, 9, 10, 0]  	431	4 
[3, 27, 2, 0]  	433	3 
[2, 12, 9, 0]  	433	3 
[3, 7, 11, 0]  	434	4 
[3, 5, 12, 0]  	437	5 
[2, 8, 11, 0]  	439	3 
[2, 6, 12, 0]  	442	4 
[2, 15, 8, 0]  	443	4 
[2, 24, 4, 0]  	444	3 
[2, 33, 0, 0]  	445	5 
[2, 11, 10, 0]  	449	2 
[1, 25, 4, 0]  	449	2 
[2, 20, 6, 0]  	450	4 
[1, 21, 6, 0]  	455	3 
[1, 10, 11, 0]  	457	2 
[2, 5, 13, 0]  	458	4 
[2, 23, 5, 0]  	460	2 
[1, 8, 12, 0]  	460	2 
[2, 30, 2, 0]  	464	5 
[1, 24, 5, 0]  	465	1 
[0, 9, 12, 0]  	465	1 
[1, 20, 7, 0]  	471	3 
[1, 29, 3, 0]  	472	3 
[0, 23, 6, 0]  	473	1 
[1, 7, 13, 0]  	476	2 
[1, 34, 1, 0]  	479	3 
[0, 37, 0, 0]  	481	1  <--- 2
[0, 8, 13, 0]  	481	1 
[0, 35, 1, 0]  	484	2 
[1, 19, 8, 0]  	487	3 
[0, 22, 7, 0]  	489	1 
[2, 1, 16, 0]  	493	3 
[1, 15, 10, 0]  	493	3 
[1, 33, 2, 0]  	495	3 
[0, 7, 14, 0]  	497	1 
[0, 34, 2, 0]  	500	2 
[1, 0, 17, 0]  	501	2 
[1, 18, 9, 0]  	503	3 
[0, 21, 8, 0]  	505	1 
[1, 5, 15, 0]  	508	2 
[0, 6, 15, 0]  	513	1 
[0, 33, 3, 0]  	516	2 
[0, 20, 9, 0]  	521	1 
[0, 29, 5, 0]  	522	2 
[1, 4, 16, 0]  	524	2 
[0, 5, 16, 0]  	529	1 
[0, 32, 4, 0]  	532	2 
[0, 19, 10, 0]  	537	1 
[0, 4, 17, 0]  	545	1 
[0, 0, 19, 0]  	551	1  <--- 3
[0, 18, 11, 0]  	553	1 
[0, 3, 18, 0]  	561	1 
[10, 6, 2, 1]  	216	6 
[6, 4, 6, 1]  	274	6 
[23, 5, 2, 1]  	307	11 
[23, 4, 3, 1]  	323	10 
[22, 3, 4, 1]  	331	10 
[9, 17, 2, 1]  	351	8 
[19, 1, 7, 1]  	368	8 
[7, 0, 11, 1]  	375	7 
[17, 0, 9, 1]  	397	6 
[5, 12, 7, 1]  	399	6 
[5, 21, 3, 1]  	400	6 
[4, 15, 6, 1]  	401	6 
[4, 13, 7, 1]  	404	5 
[5, 8, 9, 1]  	405	6 
[4, 29, 0, 1]  	409	5 
[4, 27, 1, 1]  	412	5 
[3, 26, 2, 1]  	420	4 
[3, 15, 7, 1]  	422	5 
[2, 30, 1, 1]  	435	5 
[2, 26, 3, 1]  	441	3 
[2, 22, 5, 1]  	447	3 
[2, 29, 2, 1]  	451	4 
[1, 23, 5, 1]  	452	2 
[1, 35, 0, 1]  	463	3 
[2, 1, 15, 1]  	464	4 
[0, 36, 0, 1]  	468	2 
[2, 4, 14, 1]  	474	4 
[2, 0, 16, 1]  	480	3 
[12, 6, 1, 2]  	203	7 
[10, 5, 3, 2]  	232	8 
[22, 5, 2, 2]  	299	11 
[15, 0, 9, 2]  	381	8 
[5, 2, 11, 2]  	385	6 
[5, 14, 6, 2]  	396	6 
[3, 29, 0, 2]  	401	5 
[4, 5, 11, 2]  	416	6 
[2, 10, 10, 2]  	436	3 
[3, 23, 4, 2]  	439	3 
[1, 6, 14, 2]  	492	2 
[26, 0, 0, 3]  	208	7 
[14, 3, 6, 3]  	325	10 
[18, 3, 5, 3]  	328	12 
[14, 2, 7, 3]  	341	11 
[9, 3, 8, 3]  	343	8 
[18, 2, 6, 3]  	344	9 
[20, 1, 6, 3]  	347	9 
[14, 1, 8, 3]  	357	9 
[20, 0, 7, 3]  	363	9 
[10, 0, 10, 3]  	370	8 
[3, 13, 8, 3]  	425	4 
[3, 22, 4, 3]  	426	4 
[22, 4, 3, 4]  	315	12 
[10, 1, 9, 4]  	354	9 
[18, 1, 7, 4]  	360	9 
[2, 19, 7, 4]  	466	4 
[14, 0, 9, 5]  	373	9 
[6, 25, 0, 44]  	373	7 
[6, 24, 0, 45]  	360	7 
[9, 6, 3, 46]  	237	7 
[6, 19, 0, 46]  	295	7 
[1, 33, 1, 46]  	466	3 
[11, 7, 1, 47]  	208	6 
[8, 4, 4, 47]  	232	7 
[7, 5, 5, 47]  	266	7 
[5, 24, 1, 47]  	381	6 
[3, 0, 13, 47]  	401	4 
[2, 27, 2, 47]  	425	3 
[2, 7, 11, 47]  	426	3 
[20, 3, 4, 48]  	315	10 
[8, 17, 2, 48]  	343	7 
[5, 23, 1, 48]  	368	4 
[3, 1, 12, 48]  	385	4 
[5, 9, 8, 48]  	389	6 
[5, 7, 9, 48]  	392	6 
[4, 6, 10, 48]  	400	5 
[4, 22, 3, 48]  	405	5 
[3, 19, 5, 48]  	416	5 
[1, 24, 4, 48]  	436	2 
[0, 20, 8, 48]  	492	1 
[10, 5, 2, 49]  	203	6 
[8, 4, 3, 49]  	203	5 
[5, 18, 0, 49]  	274	3 
[7, 2, 9, 49]  	343	6 
[6, 14, 5, 49]  	375	5 
[5, 8, 8, 49]  	376	5 
[1, 11, 8, 49]  	383	2 
[4, 21, 3, 49]  	392	4 
[3, 13, 7, 49]  	396	3 
[4, 8, 9, 49]  	397	4 
[1, 22, 5, 49]  	439	2 
[0, 7, 12, 49]  	439	1 
[0, 20, 7, 49]  	463	1 
[0, 32, 3, 49]  	503	2 
------
The gap is between 6 and 43.
Lengths: 3 3 6 7 3 4.
For 490 = 5*d/2-d1-d2-d3 you get 3 in char 0.
1*x^1*y^17*z^9
1*y^31*z^3
1*y^2*z^16

For 274 = 3*d/2-d1-d2-d3 you get 6 in char 0.
1*x^5*y^18
1*x^4*y^3*z^7
1*x^3*y^17*z^1
1*x^2*y^2*z^8
1*x^1*y^16*z^2
1*y^1*z^9

For 58 = d/2-d1-d2-d3 you get 3 in char 0.
1*x^4*y^2
1*x^2*y^1*z^1
1*z^2

Extra powers of p used 3.
The invariant extra is equal to 5.
Start computing 3^3 Delta^1 (x1x2x3)^2... Done.
Start computing 3^4 Delta^2 (x1x2x3)^2... Done.
Start computing 3^5 Delta^3 (x1x2x3)^2... Done.
Start computing 3^6 Delta^4 (x1x2x3)^2... Done.
Start computing 3^7 Delta^5 (x1x2x3)^2... Done.
Start computing 3^8 Delta^6 (x1x2x3)^2... Done.
Start computing 3^9 Delta^7 (x1x2x3)^2... Done.
Start computing 3^10 Delta^8 (x1x2x3)^2... Done.
Start computing 3^11 Delta^9 (x1x2x3)^2... Done.
Start computing 3^12 Delta^10 (x1x2x3)^2... Done.
Start computing aa.
1 2 3 4 5 6 7 8 9 10 11 12 
*/
A = \
[17891637555378030279327,2467969953186619100610,6081657748990242667524,17362087482193575961887,8364925570272492099969,8223738556649563437309,10493820485805573380376,20754926782610389968924,16192765771171312503834,13612236106416835212945,12097226277693118157283,10346500958598679881375;\
6536214896944711878036,10537246821716836309323,21451145178740440544640,5441091602224575217302,3545607533863266264672,8138158124947204918716,15787486927035691789995,23648255364193991297091,20075599735340782068621,13678754478347160514269,2904222914304358243293,13765159681649271972702;\
14017074951097382585472,22061940728710930708896,24137000155952507655243,10832740431300519611364,9843525365404044669138,11968578746074794636729,9062057807458319527002,25793313231995117229510,14018202512727312448899,9695726840307395412288,10016508924354874006899,4645940894376701383593;\
1179021136575443121658,1043362830218747998097,25933216732183201348722,21490394670492820395300,3735973269245634218820,9339962694460226755884,25846677995074880364423,5762852878940150494473,5885079258214715325354,17130718906992188379936,9292351546226726787573,5395952817582776390106;\
6185016936923067985384,20276447604463517246894,17945993661898033368138,21673792736554249688733,23038329061341430888383,10792205237479410759843,2364624569491954871544,3798077010622133776596,1579943904852711472452,5947218828723984602229,25950482040417242657049,5949691934844331305369;\
25337592348346290411333,2341303135061723179029,24661019175992011046817,5338523445337003714821,8438003631683676910620,11767337247379234832271,9379527948797134191471,22556686374347066090181,23895879983375653937925,22727469169553025230991,11324422851729566461227,5031664766588505167757;\
16276884251713469760957,2164909011431706179553,17837650264460884198560,19853459207978531832306,536422284980228924244,15080085798020400055977,17487749521521490029129,2613395472618250864053,24437550758646013714098,13553784879776806114908,23643073519385415061608,16065475468587552635550;\
22082246428206702181668,3562739476138523596845,2806278813493326843417,19197915618602812361391,12321187455893429492235,6001504223901152095170,18348844962236695503444,10830391893731000600973,23651159140936389370329,11751726262778549376003,4607952267381132259530,24274202932217664354330;\
25064011631820097453966,923921558900090831426,21769463154289178274114,25107834390573452113143,1962601080340449124530,8985298364473682572758,25403347665391286697201,11825218569918855412530,5444377475389425404073,25102342998103510306584,9575648403632742378312,4803228983414467894284;\
3370048951306533655995,11005090053113238532227,16669350832572384980391,22060643930356980079116,30676740421250733282,12980078918028397152324,14854146254624717854074,785840080601609025219,10964797816211877413367,25534403292281636458044,8554313532258310900581,24407788617625795161741;\
20383809553398561374481,12397420067375018058951,18384512990482003918644,2935470472709006679345,22789618764317983857969,5008161733397023686606,23011447889148188808294,25499160748161864263385,26318927143417151705634,7722171669974192898039,4090707124570494498969,3614262903356399355267;\
15661151229642253912284,6693591907715992593366,18604627265072123848899,25963600045119740465742,9706522555363820012334,20447637338360301271029,24121398801158316232866,10616079547957586673582,8519370263306558144829,15549746023225525619592,11870194530224468431404,23468741530877074820436]
/* 
This matrix times 3^(-3) should be the matrix of frobenius.
*/ 
B = 3^(-3) * A; 
/* Freed 37 lists. */
