/* Comments begin... 
Coefficient of   x^27                     = 1
Coefficient of   x^14 * y^8               = -1
Coefficient of   x^12 * y^7 * z^1         = 1
Coefficient of   x^10 * y^6 * z^2         = 1
Coefficient of   x^8 * y^5 * z^3         = 0
Coefficient of   x^6 * y^4 * z^4         = 1
Coefficient of   x^4 * y^3 * z^5         = 1
Coefficient of   x^2 * y^2 * z^6         = 1
Coefficient of   x^1 * y^16               = -1
Coefficient of   y^1 * z^7               = 1

Here is the polynomial we're using this time:

1*x^27 + -1*x^14*y^8 + 1*x^12*y^7*z^1 + 1*x^10*y^6*z^2 + 1*x^6*y^4*z^4 + 1*x^4*y^3*z^5 + 1*x^2*y^2*z^6 + -1*x^1*y^16 + 1*y^1*z^7

Allocate G_len 20 elements and old = 0.
Allocate M_len = 400 elements.
Allocate G_len 40 elements and old = 20.
Allocate M_len = 800 elements.
Allocate G_len 80 elements and old = 40.
Allocate M_len = 1600 elements.
Allocate M_len = 3200 elements.
Allocate G_len 160 elements and old = 80.
Allocate M_len = 6400 elements.
Allocate M_len = 12800 elements.
Allocate G_len 320 elements and old = 160.
Allocate M_len = 25600 elements.
Allocate M_len = 51200 elements.
The final length of G is 225
[12, 7, 0, 0]  	187	6 
[12, 6, 1, 0]  	203	8 
[27, 0, 0, 0]  	216	2  <--- 1
[10, 6, 2, 0]  	216	7 
[10, 5, 3, 0]  	232	8 
[8, 5, 4, 0]  	245	7 
[8, 4, 5, 0]  	261	8 
[6, 4, 6, 0]  	274	7 
[7, 18, 0, 0]  	290	8 
[19, 4, 4, 0]  	320	11 
[23, 4, 3, 0]  	323	6 
[11, 3, 7, 0]  	330	10 
[11, 17, 1, 0]  	338	10 
[23, 3, 4, 0]  	339	10 
[11, 2, 8, 0]  	346	9 
[17, 3, 6, 0]  	349	9 
[15, 2, 7, 0]  	349	9 
[10, 3, 8, 0]  	351	9 
[9, 17, 2, 0]  	351	9 
[21, 3, 5, 0]  	352	9 
[19, 2, 6, 0]  	352	9 
[7, 3, 9, 0]  	356	8 
[9, 2, 9, 0]  	359	8 
[8, 16, 3, 0]  	359	8 
[15, 1, 8, 0]  	365	8 
[19, 1, 7, 0]  	368	7 
[6, 18, 3, 0]  	369	7 
[7, 2, 10, 0]  	372	8 
[9, 1, 10, 0]  	375	7 
[7, 0, 11, 0]  	375	7 
[6, 3, 10, 0]  	377	7 
[5, 17, 4, 0]  	377	7 
[11, 0, 10, 0]  	378	7 
[7, 16, 4, 0]  	380	7 
[6, 1, 11, 0]  	380	7 
[15, 0, 9, 0]  	381	7 
[7, 14, 5, 0]  	383	7 
[19, 0, 8, 0]  	384	7 
[5, 2, 11, 0]  	385	6 
[4, 16, 5, 0]  	385	6 
[6, 26, 0, 0]  	386	7 
[25, 1, 6, 0]  	387	7 
[23, 0, 7, 0]  	387	7 
[6, 15, 5, 0]  	388	6 
[5, 0, 12, 0]  	388	6 
[6, 24, 1, 0]  	389	7 
[5, 27, 0, 0]  	391	6 
[6, 22, 2, 0]  	392	7 
[4, 1, 12, 0]  	393	6 
[5, 14, 6, 0]  	396	6 
[5, 12, 7, 0]  	399	6 
[4, 15, 6, 0]  	401	6 
[5, 10, 8, 0]  	402	6 
[4, 13, 7, 0]  	404	5 
[5, 8, 9, 0]  	405	6 
[5, 26, 1, 0]  	407	5 
[4, 11, 8, 0]  	407	5 
[5, 6, 10, 0]  	408	6 
[4, 29, 0, 0]  	409	6 
[5, 24, 2, 0]  	410	5 
[4, 9, 9, 0]  	410	5 
[3, 30, 0, 0]  	414	6 
[4, 25, 2, 0]  	415	5 
[3, 15, 7, 0]  	422	5 
[3, 24, 3, 0]  	423	4 
[3, 13, 8, 0]  	425	4 
[4, 8, 10, 0]  	426	5 
[3, 11, 9, 0]  	428	4 
[4, 6, 11, 0]  	429	5 
[3, 20, 5, 0]  	429	5 
[3, 29, 1, 0]  	430	5 
[3, 27, 2, 0]  	433	3 
[2, 12, 9, 0]  	433	3 
[4, 22, 4, 0]  	434	4 
[3, 7, 11, 0]  	434	4 
[2, 30, 1, 0]  	435	5 
[3, 5, 12, 0]  	437	5 
[3, 23, 4, 0]  	439	3 
[2, 8, 11, 0]  	439	3 
[2, 26, 3, 0]  	441	3 
[2, 6, 12, 0]  	442	4 
[3, 1, 14, 0]  	443	4 
[2, 15, 8, 0]  	443	4 
[3, 19, 6, 0]  	445	5 
[2, 33, 0, 0]  	445	5 
[2, 22, 5, 0]  	447	3 
[2, 11, 10, 0]  	449	2 
[1, 25, 4, 0]  	449	2 
[2, 20, 6, 0]  	450	4 
[2, 29, 2, 0]  	451	4 
[1, 23, 5, 0]  	452	2 
[1, 21, 6, 0]  	455	3 
[1, 10, 11, 0]  	457	2 
[2, 5, 13, 0]  	458	4 
[3, 0, 15, 0]  	459	3 
[1, 35, 0, 0]  	463	3 
[2, 1, 15, 0]  	464	4 
[0, 9, 12, 0]  	465	1 
[2, 19, 7, 0]  	466	4 
[0, 36, 0, 0]  	468	2  <--- 2
[1, 20, 7, 0]  	471	3 
[0, 23, 6, 0]  	473	1 
[2, 4, 14, 0]  	474	4 
[1, 7, 13, 0]  	476	2 
[1, 34, 1, 0]  	479	3 
[2, 0, 16, 0]  	480	3 
[0, 8, 13, 0]  	481	1 
[0, 35, 1, 0]  	484	2 
[1, 19, 8, 0]  	487	3 
[0, 22, 7, 0]  	489	1 
[1, 15, 10, 0]  	493	3 
[0, 7, 14, 0]  	497	1 
[0, 34, 2, 0]  	500	2 
[1, 0, 17, 0]  	501	2 
[0, 21, 8, 0]  	505	1 
[1, 5, 15, 0]  	508	2 
[0, 6, 15, 0]  	513	1 
[0, 20, 9, 0]  	521	1 
[0, 29, 5, 0]  	522	2 
[0, 5, 16, 0]  	529	1 
[0, 19, 10, 0]  	537	1 
[0, 33, 4, 0]  	545	1 
[0, 4, 17, 0]  	545	1 
[0, 0, 19, 0]  	551	1  <--- 3
[0, 18, 11, 0]  	553	1 
[0, 3, 18, 0]  	561	1 
[23, 5, 2, 1]  	307	12 
[15, 3, 6, 1]  	333	10 
[19, 3, 5, 1]  	336	10 
[9, 3, 8, 1]  	343	9 
[8, 1, 10, 1]  	367	8 
[25, 2, 5, 1]  	371	9 
[23, 1, 6, 1]  	371	8 
[13, 1, 9, 1]  	378	7 
[22, 0, 7, 1]  	379	8 
[5, 25, 1, 1]  	394	6 
[5, 23, 2, 1]  	397	6 
[5, 21, 3, 1]  	400	6 
[4, 0, 13, 1]  	409	5 
[4, 27, 1, 1]  	412	5 
[4, 7, 10, 1]  	413	5 
[3, 1, 13, 1]  	414	5 
[4, 5, 11, 1]  	416	6 
[3, 28, 1, 1]  	417	4 
[4, 23, 3, 1]  	418	5 
[4, 21, 4, 1]  	421	5 
[3, 22, 4, 1]  	426	4 
[3, 0, 14, 1]  	430	4 
[3, 9, 10, 1]  	431	4 
[2, 10, 10, 1]  	436	3 
[2, 24, 4, 1]  	444	3 
[1, 8, 12, 1]  	460	2 
[1, 29, 3, 1]  	472	3 
[1, 6, 14, 1]  	492	2 
[1, 33, 2, 1]  	495	3 
[1, 18, 9, 1]  	503	3 
[0, 33, 3, 1]  	516	2 
[1, 4, 16, 1]  	524	2 
[22, 3, 4, 2]  	331	11 
[14, 2, 7, 2]  	341	10 
[18, 2, 6, 2]  	344	10 
[23, 2, 5, 2]  	355	9 
[11, 1, 9, 2]  	362	8 
[10, 0, 10, 2]  	370	8 
[3, 29, 0, 2]  	401	5 
[3, 26, 2, 2]  	420	4 
[26, 0, 0, 3]  	208	8 
[18, 4, 4, 3]  	312	12 
[22, 4, 3, 3]  	315	12 
[14, 1, 8, 3]  	357	9 
[18, 1, 7, 3]  	360	8 
[22, 1, 6, 3]  	363	9 
[6, 16, 4, 3]  	372	7 
[14, 0, 9, 3]  	373	8 
[18, 0, 8, 3]  	376	8 
[22, 5, 2, 4]  	299	13 
[14, 3, 6, 4]  	325	11 
[18, 3, 5, 4]  	328	11 
[7, 17, 3, 4]  	364	8 
[3, 16, 6, 4]  	406	6 
[0, 32, 4, 4]  	532	2 
[22, 2, 5, 5]  	347	10 
[10, 1, 9, 5]  	354	9 
[9, 15, 3, 46]  	354	8 
[6, 2, 10, 46]  	364	7 
[7, 13, 5, 46]  	370	7 
[2, 30, 0, 46]  	406	5 
[0, 3, 17, 46]  	532	1 
[11, 7, 1, 47]  	208	7 
[7, 5, 5, 47]  	266	7 
[6, 19, 0, 47]  	295	6 
[5, 1, 11, 47]  	372	6 
[9, 6, 3, 48]  	237	7 
[18, 0, 7, 48]  	347	8 
[9, 0, 10, 48]  	362	6 
[2, 11, 9, 48]  	420	3 
[2, 7, 11, 48]  	426	2 
[1, 9, 11, 48]  	444	2 
[0, 18, 10, 48]  	524	1 
[7, 5, 4, 49]  	237	4 
[20, 4, 3, 49]  	299	9 
[20, 3, 4, 49]  	315	10 
[12, 2, 7, 49]  	325	9 
[16, 2, 6, 49]  	328	10 
[8, 17, 2, 49]  	343	5 
[5, 26, 0, 49]  	378	5 
[5, 11, 7, 49]  	386	6 
[4, 10, 8, 49]  	394	4 
[4, 8, 9, 49]  	397	5 
[4, 6, 10, 49]  	400	2 
[3, 0, 13, 49]  	401	4 
[2, 14, 7, 49]  	401	3 
[3, 12, 8, 49]  	412	3 
[3, 21, 4, 49]  	413	4 
[2, 6, 11, 49]  	413	2 
[3, 19, 5, 49]  	416	3 
[2, 13, 8, 49]  	417	3 
[2, 22, 4, 49]  	418	3 
[2, 27, 2, 49]  	425	3 
[1, 24, 4, 49]  	436	2 
[0, 22, 6, 49]  	460	1 
[1, 0, 16, 49]  	472	1 
[0, 20, 8, 49]  	492	1 
[1, 4, 15, 49]  	495	2 
[0, 3, 16, 49]  	503	1 
------
The gap is between 6 and 45.
Lengths: 3 3 6 6 3 3.
For 490 = 5*d/2-d1-d2-d3 you get 3 in char 0.
1*x^1*y^17*z^9
1*y^31*z^3
1*y^2*z^16

For 274 = 3*d/2-d1-d2-d3 you get 6 in char 0.
1*x^5*y^18
1*x^4*y^3*z^7
1*x^3*y^17*z^1
1*x^2*y^2*z^8
1*x^1*y^16*z^2
1*y^1*z^9

For 58 = d/2-d1-d2-d3 you get 3 in char 0.
1*x^4*y^2
1*x^2*y^1*z^1
1*z^2

Extra powers of p used 0.
The invariant extra is equal to 5.
Start computing 3^3 Delta^1 (x1x2x3)^2... Done.
Start computing 3^4 Delta^2 (x1x2x3)^2... Done.
Start computing 3^5 Delta^3 (x1x2x3)^2... Done.
Start computing 3^6 Delta^4 (x1x2x3)^2... Done.
Start computing 3^7 Delta^5 (x1x2x3)^2... Done.
Start computing 3^8 Delta^6 (x1x2x3)^2... Done.
Start computing 3^9 Delta^7 (x1x2x3)^2... Done.
Start computing 3^10 Delta^8 (x1x2x3)^2... Done.
Start computing 3^11 Delta^9 (x1x2x3)^2... Done.
Start computing 3^12 Delta^10 (x1x2x3)^2... Done.
Start computing aa.
1 2 3 4 5 6 7 8 9 10 11 12 
*/
A = \
[6073362333139923838524,8831488748379254727216,3158170763829272819571,308563825287350840175,331183390851277224498,7169336937490520943783,7539402159451733556798,8470316059869548052999,2031461736862351796136,5782266753092991164727,7693043755065185769696,8165397488580598450500;\
6242605883216718001983,4690919145706740516360,2682421327907570255250,6157204212958040366406,7883805528684729174186,7302262768934046692175,5711546451184036321743,8099849522442137225472,715051591968454944705,6023749336118637489882,6361486194183320101644,2389810387712414788683;\
4855581615012353375925,8631199410676118102106,4239608541639511229022,6471533893342680204003,5416681110235313233302,1832111307730550488221,1710293088620865695400,2591830680304367900754,6686068861575369654264,7462062381243350581857,4926774423783777683409,2532089004803112368304;\
4141410280507882387516,4082638380876134650234,7129420762638905803969,7314638231657525980734,7071433986649300652448,3725750540173656901878,6156779764757839163397,5243685729079363220529,7597561775377799896182,7341242448917740845726,2200962872005028888580,3114697806225734300955;\
4007116205805268963975,5661237332024031399744,4170063075393127723204,1129807112062650612381,6785999883058261902003,2535951533768282447622,4884724972870370586738,2861935731433703257578,2855380219562145661686,3732173855325527576670,4643260913390407848747,890109747464406983073;\
812602665373714409792,5811300321918087978843,7709508150192582363862,1340219075577880859658,6147441927631831727268,3822162153585298587873,2416920804495755529255,7052762340299529636525,5223007354796844067080,940920768606370256622,5805529026213267212211,6468692420100428580249;\
3545612521132695372710,4874792981188898109755,3599375331935619409914,6960053923835939750835,8032081896483417653130,3217962083620887586944,8806749929978477436558,2208513365931354249321,4718890596866272728084,1673155099253501672616,7682567669826932231460,923961044448947674134;\
1668530739321384900149,2180950092676937749483,2392473018700890728973,3607354894296077438814,3681533074977861883704,8669704323853720922319,2417660284061066269302,5299649977587675612030,8294217031102216622841,7598821822399132257150,7062333413838729083964,325506779489685437397;\
2103170625343795698309,3110513628768175725447,1483657243272416962871,8839430078867371487457,3344504502965190252651,2379685003762207428963,2045497826444113907226,2487817619897949304344,8291709955675495282599,4075434969528022874901,6618069226238928294348,669470393568867011262;\
1259326877526517884380,7132014907804002041399,6491092412719508086794,8545581042615142275933,1412451384917703049755,5995243949736683122110,988204331479460868315,4366666219474957353876,7401814861365307843371,1061724442231268694225,6370749328961500466346,6339686681304819758295;\
2694168360474749776495,8110773420724219843960,1468379053466541939069,3823434546732142739325,6698096510379833847465,5689439862444210286512,2740087384814249920125,7773282061117951604688,7484290652745544533363,8078557075796416147893,2758227653019807936675,5839230594002294405466;\
8023903795080529609062,3259634653113356856150,6147348571090368376365,1138927694239380617622,1850963236889135873211,534345043439554083405,6587695294762035978693,50709101765892347079,35110153036146801933,4004424539418466981269,6121969525229729012271,5711979447946528057512]
/* 
This matrix times 3^(-1) should be the matrix of frobenius.
*/ 
B = 3^(-1) * A; 
/* Freed 38 lists. */
