/* Comments begin... 
Coefficient of   x^27                     = 0
Coefficient of   x^14 * y^8               = 1
Coefficient of   x^12 * y^7 * z^1         = 0
Coefficient of   x^10 * y^6 * z^2         = 0
Coefficient of   x^8 * y^5 * z^3         = 0
Coefficient of   x^6 * y^4 * z^4         = -1
Coefficient of   x^4 * y^3 * z^5         = -1
Coefficient of   x^2 * y^2 * z^6         = 1
Coefficient of   x^1 * y^16               = -1
Coefficient of   y^1 * z^7               = -1

Here is the polynomial we're using this time:

1*x^14*y^8 + -1*x^6*y^4*z^4 + -1*x^4*y^3*z^5 + 1*x^2*y^2*z^6 + -1*x^1*y^16 + -1*y^1*z^7

Allocate G_len 20 elements and old = 0.
Allocate M_len = 400 elements.
Allocate G_len 40 elements and old = 20.
Allocate M_len = 800 elements.
Allocate G_len 80 elements and old = 40.
Allocate M_len = 1600 elements.
Not smooth!
Coefficient of   x^27                     = -1
Coefficient of   x^14 * y^8               = -1
Coefficient of   x^12 * y^7 * z^1         = 1
Coefficient of   x^10 * y^6 * z^2         = 0
Coefficient of   x^8 * y^5 * z^3         = 0
Coefficient of   x^6 * y^4 * z^4         = -1
Coefficient of   x^4 * y^3 * z^5         = 0
Coefficient of   x^2 * y^2 * z^6         = 1
Coefficient of   x^1 * y^16               = -1
Coefficient of   y^1 * z^7               = -1

Here is the polynomial we're using this time:

-1*x^27 + -1*x^14*y^8 + 1*x^12*y^7*z^1 + -1*x^6*y^4*z^4 + 1*x^2*y^2*z^6 + -1*x^1*y^16 + -1*y^1*z^7

Allocate M_len = 3200 elements.
Allocate G_len 160 elements and old = 80.
Allocate M_len = 6400 elements.
Allocate M_len = 12800 elements.
Allocate G_len 320 elements and old = 160.
Allocate M_len = 25600 elements.
The final length of G is 207
[12, 7, 0, 0]  	187	4 
[12, 6, 1, 0]  	203	7 
[27, 0, 0, 0]  	216	2  <--- 1
[8, 5, 3, 0]  	216	6 
[8, 4, 5, 0]  	261	8 
[6, 4, 6, 0]  	274	7 
[7, 18, 0, 0]  	290	8 
[21, 4, 3, 0]  	307	4 
[21, 3, 4, 0]  	323	9 
[11, 3, 7, 0]  	330	9 
[15, 3, 6, 0]  	333	9 
[17, 2, 6, 0]  	336	8 
[15, 2, 7, 0]  	349	9 
[7, 3, 9, 0]  	356	8 
[9, 2, 9, 0]  	359	8 
[11, 1, 9, 0]  	362	8 
[7, 17, 3, 0]  	364	8 
[15, 1, 8, 0]  	365	8 
[6, 18, 3, 0]  	369	7 
[23, 1, 6, 0]  	371	8 
[7, 2, 10, 0]  	372	8 
[9, 1, 10, 0]  	375	7 
[6, 3, 10, 0]  	377	8 
[11, 0, 10, 0]  	378	7 
[7, 16, 4, 0]  	380	8 
[7, 14, 5, 0]  	383	7 
[21, 1, 7, 0]  	384	7 
[6, 17, 4, 0]  	385	6 
[6, 26, 0, 0]  	386	7 
[23, 0, 7, 0]  	387	7 
[7, 1, 11, 0]  	388	7 
[6, 24, 1, 0]  	389	7 
[9, 0, 11, 0]  	391	6 
[5, 27, 0, 0]  	391	6 
[6, 22, 2, 0]  	392	7 
[4, 1, 12, 0]  	393	6 
[5, 14, 6, 0]  	396	6 
[21, 0, 8, 0]  	400	6 
[5, 21, 3, 0]  	400	6 
[7, 0, 12, 0]  	404	5 
[4, 13, 7, 0]  	404	5 
[5, 8, 9, 0]  	405	6 
[3, 16, 6, 0]  	406	6 
[4, 0, 13, 0]  	409	5 
[4, 9, 9, 0]  	410	5 
[19, 0, 9, 0]  	413	5 
[4, 7, 10, 0]  	413	5 
[3, 1, 13, 0]  	414	5 
[3, 15, 7, 0]  	422	5 
[3, 24, 3, 0]  	423	4 
[3, 11, 9, 0]  	428	4 
[3, 0, 14, 0]  	430	4 
[3, 9, 10, 0]  	431	4 
[2, 12, 9, 0]  	433	3 
[3, 7, 11, 0]  	434	4 
[2, 10, 10, 0]  	436	3 
[3, 5, 12, 0]  	437	5 
[2, 8, 11, 0]  	439	3 
[2, 6, 12, 0]  	442	4 
[2, 15, 8, 0]  	443	4 
[2, 24, 4, 0]  	444	3 
[1, 25, 4, 0]  	449	2 
[2, 20, 6, 0]  	450	4 
[1, 21, 6, 0]  	455	3 
[1, 10, 11, 0]  	457	2 
[2, 5, 13, 0]  	458	4 
[1, 35, 0, 0]  	463	3 
[2, 1, 15, 0]  	464	4 
[1, 24, 5, 0]  	465	1 
[0, 9, 12, 0]  	465	1 
[2, 19, 7, 0]  	466	4 
[0, 36, 0, 0]  	468	2  <--- 2
[1, 20, 7, 0]  	471	3 
[1, 29, 3, 0]  	472	3 
[0, 23, 6, 0]  	473	1 
[2, 4, 14, 0]  	474	4 
[1, 7, 13, 0]  	476	2 
[0, 8, 13, 0]  	481	1 
[0, 35, 1, 0]  	484	2 
[1, 19, 8, 0]  	487	3 
[0, 22, 7, 0]  	489	1 
[1, 6, 14, 0]  	492	2 
[1, 15, 10, 0]  	493	3 
[0, 7, 14, 0]  	497	1 
[1, 0, 17, 0]  	501	2 
[1, 18, 9, 0]  	503	3 
[0, 21, 8, 0]  	505	1 
[1, 5, 15, 0]  	508	2 
[0, 6, 15, 0]  	513	1 
[0, 33, 3, 0]  	516	2 
[0, 20, 9, 0]  	521	1 
[1, 4, 16, 0]  	524	2 
[0, 5, 16, 0]  	529	1 
[0, 32, 4, 0]  	532	2 
[0, 19, 10, 0]  	537	1 
[0, 4, 17, 0]  	545	1 
[0, 0, 19, 0]  	551	1  <--- 3
[0, 18, 11, 0]  	553	1 
[0, 3, 18, 0]  	561	1 
[19, 4, 4, 1]  	320	7 
[11, 17, 1, 1]  	338	10 
[9, 3, 8, 1]  	343	9 
[11, 2, 8, 1]  	346	9 
[9, 17, 2, 1]  	351	9 
[11, 16, 2, 1]  	354	9 
[23, 2, 5, 1]  	355	8 
[19, 1, 7, 1]  	368	8 
[7, 0, 11, 1]  	375	7 
[5, 17, 4, 1]  	377	7 
[15, 0, 9, 1]  	381	7 
[19, 0, 8, 1]  	384	7 
[4, 16, 5, 1]  	385	6 
[6, 15, 5, 1]  	388	6 
[5, 0, 12, 1]  	388	6 
[6, 2, 11, 1]  	393	6 
[5, 25, 1, 1]  	394	6 
[5, 23, 2, 1]  	397	6 
[5, 12, 7, 1]  	399	6 
[4, 15, 6, 1]  	401	5 
[3, 29, 0, 1]  	401	5 
[5, 10, 8, 1]  	402	6 
[4, 11, 8, 1]  	407	5 
[5, 6, 10, 1]  	408	6 
[3, 28, 1, 1]  	417	4 
[4, 21, 4, 1]  	421	5 
[3, 13, 8, 1]  	425	4 
[4, 26, 2, 1]  	428	4 
[3, 20, 5, 1]  	429	5 
[3, 27, 2, 1]  	433	3 
[3, 23, 4, 1]  	439	3 
[2, 26, 3, 1]  	441	3 
[2, 33, 0, 1]  	445	5 
[2, 0, 16, 1]  	480	3 
[1, 33, 2, 1]  	495	3 
[0, 34, 2, 1]  	500	2 
[0, 29, 5, 1]  	522	2 
[16, 2, 6, 2]  	328	9 
[8, 1, 10, 2]  	367	8 
[10, 0, 10, 2]  	370	8 
[6, 16, 4, 2]  	372	7 
[22, 0, 7, 2]  	379	8 
[6, 1, 11, 2]  	380	7 
[5, 2, 11, 2]  	385	6 
[4, 27, 1, 2]  	412	5 
[4, 25, 2, 2]  	415	5 
[4, 5, 11, 2]  	416	6 
[4, 23, 3, 2]  	418	5 
[3, 26, 2, 2]  	420	4 
[3, 22, 4, 2]  	426	4 
[2, 30, 1, 2]  	435	5 
[2, 22, 5, 2]  	447	3 
[2, 29, 2, 2]  	451	4 
[1, 23, 5, 2]  	452	2 
[1, 8, 12, 2]  	460	2 
[1, 34, 1, 2]  	479	3 
[26, 0, 0, 3]  	208	7 
[20, 4, 3, 3]  	299	9 
[20, 3, 4, 3]  	315	10 
[14, 3, 6, 3]  	325	11 
[14, 2, 7, 3]  	341	10 
[14, 1, 8, 3]  	357	9 
[22, 1, 6, 3]  	363	9 
[18, 0, 8, 3]  	376	8 
[18, 4, 4, 4]  	312	9 
[22, 2, 5, 4]  	347	9 
[18, 1, 7, 4]  	360	9 
[14, 0, 9, 4]  	373	8 
[6, 24, 0, 46]  	360	7 
[0, 22, 6, 46]  	460	1 
[7, 5, 5, 47]  	266	7 
[6, 19, 0, 47]  	295	5 
[11, 7, 1, 48]  	208	6 
[7, 15, 4, 48]  	367	6 
[3, 1, 12, 48]  	385	4 
[3, 0, 13, 48]  	401	4 
[1, 11, 9, 48]  	412	2 
[3, 10, 9, 48]  	415	4 
[3, 8, 10, 48]  	418	4 
[2, 7, 11, 48]  	426	2 
[2, 5, 12, 48]  	429	3 
[2, 1, 14, 48]  	435	4 
[1, 7, 12, 48]  	447	2 
[0, 8, 12, 48]  	452	1 
[1, 5, 14, 48]  	479	2 
[7, 5, 3, 49]  	208	2 
[14, 2, 6, 49]  	312	7 
[7, 2, 9, 49]  	343	2 
[9, 1, 9, 49]  	346	3 
[20, 1, 6, 49]  	347	8 
[2, 13, 6, 49]  	359	2 
[9, 0, 10, 49]  	362	5 
[20, 0, 7, 49]  	363	8 
[2, 7, 9, 49]  	368	2 
[4, 15, 5, 49]  	372	5 
[2, 1, 12, 49]  	377	3 
[2, 0, 13, 49]  	393	3 
[1, 10, 9, 49]  	399	2 
[1, 24, 3, 49]  	407	1 
[1, 4, 12, 49]  	408	2 
[3, 19, 5, 49]  	416	3 
[1, 18, 6, 49]  	416	2 
[0, 0, 15, 49]  	435	1 
[0, 7, 12, 49]  	439	1 
[0, 21, 6, 49]  	447	1 
[0, 35, 0, 49]  	455	1 
[0, 18, 9, 49]  	495	1 
[0, 32, 3, 49]  	503	1 
------
The gap is between 5 and 45.
Lengths: 3 3 6 6 3 5.
For 490 = 5*d/2-d1-d2-d3 you get 3 in char 0.
1*x^1*y^17*z^9
1*y^31*z^3
1*y^2*z^16

For 274 = 3*d/2-d1-d2-d3 you get 6 in char 0.
1*x^5*y^18
1*x^4*y^3*z^7
1*x^3*y^17*z^1
1*x^2*y^2*z^8
1*x^1*y^16*z^2
1*y^1*z^9

For 58 = d/2-d1-d2-d3 you get 3 in char 0.
1*x^4*y^2
1*x^2*y^1*z^1
1*z^2

Extra powers of p used 3.
The invariant extra is equal to 5.
Start computing 3^3 Delta^1 (x1x2x3)^2... Done.
Start computing 3^4 Delta^2 (x1x2x3)^2... Done.
Start computing 3^5 Delta^3 (x1x2x3)^2... Done.
Start computing 3^6 Delta^4 (x1x2x3)^2... Done.
Start computing 3^7 Delta^5 (x1x2x3)^2... Done.
Start computing 3^8 Delta^6 (x1x2x3)^2... Done.
Start computing 3^9 Delta^7 (x1x2x3)^2... Done.
Start computing 3^10 Delta^8 (x1x2x3)^2... Done.
Start computing 3^11 Delta^9 (x1x2x3)^2... Done.
Start computing 3^12 Delta^10 (x1x2x3)^2... Done.
Start computing aa.
1 2 3 4 5 6 7 8 9 10 11 12 
*/
A = \
[20302992421708933548861,7866227312418283850769,5320150702164560940273,15218886500503042009851,13790676641918335054002,6203849193326934212220,20304636923845503397746,11587450087843728129540,13669930099175116243806,21437061851856074793876,21620003220357929025741,25633113055131657638529;\
24877602392431685824074,1458700751517543352425,21694588001105333465862,24895785758214888913545,17166455300674575036153,16695663952584985543071,830866159911922344288,22282938676542047140296,25230578855658233731659,269460509289960573963,15303973653533551588461,25210452623977372791114;\
13995591182992981998792,16463291532979057090875,1948884341805880852446,13067917923908595430737,1991362928298313049865,2202986881678495929579,1725114336047386607457,20591728940889677986650,2887403128847954188587,25799510278595472381207,14842830142883472916167,16266163856099523163803;\
20075755102937171048084,1075501952347592793344,10165621620772868105064,15563333739321978914880,183835564622838025776,6058117176986684953152,2648738235714131075562,26014294210481586077382,13316143840377206343363,4433036496247197140985,13250826469671137215659,11298678845699623284558;\
10105168463590709409885,2089813431776256417474,24893529975689389395588,5664539920828759494705,9685680365816556694002,23093142017907439689093,10321269892810100259579,5496001115152955111811,2150076257921768622336,21332509583903452999818,5867654461508839655952,17271211210636250181384;\
10435861845530491466901,16044942816896280133998,20790315173618326895688,19657418822199245860560,20429016153077382384834,418996948061460688614,8683172916232634878797,21466345397462544630618,10620629347567509905517,5863390840425986603748,26356806117674570340081,5657964115689811281042;\
16835282954395052155689,15610347850399272806241,6872537193402933496548,8970487063141253163588,3134051295619462659018,14619745674732124780227,23836817841280172552421,786466913031977220225,24951430526302022019048,1896759528697209764007,12418718693856735066579,4796889851101062566403;\
4408071992964150827283,5540885754269957681526,556846725926895677127,25903849731272139397491,22969263441015117965664,17486779086635092759224,23358786868004398464825,5258209479239886080922,19339533138345762531843,10942551480780702188208,11051631821715763936716,23659884971771623691697;\
21707546040536476935317,9856604548571050472162,24793672987003082743920,8600176252496669981724,25123249195202904071319,16907543305308824716377,10979067919860242311095,408763244692089332055,1747191549969794255148,14849117075091781676340,15669547474870282668201,23568955177315534375158;\
2440136765232417236268,23361328024234521684150,20711842054042675973967,13848853272623416188108,4467478348697215283478,11063906268194391170940,8959720767043108012380,8565930789272117173602,12830326488568121336829,12455839066439166365844,13875210977928976529919,5428087966972035097056;\
13352527996541795586984,12728362721164380695247,18826119042876951480099,16724160962242268468022,9403538388657767459343,12608833862919040434423,3186617945266598661018,1252244960557662972672,18183815929295819171766,539834570428296105117,21277856642863445002944,10328645162120575322106;\
23508418015558165629207,17240161607659960617477,12186265861836888783372,18165049184019387696048,19269462839818005022563,26483239162540089633555,129126415819250152080,9362423590178517960687,11318791057102924959483,17412309764572417741224,15447932564502165608655,1315941724035049631544]
/* 
This matrix times 3^(-3) should be the matrix of frobenius.
*/ 
B = 3^(-3) * A; 
/* Freed 37 lists. */
