/* Comments begin... 
Coefficient of   x^27                     = 2
Coefficient of   x^14 * y^8               = 0
Coefficient of   x^12 * y^7 * z^1         = 1
Coefficient of   x^10 * y^6 * z^2         = 0
Coefficient of   x^8 * y^5 * z^3         = 2
Coefficient of   x^6 * y^4 * z^4         = 2
Coefficient of   x^4 * y^3 * z^5         = -1
Coefficient of   x^2 * y^2 * z^6         = 2
Coefficient of   x^1 * y^16               = 1
Coefficient of   y^1 * z^7               = 2

Here is the polynomial we're using this time:

2*x^27 + 1*x^12*y^7*z^1 + 2*x^8*y^5*z^3 + 2*x^6*y^4*z^4 + -1*x^4*y^3*z^5 + 2*x^2*y^2*z^6 + 1*x^1*y^16 + 2*y^1*z^7

Allocate G_len 20 elements and old = 0.
Allocate M_len = 400 elements.
Allocate G_len 40 elements and old = 20.
Allocate M_len = 800 elements.
Allocate G_len 80 elements and old = 40.
Allocate M_len = 1600 elements.
Allocate M_len = 3200 elements.
Allocate G_len 160 elements and old = 80.
Allocate M_len = 6400 elements.
Allocate M_len = 12800 elements.
Allocate G_len 320 elements and old = 160.
Allocate M_len = 25600 elements.
The final length of G is 176
[12, 7, 0, 0]  	187	6 
[12, 6, 1, 0]  	203	7 
[26, 0, 0, 0]  	208	7  <--- 1
[8, 5, 3, 0]  	216	6 
[8, 4, 5, 0]  	261	8 
[6, 4, 6, 0]  	274	7 
[7, 18, 0, 0]  	290	8 
[22, 5, 2, 0]  	299	11 
[18, 4, 4, 0]  	312	12 
[14, 3, 6, 0]  	325	11 
[18, 3, 5, 0]  	328	11 
[24, 4, 3, 0]  	331	11 
[22, 3, 4, 0]  	331	11 
[12, 3, 7, 0]  	338	11 
[14, 2, 7, 0]  	341	10 
[9, 3, 8, 0]  	343	9 
[18, 2, 6, 0]  	344	10 
[11, 2, 8, 0]  	346	9 
[22, 2, 5, 0]  	347	10 
[9, 17, 2, 0]  	351	9 
[11, 16, 2, 0]  	354	9 
[7, 3, 9, 0]  	356	8 
[9, 2, 9, 0]  	359	8 
[18, 1, 7, 0]  	360	9 
[11, 1, 9, 0]  	362	8 
[7, 17, 3, 0]  	364	8 
[8, 1, 10, 0]  	367	8 
[10, 0, 10, 0]  	370	8 
[7, 2, 10, 0]  	372	7 
[6, 16, 4, 0]  	372	7 
[16, 1, 8, 0]  	373	8 
[14, 0, 9, 0]  	373	8 
[7, 0, 11, 0]  	375	7 
[18, 0, 8, 0]  	376	8 
[6, 3, 10, 0]  	377	7 
[5, 17, 4, 0]  	377	7 
[24, 1, 6, 0]  	379	8 
[22, 0, 7, 0]  	379	8 
[7, 14, 5, 0]  	383	7 
[5, 2, 11, 0]  	385	6 
[4, 16, 5, 0]  	385	6 
[6, 15, 5, 0]  	388	7 
[5, 27, 0, 0]  	391	6 
[6, 22, 2, 0]  	392	7 
[5, 25, 1, 0]  	394	6 
[6, 0, 12, 0]  	396	6 
[5, 14, 6, 0]  	396	6 
[5, 23, 2, 0]  	397	6 
[5, 12, 7, 0]  	399	6 
[5, 1, 12, 0]  	401	5 
[4, 15, 6, 0]  	401	5 
[3, 29, 0, 0]  	401	5 
[5, 10, 8, 0]  	402	6 
[4, 13, 7, 0]  	404	5 
[5, 8, 9, 0]  	405	6 
[3, 16, 6, 0]  	406	6 
[4, 11, 8, 0]  	407	5 
[5, 6, 10, 0]  	408	6 
[4, 9, 9, 0]  	410	5 
[4, 27, 1, 0]  	412	5 
[5, 22, 3, 0]  	413	5 
[4, 7, 10, 0]  	413	5 
[3, 1, 13, 0]  	414	5 
[4, 5, 11, 0]  	416	6 
[5, 0, 13, 0]  	417	4 
[3, 28, 1, 0]  	417	4 
[4, 23, 3, 0]  	418	5 
[3, 26, 2, 0]  	420	4 
[3, 15, 7, 0]  	422	5 
[3, 24, 3, 0]  	423	4 
[3, 13, 8, 0]  	425	4 
[3, 22, 4, 0]  	426	4 
[3, 20, 5, 0]  	429	5 
[3, 0, 14, 0]  	430	4 
[2, 12, 9, 0]  	433	3 
[3, 7, 11, 0]  	434	4 
[2, 30, 1, 0]  	435	5 
[3, 5, 12, 0]  	437	5 
[2, 26, 3, 0]  	441	3 
[2, 6, 12, 0]  	442	4 
[2, 15, 8, 0]  	443	4 
[2, 24, 4, 0]  	444	3 
[2, 33, 0, 0]  	445	5 
[2, 22, 5, 0]  	447	3 
[2, 11, 10, 0]  	449	2 
[1, 25, 4, 0]  	449	2 
[2, 20, 6, 0]  	450	4 
[2, 9, 11, 0]  	452	2 
[1, 23, 5, 0]  	452	2 
[1, 10, 11, 0]  	457	2 
[2, 5, 13, 0]  	458	4 
[1, 8, 12, 0]  	460	2 
[1, 35, 0, 0]  	463	3 
[2, 1, 15, 0]  	464	4 
[0, 9, 12, 0]  	465	1 
[1, 22, 6, 0]  	468	2 
[0, 36, 0, 0]  	468	2  <--- 2
[1, 20, 7, 0]  	471	3 
[1, 29, 3, 0]  	472	3 
[0, 23, 6, 0]  	473	1 
[2, 4, 14, 0]  	474	4 
[1, 34, 1, 0]  	479	3 
[2, 0, 16, 0]  	480	3 
[0, 8, 13, 0]  	481	1 
[0, 35, 1, 0]  	484	2 
[1, 19, 8, 0]  	487	3 
[0, 22, 7, 0]  	489	1 
[1, 6, 14, 0]  	492	2 
[1, 15, 10, 0]  	493	3 
[1, 33, 2, 0]  	495	3 
[0, 7, 14, 0]  	497	1 
[0, 34, 2, 0]  	500	2 
[1, 0, 17, 0]  	501	2 
[1, 18, 9, 0]  	503	3 
[0, 21, 8, 0]  	505	1 
[0, 6, 15, 0]  	513	1 
[0, 33, 3, 0]  	516	2 
[0, 20, 9, 0]  	521	1 
[0, 29, 5, 0]  	522	2 
[1, 4, 16, 0]  	524	2 
[0, 5, 16, 0]  	529	1 
[0, 32, 4, 0]  	532	2 
[0, 19, 10, 0]  	537	1 
[0, 4, 17, 0]  	545	1 
[0, 0, 19, 0]  	551	1  <--- 3
[0, 18, 11, 0]  	553	1 
[0, 3, 18, 0]  	561	1 
[22, 4, 3, 1]  	315	12 
[11, 3, 7, 1]  	330	10 
[14, 1, 8, 1]  	357	9 
[22, 1, 6, 1]  	363	9 
[6, 18, 3, 1]  	369	7 
[6, 26, 0, 1]  	386	7 
[6, 24, 1, 1]  	389	7 
[5, 21, 3, 1]  	400	6 
[4, 2, 12, 1]  	406	6 
[4, 21, 4, 1]  	421	5 
[3, 11, 9, 1]  	428	4 
[3, 9, 10, 1]  	431	4 
[2, 10, 10, 1]  	436	3 
[2, 8, 11, 1]  	439	3 
[2, 29, 2, 1]  	451	4 
[1, 21, 6, 1]  	455	3 
[2, 19, 7, 1]  	466	4 
[1, 5, 15, 1]  	508	2 
[11, 17, 1, 2]  	338	10 
[6, 1, 11, 2]  	380	7 
[4, 1, 12, 2]  	393	6 
[4, 0, 13, 2]  	409	5 
[4, 25, 2, 2]  	415	5 
[1, 7, 13, 2]  	476	2 
[5, 0, 12, 4]  	388	6 
[4, 14, 6, 46]  	388	5 
[10, 2, 8, 48]  	338	9 
[3, 14, 6, 48]  	380	4 
[0, 21, 7, 48]  	476	1 
[20, 3, 4, 49]  	315	11 
[9, 2, 8, 49]  	330	7 
[12, 0, 9, 49]  	357	6 
[20, 0, 7, 49]  	363	7 
[5, 3, 10, 49]  	369	5 
[5, 11, 7, 49]  	386	6 
[5, 9, 8, 49]  	389	6 
[4, 6, 10, 49]  	400	5 
[2, 30, 0, 49]  	406	5 
[3, 5, 11, 49]  	408	3 
[3, 10, 9, 49]  	415	4 
[2, 24, 3, 49]  	415	3 
[2, 23, 4, 49]  	431	3 
[1, 24, 4, 49]  	436	1 
[1, 22, 5, 49]  	439	2 
[1, 9, 11, 49]  	444	2 
[2, 0, 15, 49]  	451	3 
[0, 35, 0, 49]  	455	2 
[1, 33, 1, 49]  	466	2 
[0, 19, 9, 49]  	508	1 
------
The gap is between 5 and 45.
Lengths: 3 3 6 6 3 3.
For 490 = 5*d/2-d1-d2-d3 you get 3 in char 0.
1*x^1*y^17*z^9
1*y^31*z^3
1*y^2*z^16

For 274 = 3*d/2-d1-d2-d3 you get 6 in char 0.
1*x^5*y^18
1*x^4*y^3*z^7
1*x^3*y^17*z^1
1*x^2*y^2*z^8
1*x^1*y^16*z^2
1*y^1*z^9

For 58 = d/2-d1-d2-d3 you get 3 in char 0.
1*x^4*y^2
1*x^2*y^1*z^1
1*z^2

Extra powers of p used 0.
The invariant extra is equal to 4.
Start computing 5^3 Delta^1 (x1x2x3)^4... Done.
Start computing 5^4 Delta^2 (x1x2x3)^4... Done.
Start computing 5^5 Delta^3 (x1x2x3)^4... Done.
Start computing 5^6 Delta^4 (x1x2x3)^4... Done.
Start computing 5^7 Delta^5 (x1x2x3)^4... Done.
Start computing 5^8 Delta^6 (x1x2x3)^4... Done.
Start computing 5^9 Delta^7 (x1x2x3)^4... Done.
Start computing 5^10 Delta^8 (x1x2x3)^4... Done.
Start computing 5^11 Delta^9 (x1x2x3)^4... Done.
Start computing 5^12 Delta^10 (x1x2x3)^4... Done.
Start computing 5^13 Delta^11 (x1x2x3)^4... Done.
Start computing 5^14 Delta^12 (x1x2x3)^4... Done.
Start computing aa.
1 2 3 4 5 6 7 8 9 10 11 12 
*/
A = \
[71287489461380297026316214539127,103570143273787313464653304175570,55344693366246630084974448377742,109823047869762213335207397669435,36037697736875237606161303904360,71423409523453724557848881960530,36650376426681451183929737741995,138127606939066466641594336021325,64190422976856044271755321784380,86587658148619169695130682390925,28173706188280954046632055886475,21635286174691807462689320914650;\
38416595703259357650181818391997,85559373172128278080724617814669,54524841083333670146893372749472,16102417746238511743249431588450,116629553092492847051321141135015,10998911678929032243166303403225,124475383799355067374292491230455,11624144329038357443674010968285,32416741317639711156630211644800,95664909745082751194736192984475,139455215150154046149251041923250,496574293848883954961310402300;\
64278836481651764991221523434468,73494197677230408670132228688764,127395112707429662941528928186457,57270575365735809867506681435640,5567886360754256360932523583640,112337846336963134568601769897720,79789036145267343330793873462585,11154665788262739346916493978315,76777404313046114778314796574930,132652787491832575552912435491250,64452402813795707826420559245950,55681409183073576462960769141500;\
21296654818577967315622526216116,74144628486570759666888800060419,116360026307864640118930647700699,6749767350882416905534925244975,114760687523401885240279157281580,75347337883657605104846980269735,50024712620545853344990899087610,29902675546344433951814617570925,8863494107414320488370557140750,7190407678277289205048289852475,107478579959148806149323388285525,7814248112378680648471822046100;\
49404147454940392908881625332183,103100847424644756388897458797349,72447504383648488499199247103210,97199007390648647554348242683905,11669794491692199065937724765620,116656627756329433801214662725140,37699762178355818693018746413035,67819950926555429457831128363810,72528679899336846262123420408035,141257492634995093986644601828250,101029476479566247746147917770650,44343334078894604645112210004450;\
36174719973392895390856454967016,66760225689951128358344817322934,67227252222464731098051329560282,15616592323685217779396209263630,126102293852374749761620807959760,72721011507310244299032152875695,57623355307442167441838020505920,68482702648035574416013200905245,124536184062873527001518688050370,37756812183587531081450177747200,125967090770371844826008309986000,46077452565072640306210068805325;\
67920817273502721919319190689856,128670488707813536908774663530219,142030858259071210433803135525380,138444525154762530056149618303000,14922713587922977518032786984700,23632359865152196559834747836895,112817310142172697445426729597205,103416112293290310345103707770125,66620845198314575401458648386795,128691572886143168386190878286350,101696942447502750769292405804100,116570725537124370690596530768300;\
103962856813090822499222531841487,20520826732729368414414725854605,81321759035799385291804274221330,75436277926588999187056205173925,18777886251556216496819820441485,33701704641568157114322556829435,53306553845555816272959838450060,113676901621812746155615990131580,27388618967995495029113362937455,54719410595322152087243051974100,136769040385556350158574973651375,24325412847016473473457119836600;\
52848889861999088362252377720298,77920316876555528004589983341200,4363998317184333293047102131209,35545337206028708520068734920080,75523182970233048934007560709105,43545342916142553512667442520050,141361800075432123233245492347440,122707415547825106791471637520735,20260375985210717798899735748970,122744442952675553999457912597525,135820485307564276049592375110425,99722129377756448256407724633800;\
62870281567048749629818459485241,77502673473908543897177564482541,83255294292440606574567799886487,93131818234622666299952066956585,100640762266436364898402079857245,30960437144088872938670280160610,141979115638673668218397389618085,120667922500241499100830517362745,89665334735602220994304534140900,102841083823746556446358429229125,141648036078340379289562188682725,138378300949141345822351827172525;\
22982821539975416166083233194072,5836441151477293413693911363320,68175645834173938524941521423797,120071690894281939818271760523535,42811205206106809157437554324470,130432923113987503583386129743830,112465630797237271046512427240,27113595130285599303336180461595,140302625648637967915440299733870,20203346326000202995903705651400,117653300655784838511414308895800,107630471193225680654545049787325;\
6289053484163923347698171373451,34913171324342492475512159423931,112936747233563506042993194453952,49043669894050362059955859422235,122105322614270519036317762583095,26613137319222599206239768952910,54435290243071276621889146874385,128980290600157043788464836903295,32688470386036201777794939309700,26575515983693787026798273162525,104697858489911630704134761006475,96835610042208726572384315236400]
/* 
This should be the matrix of frobenius!
*/ 
B = A; 
/* Freed 129 lists. */
