/* Comments begin... 
Coefficient of   x^27                     = 1
Coefficient of   x^14 * y^8               = 1
Coefficient of   x^12 * y^7 * z^1         = 0
Coefficient of   x^10 * y^6 * z^2         = -2
Coefficient of   x^8 * y^5 * z^3         = 1
Coefficient of   x^6 * y^4 * z^4         = -2
Coefficient of   x^4 * y^3 * z^5         = 1
Coefficient of   x^2 * y^2 * z^6         = 0
Coefficient of   x^1 * y^16               = 2
Coefficient of   y^1 * z^7               = 0

Here is the polynomial we're using this time:

1*x^27 + 1*x^14*y^8 + -2*x^10*y^6*z^2 + 1*x^8*y^5*z^3 + -2*x^6*y^4*z^4 + 1*x^4*y^3*z^5 + 2*x^1*y^16

Allocate G_len 20 elements and old = 0.
Allocate M_len = 400 elements.
Allocate G_len 40 elements and old = 20.
Allocate M_len = 800 elements.
Allocate G_len 80 elements and old = 40.
Allocate M_len = 1600 elements.
Allocate M_len = 3200 elements.
Allocate G_len 160 elements and old = 80.
Allocate M_len = 6400 elements.
Not smooth!
Coefficient of   x^27                     = 1
Coefficient of   x^14 * y^8               = -1
Coefficient of   x^12 * y^7 * z^1         = -1
Coefficient of   x^10 * y^6 * z^2         = 0
Coefficient of   x^8 * y^5 * z^3         = 1
Coefficient of   x^6 * y^4 * z^4         = 2
Coefficient of   x^4 * y^3 * z^5         = 1
Coefficient of   x^2 * y^2 * z^6         = 2
Coefficient of   x^1 * y^16               = 1
Coefficient of   y^1 * z^7               = 2

Here is the polynomial we're using this time:

1*x^27 + -1*x^14*y^8 + -1*x^12*y^7*z^1 + 1*x^8*y^5*z^3 + 2*x^6*y^4*z^4 + 1*x^4*y^3*z^5 + 2*x^2*y^2*z^6 + 1*x^1*y^16 + 2*y^1*z^7

Allocate M_len = 12800 elements.
Allocate G_len 320 elements and old = 160.
Allocate M_len = 25600 elements.
Not smooth!
Coefficient of   x^27                     = -1
Coefficient of   x^14 * y^8               = 2
Coefficient of   x^12 * y^7 * z^1         = 2
Coefficient of   x^10 * y^6 * z^2         = 1
Coefficient of   x^8 * y^5 * z^3         = 1
Coefficient of   x^6 * y^4 * z^4         = -1
Coefficient of   x^4 * y^3 * z^5         = 0
Coefficient of   x^2 * y^2 * z^6         = 2
Coefficient of   x^1 * y^16               = -2
Coefficient of   y^1 * z^7               = 1

Here is the polynomial we're using this time:

-1*x^27 + 2*x^14*y^8 + 2*x^12*y^7*z^1 + 1*x^10*y^6*z^2 + 1*x^8*y^5*z^3 + -1*x^6*y^4*z^4 + 2*x^2*y^2*z^6 + -2*x^1*y^16 + 1*y^1*z^7

The final length of G is 185
[12, 7, 0, 0]  	187	6 
[12, 6, 1, 0]  	203	8 
[26, 0, 0, 0]  	208	8  <--- 1
[10, 6, 2, 0]  	216	7 
[10, 5, 3, 0]  	232	8 
[8, 5, 4, 0]  	245	7 
[7, 18, 0, 0]  	290	8 
[18, 4, 4, 0]  	312	12 
[24, 5, 2, 0]  	315	12 
[22, 4, 3, 0]  	315	12 
[16, 4, 5, 0]  	325	12 
[18, 3, 5, 0]  	328	11 
[11, 3, 7, 0]  	330	9 
[22, 3, 4, 0]  	331	11 
[14, 4, 6, 0]  	338	10 
[11, 17, 1, 0]  	338	10 
[14, 2, 7, 0]  	341	10 
[18, 2, 6, 0]  	344	10 
[11, 2, 8, 0]  	346	9 
[22, 2, 5, 0]  	347	10 
[10, 3, 8, 0]  	351	9 
[9, 17, 2, 0]  	351	9 
[10, 1, 9, 0]  	354	9 
[9, 4, 8, 0]  	356	9 
[14, 1, 8, 0]  	357	9 
[9, 2, 9, 0]  	359	8 
[8, 16, 3, 0]  	359	8 
[18, 1, 7, 0]  	360	10 
[22, 1, 6, 0]  	363	9 
[8, 3, 9, 0]  	364	8 
[7, 17, 3, 0]  	364	8 
[8, 1, 10, 0]  	367	8 
[7, 4, 9, 0]  	369	7 
[6, 18, 3, 0]  	369	7 
[10, 0, 10, 0]  	370	8 
[7, 2, 10, 0]  	372	7 
[6, 16, 4, 0]  	372	7 
[14, 0, 9, 0]  	373	9 
[7, 0, 11, 0]  	375	7 
[18, 0, 8, 0]  	376	8 
[5, 17, 4, 0]  	377	7 
[22, 0, 7, 0]  	379	9 
[6, 1, 11, 0]  	380	7 
[7, 14, 5, 0]  	383	7 
[5, 2, 11, 0]  	385	6 
[4, 16, 5, 0]  	385	6 
[6, 26, 0, 0]  	386	7 
[6, 15, 5, 0]  	388	7 
[7, 10, 7, 0]  	389	7 
[6, 24, 1, 0]  	389	7 
[6, 13, 6, 0]  	391	6 
[5, 27, 0, 0]  	391	6 
[7, 8, 8, 0]  	392	7 
[6, 22, 2, 0]  	392	7 
[6, 11, 7, 0]  	394	6 
[5, 25, 1, 0]  	394	6 
[6, 0, 12, 0]  	396	6 
[5, 14, 6, 0]  	396	6 
[6, 9, 8, 0]  	397	6 
[5, 23, 2, 0]  	397	6 
[5, 12, 7, 0]  	399	6 
[6, 7, 9, 0]  	400	6 
[5, 21, 3, 0]  	400	6 
[5, 1, 12, 0]  	401	5 
[4, 15, 6, 0]  	401	5 
[3, 29, 0, 0]  	401	5 
[5, 10, 8, 0]  	402	6 
[4, 13, 7, 0]  	404	5 
[5, 8, 9, 0]  	405	6 
[3, 16, 6, 0]  	406	6 
[4, 11, 8, 0]  	407	5 
[5, 6, 10, 0]  	408	6 
[4, 9, 9, 0]  	410	5 
[4, 27, 1, 0]  	412	5 
[4, 25, 2, 0]  	415	5 
[5, 0, 13, 0]  	417	4 
[3, 28, 1, 0]  	417	4 
[4, 23, 3, 0]  	418	5 
[3, 26, 2, 0]  	420	4 
[4, 21, 4, 0]  	421	5 
[3, 15, 7, 0]  	422	5 
[3, 24, 3, 0]  	423	4 
[3, 13, 8, 0]  	425	4 
[3, 22, 4, 0]  	426	4 
[3, 11, 9, 0]  	428	4 
[4, 6, 11, 0]  	429	5 
[3, 20, 5, 0]  	429	5 
[3, 0, 14, 0]  	430	4 
[3, 9, 10, 0]  	431	4 
[2, 12, 9, 0]  	433	3 
[3, 7, 11, 0]  	434	4 
[2, 30, 1, 0]  	435	5 
[2, 10, 10, 0]  	436	3 
[3, 5, 12, 0]  	437	5 
[2, 8, 11, 0]  	439	3 
[2, 6, 12, 0]  	442	4 
[2, 15, 8, 0]  	443	4 
[2, 24, 4, 0]  	444	3 
[2, 33, 0, 0]  	445	5 
[2, 22, 5, 0]  	447	3 
[1, 25, 4, 0]  	449	2 
[2, 20, 6, 0]  	450	4 
[2, 29, 2, 0]  	451	4 
[2, 5, 13, 0]  	458	4 
[1, 8, 12, 0]  	460	2 
[1, 35, 0, 0]  	463	3 
[2, 1, 15, 0]  	464	4 
[1, 24, 5, 0]  	465	1 
[0, 9, 12, 0]  	465	1 
[2, 19, 7, 0]  	466	4 
[1, 22, 6, 0]  	468	2 
[0, 36, 0, 0]  	468	2  <--- 2
[1, 20, 7, 0]  	471	3 
[1, 29, 3, 0]  	472	3 
[0, 23, 6, 0]  	473	1 
[2, 4, 14, 0]  	474	4 
[1, 34, 1, 0]  	479	3 
[0, 8, 13, 0]  	481	1 
[0, 35, 1, 0]  	484	2 
[1, 19, 8, 0]  	487	3 
[0, 22, 7, 0]  	489	1 
[1, 6, 14, 0]  	492	2 
[1, 33, 2, 0]  	495	3 
[0, 7, 14, 0]  	497	1 
[0, 34, 2, 0]  	500	2 
[1, 0, 17, 0]  	501	2 
[0, 21, 8, 0]  	505	1 
[1, 5, 15, 0]  	508	2 
[0, 6, 15, 0]  	513	1 
[0, 33, 3, 0]  	516	2 
[0, 20, 9, 0]  	521	1 
[1, 15, 11, 0]  	522	2 
[0, 29, 5, 0]  	522	2 
[1, 4, 16, 0]  	524	2 
[0, 5, 16, 0]  	529	1 
[0, 32, 4, 0]  	532	2 
[0, 19, 10, 0]  	537	1 
[0, 4, 17, 0]  	545	1 
[0, 0, 19, 0]  	551	1  <--- 3
[0, 18, 11, 0]  	553	1 
[0, 3, 18, 0]  	561	1 
[8, 4, 5, 1]  	261	8 
[6, 4, 6, 1]  	274	7 
[22, 5, 2, 1]  	299	13 
[14, 3, 6, 1]  	325	11 
[9, 3, 8, 1]  	343	9 
[7, 3, 9, 1]  	356	8 
[6, 3, 10, 1]  	377	7 
[5, 0, 12, 1]  	388	6 
[4, 1, 12, 1]  	393	6 
[4, 0, 13, 1]  	409	5 
[4, 7, 10, 1]  	413	5 
[4, 5, 11, 1]  	416	6 
[1, 23, 5, 1]  	452	2 
[1, 21, 6, 1]  	455	3 
[1, 10, 11, 1]  	457	2 
[1, 15, 10, 1]  	493	3 
[1, 18, 9, 1]  	503	3 
[2, 26, 3, 2]  	441	3 
[2, 0, 16, 2]  	480	3 
[3, 1, 13, 3]  	414	5 
[1, 7, 13, 3]  	476	2 
[2, 15, 7, 47]  	414	4 
[0, 21, 7, 47]  	476	1 
[5, 17, 0, 49]  	261	6 
[20, 4, 3, 49]  	299	10 
[11, 2, 7, 49]  	317	8 
[12, 1, 8, 49]  	341	7 
[3, 16, 5, 49]  	377	4 
[5, 11, 7, 49]  	386	5 
[4, 14, 6, 49]  	388	5 
[3, 15, 6, 49]  	393	5 
[2, 30, 0, 49]  	406	5 
[3, 14, 7, 49]  	409	4 
[3, 21, 4, 49]  	413	4 
[2, 29, 1, 49]  	422	3 
[2, 7, 11, 49]  	426	3 
[2, 1, 14, 49]  	435	4 
[1, 11, 10, 49]  	441	2 
[0, 25, 4, 49]  	441	1 
[0, 8, 12, 49]  	452	1 
[0, 35, 0, 49]  	455	2 
[0, 24, 5, 49]  	457	1 
[0, 32, 3, 49]  	503	2 
[0, 3, 17, 49]  	532	1 
------
The gap is between 4 and 46.
Lengths: 3 3 6 7 3 3.
For 490 = 5*d/2-d1-d2-d3 you get 3 in char 0.
1*x^1*y^17*z^9
1*y^31*z^3
1*y^2*z^16

For 274 = 3*d/2-d1-d2-d3 you get 6 in char 0.
1*x^5*y^18
1*x^4*y^3*z^7
1*x^3*y^17*z^1
1*x^2*y^2*z^8
1*x^1*y^16*z^2
1*y^1*z^9

For 58 = d/2-d1-d2-d3 you get 3 in char 0.
1*x^4*y^2
1*x^2*y^1*z^1
1*z^2

Extra powers of p used 1.
The invariant extra is equal to 4.
Start computing 5^3 Delta^1 (x1x2x3)^4... Done.
Start computing 5^4 Delta^2 (x1x2x3)^4... Done.
Start computing 5^5 Delta^3 (x1x2x3)^4... Done.
Start computing 5^6 Delta^4 (x1x2x3)^4... Done.
Start computing 5^7 Delta^5 (x1x2x3)^4... Done.
Start computing 5^8 Delta^6 (x1x2x3)^4... Done.
Start computing 5^9 Delta^7 (x1x2x3)^4... Done.
Start computing 5^10 Delta^8 (x1x2x3)^4... Done.
Start computing 5^11 Delta^9 (x1x2x3)^4... Done.
Start computing 5^12 Delta^10 (x1x2x3)^4... Done.
Start computing 5^13 Delta^11 (x1x2x3)^4... Done.
Start computing 5^14 Delta^12 (x1x2x3)^4... Done.
Start computing aa.
1 2 3 4 5 6 7 8 9 10 11 12 
*/
A = \
[388931692878798245890426886162595,346252856619101441617798569502265,474867602673320567970982880016610,522592952104811738682802175353400,300995899725649547700278931513175,562081447280972148582381219614350,597370254546321620450543330809200,166002781150111261586493117438875,694264569898825763091690546664500,233776841893833165087953160227250,413667940937172891935121386054250,709278601769136908453496324675625;\
192537588861449181294050069705540,80424895235830968156384841958650,133227834812880168271945541607285,685523896727525446241765722900050,41667375698771369592004752699500,253449473930990520391353884206875,604053126618776981549254061176450,112486595411309693448421953335950,56389332298827518672268397787150,363122672741493404001685755395875,222706551754460708892773380483250,583628657379809143395296286608625;\
202960474181009742965655447874670,182103917758656701651696965294300,46158039010009253479169036801550,204848856454085935451423372657625,141010842402839362606417548885600,486334907581696614840301831306375,412631365230234497093183838565975,456185260499033858334350945225475,161718055421180616988007989835450,574196698119247553040959982754000,575054558868864230123960815647000,267944897388060698503169056753000;\
122795943869286314735687305569920,154108868249970540071615738901695,290844801082896312240850945251216,136867277190586393761507272616055,577786175954881648664434137419665,522890279969524979787881438611540,95175578905154561288741998973765,524599948136449218195743950724905,535272896449273818532028591753070,281400954453343630713620772126200,488567357651871205739138297240250,352359224316170191632120838942550;\
348012022232032083580576884298065,403686448629648113258482284449500,596442736724689676299009909195749,309578758039459628511246225549870,467717823968963821159273114889410,361144672045532514117563882613460,684499685500988835258650267015160,244498759130374260196417335967670,305062817628965634912066752447480,243910170032092200908295070790175,632124942002966938631106879940375,710336984382984466088760624294325;\
97467952706811429533150481790645,528325638461423829488952592190865,42382198275386532543475862225207,328620507987308749283549702961835,282628217523420051115911456222255,412101429621550084895982279474380,440141335407771962806409488430230,693899577276273325828398206994135,119841280255268629292052426495765,227673266060797697922412220989025,321746673366349222988959858247250,93529198171233727231546862804850;\
309244834806984582909572421962405,684478466305778235800491465627690,601857278228219558855078130702226,106137131834116244428190497325980,85535679286447181744360219434640,467571688223499013441455313704315,427692577430665813580643965309015,233482960253250999423355737701955,528075714207409688154732663101295,12885613572850431471750903319575,296421135554059190600969038527750,658094870892139313348092107221675;\
511242374852422988173320113414230,430869843861448608181099618008045,410376542089016124955814919027132,600604330318127995921629742956110,339650648697328984095659611096505,157697784183462742919009249804180,166916384413314342189172109248030,538817217499709703824932726225610,356518615002353393650474220610390,592058559205810671122607719470025,589724779102990983921667017390750,105243277962344749916556089024475;\
88460614262139751728790924764270,583045506676290849053711708351315,458052075524080806956350035146729,211891243780681502948653927370570,100368769422454716861019225113160,5354793735491362500512243835360,490135697899402731313419658920760,320480681112717236141435866251345,543752004295239961659400148206180,587490685931104593463414819381675,259585315518386115016071097723750,12664456783831189084674281979325;\
44370441213831537865473957964050,658409397233337307978431612550840,433025172159184709608115878484423,528526756318592078831921590919965,20501769491701245793374343832495,192535458379057310242853835688695,571039205001737453411775509472745,613215604263475232415868042026090,178753451753244225226125049973360,423372179720850101596940287033725,467178771806902747029877315325125,607603372773614275393023887201150;\
486029084293057450790707348277390,393652759172612493727872045323425,473510902120026919768679757987282,203662106199799188870471328415185,450415282154554537056857162231880,405889413382642860393773031846755,520567995306373506172024287488955,461550885213702814954290665983110,577796252681821479962942678112790,446997946714107288623297643307650,134496527118854055755222757750250,360869155332244924293177491551850;\
155443874277727486466500688366985,674548702430245383567814183801870,418924384127186092993688233783732,161137591279556609986572654614810,472930890511546135451706927511280,501977197318427247904498796351880,150723846458449842123027114139455,611859886429863050605258464573885,100552072817468397761251548108190,346962994158452584917247083912775,296502361013475300203776949280125,481026838171180437256987044900725]
/* 
This matrix times 5^(-1) should be the matrix of frobenius.
*/ 
B = 5^(-1) * A; 
/* Freed 130 lists. */
