/* Comments begin... 
Coefficient of   x^27                     = 1
Coefficient of   x^14 * y^8               = 0
Coefficient of   x^12 * y^7 * z^1         = -2
Coefficient of   x^10 * y^6 * z^2         = 0
Coefficient of   x^8 * y^5 * z^3         = 1
Coefficient of   x^6 * y^4 * z^4         = -1
Coefficient of   x^4 * y^3 * z^5         = -1
Coefficient of   x^2 * y^2 * z^6         = 2
Coefficient of   x^1 * y^16               = 2
Coefficient of   y^1 * z^7               = -2

Here is the polynomial we're using this time:

1*x^27 + -2*x^12*y^7*z^1 + 1*x^8*y^5*z^3 + -1*x^6*y^4*z^4 + -1*x^4*y^3*z^5 + 2*x^2*y^2*z^6 + 2*x^1*y^16 + -2*y^1*z^7

Allocate G_len 20 elements and old = 0.
Allocate M_len = 400 elements.
Allocate G_len 40 elements and old = 20.
Allocate M_len = 800 elements.
Allocate G_len 80 elements and old = 40.
Allocate M_len = 1600 elements.
Allocate M_len = 3200 elements.
Allocate G_len 160 elements and old = 80.
Allocate M_len = 6400 elements.
Allocate M_len = 12800 elements.
Allocate G_len 320 elements and old = 160.
Allocate M_len = 25600 elements.
The final length of G is 177
[12, 7, 0, 0]  	187	6 
[12, 6, 1, 0]  	203	7 
[26, 0, 0, 0]  	208	7  <--- 1
[8, 5, 3, 0]  	216	6 
[8, 4, 5, 0]  	261	8 
[6, 4, 6, 0]  	274	7 
[7, 18, 0, 0]  	290	8 
[22, 5, 2, 0]  	299	11 
[18, 4, 4, 0]  	312	12 
[14, 3, 6, 0]  	325	11 
[18, 3, 5, 0]  	328	11 
[11, 3, 7, 0]  	330	10 
[24, 4, 3, 0]  	331	11 
[22, 3, 4, 0]  	331	11 
[11, 17, 1, 0]  	338	10 
[14, 2, 7, 0]  	341	10 
[9, 3, 8, 0]  	343	9 
[18, 2, 6, 0]  	344	10 
[11, 2, 8, 0]  	346	9 
[22, 2, 5, 0]  	347	10 
[11, 16, 2, 0]  	354	9 
[14, 1, 8, 0]  	357	9 
[9, 2, 9, 0]  	359	8 
[18, 1, 7, 0]  	360	9 
[11, 1, 9, 0]  	362	8 
[22, 1, 6, 0]  	363	9 
[8, 3, 9, 0]  	364	8 
[7, 17, 3, 0]  	364	8 
[6, 18, 3, 0]  	369	7 
[10, 0, 10, 0]  	370	8 
[7, 2, 10, 0]  	372	7 
[6, 16, 4, 0]  	372	7 
[9, 1, 10, 0]  	375	8 
[18, 0, 8, 0]  	376	8 
[6, 3, 10, 0]  	377	7 
[5, 17, 4, 0]  	377	7 
[22, 0, 7, 0]  	379	8 
[8, 0, 11, 0]  	383	7 
[7, 14, 5, 0]  	383	7 
[5, 2, 11, 0]  	385	6 
[4, 16, 5, 0]  	385	6 
[6, 15, 5, 0]  	388	7 
[16, 0, 9, 0]  	389	8 
[5, 27, 0, 0]  	391	6 
[6, 22, 2, 0]  	392	7 
[4, 1, 12, 0]  	393	6 
[6, 0, 12, 0]  	396	7 
[5, 23, 2, 0]  	397	6 
[5, 12, 7, 0]  	399	6 
[5, 21, 3, 0]  	400	6 
[4, 15, 6, 0]  	401	5 
[3, 29, 0, 0]  	401	5 
[5, 10, 8, 0]  	402	6 
[4, 13, 7, 0]  	404	5 
[5, 8, 9, 0]  	405	6 
[3, 16, 6, 0]  	406	6 
[5, 26, 1, 0]  	407	6 
[4, 27, 1, 0]  	412	5 
[3, 1, 13, 0]  	414	5 
[4, 25, 2, 0]  	415	5 
[5, 0, 13, 0]  	417	4 
[3, 28, 1, 0]  	417	4 
[4, 23, 3, 0]  	418	5 
[4, 12, 8, 0]  	420	4 
[3, 26, 2, 0]  	420	4 
[3, 15, 7, 0]  	422	5 
[4, 10, 9, 0]  	423	4 
[3, 24, 3, 0]  	423	4 
[3, 13, 8, 0]  	425	4 
[4, 8, 10, 0]  	426	4 
[3, 22, 4, 0]  	426	4 
[3, 11, 9, 0]  	428	4 
[4, 6, 11, 0]  	429	5 
[3, 20, 5, 0]  	429	5 
[3, 0, 14, 0]  	430	4 
[3, 9, 10, 0]  	431	4 
[2, 12, 9, 0]  	433	3 
[3, 7, 11, 0]  	434	4 
[2, 30, 1, 0]  	435	5 
[2, 8, 11, 0]  	439	3 
[2, 6, 12, 0]  	442	4 
[2, 15, 8, 0]  	443	4 
[2, 33, 0, 0]  	445	5 
[2, 22, 5, 0]  	447	3 
[2, 11, 10, 0]  	449	3 
[2, 20, 6, 0]  	450	4 
[2, 29, 2, 0]  	451	4 
[1, 23, 5, 0]  	452	2 
[1, 21, 6, 0]  	455	3 
[1, 10, 11, 0]  	457	2 
[2, 5, 13, 0]  	458	4 
[1, 35, 0, 0]  	463	3 
[2, 1, 15, 0]  	464	4 
[0, 9, 12, 0]  	465	1 
[2, 19, 7, 0]  	466	4 
[0, 36, 0, 0]  	468	2  <--- 2
[1, 20, 7, 0]  	471	3 
[1, 29, 3, 0]  	472	3 
[0, 23, 6, 0]  	473	1 
[1, 7, 13, 0]  	476	2 
[1, 34, 1, 0]  	479	3 
[0, 8, 13, 0]  	481	1 
[0, 35, 1, 0]  	484	2 
[1, 19, 8, 0]  	487	3 
[0, 22, 7, 0]  	489	1 
[1, 6, 14, 0]  	492	2 
[1, 15, 10, 0]  	493	3 
[0, 7, 14, 0]  	497	1 
[0, 34, 2, 0]  	500	2 
[1, 18, 9, 0]  	503	3 
[0, 21, 8, 0]  	505	1 
[1, 5, 15, 0]  	508	2 
[0, 6, 15, 0]  	513	1 
[0, 33, 3, 0]  	516	2 
[0, 20, 9, 0]  	521	1 
[0, 29, 5, 0]  	522	2 
[1, 4, 16, 0]  	524	2 
[0, 5, 16, 0]  	529	1 
[1, 0, 18, 0]  	530	1 
[0, 32, 4, 0]  	532	2 
[0, 19, 10, 0]  	537	1 
[0, 4, 17, 0]  	545	1 
[0, 0, 19, 0]  	551	1  <--- 3
[0, 18, 11, 0]  	553	1 
[0, 3, 18, 0]  	561	1 
[22, 4, 3, 1]  	315	12 
[7, 3, 9, 1]  	356	8 
[8, 1, 10, 1]  	367	8 
[14, 0, 9, 1]  	373	8 
[7, 0, 11, 1]  	375	7 
[6, 1, 11, 1]  	380	7 
[6, 26, 0, 1]  	386	7 
[5, 0, 12, 1]  	388	6 
[6, 24, 1, 1]  	389	7 
[5, 25, 1, 1]  	394	6 
[5, 14, 6, 1]  	396	6 
[4, 11, 8, 1]  	407	5 
[5, 6, 10, 1]  	408	6 
[4, 0, 13, 1]  	409	5 
[4, 9, 9, 1]  	410	5 
[4, 7, 10, 1]  	413	5 
[4, 5, 11, 1]  	416	6 
[4, 21, 4, 1]  	421	5 
[2, 10, 10, 1]  	436	3 
[3, 5, 12, 1]  	437	5 
[2, 26, 3, 1]  	441	3 
[2, 24, 4, 1]  	444	3 
[1, 25, 4, 1]  	449	2 
[1, 8, 12, 1]  	460	2 
[2, 4, 14, 1]  	474	4 
[2, 0, 16, 1]  	480	3 
[1, 0, 17, 1]  	501	2 
[1, 33, 2, 2]  	495	3 
[9, 17, 2, 3]  	351	9 
[8, 2, 9, 47]  	351	8 
[7, 1, 10, 48]  	359	7 
[3, 6, 11, 48]  	421	4 
[1, 4, 15, 48]  	495	2 
[20, 3, 4, 49]  	315	9 
[6, 17, 3, 49]  	356	6 
[6, 15, 4, 49]  	359	4 
[5, 10, 7, 49]  	373	5 
[6, 14, 5, 49]  	375	6 
[5, 15, 5, 49]  	380	6 
[3, 23, 2, 49]  	381	4 
[4, 14, 6, 49]  	388	5 
[3, 28, 0, 49]  	388	3 
[4, 20, 4, 49]  	408	5 
[3, 14, 7, 49]  	409	3 
[3, 21, 4, 49]  	413	3 
[3, 19, 5, 49]  	416	5 
[0, 9, 11, 49]  	436	1 
[2, 19, 6, 49]  	437	4 
[1, 11, 10, 49]  	441	2 
[0, 24, 5, 49]  	457	1 
[0, 22, 6, 49]  	460	1 
[1, 18, 8, 49]  	474	3 
------
The gap is between 4 and 46.
Lengths: 3 3 6 6 3 3.
For 490 = 5*d/2-d1-d2-d3 you get 3 in char 0.
1*x^1*y^17*z^9
1*y^31*z^3
1*y^2*z^16

For 274 = 3*d/2-d1-d2-d3 you get 6 in char 0.
1*x^5*y^18
1*x^4*y^3*z^7
1*x^3*y^17*z^1
1*x^2*y^2*z^8
1*x^1*y^16*z^2
1*y^1*z^9

For 58 = d/2-d1-d2-d3 you get 3 in char 0.
1*x^4*y^2
1*x^2*y^1*z^1
1*z^2

Extra powers of p used 0.
The invariant extra is equal to 4.
Start computing 5^3 Delta^1 (x1x2x3)^4... Done.
Start computing 5^4 Delta^2 (x1x2x3)^4... Done.
Start computing 5^5 Delta^3 (x1x2x3)^4... Done.
Start computing 5^6 Delta^4 (x1x2x3)^4... Done.
Start computing 5^7 Delta^5 (x1x2x3)^4... Done.
Start computing 5^8 Delta^6 (x1x2x3)^4... Done.
Start computing 5^9 Delta^7 (x1x2x3)^4... Done.
Start computing 5^10 Delta^8 (x1x2x3)^4... Done.
Start computing 5^11 Delta^9 (x1x2x3)^4... Done.
Start computing 5^12 Delta^10 (x1x2x3)^4... Done.
Start computing 5^13 Delta^11 (x1x2x3)^4... Done.
Start computing 5^14 Delta^12 (x1x2x3)^4... Done.
Start computing aa.
1 2 3 4 5 6 7 8 9 10 11 12 
*/
A = \
[86783262674064182524573613681054,54351844221306045110618353431728,85626692847592265175098041583961,93582078009643470733761306907305,92489860784141187376656964340430,4114657715636804360627042375595,20209962615770863238314503608810,84490992753488721915848190356335,50163389469899915942643381053300,55586896964249526402660456192875,115045801994006023254795081241800,122235999448878990101443926670100;\
72897806675557869533632389822833,130928585133112976050614106996090,46070009616518420673650623218456,82621921311734376362191021043755,137322519067334569420503983733800,945644501679803067336346008110,51361252333200490234739994377350,119742628711149556040927118450120,39615819113705297568965885827185,89850756729430338670545190328125,2743003794358671350087757466850,67031141035742752657468257414150;\
59952282409215576632464687473306,14361469277325729139929589042583,38663571336621331629340079444562,4412724804340951082486367403020,46959232183783261555834068985150,80603555774971196753259134882075,21062461720175127628271720482495,50552505598958291462840990238550,109833590900387649635463941922320,79903442044230733031844933072900,81549942456251825593539826490850,55962173240836050939835624355625;\
74050381896486748193200671112223,20932063229250125033003774004213,35494078347382525856808175110967,48790006643643436306938228393495,26908342626120576549626633302090,66985455769861717057024197386530,129375862544336526470110047438200,105567563375368117405431476248130,75659225610285235577788183539080,21878956291753745457666293360700,5133879930279003625329150071975,139008106087946896598752259745650;\
130078212720175822100710506845874,133781191721205795184830065265116,8012468512578086871139974886746,139870644058661905267294948543230,21586824044218876733133417835750,127109320324524850655452242488260,22388631955553581693676404811860,43267584397489475937824087921035,121876891128187684045043291746910,37209692960250784102998351292975,58059535721269845526139599513525,100360349787101804061678399689575;\
61812537862424531388418091728263,95846613855040206452361820582202,125921998943948362991340476532405,99213552388637555732363045445115,12567934268833204079538492847480,68760906553653857973174102532660,13811233233910625397363758645655,74537565625266569830484954740625,32376774305274467383372117140770,104280954694251718661674492102125,75899799934595112314330070658725,30422474256287389140839177280675;\
56268672563824704135816824893196,45418055034597971987987349689927,57807187930905893574612771317856,101081848895496156840488836378040,107643500896770148121507602370375,117694947400419333727420445422240,41606688436890611220592738649435,6122974627140040650320050394880,99866918781112242363514690642670,7148620542056110208835983441700,50981988096289622228020987912425,110627290864471163727213418507750;\
115218002580793824259382174775933,133211887243977103922970206508009,15337205737878213527719625193274,88140266497844463359190096511885,30249993779636204028451726752235,55944137084880405232144604497785,36301140713790286635231366079560,85239010074522902337026324464330,112207586821716144313676507839840,36222535095288264480450721443625,93467295757624411430219649595525,29656216364793341442548711682800;\
49489517393393437701100508762109,128995913892145805522545339345517,80795415826971028011864515670994,1524129451834219845744299063815,40382465527555274395565052117195,5468722170262232967156972908780,34622375062400812418177691328770,86876213416942984169182201818455,79855660991247380267260653078745,110268949184982959148719323945325,61339205301821626190049025290650,66325618959161828737039763479700;\
533243537906201448444838087833,101083579437378506789260240685031,89391357519106334999466338543832,137764734700453894574099510646940,57605331584274031722881278925295,99971797225184392788025930789890,105550208840953156873392483770350,124322491211432298789982219488855,3477547392871498669492437001660,77471018007200193376874045213300,139536957392609342496481843731225,67369514736301818948412427933375;\
55352463693545519532998503018587,105985805842997508096140717689429,115500297507916878925151934574545,67081222912692143739745585682195,100124165269109736816300636579990,125409615051589513664494271391170,92807181159979076835938214131885,43873493868073920408015649227515,22619014677299265992785721265490,65124295799117060902570286010425,100445999905561854390030051905700,78101622551816262049279372383000;\
117081117452434687053829341790033,117374495192342870388678953551781,57153949093206497678692204916077,24970763576600694720228355813165,101465090269033180760471276465820,82959333012037767353388266102090,66163698915684030708567891911200,13788124879450491539856327529405,7881185721838320166163788785610,33212513901746250711279181724775,87029186361311536935536263961850,52468453421632496685210948351750]
/* 
This should be the matrix of frobenius!
*/ 
B = A; 
/* Freed 128 lists. */
