/* Comments begin... 
Coefficient of   x^27                     = -1
Coefficient of   x^14 * y^8               = 2
Coefficient of   x^12 * y^7 * z^1         = 0
Coefficient of   x^10 * y^6 * z^2         = -2
Coefficient of   x^8 * y^5 * z^3         = 1
Coefficient of   x^6 * y^4 * z^4         = -1
Coefficient of   x^4 * y^3 * z^5         = -1
Coefficient of   x^2 * y^2 * z^6         = -2
Coefficient of   x^1 * y^16               = 1
Coefficient of   y^1 * z^7               = 2

Here is the polynomial we're using this time:

-1*x^27 + 2*x^14*y^8 + -2*x^10*y^6*z^2 + 1*x^8*y^5*z^3 + -1*x^6*y^4*z^4 + -1*x^4*y^3*z^5 + -2*x^2*y^2*z^6 + 1*x^1*y^16 + 2*y^1*z^7

Allocate G_len 20 elements and old = 0.
Allocate M_len = 400 elements.
Allocate G_len 40 elements and old = 20.
Allocate M_len = 800 elements.
Allocate G_len 80 elements and old = 40.
Allocate M_len = 1600 elements.
Allocate M_len = 3200 elements.
Allocate G_len 160 elements and old = 80.
Allocate M_len = 6400 elements.
Allocate M_len = 12800 elements.
Allocate G_len 320 elements and old = 160.
The final length of G is 165
[10, 6, 1, 0]  	187	6 
[14, 7, 0, 0]  	203	8 
[26, 0, 0, 0]  	208	8  <--- 1
[10, 5, 3, 0]  	232	7 
[8, 4, 5, 0]  	261	7 
[6, 4, 6, 0]  	274	6 
[6, 3, 7, 0]  	290	7 
[22, 5, 2, 0]  	299	13 
[5, 18, 1, 0]  	303	6 
[22, 4, 3, 0]  	315	12 
[14, 3, 6, 0]  	325	11 
[20, 4, 4, 0]  	328	11 
[18, 3, 5, 0]  	328	11 
[22, 3, 4, 0]  	331	12 
[14, 2, 7, 0]  	341	10 
[8, 17, 2, 0]  	343	8 
[11, 2, 8, 0]  	346	9 
[22, 2, 5, 0]  	347	10 
[10, 1, 9, 0]  	354	9 
[14, 1, 8, 0]  	357	10 
[9, 2, 9, 0]  	359	8 
[8, 16, 3, 0]  	359	8 
[20, 2, 6, 0]  	360	10 
[8, 1, 10, 0]  	367	8 
[5, 3, 10, 0]  	369	6 
[10, 0, 10, 0]  	370	9 
[7, 2, 10, 0]  	372	7 
[6, 16, 4, 0]  	372	7 
[14, 0, 9, 0]  	373	8 
[8, 15, 4, 0]  	375	8 
[20, 1, 7, 0]  	376	8 
[18, 0, 8, 0]  	376	8 
[5, 17, 4, 0]  	377	6 
[24, 1, 6, 0]  	379	7 
[22, 0, 7, 0]  	379	8 
[6, 1, 11, 0]  	380	7 
[8, 0, 11, 0]  	383	7 
[7, 14, 5, 0]  	383	7 
[5, 2, 11, 0]  	385	6 
[4, 16, 5, 0]  	385	6 
[6, 26, 0, 0]  	386	7 
[6, 15, 5, 0]  	388	6 
[5, 0, 12, 0]  	388	6 
[8, 25, 0, 0]  	389	7 
[5, 27, 0, 0]  	391	6 
[10, 24, 0, 0]  	392	7 
[4, 1, 12, 0]  	393	6 
[5, 14, 6, 0]  	396	6 
[5, 12, 7, 0]  	399	6 
[4, 15, 6, 0]  	401	5 
[3, 29, 0, 0]  	401	5 
[5, 10, 8, 0]  	402	6 
[5, 8, 9, 0]  	405	6 
[3, 16, 6, 0]  	406	6 
[4, 11, 8, 0]  	407	5 
[4, 0, 13, 0]  	409	5 
[4, 27, 1, 0]  	412	5 
[4, 7, 10, 0]  	413	5 
[3, 1, 13, 0]  	414	5 
[4, 25, 2, 0]  	415	5 
[4, 5, 11, 0]  	416	6 
[4, 14, 7, 0]  	417	4 
[3, 28, 1, 0]  	417	4 
[4, 23, 3, 0]  	418	5 
[3, 26, 2, 0]  	420	4 
[4, 21, 4, 0]  	421	5 
[3, 15, 7, 0]  	422	5 
[3, 24, 3, 0]  	423	4 
[3, 22, 4, 0]  	426	4 
[3, 11, 9, 0]  	428	4 
[3, 20, 5, 0]  	429	5 
[3, 0, 14, 0]  	430	4 
[2, 12, 9, 0]  	433	3 
[3, 7, 11, 0]  	434	4 
[2, 30, 1, 0]  	435	5 
[3, 5, 12, 0]  	437	5 
[2, 8, 11, 0]  	439	3 
[2, 26, 3, 0]  	441	3 
[2, 6, 12, 0]  	442	4 
[2, 15, 8, 0]  	443	4 
[3, 10, 10, 0]  	444	3 
[2, 24, 4, 0]  	444	3 
[2, 22, 5, 0]  	447	3 
[2, 11, 10, 0]  	449	2 
[1, 25, 4, 0]  	449	2 
[2, 20, 6, 0]  	450	4 
[2, 29, 2, 0]  	451	4 
[1, 23, 5, 0]  	452	2 
[1, 21, 6, 0]  	455	3 
[1, 10, 11, 0]  	457	2 
[2, 34, 0, 0]  	458	4 
[2, 5, 13, 0]  	458	4 
[1, 8, 12, 0]  	460	2 
[1, 35, 0, 0]  	463	3 
[2, 1, 15, 0]  	464	4 
[0, 9, 12, 0]  	465	1 
[1, 20, 7, 0]  	471	3 
[0, 23, 6, 0]  	473	1 
[2, 4, 14, 0]  	474	4 
[1, 7, 13, 0]  	476	2 
[1, 34, 1, 0]  	479	3 
[2, 0, 16, 0]  	480	3 
[0, 37, 0, 0]  	481	1  <--- 2
[0, 8, 13, 0]  	481	1 
[0, 35, 1, 0]  	484	2 
[1, 19, 8, 0]  	487	3 
[0, 22, 7, 0]  	489	1 
[1, 6, 14, 0]  	492	2 
[1, 33, 2, 0]  	495	3 
[0, 7, 14, 0]  	497	1 
[0, 34, 2, 0]  	500	2 
[1, 0, 17, 0]  	501	2 
[0, 21, 8, 0]  	505	1 
[1, 5, 15, 0]  	508	2 
[0, 6, 15, 0]  	513	1 
[0, 20, 9, 0]  	521	1 
[0, 29, 5, 0]  	522	2 
[1, 4, 16, 0]  	524	2 
[0, 5, 16, 0]  	529	1 
[0, 32, 4, 0]  	532	2 
[0, 19, 10, 0]  	537	1 
[0, 4, 17, 0]  	545	1 
[0, 0, 19, 0]  	551	1  <--- 3
[0, 18, 11, 0]  	553	1 
[0, 3, 18, 0]  	561	1 
[8, 5, 4, 1]  	245	6 
[18, 4, 4, 1]  	312	12 
[13, 18, 0, 1]  	338	10 
[22, 1, 6, 1]  	363	9 
[7, 0, 11, 1]  	375	7 
[4, 13, 7, 1]  	404	5 
[4, 10, 9, 1]  	423	4 
[3, 13, 8, 1]  	425	4 
[3, 9, 10, 1]  	431	4 
[2, 10, 10, 1]  	436	3 
[2, 33, 0, 1]  	445	5 
[0, 36, 0, 1]  	468	2 
[1, 29, 3, 1]  	472	3 
[1, 15, 10, 1]  	493	3 
[1, 18, 9, 1]  	503	3 
[0, 33, 3, 1]  	516	2 
[18, 2, 6, 2]  	344	11 
[6, 17, 3, 2]  	356	7 
[18, 1, 7, 2]  	360	9 
[4, 9, 9, 2]  	410	5 
[2, 19, 7, 2]  	466	4 
[6, 2, 10, 47]  	364	7 
[14, 0, 8, 48]  	344	8 
[5, 2, 10, 48]  	356	6 
[3, 23, 3, 48]  	410	4 
[1, 33, 1, 48]  	466	3 
[6, 4, 5, 49]  	245	4 
[16, 3, 5, 49]  	312	8 
[10, 2, 8, 49]  	338	9 
[8, 2, 9, 49]  	351	8 
[20, 0, 7, 49]  	363	8 
[4, 2, 11, 49]  	377	5 
[3, 27, 1, 49]  	404	4 
[1, 23, 4, 49]  	423	1 
[2, 27, 2, 49]  	425	3 
[2, 4, 13, 49]  	445	3 
[0, 7, 13, 49]  	468	1 
[1, 0, 16, 49]  	472	1 
[0, 29, 4, 49]  	493	2 
[0, 3, 16, 49]  	503	1 
------
The gap is between 3 and 46.
Lengths: 3 3 6 6 3 3.
For 490 = 5*d/2-d1-d2-d3 you get 3 in char 0.
1*x^1*y^17*z^9
1*y^31*z^3
1*y^2*z^16

For 274 = 3*d/2-d1-d2-d3 you get 6 in char 0.
1*x^5*y^18
1*x^4*y^3*z^7
1*x^3*y^17*z^1
1*x^2*y^2*z^8
1*x^1*y^16*z^2
1*y^1*z^9

For 58 = d/2-d1-d2-d3 you get 3 in char 0.
1*x^4*y^2
1*x^2*y^1*z^1
1*z^2

Extra powers of p used 0.
The invariant extra is equal to 4.
Start computing 5^3 Delta^1 (x1x2x3)^4... Done.
Start computing 5^4 Delta^2 (x1x2x3)^4... Done.
Start computing 5^5 Delta^3 (x1x2x3)^4... Done.
Start computing 5^6 Delta^4 (x1x2x3)^4... Done.
Start computing 5^7 Delta^5 (x1x2x3)^4... Done.
Start computing 5^8 Delta^6 (x1x2x3)^4... Done.
Start computing 5^9 Delta^7 (x1x2x3)^4... Done.
Start computing 5^10 Delta^8 (x1x2x3)^4... Done.
Start computing 5^11 Delta^9 (x1x2x3)^4... Done.
Start computing 5^12 Delta^10 (x1x2x3)^4... Done.
Start computing 5^13 Delta^11 (x1x2x3)^4... Done.
Start computing 5^14 Delta^12 (x1x2x3)^4... Done.
Start computing aa.
1 2 3 4 5 6 7 8 9 10 11 12 
*/
A = \
[137147842990699221965745215399044,105747973986199852260402738142593,75713203707668265455847255856426,1281486900453481824553864823865,115905083455633586222321751563720,106508846981290504713918216669765,68409718883683614425031425920940,134736634085938123321358070931810,109676651638472209507027786597930,81784364416178372584695920798225,53907924653829217642128975624225,93826933021015352314582307643625;\
101056542987411009471071364866812,110609199929182866850203658428565,3733429613695741336065442246806,29458889416252820630984836662095,3932412581683879346461574632165,11677486304722259034977809018480,117169197593518683193135819942395,122667201510276425537222601439740,20850026562027189340522832310075,104323184530744214408869031308625,136545218813037941142065236426525,135081173258415922456396506544800;\
139473461834270248556994062314380,110819488179565977113550395687804,89325589475707965726490183698213,49384768091137877433288054579705,8979179166255510037394819267950,84997142940532841057471096117195,52902394017664598194677399332045,118102831318051886375825799533655,66161505763253308498622707017520,75000612164354979242504761727050,8086031662894517759556875829150,4938659196221241072402894732475;\
35556198215842689803938220490354,112545848993537895172865133637630,137018216055993947407837362667882,127648110239550482507790946362145,90994804061904318293552610853785,122418674448692034227524032660645,25468898839724272151573907791030,5897413491249218174250423152975,86452491165792376738938289273405,61518216495209053147122232206375,32136220932831236173787055972875,30991394794184560059622040856050;\
40419714525255317142471062283923,88573168670072554209918358523976,120628027589629560463314455954282,141244966001642320446168463763045,130692622625414164463380614160065,126757891287468813744801444687475,127591968918929691620294888286935,92849278791406110320760815105675,97588925523741025836219309205985,83506042621708134432338053708925,67960207187799036225071032418200,135074801169891573071862747608825;\
134926620763445695245285840785617,96604244038223144205900421696631,102104178967519936933056634035327,25290691927660393896996585515765,72368405531217442761585354297670,36049890518525138452446966582630,137397813154132854697837719594770,15934088457054758901151749030700,22623640235373986261745419547385,110844440460795746474798754414650,107212978354784804017322304499150,44284358456911450254417636301400;\
112851690549896609570968177355963,111929863508703986168777543395146,16498367948176672517989307562926,19187757078381963842071944416510,124505568093069022442488350449425,37719256297134308261614917403930,131514971436568760943741491117745,58457470956853571101756061102580,23255570055800941018546645064145,68304954111203860273161449239050,26201793713602207224798269740300,131499890905523566134519459640550;\
82859678844797224592903227594354,112910935942237320333307860237997,10112873967918276308891846236774,5977695065540042024764173392340,23843360126243107151927905110495,123227830157491063324405652351350,43216661602497009709218803329410,133922296816770342432455805426010,12411459370396342877583412914115,19107886932765995557584814108050,52630079262961865166727109342250,4002284650692179512252107878050;\
51563875850162761019749791057276,17727134202032909202496623862088,106212485250053416617722331373133,100390693977983595144451851092290,14389254658281813219942239771945,57534574179090675509639886447070,16414325596129018390554850627895,24943127004484842943558644509890,65206792538083215887481612113330,110039086670780017788654415072800,129155903369158308777080460230750,85490149790413504213748285055775;\
104764687690592199932735723772338,53438546713540983523472391386993,121171269865310343887926591730672,128267104722289532249923729142140,4988806726730864176522891406075,42313346850710097346347798123755,13155705400142465695291588134065,72253080114475650106224137344345,119090529682199552191882143567835,98635688529934741899696832501450,55213782369073465969146595335350,126519100256124028120966496100225;\
42824675555349570596514535207172,74516561881575520239775267746803,62579648756686415171503951886599,17141136672941286786014385541055,138111945710615316695826390077620,106884741776535177212938483945030,30870256883725943424519413910265,80158250514192259656699694807610,4037911099160652168476771264855,129945995573326569240980458322500,139329079490975990636072529355150,9439782874853022291155425844300;\
6924321449551650606474816659616,60114449973985353503733350017049,58224863418285964547007033809792,42422101037879020569736340659490,103176697803049416897533165927110,123298513932636263784472844961765,71751025949459683167522893398045,89940457604619426242215517218130,63951246816470619876956417251090,50590909063044506281513057935825,126686713070545739399612068427450,24408410305808649628666752277525]
/* 
This should be the matrix of frobenius!
*/ 
B = A; 
/* Freed 129 lists. */
