/* Comments begin... 
Coefficient of   x^27                     = -2
Coefficient of   x^14 * y^8               = 1
Coefficient of   x^12 * y^7 * z^1         = -1
Coefficient of   x^10 * y^6 * z^2         = 2
Coefficient of   x^8 * y^5 * z^3         = 2
Coefficient of   x^6 * y^4 * z^4         = 2
Coefficient of   x^4 * y^3 * z^5         = 2
Coefficient of   x^2 * y^2 * z^6         = 2
Coefficient of   x^1 * y^16               = 1
Coefficient of   y^1 * z^7               = 1

Here is the polynomial we're using this time:

-2*x^27 + 1*x^14*y^8 + -1*x^12*y^7*z^1 + 2*x^10*y^6*z^2 + 2*x^8*y^5*z^3 + 2*x^6*y^4*z^4 + 2*x^4*y^3*z^5 + 2*x^2*y^2*z^6 + 1*x^1*y^16 + 1*y^1*z^7

Allocate G_len 20 elements and old = 0.
Allocate M_len = 400 elements.
Allocate G_len 40 elements and old = 20.
Allocate M_len = 800 elements.
Allocate G_len 80 elements and old = 40.
Allocate M_len = 1600 elements.
Allocate M_len = 3200 elements.
Allocate G_len 160 elements and old = 80.
Allocate M_len = 6400 elements.
Allocate M_len = 12800 elements.
Allocate G_len 320 elements and old = 160.
Allocate M_len = 25600 elements.
The final length of G is 176
[12, 7, 0, 0]  	187	7 
[26, 0, 0, 0]  	208	8  <--- 1
[10, 6, 3, 0]  	245	7 
[8, 5, 4, 0]  	245	7 
[8, 4, 5, 0]  	261	8 
[6, 4, 6, 0]  	274	7 
[7, 18, 0, 0]  	290	8 
[24, 6, 1, 0]  	299	13 
[22, 6, 2, 0]  	312	11 
[20, 5, 3, 0]  	312	12 
[18, 4, 4, 0]  	312	12 
[24, 5, 2, 0]  	315	12 
[22, 4, 3, 0]  	315	13 
[14, 3, 6, 0]  	325	10 
[16, 2, 6, 0]  	328	10 
[11, 3, 7, 0]  	330	10 
[22, 3, 4, 0]  	331	11 
[11, 17, 1, 0]  	338	10 
[16, 1, 7, 0]  	344	9 
[11, 2, 8, 0]  	346	10 
[22, 2, 5, 0]  	347	10 
[9, 17, 2, 0]  	351	9 
[10, 1, 9, 0]  	354	9 
[7, 3, 9, 0]  	356	8 
[14, 1, 8, 0]  	357	8 
[9, 2, 9, 0]  	359	8 
[8, 16, 3, 0]  	359	8 
[22, 1, 6, 0]  	363	9 
[7, 17, 3, 0]  	364	8 
[8, 1, 10, 0]  	367	8 
[6, 18, 3, 0]  	369	7 
[10, 0, 10, 0]  	370	8 
[7, 2, 10, 0]  	372	7 
[6, 16, 4, 0]  	372	7 
[14, 0, 9, 0]  	373	8 
[18, 0, 8, 0]  	376	8 
[6, 3, 10, 0]  	377	7 
[22, 0, 7, 0]  	379	8 
[6, 1, 11, 0]  	380	7 
[8, 0, 11, 0]  	383	7 
[7, 14, 5, 0]  	383	7 
[5, 2, 11, 0]  	385	6 
[4, 16, 5, 0]  	385	6 
[6, 26, 0, 0]  	386	7 
[6, 15, 5, 0]  	388	6 
[5, 0, 12, 0]  	388	6 
[6, 24, 1, 0]  	389	7 
[5, 27, 0, 0]  	391	6 
[6, 22, 2, 0]  	392	7 
[4, 1, 12, 0]  	393	6 
[5, 25, 1, 0]  	394	6 
[5, 14, 6, 0]  	396	6 
[5, 23, 2, 0]  	397	6 
[5, 12, 7, 0]  	399	6 
[5, 21, 3, 0]  	400	6 
[4, 15, 6, 0]  	401	5 
[3, 29, 0, 0]  	401	5 
[4, 13, 7, 0]  	404	5 
[5, 8, 9, 0]  	405	6 
[3, 16, 6, 0]  	406	6 
[4, 11, 8, 0]  	407	5 
[4, 0, 13, 0]  	409	5 
[4, 9, 9, 0]  	410	5 
[4, 27, 1, 0]  	412	5 
[3, 1, 13, 0]  	414	5 
[5, 20, 4, 0]  	416	6 
[4, 5, 11, 0]  	416	6 
[4, 23, 3, 0]  	418	5 
[4, 21, 4, 0]  	421	5 
[3, 15, 7, 0]  	422	5 
[3, 24, 3, 0]  	423	4 
[3, 13, 8, 0]  	425	4 
[4, 8, 10, 0]  	426	4 
[3, 22, 4, 0]  	426	4 
[3, 9, 10, 0]  	431	4 
[3, 27, 2, 0]  	433	3 
[2, 12, 9, 0]  	433	3 
[3, 7, 11, 0]  	434	4 
[2, 30, 1, 0]  	435	5 
[2, 10, 10, 0]  	436	3 
[3, 5, 12, 0]  	437	5 
[2, 8, 11, 0]  	439	3 
[3, 21, 5, 0]  	442	4 
[2, 6, 12, 0]  	442	4 
[2, 15, 8, 0]  	443	4 
[2, 24, 4, 0]  	444	3 
[2, 22, 5, 0]  	447	3 
[1, 25, 4, 0]  	449	2 
[2, 20, 6, 0]  	450	4 
[1, 23, 5, 0]  	452	2 
[1, 21, 6, 0]  	455	3 
[1, 10, 11, 0]  	457	2 
[2, 5, 13, 0]  	458	4 
[3, 0, 15, 0]  	459	3 
[1, 8, 12, 0]  	460	2 
[1, 35, 0, 0]  	463	3 
[2, 1, 15, 0]  	464	4 
[0, 9, 12, 0]  	465	1 
[2, 19, 7, 0]  	466	4 
[1, 20, 7, 0]  	471	3 
[0, 23, 6, 0]  	473	1 
[2, 4, 14, 0]  	474	4 
[1, 7, 13, 0]  	476	2 
[1, 34, 1, 0]  	479	3 
[2, 0, 16, 0]  	480	3 
[0, 37, 0, 0]  	481	1  <--- 2
[0, 8, 13, 0]  	481	1 
[0, 35, 1, 0]  	484	2 
[1, 19, 8, 0]  	487	3 
[0, 22, 7, 0]  	489	1 
[1, 6, 14, 0]  	492	2 
[1, 15, 10, 0]  	493	3 
[1, 33, 2, 0]  	495	3 
[0, 7, 14, 0]  	497	1 
[0, 34, 2, 0]  	500	2 
[1, 0, 17, 0]  	501	2 
[1, 18, 9, 0]  	503	3 
[0, 21, 8, 0]  	505	1 
[1, 5, 15, 0]  	508	2 
[0, 6, 15, 0]  	513	1 
[0, 33, 3, 0]  	516	2 
[0, 20, 9, 0]  	521	1 
[1, 4, 16, 0]  	524	2 
[0, 5, 16, 0]  	529	1 
[0, 32, 4, 0]  	532	2 
[0, 19, 10, 0]  	537	1 
[0, 4, 17, 0]  	545	1 
[0, 0, 19, 0]  	551	1  <--- 3
[0, 18, 11, 0]  	553	1 
[0, 3, 18, 0]  	561	1 
[10, 6, 2, 1]  	216	7 
[22, 5, 2, 1]  	299	13 
[14, 2, 7, 1]  	341	10 
[9, 3, 8, 1]  	343	9 
[7, 0, 11, 1]  	375	7 
[5, 17, 4, 1]  	377	7 
[5, 10, 8, 1]  	402	6 
[5, 6, 10, 1]  	408	6 
[4, 7, 10, 1]  	413	5 
[4, 25, 2, 1]  	415	5 
[3, 28, 1, 1]  	417	4 
[3, 26, 2, 1]  	420	4 
[3, 11, 9, 1]  	428	4 
[3, 20, 5, 1]  	429	5 
[3, 0, 14, 1]  	430	4 
[2, 26, 3, 1]  	441	3 
[2, 33, 0, 1]  	445	5 
[2, 29, 2, 1]  	451	4 
[0, 36, 0, 1]  	468	2 
[0, 29, 5, 1]  	522	2 
[12, 6, 1, 2]  	203	8 
[10, 5, 3, 2]  	232	8 
[1, 29, 3, 2]  	472	3 
[8, 4, 4, 47]  	232	7 
[1, 0, 16, 48]  	472	2 
[10, 5, 2, 49]  	203	7 
[8, 4, 3, 49]  	203	5 
[12, 1, 8, 49]  	341	7 
[8, 17, 2, 49]  	343	8 
[8, 2, 9, 49]  	351	7 
[6, 14, 5, 49]  	375	6 
[4, 2, 11, 49]  	377	4 
[3, 9, 9, 49]  	402	4 
[4, 20, 4, 49]  	408	5 
[3, 21, 4, 49]  	413	4 
[2, 13, 8, 49]  	417	3 
[2, 11, 9, 49]  	420	3 
[3, 6, 11, 49]  	421	3 
[2, 25, 3, 49]  	428	3 
[1, 10, 10, 49]  	428	2 
[2, 5, 12, 49]  	429	4 
[2, 4, 13, 49]  	445	4 
[2, 0, 15, 49]  	451	2 
[1, 19, 7, 49]  	458	2 
[0, 7, 13, 49]  	468	1 
[0, 0, 18, 49]  	522	1 
------
The gap is between 3 and 46.
Lengths: 3 3 6 6 3 3.
For 490 = 5*d/2-d1-d2-d3 you get 3 in char 0.
1*x^1*y^17*z^9
1*y^31*z^3
1*y^2*z^16

For 274 = 3*d/2-d1-d2-d3 you get 6 in char 0.
1*x^5*y^18
1*x^4*y^3*z^7
1*x^3*y^17*z^1
1*x^2*y^2*z^8
1*x^1*y^16*z^2
1*y^1*z^9

For 58 = d/2-d1-d2-d3 you get 3 in char 0.
1*x^4*y^2
1*x^2*y^1*z^1
1*z^2

Extra powers of p used 0.
The invariant extra is equal to 4.
Start computing 5^3 Delta^1 (x1x2x3)^4... Done.
Start computing 5^4 Delta^2 (x1x2x3)^4... Done.
Start computing 5^5 Delta^3 (x1x2x3)^4... Done.
Start computing 5^6 Delta^4 (x1x2x3)^4... Done.
Start computing 5^7 Delta^5 (x1x2x3)^4... Done.
Start computing 5^8 Delta^6 (x1x2x3)^4... Done.
Start computing 5^9 Delta^7 (x1x2x3)^4... Done.
Start computing 5^10 Delta^8 (x1x2x3)^4... Done.
Start computing 5^11 Delta^9 (x1x2x3)^4... Done.
Start computing 5^12 Delta^10 (x1x2x3)^4... Done.
Start computing 5^13 Delta^11 (x1x2x3)^4... Done.
Start computing 5^14 Delta^12 (x1x2x3)^4... Done.
Start computing aa.
1 2 3 4 5 6 7 8 9 10 11 12 
*/
A = \
[29756336617477912298278329883064,49725303646066697385023861149700,29216284217503729668696523640901,65455527464073762193913621526010,140639479537139514119998948681450,66845034009145536447472087154105,98576051627635919479398164152895,67457535950192881031615057864100,61497816065581456534529703685650,77030907547252663056543736308250,69022349464178724694983719196250,43666560747451846962262917757800;\
35933812066724040788356305110502,29852642925014024814210970533735,51924952664135765061633727218005,97848610584749701528522613569225,44259835516878886155556366082985,62122092213651508982489820425165,132323974523894917092249123039830,111082639389491006340916830393445,113164774290484811987918694450445,15529471410176215104917023914150,9316720431637437123775953166300,88709078854051668442776605791975;\
74412481009717330628344138672497,84618631406876769515076651164001,35017340136574862225585732541591,81677403491934628859968747882935,6911302225369824400659841147230,30157762742844191763675357714265,103497755756938908085992007934605,107682159304985107435718153919025,103888707498117599077172505142025,122082723636342599851564712438050,29139748027806365419031455474900,31151699308495870685028130824025;\
138904065468197500522936786756514,124075650231174889744929533571165,6054185821027124968416315639591,68857556921706661668090160656285,124944413141558100290856176193310,23577530463412917023352561297250,16267946984978962618296135124360,28216022877924568615084065325815,84902785596913744495769813978670,102573031052631356666453861858575,113930770970696705860145788460000,12129902903399845930232355226625;\
36761195054812510458168692776121,32879538690614016662085616346389,11100383688247125564316675994187,27018937507727091775038657575930,40177540223282897804279484160870,76712065175762082444983555194520,12904838765160297513100000536630,68348650623449874789333728927130,46143147635902420535503788495705,108153210488156476692248604077500,118463657943685979474332869416550,40240234432376297874258086980800;\
102940253016275145779520645044795,73109881753925839704582835537736,112537629735244541781275333391672,137884300860096935358695733562965,44299438620146116201965200650265,63138133205812553816622699269520,114551120304092807816743287994260,130981258587213257613820802171070,75997888769711542512859365268970,123129263834016871391557023095275,7063992360316262700368778189900,17336538700089887916454154036125;\
48025643719363379825751132422938,34916321935741733246111587769939,132368788322649034671525593575382,37613610036555545006428817195470,56794179209993354507868626238055,111998870405058331711018380544495,31008355691084038205287945365430,21185007259888136681792720542965,27130150237501290148254230530975,132800638643134052901244847502725,278699086378537851424928815675,136822002482092516363520382285225;\
37373847328643209181660739490907,13446996339055266331484868510485,140160784723626094624333394059635,104371788850320406484192007409735,65336772827150778001504539250195,70595882841199675940934870062640,23341858481136517882934516033245,114065083553551257916571693000340,99368391199570006272718384142660,88198655011424458237309226904700,96606241900948829830217162504800,50074621217659238673000519203175;\
118294190018624200081030910436902,220281079570302759476028399927,76538026304119485425584944126414,47680011999321183155236628999380,33960493042273161222166840271155,99915654807778293457293582118315,139212992368013090756188144422925,61061695999576273206485342303240,36165251716239842512909956337065,89459115061689272433540448082650,24948002201125978919521629040675,99016817327361944540101189205550;\
77104484551544406253627482028795,118574952747234578879481618663470,42697733125438429641693963885460,60389451797537799495082292478275,39206051063702127493304879676575,128889394487167555555234632790750,100073583672560200098668924021600,1554288328857536988681116237700,134539221282555601691687845083850,65709039930929076537192181388475,108774034693735042180280959037750,2480457991661764347529584252125;\
65066648578759153241544753849577,59159858702144290268312060189057,59616907818802193697961031566031,96528474756484138155179182641120,54163603308713756664121456543155,4127506017919582294010792316660,105637812290534216436283020354340,84780974157149341026299238068485,67754766380060417552782364745680,66960547846964632356573938703625,78691376696423105193061108531675,58751288967419771716240813201425;\
68682799831426423288956330983447,56560934485085768840908443781517,41039398739484872201032992319249,120520007757870742879774030927180,84146618313709806009102749651205,56315778657057908553318129496165,96750994592549840946826775704500,141790554978469248712192844041640,7383281741183085723390996410140,67165295264877638452249257736425,28234204297770572659048829109350,61568208126120491278817941456950]
/* 
This should be the matrix of frobenius!
*/ 
B = A; 
/* Freed 130 lists. */
