/* Comments begin... 
Coefficient of   x^27                     = 2
Coefficient of   x^14 * y^8               = 0
Coefficient of   x^12 * y^7 * z^1         = -2
Coefficient of   x^10 * y^6 * z^2         = 2
Coefficient of   x^8 * y^5 * z^3         = 0
Coefficient of   x^6 * y^4 * z^4         = 1
Coefficient of   x^4 * y^3 * z^5         = -2
Coefficient of   x^2 * y^2 * z^6         = 2
Coefficient of   x^1 * y^16               = 1
Coefficient of   y^1 * z^7               = 2

Here is the polynomial we're using this time:

2*x^27 + -2*x^12*y^7*z^1 + 2*x^10*y^6*z^2 + 1*x^6*y^4*z^4 + -2*x^4*y^3*z^5 + 2*x^2*y^2*z^6 + 1*x^1*y^16 + 2*y^1*z^7

Allocate G_len 20 elements and old = 0.
Allocate M_len = 400 elements.
Allocate G_len 40 elements and old = 20.
Allocate M_len = 800 elements.
Allocate G_len 80 elements and old = 40.
Allocate M_len = 1600 elements.
Allocate M_len = 3200 elements.
Allocate G_len 160 elements and old = 80.
Allocate M_len = 6400 elements.
Allocate M_len = 12800 elements.
Allocate G_len 320 elements and old = 160.
Allocate M_len = 25600 elements.
The final length of G is 175
[12, 7, 0, 0]  	187	6 
[12, 6, 1, 0]  	203	7 
[26, 0, 0, 0]  	208	7  <--- 1
[10, 6, 2, 0]  	216	6 
[10, 5, 3, 0]  	232	8 
[8, 5, 4, 0]  	245	7 
[8, 4, 5, 0]  	261	8 
[6, 4, 6, 0]  	274	7 
[7, 18, 0, 0]  	290	8 
[22, 5, 2, 0]  	299	13 
[18, 4, 4, 0]  	312	12 
[22, 4, 3, 0]  	315	11 
[22, 3, 4, 0]  	331	11 
[12, 3, 7, 0]  	338	10 
[11, 17, 1, 0]  	338	10 
[16, 3, 6, 0]  	341	10 
[14, 2, 7, 0]  	341	10 
[9, 3, 8, 0]  	343	9 
[20, 3, 5, 0]  	344	10 
[18, 2, 6, 0]  	344	10 
[11, 2, 8, 0]  	346	9 
[22, 2, 5, 0]  	347	10 
[9, 17, 2, 0]  	351	9 
[10, 1, 9, 0]  	354	9 
[14, 1, 8, 0]  	357	9 
[9, 2, 9, 0]  	359	8 
[8, 16, 3, 0]  	359	8 
[18, 1, 7, 0]  	360	9 
[22, 1, 6, 0]  	363	9 
[8, 1, 10, 0]  	367	8 
[6, 18, 3, 0]  	369	7 
[10, 0, 10, 0]  	370	8 
[7, 2, 10, 0]  	372	7 
[14, 0, 9, 0]  	373	8 
[7, 0, 11, 0]  	375	7 
[6, 3, 10, 0]  	377	7 
[22, 0, 7, 0]  	379	8 
[7, 16, 4, 0]  	380	7 
[6, 1, 11, 0]  	380	7 
[7, 14, 5, 0]  	383	7 
[6, 17, 4, 0]  	385	6 
[5, 2, 11, 0]  	385	6 
[4, 16, 5, 0]  	385	6 
[6, 26, 0, 0]  	386	7 
[6, 15, 5, 0]  	388	7 
[6, 24, 1, 0]  	389	7 
[20, 0, 8, 0]  	392	7 
[6, 22, 2, 0]  	392	7 
[4, 1, 12, 0]  	393	6 
[6, 0, 12, 0]  	396	6 
[5, 14, 6, 0]  	396	6 
[5, 23, 2, 0]  	397	6 
[5, 12, 7, 0]  	399	6 
[5, 21, 3, 0]  	400	6 
[4, 15, 6, 0]  	401	5 
[3, 29, 0, 0]  	401	5 
[5, 10, 8, 0]  	402	6 
[5, 28, 0, 0]  	404	5 
[4, 13, 7, 0]  	404	5 
[5, 8, 9, 0]  	405	6 
[3, 16, 6, 0]  	406	6 
[5, 26, 1, 0]  	407	5 
[4, 11, 8, 0]  	407	5 
[5, 6, 10, 0]  	408	6 
[4, 0, 13, 0]  	409	5 
[4, 9, 9, 0]  	410	5 
[4, 27, 1, 0]  	412	5 
[4, 7, 10, 0]  	413	5 
[3, 1, 13, 0]  	414	5 
[4, 25, 2, 0]  	415	5 
[4, 5, 11, 0]  	416	6 
[3, 28, 1, 0]  	417	4 
[4, 23, 3, 0]  	418	5 
[3, 26, 2, 0]  	420	4 
[4, 21, 4, 0]  	421	5 
[3, 24, 3, 0]  	423	4 
[3, 13, 8, 0]  	425	4 
[3, 22, 4, 0]  	426	4 
[3, 11, 9, 0]  	428	4 
[3, 20, 5, 0]  	429	5 
[3, 0, 14, 0]  	430	4 
[3, 9, 10, 0]  	431	4 
[2, 30, 1, 0]  	435	5 
[2, 10, 10, 0]  	436	3 
[3, 5, 12, 0]  	437	5 
[2, 26, 3, 0]  	441	3 
[2, 15, 8, 0]  	443	4 
[2, 24, 4, 0]  	444	3 
[2, 33, 0, 0]  	445	5 
[2, 22, 5, 0]  	447	3 
[1, 25, 4, 0]  	449	2 
[2, 20, 6, 0]  	450	4 
[2, 29, 2, 0]  	451	4 
[2, 9, 11, 0]  	452	3 
[2, 7, 12, 0]  	455	3 
[1, 21, 6, 0]  	455	3 
[1, 10, 11, 0]  	457	2 
[2, 5, 13, 0]  	458	4 
[1, 8, 12, 0]  	460	2 
[1, 35, 0, 0]  	463	3 
[2, 1, 15, 0]  	464	4 
[1, 24, 5, 0]  	465	1 
[0, 9, 12, 0]  	465	1 
[2, 19, 7, 0]  	466	4 
[1, 20, 7, 0]  	471	3 
[1, 29, 3, 0]  	472	3 
[0, 23, 6, 0]  	473	1 
[1, 7, 13, 0]  	476	2 
[1, 34, 1, 0]  	479	3 
[2, 0, 16, 0]  	480	3 
[0, 37, 0, 0]  	481	1  <--- 2
[0, 8, 13, 0]  	481	1 
[0, 35, 1, 0]  	484	2 
[1, 19, 8, 0]  	487	3 
[0, 22, 7, 0]  	489	1 
[1, 6, 14, 0]  	492	2 
[1, 15, 10, 0]  	493	3 
[1, 33, 2, 0]  	495	3 
[0, 7, 14, 0]  	497	1 
[0, 34, 2, 0]  	500	2 
[1, 0, 17, 0]  	501	2 
[1, 18, 9, 0]  	503	3 
[0, 21, 8, 0]  	505	1 
[0, 6, 15, 0]  	513	1 
[0, 33, 3, 0]  	516	2 
[0, 20, 9, 0]  	521	1 
[0, 29, 5, 0]  	522	2 
[1, 4, 16, 0]  	524	2 
[0, 5, 16, 0]  	529	1 
[0, 32, 4, 0]  	532	2 
[0, 19, 10, 0]  	537	1 
[0, 4, 17, 0]  	545	1 
[0, 0, 19, 0]  	551	1  <--- 3
[0, 18, 11, 0]  	553	1 
[0, 3, 18, 0]  	561	1 
[18, 3, 5, 1]  	328	11 
[11, 3, 7, 1]  	330	10 
[7, 3, 9, 1]  	356	8 
[7, 17, 3, 1]  	364	8 
[6, 16, 4, 1]  	372	7 
[18, 0, 8, 1]  	376	8 
[5, 17, 4, 1]  	377	7 
[5, 0, 12, 1]  	388	6 
[5, 27, 0, 1]  	391	6 
[5, 25, 1, 1]  	394	6 
[3, 15, 7, 1]  	422	5 
[2, 12, 9, 1]  	433	3 
[3, 7, 11, 1]  	434	4 
[2, 8, 11, 1]  	439	3 
[2, 6, 12, 1]  	442	4 
[0, 36, 0, 1]  	468	2 
[2, 4, 14, 1]  	474	4 
[1, 5, 15, 1]  	508	2 
[1, 23, 5, 2]  	452	2 
[14, 3, 6, 5]  	325	11 
[12, 2, 7, 45]  	325	10 
[0, 8, 12, 48]  	452	1 
[16, 2, 6, 49]  	328	9 
[10, 17, 1, 49]  	330	7 
[6, 17, 3, 49]  	356	6 
[6, 2, 10, 49]  	364	7 
[4, 1, 11, 49]  	364	5 
[6, 23, 1, 49]  	376	7 
[5, 22, 2, 49]  	384	6 
[4, 14, 6, 49]  	388	3 
[4, 12, 7, 49]  	391	3 
[4, 10, 8, 49]  	394	3 
[3, 19, 5, 49]  	416	5 
[2, 29, 1, 49]  	422	4 
[1, 26, 3, 49]  	433	2 
[2, 21, 5, 49]  	434	3 
[0, 7, 12, 49]  	439	1 
[1, 20, 6, 49]  	442	3 
[1, 18, 8, 49]  	474	3 
[0, 19, 9, 49]  	508	1 
------
The gap is between 6 and 44.
Lengths: 3 3 6 6 3 3.
For 490 = 5*d/2-d1-d2-d3 you get 3 in char 0.
1*x^1*y^17*z^9
1*y^31*z^3
1*y^2*z^16

For 274 = 3*d/2-d1-d2-d3 you get 6 in char 0.
1*x^5*y^18
1*x^4*y^3*z^7
1*x^3*y^17*z^1
1*x^2*y^2*z^8
1*x^1*y^16*z^2
1*y^1*z^9

For 58 = d/2-d1-d2-d3 you get 3 in char 0.
1*x^4*y^2
1*x^2*y^1*z^1
1*z^2

Extra powers of p used 0.
The invariant extra is equal to 4.
Start computing 5^3 Delta^1 (x1x2x3)^4... Done.
Start computing 5^4 Delta^2 (x1x2x3)^4... Done.
Start computing 5^5 Delta^3 (x1x2x3)^4... Done.
Start computing 5^6 Delta^4 (x1x2x3)^4... Done.
Start computing 5^7 Delta^5 (x1x2x3)^4... Done.
Start computing 5^8 Delta^6 (x1x2x3)^4... Done.
Start computing 5^9 Delta^7 (x1x2x3)^4... Done.
Start computing 5^10 Delta^8 (x1x2x3)^4... Done.
Start computing 5^11 Delta^9 (x1x2x3)^4... Done.
Start computing 5^12 Delta^10 (x1x2x3)^4... Done.
Start computing 5^13 Delta^11 (x1x2x3)^4... Done.
Start computing 5^14 Delta^12 (x1x2x3)^4... Done.
Start computing aa.
1 2 3 4 5 6 7 8 9 10 11 12 
*/
A = \
[6711874495293541555403460157376,120137551837296222284613061400041,21275490965636660638028377334347,11298948712723295010624610453970,109450741381832284953374458397260,133977635787518951350511252754915,63909065689176205882320461765615,2236579953432940710481825990625,99005667616602492091802927296880,100053660444335575769142152335925,115815309497545329697233304901375,75908530313090108771006642187350;\
75081098763313507669225153771322,137175049298592103673710438352467,122840346225451189009526504300968,100799866156889410624338132490990,132520543101627058997125715130090,134308522641543655889816692365590,34437101602586839886245752445885,86052648108402176827936559081940,4591982391032998291542569216165,63895755212624902941968220653375,39276269593416812375089076803525,141297053242851069556908297169575;\
21576028334802162697288384353225,11250794611422905716617804887957,134264456442942504265876529521808,86778510174786012115685814329240,128260266291536338589879783749555,14438028613634983127579874847385,48058652186420979911594926508795,65925559410284506832199924727780,103175289676452649366494548263390,11284988482123272325636409602275,67364974789327481985188386101900,129297592393666668243803937735625;\
129453533661422079829348733400967,2401862935779462149843989929309,58631330181545935617140420573021,110493192624233501346643693671750,37173057980634860694319784976260,135169011517927167463932116447630,46346741058838907942818425823580,104306552978579364579606954062410,67696035922712779097529519485945,86373435711330188414007486909625,75452106065005093914371321825525,77863543720252577480295331419125;\
45743290682803670456637102103407,48853820377106754832272414999252,66501405721062935208833659681048,89864508726786974178539188789550,22302155484947717104081106194705,104819942201291871600318779306855,141460101654658954014995878633935,128937132149669474152841323064505,54264221836909707518082617348585,94474548734879517000540151040050,53522088789897704955704248217450,67575513471241249043195937785650;\
50748282224981480823441692376863,115141348343864263968190729845709,114948111141763098439348157658029,6682411678291941951747211196105,137899230549937452016812469253760,113841638543739078357160994927630,72511949561944920297826248337190,46385280511670343024931280809490,92797631047513807790075496260200,87341554925861944297709999853000,91728593185969030281225004842775,35912495779220435184626729884550;\
116692255225585464230781032856578,78710000113998770175763041160547,55502062493759993987653418978742,42775119519771539129052743064425,54129570731117250131273465534810,487474621003230312188873741440,106544441636479334144589929961225,105711511576412741054129837036185,100414203094693449494852748527800,27833683581492803267645373619150,74922130114755279328123324176600,38520790338512980580260784879125;\
124242475205112795793859006660572,33571102784191537141499554956655,21058295169072020162230848070747,114664583307645869354222806779995,95254068257328042142745568667820,13967134436457166687977136161940,56261139366255423622333703087870,109499755807056287415300952645005,35257867615991018496755358361770,18456470682538650580538167484100,46397885763234642314564599541350,292475685665645410282216641425;\
86050378710449137721874910274957,16241904844085074822803595964660,66575123611204137689818707258213,31732303094804001707569799150230,99812444605651175541149953495585,120223719112921079566830493846155,45552183107704826998771231237835,123097759776687842126886069124130,43436925231962887269155254386605,112627778084846749531193484879550,64769562197699692597521767208525,9288225627981436291460502189275;\
97651317672684639793822279282993,16757189152275877623338025855059,114467275359368321980148783687712,59835203996399724360496119456120,114626071398133706952008061258580,20003514494526153373040833961965,101157647736247686917035482461900,80262364669244427736375150559185,119959730773773450232465854589980,80671669839234000871139391498325,10196134715667971631406917691025,37328445434202869963226915243425;\
78286826329188487887539725659338,130781293575224393054705160483020,59929276299455374851841318023142,52490421279706140951372345905375,50156192223527776046908792978765,124084697727946425864702718514555,88390467888802048738952741843645,10554134516284420279372749307715,73683653602010578620396624842220,134821582089727761054928196655700,117652518776610722303210704466675,62208613548832509081352851461175;\
138314542755882814889790276798153,34722452274427461621257717917121,14146546224893795916259015505212,37526685865321887428990148698755,137359526427008932586991169930900,32562880591694039423162518751620,24499058526570424187606117088140,53407015802329228268819119826820,122953976568289124044584886072085,115278972133364545091506170155175,63365522585643198162784467948575,137607691573138726881797124294550]
/* 
This should be the matrix of frobenius!
*/ 
B = A; 
/* Freed 129 lists. */
