/* Comments begin... 
Coefficient of   x^27                     = -2
Coefficient of   x^14 * y^8               = 2
Coefficient of   x^12 * y^7 * z^1         = -1
Coefficient of   x^10 * y^6 * z^2         = 2
Coefficient of   x^8 * y^5 * z^3         = -2
Coefficient of   x^6 * y^4 * z^4         = 2
Coefficient of   x^4 * y^3 * z^5         = -2
Coefficient of   x^2 * y^2 * z^6         = 1
Coefficient of   x^1 * y^16               = 2
Coefficient of   y^1 * z^7               = -1

Here is the polynomial we're using this time:

-2*x^27 + 2*x^14*y^8 + -1*x^12*y^7*z^1 + 2*x^10*y^6*z^2 + -2*x^8*y^5*z^3 + 2*x^6*y^4*z^4 + -2*x^4*y^3*z^5 + 1*x^2*y^2*z^6 + 2*x^1*y^16 + -1*y^1*z^7

Allocate G_len 20 elements and old = 0.
Allocate M_len = 400 elements.
Allocate G_len 40 elements and old = 20.
Allocate M_len = 800 elements.
Allocate G_len 80 elements and old = 40.
Allocate M_len = 1600 elements.
Allocate M_len = 3200 elements.
Allocate G_len 160 elements and old = 80.
Allocate M_len = 6400 elements.
Allocate M_len = 12800 elements.
Allocate G_len 320 elements and old = 160.
Allocate M_len = 25600 elements.
The final length of G is 185
[12, 7, 0, 0]  	187	7 
[12, 6, 1, 0]  	203	8 
[26, 0, 0, 0]  	208	8  <--- 1
[10, 6, 2, 0]  	216	7 
[10, 5, 3, 0]  	232	8 
[8, 5, 4, 0]  	245	7 
[8, 4, 5, 0]  	261	8 
[7, 18, 0, 0]  	290	8 
[22, 5, 2, 0]  	299	13 
[18, 4, 4, 0]  	312	12 
[22, 4, 3, 0]  	315	12 
[14, 3, 6, 0]  	325	11 
[18, 3, 5, 0]  	328	9 
[11, 3, 7, 0]  	330	10 
[22, 3, 4, 0]  	331	11 
[11, 17, 1, 0]  	338	10 
[14, 2, 7, 0]  	341	10 
[9, 3, 8, 0]  	343	9 
[18, 2, 6, 0]  	344	9 
[11, 2, 8, 0]  	346	9 
[22, 2, 5, 0]  	347	11 
[10, 1, 9, 0]  	354	9 
[7, 3, 9, 0]  	356	8 
[14, 1, 8, 0]  	357	8 
[9, 2, 9, 0]  	359	8 
[8, 16, 3, 0]  	359	8 
[18, 1, 7, 0]  	360	9 
[7, 17, 3, 0]  	364	8 
[8, 1, 10, 0]  	367	8 
[6, 18, 3, 0]  	369	7 
[10, 0, 10, 0]  	370	8 
[7, 2, 10, 0]  	372	7 
[6, 16, 4, 0]  	372	7 
[14, 0, 9, 0]  	373	9 
[18, 0, 8, 0]  	376	9 
[6, 3, 10, 0]  	377	7 
[5, 17, 4, 0]  	377	7 
[24, 1, 6, 0]  	379	9 
[22, 0, 7, 0]  	379	9 
[6, 1, 11, 0]  	380	7 
[8, 0, 11, 0]  	383	7 
[7, 14, 5, 0]  	383	7 
[5, 2, 11, 0]  	385	6 
[4, 16, 5, 0]  	385	6 
[7, 12, 6, 0]  	386	7 
[6, 26, 0, 0]  	386	7 
[6, 15, 5, 0]  	388	6 
[5, 0, 12, 0]  	388	6 
[7, 10, 7, 0]  	389	7 
[6, 24, 1, 0]  	389	7 
[6, 13, 6, 0]  	391	6 
[5, 27, 0, 0]  	391	6 
[7, 8, 8, 0]  	392	7 
[6, 22, 2, 0]  	392	7 
[6, 11, 7, 0]  	394	6 
[5, 25, 1, 0]  	394	6 
[5, 14, 6, 0]  	396	6 
[6, 9, 8, 0]  	397	6 
[5, 23, 2, 0]  	397	6 
[5, 12, 7, 0]  	399	6 
[5, 21, 3, 0]  	400	6 
[4, 15, 6, 0]  	401	6 
[5, 10, 8, 0]  	402	6 
[5, 8, 9, 0]  	405	6 
[4, 2, 12, 0]  	406	6 
[3, 16, 6, 0]  	406	6 
[4, 11, 8, 0]  	407	5 
[4, 29, 0, 0]  	409	6 
[4, 9, 9, 0]  	410	5 
[3, 30, 0, 0]  	414	6 
[4, 5, 11, 0]  	416	6 
[4, 14, 7, 0]  	417	5 
[4, 23, 3, 0]  	418	5 
[3, 26, 2, 0]  	420	4 
[4, 21, 4, 0]  	421	5 
[3, 15, 7, 0]  	422	5 
[3, 24, 3, 0]  	423	4 
[3, 13, 8, 0]  	425	4 
[4, 8, 10, 0]  	426	4 
[3, 22, 4, 0]  	426	4 
[3, 11, 9, 0]  	428	4 
[3, 20, 5, 0]  	429	5 
[3, 29, 1, 0]  	430	5 
[3, 9, 10, 0]  	431	4 
[2, 12, 9, 0]  	433	3 
[2, 30, 1, 0]  	435	5 
[2, 10, 10, 0]  	436	3 
[2, 8, 11, 0]  	439	3 
[2, 26, 3, 0]  	441	3 
[2, 15, 8, 0]  	443	4 
[2, 24, 4, 0]  	444	3 
[2, 22, 5, 0]  	447	3 
[1, 25, 4, 0]  	449	2 
[2, 20, 6, 0]  	450	4 
[2, 29, 2, 0]  	451	4 
[2, 7, 12, 0]  	455	3 
[1, 21, 6, 0]  	455	3 
[1, 10, 11, 0]  	457	2 
[2, 34, 0, 0]  	458	5 
[3, 0, 15, 0]  	459	3 
[1, 8, 12, 0]  	460	2 
[1, 35, 0, 0]  	463	3 
[2, 1, 15, 0]  	464	4 
[1, 24, 5, 0]  	465	1 
[0, 9, 12, 0]  	465	1 
[2, 19, 7, 0]  	466	4 
[0, 36, 0, 0]  	468	2  <--- 2
[1, 20, 7, 0]  	471	3 
[0, 23, 6, 0]  	473	1 
[1, 7, 13, 0]  	476	2 
[1, 34, 1, 0]  	479	3 
[2, 0, 16, 0]  	480	3 
[0, 8, 13, 0]  	481	1 
[0, 35, 1, 0]  	484	2 
[1, 19, 8, 0]  	487	3 
[0, 22, 7, 0]  	489	1 
[1, 15, 10, 0]  	493	3 
[1, 33, 2, 0]  	495	3 
[0, 7, 14, 0]  	497	1 
[1, 0, 17, 0]  	501	2 
[1, 18, 9, 0]  	503	3 
[0, 21, 8, 0]  	505	1 
[1, 5, 15, 0]  	508	2 
[0, 6, 15, 0]  	513	1 
[0, 33, 3, 0]  	516	2 
[0, 20, 9, 0]  	521	1 
[0, 29, 5, 0]  	522	2 
[1, 4, 16, 0]  	524	2 
[0, 5, 16, 0]  	529	1 
[0, 32, 4, 0]  	532	2 
[0, 19, 10, 0]  	537	1 
[0, 4, 17, 0]  	545	1 
[0, 0, 19, 0]  	551	1  <--- 3
[0, 18, 11, 0]  	553	1 
[0, 3, 18, 0]  	561	1 
[6, 4, 6, 1]  	274	7 
[9, 17, 2, 1]  	351	9 
[22, 1, 6, 1]  	363	9 
[7, 0, 11, 1]  	375	7 
[3, 29, 0, 1]  	401	5 
[4, 13, 7, 1]  	404	5 
[5, 6, 10, 1]  	408	6 
[4, 0, 13, 1]  	409	5 
[4, 27, 1, 1]  	412	5 
[4, 7, 10, 1]  	413	5 
[3, 1, 13, 1]  	414	5 
[4, 25, 2, 1]  	415	5 
[3, 28, 1, 1]  	417	4 
[3, 0, 14, 1]  	430	4 
[3, 7, 11, 1]  	434	4 
[3, 5, 12, 1]  	437	5 
[2, 6, 12, 1]  	442	4 
[1, 23, 5, 1]  	452	2 
[2, 5, 13, 1]  	458	4 
[1, 29, 3, 1]  	472	3 
[2, 4, 14, 1]  	474	4 
[0, 34, 2, 1]  	500	2 
[4, 1, 12, 2]  	393	6 
[2, 33, 0, 2]  	445	5 
[1, 6, 14, 2]  	492	2 
[3, 15, 6, 48]  	393	5 
[0, 20, 8, 48]  	492	1 
[0, 5, 15, 48]  	500	1 
[5, 18, 0, 49]  	274	5 
[8, 2, 9, 49]  	351	8 
[20, 0, 7, 49]  	363	6 
[6, 14, 5, 49]  	375	4 
[3, 20, 4, 49]  	400	3 
[2, 14, 7, 49]  	401	2 
[2, 12, 8, 49]  	404	2 
[3, 10, 9, 49]  	415	4 
[2, 20, 5, 49]  	421	3 
[2, 29, 1, 49]  	422	4 
[2, 27, 2, 49]  	425	3 
[2, 19, 6, 49]  	437	4 
[1, 20, 6, 49]  	442	3 
[1, 0, 15, 49]  	443	2 
[2, 4, 13, 49]  	445	4 
[1, 18, 7, 49]  	445	2 
[1, 34, 0, 49]  	450	3 
[0, 8, 12, 49]  	452	1 
[1, 33, 1, 49]  	466	3 
[0, 34, 1, 49]  	471	2 
[0, 19, 8, 49]  	479	1 
[0, 33, 2, 49]  	487	1 
------
The gap is between 3 and 47.
Lengths: 3 3 6 7 3 3.
For 490 = 5*d/2-d1-d2-d3 you get 3 in char 0.
1*x^1*y^17*z^9
1*y^31*z^3
1*y^2*z^16

For 274 = 3*d/2-d1-d2-d3 you get 6 in char 0.
1*x^5*y^18
1*x^4*y^3*z^7
1*x^3*y^17*z^1
1*x^2*y^2*z^8
1*x^1*y^16*z^2
1*y^1*z^9

For 58 = d/2-d1-d2-d3 you get 3 in char 0.
1*x^4*y^2
1*x^2*y^1*z^1
1*z^2

Extra powers of p used 1.
The invariant extra is equal to 4.
Start computing 5^3 Delta^1 (x1x2x3)^4... Done.
Start computing 5^4 Delta^2 (x1x2x3)^4... Done.
Start computing 5^5 Delta^3 (x1x2x3)^4... Done.
Start computing 5^6 Delta^4 (x1x2x3)^4... Done.
Start computing 5^7 Delta^5 (x1x2x3)^4... Done.
Start computing 5^8 Delta^6 (x1x2x3)^4... Done.
Start computing 5^9 Delta^7 (x1x2x3)^4... Done.
Start computing 5^10 Delta^8 (x1x2x3)^4... Done.
Start computing 5^11 Delta^9 (x1x2x3)^4... Done.
Start computing 5^12 Delta^10 (x1x2x3)^4... Done.
Start computing 5^13 Delta^11 (x1x2x3)^4... Done.
Start computing 5^14 Delta^12 (x1x2x3)^4... Done.
Start computing aa.
1 2 3 4 5 6 7 8 9 10 11 12 
*/
A = \
[229291687421866127789292242718440,432088313122987918267228596296380,454549477806661123753372749435840,579194140709658449806734965553400,480937668118288265945723207360850,348315026443602458141183122733325,636797910983062608232479005998700,521745743788916013270495090379150,427637592321336457173090357528200,44978034028438027177642882520500,120501368050705331560365929070375,77073137370332729112986239345625;\
322105178882082796351623709058100,193155465922415420404870600720410,650644418524358035026566142499105,424429595032509672619484064768600,99255848864399125893731794081425,426909866773840161657019620318650,567727429165410292172384504606725,572589034292641234740570955184450,28083860534519566649385103315675,23943697013385539827157153668000,589780019118081354140821161405250,570473924326174431126657297335250;\
523108563805317709256474899296320,486650710405549577592616550018155,693702974640717664000769389598095,696729236142608337060616058815150,101918311424228954879402230022675,532013490890178814881332052838525,333473388558192393269750204682675,213221475990419039355226144386900,294681196431693537710221201485525,170047231576420283333006364662000,406168278976674091469659326973750,170421117341932940988242964983375;\
381781459574648278129936382123868,110234144814345204070188450728292,381754312597603679090978256643473,185666122111663889810024559095955,336731517278198404552643576941075,588391517428238495056839996949620,58929550982067370380818646536685,438074551981563840525966705470995,356697524462864315156003419837865,355238958804027083612484062541925,689192417667846865575842296726450,308736640082105199058401293450400;\
439533559624419546155387375694149,348042587362696046611547548623726,460903022852114460045639763913764,560804849755436150428437478929865,693279914784956871882385991531375,91933463607395302798491569630285,552602513191571030262291866016280,103628251889132669291041195639960,431700806287583588585996547230620,252583390592050579432276519787650,4694372668573559036034549391350,432962665820692161509054130830825;\
407056684911964145281531519050508,677576674911428026578639574720577,672442593205830320777423456773178,38508714046114044454725519886180,204985056216495860866799254598000,161162657773962946662485704943420,289194398883796269729321886043010,570804402511197943121869713472070,529325868432172117321047846909090,318178869780907335656601031472550,523710873975189044011728301586700,624686031027241190459214544101650;\
623289424461021232462769305873807,355247061297591624358618545965143,328720844798061665014141760253557,269087920125635644712776613816370,155482230854482811806858853959975,152773180488981060181929140940580,9917244798627863236715042371065,185158632178444697701358455712980,226075691355561271228951188454935,74089483795952411849200344498075,683160262550212834933245441637300,137546099059724585932497200135725;\
588119588154413467510031283986215,431422013194439833217675013761835,638686674713434006015405167554280,451414895130047270486940788745325,511156467492422261192007013470800,345321343108838940713923226919450,80440190620593240170177408443175,449615580669850890012581367288575,657360929607960360291483475397125,300510525692546334867034398013875,400144049392190646825310799212750,665783809388796229140773375721375;\
39343905071079829131924209827682,211018932244156169605054475726953,516227423817431394365444235749372,415638865220528673554054506722645,119844163569911665244757374401950,428008220223747384764765379105005,39380899940728116024786428543015,615353170327386143081710106566580,655804615444086546352621496091360,170717441155791058444381943360700,574483966928109944200194737637800,628524260457117702717293566622475;\
25255560582039641275026499758502,9140354516026370760097029064773,662128634125599943500501858631772,599585814906358045563717676110020,324750287772952242399249505494000,365633472098959896875471263172680,638724537037598828757682644695440,405640785857966186033788078966330,484348602214993439869727383829010,413790825121887243930417044056700,553077797448760530425544913986925,210962553452714311383415644136725;\
517622039920040436396188753955118,339650629247097952128216177941822,139049015401665731108327570656993,456903914910618185828741076970880,685763774546722538792011077439850,132283966596859532074703316551220,709236950158981826765802249932560,310694602808630198736551747983770,210209122443463672554022818924965,646337895039073595342607963831425,575829632785679216576449459260075,687686048164779450990707311900525;\
332436778405658732422885084415531,298709120188782948282961505602389,629789920520021637126191775822726,187527070310109096866637317597160,595613829402650942952238300913925,260905949261082992389694595050465,609470606084554086689646079315620,598085717054953196324436128583015,34180687104166477605573647880655,389353163114269325267372335962725,607518057224085907261148040829025,366232962418616232319528948027675]
/* 
This matrix times 5^(-1) should be the matrix of frobenius.
*/ 
B = 5^(-1) * A; 
/* Freed 131 lists. */
