/* Comments begin... 
Coefficient of   x^27                     = 2
Coefficient of   x^14 * y^8               = 0
Coefficient of   x^12 * y^7 * z^1         = -2
Coefficient of   x^10 * y^6 * z^2         = 0
Coefficient of   x^8 * y^5 * z^3         = 0
Coefficient of   x^6 * y^4 * z^4         = 0
Coefficient of   x^4 * y^3 * z^5         = -1
Coefficient of   x^2 * y^2 * z^6         = 2
Coefficient of   x^1 * y^16               = -2
Coefficient of   y^1 * z^7               = -2

Here is the polynomial we're using this time:

2*x^27 + -2*x^12*y^7*z^1 + -1*x^4*y^3*z^5 + 2*x^2*y^2*z^6 + -2*x^1*y^16 + -2*y^1*z^7

Allocate G_len 20 elements and old = 0.
Allocate M_len = 400 elements.
Allocate G_len 40 elements and old = 20.
Allocate M_len = 800 elements.
Allocate G_len 80 elements and old = 40.
Allocate M_len = 1600 elements.
Allocate M_len = 3200 elements.
Allocate G_len 160 elements and old = 80.
Allocate M_len = 6400 elements.
Allocate M_len = 12800 elements.
Allocate G_len 320 elements and old = 160.
The final length of G is 150
[12, 7, 0, 0]  	187	4 
[12, 6, 1, 0]  	203	5 
[26, 0, 0, 0]  	208	5  <--- 1
[4, 3, 5, 0]  	216	4 
[18, 2, 5, 0]  	315	9 
[9, 19, 0, 0]  	319	8 
[16, 2, 6, 0]  	328	8 
[11, 17, 1, 0]  	338	10 
[14, 2, 7, 0]  	341	8 
[16, 1, 7, 0]  	344	9 
[11, 2, 8, 0]  	346	9 
[9, 17, 2, 0]  	351	9 
[11, 16, 2, 0]  	354	9 
[8, 18, 2, 0]  	356	8 
[14, 1, 8, 0]  	357	8 
[9, 2, 9, 0]  	359	8 
[11, 1, 9, 0]  	362	8 
[22, 1, 6, 0]  	363	9 
[7, 17, 3, 0]  	364	8 
[9, 16, 3, 0]  	367	8 
[11, 15, 3, 0]  	370	8 
[14, 0, 9, 0]  	373	8 
[9, 1, 10, 0]  	375	7 
[18, 0, 8, 0]  	376	8 
[4, 2, 11, 0]  	377	4 
[22, 0, 7, 0]  	379	8 
[8, 2, 10, 0]  	380	8 
[9, 15, 4, 0]  	383	7 
[11, 14, 4, 0]  	386	7 
[8, 16, 4, 0]  	388	6 
[7, 1, 11, 0]  	388	6 
[8, 25, 0, 0]  	389	7 
[8, 23, 1, 0]  	392	7 
[4, 1, 12, 0]  	393	6 
[6, 0, 12, 0]  	396	6 
[7, 24, 1, 0]  	397	6 
[10, 0, 11, 0]  	399	6 
[6, 27, 0, 0]  	399	6 
[7, 22, 2, 0]  	400	6 
[3, 29, 0, 0]  	401	5 
[6, 25, 1, 0]  	402	6 
[5, 28, 0, 0]  	404	5 
[6, 23, 2, 0]  	405	6 
[3, 16, 6, 0]  	406	6 
[5, 26, 1, 0]  	407	5 
[6, 21, 3, 0]  	408	6 
[4, 0, 13, 0]  	409	5 
[5, 24, 2, 0]  	410	5 
[4, 27, 1, 0]  	412	5 
[3, 1, 13, 0]  	414	5 
[3, 28, 1, 0]  	417	4 
[4, 23, 3, 0]  	418	5 
[3, 26, 2, 0]  	420	4 
[4, 21, 4, 0]  	421	5 
[3, 15, 7, 0]  	422	5 
[3, 24, 3, 0]  	423	4 
[3, 13, 8, 0]  	425	4 
[3, 22, 4, 0]  	426	4 
[3, 20, 5, 0]  	429	5 
[3, 0, 14, 0]  	430	4 
[3, 9, 10, 0]  	431	4 
[2, 12, 9, 0]  	433	3 
[3, 7, 11, 0]  	434	4 
[2, 30, 1, 0]  	435	5 
[2, 10, 10, 0]  	436	3 
[3, 5, 12, 0]  	437	5 
[2, 8, 11, 0]  	439	3 
[2, 26, 3, 0]  	441	3 
[2, 6, 12, 0]  	442	4 
[2, 15, 8, 0]  	443	4 
[2, 24, 4, 0]  	444	3 
[2, 33, 0, 0]  	445	5 
[2, 22, 5, 0]  	447	3 
[1, 25, 4, 0]  	449	2 
[2, 20, 6, 0]  	450	4 
[2, 29, 2, 0]  	451	4 
[1, 23, 5, 0]  	452	2 
[1, 21, 6, 0]  	455	3 
[1, 10, 11, 0]  	457	2 
[2, 5, 13, 0]  	458	4 
[1, 8, 12, 0]  	460	2 
[1, 35, 0, 0]  	463	3 
[2, 1, 15, 0]  	464	4 
[0, 9, 12, 0]  	465	1 
[2, 19, 7, 0]  	466	4 
[0, 36, 0, 0]  	468	2  <--- 2
[1, 20, 7, 0]  	471	3 
[1, 29, 3, 0]  	472	3 
[0, 23, 6, 0]  	473	1 
[2, 4, 14, 0]  	474	4 
[1, 34, 1, 0]  	479	3 
[2, 0, 16, 0]  	480	3 
[0, 8, 13, 0]  	481	1 
[0, 35, 1, 0]  	484	2 
[0, 22, 7, 0]  	489	1 
[1, 6, 14, 0]  	492	2 
[1, 15, 10, 0]  	493	3 
[1, 33, 2, 0]  	495	3 
[0, 7, 14, 0]  	497	1 
[0, 34, 2, 0]  	500	2 
[1, 0, 17, 0]  	501	2 
[1, 18, 9, 0]  	503	3 
[0, 21, 8, 0]  	505	1 
[1, 5, 15, 0]  	508	2 
[0, 6, 15, 0]  	513	1 
[0, 33, 3, 0]  	516	2 
[0, 20, 9, 0]  	521	1 
[1, 4, 16, 0]  	524	2 
[0, 5, 16, 0]  	529	1 
[0, 32, 4, 0]  	532	2 
[0, 19, 10, 0]  	537	1 
[0, 4, 17, 0]  	545	1 
[0, 0, 19, 0]  	551	1  <--- 3
[0, 18, 11, 0]  	553	1 
[0, 3, 18, 0]  	561	1 
[18, 3, 4, 1]  	299	7 
[10, 18, 1, 1]  	343	9 
[7, 2, 10, 1]  	372	7 
[11, 0, 10, 1]  	378	7 
[7, 16, 4, 1]  	380	7 
[6, 17, 4, 1]  	385	6 
[9, 0, 11, 1]  	391	6 
[7, 26, 0, 1]  	394	6 
[5, 22, 3, 1]  	413	5 
[4, 25, 2, 1]  	415	5 
[5, 20, 4, 1]  	416	6 
[1, 7, 13, 1]  	476	2 
[0, 29, 5, 1]  	522	2 
[3, 11, 9, 2]  	428	4 
[1, 19, 8, 2]  	487	3 
[5, 25, 1, 48]  	394	5 
[2, 25, 3, 48]  	428	3 
[0, 33, 2, 48]  	487	2 
[16, 2, 5, 49]  	299	6 
[14, 2, 6, 49]  	312	5 
[16, 1, 6, 49]  	315	5 
[12, 2, 7, 49]  	325	5 
[14, 1, 7, 49]  	328	6 
[12, 1, 8, 49]  	341	5 
[8, 17, 2, 49]  	343	7 
[14, 0, 8, 49]  	344	7 
[11, 14, 3, 49]  	357	5 
[5, 25, 0, 49]  	365	5 
[5, 1, 11, 49]  	372	4 
[3, 1, 12, 49]  	385	5 
[3, 21, 4, 49]  	413	3 
[2, 24, 3, 49]  	415	3 
[3, 19, 5, 49]  	416	5 
[0, 21, 7, 49]  	476	1 
[0, 0, 18, 49]  	522	1 
------
The gap is between 3 and 47.
Lengths: 3 3 6 6 3 3.
For 490 = 5*d/2-d1-d2-d3 you get 3 in char 0.
1*x^1*y^17*z^9
1*y^31*z^3
1*y^2*z^16

For 274 = 3*d/2-d1-d2-d3 you get 6 in char 0.
1*x^10*y^6*z^4
1*x^5*y^18
1*x^3*y^17*z^1
1*x^2*y^2*z^8
1*x^1*y^16*z^2
1*y^1*z^9

For 58 = d/2-d1-d2-d3 you get 3 in char 0.
1*x^4*y^2
1*x^2*y^1*z^1
1*z^2

Extra powers of p used 0.
The invariant extra is equal to 4.
Start computing 5^3 Delta^1 (x1x2x3)^4... Done.
Start computing 5^4 Delta^2 (x1x2x3)^4... Done.
Start computing 5^5 Delta^3 (x1x2x3)^4... Done.
Start computing 5^6 Delta^4 (x1x2x3)^4... Done.
Start computing 5^7 Delta^5 (x1x2x3)^4... Done.
Start computing 5^8 Delta^6 (x1x2x3)^4... Done.
Start computing 5^9 Delta^7 (x1x2x3)^4... Done.
Start computing 5^10 Delta^8 (x1x2x3)^4... Done.
Start computing 5^11 Delta^9 (x1x2x3)^4... Done.
Start computing 5^12 Delta^10 (x1x2x3)^4... Done.
Start computing 5^13 Delta^11 (x1x2x3)^4... Done.
Start computing 5^14 Delta^12 (x1x2x3)^4... Done.
Start computing aa.
1 2 3 4 5 6 7 8 9 10 11 12 
*/
A = \
[39590568410701254564187721739747,72531442446172302701056080200980,42698098601745555546311155653540,134684920365918757850339908728555,30598565213583215563609772146530,117141981376988294841348457895635,75639727011549815446327337050745,58055708084578665316454996811055,138703794673263573012791660302360,10430365459863167237517884876950,140859320037687585763551828543675,33493418703616697733116794372200;\
91685854342101779157574765136466,29958586861515986813807709860957,116295356850329720567772909825159,79329042323004999038812907475945,88078452327820107379099261938435,75295159532142691711079154254160,55458058729016036103016974397005,110753366687566396143462683638260,141816833522601063317950990813335,31760885909218780848003694438025,5150948055901818508441562480150,105412732974653247917228433122025;\
138932951259844496708812091935265,104294441154006935949148763836267,16743692934131233137873152312667,16072385678416790682064567451200,79282755262020812715505701677390,28600742407561937931251310432470,106536201350356673231262385998785,43816851356412809956285452756300,69416095307038376505538347412870,96475666750122664213412551891500,31695239027953275057795245664450,98084290652185002148220087343825;\
134304208881274506977817756725641,11754494534437682546021277683979,106254591836969832653806608827654,59501961059577066839041287864075,90036139616520023046749044141270,1672425544126842879561985083935,74599077279020150392403095158190,117767524693466257900591190856325,93120768868573507799366005139330,136761499065235287403308251655875,120151794464397824575963382955650,118256702640062932275155006724125;\
121549374532963754431508604095625,76814384735944654364076812279862,100460940104461313570417398599943,8955246877189370944326757605000,125237960534458981486098153435130,95171561140326327230372242480905,126876961669090565396698978801570,49799270670281262269226982783710,58582486174284138645898303015,81134248763687246104392758765525,18865374473759104796472532211000,41718193073444884489051407350725;\
106601217753954360905786919288674,94132174548632033313333948668976,45964811838536196830904488521372,61498002077680816307488348936910,14111077950880038951699923684505,104814047120988680960563879614780,24708307376660080876601733713005,82600590882611328256108606208940,34551024692086008506027083463240,100630992216707824283646009131000,64610191621107516443748032463075,66211171621888853107383105108200;\
123158657493114364334448048876895,113528327527490413194602678512836,57991266160800924264508062816192,105009820875559872931788419558470,21063494427946851977536976319845,93312807024216476510502175189550,122752607352040935940192061660460,65578160001458400880197284518755,50828626126757302997440524250810,112922620071164402213410428949300,68397397445442452705432496901575,51187298623012297515982091350725;\
15495660394405139154766370080880,52866813967541641758169101637976,31866587634580473068407246419673,80758839314442476402219047151560,3169466688277627784053153098515,135981686028256669205111826615530,32968830584603968474569998378260,103523997148573302430942713501015,119905871772126415669842629582900,1422587448935738027020064509325,34209045855878960202063681968350,59737421102023621903461288686975;\
22281531391832177391795071947335,69093166930479362791449714374293,28330878534552009011031008963578,113359288457710647021962150820565,62190488762350640375777542573355,33779511116906640601659236671835,9097554521386062568805600247400,59416921140943507941438250955295,86291945820326434208779667675865,23354734410577396769239574794100,13437848293276963805268853441500,15108277603465104050597215450700;\
64312036433768347428807022513279,105137771452887980502537135672328,34724452647437203105621385524618,76518091468852479459683821322210,92483244040446438954856211134225,9356558194468999038246675726330,95222500587387739789932264949210,4936559547108493418538442933055,105386054642411818002901338912305,111238604861117130649429113940650,7367888070859183528836759635575,78809737702169363764125929407150;\
5257971040193045813293819018067,38942619864580552254592372171402,50988044312916858806934394620996,47431235500814433207649422902955,79331650393571384446089369796495,55631445147377485832484214098770,16518951477296868656218264522270,90184762848707761692316719478495,89288885418950560847965581015875,94772341681995540537317599071175,140189907032185876607885761366900,24286372012003881137307133158775;\
87897632234407525823730604855750,78912570117689763514463851623595,95340833924723162026656767372585,98644126864005671239970773184825,28681710379240978358544169024775,52474593899944339973379111831825,11931212231972444183936825156825,69260841478833676280476279563950,117749498433336098111204228088100,82243267177704890609935672668100,64171968847424362069393892368750,108490794640313086915476120777750]
/* 
This should be the matrix of frobenius!
*/ 
B = A; 
/* Freed 127 lists. */
