/* Comments begin... 
Coefficient of   x^27                     = 1
Coefficient of   x^14 * y^8               = 1
Coefficient of   x^12 * y^7 * z^1         = 2
Coefficient of   x^10 * y^6 * z^2         = 2
Coefficient of   x^8 * y^5 * z^3         = -2
Coefficient of   x^6 * y^4 * z^4         = -1
Coefficient of   x^4 * y^3 * z^5         = 1
Coefficient of   x^2 * y^2 * z^6         = 2
Coefficient of   x^1 * y^16               = 1
Coefficient of   y^1 * z^7               = -1

Here is the polynomial we're using this time:

1*x^27 + 1*x^14*y^8 + 2*x^12*y^7*z^1 + 2*x^10*y^6*z^2 + -2*x^8*y^5*z^3 + -1*x^6*y^4*z^4 + 1*x^4*y^3*z^5 + 2*x^2*y^2*z^6 + 1*x^1*y^16 + -1*y^1*z^7

Allocate G_len 20 elements and old = 0.
Allocate M_len = 400 elements.
Allocate G_len 40 elements and old = 20.
Allocate M_len = 800 elements.
Allocate G_len 80 elements and old = 40.
Allocate M_len = 1600 elements.
Allocate M_len = 3200 elements.
Allocate G_len 160 elements and old = 80.
Allocate M_len = 6400 elements.
Allocate M_len = 12800 elements.
Allocate G_len 320 elements and old = 160.
Not smooth!
Coefficient of   x^27                     = 1
Coefficient of   x^14 * y^8               = 1
Coefficient of   x^12 * y^7 * z^1         = -1
Coefficient of   x^10 * y^6 * z^2         = 0
Coefficient of   x^8 * y^5 * z^3         = 1
Coefficient of   x^6 * y^4 * z^4         = 1
Coefficient of   x^4 * y^3 * z^5         = -1
Coefficient of   x^2 * y^2 * z^6         = 2
Coefficient of   x^1 * y^16               = -2
Coefficient of   y^1 * z^7               = 1

Here is the polynomial we're using this time:

1*x^27 + 1*x^14*y^8 + -1*x^12*y^7*z^1 + 1*x^8*y^5*z^3 + 1*x^6*y^4*z^4 + -1*x^4*y^3*z^5 + 2*x^2*y^2*z^6 + -2*x^1*y^16 + 1*y^1*z^7

Allocate M_len = 25600 elements.
The final length of G is 171
[12, 7, 0, 0]  	187	6 
[12, 6, 1, 0]  	203	8 
[26, 0, 0, 0]  	208	8  <--- 1
[10, 6, 2, 0]  	216	7 
[10, 5, 3, 0]  	232	8 
[8, 5, 4, 0]  	245	7 
[6, 4, 6, 0]  	274	7 
[22, 5, 2, 0]  	299	12 
[7, 19, 0, 0]  	303	7 
[18, 4, 4, 0]  	312	12 
[16, 4, 5, 0]  	325	11 
[14, 3, 6, 0]  	325	11 
[18, 3, 5, 0]  	328	11 
[11, 3, 7, 0]  	330	10 
[24, 4, 3, 0]  	331	11 
[22, 3, 4, 0]  	331	11 
[11, 17, 1, 0]  	338	10 
[10, 18, 1, 0]  	343	9 
[9, 3, 8, 0]  	343	9 
[18, 2, 6, 0]  	344	10 
[22, 2, 5, 0]  	347	10 
[9, 17, 2, 0]  	351	9 
[12, 2, 8, 0]  	354	9 
[10, 1, 9, 0]  	354	9 
[8, 18, 2, 0]  	356	8 
[7, 3, 9, 0]  	356	8 
[16, 2, 7, 0]  	357	9 
[14, 1, 8, 0]  	357	9 
[9, 2, 9, 0]  	359	8 
[8, 16, 3, 0]  	359	8 
[18, 1, 7, 0]  	360	9 
[22, 1, 6, 0]  	363	9 
[8, 1, 10, 0]  	367	8 
[6, 18, 3, 0]  	369	7 
[10, 0, 10, 0]  	370	8 
[7, 2, 10, 0]  	372	7 
[6, 16, 4, 0]  	372	7 
[14, 0, 9, 0]  	373	8 
[7, 0, 11, 0]  	375	7 
[18, 0, 8, 0]  	376	8 
[6, 3, 10, 0]  	377	7 
[5, 17, 4, 0]  	377	7 
[22, 0, 7, 0]  	379	8 
[6, 1, 11, 0]  	380	7 
[7, 14, 5, 0]  	383	7 
[5, 2, 11, 0]  	385	6 
[4, 16, 5, 0]  	385	6 
[6, 26, 0, 0]  	386	7 
[6, 15, 5, 0]  	388	6 
[5, 0, 12, 0]  	388	6 
[5, 27, 0, 0]  	391	6 
[6, 22, 2, 0]  	392	7 
[4, 1, 12, 0]  	393	6 
[5, 25, 1, 0]  	394	6 
[5, 23, 2, 0]  	397	6 
[5, 12, 7, 0]  	399	6 
[4, 15, 6, 0]  	401	5 
[3, 29, 0, 0]  	401	5 
[5, 10, 8, 0]  	402	6 
[4, 13, 7, 0]  	404	5 
[5, 8, 9, 0]  	405	6 
[3, 16, 6, 0]  	406	6 
[5, 6, 10, 0]  	408	6 
[4, 0, 13, 0]  	409	5 
[4, 9, 9, 0]  	410	5 
[4, 27, 1, 0]  	412	5 
[5, 22, 3, 0]  	413	5 
[4, 7, 10, 0]  	413	5 
[3, 1, 13, 0]  	414	5 
[4, 25, 2, 0]  	415	5 
[4, 5, 11, 0]  	416	6 
[4, 23, 3, 0]  	418	5 
[3, 26, 2, 0]  	420	4 
[3, 15, 7, 0]  	422	5 
[3, 24, 3, 0]  	423	4 
[3, 13, 8, 0]  	425	4 
[3, 22, 4, 0]  	426	4 
[3, 11, 9, 0]  	428	4 
[3, 20, 5, 0]  	429	5 
[3, 9, 10, 0]  	431	4 
[2, 12, 9, 0]  	433	3 
[3, 7, 11, 0]  	434	4 
[2, 30, 1, 0]  	435	5 
[2, 10, 10, 0]  	436	3 
[3, 5, 12, 0]  	437	5 
[2, 6, 12, 0]  	442	4 
[2, 15, 8, 0]  	443	4 
[2, 24, 4, 0]  	444	3 
[2, 33, 0, 0]  	445	5 
[2, 22, 5, 0]  	447	3 
[1, 25, 4, 0]  	449	2 
[2, 20, 6, 0]  	450	4 
[2, 29, 2, 0]  	451	4 
[1, 23, 5, 0]  	452	2 
[1, 21, 6, 0]  	455	3 
[1, 10, 11, 0]  	457	2 
[3, 0, 15, 0]  	459	3 
[1, 8, 12, 0]  	460	2 
[1, 35, 0, 0]  	463	3 
[2, 1, 15, 0]  	464	4 
[0, 9, 12, 0]  	465	1 
[2, 19, 7, 0]  	466	4 
[0, 36, 0, 0]  	468	2  <--- 2
[1, 20, 7, 0]  	471	3 
[1, 29, 3, 0]  	472	3 
[0, 23, 6, 0]  	473	1 
[1, 34, 1, 0]  	479	3 
[0, 8, 13, 0]  	481	1 
[0, 35, 1, 0]  	484	2 
[1, 19, 8, 0]  	487	3 
[0, 22, 7, 0]  	489	1 
[1, 6, 14, 0]  	492	2 
[1, 15, 10, 0]  	493	3 
[1, 33, 2, 0]  	495	3 
[0, 7, 14, 0]  	497	1 
[0, 34, 2, 0]  	500	2 
[1, 0, 17, 0]  	501	2 
[1, 18, 9, 0]  	503	3 
[0, 21, 8, 0]  	505	1 
[1, 5, 15, 0]  	508	2 
[0, 6, 15, 0]  	513	1 
[0, 33, 3, 0]  	516	2 
[0, 20, 9, 0]  	521	1 
[0, 29, 5, 0]  	522	2 
[0, 5, 16, 0]  	529	1 
[0, 32, 4, 0]  	532	2 
[0, 19, 10, 0]  	537	1 
[0, 4, 17, 0]  	545	1 
[0, 0, 19, 0]  	551	1  <--- 3
[0, 18, 11, 0]  	553	1 
[0, 3, 18, 0]  	561	1 
[8, 4, 5, 1]  	261	8 
[7, 18, 0, 1]  	290	8 
[22, 4, 3, 1]  	315	12 
[14, 2, 7, 1]  	341	10 
[11, 2, 8, 1]  	346	9 
[7, 17, 3, 1]  	364	8 
[5, 14, 6, 1]  	396	6 
[5, 21, 3, 1]  	400	6 
[4, 11, 8, 1]  	407	5 
[3, 28, 1, 1]  	417	4 
[4, 21, 4, 1]  	421	5 
[3, 0, 14, 1]  	430	4 
[2, 8, 11, 1]  	439	3 
[2, 26, 3, 1]  	441	3 
[2, 0, 16, 1]  	480	3 
[1, 4, 16, 1]  	524	2 
[6, 24, 1, 2]  	389	7 
[2, 5, 13, 2]  	458	4 
[1, 7, 13, 2]  	476	2 
[2, 4, 14, 4]  	474	4 
[1, 18, 8, 46]  	474	3 
[5, 9, 8, 48]  	389	6 
[1, 19, 7, 48]  	458	3 
[0, 21, 7, 48]  	476	1 
[0, 33, 2, 48]  	487	2 
[6, 3, 6, 49]  	261	6 
[20, 3, 4, 49]  	315	10 
[12, 1, 8, 49]  	341	7 
[9, 1, 9, 49]  	346	7 
[6, 2, 10, 49]  	364	7 
[4, 28, 0, 49]  	396	4 
[4, 6, 10, 49]  	400	2 
[3, 25, 2, 49]  	407	3 
[2, 13, 8, 49]  	417	2 
[2, 11, 9, 49]  	420	2 
[3, 6, 11, 49]  	421	2 
[1, 22, 5, 49]  	439	2 
[1, 11, 10, 49]  	441	2 
[0, 8, 12, 49]  	452	1 
[0, 18, 10, 49]  	524	1 
------
The gap is between 5 and 45.
Lengths: 3 3 6 6 3 3.
For 490 = 5*d/2-d1-d2-d3 you get 3 in char 0.
1*x^1*y^17*z^9
1*y^31*z^3
1*y^2*z^16

For 274 = 3*d/2-d1-d2-d3 you get 6 in char 0.
1*x^5*y^18
1*x^4*y^3*z^7
1*x^3*y^17*z^1
1*x^2*y^2*z^8
1*x^1*y^16*z^2
1*y^1*z^9

For 58 = d/2-d1-d2-d3 you get 3 in char 0.
1*x^4*y^2
1*x^2*y^1*z^1
1*z^2

Extra powers of p used 0.
The invariant extra is equal to 4.
Start computing 5^3 Delta^1 (x1x2x3)^4... Done.
Start computing 5^4 Delta^2 (x1x2x3)^4... Done.
Start computing 5^5 Delta^3 (x1x2x3)^4... Done.
Start computing 5^6 Delta^4 (x1x2x3)^4... Done.
Start computing 5^7 Delta^5 (x1x2x3)^4... Done.
Start computing 5^8 Delta^6 (x1x2x3)^4... Done.
Start computing 5^9 Delta^7 (x1x2x3)^4... Done.
Start computing 5^10 Delta^8 (x1x2x3)^4... Done.
Start computing 5^11 Delta^9 (x1x2x3)^4... Done.
Start computing 5^12 Delta^10 (x1x2x3)^4... Done.
Start computing 5^13 Delta^11 (x1x2x3)^4... Done.
Start computing 5^14 Delta^12 (x1x2x3)^4... Done.
Start computing aa.
1 2 3 4 5 6 7 8 9 10 11 12 
*/
A = \
[64590890620529434650728869815995,42362783891924015738029022732891,101534194194898871315589261539400,60823016931631689389687324213175,125755297899426579321061468421125,115599953232745365260446894405750,140629239866471662851207240312355,134063196695291640482480954315635,113883198768104534957410598269085,26377166352215277486100140875900,119619961465273975876810187189000,6273364572294729708067305031400;\
55981337473159860881133787108844,112253175096786463735311390944082,78642021805753034508767309192963,967698733344521830334013251010,64061364036749597574230258365860,113693081743053202136108682649225,69846545723673879063967737214230,29570049804199057030856651891250,61201898833320629701855154898635,18293855842003051177545012027800,135896842351457562672724017158950,24405714045888584519164952241525;\
115136188757735998567781450430452,105692285538778676835045911864082,45880494492846843660617933816762,63833811695842257703776065257485,86643439811266244734307894022830,108518680026152992496440622521435,97956542782456173993144581266900,82281886273792845261124043062985,107348335660057964822451349654100,4596042788896307544834033382175,38752877578632313125565945832050,50270936804687128206363737137225;\
74657618375447249666715532057435,54172192318256724185824870918216,124954681615285163708466125611909,126853322505217997524996161003700,90831257809386933263687960923595,82342007225853953430881280432020,90556129086861123061356688417290,73285763526780794988664460992005,85077157842421365378670456420350,37399080289155403854955187209475,130500845006807451111948662522975,36022009725230130608738589317825;\
73940310954356029306986032823775,137317668010728663865909291026028,9502908562240655352954562920503,74817761135906424867896487309490,6377603012351591148153627601030,24523325360789184747990441126995,122220352030282235030389328841540,87389197345034020260102858127485,81019601277599120181514397494165,71002367965081030219478833580800,2163768141719690980140511035850,27300544991133874439481685267675;\
128260304751099819604015517785264,478088852527274304819125407366,58207334090235544920811227698010,78287166522430952837628004815645,11021928128455549426820145861300,138730211916129256860775908285535,47299251894435555347882213118430,79112171718602766553418611205690,71754185401378674207857457493825,114651995226753783558810330070300,130195791206574046518087005826100,31466764556743176296574132194800;\
91926395256543053465717549395391,12800961907282933137925778404071,87718172087089591068571968065614,105722178559533215147591013511580,59629836636184112849495130138570,131626541010638893216937922716025,38066311274556784845749911708595,129132934075758416569955989648350,43115276379436030639029686761380,39093984112194445594569609452625,60951949012806716747014807135000,46033323902892276180339500613225;\
6115025341809256011467150058722,83851720315211473894911288606558,56162339760773022270511939971150,20571033025552007700284927735885,61636858301758893237701935368270,3441632366839032049898418938820,101067869700261120982692989269055,77012361713715414003294153371480,16886428592850739034620211428060,60678613544046388302991117219300,124959625840601283708924034013175,72306134522094351136454986406000;\
138062544894669602088252965644321,65810153257226693222562715752222,41697605956760989566472219006682,64389035936967785819544652603505,46343021092548320151053740884520,53349248504094095804947428605710,41707294836271709691918645144395,69579074698832630153447578988950,119424294379562545859634225852690,19950238976550601030679311080875,62855637490434132258054266817700,123796329074482884485468224087550;\
75314300058544808144494361526829,139172269155432345253844273146907,51750424912253865655755961708196,25991543953734972240307015243830,125998192033771105312975881843725,54132333016518517574209141726865,118813338575473075683267809223090,54644228100461171705631508199215,119507805898089057348770172710740,622779968666091605020815413525,92718437157939162155766927811975,114201232415732374614677456373700;\
34904979400748521393718262395211,102107089321455668272125470165115,70947447881663078593174385139780,19668900917246144098439339125795,125889375030506626791130794116475,57784424849818789226490618634305,61628540803762566924370940940935,90639435100349778935972198446835,89330244971277642484377214143655,116246722955665532638616882816350,119631103977295112381522119834125,45888658573575847763531615225825;\
71216725053660284372797174403373,84363716752538499126958584012430,78845960455169080368469343371330,140933209300372587263686493016085,130864551028721547283623618061625,3511863611009229826710089189015,40314803953507250114928823908630,137024364202309796087514889333455,36554166331485736015448556458990,5098597224617344489294373889075,74866914817749532147833299808750,89390196588902557449045468289975]
/* 
This should be the matrix of frobenius!
*/ 
B = A; 
/* Freed 129 lists. */
