/* Comments begin... 
Coefficient of   x^27                     = -2
Coefficient of   x^14 * y^8               = 2
Coefficient of   x^12 * y^7 * z^1         = 2
Coefficient of   x^10 * y^6 * z^2         = -2
Coefficient of   x^8 * y^5 * z^3         = -2
Coefficient of   x^6 * y^4 * z^4         = -1
Coefficient of   x^4 * y^3 * z^5         = 1
Coefficient of   x^2 * y^2 * z^6         = 0
Coefficient of   x^1 * y^16               = 1
Coefficient of   y^1 * z^7               = 1

Here is the polynomial we're using this time:

-2*x^27 + 2*x^14*y^8 + 2*x^12*y^7*z^1 + -2*x^10*y^6*z^2 + -2*x^8*y^5*z^3 + -1*x^6*y^4*z^4 + 1*x^4*y^3*z^5 + 1*x^1*y^16 + 1*y^1*z^7

Allocate G_len 20 elements and old = 0.
Allocate M_len = 400 elements.
Allocate G_len 40 elements and old = 20.
Allocate M_len = 800 elements.
Allocate G_len 80 elements and old = 40.
Allocate M_len = 1600 elements.
Allocate M_len = 3200 elements.
Allocate G_len 160 elements and old = 80.
Allocate M_len = 6400 elements.
Allocate M_len = 12800 elements.
Allocate G_len 320 elements and old = 160.
Allocate M_len = 25600 elements.
The final length of G is 177
[12, 7, 0, 0]  	187	6 
[12, 6, 1, 0]  	203	8 
[26, 0, 0, 0]  	208	8  <--- 1
[10, 6, 2, 0]  	216	7 
[10, 5, 3, 0]  	232	8 
[8, 5, 4, 0]  	245	7 
[8, 4, 5, 0]  	261	8 
[6, 4, 6, 0]  	274	7 
[7, 18, 0, 0]  	290	8 
[22, 5, 2, 0]  	299	13 
[18, 4, 4, 0]  	312	12 
[22, 4, 3, 0]  	315	12 
[14, 3, 6, 0]  	325	11 
[18, 3, 5, 0]  	328	11 
[11, 3, 7, 0]  	330	9 
[22, 3, 4, 0]  	331	11 
[11, 17, 1, 0]  	338	10 
[14, 2, 7, 0]  	341	10 
[18, 2, 6, 0]  	344	10 
[11, 2, 8, 0]  	346	9 
[10, 3, 8, 0]  	351	9 
[9, 17, 2, 0]  	351	9 
[10, 1, 9, 0]  	354	9 
[7, 3, 9, 0]  	356	8 
[14, 1, 8, 0]  	357	9 
[9, 2, 9, 0]  	359	8 
[8, 16, 3, 0]  	359	8 
[18, 1, 7, 0]  	360	9 
[24, 2, 5, 0]  	363	9 
[22, 1, 6, 0]  	363	8 
[7, 17, 3, 0]  	364	8 
[6, 18, 3, 0]  	369	7 
[10, 0, 10, 0]  	370	8 
[7, 2, 10, 0]  	372	7 
[6, 16, 4, 0]  	372	7 
[9, 1, 10, 0]  	375	7 
[7, 0, 11, 0]  	375	7 
[18, 0, 8, 0]  	376	8 
[6, 3, 10, 0]  	377	7 
[5, 17, 4, 0]  	377	7 
[22, 0, 7, 0]  	379	8 
[6, 1, 11, 0]  	380	7 
[7, 14, 5, 0]  	383	7 
[5, 2, 11, 0]  	385	6 
[4, 16, 5, 0]  	385	6 
[6, 26, 0, 0]  	386	7 
[6, 15, 5, 0]  	388	7 
[16, 0, 9, 0]  	389	7 
[6, 24, 1, 0]  	389	7 
[5, 27, 0, 0]  	391	6 
[6, 22, 2, 0]  	392	7 
[4, 1, 12, 0]  	393	6 
[5, 25, 1, 0]  	394	6 
[6, 0, 12, 0]  	396	6 
[5, 14, 6, 0]  	396	6 
[5, 23, 2, 0]  	397	6 
[5, 12, 7, 0]  	399	6 
[4, 15, 6, 0]  	401	5 
[3, 29, 0, 0]  	401	5 
[5, 10, 8, 0]  	402	6 
[5, 8, 9, 0]  	405	6 
[4, 11, 8, 0]  	407	5 
[5, 6, 10, 0]  	408	6 
[4, 9, 9, 0]  	410	5 
[4, 27, 1, 0]  	412	5 
[3, 1, 13, 0]  	414	5 
[4, 25, 2, 0]  	415	5 
[4, 5, 11, 0]  	416	6 
[5, 0, 13, 0]  	417	4 
[4, 14, 7, 0]  	417	4 
[3, 28, 1, 0]  	417	4 
[4, 23, 3, 0]  	418	5 
[3, 26, 2, 0]  	420	4 
[4, 21, 4, 0]  	421	5 
[3, 15, 7, 0]  	422	5 
[3, 24, 3, 0]  	423	4 
[3, 13, 8, 0]  	425	4 
[4, 8, 10, 0]  	426	4 
[3, 22, 4, 0]  	426	4 
[3, 11, 9, 0]  	428	4 
[3, 20, 5, 0]  	429	5 
[3, 0, 14, 0]  	430	4 
[2, 12, 9, 0]  	433	3 
[3, 7, 11, 0]  	434	4 
[2, 10, 10, 0]  	436	3 
[2, 15, 8, 0]  	443	4 
[3, 19, 6, 0]  	445	6 
[2, 22, 5, 0]  	447	3 
[1, 25, 4, 0]  	449	2 
[2, 20, 6, 0]  	450	4 
[2, 29, 2, 0]  	451	4 
[2, 9, 11, 0]  	452	2 
[1, 23, 5, 0]  	452	2 
[2, 7, 12, 0]  	455	3 
[2, 34, 0, 0]  	458	4 
[2, 5, 13, 0]  	458	4 
[1, 35, 0, 0]  	463	3 
[2, 1, 15, 0]  	464	4 
[0, 9, 12, 0]  	465	1 
[2, 19, 7, 0]  	466	4 
[1, 22, 6, 0]  	468	2 
[0, 36, 0, 0]  	468	2  <--- 2
[1, 29, 3, 0]  	472	3 
[0, 23, 6, 0]  	473	1 
[2, 33, 1, 0]  	474	4 
[2, 4, 14, 0]  	474	4 
[1, 7, 13, 0]  	476	2 
[1, 34, 1, 0]  	479	3 
[0, 8, 13, 0]  	481	1 
[1, 21, 7, 0]  	484	2 
[0, 35, 1, 0]  	484	2 
[1, 19, 8, 0]  	487	3 
[0, 22, 7, 0]  	489	1 
[1, 6, 14, 0]  	492	2 
[1, 33, 2, 0]  	495	3 
[0, 7, 14, 0]  	497	1 
[0, 34, 2, 0]  	500	2 
[1, 0, 17, 0]  	501	2 
[1, 18, 9, 0]  	503	3 
[0, 21, 8, 0]  	505	1 
[0, 6, 15, 0]  	513	1 
[0, 33, 3, 0]  	516	2 
[0, 20, 9, 0]  	521	1 
[1, 15, 11, 0]  	522	2 
[0, 29, 5, 0]  	522	2 
[1, 4, 16, 0]  	524	2 
[0, 5, 16, 0]  	529	1 
[0, 32, 4, 0]  	532	2 
[0, 19, 10, 0]  	537	1 
[0, 4, 17, 0]  	545	1 
[0, 0, 19, 0]  	551	1  <--- 3
[0, 18, 11, 0]  	553	1 
[0, 3, 18, 0]  	561	1 
[9, 3, 8, 1]  	343	8 
[22, 2, 5, 1]  	347	10 
[8, 1, 10, 1]  	367	8 
[14, 0, 9, 1]  	373	8 
[5, 0, 12, 1]  	388	6 
[5, 21, 3, 1]  	400	6 
[4, 13, 7, 1]  	404	5 
[3, 16, 6, 1]  	406	6 
[4, 0, 13, 1]  	409	5 
[4, 7, 10, 1]  	413	5 
[3, 9, 10, 1]  	431	4 
[2, 30, 1, 1]  	435	5 
[3, 5, 12, 1]  	437	5 
[2, 8, 11, 1]  	439	3 
[2, 6, 12, 1]  	442	4 
[2, 33, 0, 1]  	445	5 
[1, 10, 11, 1]  	457	2 
[1, 8, 12, 1]  	460	2 
[1, 20, 7, 1]  	471	3 
[1, 15, 10, 1]  	493	3 
[1, 5, 15, 1]  	508	2 
[2, 26, 3, 2]  	441	3 
[2, 24, 4, 2]  	444	3 
[1, 21, 6, 2]  	455	3 
[2, 0, 16, 2]  	480	3 
[3, 21, 4, 48]  	413	4 
[0, 35, 0, 48]  	455	2 
[8, 17, 2, 49]  	343	7 
[20, 1, 6, 49]  	347	6 
[6, 0, 11, 49]  	367	5 
[6, 25, 0, 49]  	373	6 
[5, 24, 1, 49]  	381	6 
[4, 14, 6, 49]  	388	3 
[4, 6, 10, 49]  	400	5 
[3, 27, 1, 49]  	404	3 
[2, 1, 13, 49]  	406	4 
[3, 14, 7, 49]  	409	4 
[0, 22, 5, 49]  	431	1 
[2, 19, 6, 49]  	437	3 
[1, 11, 10, 49]  	441	2 
[0, 25, 4, 49]  	441	1 
[0, 34, 0, 49]  	442	2 
[1, 9, 11, 49]  	444	2 
[0, 19, 9, 49]  	508	1 
------
The gap is between 3 and 47.
Lengths: 3 3 6 6 3 3.
For 490 = 5*d/2-d1-d2-d3 you get 3 in char 0.
1*x^1*y^17*z^9
1*y^31*z^3
1*y^2*z^16

For 274 = 3*d/2-d1-d2-d3 you get 6 in char 0.
1*x^5*y^18
1*x^4*y^3*z^7
1*x^3*y^17*z^1
1*x^2*y^2*z^8
1*x^1*y^16*z^2
1*y^1*z^9

For 58 = d/2-d1-d2-d3 you get 3 in char 0.
1*x^4*y^2
1*x^2*y^1*z^1
1*z^2

Extra powers of p used 0.
The invariant extra is equal to 4.
Start computing 5^3 Delta^1 (x1x2x3)^4... Done.
Start computing 5^4 Delta^2 (x1x2x3)^4... Done.
Start computing 5^5 Delta^3 (x1x2x3)^4... Done.
Start computing 5^6 Delta^4 (x1x2x3)^4... Done.
Start computing 5^7 Delta^5 (x1x2x3)^4... Done.
Start computing 5^8 Delta^6 (x1x2x3)^4... Done.
Start computing 5^9 Delta^7 (x1x2x3)^4... Done.
Start computing 5^10 Delta^8 (x1x2x3)^4... Done.
Start computing 5^11 Delta^9 (x1x2x3)^4... Done.
Start computing 5^12 Delta^10 (x1x2x3)^4... Done.
Start computing 5^13 Delta^11 (x1x2x3)^4... Done.
Start computing 5^14 Delta^12 (x1x2x3)^4... Done.
Start computing aa.
1 2 3 4 5 6 7 8 9 10 11 12 
*/
A = \
[110749372892280484253062603651641,88003503394206893134071333130654,67374143780369640846549177608022,24136901741851889867058098380715,103145068230897736964498780015920,109752429084686727848639038527935,15874071439731108892831967608255,79389017440945029959077944127695,86647010735607763630817165726105,24962283442310821675307834066100,111427998796935556152648786713350,73880703069307432424148614852975;\
77696532415013841090774626988995,125027536058274073172614492918289,77920722986971176384647589547332,6832924250115382873644622453000,31595727434030780114768364480250,82846660433232465024424544175560,133605105274314628851352351476630,63154996794722779917848177703090,125162301658548944962802831758270,87683877098530093592621354142425,66346077268866105821075554337050,73185398490269904297880158696700;\
102018699578901028666610708368975,40260343612752492442194672483304,121143122193851135858828259453325,108292787779317358033296757457175,79255075145238817694113583243135,114687882137541259123116344107175,87617504135363103366278737504805,86961379785502030095073395239685,74886174374548258028589777077290,34472805322225441810161220674525,65111240825462218859888306997600,85973008878696224608492976207450;\
60167565415789248842125761148778,28974256666488910231967262055640,92483253389958320309714894791609,51505855750756504131090929418870,19272142245869807757998490517230,88321995608237521066371342247815,129758958396131458831707415866790,107272461889803834400756362155095,5654144974020860802936486511645,117272030416932608143002134828175,94775342940994730758573598717150,115778405265994080417760120784925;\
60071303555485429680675100441034,89655637707631935508065250162913,97846332522925218308297004365573,128471778980453905156982548834460,131704193787509799748644832464370,7412301363389291693402458594035,82500670590377717902285710521960,94066877540479137099033355213060,54350910227847927183685764325060,67522247175458229588559549833025,88856573307258158670406410757575,135931867440077309893957866603025;\
93855408741332093598427456733143,35940893197574053822420766469168,126397333943103844159834855143784,68407078531341360675632009885315,16106345219025250054591697535035,59477312722571631563314748809325,42673074039149947729856860744405,18811327024724327209027653105565,8249151555027621375877396955755,27388894123521294004120278435025,101183572621863867790976059398100,57788039548647548768497972129200;\
13622415730059073722050988586472,70367634658704315011382773969085,74423332064805494236280387728373,86288085507792181522523373252925,123703740760104538045978115397920,65451750252160370124168167674990,7717805530131943811273196251685,93116347887769126505781129613780,116521012324617782304367668962990,113104087161440321768897378680325,20533724981821819313646470877575,14784286200959526279135928708200;\
105669647792603463490128364794877,103054277532224502628079253000955,99415146622923148043216778057539,128742014177260912662253118501830,38977498668513779339008471466315,49179984362144458389425570523845,42294174181642096927951907797655,125717948355121062557001247397045,27328459098527579895353648152290,125848148981859596628151850267700,95392376558560423778500725844050,118139223521862211042644634368500;\
32029258180390921097530139891781,59091011644900602914528767649717,107774945758306481556635202859557,6497336266042058931744235806615,1551027866199010785173855705160,53198723666352419580337028851065,7466436943623660596448291063325,134437590673491677544447048534350,54373962906672473618132185608325,86879950647216884246004242371350,8421413416772384244520029414775,118399808262955415024675052437875;\
52445436664756046269366633142602,107814935931826190422820556357932,34719419875800069277073986273651,70527207652240650785602680125565,43834412073480407402657007216330,30591622029519230256131398008560,35334376648405371481953052447050,72430194255123062341821361511835,133539140668490888341699828387215,75359882025808989118516832519600,36352872261319339323318212019725,113555313312916922856619631871900;\
138742433163751885769962922750768,24880201212685155593478342325528,109647850874941748420930151562559,75645780971044575883585958019535,45049209410118892700562082481955,108710322654251366734054304622790,903234590577040659660683960620,101648415015940869278834436425110,30654255239726100395749293839755,29714461975890122592417819723250,119026577132144143358005827029475,28285883011754934279705553639350;\
37045733623179632622604474342314,87800120911977224726848273638284,31794648543752414932895847923187,126766174435378463864273539042530,135854389320532345023673102934195,113333604451066671079709105688070,113523234218890102632238197158770,123836662033226917984898567091640,19576300582282505416590851854275,20220735716623007917933365271575,118746426840071432014537969547275,113304554200565208719306104243675]
/* 
This should be the matrix of frobenius!
*/ 
B = A; 
/* Freed 130 lists. */
