/* Comments begin... 
Coefficient of   x^27                     = -1
Coefficient of   x^14 * y^8               = 2
Coefficient of   x^12 * y^7 * z^1         = -1
Coefficient of   x^10 * y^6 * z^2         = 1
Coefficient of   x^8 * y^5 * z^3         = -2
Coefficient of   x^6 * y^4 * z^4         = 0
Coefficient of   x^4 * y^3 * z^5         = 0
Coefficient of   x^2 * y^2 * z^6         = 0
Coefficient of   x^1 * y^16               = -2
Coefficient of   y^1 * z^7               = -1

Here is the polynomial we're using this time:

-1*x^27 + 2*x^14*y^8 + -1*x^12*y^7*z^1 + 1*x^10*y^6*z^2 + -2*x^8*y^5*z^3 + -2*x^1*y^16 + -1*y^1*z^7

Allocate G_len 20 elements and old = 0.
Allocate M_len = 400 elements.
Allocate G_len 40 elements and old = 20.
Allocate M_len = 800 elements.
Allocate G_len 80 elements and old = 40.
Allocate M_len = 1600 elements.
Allocate M_len = 3200 elements.
Allocate G_len 160 elements and old = 80.
Allocate M_len = 6400 elements.
Allocate M_len = 12800 elements.
Allocate G_len 320 elements and old = 160.
Allocate M_len = 25600 elements.
The final length of G is 220
[12, 7, 0, 0]  	187	4 
[26, 0, 0, 0]  	208	6  <--- 1
[6, 4, 6, 0]  	274	7 
[24, 6, 1, 0]  	299	8 
[22, 6, 2, 0]  	312	9 
[24, 5, 2, 0]  	315	9 
[20, 6, 3, 0]  	325	10 
[14, 3, 6, 0]  	325	9 
[22, 5, 3, 0]  	328	10 
[16, 2, 6, 0]  	328	10 
[11, 3, 7, 0]  	330	8 
[18, 1, 6, 0]  	331	10 
[16, 5, 5, 0]  	338	8 
[20, 5, 4, 0]  	341	10 
[14, 2, 7, 0]  	341	10 
[9, 3, 8, 0]  	343	8 
[16, 1, 7, 0]  	344	10 
[18, 0, 7, 0]  	347	9 
[12, 2, 8, 0]  	354	9 
[10, 1, 9, 0]  	354	8 
[7, 3, 9, 0]  	356	8 
[14, 1, 8, 0]  	357	10 
[9, 2, 9, 0]  	359	8 
[11, 12, 4, 0]  	360	9 
[11, 21, 0, 0]  	361	8 
[11, 19, 1, 0]  	364	9 
[11, 17, 2, 0]  	367	7 
[8, 1, 10, 0]  	367	7 
[10, 11, 5, 0]  	368	8 
[10, 20, 1, 0]  	369	8 
[10, 0, 10, 0]  	370	9 
[10, 18, 2, 0]  	372	7 
[7, 2, 10, 0]  	372	8 
[10, 16, 3, 0]  	375	7 
[6, 3, 10, 0]  	377	8 
[7, 16, 4, 0]  	380	7 
[6, 1, 11, 0]  	380	7 
[9, 15, 4, 0]  	383	9 
[9, 24, 0, 0]  	384	8 
[6, 17, 4, 0]  	385	7 
[5, 2, 11, 0]  	385	7 
[4, 14, 6, 0]  	388	5 
[8, 25, 0, 0]  	389	7 
[5, 9, 8, 0]  	389	6 
[9, 0, 11, 0]  	391	7 
[5, 16, 5, 0]  	393	6 
[4, 1, 12, 0]  	393	6 
[7, 15, 5, 0]  	396	6 
[4, 8, 9, 0]  	397	5 
[9, 14, 5, 0]  	399	8 
[9, 23, 1, 0]  	400	8 
[7, 0, 12, 0]  	404	6 
[4, 13, 7, 0]  	404	5 
[3, 16, 6, 0]  	406	6 
[4, 11, 8, 0]  	407	5 
[8, 22, 2, 0]  	408	6 
[5, 6, 10, 0]  	408	6 
[4, 29, 0, 0]  	409	6 
[6, 28, 0, 0]  	412	6 
[7, 23, 2, 0]  	413	6 
[4, 7, 10, 0]  	413	5 
[3, 1, 13, 0]  	414	5 
[6, 26, 1, 0]  	415	5 
[5, 20, 4, 0]  	416	6 
[4, 5, 11, 0]  	416	6 
[5, 0, 13, 0]  	417	5 
[6, 24, 2, 0]  	418	6 
[5, 27, 1, 0]  	420	4 
[6, 22, 3, 0]  	421	6 
[3, 15, 7, 0]  	422	5 
[5, 25, 2, 0]  	423	5 
[4, 28, 1, 0]  	425	4 
[3, 13, 8, 0]  	425	4 
[5, 23, 3, 0]  	426	5 
[4, 26, 2, 0]  	428	4 
[3, 11, 9, 0]  	428	4 
[3, 29, 1, 0]  	430	5 
[4, 24, 3, 0]  	431	4 
[3, 9, 10, 0]  	431	4 
[3, 27, 2, 0]  	433	3 
[2, 12, 9, 0]  	433	3 
[3, 7, 11, 0]  	434	4 
[3, 25, 3, 0]  	436	3 
[2, 10, 10, 0]  	436	3 
[3, 5, 12, 0]  	437	5 
[4, 0, 14, 0]  	438	4 
[3, 23, 4, 0]  	439	3 
[2, 8, 11, 0]  	439	3 
[2, 26, 3, 0]  	441	3 
[3, 21, 5, 0]  	442	4 
[2, 6, 12, 0]  	442	4 
[2, 15, 8, 0]  	443	4 
[2, 24, 4, 0]  	444	3 
[2, 22, 5, 0]  	447	3 
[2, 20, 6, 0]  	450	4 
[2, 29, 2, 0]  	451	4 
[1, 21, 6, 0]  	455	3 
[1, 10, 11, 0]  	457	2 
[2, 5, 13, 0]  	458	4 
[3, 0, 15, 0]  	459	3 
[1, 8, 12, 0]  	460	2 
[1, 35, 0, 0]  	463	3 
[2, 1, 15, 0]  	464	4 
[1, 24, 5, 0]  	465	1 
[0, 9, 12, 0]  	465	1 
[2, 19, 7, 0]  	466	4 
[0, 36, 0, 0]  	468	2  <--- 2
[1, 20, 7, 0]  	471	3 
[0, 23, 6, 0]  	473	1 
[2, 33, 1, 0]  	474	4 
[2, 4, 14, 0]  	474	4 
[1, 7, 13, 0]  	476	2 
[1, 34, 1, 0]  	479	3 
[2, 0, 16, 0]  	480	3 
[0, 8, 13, 0]  	481	1 
[0, 35, 1, 0]  	484	2 
[1, 19, 8, 0]  	487	3 
[0, 22, 7, 0]  	489	1 
[1, 6, 14, 0]  	492	2 
[1, 33, 2, 0]  	495	3 
[0, 7, 14, 0]  	497	1 
[0, 34, 2, 0]  	500	2 
[1, 0, 17, 0]  	501	2 
[1, 18, 9, 0]  	503	3 
[0, 21, 8, 0]  	505	1 
[1, 5, 15, 0]  	508	2 
[0, 6, 15, 0]  	513	1 
[0, 33, 3, 0]  	516	2 
[0, 20, 9, 0]  	521	1 
[1, 4, 16, 0]  	524	2 
[0, 5, 16, 0]  	529	1 
[0, 19, 10, 0]  	537	1 
[0, 4, 17, 0]  	545	1 
[0, 0, 19, 0]  	551	1  <--- 3
[0, 18, 11, 0]  	553	1 
[0, 32, 5, 0]  	561	1 
[0, 3, 18, 0]  	561	1 
[10, 6, 2, 1]  	216	5 
[10, 5, 3, 1]  	232	7 
[22, 5, 2, 1]  	299	9 
[18, 4, 4, 1]  	312	9 
[22, 4, 3, 1]  	315	10 
[9, 19, 0, 1]  	319	9 
[16, 4, 5, 1]  	325	9 
[11, 17, 1, 1]  	338	8 
[10, 18, 1, 1]  	343	8 
[11, 2, 8, 1]  	346	7 
[9, 17, 2, 1]  	351	8 
[8, 18, 2, 1]  	356	8 
[8, 16, 3, 1]  	359	7 
[9, 11, 5, 1]  	360	8 
[6, 16, 4, 1]  	372	7 
[8, 15, 4, 1]  	375	7 
[7, 18, 3, 1]  	377	8 
[5, 17, 4, 1]  	377	7 
[8, 0, 11, 1]  	383	8 
[5, 22, 2, 1]  	384	6 
[6, 15, 5, 1]  	388	6 
[8, 14, 5, 1]  	391	7 
[6, 0, 12, 1]  	396	6 
[7, 24, 1, 1]  	397	6 
[5, 12, 7, 1]  	399	6 
[3, 29, 0, 1]  	401	5 
[5, 28, 0, 1]  	404	5 
[7, 27, 0, 1]  	407	6 
[5, 26, 1, 1]  	407	5 
[6, 21, 3, 1]  	408	6 
[4, 0, 13, 1]  	409	5 
[4, 27, 1, 1]  	412	5 
[4, 25, 2, 1]  	415	5 
[4, 23, 3, 1]  	418	5 
[3, 26, 2, 1]  	420	4 
[4, 21, 4, 1]  	421	5 
[3, 24, 3, 1]  	423	4 
[3, 22, 4, 1]  	426	4 
[3, 20, 5, 1]  	429	5 
[2, 30, 1, 1]  	435	5 
[2, 33, 0, 1]  	445	5 
[1, 25, 4, 1]  	449	2 
[1, 23, 5, 1]  	452	2 
[1, 15, 10, 1]  	493	3 
[0, 29, 5, 1]  	522	2 
[0, 32, 4, 1]  	532	2 
[12, 6, 1, 2]  	203	6 
[8, 5, 4, 2]  	245	6 
[8, 4, 5, 2]  	261	8 
[7, 18, 0, 2]  	290	8 
[6, 24, 0, 2]  	360	7 
[5, 23, 1, 2]  	368	6 
[6, 18, 3, 2]  	369	7 
[7, 0, 11, 2]  	375	6 
[7, 14, 5, 2]  	383	7 
[5, 27, 0, 2]  	391	6 
[3, 28, 1, 2]  	417	4 
[3, 0, 14, 2]  	430	4 
[1, 29, 3, 2]  	472	3 
[7, 17, 3, 3]  	364	8 
[4, 16, 5, 3]  	385	6 
[5, 21, 3, 3]  	400	6 
[6, 2, 10, 47]  	364	7 
[3, 1, 12, 47]  	385	5 
[4, 6, 10, 47]  	400	5 
[4, 3, 6, 48]  	245	5 
[9, 1, 9, 48]  	346	6 
[4, 2, 11, 48]  	377	5 
[4, 26, 1, 48]  	399	5 
[2, 13, 8, 48]  	417	3 
[1, 0, 16, 48]  	472	2 
[10, 5, 2, 49]  	203	5 
[2, 1, 6, 49]  	203	3 
[16, 0, 7, 49]  	331	8 
[14, 0, 8, 49]  	344	8 
[12, 0, 9, 49]  	357	8 
[3, 22, 2, 49]  	368	4 
[2, 21, 5, 49]  	434	3 
[0, 10, 11, 49]  	449	1 
[0, 8, 12, 49]  	452	1 
[1, 19, 7, 49]  	458	3 
[1, 33, 1, 49]  	466	3 
[0, 0, 17, 49]  	493	1 
------
The gap is between 4 and 46.
Lengths: 3 3 6 8 3 3.
For 490 = 5*d/2-d1-d2-d3 you get 3 in char 0.
1*x^1*y^17*z^9
1*y^31*z^3
1*y^2*z^16

For 274 = 3*d/2-d1-d2-d3 you get 6 in char 0.
1*x^5*y^18
1*x^4*y^3*z^7
1*x^3*y^17*z^1
1*x^2*y^2*z^8
1*x^1*y^16*z^2
1*y^1*z^9

For 58 = d/2-d1-d2-d3 you get 3 in char 0.
1*x^4*y^2
1*x^2*y^1*z^1
1*z^2

Extra powers of p used 2.
The invariant extra is equal to 4.
Start computing 5^3 Delta^1 (x1x2x3)^4... Done.
Start computing 5^4 Delta^2 (x1x2x3)^4... Done.
Start computing 5^5 Delta^3 (x1x2x3)^4... Done.
Start computing 5^6 Delta^4 (x1x2x3)^4... Done.
Start computing 5^7 Delta^5 (x1x2x3)^4... Done.
Start computing 5^8 Delta^6 (x1x2x3)^4... Done.
Start computing 5^9 Delta^7 (x1x2x3)^4... Done.
Start computing 5^10 Delta^8 (x1x2x3)^4... Done.
Start computing 5^11 Delta^9 (x1x2x3)^4... Done.
Start computing 5^12 Delta^10 (x1x2x3)^4... Done.
Start computing 5^13 Delta^11 (x1x2x3)^4... Done.
Start computing 5^14 Delta^12 (x1x2x3)^4... Done.
Start computing aa.
1 2 3 4 5 6 7 8 9 10 11 12 
*/
A = \
[3242305359302643299768063478776650,3234444908837038897521568908406725,1864240964359179701651322669787625,283340844293109191419514268779750,3091833124717561313843109989674750,3129022463924392414871233728100750,1218079498498406303761192185999000,3296497272440722379509850196603750,1968496343056603286961209266051375,1563928372695239597621603734106875,3424033861787062744517768704719375,1032434018435697752140868054543125;\
2929343210001492221044580361397100,1981811515232766273942130716179775,2285901021323941437961140865417625,1723268055928984090586912570786500,1721562166914623521450948920881250,673756518093953479710191088733375,1624362273910793602394228208908875,294238297990089549928862197726500,2737090766524255605939878018353000,2473059741159388009314563650706875,2717823334880544721856692480675000,3389885638943527081802706780623125;\
1797551840028562131252100244630950,1359261054235582803427242585979700,50521630224882503231225999114750,1222761661651959921298823444470875,7611458813103271211882966521625,2726236386661759591946072978945125,2544414769781989259807750676864000,1471557381305353383286620063982250,3194920803612719779566759063666875,1274236344185161200584953813095625,2157836196876375973003429308913125,2963815508867960822844938459381875;\
2208338965658351223052010609095525,1707957063793839145275227245744300,704544707834746962978605390786650,2300272966845784936632461381828625,2694838877950550487274233035167750,1342810066255755446676761519857625,1374050468471910226409306522636750,944946346316334614591307515114875,3283006792925499226563229914201750,1983808936111754549181725379808125,3120861585096395668201201099141875,556332789048616371692639696725625;\
2454796354420814285163989718795132,677399333608717711303787735226431,2448433073468788991264407168835797,2432290398701486436462798741502650,2142929248373062504264536295759750,2407088397772156008258178454426280,2546942047618705039419953061840065,1121747479692645148162613903574555,3441215035470427577840242020586560,3368185459629068488906798497892325,369767872286648038188951450380975,2389339246245351421105780001948325;\
2026777503182032881974084192336977,96686635235275702370650856318141,3456649402879756274744144614933142,849581769857285148449571669365525,2422196219804601731846955737940750,3549413408121456988064915075849830,2385875365063267542002812526115965,2812014271179624637805515590269730,2976914737675272987139827258032410,177129471809822876086254015695575,2656591163801354172173173224379475,1737015227192305984601059572848450;\
1632296456687273881887615413051069,967727789834707249626721960557327,502613601276473607966019354304649,1037482611908091477589437529622425,1541683124299744631192231427059250,748492001824722124684803450045760,503253624631342487772458874651605,1647355796251425532737093823350810,1824986192570698715433261129628770,3235836577862088914549304377214900,2039417710405854165414264503736575,1058038117935179137527418875599025;\
533570611814067276479207441683463,1721581787846839480909635037535054,1784828780111859363175404011755273,904357982086447886161413808452975,1652993282640678864520905742168750,594347665186603007131956494061020,267319073107602311540004814502585,545378522696612716015764968988870,3497462323691678039183152153924290,371977749519825777458978197609425,2076792021335554825221124651581900,1672217333945279309802475096913050;\
1850849322840403238619011948645454,929683185744693905319409778869382,1406271924654365390144675202707809,1450710861707968668992371309646300,3402143551324879202030712735371875,2485911661310516919252874309783535,2799835648607982768380926301189305,585113332408929319822223924233085,2000793508857606292185065761372820,1469818867047968352672156276145400,1574877511049795689454521331103325,2883269648033507689617520685210025;\
213574750475998574842867355824752,1920287139329424915640964725839391,2378867556853426644936270534704942,1173491065547855854581579407506650,3420716933857512409207502345337875,2213715747943670275072152519156080,1442700302978768964166694442679840,178167580227318862737532994687105,190957907366431765752445839755535,352151231189234630620806714289325,952671519488296866583860871293225,824860809974776526347959256799700;\
1089338119393787668855851223916720,3495725763730851038450891203650185,1891723610277056600749435705290470,1020323072961020144884642800391125,1766442369128880440704151301569625,2469406167760471205767920289520800,1592507422024788659058497938305775,2612126827305656204483609622113300,95116929075521576870750976162350,3276459088871880604222368827912125,118493355008821089297546667086625,982953534581660379912840966046375;\
3025846387187857578200246459246603,2607919581235090281032360845461624,3168159623403402850704397656070388,2554124425607095773619920038656475,364705710624072011647446973579750,41086046761263940452115158707120,2219398530794050700157691674735260,1223318622192741185331803340331345,1467209332753374209308472548668740,411364207031344523653337129183425,675891094192506291458437252032025,2705373501574794416511667620788925]
/* 
This matrix times 5^(-2) should be the matrix of frobenius.
*/ 
B = 5^(-2) * A; 
/* Freed 128 lists. */
