/* Comments begin... 
Coefficient of   x^27                     = 2
Coefficient of   x^14 * y^8               = -2
Coefficient of   x^12 * y^7 * z^1         = -2
Coefficient of   x^10 * y^6 * z^2         = 1
Coefficient of   x^8 * y^5 * z^3         = -2
Coefficient of   x^6 * y^4 * z^4         = 0
Coefficient of   x^4 * y^3 * z^5         = 2
Coefficient of   x^2 * y^2 * z^6         = 2
Coefficient of   x^1 * y^16               = 2
Coefficient of   y^1 * z^7               = -1

Here is the polynomial we're using this time:

2*x^27 + -2*x^14*y^8 + -2*x^12*y^7*z^1 + 1*x^10*y^6*z^2 + -2*x^8*y^5*z^3 + 2*x^4*y^3*z^5 + 2*x^2*y^2*z^6 + 2*x^1*y^16 + -1*y^1*z^7

Allocate G_len 20 elements and old = 0.
Allocate M_len = 400 elements.
Allocate G_len 40 elements and old = 20.
Allocate M_len = 800 elements.
Allocate G_len 80 elements and old = 40.
Allocate M_len = 1600 elements.
Allocate M_len = 3200 elements.
Allocate G_len 160 elements and old = 80.
Allocate M_len = 6400 elements.
Allocate M_len = 12800 elements.
Allocate G_len 320 elements and old = 160.
Allocate M_len = 25600 elements.
The final length of G is 193
[12, 7, 0, 0]  	187	6 
[26, 0, 0, 0]  	208	8  <--- 1
[10, 6, 2, 0]  	216	7 
[10, 5, 3, 0]  	232	8 
[8, 5, 4, 0]  	245	7 
[7, 18, 0, 0]  	290	8 
[24, 6, 1, 0]  	299	13 
[22, 5, 2, 0]  	299	13 
[16, 4, 5, 0]  	325	12 
[11, 3, 7, 0]  	330	10 
[11, 17, 1, 0]  	338	10 
[16, 3, 6, 0]  	341	10 
[14, 2, 7, 0]  	341	10 
[20, 3, 5, 0]  	344	10 
[18, 2, 6, 0]  	344	10 
[11, 2, 8, 0]  	346	9 
[22, 2, 5, 0]  	347	10 
[10, 3, 8, 0]  	351	9 
[9, 17, 2, 0]  	351	9 
[9, 4, 8, 0]  	356	9 
[14, 1, 8, 0]  	357	9 
[9, 2, 9, 0]  	359	8 
[8, 16, 3, 0]  	359	8 
[18, 1, 7, 0]  	360	10 
[8, 3, 9, 0]  	364	8 
[7, 17, 3, 0]  	364	8 
[8, 1, 10, 0]  	367	8 
[7, 4, 9, 0]  	369	7 
[6, 18, 3, 0]  	369	7 
[12, 1, 9, 0]  	370	8 
[10, 0, 10, 0]  	370	8 
[7, 2, 10, 0]  	372	7 
[6, 16, 4, 0]  	372	7 
[14, 0, 9, 0]  	373	9 
[7, 0, 11, 0]  	375	7 
[18, 0, 8, 0]  	376	9 
[6, 3, 10, 0]  	377	7 
[5, 17, 4, 0]  	377	7 
[24, 1, 6, 0]  	379	9 
[22, 0, 7, 0]  	379	9 
[6, 1, 11, 0]  	380	7 
[7, 14, 5, 0]  	383	7 
[5, 2, 11, 0]  	385	6 
[4, 16, 5, 0]  	385	6 
[7, 12, 6, 0]  	386	7 
[6, 26, 0, 0]  	386	7 
[6, 15, 5, 0]  	388	7 
[7, 10, 7, 0]  	389	7 
[6, 24, 1, 0]  	389	7 
[5, 27, 0, 0]  	391	6 
[6, 22, 2, 0]  	392	7 
[4, 1, 12, 0]  	393	6 
[6, 11, 7, 0]  	394	6 
[5, 25, 1, 0]  	394	6 
[6, 0, 12, 0]  	396	6 
[5, 23, 2, 0]  	397	6 
[5, 12, 7, 0]  	399	6 
[6, 7, 9, 0]  	400	6 
[5, 21, 3, 0]  	400	6 
[3, 29, 0, 0]  	401	5 
[5, 10, 8, 0]  	402	6 
[4, 13, 7, 0]  	404	5 
[3, 16, 6, 0]  	406	6 
[4, 11, 8, 0]  	407	5 
[5, 6, 10, 0]  	408	6 
[5, 15, 6, 0]  	409	6 
[4, 9, 9, 0]  	410	5 
[4, 27, 1, 0]  	412	5 
[4, 7, 10, 0]  	413	5 
[4, 25, 2, 0]  	415	5 
[4, 5, 11, 0]  	416	6 
[3, 28, 1, 0]  	417	4 
[4, 23, 3, 0]  	418	5 
[3, 26, 2, 0]  	420	4 
[4, 21, 4, 0]  	421	5 
[3, 15, 7, 0]  	422	5 
[3, 13, 8, 0]  	425	4 
[3, 22, 4, 0]  	426	4 
[3, 11, 9, 0]  	428	4 
[3, 20, 5, 0]  	429	5 
[3, 9, 10, 0]  	431	4 
[2, 12, 9, 0]  	433	3 
[3, 7, 11, 0]  	434	4 
[2, 30, 1, 0]  	435	5 
[3, 25, 3, 0]  	436	3 
[2, 10, 10, 0]  	436	3 
[3, 5, 12, 0]  	437	5 
[4, 0, 14, 0]  	438	4 
[2, 8, 11, 0]  	439	3 
[2, 6, 12, 0]  	442	4 
[3, 1, 14, 0]  	443	4 
[2, 15, 8, 0]  	443	4 
[2, 33, 0, 0]  	445	5 
[2, 22, 5, 0]  	447	3 
[1, 25, 4, 0]  	449	2 
[2, 20, 6, 0]  	450	4 
[1, 23, 5, 0]  	452	2 
[1, 10, 11, 0]  	457	2 
[2, 5, 13, 0]  	458	4 
[3, 0, 15, 0]  	459	3 
[1, 8, 12, 0]  	460	2 
[1, 35, 0, 0]  	463	3 
[2, 1, 15, 0]  	464	4 
[0, 9, 12, 0]  	465	1 
[2, 19, 7, 0]  	466	4 
[0, 36, 0, 0]  	468	2  <--- 2
[1, 20, 7, 0]  	471	3 
[0, 23, 6, 0]  	473	1 
[2, 4, 14, 0]  	474	4 
[1, 7, 13, 0]  	476	2 
[1, 34, 1, 0]  	479	3 
[2, 0, 16, 0]  	480	3 
[0, 8, 13, 0]  	481	1 
[0, 35, 1, 0]  	484	2 
[1, 19, 8, 0]  	487	3 
[0, 22, 7, 0]  	489	1 
[1, 6, 14, 0]  	492	2 
[1, 15, 10, 0]  	493	3 
[1, 33, 2, 0]  	495	3 
[0, 7, 14, 0]  	497	1 
[1, 0, 17, 0]  	501	2 
[1, 18, 9, 0]  	503	3 
[0, 21, 8, 0]  	505	1 
[1, 5, 15, 0]  	508	2 
[0, 6, 15, 0]  	513	1 
[0, 33, 3, 0]  	516	2 
[0, 20, 9, 0]  	521	1 
[0, 29, 5, 0]  	522	2 
[1, 4, 16, 0]  	524	2 
[0, 5, 16, 0]  	529	1 
[0, 32, 4, 0]  	532	2 
[0, 19, 10, 0]  	537	1 
[0, 4, 17, 0]  	545	1 
[0, 0, 19, 0]  	551	1  <--- 3
[0, 18, 11, 0]  	553	1 
[0, 3, 18, 0]  	561	1 
[12, 6, 1, 1]  	203	8 
[8, 4, 5, 1]  	261	8 
[18, 4, 4, 1]  	312	12 
[22, 4, 3, 1]  	315	12 
[22, 3, 4, 1]  	331	10 
[9, 3, 8, 1]  	343	9 
[10, 1, 9, 1]  	354	9 
[7, 3, 9, 1]  	356	8 
[22, 1, 6, 1]  	363	10 
[5, 0, 12, 1]  	388	6 
[6, 13, 6, 1]  	391	6 
[7, 8, 8, 1]  	392	7 
[5, 14, 6, 1]  	396	6 
[6, 9, 8, 1]  	397	6 
[4, 15, 6, 1]  	401	5 
[5, 8, 9, 1]  	405	6 
[4, 0, 13, 1]  	409	5 
[3, 1, 13, 1]  	414	5 
[3, 24, 3, 1]  	423	4 
[3, 0, 14, 1]  	430	4 
[2, 26, 3, 1]  	441	3 
[2, 24, 4, 1]  	444	3 
[1, 21, 6, 1]  	455	3 
[1, 29, 3, 1]  	472	3 
[0, 34, 2, 1]  	500	2 
[6, 4, 6, 2]  	274	7 
[18, 3, 5, 2]  	328	11 
[2, 29, 2, 2]  	451	4 
[14, 3, 6, 3]  	325	11 
[12, 2, 7, 47]  	325	10 
[16, 2, 6, 47]  	328	10 
[5, 18, 0, 48]  	274	6 
[4, 22, 3, 48]  	405	5 
[2, 0, 15, 48]  	451	3 
[10, 5, 2, 49]  	203	3 
[5, 17, 0, 49]  	261	6 
[16, 3, 5, 49]  	312	9 
[18, 2, 5, 49]  	315	9 
[11, 2, 7, 49]  	317	5 
[16, 0, 7, 49]  	331	7 
[10, 2, 8, 49]  	338	7 
[8, 15, 3, 49]  	346	6 
[9, 0, 10, 49]  	362	7 
[3, 28, 0, 49]  	388	4 
[4, 12, 7, 49]  	391	4 
[5, 7, 9, 49]  	392	6 
[4, 8, 9, 49]  	397	5 
[2, 14, 7, 49]  	401	2 
[3, 27, 1, 49]  	404	4 
[2, 13, 8, 49]  	417	2 
[2, 9, 10, 49]  	423	3 
[1, 11, 10, 49]  	441	2 
[1, 9, 11, 49]  	444	2 
[0, 35, 0, 49]  	455	2 
[0, 7, 13, 49]  	468	1 
[1, 0, 16, 49]  	472	2 
[0, 5, 15, 49]  	500	1 
------
The gap is between 4 and 46.
Lengths: 3 3 6 7 3 3.
For 490 = 5*d/2-d1-d2-d3 you get 3 in char 0.
1*x^1*y^17*z^9
1*y^31*z^3
1*y^2*z^16

For 274 = 3*d/2-d1-d2-d3 you get 6 in char 0.
1*x^5*y^18
1*x^4*y^3*z^7
1*x^3*y^17*z^1
1*x^2*y^2*z^8
1*x^1*y^16*z^2
1*y^1*z^9

For 58 = d/2-d1-d2-d3 you get 3 in char 0.
1*x^4*y^2
1*x^2*y^1*z^1
1*z^2

Extra powers of p used 2.
The invariant extra is equal to 4.
Start computing 5^3 Delta^1 (x1x2x3)^4... Done.
Start computing 5^4 Delta^2 (x1x2x3)^4... Done.
Start computing 5^5 Delta^3 (x1x2x3)^4... Done.
Start computing 5^6 Delta^4 (x1x2x3)^4... Done.
Start computing 5^7 Delta^5 (x1x2x3)^4... Done.
Start computing 5^8 Delta^6 (x1x2x3)^4... Done.
Start computing 5^9 Delta^7 (x1x2x3)^4... Done.
Start computing 5^10 Delta^8 (x1x2x3)^4... Done.
Start computing 5^11 Delta^9 (x1x2x3)^4... Done.
Start computing 5^12 Delta^10 (x1x2x3)^4... Done.
Start computing 5^13 Delta^11 (x1x2x3)^4... Done.
Start computing 5^14 Delta^12 (x1x2x3)^4... Done.
Start computing aa.
1 2 3 4 5 6 7 8 9 10 11 12 
*/
A = \
[129247288740972125047597485987750,263898157413093935731096282571360,567091580814900823033149134909005,600362140043984847536295513458750,648230541453076489120163476598050,200819914286908907665142010809725,175056423042807740704218532425125,28548660142266555945027286356150,5125190036267545792065956180075,98263653402772173322263051066375,648633771905942849731260306274125,316246026299887333598175540390500;\
231372927710858375380356099851450,104336931993568380033253698960165,214394293122352826356405068429845,348365507159378125503320680539050,455083719523633967914736147663975,582446276038489562673493654896875,130273641997477862350415490519600,195700425606324288997019405885450,297093235811895523541187814186225,372860271849725186212450006561125,445153828755923253740092629435625,692838829183585875600081037530125;\
76198189563960877328372707404150,7055648895141956458228605979310,452596962068399872813140964325405,58115029491204746659510650375550,171413308115286242336756142818700,570395082642745072474570047959800,185952131354522697244682630548875,251578766931592237677169005930650,134033992619602136865726304043750,334006411779822022371120486219250,400695140044419124992226373457375,569629247769438508555554487262500;\
665696182752414137599265090928169,467589406793868889262947272124841,208922726888460378410362308186349,441552489675286757123813373133005,115545036216878786362564123555125,390568310344968060487189675471145,653423056891862628164034444578165,296089527900341322777307241817260,515313890448154620370149009321575,455075080542731712681818997357210,468098528717805934559473403651585,590699624930550946962440177142985;\
102063565026086196465841108213266,644303411272090728149658851782179,175201708916934073023789997013541,119695416843115884591226578522920,650529800077909514423688180532225,688283400934115342495739982591430,481766999338385238833282539099560,324930014098471212857975840889490,165858894800568659311141225931025,367132665201160411507389294747190,313638673884742015455871581700315,100118868686994109710689449316415;\
431332949343874504884373725318181,292121570622475369144700357743234,562125319053858585451968243681191,619299416815732420384389724681720,17702517013473851928386142859225,542994661345164757573560666093330,221984216096592449951349887741810,187945030560167830534169860851840,62636599093606170511647609527225,255070885772627552451032802559740,103095134383598056413824408703990,234896171871808360318169664505215;\
629937301859459709384155018923794,283881271192687638484920889729866,202637988161212105524808038403639,593581401100822190061976209419730,477705341587012149743079385897950,429606398078434917125059233323895,171849010490855218782270950039940,668547594724845640865532579767960,380665865327054376765386045606200,363965548965951140323050163924885,643006156130844162872987047552635,289808579766650342917513641200410;\
490688043898820219256982895615752,542043028629991761177940507997713,697246804820775082367761671115612,268794607617614455010026084502615,253982015640529982314476328484375,147705139806942407887226724676885,679696276775665147322098322021495,177908510577980870285746030219530,337906615334910600833239481814825,24754540389052461042010203952130,395582201337871205476159872215630,175548986276555338938917856537705;\
313552586768338384100921287471279,184136912111617988336319799087596,362883987165163664657693217789184,691157535056186612560094567643030,461263555212441120400643076057350,501427903063609331111390323752770,341107289062267110660489910052990,284488507384040497770121195128135,442551257442663644074509889884750,439821529017321155353803057296935,641206692643600821521359748220060,524206157499291720853532754856585;\
103285793293456074220548517100461,15610917004250838334576350507659,209915557628720324801816206615621,10976426802946291199470883655320,485635521427635245868723753542850,371335121115447048789190103588280,481211052228442032833396195357885,651765346927967933132733934892865,228965039247842443798552922593475,89901952080352939894407998290965,530559666824386996479069785673965,461021873550929483862902691448190;\
311378003217734528763187126816394,288026393828560003244440613285261,94660268597037418261578064233959,425969366839353115795900898884655,16537058044045580462052183363650,188191089588415137847527268171120,388450131264063221114563341322665,503018298085392057087235169805460,69425615587210574287718962770150,498290734363036461768324644032110,473770210019524046607910274244235,165964246975021466163277212626760;\
710177923223762099120107497326713,56222657148822016665546181538017,71449633535692236738695470670788,617277005409040682311529467192935,340472304102545593729642221514675,28789141560204810944204550564915,439525920558028558137679700890630,654599592770825072043350328316795,329177129462455786882724071484450,466580532515236046459259359923645,13341618315310229113902734093895,162713779004453594436627587898070]
/* 
This matrix times 5^(-1) should be the matrix of frobenius.
*/ 
B = 5^(-1) * A; 
/* Freed 130 lists. */
