/* Comments begin... 
Coefficient of   x^27                     = -1
Coefficient of   x^14 * y^8               = -1
Coefficient of   x^12 * y^7 * z^1         = 2
Coefficient of   x^10 * y^6 * z^2         = -2
Coefficient of   x^8 * y^5 * z^3         = 1
Coefficient of   x^6 * y^4 * z^4         = 0
Coefficient of   x^4 * y^3 * z^5         = 0
Coefficient of   x^2 * y^2 * z^6         = 1
Coefficient of   x^1 * y^16               = 1
Coefficient of   y^1 * z^7               = 0

Here is the polynomial we're using this time:

-1*x^27 + -1*x^14*y^8 + 2*x^12*y^7*z^1 + -2*x^10*y^6*z^2 + 1*x^8*y^5*z^3 + 1*x^2*y^2*z^6 + 1*x^1*y^16

Allocate G_len 20 elements and old = 0.
Allocate M_len = 400 elements.
Allocate G_len 40 elements and old = 20.
Allocate M_len = 800 elements.
Allocate G_len 80 elements and old = 40.
Allocate M_len = 1600 elements.
Allocate M_len = 3200 elements.
Allocate G_len 160 elements and old = 80.
Allocate M_len = 6400 elements.
Allocate M_len = 12800 elements.
Allocate G_len 320 elements and old = 160.
Not smooth!
Coefficient of   x^27                     = 1
Coefficient of   x^14 * y^8               = -2
Coefficient of   x^12 * y^7 * z^1         = 1
Coefficient of   x^10 * y^6 * z^2         = -1
Coefficient of   x^8 * y^5 * z^3         = 0
Coefficient of   x^6 * y^4 * z^4         = 2
Coefficient of   x^4 * y^3 * z^5         = -1
Coefficient of   x^2 * y^2 * z^6         = -2
Coefficient of   x^1 * y^16               = -2
Coefficient of   y^1 * z^7               = 1

Here is the polynomial we're using this time:

1*x^27 + -2*x^14*y^8 + 1*x^12*y^7*z^1 + -1*x^10*y^6*z^2 + 2*x^6*y^4*z^4 + -1*x^4*y^3*z^5 + -2*x^2*y^2*z^6 + -2*x^1*y^16 + 1*y^1*z^7

Allocate M_len = 25600 elements.
The final length of G is 180
[12, 7, 0, 0]  	187	6 
[26, 0, 0, 0]  	208	8  <--- 1
[10, 6, 2, 0]  	216	7 
[10, 5, 3, 0]  	232	8 
[8, 5, 4, 0]  	245	7 
[8, 4, 5, 0]  	261	8 
[6, 4, 6, 0]  	274	7 
[7, 18, 0, 0]  	290	8 
[24, 6, 1, 0]  	299	12 
[22, 5, 2, 0]  	299	13 
[18, 4, 4, 0]  	312	12 
[22, 4, 3, 0]  	315	11 
[14, 3, 6, 0]  	325	11 
[11, 3, 7, 0]  	330	10 
[22, 3, 4, 0]  	331	11 
[11, 17, 1, 0]  	338	10 
[14, 2, 7, 0]  	341	10 
[9, 3, 8, 0]  	343	9 
[20, 3, 5, 0]  	344	11 
[11, 2, 8, 0]  	346	9 
[22, 2, 5, 0]  	347	10 
[9, 17, 2, 0]  	351	9 
[10, 1, 9, 0]  	354	9 
[7, 3, 9, 0]  	356	8 
[14, 1, 8, 0]  	357	9 
[9, 2, 9, 0]  	359	8 
[8, 16, 3, 0]  	359	8 
[18, 1, 7, 0]  	360	9 
[22, 1, 6, 0]  	363	9 
[7, 17, 3, 0]  	364	8 
[8, 1, 10, 0]  	367	8 
[6, 18, 3, 0]  	369	7 
[10, 0, 10, 0]  	370	8 
[7, 2, 10, 0]  	372	7 
[6, 16, 4, 0]  	372	7 
[14, 0, 9, 0]  	373	8 
[7, 0, 11, 0]  	375	7 
[18, 0, 8, 0]  	376	8 
[6, 3, 10, 0]  	377	8 
[22, 0, 7, 0]  	379	8 
[6, 1, 11, 0]  	380	7 
[5, 2, 11, 0]  	385	7 
[6, 26, 0, 0]  	386	7 
[5, 27, 0, 0]  	391	6 
[6, 22, 2, 0]  	392	7 
[5, 16, 5, 0]  	393	7 
[5, 25, 1, 0]  	394	6 
[6, 0, 12, 0]  	396	6 
[5, 14, 6, 0]  	396	6 
[5, 12, 7, 0]  	399	6 
[5, 21, 3, 0]  	400	6 
[5, 1, 12, 0]  	401	6 
[4, 15, 6, 0]  	401	6 
[4, 13, 7, 0]  	404	5 
[5, 8, 9, 0]  	405	6 
[4, 2, 12, 0]  	406	6 
[3, 16, 6, 0]  	406	6 
[5, 6, 10, 0]  	408	6 
[4, 29, 0, 0]  	409	5 
[4, 0, 13, 0]  	409	5 
[5, 24, 2, 0]  	410	5 
[4, 9, 9, 0]  	410	5 
[4, 27, 1, 0]  	412	5 
[4, 7, 10, 0]  	413	5 
[3, 1, 13, 0]  	414	5 
[4, 25, 2, 0]  	415	5 
[3, 28, 1, 0]  	417	4 
[4, 12, 8, 0]  	420	4 
[3, 26, 2, 0]  	420	4 
[4, 21, 4, 0]  	421	5 
[3, 15, 7, 0]  	422	5 
[3, 24, 3, 0]  	423	4 
[3, 13, 8, 0]  	425	4 
[3, 22, 4, 0]  	426	4 
[3, 11, 9, 0]  	428	4 
[4, 6, 11, 0]  	429	6 
[3, 0, 14, 0]  	430	4 
[3, 9, 10, 0]  	431	4 
[2, 12, 9, 0]  	433	3 
[2, 30, 1, 0]  	435	5 
[2, 10, 10, 0]  	436	3 
[4, 20, 5, 0]  	437	6 
[2, 8, 11, 0]  	439	3 
[2, 15, 8, 0]  	443	4 
[1, 25, 4, 0]  	449	2 
[2, 20, 6, 0]  	450	4 
[2, 29, 2, 0]  	451	4 
[1, 23, 5, 0]  	452	2 
[1, 21, 6, 0]  	455	3 
[1, 10, 11, 0]  	457	2 
[2, 34, 0, 0]  	458	5 
[1, 35, 0, 0]  	463	3 
[2, 1, 15, 0]  	464	4 
[0, 9, 12, 0]  	465	1 
[2, 19, 7, 0]  	466	4 
[0, 36, 0, 0]  	468	2  <--- 2
[1, 20, 7, 0]  	471	3 
[1, 29, 3, 0]  	472	3 
[0, 23, 6, 0]  	473	1 
[1, 34, 1, 0]  	479	3 
[0, 8, 13, 0]  	481	1 
[2, 7, 13, 0]  	484	2 
[0, 35, 1, 0]  	484	2 
[2, 5, 14, 0]  	487	3 
[1, 19, 8, 0]  	487	3 
[0, 22, 7, 0]  	489	1 
[1, 15, 10, 0]  	493	3 
[1, 33, 2, 0]  	495	3 
[0, 7, 14, 0]  	497	1 
[0, 34, 2, 0]  	500	2 
[1, 0, 17, 0]  	501	2 
[1, 18, 9, 0]  	503	3 
[0, 21, 8, 0]  	505	1 
[1, 5, 15, 0]  	508	2 
[0, 6, 15, 0]  	513	1 
[0, 20, 9, 0]  	521	1 
[0, 29, 5, 0]  	522	2 
[1, 4, 16, 0]  	524	2 
[0, 5, 16, 0]  	529	1 
[0, 32, 4, 0]  	532	2 
[0, 19, 10, 0]  	537	1 
[0, 4, 17, 0]  	545	1 
[0, 0, 19, 0]  	551	1  <--- 3
[0, 18, 11, 0]  	553	1 
[0, 3, 18, 0]  	561	1 
[18, 3, 5, 1]  	328	11 
[18, 2, 6, 1]  	344	10 
[5, 17, 4, 1]  	377	7 
[7, 14, 5, 1]  	383	7 
[4, 16, 5, 1]  	385	6 
[6, 15, 5, 1]  	388	7 
[5, 0, 12, 1]  	388	6 
[5, 10, 8, 1]  	402	6 
[4, 11, 8, 1]  	407	5 
[3, 30, 0, 1]  	414	5 
[4, 5, 11, 1]  	416	6 
[4, 23, 3, 1]  	418	5 
[3, 20, 5, 1]  	429	5 
[3, 7, 11, 1]  	434	4 
[3, 5, 12, 1]  	437	5 
[2, 26, 3, 1]  	441	3 
[2, 6, 12, 1]  	442	4 
[2, 24, 4, 1]  	444	3 
[2, 33, 0, 1]  	445	5 
[2, 22, 5, 1]  	447	3 
[2, 5, 13, 1]  	458	4 
[1, 8, 12, 1]  	460	2 
[1, 7, 13, 1]  	476	2 
[2, 0, 16, 1]  	480	3 
[0, 33, 3, 1]  	516	2 
[12, 6, 1, 2]  	203	8 
[6, 24, 1, 2]  	389	7 
[4, 1, 12, 2]  	393	6 
[3, 29, 0, 2]  	401	5 
[2, 4, 14, 2]  	474	4 
[5, 23, 2, 3]  	397	6 
[1, 6, 14, 3]  	492	2 
[4, 8, 9, 47]  	397	5 
[0, 20, 8, 47]  	492	1 
[10, 5, 2, 48]  	203	7 
[4, 14, 6, 48]  	388	5 
[3, 15, 6, 48]  	393	5 
[3, 0, 13, 48]  	401	4 
[1, 18, 8, 48]  	474	3 
[14, 1, 7, 49]  	328	7 
[16, 0, 8, 49]  	360	6 
[4, 2, 11, 49]  	377	5 
[5, 13, 6, 49]  	383	6 
[2, 15, 6, 49]  	385	3 
[5, 9, 8, 49]  	389	6 
[3, 8, 9, 49]  	389	3 
[4, 28, 0, 49]  	396	5 
[3, 25, 2, 49]  	407	4 
[3, 19, 5, 49]  	416	5 
[1, 18, 6, 49]  	416	3 
[0, 20, 6, 49]  	434	1 
[1, 11, 10, 49]  	441	2 
[0, 34, 0, 49]  	442	2 
[1, 9, 11, 49]  	444	2 
[0, 4, 16, 49]  	516	1 
------
The gap is between 4 and 46.
Lengths: 3 3 6 6 3 3.
For 490 = 5*d/2-d1-d2-d3 you get 3 in char 0.
1*x^1*y^17*z^9
1*y^31*z^3
1*y^2*z^16

For 274 = 3*d/2-d1-d2-d3 you get 6 in char 0.
1*x^5*y^18
1*x^4*y^3*z^7
1*x^3*y^17*z^1
1*x^2*y^2*z^8
1*x^1*y^16*z^2
1*y^1*z^9

For 58 = d/2-d1-d2-d3 you get 3 in char 0.
1*x^4*y^2
1*x^2*y^1*z^1
1*z^2

Extra powers of p used 0.
The invariant extra is equal to 4.
Start computing 5^3 Delta^1 (x1x2x3)^4... Done.
Start computing 5^4 Delta^2 (x1x2x3)^4... Done.
Start computing 5^5 Delta^3 (x1x2x3)^4... Done.
Start computing 5^6 Delta^4 (x1x2x3)^4... Done.
Start computing 5^7 Delta^5 (x1x2x3)^4... Done.
Start computing 5^8 Delta^6 (x1x2x3)^4... Done.
Start computing 5^9 Delta^7 (x1x2x3)^4... Done.
Start computing 5^10 Delta^8 (x1x2x3)^4... Done.
Start computing 5^11 Delta^9 (x1x2x3)^4... Done.
Start computing 5^12 Delta^10 (x1x2x3)^4... Done.
Start computing 5^13 Delta^11 (x1x2x3)^4... Done.
Start computing 5^14 Delta^12 (x1x2x3)^4... Done.
Start computing aa.
1 2 3 4 5 6 7 8 9 10 11 12 
*/
A = \
[80332132622694875475273916071391,94953154931162523378306034348566,127916374635851110400534119776298,41568058712069669357341258967485,42605200918080662814970456686660,85020763002151394394705606385750,35670258594008127826338869048555,133956572803962668138995849639180,85774213548057363982671299112425,112215486332026696031455770822400,26088047956934260615583487747850,56791506679575170051847810893925;\
11769010198956556439680156788452,133262372541178523441070660264436,6354727259794081919872158643811,115218892870800681896492958465310,13372199017357261307347203430835,133808897937633388131370885320360,48792808199656846891515786424110,83222409232890510531879318909715,67801573498590894687410181565420,124581387804874567217542475656750,64608467076362374578386565827600,57686383486556573283641668182025;\
97549000302394933591350138414543,90027428091777127602925997735966,134835523080911817837191886197948,20522017715762154196779860726540,33385040735833699459446349812105,96112921977555560782447970372560,110825912888843982847236543893910,35315652310964741951732389679480,113478729583895566090968670809390,113948527268631351176074360457375,131266416195527608867612718167600,86624423735828762894503221105175;\
44964723949668181509708924924830,86973278379787905968852769002585,83269503053377966049001424713115,66758683844107493813122539640315,102206410720105480289116204053215,89951581523592937875447307987365,92986116832793522187675906095565,35629940845992364978451688196140,28141330694803899482028286692305,54105009661022059099103222431375,87924337932375579037010199243000,129248732012558266156097857727375;\
5001324248108286720880593749314,113941965352122717624817011884482,116240588468917206546658217815454,128281784892285253918344785034920,67081904481966722410843278376850,89088659485957403922996713702340,105978760912042467224283527839070,91016966561028481952115162153270,4074439170871958226030658331765,50167808961462133043776092056650,9532820125637998592271013815575,19411548929080151211805056066950;\
70971686262278971548779263019681,44484335910255007722955107924416,74701380312182402655085574250773,88015377549593839520215141568055,47278052495357994450155297196795,132899309558292146059953783469850,13232796451626517565922370383340,127182177497422326894876477152785,81897564128206018205589191150185,25271999635224264171990455521450,17690213185435647239593081549475,17033761148761819660891798620200;\
42805395934407027362238926847028,17579029985609756870753088037931,100925150775227163943158166882224,94124615904010974389274475406150,74125755777470506066398930360265,130056890277797810146860020883320,127735065270221837732389395981190,32045172488314380892941863584780,100535391198518582584131331148160,97616489587751100592074800441450,110163793452615807841318343991650,88551413394956731919220461840350;\
103722518860568316957449653240517,9280530265361053191175319816440,97587666702098798238749237565326,45608731159151655165268058824810,109198921302086038783375664623840,13275630775585359642501326911030,20908051965334831237175942225370,14280881213502763748797807315335,83492918912002557135956342544625,60460838887348843852737638263650,16830986878464917662376674966075,39252226619924963174296465339925;\
45222717747346378682279485680402,40684000994862706632291571703180,34453937627929952256748015274755,35612726799525295775741800802760,82956958960768915706451699774980,33891738683832686068396607417640,29731639233974104779096162523220,2713739547937389349526933371775,101493273624535031731471069930085,99893418295199216778289553588925,19479169639293299387257669517100,111917307917224974531307782670525;\
141612979065816389634910492011153,42750130732613785602720935979054,130566619902807547152919285402038,75737294343704844614950066610190,21211297281745584005110761249925,2319083113651259641897940627780,118819333748974883892667443599065,128824846930327225003854957812840,60233413306192131240804053612305,137901538172321260823884454805075,31170211593327422038116461861250,49875305312564677998024920655450;\
12838952531496765443028337000537,115686127401306203721786226167211,61226971646685460756400357978722,60913180094160246134579949760210,88989279513954266952974296193775,33847484015222931879832635125195,51115108436013886515548405338885,43195495759028457357527275124660,116309773806805766333192280573370,88826240542407379370504608956100,32484546505539699041460725217375,125594102761093048058976179298175;\
135682255473499348049389414778112,9083065273353301485638470515545,38198274672997778574500456452437,88135799427107330980887181449345,33337936275464369602186096392805,104470753247970813811138886593920,16645696528584502835369495472865,96048966587284159805830735725820,121547383828637675890046944182045,10821046641905177453306913374250,141654570573958497702442801045725,28141068952688270546486771792650]
/* 
This should be the matrix of frobenius!
*/ 
B = A; 
/* Freed 129 lists. */
