/* Comments begin... 
Coefficient of   x^27                     = -1
Coefficient of   x^14 * y^8               = 1
Coefficient of   x^12 * y^7 * z^1         = -1
Coefficient of   x^10 * y^6 * z^2         = 2
Coefficient of   x^8 * y^5 * z^3         = -1
Coefficient of   x^6 * y^4 * z^4         = 2
Coefficient of   x^4 * y^3 * z^5         = 1
Coefficient of   x^2 * y^2 * z^6         = 0
Coefficient of   x^1 * y^16               = -2
Coefficient of   y^1 * z^7               = 0

Here is the polynomial we're using this time:

-1*x^27 + 1*x^14*y^8 + -1*x^12*y^7*z^1 + 2*x^10*y^6*z^2 + -1*x^8*y^5*z^3 + 2*x^6*y^4*z^4 + 1*x^4*y^3*z^5 + -2*x^1*y^16

Allocate G_len 20 elements and old = 0.
Allocate M_len = 400 elements.
Allocate G_len 40 elements and old = 20.
Allocate M_len = 800 elements.
Allocate G_len 80 elements and old = 40.
Allocate M_len = 1600 elements.
Allocate M_len = 3200 elements.
Allocate G_len 160 elements and old = 80.
Allocate M_len = 6400 elements.
Not smooth!
Coefficient of   x^27                     = -1
Coefficient of   x^14 * y^8               = 2
Coefficient of   x^12 * y^7 * z^1         = 1
Coefficient of   x^10 * y^6 * z^2         = 2
Coefficient of   x^8 * y^5 * z^3         = 0
Coefficient of   x^6 * y^4 * z^4         = 0
Coefficient of   x^4 * y^3 * z^5         = 2
Coefficient of   x^2 * y^2 * z^6         = 2
Coefficient of   x^1 * y^16               = -2
Coefficient of   y^1 * z^7               = -1

Here is the polynomial we're using this time:

-1*x^27 + 2*x^14*y^8 + 1*x^12*y^7*z^1 + 2*x^10*y^6*z^2 + 2*x^4*y^3*z^5 + 2*x^2*y^2*z^6 + -2*x^1*y^16 + -1*y^1*z^7

Allocate M_len = 12800 elements.
Allocate G_len 320 elements and old = 160.
Allocate M_len = 25600 elements.
The final length of G is 207
[12, 7, 0, 0]  	187	5 
[12, 6, 1, 0]  	203	7 
[26, 0, 0, 0]  	208	7  <--- 1
[8, 4, 5, 0]  	261	8 
[6, 4, 6, 0]  	274	7 
[22, 5, 2, 0]  	299	11 
[20, 5, 3, 0]  	312	11 
[9, 19, 0, 0]  	319	9 
[18, 5, 4, 0]  	325	10 
[14, 3, 6, 0]  	325	10 
[18, 3, 5, 0]  	328	11 
[11, 3, 7, 0]  	330	10 
[20, 2, 5, 0]  	331	11 
[11, 17, 1, 0]  	338	10 
[9, 3, 8, 0]  	343	9 
[18, 2, 6, 0]  	344	9 
[11, 2, 8, 0]  	346	10 
[7, 3, 9, 0]  	356	8 
[16, 2, 7, 0]  	357	10 
[10, 17, 2, 0]  	359	9 
[9, 2, 9, 0]  	359	9 
[9, 18, 2, 0]  	364	8 
[16, 1, 8, 0]  	373	9 
[10, 16, 3, 0]  	375	8 
[20, 1, 7, 0]  	376	9 
[18, 0, 8, 0]  	376	9 
[7, 18, 3, 0]  	377	7 
[6, 3, 10, 0]  	377	8 
[24, 1, 6, 0]  	379	8 
[22, 0, 7, 0]  	379	9 
[8, 2, 10, 0]  	380	8 
[7, 14, 5, 0]  	383	7 
[5, 2, 11, 0]  	385	6 
[4, 16, 5, 0]  	385	6 
[12, 0, 10, 0]  	386	8 
[6, 26, 0, 0]  	386	7 
[6, 15, 5, 0]  	388	6 
[5, 0, 12, 0]  	388	6 
[16, 0, 9, 0]  	389	8 
[8, 25, 0, 0]  	389	8 
[11, 1, 10, 0]  	391	7 
[5, 27, 0, 0]  	391	6 
[8, 23, 1, 0]  	392	8 
[4, 1, 12, 0]  	393	6 
[5, 14, 6, 0]  	396	6 
[5, 12, 7, 0]  	399	6 
[7, 22, 2, 0]  	400	7 
[4, 15, 6, 0]  	401	5 
[6, 25, 1, 0]  	402	6 
[5, 10, 8, 0]  	402	6 
[4, 13, 7, 0]  	404	5 
[5, 8, 9, 0]  	405	6 
[3, 16, 6, 0]  	406	6 
[5, 26, 1, 0]  	407	5 
[4, 11, 8, 0]  	407	5 
[5, 6, 10, 0]  	408	6 
[4, 29, 0, 0]  	409	5 
[4, 0, 13, 0]  	409	5 
[4, 9, 9, 0]  	410	5 
[4, 27, 1, 0]  	412	5 
[4, 7, 10, 0]  	413	5 
[3, 30, 0, 0]  	414	5 
[3, 1, 13, 0]  	414	5 
[4, 25, 2, 0]  	415	5 
[4, 5, 11, 0]  	416	6 
[3, 28, 1, 0]  	417	4 
[6, 24, 2, 0]  	418	5 
[3, 26, 2, 0]  	420	4 
[3, 15, 7, 0]  	422	5 
[3, 13, 8, 0]  	425	4 
[3, 11, 9, 0]  	428	4 
[3, 20, 5, 0]  	429	5 
[3, 0, 14, 0]  	430	4 
[4, 24, 3, 0]  	431	4 
[3, 9, 10, 0]  	431	4 
[3, 7, 11, 0]  	434	4 
[3, 25, 3, 0]  	436	3 
[2, 10, 10, 0]  	436	3 
[3, 5, 12, 0]  	437	5 
[2, 8, 11, 0]  	439	3 
[2, 6, 12, 0]  	442	4 
[2, 24, 4, 0]  	444	3 
[2, 33, 0, 0]  	445	5 
[2, 22, 5, 0]  	447	3 
[2, 20, 6, 0]  	450	4 
[1, 23, 5, 0]  	452	2 
[1, 21, 6, 0]  	455	3 
[1, 10, 11, 0]  	457	2 
[1, 8, 12, 0]  	460	2 
[1, 35, 0, 0]  	463	3 
[2, 1, 15, 0]  	464	4 
[0, 9, 12, 0]  	465	1 
[2, 19, 7, 0]  	466	4 
[0, 36, 0, 0]  	468	2  <--- 2
[1, 20, 7, 0]  	471	3 
[0, 23, 6, 0]  	473	1 
[1, 7, 13, 0]  	476	2 
[1, 34, 1, 0]  	479	3 
[2, 0, 16, 0]  	480	3 
[0, 8, 13, 0]  	481	1 
[0, 35, 1, 0]  	484	2 
[1, 19, 8, 0]  	487	3 
[0, 22, 7, 0]  	489	1 
[1, 6, 14, 0]  	492	2 
[1, 15, 10, 0]  	493	3 
[0, 7, 14, 0]  	497	1 
[1, 0, 17, 0]  	501	2 
[0, 21, 8, 0]  	505	1 
[1, 5, 15, 0]  	508	2 
[0, 6, 15, 0]  	513	1 
[0, 20, 9, 0]  	521	1 
[1, 4, 16, 0]  	524	2 
[0, 34, 3, 0]  	529	1 
[0, 5, 16, 0]  	529	1 
[0, 19, 10, 0]  	537	1 
[0, 33, 4, 0]  	545	1 
[0, 4, 17, 0]  	545	1 
[0, 0, 19, 0]  	551	1  <--- 3
[0, 18, 11, 0]  	553	1 
[0, 32, 5, 0]  	561	1 
[0, 3, 18, 0]  	561	1 
[10, 6, 2, 1]  	216	6 
[10, 5, 3, 1]  	232	8 
[8, 5, 4, 1]  	245	7 
[7, 18, 0, 1]  	290	8 
[18, 4, 4, 1]  	312	10 
[20, 3, 4, 1]  	315	10 
[14, 2, 7, 1]  	341	10 
[9, 17, 2, 1]  	351	9 
[10, 1, 9, 1]  	354	9 
[14, 1, 8, 1]  	357	9 
[18, 1, 7, 1]  	360	10 
[22, 1, 6, 1]  	363	10 
[7, 17, 3, 1]  	364	8 
[9, 16, 3, 1]  	367	8 
[8, 1, 10, 1]  	367	8 
[6, 18, 3, 1]  	369	7 
[10, 0, 10, 1]  	370	8 
[7, 2, 10, 1]  	372	7 
[6, 16, 4, 1]  	372	7 
[14, 0, 9, 1]  	373	8 
[7, 0, 11, 1]  	375	7 
[6, 1, 11, 1]  	380	7 
[6, 24, 1, 1]  	389	7 
[5, 25, 1, 1]  	394	6 
[5, 23, 2, 1]  	397	6 
[5, 22, 3, 1]  	413	5 
[5, 20, 4, 1]  	416	6 
[4, 23, 3, 1]  	418	5 
[4, 21, 4, 1]  	421	5 
[3, 22, 4, 1]  	426	4 
[2, 12, 9, 1]  	433	3 
[2, 30, 1, 1]  	435	5 
[2, 26, 3, 1]  	441	3 
[2, 15, 8, 1]  	443	4 
[1, 25, 4, 1]  	449	2 
[2, 29, 2, 1]  	451	4 
[2, 5, 13, 1]  	458	4 
[1, 29, 3, 1]  	472	3 
[2, 4, 14, 1]  	474	4 
[0, 34, 2, 1]  	500	2 
[1, 18, 9, 1]  	503	3 
[0, 32, 4, 1]  	532	2 
[8, 16, 3, 2]  	359	8 
[5, 17, 4, 2]  	377	7 
[6, 22, 2, 2]  	392	7 
[5, 21, 3, 2]  	400	6 
[3, 29, 0, 2]  	401	5 
[3, 24, 3, 2]  	423	4 
[0, 33, 3, 2]  	516	2 
[0, 29, 5, 2]  	522	2 
[1, 33, 2, 4]  	495	3 
[1, 4, 15, 46]  	495	2 
[3, 0, 13, 47]  	401	4 
[16, 0, 8, 48]  	360	8 
[4, 2, 11, 48]  	377	5 
[5, 7, 9, 48]  	392	6 
[4, 10, 8, 48]  	394	3 
[4, 6, 10, 48]  	400	4 
[2, 9, 10, 48]  	423	3 
[0, 4, 16, 48]  	516	1 
[0, 0, 18, 48]  	522	1 
[4, 3, 5, 49]  	216	2 
[18, 2, 5, 49]  	315	5 
[16, 2, 6, 49]  	328	7 
[16, 0, 7, 49]  	331	7 
[3, 11, 6, 49]  	341	3 
[7, 2, 9, 49]  	343	6 
[3, 25, 0, 49]  	349	2 
[5, 2, 10, 49]  	356	4 
[7, 1, 10, 49]  	359	5 
[3, 2, 11, 49]  	369	2 
[5, 1, 11, 49]  	372	6 
[3, 0, 12, 49]  	372	2 
[5, 24, 1, 49]  	381	4 
[2, 7, 10, 49]  	397	2 
[2, 6, 11, 49]  	413	2 
[3, 19, 5, 49]  	416	2 
[2, 20, 5, 49]  	421	2 
[1, 21, 5, 49]  	426	2 
[1, 19, 6, 49]  	429	2 
[0, 11, 10, 49]  	433	1 
[1, 6, 12, 49]  	434	2 
[0, 0, 15, 49]  	435	1 
[0, 10, 11, 49]  	449	1 
[1, 34, 0, 49]  	450	2 
[0, 35, 0, 49]  	455	2 
------
The gap is between 5 and 45.
Lengths: 3 3 6 7 3 4.
For 490 = 5*d/2-d1-d2-d3 you get 3 in char 0.
1*x^1*y^17*z^9
1*y^31*z^3
1*y^2*z^16

For 274 = 3*d/2-d1-d2-d3 you get 6 in char 0.
1*x^5*y^18
1*x^4*y^3*z^7
1*x^3*y^17*z^1
1*x^2*y^2*z^8
1*x^1*y^16*z^2
1*y^1*z^9

For 58 = d/2-d1-d2-d3 you get 3 in char 0.
1*x^4*y^2
1*x^2*y^1*z^1
1*z^2

Extra powers of p used 1.
The invariant extra is equal to 4.
Start computing 5^3 Delta^1 (x1x2x3)^4... Done.
Start computing 5^4 Delta^2 (x1x2x3)^4... Done.
Start computing 5^5 Delta^3 (x1x2x3)^4... Done.
Start computing 5^6 Delta^4 (x1x2x3)^4... Done.
Start computing 5^7 Delta^5 (x1x2x3)^4... Done.
Start computing 5^8 Delta^6 (x1x2x3)^4... Done.
Start computing 5^9 Delta^7 (x1x2x3)^4... Done.
Start computing 5^10 Delta^8 (x1x2x3)^4... Done.
Start computing 5^11 Delta^9 (x1x2x3)^4... Done.
Start computing 5^12 Delta^10 (x1x2x3)^4... Done.
Start computing 5^13 Delta^11 (x1x2x3)^4... Done.
Start computing 5^14 Delta^12 (x1x2x3)^4... Done.
Start computing aa.
1 2 3 4 5 6 7 8 9 10 11 12 
*/
A = \
[545225032394901078874872728168915,1399197825770301656247258879035,389586170011756100144176214808550,14727268151098049614424755425975,446663236318910772896353718217625,675327118862161426808769108905025,486049302423417370126983408064850,490188802418696376157633187395000,580650655724004663026143661155225,476078889324323580667039613529875,414117192267083667489233669660250,73364724179113074133086694895750;\
156047519111810299938052328741115,62062547283888366155447836531440,669086240050256056378338384654950,545267578170471867306407042344450,437880827729858071929884526793300,391902866689251982010410550895550,668923499734240329628552422157350,159762563687450314477296599822225,644218785992447007948997549397100,461549947502716250273609578006375,701795265884498824435442109015125,237504798119798984723973139019500;\
152381066789028223442394265434081,386963733981596778314156807290959,170427914949782098791939425320065,363768269680753976658928375344070,459953249757684347675839145672935,358896064387242268378445188645095,567439326323105816670057469924010,192013405079240419164622424436045,4287819206451139323943437871205,157352692619219357231475317245250,475992485281788322506275334559450,328190364796456842259025824441000;\
703277637563793336017994744318907,73960741098485762657909732400983,245898688713905805993261181738555,54272623996523944260456255904440,38625157205212409637718410990520,457653234728185704163882892052565,641072164305782170227686763754595,594455841848496233573405712979515,709180869560479229639361599207835,257110450420440140015593378080625,494792104804422693283853633254900,508283570971226878057518354618875;\
458525546199904522241688614204911,191305642264691559181716249246607,452927080084227452030881968339820,702583600937726679906412191429505,564888318180692910998975951665475,168124158446974023653606881557070,615393533344865514097686171125240,236912321448910170867706558884050,58466137177991269153024552581760,685659198102159437183397235833425,601479261323364581404412404434550,538041265962896319726225377275950;\
145240525672130034928587441039446,367576946000924796261323757771789,669236962994755521360241176475515,414450430495620890700466957398895,61861083186195516451691969754885,662777482703484528839846874235220,428965823246124504331742070572135,474202642611928713316046440779820,694107898479969516663138655655405,656393149541098512805761232329500,18310548270014435615646461263075,440197358921024602580382606778625;\
396955001985944943209830559283839,208696833119795480163478441545371,367391193589111124604964219119560,169605199696320430212225298680680,83822923225567446966756739589915,200684740542232326006484570296330,598322521553471623149018954097815,145800244346288621863917321005155,232164361453556410983608602405070,695023234025013926884414510552500,123618860348463345366545067730550,252167429512310869495538484656000;\
94600949952697927140083906298636,542218619119589218591540611650105,613242633858847722749198147353125,95549905598027800995024471788740,648347508885299582962358260062165,586706074005432372230874852230145,174768427554843196872924603134795,283541555119903054275436858195980,45217144482948426712301800511190,126444364167256519622215291310100,26508511577198720466678513452025,701616255893343086678315474914150;\
38288681279400331869715493372300,652296040831164546465975034153590,124439842582537581820327713399775,77141636608505141515524394844925,64799763219326065908259003391075,283774156374768867509264636599750,417916039242786201556266924059275,112097414887170668068646582175275,293905848874720014957185129502400,663957295068370558377335916740000,633288670161241189069382111447500,426019670179102354577739141993750;\
390744284303522397893289711244910,14406883117198454246305528852800,616681783624938561289720367501175,606583153170492698219893142183150,132003773691392617152385805340875,318512686316696545614666828207575,24297243937639691044726338553600,83636592981893073627297161896625,162675444906506399157341146185625,418636546322405707081097403092750,496550012980453627819852817002250,433073285315993669150852038891125;\
245759224677398802434547550812068,279875051054622848165769900828200,376332838433321990113314737986000,522768449082497273189113377212870,23844036199178188563277045328370,547352382901759652049858424816360,540216273045613670547189869170635,191561236761951796302822556210440,640796938932757215064486530290895,438239023255634817504908314802925,188181618648560185420959303687200,305799074252857497749881100321325;\
609640633725542862789066340174317,83409774065324405808643345763285,356526334596537233974704777374175,707574694234361019753961120754480,156418189068487913711689616993480,105644898838323855710196726914215,320944854127759031333403950677890,286765638562017383462614856009885,177412426564433838930293924148755,10836575848670650967549018963450,194597585768917141502608132273050,631291365135564807215383396785800]
/* 
This matrix times 5^(-1) should be the matrix of frobenius.
*/ 
B = 5^(-1) * A; 
/* Freed 130 lists. */
