/* Comments begin... 
Coefficient of   x^27                     = 2
Coefficient of   x^14 * y^8               = 1
Coefficient of   x^12 * y^7 * z^1         = -2
Coefficient of   x^10 * y^6 * z^2         = 2
Coefficient of   x^8 * y^5 * z^3         = 1
Coefficient of   x^6 * y^4 * z^4         = -2
Coefficient of   x^4 * y^3 * z^5         = -1
Coefficient of   x^2 * y^2 * z^6         = 2
Coefficient of   x^1 * y^16               = -1
Coefficient of   y^1 * z^7               = -2

Here is the polynomial we're using this time:

2*x^27 + 1*x^14*y^8 + -2*x^12*y^7*z^1 + 2*x^10*y^6*z^2 + 1*x^8*y^5*z^3 + -2*x^6*y^4*z^4 + -1*x^4*y^3*z^5 + 2*x^2*y^2*z^6 + -1*x^1*y^16 + -2*y^1*z^7

Allocate G_len 20 elements and old = 0.
Allocate M_len = 400 elements.
Allocate G_len 40 elements and old = 20.
Allocate M_len = 800 elements.
Allocate G_len 80 elements and old = 40.
Allocate M_len = 1600 elements.
Allocate M_len = 3200 elements.
Allocate G_len 160 elements and old = 80.
Allocate M_len = 6400 elements.
Allocate M_len = 12800 elements.
Allocate G_len 320 elements and old = 160.
Allocate M_len = 25600 elements.
The final length of G is 180
[12, 7, 0, 0]  	187	7 
[12, 6, 1, 0]  	203	8 
[26, 0, 0, 0]  	208	8  <--- 1
[10, 6, 2, 0]  	216	7 
[8, 5, 4, 0]  	245	7 
[8, 4, 5, 0]  	261	8 
[6, 4, 6, 0]  	274	7 
[7, 18, 0, 0]  	290	8 
[20, 5, 3, 0]  	312	12 
[18, 4, 4, 0]  	312	12 
[24, 5, 2, 0]  	315	12 
[22, 4, 3, 0]  	315	12 
[11, 3, 7, 0]  	330	10 
[22, 3, 4, 0]  	331	11 
[11, 17, 1, 0]  	338	10 
[16, 3, 6, 0]  	341	11 
[18, 2, 6, 0]  	344	10 
[11, 2, 8, 0]  	346	9 
[22, 2, 5, 0]  	347	10 
[9, 17, 2, 0]  	351	9 
[10, 1, 9, 0]  	354	9 
[7, 3, 9, 0]  	356	8 
[16, 2, 7, 0]  	357	9 
[14, 1, 8, 0]  	357	9 
[9, 2, 9, 0]  	359	8 
[8, 16, 3, 0]  	359	8 
[18, 1, 7, 0]  	360	9 
[22, 1, 6, 0]  	363	9 
[7, 17, 3, 0]  	364	8 
[8, 1, 10, 0]  	367	8 
[6, 18, 3, 0]  	369	7 
[10, 0, 10, 0]  	370	8 
[7, 2, 10, 0]  	372	7 
[6, 16, 4, 0]  	372	7 
[14, 0, 9, 0]  	373	8 
[7, 0, 11, 0]  	375	7 
[18, 0, 8, 0]  	376	8 
[6, 3, 10, 0]  	377	7 
[5, 17, 4, 0]  	377	7 
[22, 0, 7, 0]  	379	8 
[6, 1, 11, 0]  	380	7 
[7, 14, 5, 0]  	383	7 
[5, 2, 11, 0]  	385	6 
[4, 16, 5, 0]  	385	6 
[6, 26, 0, 0]  	386	7 
[6, 15, 5, 0]  	388	6 
[5, 0, 12, 0]  	388	6 
[6, 24, 1, 0]  	389	7 
[5, 27, 0, 0]  	391	6 
[4, 1, 12, 0]  	393	6 
[4, 15, 6, 0]  	401	5 
[3, 29, 0, 0]  	401	5 
[5, 10, 8, 0]  	402	6 
[4, 13, 7, 0]  	404	5 
[5, 8, 9, 0]  	405	6 
[3, 16, 6, 0]  	406	6 
[5, 26, 1, 0]  	407	5 
[4, 11, 8, 0]  	407	5 
[5, 6, 10, 0]  	408	6 
[4, 0, 13, 0]  	409	5 
[5, 24, 2, 0]  	410	5 
[4, 9, 9, 0]  	410	5 
[4, 27, 1, 0]  	412	5 
[5, 22, 3, 0]  	413	5 
[4, 7, 10, 0]  	413	5 
[3, 1, 13, 0]  	414	5 
[4, 25, 2, 0]  	415	5 
[4, 5, 11, 0]  	416	6 
[4, 23, 3, 0]  	418	5 
[4, 21, 4, 0]  	421	5 
[3, 24, 3, 0]  	423	4 
[3, 13, 8, 0]  	425	4 
[3, 20, 5, 0]  	429	5 
[3, 9, 10, 0]  	431	4 
[2, 12, 9, 0]  	433	3 
[2, 30, 1, 0]  	435	5 
[2, 10, 10, 0]  	436	3 
[3, 23, 4, 0]  	439	4 
[2, 26, 3, 0]  	441	3 
[2, 6, 12, 0]  	442	4 
[2, 15, 8, 0]  	443	4 
[2, 24, 4, 0]  	444	3 
[2, 33, 0, 0]  	445	5 
[3, 8, 11, 0]  	447	3 
[1, 25, 4, 0]  	449	2 
[2, 20, 6, 0]  	450	4 
[2, 29, 2, 0]  	451	4 
[2, 9, 11, 0]  	452	3 
[1, 10, 11, 0]  	457	2 
[2, 5, 13, 0]  	458	4 
[2, 23, 5, 0]  	460	2 
[1, 8, 12, 0]  	460	2 
[2, 1, 15, 0]  	464	4 
[1, 24, 5, 0]  	465	1 
[0, 9, 12, 0]  	465	1 
[2, 19, 7, 0]  	466	4 
[1, 22, 6, 0]  	468	3 
[1, 20, 7, 0]  	471	3 
[1, 29, 3, 0]  	472	3 
[0, 23, 6, 0]  	473	1 
[2, 4, 14, 0]  	474	4 
[1, 34, 1, 0]  	479	3 
[2, 0, 16, 0]  	480	3 
[0, 37, 0, 0]  	481	1  <--- 2
[0, 8, 13, 0]  	481	1 
[1, 19, 8, 0]  	487	3 
[0, 22, 7, 0]  	489	1 
[1, 6, 14, 0]  	492	2 
[1, 15, 10, 0]  	493	3 
[1, 33, 2, 0]  	495	3 
[0, 36, 1, 0]  	497	1 
[0, 7, 14, 0]  	497	1 
[0, 34, 2, 0]  	500	2 
[1, 0, 17, 0]  	501	2 
[1, 18, 9, 0]  	503	3 
[0, 21, 8, 0]  	505	1 
[1, 5, 15, 0]  	508	2 
[0, 6, 15, 0]  	513	1 
[0, 33, 3, 0]  	516	2 
[0, 20, 9, 0]  	521	1 
[0, 29, 5, 0]  	522	2 
[1, 4, 16, 0]  	524	2 
[0, 5, 16, 0]  	529	1 
[0, 32, 4, 0]  	532	2 
[0, 19, 10, 0]  	537	1 
[0, 4, 17, 0]  	545	1 
[0, 0, 19, 0]  	551	1  <--- 3
[0, 18, 11, 0]  	553	1 
[0, 3, 18, 0]  	561	1 
[10, 5, 3, 1]  	232	8 
[22, 5, 2, 1]  	299	13 
[14, 3, 6, 1]  	325	11 
[14, 2, 7, 1]  	341	10 
[9, 3, 8, 1]  	343	9 
[6, 22, 2, 1]  	392	7 
[5, 25, 1, 1]  	394	6 
[5, 14, 6, 1]  	396	6 
[5, 21, 3, 1]  	400	6 
[3, 28, 1, 1]  	417	4 
[3, 26, 2, 1]  	420	4 
[3, 15, 7, 1]  	422	5 
[3, 11, 9, 1]  	428	4 
[3, 0, 14, 1]  	430	4 
[3, 7, 11, 1]  	434	4 
[3, 5, 12, 1]  	437	5 
[2, 8, 11, 1]  	439	3 
[2, 22, 5, 1]  	447	3 
[1, 21, 6, 1]  	455	3 
[1, 35, 0, 1]  	463	3 
[0, 36, 0, 1]  	468	2 
[18, 3, 5, 2]  	328	11 
[5, 23, 2, 2]  	397	6 
[5, 12, 7, 2]  	399	6 
[1, 23, 5, 2]  	452	2 
[0, 35, 1, 2]  	484	2 
[3, 22, 4, 3]  	426	4 
[1, 7, 13, 5]  	476	2 
[0, 21, 7, 44]  	476	1 
[16, 2, 6, 48]  	328	9 
[16, 1, 7, 48]  	344	9 
[4, 8, 9, 48]  	397	5 
[4, 26, 1, 48]  	399	5 
[2, 7, 11, 48]  	426	3 
[0, 8, 12, 48]  	452	1 
[0, 6, 14, 48]  	484	1 
[8, 4, 4, 49]  	232	6 
[20, 4, 3, 49]  	299	11 
[11, 16, 1, 49]  	325	6 
[11, 1, 8, 49]  	333	7 
[7, 2, 9, 49]  	343	7 
[5, 7, 9, 49]  	392	6 
[4, 10, 8, 49]  	394	3 
[4, 28, 0, 49]  	396	4 
[4, 6, 10, 49]  	400	4 
[4, 22, 3, 49]  	405	5 
[2, 13, 8, 49]  	417	3 
[1, 25, 3, 49]  	420	2 
[2, 29, 1, 49]  	422	4 
[0, 6, 12, 49]  	426	1 
[2, 19, 6, 49]  	437	4 
------
The gap is between 6 and 43.
Lengths: 3 3 6 6 3 3.
For 490 = 5*d/2-d1-d2-d3 you get 3 in char 0.
1*x^1*y^17*z^9
1*y^31*z^3
1*y^2*z^16

For 274 = 3*d/2-d1-d2-d3 you get 6 in char 0.
1*x^5*y^18
1*x^4*y^3*z^7
1*x^3*y^17*z^1
1*x^2*y^2*z^8
1*x^1*y^16*z^2
1*y^1*z^9

For 58 = d/2-d1-d2-d3 you get 3 in char 0.
1*x^4*y^2
1*x^2*y^1*z^1
1*z^2

Extra powers of p used 0.
The invariant extra is equal to 4.
Start computing 5^3 Delta^1 (x1x2x3)^4... Done.
Start computing 5^4 Delta^2 (x1x2x3)^4... Done.
Start computing 5^5 Delta^3 (x1x2x3)^4... Done.
Start computing 5^6 Delta^4 (x1x2x3)^4... Done.
Start computing 5^7 Delta^5 (x1x2x3)^4... Done.
Start computing 5^8 Delta^6 (x1x2x3)^4... Done.
Start computing 5^9 Delta^7 (x1x2x3)^4... Done.
Start computing 5^10 Delta^8 (x1x2x3)^4... Done.
Start computing 5^11 Delta^9 (x1x2x3)^4... Done.
Start computing 5^12 Delta^10 (x1x2x3)^4... Done.
Start computing 5^13 Delta^11 (x1x2x3)^4... Done.
Start computing 5^14 Delta^12 (x1x2x3)^4... Done.
Start computing aa.
1 2 3 4 5 6 7 8 9 10 11 12 
*/
A = \
[43592075744615412053960815943069,51846962368205276065318552596796,100628201171635277113750718853547,99913483276386119305744699115760,88564392497863933072034306372215,1034200308784032613078833313685,87773336479720332718224797145700,4052904923185737903410839821915,73501430425196906771252853737475,77978282410433140464604529842800,46988868232719850961218060204650,135080633491775033453283177220400;\
6697865352984273780122477476141,41698014200527540609861237355938,7096837037272802168984456289242,94331839596098043633956414301375,14948996434925360184369807114760,23131963789783145411818116130505,96569065001336734134225719280180,117827150784394942724527383939460,120066017913249349540762179219425,53213070943737780228745095076650,81810700592181164747263142984250,4724478617480504191665041294350;\
43951982600831275630058457602201,46580856829420381548384555672043,85389823520562398505239906716320,65931855509063110753827662827110,101412657647976050927214170698380,5548643210994616686381594035470,49850989225110513662191107510620,8543983313201952230318697453490,108863410596223469721519339680620,66913294359837568798162664483425,46694260098267701999577652689175,59018678547992212484006543771100;\
17654632645441173207887050819347,67234760643262988069850101577426,7343327464560035545775306923489,139718314062412436117365742218480,64355823301003947945409894787820,118921231688312549436038032127045,20578922854548506128664832047875,89457329225179922115100235678050,44954753360726205164187603854565,124943644117776548346632233534900,13708817509770544725808686023700,85165855860786959013251683577625;\
52514237833121429572406859917131,53454031956272676743164467744118,131968797635171865591772182057134,70809269835049220487978003486845,87057050813396493852466614628525,897920293619439720803553946030,140479596072683967872243619967650,4181423474125621445901146909515,22273497849066523884025714241725,137294983289215036174384895169625,39062616257753607067401843038050,79817713593549020466892875788225;\
115208106915041380349317201713544,90834401717215382969515186109447,6068604399603944405907649219441,117045210272958853414797240488925,5576771698900281135658448705355,66789558453372141522670435418735,106130473413424852879765282631955,140315389296057938050699507107535,89180262718415727883381948785450,135378840405028804547352011576425,27221409122588004309448257400475,7965760293349863484894563626900;\
110200272980937796555738311661422,21510477121549417275247519799606,89603326166137509392327928921177,131883756630961328115268060085390,85255447044526705856226960409940,120976994754625129927108727139795,87652379537042960120443105017755,100197611467201193904958705483540,129736574628062827502783711767035,95102176690653484652981516866850,70537915608872612034217280415700,92757168676285968481846957633900;\
84722286182635484148851242385135,118225016199296236397811409083980,39328062895426898487220594703372,122775003086029098697656808927430,55102157404452721540790677432490,34677659423294869058255830140205,96082487076629968182565528141970,79781398900146425528183845094100,80444614636376378782985720311965,110796754572249039990976870243725,27996110813711413496094998783225,115047283752295844206263972537550;\
35857227881173038908476686682338,36297234155643211647691664285857,17251837807060382306787500330584,4298745638650221112552546042215,80689334373153380271073611863890,126351846070839527869174035998585,26241993765242517102303849337230,89423906436937930011633239588785,106240399585631110721996479416695,83852525801902061566115428658800,23463194471151574835942868553250,94001742134797423073955983153800;\
72161717119427913457186400075339,80185512415302387476920479191754,128720696099266937894859514128267,28031203001377438263109623229300,124612913900453891544657304033515,37801990974012231495372777926495,32074167292415011977815401639905,62631770841670415101715085655215,77258095889622008451839633148275,130890488660935899500038351110475,105636679983972721980847355288500,51332140703170989582929551523850;\
93655558924804532053948752648968,84665531739800662081414962274713,31449027166722522423926551847254,137504201895788813839092605406675,7745410570408934433352269034380,119583264481369884811579678414615,104076356510442706826157971458685,3626880306034093196677342094630,136345987905023061339937419335225,135755112638223373490313366131800,129944688113613689313444614373275,85432736215728537033150666580725;\
83657078957378338243595773808193,24487864643912676270518860818583,50251033070258985961386176119274,134309414437286183619324991582750,15634710182219558799496240529555,36983868342272808319707289999415,121773849762453351764757614911335,123177656822720044571789714505155,51719409249199421560393383912625,92853853887588311937061725157700,107923341751399603732019004922175,12921955871496818920806880050375]
/* 
This should be the matrix of frobenius!
*/ 
B = A; 
/* Freed 130 lists. */
