/* Comments begin... 
Coefficient of   x^27                     = -2
Coefficient of   x^14 * y^8               = 0
Coefficient of   x^12 * y^7 * z^1         = 0
Coefficient of   x^10 * y^6 * z^2         = 1
Coefficient of   x^8 * y^5 * z^3         = 0
Coefficient of   x^6 * y^4 * z^4         = 0
Coefficient of   x^4 * y^3 * z^5         = 0
Coefficient of   x^2 * y^2 * z^6         = 0
Coefficient of   x^1 * y^16               = -2
Coefficient of   y^1 * z^7               = 0

Here is the polynomial we're using this time:

-2*x^27 + 1*x^10*y^6*z^2 + -2*x^1*y^16

Allocate G_len 20 elements and old = 0.
Allocate M_len = 400 elements.
Not smooth!
Coefficient of   x^27                     = -1
Coefficient of   x^14 * y^8               = 1
Coefficient of   x^12 * y^7 * z^1         = -2
Coefficient of   x^10 * y^6 * z^2         = -2
Coefficient of   x^8 * y^5 * z^3         = -1
Coefficient of   x^6 * y^4 * z^4         = -1
Coefficient of   x^4 * y^3 * z^5         = -2
Coefficient of   x^2 * y^2 * z^6         = 0
Coefficient of   x^1 * y^16               = -1
Coefficient of   y^1 * z^7               = 1

Here is the polynomial we're using this time:

-1*x^27 + 1*x^14*y^8 + -2*x^12*y^7*z^1 + -2*x^10*y^6*z^2 + -1*x^8*y^5*z^3 + -1*x^6*y^4*z^4 + -2*x^4*y^3*z^5 + -1*x^1*y^16 + 1*y^1*z^7

Allocate G_len 40 elements and old = 20.
Allocate M_len = 800 elements.
Allocate G_len 80 elements and old = 40.
Allocate M_len = 1600 elements.
Allocate M_len = 3200 elements.
Allocate G_len 160 elements and old = 80.
Allocate M_len = 6400 elements.
Allocate M_len = 12800 elements.
Allocate G_len 320 elements and old = 160.
Allocate M_len = 25600 elements.
Not smooth!
Coefficient of   x^27                     = 1
Coefficient of   x^14 * y^8               = 0
Coefficient of   x^12 * y^7 * z^1         = 1
Coefficient of   x^10 * y^6 * z^2         = 2
Coefficient of   x^8 * y^5 * z^3         = -2
Coefficient of   x^6 * y^4 * z^4         = -2
Coefficient of   x^4 * y^3 * z^5         = 0
Coefficient of   x^2 * y^2 * z^6         = -1
Coefficient of   x^1 * y^16               = 2
Coefficient of   y^1 * z^7               = -2

Here is the polynomial we're using this time:

1*x^27 + 1*x^12*y^7*z^1 + 2*x^10*y^6*z^2 + -2*x^8*y^5*z^3 + -2*x^6*y^4*z^4 + -1*x^2*y^2*z^6 + 2*x^1*y^16 + -2*y^1*z^7

The final length of G is 166
[12, 7, 0, 0]  	187	6 
[12, 6, 1, 0]  	203	7 
[26, 0, 0, 0]  	208	7  <--- 1
[10, 6, 2, 0]  	216	6 
[10, 5, 3, 0]  	232	8 
[8, 5, 4, 0]  	245	7 
[8, 4, 5, 0]  	261	8 
[6, 4, 6, 0]  	274	7 
[7, 18, 0, 0]  	290	8 
[18, 4, 4, 0]  	312	12 
[24, 5, 2, 0]  	315	12 
[22, 4, 3, 0]  	315	12 
[18, 3, 5, 0]  	328	11 
[11, 3, 7, 0]  	330	9 
[22, 3, 4, 0]  	331	11 
[16, 3, 6, 0]  	341	10 
[14, 2, 7, 0]  	341	10 
[9, 3, 8, 0]  	343	9 
[18, 2, 6, 0]  	344	10 
[11, 2, 8, 0]  	346	9 
[22, 2, 5, 0]  	347	9 
[10, 1, 9, 0]  	354	9 
[7, 3, 9, 0]  	356	8 
[14, 1, 8, 0]  	357	9 
[9, 2, 9, 0]  	359	9 
[18, 1, 7, 0]  	360	9 
[22, 1, 6, 0]  	363	9 
[7, 17, 3, 0]  	364	8 
[9, 16, 3, 0]  	367	8 
[8, 1, 10, 0]  	367	8 
[10, 0, 10, 0]  	370	8 
[7, 2, 10, 0]  	372	7 
[6, 16, 4, 0]  	372	7 
[14, 0, 9, 0]  	373	8 
[18, 0, 8, 0]  	376	8 
[6, 3, 10, 0]  	377	7 
[5, 17, 4, 0]  	377	7 
[22, 0, 7, 0]  	379	8 
[6, 1, 11, 0]  	380	7 
[8, 0, 11, 0]  	383	7 
[7, 14, 5, 0]  	383	7 
[5, 2, 11, 0]  	385	6 
[4, 16, 5, 0]  	385	6 
[6, 26, 0, 0]  	386	7 
[6, 15, 5, 0]  	388	6 
[5, 0, 12, 0]  	388	6 
[6, 24, 1, 0]  	389	7 
[5, 27, 0, 0]  	391	6 
[6, 22, 2, 0]  	392	7 
[4, 1, 12, 0]  	393	6 
[5, 25, 1, 0]  	394	6 
[5, 14, 6, 0]  	396	6 
[5, 23, 2, 0]  	397	6 
[5, 21, 3, 0]  	400	6 
[4, 15, 6, 0]  	401	5 
[3, 29, 0, 0]  	401	5 
[3, 16, 6, 0]  	406	6 
[4, 11, 8, 0]  	407	5 
[5, 6, 10, 0]  	408	6 
[4, 0, 13, 0]  	409	5 
[4, 9, 9, 0]  	410	5 
[4, 27, 1, 0]  	412	5 
[4, 7, 10, 0]  	413	5 
[4, 25, 2, 0]  	415	5 
[4, 5, 11, 0]  	416	6 
[4, 14, 7, 0]  	417	4 
[3, 28, 1, 0]  	417	4 
[4, 23, 3, 0]  	418	5 
[4, 21, 4, 0]  	421	5 
[3, 15, 7, 0]  	422	5 
[3, 13, 8, 0]  	425	4 
[3, 22, 4, 0]  	426	4 
[3, 11, 9, 0]  	428	4 
[3, 20, 5, 0]  	429	5 
[3, 0, 14, 0]  	430	4 
[3, 9, 10, 0]  	431	4 
[3, 27, 2, 0]  	433	3 
[2, 12, 9, 0]  	433	3 
[3, 7, 11, 0]  	434	4 
[3, 25, 3, 0]  	436	3 
[2, 10, 10, 0]  	436	3 
[3, 5, 12, 0]  	437	5 
[2, 8, 11, 0]  	439	3 
[2, 6, 12, 0]  	442	4 
[2, 15, 8, 0]  	443	4 
[2, 24, 4, 0]  	444	3 
[2, 33, 0, 0]  	445	5 
[2, 22, 5, 0]  	447	3 
[1, 25, 4, 0]  	449	2 
[2, 20, 6, 0]  	450	4 
[2, 29, 2, 0]  	451	4 
[1, 23, 5, 0]  	452	2 
[1, 21, 6, 0]  	455	3 
[1, 10, 11, 0]  	457	2 
[2, 5, 13, 0]  	458	4 
[1, 8, 12, 0]  	460	2 
[1, 35, 0, 0]  	463	3 
[2, 1, 15, 0]  	464	4 
[0, 9, 12, 0]  	465	1 
[2, 19, 7, 0]  	466	4 
[0, 36, 0, 0]  	468	2  <--- 2
[1, 20, 7, 0]  	471	3 
[1, 29, 3, 0]  	472	3 
[0, 23, 6, 0]  	473	1 
[2, 4, 14, 0]  	474	4 
[1, 7, 13, 0]  	476	2 
[1, 34, 1, 0]  	479	3 
[0, 8, 13, 0]  	481	1 
[0, 35, 1, 0]  	484	2 
[1, 19, 8, 0]  	487	3 
[0, 22, 7, 0]  	489	1 
[1, 6, 14, 0]  	492	2 
[1, 15, 10, 0]  	493	3 
[1, 33, 2, 0]  	495	3 
[0, 7, 14, 0]  	497	1 
[0, 34, 2, 0]  	500	2 
[1, 0, 17, 0]  	501	2 
[1, 18, 9, 0]  	503	3 
[0, 21, 8, 0]  	505	1 
[1, 5, 15, 0]  	508	2 
[0, 6, 15, 0]  	513	1 
[0, 33, 3, 0]  	516	2 
[0, 20, 9, 0]  	521	1 
[0, 29, 5, 0]  	522	2 
[1, 4, 16, 0]  	524	2 
[0, 5, 16, 0]  	529	1 
[0, 32, 4, 0]  	532	2 
[0, 19, 10, 0]  	537	1 
[0, 4, 17, 0]  	545	1 
[0, 0, 19, 0]  	551	1  <--- 3
[0, 18, 11, 0]  	553	1 
[0, 3, 18, 0]  	561	1 
[22, 5, 2, 1]  	299	13 
[14, 3, 6, 1]  	325	11 
[8, 16, 3, 1]  	359	8 
[6, 18, 3, 1]  	369	7 
[7, 0, 11, 1]  	375	7 
[5, 12, 7, 1]  	399	6 
[5, 10, 8, 1]  	402	6 
[4, 13, 7, 1]  	404	5 
[5, 8, 9, 1]  	405	6 
[3, 1, 13, 1]  	414	5 
[3, 26, 2, 1]  	420	4 
[3, 24, 3, 1]  	423	4 
[2, 26, 3, 1]  	441	3 
[2, 0, 16, 1]  	480	3 
[11, 17, 1, 2]  	338	10 
[9, 17, 2, 2]  	351	9 
[2, 30, 1, 2]  	435	5 
[10, 2, 8, 48]  	338	9 
[8, 2, 9, 48]  	351	8 
[2, 1, 14, 48]  	435	4 
[20, 4, 3, 49]  	299	9 
[12, 2, 7, 49]  	325	8 
[7, 1, 10, 49]  	359	7 
[5, 3, 10, 49]  	369	5 
[6, 14, 5, 49]  	375	6 
[4, 26, 1, 49]  	399	5 
[4, 24, 2, 49]  	402	4 
[3, 27, 1, 49]  	404	4 
[4, 22, 3, 49]  	405	5 
[3, 12, 8, 49]  	412	3 
[2, 15, 7, 49]  	414	3 
[2, 11, 9, 49]  	420	3 
[2, 9, 10, 49]  	423	3 
[1, 11, 10, 49]  	441	2 
------
The gap is between 3 and 47.
Lengths: 3 3 6 6 3 3.
For 490 = 5*d/2-d1-d2-d3 you get 3 in char 0.
1*x^1*y^17*z^9
1*y^31*z^3
1*y^2*z^16

For 274 = 3*d/2-d1-d2-d3 you get 6 in char 0.
1*x^5*y^18
1*x^4*y^3*z^7
1*x^3*y^17*z^1
1*x^2*y^2*z^8
1*x^1*y^16*z^2
1*y^1*z^9

For 58 = d/2-d1-d2-d3 you get 3 in char 0.
1*x^4*y^2
1*x^2*y^1*z^1
1*z^2

Extra powers of p used 0.
The invariant extra is equal to 4.
Start computing 5^3 Delta^1 (x1x2x3)^4... Done.
Start computing 5^4 Delta^2 (x1x2x3)^4... Done.
Start computing 5^5 Delta^3 (x1x2x3)^4... Done.
Start computing 5^6 Delta^4 (x1x2x3)^4... Done.
Start computing 5^7 Delta^5 (x1x2x3)^4... Done.
Start computing 5^8 Delta^6 (x1x2x3)^4... Done.
Start computing 5^9 Delta^7 (x1x2x3)^4... Done.
Start computing 5^10 Delta^8 (x1x2x3)^4... Done.
Start computing 5^11 Delta^9 (x1x2x3)^4... Done.
Start computing 5^12 Delta^10 (x1x2x3)^4... Done.
Start computing 5^13 Delta^11 (x1x2x3)^4... Done.
Start computing 5^14 Delta^12 (x1x2x3)^4... Done.
Start computing aa.
1 2 3 4 5 6 7 8 9 10 11 12 
*/
A = \
[3141864603763643148275621127681,141940837839647878133402103566118,48438887033390928697044062251390,24073479930315917365591514765440,2613886189987487010444483945875,54070840375855970068423154171670,80453647863877272518472948347620,81049907667051786453873868966705,83755954134089838248803879637380,69332828557190181594358889134325,45697999118009778539509119356950,18008570698452887335086190566275;\
45602067247430038154780972943663,54375164088910293708450951906797,46883103461672885886230043155414,60930848329420917629821808508000,38287808230184833142760725162785,17671577531164492250642523622825,138672724252615142419217016456755,4004225571373645644091188715825,57143163148176748101926820160335,99805228573870866352580156376975,8310925411410048080123775348750,124478969311930220833775645662250;\
29870872676245899729098499256063,33587117738619877061739262441084,31199556707785361111340550417414,24220565802270636241291855706030,108737930098872034755702240365570,32308392870396455357283815629110,75521646674828025930192862249700,99043534872667674400306399711230,21446305021604842869793051019275,78169598379314553310531103453200,55297824542217320151984239425500,49981263042912639693210454879975;\
8788893059499990188358306414719,103229527433663267447996241335820,85539166462036150404730372710687,39912498802418838169953464811645,140676393376386534066073255737070,110316880898561662212949670099665,141977464846615153657151241636150,88400320371078676120130194561100,46531856278264118180295128738630,28218445643367308940962568275775,65724409126459685562168126366800,11230923742852090298409484535500;\
22181478123640070648581808122024,39002272848874810745299158148755,39495000488278797435014396325742,60566163653476334797807418148255,17703031941521189901813104024505,88064155503091602590518455304750,2967586068481405656967538931090,5660029018016988584452136868755,40216619811019106017836469328345,95988979746969127413051638608825,71841696727891098871968808831225,47290099033433266045382972295075;\
92761817163044339450060584512856,95763411249500222439111522734681,123137971594539626481540681487457,123463591895274398785519301375025,80931430001879878506412392770720,69046819558829604770580719320950,80841526693719016639914107398160,123208214298300096066814302263495,130996480934031636778219046615195,50741576988708606000009672268325,70435019042336590749053902291825,79775389549470945049840043185850;\
35021626808850961484741211391401,10910615788785030891733380699841,141875736711620506672906163037488,18625100816894329591630392405860,34542229828122045344717588941425,98362803449621382284300474834635,64608736661013319727640667772160,86580130121363159217700089056490,68900805845884839247477497605785,108339367758454178918977800113375,34173327562312291111028696482025,13691497412172312550668640850850;\
65571888568905685431718261966068,66946708840046823962095105597609,61248665861562137450194564285624,19038361247936730844357842350995,70612566138660879090379340966035,109594195185000106262230575289455,138831041266174735739188734081265,138435368480854842886874949872890,41462162416995821164456092047175,106175280347449538031548350631450,69617131707545860455844798154050,67233574721162859923863815193325;\
97956016723382914066559102297244,61849160957717348000594472707865,79438614595826512394760510172597,134493054971475280983795441341720,35390089929896718979382929133175,123064774796492625223771205826425,70685505002614179724175754894465,7028570119877092995286374830665,10059566071960402066612707853060,8386588776783942481617512616500,100244918171167173522979539133475,81414996579984799647187515214425;\
115130308526172711713991423551451,43734779505962670671804873562689,138543145361350867126923518720538,14090472933414833707306593439355,134500255577326911855127564745990,126117371155388910338075543587165,74330122946740388110401589821110,77744241548159743404995611592425,1967705197190769220804643497850,34911994251326730285080478445125,60214330963130023427297640908775,15002969750541619762616021075725;\
50594427058882090509622887711845,31795962778364208073549550960200,87449205755915215079002208546100,21114937419451824196148759888450,43356814576097080133644536275400,133953682424484920752971288295600,87176312936197272558283562698600,12244243533486814175646930583100,65403088674941972328244472528450,111193249947206886230445343746975,105421406765936449806417757834700,1849992750137514432087911086825;\
104005097981383138837887304486610,116279391803704097390360833571550,92474990009254545752295918724945,30587725001482174955096920042100,13219621402835898928084793117625,124294449582181737421273623061300,39248224666946227224868848088275,119203305835370846562280878618800,21763812399188716384632075524200,34293251407279323348859955985000,134198182011833773409654747049700,50885142786598422355403606691200]
/* 
This should be the matrix of frobenius!
*/ 
B = A; 
/* Freed 129 lists. */
