/* Comments begin... 
Coefficient of   x^27                     = 2
Coefficient of   x^14 * y^8               = -1
Coefficient of   x^12 * y^7 * z^1         = -1
Coefficient of   x^10 * y^6 * z^2         = 1
Coefficient of   x^8 * y^5 * z^3         = -1
Coefficient of   x^6 * y^4 * z^4         = -2
Coefficient of   x^4 * y^3 * z^5         = 1
Coefficient of   x^2 * y^2 * z^6         = -2
Coefficient of   x^1 * y^16               = 0
Coefficient of   y^1 * z^7               = 0

Here is the polynomial we're using this time:

2*x^27 + -1*x^14*y^8 + -1*x^12*y^7*z^1 + 1*x^10*y^6*z^2 + -1*x^8*y^5*z^3 + -2*x^6*y^4*z^4 + 1*x^4*y^3*z^5 + -2*x^2*y^2*z^6

Allocate G_len 20 elements and old = 0.
Allocate M_len = 400 elements.
Allocate G_len 40 elements and old = 20.
Allocate M_len = 800 elements.
Allocate G_len 80 elements and old = 40.
Allocate M_len = 1600 elements.
Not smooth!
Coefficient of   x^27                     = 2
Coefficient of   x^14 * y^8               = 1
Coefficient of   x^12 * y^7 * z^1         = -2
Coefficient of   x^10 * y^6 * z^2         = -2
Coefficient of   x^8 * y^5 * z^3         = 2
Coefficient of   x^6 * y^4 * z^4         = 2
Coefficient of   x^4 * y^3 * z^5         = 1
Coefficient of   x^2 * y^2 * z^6         = -2
Coefficient of   x^1 * y^16               = -1
Coefficient of   y^1 * z^7               = -2

Here is the polynomial we're using this time:

2*x^27 + 1*x^14*y^8 + -2*x^12*y^7*z^1 + -2*x^10*y^6*z^2 + 2*x^8*y^5*z^3 + 2*x^6*y^4*z^4 + 1*x^4*y^3*z^5 + -2*x^2*y^2*z^6 + -1*x^1*y^16 + -2*y^1*z^7

Allocate M_len = 3200 elements.
Allocate G_len 160 elements and old = 80.
Allocate M_len = 6400 elements.
Allocate M_len = 12800 elements.
Allocate G_len 320 elements and old = 160.
Allocate M_len = 25600 elements.
The final length of G is 175
[12, 7, 0, 0]  	187	7 
[26, 0, 0, 0]  	208	8  <--- 1
[10, 6, 2, 0]  	216	7 
[10, 5, 3, 0]  	232	8 
[8, 5, 4, 0]  	245	7 
[6, 4, 6, 0]  	274	7 
[24, 6, 1, 0]  	299	13 
[22, 5, 2, 0]  	299	13 
[7, 19, 0, 0]  	303	7 
[18, 4, 4, 0]  	312	12 
[22, 4, 3, 0]  	315	12 
[16, 4, 5, 0]  	325	11 
[14, 3, 6, 0]  	325	11 
[11, 3, 7, 0]  	330	10 
[22, 3, 4, 0]  	331	11 
[11, 17, 1, 0]  	338	10 
[14, 2, 7, 0]  	341	10 
[10, 18, 1, 0]  	343	9 
[9, 3, 8, 0]  	343	9 
[20, 3, 5, 0]  	344	10 
[18, 2, 6, 0]  	344	10 
[22, 2, 5, 0]  	347	10 
[9, 17, 2, 0]  	351	9 
[12, 2, 8, 0]  	354	9 
[10, 1, 9, 0]  	354	9 
[8, 18, 2, 0]  	356	8 
[7, 3, 9, 0]  	356	8 
[14, 1, 8, 0]  	357	9 
[9, 2, 9, 0]  	359	9 
[18, 1, 7, 0]  	360	9 
[7, 17, 3, 0]  	364	8 
[9, 16, 3, 0]  	367	9 
[6, 18, 3, 0]  	369	7 
[10, 0, 10, 0]  	370	8 
[7, 2, 10, 0]  	372	7 
[6, 16, 4, 0]  	372	7 
[9, 1, 10, 0]  	375	7 
[7, 0, 11, 0]  	375	7 
[18, 0, 8, 0]  	376	8 
[6, 3, 10, 0]  	377	7 
[5, 17, 4, 0]  	377	7 
[24, 1, 6, 0]  	379	8 
[22, 0, 7, 0]  	379	8 
[6, 1, 11, 0]  	380	7 
[7, 14, 5, 0]  	383	7 
[5, 2, 11, 0]  	385	6 
[4, 16, 5, 0]  	385	6 
[6, 26, 0, 0]  	386	7 
[6, 15, 5, 0]  	388	6 
[5, 0, 12, 0]  	388	6 
[16, 0, 9, 0]  	389	7 
[6, 24, 1, 0]  	389	7 
[5, 27, 0, 0]  	391	6 
[6, 22, 2, 0]  	392	7 
[4, 1, 12, 0]  	393	6 
[5, 25, 1, 0]  	394	6 
[5, 14, 6, 0]  	396	6 
[5, 23, 2, 0]  	397	6 
[5, 12, 7, 0]  	399	6 
[5, 21, 3, 0]  	400	6 
[4, 15, 6, 0]  	401	5 
[3, 29, 0, 0]  	401	5 
[4, 13, 7, 0]  	404	5 
[5, 8, 9, 0]  	405	6 
[3, 16, 6, 0]  	406	6 
[4, 11, 8, 0]  	407	5 
[5, 6, 10, 0]  	408	6 
[4, 0, 13, 0]  	409	5 
[4, 9, 9, 0]  	410	5 
[4, 27, 1, 0]  	412	5 
[4, 7, 10, 0]  	413	5 
[3, 1, 13, 0]  	414	5 
[4, 25, 2, 0]  	415	5 
[4, 5, 11, 0]  	416	6 
[3, 28, 1, 0]  	417	4 
[3, 26, 2, 0]  	420	4 
[3, 15, 7, 0]  	422	5 
[3, 24, 3, 0]  	423	4 
[3, 13, 8, 0]  	425	4 
[3, 22, 4, 0]  	426	4 
[3, 11, 9, 0]  	428	4 
[3, 20, 5, 0]  	429	5 
[3, 0, 14, 0]  	430	4 
[3, 9, 10, 0]  	431	4 
[2, 12, 9, 0]  	433	3 
[2, 30, 1, 0]  	435	5 
[2, 10, 10, 0]  	436	3 
[2, 8, 11, 0]  	439	3 
[2, 26, 3, 0]  	441	3 
[2, 24, 4, 0]  	444	3 
[2, 22, 5, 0]  	447	3 
[1, 25, 4, 0]  	449	2 
[2, 20, 6, 0]  	450	4 
[2, 7, 12, 0]  	455	3 
[1, 21, 6, 0]  	455	3 
[1, 10, 11, 0]  	457	2 
[2, 34, 0, 0]  	458	4 
[2, 5, 13, 0]  	458	4 
[1, 8, 12, 0]  	460	2 
[1, 35, 0, 0]  	463	3 
[2, 1, 15, 0]  	464	4 
[1, 24, 5, 0]  	465	1 
[0, 9, 12, 0]  	465	1 
[2, 19, 7, 0]  	466	4 
[0, 36, 0, 0]  	468	2  <--- 2
[1, 20, 7, 0]  	471	3 
[0, 23, 6, 0]  	473	1 
[2, 4, 14, 0]  	474	4 
[1, 7, 13, 0]  	476	2 
[1, 34, 1, 0]  	479	3 
[2, 0, 16, 0]  	480	3 
[0, 8, 13, 0]  	481	1 
[1, 19, 8, 0]  	487	3 
[0, 22, 7, 0]  	489	1 
[1, 6, 14, 0]  	492	2 
[1, 15, 10, 0]  	493	3 
[0, 7, 14, 0]  	497	1 
[0, 34, 2, 0]  	500	2 
[1, 0, 17, 0]  	501	2 
[1, 18, 9, 0]  	503	3 
[0, 21, 8, 0]  	505	1 
[1, 5, 15, 0]  	508	2 
[0, 6, 15, 0]  	513	1 
[0, 33, 3, 0]  	516	2 
[0, 20, 9, 0]  	521	1 
[0, 29, 5, 0]  	522	2 
[1, 4, 16, 0]  	524	2 
[0, 5, 16, 0]  	529	1 
[0, 32, 4, 0]  	532	2 
[0, 19, 10, 0]  	537	1 
[0, 4, 17, 0]  	545	1 
[0, 0, 19, 0]  	551	1  <--- 3
[0, 18, 11, 0]  	553	1 
[0, 3, 18, 0]  	561	1 
[12, 6, 1, 1]  	203	8 
[18, 3, 5, 1]  	328	11 
[11, 2, 8, 1]  	346	9 
[8, 16, 3, 1]  	359	8 
[22, 1, 6, 1]  	363	9 
[8, 1, 10, 1]  	367	8 
[14, 0, 9, 1]  	373	8 
[5, 10, 8, 1]  	402	6 
[4, 23, 3, 1]  	418	5 
[4, 21, 4, 1]  	421	5 
[3, 7, 11, 1]  	434	4 
[3, 5, 12, 1]  	437	5 
[2, 15, 8, 1]  	443	4 
[2, 33, 0, 1]  	445	5 
[2, 29, 2, 1]  	451	4 
[1, 23, 5, 1]  	452	2 
[0, 35, 1, 1]  	484	2 
[1, 33, 2, 1]  	495	3 
[8, 4, 5, 2]  	261	8 
[7, 18, 0, 2]  	290	8 
[1, 29, 3, 2]  	472	3 
[2, 6, 12, 3]  	442	4 
[1, 20, 6, 47]  	442	3 
[6, 3, 6, 48]  	261	7 
[1, 0, 16, 48]  	472	2 
[10, 5, 2, 49]  	203	5 
[16, 2, 6, 49]  	328	10 
[9, 1, 9, 49]  	346	7 
[6, 15, 4, 49]  	359	5 
[20, 0, 7, 49]  	363	6 
[6, 25, 0, 49]  	373	6 
[5, 24, 1, 49]  	381	5 
[4, 24, 2, 49]  	402	4 
[3, 8, 10, 49]  	418	4 
[2, 20, 5, 49]  	421	3 
[2, 19, 6, 49]  	437	4 
[1, 0, 15, 49]  	443	2 
[2, 4, 13, 49]  	445	3 
[1, 34, 0, 49]  	450	3 
[0, 8, 12, 49]  	452	1 
[0, 6, 14, 49]  	484	1 
------
The gap is between 4 and 46.
Lengths: 3 3 6 6 3 3.
For 490 = 5*d/2-d1-d2-d3 you get 3 in char 0.
1*x^1*y^17*z^9
1*y^31*z^3
1*y^2*z^16

For 274 = 3*d/2-d1-d2-d3 you get 6 in char 0.
1*x^5*y^18
1*x^4*y^3*z^7
1*x^3*y^17*z^1
1*x^2*y^2*z^8
1*x^1*y^16*z^2
1*y^1*z^9

For 58 = d/2-d1-d2-d3 you get 3 in char 0.
1*x^4*y^2
1*x^2*y^1*z^1
1*z^2

Extra powers of p used 0.
The invariant extra is equal to 4.
Start computing 5^3 Delta^1 (x1x2x3)^4... Done.
Start computing 5^4 Delta^2 (x1x2x3)^4... Done.
Start computing 5^5 Delta^3 (x1x2x3)^4... Done.
Start computing 5^6 Delta^4 (x1x2x3)^4... Done.
Start computing 5^7 Delta^5 (x1x2x3)^4... Done.
Start computing 5^8 Delta^6 (x1x2x3)^4... Done.
Start computing 5^9 Delta^7 (x1x2x3)^4... Done.
Start computing 5^10 Delta^8 (x1x2x3)^4... Done.
Start computing 5^11 Delta^9 (x1x2x3)^4... Done.
Start computing 5^12 Delta^10 (x1x2x3)^4... Done.
Start computing 5^13 Delta^11 (x1x2x3)^4... Done.
Start computing 5^14 Delta^12 (x1x2x3)^4... Done.
Start computing aa.
1 2 3 4 5 6 7 8 9 10 11 12 
*/
A = \
[75257129421484864724309696950174,132056365056826968948474079131990,95427717593211781745016498521378,131950784614831536811589234417250,94128138736218985250114350913750,70956247826551113112369025604190,87429962161400511756541066309960,61046898863586699837405797349195,51633660029409093308526308556040,134734961581535044289388387777250,94097648834078936155216359401775,35999697630875140722237194036625;\
85242674629159792029062165802106,29355548771677900420003268021348,5696210930756205612600060533460,16262206136049643343650577559160,123836956952329368503679057641165,35380506351296262573301721756250,131914042812713672614200359715170,865028879237311127871524207545,11075910329490634226429714698305,141975827320998515863889091540525,99931225758386202186186741076950,53860724908721376068235029685075;\
27397419544994644910283003918196,121596074123564268652708312595243,84478779710474984279504853187542,99175010907437738418562695504645,101293327089061752716901704232260,42288306220121669646804382368125,137490054512563456275221533247400,77062293484216433269701274788020,1904252077667937201103163224220,31205833529438914047232001244800,133650930742556957233976843739900,132876444826644532027475382736800;\
64847460869299930489966401751656,15114119479724558227085566396112,10707902689103237442909255461370,89515695988644131131837031894115,100922984289843348001068556649680,139297720022225454897756266985580,96858350957505463831487503557145,48189195610971580109272068354710,78358347939611962088087917880050,20023540800488341481687548781450,68996562769111562736915819489525,20876939190848923921658655951775;\
92563260686707402258922912633826,122385797842324034804652983073145,50764311123645306964319098317713,89287391537454514097865747732785,30291363812032661606817479430815,42922769580337600815414699559915,17224039256507751059723211963365,139225061600067438382828402697635,87714516029430694435518823774250,117635668417131025727134112482300,12289185472160676575646802327975,133871853129099287844437360827300;\
130545211780288763929435270467038,82742380034852155924025564034373,72998405290663370205122695163777,24505347076121146695897369390865,101599759473180747250398097578355,14153268387795170457839916800680,59325096363035892024032217038450,29939035485109598983644822894900,101977640188082576019604236073280,52325407332763930388861838523775,63409669501156413277019937110950,85645141462500051153260062671050;\
93844037571525580586183181895270,11796725898904357798675201539481,18705464609302406951878197058985,112911810469431362450401554513055,10576193261783581159555864213355,141893936950975314346875378770735,135213195501893695748760341703865,79684881780497117752628232933145,56900914627586366043972963449105,44731412705652176998852091741025,23172723864734405443069359577275,117959228242374856547695184838475;\
6844614013907412185848357207580,484010668096754660602744045334,28304608149980990847150437538685,85889759414413494742356539216540,65047480343012202267868510259830,4925497258200310545144597674090,129911435206115572698085248992750,58469352073827915604902660670910,57398133932780061596880007539365,128760569620164910697124680338575,37868684403882489016460799379250,74736574259231407473204651399850;\
72770875049190553937739612740950,56922431561382246919822623897007,102648279079763639118359963513241,140804529268503008638547394312270,72214996464482853724654260964130,63586477240293274837632609163345,118126224511549570930189205480410,34254699536724561057536832996400,24706508364180758820260859493355,24092479435456603550018978443425,94475828700546634055506201196300,100575738144270330680468111664600;\
130599210291120415089187031687923,91193155832459992383738305835515,98256619892592779990917336005255,109557333244563034228819389849065,118150393872976147076967179218665,139516291141028474487942462954720,6446056568870681864506019320975,134786352290338306798251893443240,27953852337188540545096615998170,91507539455291954058442115156625,85887678444698049488434946992925,4288493825995107585053802733400;\
24355501955405801449906402446235,133544076542419191877202072217810,57536050917299566558150788607320,1968578829629370986519391053825,10401106311785968661666456516325,86202720288958718243688791619550,60110709926520597061673579525750,48972038933744397760656437544975,66421032572472972229732231467450,124706410356160457289281790656950,131838733541399109623701779164250,29182329133155879651053727027125;\
137566460482692902842760919670110,126616166021377720454552092384580,13402903910186944200205398633635,5236971277978699412151406506750,83933615027776471094983600899800,2593463073250359527921636566475,52223912178068930797144070280625,102486618862264103416672503651450,11254494346674426394581951323825,31036422589909020259429656120850,49967172241210278426236349661175,65340711859778555691259401823200]
/* 
This should be the matrix of frobenius!
*/ 
B = A; 
/* Freed 130 lists. */
