/* Comments begin... 
Coefficient of   x^27                     = 2
Coefficient of   x^14 * y^8               = -2
Coefficient of   x^12 * y^7 * z^1         = 2
Coefficient of   x^10 * y^6 * z^2         = 2
Coefficient of   x^8 * y^5 * z^3         = 1
Coefficient of   x^6 * y^4 * z^4         = -2
Coefficient of   x^4 * y^3 * z^5         = 0
Coefficient of   x^2 * y^2 * z^6         = 1
Coefficient of   x^1 * y^16               = 1
Coefficient of   y^1 * z^7               = -1

Here is the polynomial we're using this time:

2*x^27 + -2*x^14*y^8 + 2*x^12*y^7*z^1 + 2*x^10*y^6*z^2 + 1*x^8*y^5*z^3 + -2*x^6*y^4*z^4 + 1*x^2*y^2*z^6 + 1*x^1*y^16 + -1*y^1*z^7

Allocate G_len 20 elements and old = 0.
Allocate M_len = 400 elements.
Allocate G_len 40 elements and old = 20.
Allocate M_len = 800 elements.
Allocate G_len 80 elements and old = 40.
Allocate M_len = 1600 elements.
Allocate M_len = 3200 elements.
Allocate G_len 160 elements and old = 80.
Allocate M_len = 6400 elements.
Allocate M_len = 12800 elements.
Allocate G_len 320 elements and old = 160.
The final length of G is 174
[12, 7, 0, 0]  	187	6 
[12, 6, 1, 0]  	203	8 
[26, 0, 0, 0]  	208	8  <--- 1
[10, 6, 2, 0]  	216	7 
[10, 5, 3, 0]  	232	8 
[8, 5, 4, 0]  	245	7 
[8, 4, 5, 0]  	261	8 
[6, 4, 6, 0]  	274	7 
[7, 18, 0, 0]  	290	8 
[22, 5, 2, 0]  	299	13 
[18, 4, 4, 0]  	312	12 
[22, 4, 3, 0]  	315	12 
[14, 3, 6, 0]  	325	11 
[18, 3, 5, 0]  	328	11 
[11, 3, 7, 0]  	330	9 
[22, 3, 4, 0]  	331	11 
[11, 17, 1, 0]  	338	10 
[14, 2, 7, 0]  	341	10 
[9, 3, 8, 0]  	343	9 
[22, 2, 5, 0]  	347	9 
[9, 17, 2, 0]  	351	9 
[12, 2, 8, 0]  	354	10 
[7, 3, 9, 0]  	356	8 
[14, 1, 8, 0]  	357	9 
[9, 2, 9, 0]  	359	8 
[8, 16, 3, 0]  	359	8 
[20, 2, 6, 0]  	360	9 
[18, 1, 7, 0]  	360	9 
[22, 1, 6, 0]  	363	9 
[7, 17, 3, 0]  	364	8 
[8, 1, 10, 0]  	367	8 
[6, 18, 3, 0]  	369	7 
[12, 1, 9, 0]  	370	8 
[10, 0, 10, 0]  	370	8 
[7, 2, 10, 0]  	372	8 
[14, 0, 9, 0]  	373	8 
[7, 0, 11, 0]  	375	7 
[18, 0, 8, 0]  	376	8 
[6, 3, 10, 0]  	377	7 
[5, 17, 4, 0]  	377	7 
[22, 0, 7, 0]  	379	8 
[7, 16, 4, 0]  	380	7 
[6, 1, 11, 0]  	380	7 
[5, 2, 11, 0]  	385	6 
[6, 26, 0, 0]  	386	7 
[6, 15, 5, 0]  	388	6 
[5, 0, 12, 0]  	388	6 
[6, 24, 1, 0]  	389	7 
[5, 27, 0, 0]  	391	6 
[6, 22, 2, 0]  	392	7 
[4, 1, 12, 0]  	393	6 
[5, 25, 1, 0]  	394	6 
[5, 14, 6, 0]  	396	6 
[5, 23, 2, 0]  	397	6 
[5, 12, 7, 0]  	399	6 
[5, 21, 3, 0]  	400	6 
[4, 15, 6, 0]  	401	6 
[5, 10, 8, 0]  	402	6 
[5, 8, 9, 0]  	405	6 
[3, 16, 6, 0]  	406	6 
[4, 11, 8, 0]  	407	5 
[5, 6, 10, 0]  	408	6 
[4, 0, 13, 0]  	409	5 
[4, 9, 9, 0]  	410	5 
[4, 27, 1, 0]  	412	5 
[4, 7, 10, 0]  	413	5 
[3, 1, 13, 0]  	414	5 
[4, 25, 2, 0]  	415	5 
[4, 5, 11, 0]  	416	6 
[4, 14, 7, 0]  	417	4 
[3, 28, 1, 0]  	417	4 
[4, 23, 3, 0]  	418	5 
[3, 26, 2, 0]  	420	4 
[4, 21, 4, 0]  	421	5 
[3, 15, 7, 0]  	422	5 
[3, 24, 3, 0]  	423	4 
[3, 13, 8, 0]  	425	4 
[3, 22, 4, 0]  	426	4 
[3, 11, 9, 0]  	428	4 
[3, 20, 5, 0]  	429	5 
[3, 0, 14, 0]  	430	4 
[4, 31, 0, 0]  	435	5 
[2, 30, 1, 0]  	435	5 
[2, 10, 10, 0]  	436	3 
[3, 5, 12, 0]  	437	5 
[2, 8, 11, 0]  	439	3 
[2, 15, 8, 0]  	443	4 
[2, 24, 4, 0]  	444	3 
[2, 22, 5, 0]  	447	3 
[2, 20, 6, 0]  	450	4 
[2, 29, 2, 0]  	451	4 
[2, 7, 12, 0]  	455	3 
[1, 21, 6, 0]  	455	3 
[1, 10, 11, 0]  	457	2 
[2, 34, 0, 0]  	458	4 
[2, 5, 13, 0]  	458	4 
[1, 8, 12, 0]  	460	2 
[1, 35, 0, 0]  	463	3 
[2, 1, 15, 0]  	464	4 
[1, 24, 5, 0]  	465	1 
[0, 9, 12, 0]  	465	1 
[2, 19, 7, 0]  	466	4 
[0, 36, 0, 0]  	468	2  <--- 2
[1, 20, 7, 0]  	471	3 
[0, 23, 6, 0]  	473	1 
[2, 4, 14, 0]  	474	4 
[1, 7, 13, 0]  	476	2 
[1, 34, 1, 0]  	479	3 
[0, 8, 13, 0]  	481	1 
[0, 35, 1, 0]  	484	2 
[1, 19, 8, 0]  	487	3 
[0, 22, 7, 0]  	489	1 
[1, 6, 14, 0]  	492	2 
[1, 15, 10, 0]  	493	3 
[1, 33, 2, 0]  	495	3 
[0, 7, 14, 0]  	497	1 
[1, 29, 4, 0]  	501	3 
[1, 18, 9, 0]  	503	3 
[0, 21, 8, 0]  	505	1 
[1, 5, 15, 0]  	508	2 
[2, 0, 17, 0]  	509	2 
[0, 6, 15, 0]  	513	1 
[0, 33, 3, 0]  	516	2 
[0, 20, 9, 0]  	521	1 
[0, 29, 5, 0]  	522	2 
[0, 5, 16, 0]  	529	1 
[1, 0, 18, 0]  	530	1 
[0, 32, 4, 0]  	532	2 
[0, 19, 10, 0]  	537	1 
[0, 4, 17, 0]  	545	1 
[0, 0, 19, 0]  	551	1  <--- 3
[0, 18, 11, 0]  	553	1 
[0, 3, 18, 0]  	561	1 
[18, 2, 6, 1]  	344	10 
[11, 2, 8, 1]  	346	9 
[10, 1, 9, 1]  	354	9 
[6, 16, 4, 1]  	372	7 
[7, 14, 5, 1]  	383	7 
[4, 16, 5, 1]  	385	6 
[3, 29, 0, 1]  	401	5 
[4, 13, 7, 1]  	404	5 
[3, 9, 10, 1]  	431	4 
[2, 12, 9, 1]  	433	3 
[3, 7, 11, 1]  	434	4 
[2, 26, 3, 1]  	441	3 
[2, 6, 12, 1]  	442	4 
[2, 33, 0, 1]  	445	5 
[1, 23, 5, 1]  	452	2 
[1, 29, 3, 1]  	472	3 
[2, 0, 16, 1]  	480	3 
[0, 34, 2, 1]  	500	2 
[1, 4, 16, 1]  	524	2 
[1, 25, 4, 2]  	449	2 
[1, 0, 17, 2]  	501	2 
[0, 10, 11, 48]  	449	1 
[16, 1, 7, 49]  	344	7 
[8, 15, 3, 49]  	346	7 
[9, 0, 10, 49]  	362	4 
[5, 1, 11, 49]  	372	5 
[5, 13, 6, 49]  	383	6 
[3, 1, 12, 49]  	385	5 
[3, 15, 6, 49]  	393	4 
[3, 0, 13, 49]  	401	4 
[3, 27, 1, 49]  	404	4 
[3, 14, 7, 49]  	409	4 
[2, 15, 7, 49]  	414	4 
[2, 29, 1, 49]  	422	3 
[2, 23, 4, 49]  	431	3 
[0, 11, 10, 49]  	433	1 
[2, 21, 5, 49]  	434	2 
[1, 20, 6, 49]  	442	2 
[2, 4, 13, 49]  	445	3 
[0, 8, 12, 49]  	452	1 
[0, 5, 15, 49]  	500	1 
------
The gap is between 3 and 47.
Lengths: 3 3 6 6 3 3.
For 490 = 5*d/2-d1-d2-d3 you get 3 in char 0.
1*x^1*y^17*z^9
1*y^31*z^3
1*y^2*z^16

For 274 = 3*d/2-d1-d2-d3 you get 6 in char 0.
1*x^5*y^18
1*x^4*y^3*z^7
1*x^3*y^17*z^1
1*x^2*y^2*z^8
1*x^1*y^16*z^2
1*y^1*z^9

For 58 = d/2-d1-d2-d3 you get 3 in char 0.
1*x^4*y^2
1*x^2*y^1*z^1
1*z^2

Extra powers of p used 0.
The invariant extra is equal to 4.
Start computing 5^3 Delta^1 (x1x2x3)^4... Done.
Start computing 5^4 Delta^2 (x1x2x3)^4... Done.
Start computing 5^5 Delta^3 (x1x2x3)^4... Done.
Start computing 5^6 Delta^4 (x1x2x3)^4... Done.
Start computing 5^7 Delta^5 (x1x2x3)^4... Done.
Start computing 5^8 Delta^6 (x1x2x3)^4... Done.
Start computing 5^9 Delta^7 (x1x2x3)^4... Done.
Start computing 5^10 Delta^8 (x1x2x3)^4... Done.
Start computing 5^11 Delta^9 (x1x2x3)^4... Done.
Start computing 5^12 Delta^10 (x1x2x3)^4... Done.
Start computing 5^13 Delta^11 (x1x2x3)^4... Done.
Start computing 5^14 Delta^12 (x1x2x3)^4... Done.
Start computing aa.
1 2 3 4 5 6 7 8 9 10 11 12 
*/
A = \
[31835729488561331516745878741341,97004021901832458589101329814021,67173867177839729637589695253042,38559676128942725841327843346050,116559831266849083856425202189095,24423809740690547472127955714780,92205173785577684737787515132450,6384897948579500601549683474495,3330375685563032609953385132920,2742165415982769091156535131450,77712343148871426144489373648325,80986451731623245158840951847375;\
117456418127551749752880200382067,41748373499969104824019484503660,130200220428115288745059301561023,62244306643994681940626798710375,13776617256190866565430947135575,55853162375270041927155077528585,197346692647632959064780806665,46101289848058158011496553031545,112101554301367078936397108847680,66575873691124672542747872130075,53281475941388618220805497092825,46339767362229784033893325640075;\
21148207963632986698524352285397,60653075253182352914885391662845,73277645936057384803129208224630,135987533119090210521916151041000,100357373766437556312563696979580,27603234231850710800632837489745,104506312272191892531555130662495,35399350748547883104578501134535,130274540584460699201186356124655,561073775781199918922149655750,37650759949503742423425556121550,87207263155527234459227112566625;\
110486832163899457983511407180664,120333148792120856916189226920619,115434088704698454274249798434371,1756574466309978251457758065275,31322095887347521323841615291520,49912362861357773542213399171580,34900734821417211552999282454395,102353857358866284569732164895015,124453730783796604068758995254065,69125859699210377783693900080225,89825973439792684562107495781650,117233749269441395953686257469250;\
15987313149147749394785253949724,70287836914632718398303827851231,122381105875816657228202356220602,44028359036408823849991057406315,81802218959382640573981457851110,67514841665138359532541725416255,141042539854466428523836824627575,94432801199491045411459202805920,38503574201609681679808308505765,90944075061394801513676942716500,117032770357418085457164456183625,117362135397714006529678840664925;\
97804553838344082325026499898138,19914458011770533816913996398376,106708295555092760927150166258721,66001477743400044934295168181250,83274355383349231183437236156155,69052413833555810193128382707925,77987365348791307215097439158570,6406695288748726050346819424190,44220962185571886243541082225950,135651899119630450718350360239525,48925809372135284275689277027750,62448923718507532369330855795175;\
83735660349336623910845497368918,63034705291070051903455519825402,138809589936225826600633050167216,113542846471549350242373466420595,38491902522515263164498615473335,96330052523340885352423673027530,6904137789635520516477967911955,37867037208782552372526679363825,12179126413887889522686521162670,118690031885149383180253510559650,83848548616520487798594940832250,8909250905705357066198599805675;\
71267358400389792613554229816312,103715470986176040002302946853931,83657578476087608397325548972813,98995463096584364596705664399170,86309689770812490107563161044165,3778449616022190513459951249680,49291993471572681729430387030230,19822427919455897812008659071850,16735974497033860260529224517355,99176620774841747092855710915500,116378835427372659810958518425800,82364183063608638599389920709825;\
117552956614265866774349516178277,45129864870432590276595686161065,100149615474311582451035920135727,19712849262434022817433500786210,95460926819260295144108829042810,39537226157770977720908055955325,111972959305038863969301422199530,130329488825432929033875474187670,139010234332618871468921437199585,51997925385086891272279712031925,18384391216841925807349407194325,48318322634590357745842197476750;\
140775181255654006628144600584752,59222289317757069954906297290249,63426384501818926006695819082094,3681554550356652620102100687215,62777446119586662383852432682445,139693145724355381802154286530045,69092521963065852209742239748665,14383353998232326683328769298715,126485977771983408030410135085065,123458329651553125287181822014700,88213333559500591838880156447450,69095754346506389835011002845125;\
96562654777333069348370921097129,47312657836327124988383355680931,111055682489598407171395808935704,108645650127830702427392530241455,37198479087342490051862156017850,124871464770293348772644968086950,62433376089445436506104888264705,54319099432704403838943818227430,104170933985867441263858891431805,71730040254128945081612283328050,111276966295031816324778730925125,34288621476807224338310755404975;\
124002126208122209889342645722182,133351834291132322797311239385227,50865449933653305814731012453155,101002636019944599735872819200365,90867167244433283878387463366480,95362573007080330040060157596105,87920643078120120336446091311390,36303626858329117748084778600365,14923722026912384516306975491115,119848518693438303137874660883250,128757284989580348484163988202675,45817838240907102652401390517225]
/* 
This should be the matrix of frobenius!
*/ 
B = A; 
/* Freed 130 lists. */
