/* Comments begin... 
Coefficient of   x^27                     = 1
Coefficient of   x^14 * y^8               = -2
Coefficient of   x^12 * y^7 * z^1         = 0
Coefficient of   x^10 * y^6 * z^2         = -2
Coefficient of   x^8 * y^5 * z^3         = 2
Coefficient of   x^6 * y^4 * z^4         = 1
Coefficient of   x^4 * y^3 * z^5         = 1
Coefficient of   x^2 * y^2 * z^6         = -2
Coefficient of   x^1 * y^16               = 2
Coefficient of   y^1 * z^7               = -2

Here is the polynomial we're using this time:

1*x^27 + -2*x^14*y^8 + -2*x^10*y^6*z^2 + 2*x^8*y^5*z^3 + 1*x^6*y^4*z^4 + 1*x^4*y^3*z^5 + -2*x^2*y^2*z^6 + 2*x^1*y^16 + -2*y^1*z^7

Allocate G_len 20 elements and old = 0.
Allocate M_len = 400 elements.
Allocate G_len 40 elements and old = 20.
Allocate M_len = 800 elements.
Allocate G_len 80 elements and old = 40.
Allocate M_len = 1600 elements.
Allocate M_len = 3200 elements.
Allocate G_len 160 elements and old = 80.
Allocate M_len = 6400 elements.
Allocate M_len = 12800 elements.
Allocate G_len 320 elements and old = 160.
The final length of G is 163
[10, 6, 1, 0]  	187	6 
[14, 7, 0, 0]  	203	8 
[26, 0, 0, 0]  	208	8  <--- 1
[10, 5, 3, 0]  	232	7 
[8, 4, 5, 0]  	261	7 
[6, 4, 6, 0]  	274	6 
[22, 5, 2, 0]  	299	13 
[5, 18, 1, 0]  	303	6 
[22, 4, 3, 0]  	315	12 
[14, 3, 6, 0]  	325	11 
[20, 4, 4, 0]  	328	11 
[18, 3, 5, 0]  	328	11 
[22, 3, 4, 0]  	331	12 
[13, 18, 0, 0]  	338	11 
[14, 2, 7, 0]  	341	10 
[9, 3, 8, 0]  	343	8 
[8, 17, 2, 0]  	343	8 
[18, 2, 6, 0]  	344	11 
[11, 2, 8, 0]  	346	9 
[22, 2, 5, 0]  	347	10 
[10, 1, 9, 0]  	354	9 
[7, 3, 9, 0]  	356	7 
[6, 17, 3, 0]  	356	7 
[14, 1, 8, 0]  	357	10 
[9, 2, 9, 0]  	359	8 
[8, 16, 3, 0]  	359	8 
[18, 1, 7, 0]  	360	9 
[8, 1, 10, 0]  	367	8 
[5, 3, 10, 0]  	369	6 
[10, 0, 10, 0]  	370	9 
[7, 2, 10, 0]  	372	8 
[14, 0, 9, 0]  	373	8 
[8, 15, 4, 0]  	375	8 
[18, 0, 8, 0]  	376	8 
[5, 17, 4, 0]  	377	6 
[24, 1, 6, 0]  	379	7 
[22, 0, 7, 0]  	379	8 
[7, 16, 4, 0]  	380	7 
[6, 1, 11, 0]  	380	7 
[8, 0, 11, 0]  	383	7 
[7, 14, 5, 0]  	383	7 
[5, 2, 11, 0]  	385	6 
[4, 16, 5, 0]  	385	6 
[6, 26, 0, 0]  	386	7 
[6, 15, 5, 0]  	388	6 
[5, 0, 12, 0]  	388	6 
[8, 25, 0, 0]  	389	7 
[5, 27, 0, 0]  	391	6 
[10, 24, 0, 0]  	392	7 
[4, 1, 12, 0]  	393	6 
[5, 14, 6, 0]  	396	6 
[4, 15, 6, 0]  	401	5 
[3, 29, 0, 0]  	401	5 
[5, 10, 8, 0]  	402	6 
[4, 13, 7, 0]  	404	5 
[5, 8, 9, 0]  	405	6 
[3, 16, 6, 0]  	406	6 
[4, 0, 13, 0]  	409	5 
[4, 9, 9, 0]  	410	5 
[4, 27, 1, 0]  	412	5 
[4, 7, 10, 0]  	413	5 
[4, 25, 2, 0]  	415	5 
[4, 5, 11, 0]  	416	6 
[4, 23, 3, 0]  	418	5 
[4, 12, 8, 0]  	420	4 
[3, 26, 2, 0]  	420	4 
[4, 21, 4, 0]  	421	5 
[3, 24, 3, 0]  	423	4 
[3, 11, 9, 0]  	428	4 
[3, 20, 5, 0]  	429	5 
[3, 9, 10, 0]  	431	4 
[3, 7, 11, 0]  	434	4 
[2, 30, 1, 0]  	435	5 
[2, 10, 10, 0]  	436	3 
[3, 5, 12, 0]  	437	5 
[3, 23, 4, 0]  	439	3 
[2, 8, 11, 0]  	439	3 
[2, 26, 3, 0]  	441	3 
[2, 6, 12, 0]  	442	4 
[2, 24, 4, 0]  	444	3 
[2, 33, 0, 0]  	445	5 
[2, 22, 5, 0]  	447	3 
[1, 25, 4, 0]  	449	2 
[2, 20, 6, 0]  	450	4 
[1, 23, 5, 0]  	452	2 
[1, 21, 6, 0]  	455	3 
[1, 10, 11, 0]  	457	2 
[2, 5, 13, 0]  	458	4 
[3, 0, 15, 0]  	459	4 
[1, 8, 12, 0]  	460	2 
[1, 35, 0, 0]  	463	3 
[2, 1, 15, 0]  	464	4 
[0, 9, 12, 0]  	465	1 
[0, 36, 0, 0]  	468	2  <--- 2
[1, 20, 7, 0]  	471	3 
[1, 29, 3, 0]  	472	3 
[0, 23, 6, 0]  	473	1 
[1, 7, 13, 0]  	476	2 
[1, 34, 1, 0]  	479	3 
[2, 0, 16, 0]  	480	3 
[0, 8, 13, 0]  	481	1 
[0, 35, 1, 0]  	484	2 
[0, 22, 7, 0]  	489	1 
[1, 6, 14, 0]  	492	2 
[1, 15, 10, 0]  	493	3 
[1, 33, 2, 0]  	495	3 
[0, 7, 14, 0]  	497	1 
[0, 34, 2, 0]  	500	2 
[1, 0, 17, 0]  	501	2 
[0, 21, 8, 0]  	505	1 
[1, 5, 15, 0]  	508	2 
[0, 6, 15, 0]  	513	1 
[0, 33, 3, 0]  	516	2 
[0, 20, 9, 0]  	521	1 
[0, 29, 5, 0]  	522	2 
[1, 4, 16, 0]  	524	2 
[0, 5, 16, 0]  	529	1 
[0, 32, 4, 0]  	532	2 
[0, 19, 10, 0]  	537	1 
[0, 4, 17, 0]  	545	1 
[0, 0, 19, 0]  	551	1  <--- 3
[0, 18, 11, 0]  	553	1 
[0, 3, 18, 0]  	561	1 
[8, 5, 4, 1]  	245	6 
[18, 4, 4, 1]  	312	12 
[13, 3, 7, 1]  	346	9 
[22, 1, 6, 1]  	363	9 
[6, 16, 4, 1]  	372	7 
[7, 0, 11, 1]  	375	7 
[4, 11, 8, 1]  	407	5 
[3, 1, 13, 1]  	414	5 
[3, 28, 1, 1]  	417	4 
[3, 15, 7, 1]  	422	5 
[3, 13, 8, 1]  	425	4 
[3, 22, 4, 1]  	426	4 
[3, 0, 14, 1]  	430	4 
[2, 12, 9, 1]  	433	3 
[2, 15, 8, 1]  	443	4 
[2, 29, 2, 1]  	451	4 
[2, 19, 7, 1]  	466	4 
[2, 4, 14, 1]  	474	4 
[1, 19, 8, 1]  	487	3 
[1, 18, 9, 1]  	503	3 
[6, 3, 7, 2]  	290	7 
[5, 12, 7, 2]  	399	6 
[5, 17, 1, 48]  	290	6 
[9, 2, 8, 48]  	330	8 
[4, 26, 1, 48]  	399	5 
[2, 0, 15, 48]  	451	3 
[6, 4, 5, 49]  	245	5 
[16, 3, 5, 49]  	312	9 
[9, 1, 9, 49]  	346	7 
[20, 0, 7, 49]  	363	8 
[5, 1, 11, 49]  	372	6 
[3, 25, 2, 49]  	407	4 
[1, 29, 1, 49]  	414	3 
[1, 27, 2, 49]  	417	2 
[2, 7, 11, 49]  	426	3 
[1, 26, 3, 49]  	433	2 
[1, 0, 15, 49]  	443	2 
[0, 32, 2, 49]  	474	2 
[0, 4, 16, 49]  	516	1 
[0, 18, 10, 49]  	524	1 
------
The gap is between 3 and 47.
Lengths: 3 3 6 6 3 3.
For 490 = 5*d/2-d1-d2-d3 you get 3 in char 0.
1*x^1*y^17*z^9
1*y^31*z^3
1*y^2*z^16

For 274 = 3*d/2-d1-d2-d3 you get 6 in char 0.
1*x^5*y^18
1*x^4*y^3*z^7
1*x^3*y^17*z^1
1*x^2*y^2*z^8
1*x^1*y^16*z^2
1*y^1*z^9

For 58 = d/2-d1-d2-d3 you get 3 in char 0.
1*x^4*y^2
1*x^2*y^1*z^1
1*z^2

Extra powers of p used 0.
The invariant extra is equal to 4.
Start computing 5^3 Delta^1 (x1x2x3)^4... Done.
Start computing 5^4 Delta^2 (x1x2x3)^4... Done.
Start computing 5^5 Delta^3 (x1x2x3)^4... Done.
Start computing 5^6 Delta^4 (x1x2x3)^4... Done.
Start computing 5^7 Delta^5 (x1x2x3)^4... Done.
Start computing 5^8 Delta^6 (x1x2x3)^4... Done.
Start computing 5^9 Delta^7 (x1x2x3)^4... Done.
Start computing 5^10 Delta^8 (x1x2x3)^4... Done.
Start computing 5^11 Delta^9 (x1x2x3)^4... Done.
Start computing 5^12 Delta^10 (x1x2x3)^4... Done.
Start computing 5^13 Delta^11 (x1x2x3)^4... Done.
Start computing 5^14 Delta^12 (x1x2x3)^4... Done.
Start computing aa.
1 2 3 4 5 6 7 8 9 10 11 12 
*/
A = \
[43823098947613976877842927407001,100631893106295658301733646921487,34251482856148182473536018913663,139229614561876217843486230073565,107598588617161106005514991875005,110482011651896462197667632629835,91815729829428395534990307647675,54115685750521385539424676538405,127221035202207684729723414120345,104307024256553385787179219559225,122071140309423950940322699386800,31968510740612605677502592282800;\
48258381381115974382988735686252,138556975500931710910845263864650,119830388860898480696188089365289,34212222097777918899205649200455,58457058346558989235870831890670,71453314997905206443082959235870,129254197449366252839195344875895,60045976854458593021399337225170,47236870090258127229228294808790,64348385647410886042952457206925,2219504067101851953790769924800,41116877978156106896916742663175;\
75958128177972229289502693619470,118911445102412102943177749366317,114147759125637011733152378131297,1158636291232749627533845281495,97268627128284282804053391595665,136862026491236042758165882222025,11333311280382564685429908690420,114405910504311202478641333868640,25196892119625278670186274051950,35846747164874555639006324400650,44258662474368833206163772131825,31890059022176435429972003623125;\
139153095455041938991762226731075,135558902696714709421713282253976,24108597782487223633180495468521,71828563759504205651331274184615,136103848390218650851998852973690,49699214302761861939760794758435,130792288790688217813676225672475,34681711758964705858838367508140,47599703477743888386753388590455,96585783977980954299634342527025,114915310436257083710518347790900,7794062750258983104667642430250;\
24796004754249892088193154771487,111947422440467629138056489942296,54471512566963379130411575001252,95141768973035984831795904886275,20608947321216467402653154027910,48646241904733910475716930188615,48518639996337160223897081253825,114676182032912735725047039469820,87227852392875573599239034740855,100751107632781871550533243929900,120344672139046134957484884907425,79709549358805032856668907160150;\
96919131391710308667969729531591,128277890192102093002742734479280,87017471631335814814550310919437,21649804945966845900866217178475,98422077543518228721673886949400,32999481125207742838306741953075,95291956915437727120079486655435,101372920936960468442875035871870,70114091386908593824660490523755,141875642908814331446569301360025,79701803656818248712127126425150,51627446532736602002670690116825;\
81699462450934774244491967701268,106136071434944775824853709543983,121689331958824822610250331448077,46261763742343146341089124564965,89673884799309815186519910047680,2146462606953097908483313942615,125748270871963845456802041301620,127453723937608922020712557909030,12164090328816332162796427322355,50420506531455087085208246031175,49165000905671807797410752363975,124144336609173557806779932962350;\
76874422976263342215663931055946,5588002061918235822519129502184,43815627609487342352250897106413,17362310387118897887653940284740,129434208487989630672336853744935,88354917585931503922722650814330,99499694937500644519802401812380,76516800433065713231853268994750,102296980614330693808895604106175,9380617980875259047837976229975,70507911043516726154457936303250,131213270606575718757614898793950;\
56338224569782122838544256895034,59312011568499078115414366854378,16740327819606752209522593099658,43795070301158023416310944633755,86189632743800539531713803251590,24230005354164074462490169670465,97458473037805820282718670628600,87250781523185833192758122145425,31925772714988580007576310208930,112672888025498075683904682086025,10354670737812248406963759172200,34800496675258234706369409943250;\
90842125434696580747565205808915,91791567859925989959947266619702,118560632711902320678279931439740,42932191326911385171468350798340,69471486814453019625151679370330,39076053164327007750774002432255,139378292631798816271374141658680,99832315753003080566677801821785,34934982876134171943535902762260,117207532718899024906352573626675,107945110590655894745772762977550,136819365374048631589090463241125;\
132217781784017876360353087014762,3494514848318209545695192958259,45462331553036206499542039844325,4073962332270851503533082634180,140937885117219103870888615722290,123182590439313639873363536441725,118064671675899001759986509430540,83832815850796203441558912917645,48985439622108247475156616545775,64926125195387752097256764893975,103313874456492816741811116193175,69723261444097805638587150777300;\
20698352442223237003715773739837,63404249172907856400622093137314,16633546112133752878994543093640,44828326634213902685378429726830,125583599179020518993870395295540,57844144230845428951457326632850,35905689923010580033888092810515,71983808805051617219923456532245,81261653016266925658945891251950,28614090457744085105541644300650,36093609565193856183363871410300,70429650704521427310487354403175]
/* 
This should be the matrix of frobenius!
*/ 
B = A; 
/* Freed 128 lists. */
