/* Comments begin... 
Coefficient of   x^27                     = -2
Coefficient of   x^14 * y^8               = -2
Coefficient of   x^12 * y^7 * z^1         = 0
Coefficient of   x^10 * y^6 * z^2         = -1
Coefficient of   x^8 * y^5 * z^3         = 2
Coefficient of   x^6 * y^4 * z^4         = -2
Coefficient of   x^4 * y^3 * z^5         = 2
Coefficient of   x^2 * y^2 * z^6         = -1
Coefficient of   x^1 * y^16               = -1
Coefficient of   y^1 * z^7               = -1

Here is the polynomial we're using this time:

-2*x^27 + -2*x^14*y^8 + -1*x^10*y^6*z^2 + 2*x^8*y^5*z^3 + -2*x^6*y^4*z^4 + 2*x^4*y^3*z^5 + -1*x^2*y^2*z^6 + -1*x^1*y^16 + -1*y^1*z^7

Allocate G_len 20 elements and old = 0.
Allocate M_len = 400 elements.
Allocate G_len 40 elements and old = 20.
Allocate M_len = 800 elements.
Allocate G_len 80 elements and old = 40.
Allocate M_len = 1600 elements.
Allocate M_len = 3200 elements.
Allocate G_len 160 elements and old = 80.
Allocate M_len = 6400 elements.
Allocate M_len = 12800 elements.
Allocate G_len 320 elements and old = 160.
The final length of G is 162
[10, 6, 1, 0]  	187	6 
[14, 7, 0, 0]  	203	8 
[26, 0, 0, 0]  	208	8  <--- 1
[10, 5, 3, 0]  	232	7 
[8, 5, 4, 0]  	245	6 
[8, 4, 5, 0]  	261	7 
[6, 4, 6, 0]  	274	6 
[6, 3, 7, 0]  	290	7 
[22, 5, 2, 0]  	299	13 
[5, 18, 1, 0]  	303	6 
[22, 4, 3, 0]  	315	11 
[20, 4, 4, 0]  	328	11 
[18, 3, 5, 0]  	328	11 
[22, 3, 4, 0]  	331	11 
[13, 18, 0, 0]  	338	10 
[16, 3, 6, 0]  	341	10 
[14, 2, 7, 0]  	341	10 
[8, 17, 2, 0]  	343	8 
[18, 2, 6, 0]  	344	10 
[22, 2, 5, 0]  	347	10 
[12, 2, 8, 0]  	354	9 
[10, 1, 9, 0]  	354	9 
[6, 17, 3, 0]  	356	7 
[14, 1, 8, 0]  	357	9 
[9, 2, 9, 0]  	359	8 
[8, 16, 3, 0]  	359	8 
[18, 1, 7, 0]  	360	9 
[22, 1, 6, 0]  	363	9 
[8, 1, 10, 0]  	367	8 
[5, 3, 10, 0]  	369	6 
[10, 0, 10, 0]  	370	8 
[7, 2, 10, 0]  	372	7 
[6, 16, 4, 0]  	372	7 
[14, 0, 9, 0]  	373	8 
[7, 0, 11, 0]  	375	7 
[18, 0, 8, 0]  	376	8 
[5, 17, 4, 0]  	377	6 
[22, 0, 7, 0]  	379	8 
[7, 14, 5, 0]  	383	7 
[5, 2, 11, 0]  	385	6 
[4, 16, 5, 0]  	385	6 
[6, 26, 0, 0]  	386	7 
[6, 15, 5, 0]  	388	7 
[8, 25, 0, 0]  	389	7 
[5, 27, 0, 0]  	391	6 
[10, 24, 0, 0]  	392	7 
[4, 1, 12, 0]  	393	6 
[6, 0, 12, 0]  	396	7 
[5, 10, 8, 0]  	402	6 
[4, 13, 7, 0]  	404	5 
[5, 8, 9, 0]  	405	6 
[3, 16, 6, 0]  	406	6 
[4, 11, 8, 0]  	407	5 
[5, 15, 6, 0]  	409	5 
[4, 29, 0, 0]  	409	5 
[4, 0, 13, 0]  	409	5 
[4, 9, 9, 0]  	410	5 
[4, 7, 10, 0]  	413	5 
[3, 30, 0, 0]  	414	5 
[3, 1, 13, 0]  	414	5 
[4, 25, 2, 0]  	415	5 
[4, 5, 11, 0]  	416	6 
[3, 28, 1, 0]  	417	4 
[4, 23, 3, 0]  	418	5 
[3, 26, 2, 0]  	420	4 
[4, 21, 4, 0]  	421	5 
[3, 15, 7, 0]  	422	5 
[3, 13, 8, 0]  	425	4 
[3, 22, 4, 0]  	426	4 
[3, 11, 9, 0]  	428	4 
[3, 20, 5, 0]  	429	5 
[3, 0, 14, 0]  	430	4 
[3, 9, 10, 0]  	431	4 
[2, 12, 9, 0]  	433	3 
[3, 7, 11, 0]  	434	4 
[3, 25, 3, 0]  	436	3 
[2, 10, 10, 0]  	436	3 
[3, 5, 12, 0]  	437	5 
[2, 8, 11, 0]  	439	3 
[2, 26, 3, 0]  	441	3 
[2, 6, 12, 0]  	442	4 
[2, 15, 8, 0]  	443	4 
[2, 24, 4, 0]  	444	3 
[2, 22, 5, 0]  	447	3 
[1, 25, 4, 0]  	449	2 
[2, 20, 6, 0]  	450	4 
[1, 23, 5, 0]  	452	2 
[1, 21, 6, 0]  	455	3 
[1, 10, 11, 0]  	457	2 
[2, 34, 0, 0]  	458	4 
[2, 5, 13, 0]  	458	4 
[1, 8, 12, 0]  	460	2 
[1, 35, 0, 0]  	463	3 
[2, 1, 15, 0]  	464	4 
[0, 9, 12, 0]  	465	1 
[2, 19, 7, 0]  	466	4 
[1, 20, 7, 0]  	471	3 
[1, 29, 3, 0]  	472	3 
[0, 23, 6, 0]  	473	1 
[2, 4, 14, 0]  	474	4 
[1, 7, 13, 0]  	476	2 
[1, 34, 1, 0]  	479	3 
[2, 0, 16, 0]  	480	3 
[0, 37, 0, 0]  	481	1  <--- 2
[0, 8, 13, 0]  	481	1 
[0, 35, 1, 0]  	484	2 
[1, 19, 8, 0]  	487	3 
[0, 22, 7, 0]  	489	1 
[1, 6, 14, 0]  	492	2 
[1, 15, 10, 0]  	493	3 
[0, 7, 14, 0]  	497	1 
[0, 34, 2, 0]  	500	2 
[1, 0, 17, 0]  	501	2 
[1, 18, 9, 0]  	503	3 
[0, 21, 8, 0]  	505	1 
[1, 5, 15, 0]  	508	2 
[0, 6, 15, 0]  	513	1 
[0, 33, 3, 0]  	516	2 
[0, 20, 9, 0]  	521	1 
[1, 4, 16, 0]  	524	2 
[0, 5, 16, 0]  	529	1 
[0, 32, 4, 0]  	532	2 
[0, 19, 10, 0]  	537	1 
[0, 4, 17, 0]  	545	1 
[0, 0, 19, 0]  	551	1  <--- 3
[0, 18, 11, 0]  	553	1 
[0, 3, 18, 0]  	561	1 
[14, 3, 6, 1]  	325	11 
[11, 2, 8, 1]  	346	9 
[6, 1, 11, 1]  	380	7 
[5, 0, 12, 1]  	388	6 
[5, 14, 6, 1]  	396	6 
[5, 12, 7, 1]  	399	6 
[4, 15, 6, 1]  	401	6 
[3, 29, 0, 1]  	401	5 
[4, 27, 1, 1]  	412	5 
[3, 24, 3, 1]  	423	4 
[2, 30, 1, 1]  	435	5 
[2, 33, 0, 1]  	445	5 
[2, 29, 2, 1]  	451	4 
[0, 29, 5, 1]  	522	2 
[18, 4, 4, 2]  	312	12 
[0, 36, 0, 2]  	468	2 
[1, 33, 2, 2]  	495	3 
[16, 3, 5, 48]  	312	11 
[3, 0, 13, 48]  	401	4 
[0, 7, 13, 48]  	468	1 
[1, 4, 15, 48]  	495	2 
[13, 17, 0, 49]  	325	8 
[13, 2, 7, 49]  	333	8 
[9, 1, 9, 49]  	346	8 
[5, 15, 5, 49]  	380	6 
[3, 28, 0, 49]  	388	4 
[3, 11, 8, 49]  	399	4 
[2, 9, 10, 49]  	423	2 
[2, 1, 14, 49]  	435	4 
[2, 4, 13, 49]  	445	3 
[2, 0, 15, 49]  	451	3 
[1, 15, 9, 49]  	464	3 
[1, 18, 8, 49]  	474	3 
[0, 32, 3, 49]  	503	2 
[0, 0, 18, 49]  	522	1 
------
The gap is between 3 and 47.
Lengths: 3 3 6 6 3 4.
For 490 = 5*d/2-d1-d2-d3 you get 3 in char 0.
1*x^1*y^17*z^9
1*y^31*z^3
1*y^2*z^16

For 274 = 3*d/2-d1-d2-d3 you get 6 in char 0.
1*x^5*y^18
1*x^4*y^3*z^7
1*x^3*y^17*z^1
1*x^2*y^2*z^8
1*x^1*y^16*z^2
1*y^1*z^9

For 58 = d/2-d1-d2-d3 you get 3 in char 0.
1*x^4*y^2
1*x^2*y^1*z^1
1*z^2

Extra powers of p used 1.
The invariant extra is equal to 4.
Start computing 5^3 Delta^1 (x1x2x3)^4... Done.
Start computing 5^4 Delta^2 (x1x2x3)^4... Done.
Start computing 5^5 Delta^3 (x1x2x3)^4... Done.
Start computing 5^6 Delta^4 (x1x2x3)^4... Done.
Start computing 5^7 Delta^5 (x1x2x3)^4... Done.
Start computing 5^8 Delta^6 (x1x2x3)^4... Done.
Start computing 5^9 Delta^7 (x1x2x3)^4... Done.
Start computing 5^10 Delta^8 (x1x2x3)^4... Done.
Start computing 5^11 Delta^9 (x1x2x3)^4... Done.
Start computing 5^12 Delta^10 (x1x2x3)^4... Done.
Start computing 5^13 Delta^11 (x1x2x3)^4... Done.
Start computing 5^14 Delta^12 (x1x2x3)^4... Done.
Start computing aa.
1 2 3 4 5 6 7 8 9 10 11 12 
*/
A = \
[516907461822247178954493124252896,136512434525057617841278921435639,13478238373421143467313658590766,644856620014195010893156075550720,528402120287380562618330093286490,506569164346468228435842588125330,174179309930904310772279586374935,684297979710420570664876020767420,69519293414445532253626268402300,674848741937041117605475445081550,615978568021446312263669602258400,316511940929375297664498427426100;\
603480959102633546043279612735334,514946861834485334722004677408971,156845803037952991127636138537444,510174552895993621993123828930805,587899644937752925964383313779560,166989217402463689183823132182145,579593447992571453689113137220390,84389444082738905123650854357805,524184088151403800123848247282900,309866245224465208960523233250950,220025467943054095766258026435100,151974432478425715581942763499400;\
282877477356379351952553952432298,165161819980143079547826866660867,137409191491396719044547801857853,85362045737001962040636393547935,259433999116007694699661788270170,501479209280211889254263925112590,576540104366651574857450639920780,236388231077405828271318789130685,674000394034825923051277727860500,628399672798742194865496454371650,473825460512625851484766235756075,605754706325840314680895241736675;\
237840438481706559062821915664349,661358699419239149360455800307051,189119276106689731678633059454649,172417704799703058323267511487705,318621991670155572730581056632560,320373855071090778495165763242345,438866429700154187618547133595540,551993922353352482192974434842355,57562175856002079727376804830075,143801547286725650873169345346325,629662345065483410957877332698975,425427074617445441180546148137025;\
194543065353186944295056714536330,654394158182664478191828211096425,219406994465346906743245013996115,89705614187348726093539255843850,119177714438842829191856404245800,684438202564273391253133200473050,247448681800483205336850835443675,189401880849047887431347045101825,389712535742233151668158701421775,416315906298890065391753648962125,172503981894633134055421067057250,379144353398220901781630581335750;\
346795599225899844758876630915894,318363475848236563189710866435551,644076810332540172721062496186209,385364103414363123083418949117780,571553375306248103781636497631235,274146499369679906712756247286870,398166760139364385273113823515340,626315823892842712551128355436380,576292869322461769204198712711500,214248451026785384081324954279450,223040067168176107069691772941225,358428162430184665381529329726775;\
514599422649638705749293995421915,674361867735926692616511842867135,547439928247801271726309573825190,597152925823376020392124822657800,487629543194239959524960091364675,565542246576973631355314759897300,165831055021740432509775780899600,243174312445984118398820461227275,311679967228611915018075356478650,497583511797341756792685717622500,538774255629397850808377227660250,505211857791857875630594620505000;\
125188198052099760560176350914674,212947018497087597798989545938011,415070889808983441395743736456619,286786176834572974012002967725530,114186443889537393798577196806410,699171804398564263990125288337445,656033778734973128054721065011665,85270844524191302276918859309005,335393128311090955656432160127900,34060442592947931309730628761075,14025619184863315014771401258225,373201921366674155878534481025900;\
196019734652216032541442128428734,186598291789405621663069150924196,639573397411841801677611336277144,73501102412182997465531799187255,41338315730352740018165662285360,427061218732791919237823413031095,530251053966356087980482672301115,676112518655428176192716066126630,323317663630642331335346334978000,576974940880186333236389582951325,83751578691635125386067018468350,419888243214907489274527378360275;\
219581682158589889318826617396222,336942182901256505642347909997583,243446928186866535853749569082782,31690981014489698305855200756290,119657025089744538097577966849580,404112549373515459740918514161785,650614267636412535712161269329070,183390919929423887333237636221665,638656620690532740729564693802000,421406620215239349056670214118600,548400471882643465683411271561800,34955325189671565474468200770200;\
128843609166686734969971350946674,170598298885633004804904135568126,611415593767746861433060400125449,268609960784155211574250177050305,120339545407374475969573289599085,592943246478808605190014545847320,584576058919741743401869699709365,54920793281729396596226042989005,569108376550972650737781761058675,190999599349314625336532812484575,332402111573458436732931201064475,628041853885985745725072180653650;\
669391150461547701312592845578401,222796104314574216067321586770744,52560164775592984911125974523341,647217066003438484878832868946570,245803321956737213215083310496840,451500313041712954623303686100980,188688914190946143086036444799660,709770658534420960617338216202220,209156732520851981935009125955225,660624520290645316311135151604175,93600638836954741791193757432150,620136145262378303571001667308975]
/* 
This matrix times 5^(-1) should be the matrix of frobenius.
*/ 
B = 5^(-1) * A; 
/* Freed 129 lists. */
