/* Comments begin... 
Coefficient of   x^27                     = -1
Coefficient of   x^14 * y^8               = 2
Coefficient of   x^12 * y^7 * z^1         = -2
Coefficient of   x^10 * y^6 * z^2         = 1
Coefficient of   x^8 * y^5 * z^3         = 2
Coefficient of   x^6 * y^4 * z^4         = 1
Coefficient of   x^4 * y^3 * z^5         = 2
Coefficient of   x^2 * y^2 * z^6         = -1
Coefficient of   x^1 * y^16               = 2
Coefficient of   y^1 * z^7               = -2

Here is the polynomial we're using this time:

-1*x^27 + 2*x^14*y^8 + -2*x^12*y^7*z^1 + 1*x^10*y^6*z^2 + 2*x^8*y^5*z^3 + 1*x^6*y^4*z^4 + 2*x^4*y^3*z^5 + -1*x^2*y^2*z^6 + 2*x^1*y^16 + -2*y^1*z^7

Allocate G_len 20 elements and old = 0.
Allocate M_len = 400 elements.
Allocate G_len 40 elements and old = 20.
Allocate M_len = 800 elements.
Allocate G_len 80 elements and old = 40.
Allocate M_len = 1600 elements.
Allocate M_len = 3200 elements.
Allocate G_len 160 elements and old = 80.
Allocate M_len = 6400 elements.
Allocate M_len = 12800 elements.
Allocate G_len 320 elements and old = 160.
Allocate M_len = 25600 elements.
The final length of G is 179
[12, 7, 0, 0]  	187	7 
[12, 6, 1, 0]  	203	8 
[26, 0, 0, 0]  	208	8  <--- 1
[10, 6, 2, 0]  	216	7 
[10, 5, 3, 0]  	232	8 
[8, 5, 4, 0]  	245	7 
[6, 4, 6, 0]  	274	7 
[22, 5, 2, 0]  	299	13 
[7, 19, 0, 0]  	303	7 
[18, 4, 4, 0]  	312	12 
[22, 4, 3, 0]  	315	12 
[16, 4, 5, 0]  	325	11 
[14, 3, 6, 0]  	325	11 
[11, 3, 7, 0]  	330	10 
[22, 3, 4, 0]  	331	11 
[11, 17, 1, 0]  	338	10 
[10, 18, 1, 0]  	343	9 
[9, 3, 8, 0]  	343	9 
[20, 3, 5, 0]  	344	11 
[11, 2, 8, 0]  	346	9 
[22, 2, 5, 0]  	347	10 
[9, 17, 2, 0]  	351	9 
[8, 18, 2, 0]  	356	8 
[7, 3, 9, 0]  	356	8 
[14, 1, 8, 0]  	357	9 
[9, 2, 9, 0]  	359	8 
[8, 16, 3, 0]  	359	8 
[22, 1, 6, 0]  	363	9 
[7, 17, 3, 0]  	364	8 
[8, 1, 10, 0]  	367	8 
[6, 18, 3, 0]  	369	7 
[12, 1, 9, 0]  	370	8 
[10, 0, 10, 0]  	370	8 
[7, 2, 10, 0]  	372	7 
[6, 16, 4, 0]  	372	7 
[18, 2, 7, 0]  	373	8 
[14, 0, 9, 0]  	373	8 
[7, 0, 11, 0]  	375	7 
[20, 1, 7, 0]  	376	8 
[18, 0, 8, 0]  	376	8 
[6, 3, 10, 0]  	377	7 
[5, 17, 4, 0]  	377	7 
[22, 0, 7, 0]  	379	8 
[6, 1, 11, 0]  	380	7 
[7, 14, 5, 0]  	383	7 
[5, 2, 11, 0]  	385	6 
[4, 16, 5, 0]  	385	6 
[6, 26, 0, 0]  	386	7 
[6, 15, 5, 0]  	388	6 
[5, 0, 12, 0]  	388	6 
[5, 27, 0, 0]  	391	6 
[6, 22, 2, 0]  	392	7 
[4, 1, 12, 0]  	393	6 
[5, 25, 1, 0]  	394	6 
[5, 14, 6, 0]  	396	6 
[5, 12, 7, 0]  	399	6 
[5, 21, 3, 0]  	400	6 
[4, 15, 6, 0]  	401	5 
[3, 29, 0, 0]  	401	5 
[5, 10, 8, 0]  	402	6 
[4, 11, 8, 0]  	407	5 
[5, 6, 10, 0]  	408	6 
[4, 0, 13, 0]  	409	5 
[5, 24, 2, 0]  	410	6 
[4, 27, 1, 0]  	412	5 
[4, 7, 10, 0]  	413	5 
[4, 25, 2, 0]  	415	5 
[4, 5, 11, 0]  	416	6 
[4, 14, 7, 0]  	417	4 
[3, 28, 1, 0]  	417	4 
[5, 9, 9, 0]  	418	5 
[4, 23, 3, 0]  	418	5 
[4, 21, 4, 0]  	421	5 
[3, 15, 7, 0]  	422	5 
[4, 10, 9, 0]  	423	4 
[3, 24, 3, 0]  	423	4 
[3, 13, 8, 0]  	425	4 
[3, 22, 4, 0]  	426	4 
[3, 11, 9, 0]  	428	4 
[3, 20, 5, 0]  	429	5 
[3, 0, 14, 0]  	430	4 
[3, 9, 10, 0]  	431	4 
[3, 27, 2, 0]  	433	3 
[2, 12, 9, 0]  	433	3 
[3, 7, 11, 0]  	434	4 
[2, 30, 1, 0]  	435	5 
[3, 5, 12, 0]  	437	5 
[2, 26, 3, 0]  	441	3 
[2, 6, 12, 0]  	442	4 
[2, 15, 8, 0]  	443	4 
[3, 19, 6, 0]  	445	5 
[2, 33, 0, 0]  	445	5 
[2, 22, 5, 0]  	447	3 
[2, 11, 10, 0]  	449	3 
[2, 20, 6, 0]  	450	4 
[2, 9, 11, 0]  	452	2 
[1, 23, 5, 0]  	452	2 
[1, 21, 6, 0]  	455	3 
[2, 25, 4, 0]  	457	2 
[1, 10, 11, 0]  	457	2 
[2, 5, 13, 0]  	458	4 
[1, 8, 12, 0]  	460	2 
[1, 35, 0, 0]  	463	3 
[2, 1, 15, 0]  	464	4 
[0, 9, 12, 0]  	465	1 
[2, 19, 7, 0]  	466	4 
[0, 36, 0, 0]  	468	2  <--- 2
[1, 20, 7, 0]  	471	3 
[1, 29, 3, 0]  	472	3 
[0, 23, 6, 0]  	473	1 
[2, 4, 14, 0]  	474	4 
[1, 7, 13, 0]  	476	2 
[1, 34, 1, 0]  	479	3 
[2, 0, 16, 0]  	480	3 
[0, 8, 13, 0]  	481	1 
[0, 35, 1, 0]  	484	2 
[1, 19, 8, 0]  	487	3 
[0, 22, 7, 0]  	489	1 
[1, 6, 14, 0]  	492	2 
[0, 7, 14, 0]  	497	1 
[0, 34, 2, 0]  	500	2 
[1, 18, 9, 0]  	503	3 
[0, 21, 8, 0]  	505	1 
[1, 5, 15, 0]  	508	2 
[0, 6, 15, 0]  	513	1 
[0, 33, 3, 0]  	516	2 
[0, 20, 9, 0]  	521	1 
[0, 29, 5, 0]  	522	2 
[1, 4, 16, 0]  	524	2 
[0, 5, 16, 0]  	529	1 
[1, 0, 18, 0]  	530	1 
[0, 32, 4, 0]  	532	2 
[0, 19, 10, 0]  	537	1 
[0, 4, 17, 0]  	545	1 
[0, 0, 19, 0]  	551	1  <--- 3
[0, 18, 11, 0]  	553	1 
[0, 3, 18, 0]  	561	1 
[8, 4, 5, 1]  	261	8 
[7, 18, 0, 1]  	290	8 
[18, 3, 5, 1]  	328	11 
[14, 2, 7, 1]  	341	10 
[20, 2, 6, 1]  	360	10 
[18, 1, 7, 1]  	360	9 
[6, 24, 1, 1]  	389	7 
[5, 23, 2, 1]  	397	6 
[4, 13, 7, 1]  	404	5 
[5, 8, 9, 1]  	405	6 
[3, 16, 6, 1]  	406	6 
[4, 9, 9, 1]  	410	5 
[3, 1, 13, 1]  	414	5 
[3, 26, 2, 1]  	420	4 
[2, 10, 10, 1]  	436	3 
[2, 24, 4, 1]  	444	3 
[2, 29, 2, 1]  	451	4 
[1, 15, 10, 1]  	493	3 
[1, 33, 2, 1]  	495	3 
[18, 2, 6, 2]  	344	10 
[10, 1, 9, 2]  	354	9 
[2, 8, 11, 2]  	439	3 
[1, 25, 4, 3]  	449	2 
[1, 0, 17, 3]  	501	2 
[0, 10, 11, 47]  	449	1 
[9, 15, 3, 48]  	354	7 
[16, 0, 8, 48]  	360	8 
[9, 0, 10, 48]  	362	7 
[1, 22, 5, 48]  	439	2 
[6, 3, 6, 49]  	261	7 
[12, 0, 8, 49]  	328	7 
[16, 1, 7, 49]  	344	9 
[5, 9, 8, 49]  	389	6 
[3, 22, 3, 49]  	397	3 
[3, 27, 1, 49]  	404	3 
[2, 30, 0, 49]  	406	5 
[2, 15, 7, 49]  	414	4 
[2, 11, 9, 49]  	420	2 
[0, 9, 11, 49]  	436	1 
[2, 0, 15, 49]  	451	2 
[0, 29, 4, 49]  	493	2 
[1, 4, 15, 49]  	495	2 
------
The gap is between 4 and 46.
Lengths: 3 3 6 6 3 3.
For 490 = 5*d/2-d1-d2-d3 you get 3 in char 0.
1*x^1*y^17*z^9
1*y^31*z^3
1*y^2*z^16

For 274 = 3*d/2-d1-d2-d3 you get 6 in char 0.
1*x^5*y^18
1*x^4*y^3*z^7
1*x^3*y^17*z^1
1*x^2*y^2*z^8
1*x^1*y^16*z^2
1*y^1*z^9

For 58 = d/2-d1-d2-d3 you get 3 in char 0.
1*x^4*y^2
1*x^2*y^1*z^1
1*z^2

Extra powers of p used 0.
The invariant extra is equal to 4.
Start computing 5^3 Delta^1 (x1x2x3)^4... Done.
Start computing 5^4 Delta^2 (x1x2x3)^4... Done.
Start computing 5^5 Delta^3 (x1x2x3)^4... Done.
Start computing 5^6 Delta^4 (x1x2x3)^4... Done.
Start computing 5^7 Delta^5 (x1x2x3)^4... Done.
Start computing 5^8 Delta^6 (x1x2x3)^4... Done.
Start computing 5^9 Delta^7 (x1x2x3)^4... Done.
Start computing 5^10 Delta^8 (x1x2x3)^4... Done.
Start computing 5^11 Delta^9 (x1x2x3)^4... Done.
Start computing 5^12 Delta^10 (x1x2x3)^4... Done.
Start computing 5^13 Delta^11 (x1x2x3)^4... Done.
Start computing 5^14 Delta^12 (x1x2x3)^4... Done.
Start computing aa.
1 2 3 4 5 6 7 8 9 10 11 12 
*/
A = \
[129374263753677926952951561629185,130639943942060075256380031687178,98637149225899747454079407657557,70247897096394017884879619224710,13341224563649826092217989261880,122228420391225023072178520381140,130080809799864669657461806189005,111905106493720618500006226284100,92344859213499870900055152937450,135448394213651223476821930348850,46654390625326562103978835396450,113352565365723991265524796398050;\
137978186524551234726525036516052,128413192633422336740252329909285,25233242061992671280622538337750,63152213147363093106470662699750,49583722276610990231220990590885,107450357236945972915211176726560,115424398866598320313693438700685,33098069253146201775376992195980,95135612449196261136608577306225,28206039371177308004990742168000,116558623201834923485160328823625,97893107149659926267968912785850;\
51934270882710745731201357609275,123252922725375603148113928846723,44098636923338319884216742249565,98761611698456968634110711088995,25044929539098194118963408214605,101570465650255194889554189622780,22214646776396128662202552503335,126804090723086155780452250916840,39316553383979851838078757723615,58294463704732089784371467022750,2819868900454758471810676468925,55634367224433598936942464658175;\
28343219506999302743668744817275,45416358742056319493102245196009,39627727615817508313863547540403,6671040651473926878633270024355,61264364536686978711198955585660,130970619707108405296751418597145,54514651865765076929854288440660,140633635670902971707553329722870,110844132436399041069889586357165,17582246212151603290714403329300,79054433949580740515945750054600,121527315269542581349517971572675;\
60249352607876172115815611740405,133174603085614773114712319222128,51141079444223487647822079910020,36098948086324002015059531143220,34222537117435706034066094192615,92519444768461425827373292024620,88560085854578198110423939002525,57097965397666861760744071191920,63744853164534628094995143890785,78296100843083549179519804638000,40705152318795199153558188119950,13779931613493330005132768032825;\
125101951892979149916638426235747,48616602686679266328869155574324,48483116202607909266668886919853,91986323417051755592165685332205,55919047169389079079759294137210,2031658341163058442809817252830,85128268678797569282163630672975,17749977023872240265485613746810,15517016520979229837895964325490,77970050031963070817389615293150,32463364726602274650390191465675,18403027423770304910835408746550;\
110093379707828936207922929231096,139464585443357735988882770032862,74921561771683906819598330335574,121427369568622421028072120735720,29039780558184960412309714346835,46825610631961579905983668710195,5819212280040828731428472811000,52684215169427446402983314907060,96010120306820892225676552840420,39049856603038808165002412783875,19195071457778235725791937337550,38900213912909449759154195505875;\
84457007694881586210410884822264,25471371625432452047418424911798,85633927899640552686944580058383,64380377236087073015718615082460,100104093309206071853918779764445,9760637798564003611610121195275,25944743321312666251131770359640,51054366450773088583209466844895,108463866166805219366345785403720,118347595201118266629681973009200,19147253831240080964855224763550,33008184617875033395366480938075;\
138497318839678463945475718210016,57692375914823605145043217391167,109889159434109888393582932092461,9782686415076617135493411846500,102041435834626744641326431978735,132348470438370812585679681615585,127637933289093244338231259727600,21789282078341563182562159539545,16338672849437707335121572639945,117531701006263873787687460560250,88212724141116544760944207866800,41186570822911098022128264489400;\
77388215324110688327293438653167,65024455884007128829435414871252,126965507351265677288346394636906,50828583489008978779365221139405,77476101459962712425205855136985,65071732747489544819176061010895,115639255789525462151270478735450,34370492776464019382736388909705,51277856837130164399743681747175,61271786355719985163402118208550,89171801716476801985394145785800,66260853268639818411476840823125;\
112561075579480273989739420870165,88744191370764133357087997633649,68534183414501985705719600034992,93525561828003011410828676746240,22331643580165766404659740835395,82857264409913056503859124061400,6766867381884789826710595232800,94414606227961824506150152338195,86603063630319677129639965070030,48959011089335732194881022819725,94203269921845608011313932447775,43598847161267697374340109968875;\
73388719616712421760899761721422,131216809814227611563205623857875,25627598689556501715877772003915,90780585977889049701318139055435,127203537186646350559265309001725,37896995448659133357438894010070,23432313055126787263475608889350,8091662081972960440759380322945,116577744548624125284639903469735,124983096469283806004444111414050,22725943381906140477058285224725,133488025849285580789905901086875]
/* 
This should be the matrix of frobenius!
*/ 
B = A; 
/* Freed 130 lists. */
