/* Comments begin... 
Coefficient of   x^27                     = 2
Coefficient of   x^14 * y^8               = 2
Coefficient of   x^12 * y^7 * z^1         = 1
Coefficient of   x^10 * y^6 * z^2         = 1
Coefficient of   x^8 * y^5 * z^3         = -2
Coefficient of   x^6 * y^4 * z^4         = 0
Coefficient of   x^4 * y^3 * z^5         = 1
Coefficient of   x^2 * y^2 * z^6         = 2
Coefficient of   x^1 * y^16               = 2
Coefficient of   y^1 * z^7               = 0

Here is the polynomial we're using this time:

2*x^27 + 2*x^14*y^8 + 1*x^12*y^7*z^1 + 1*x^10*y^6*z^2 + -2*x^8*y^5*z^3 + 1*x^4*y^3*z^5 + 2*x^2*y^2*z^6 + 2*x^1*y^16

Allocate G_len 20 elements and old = 0.
Allocate M_len = 400 elements.
Allocate G_len 40 elements and old = 20.
Allocate M_len = 800 elements.
Allocate G_len 80 elements and old = 40.
Allocate M_len = 1600 elements.
Allocate M_len = 3200 elements.
Allocate G_len 160 elements and old = 80.
Allocate M_len = 6400 elements.
Allocate M_len = 12800 elements.
Allocate G_len 320 elements and old = 160.
Not smooth!
Coefficient of   x^27                     = 2
Coefficient of   x^14 * y^8               = -2
Coefficient of   x^12 * y^7 * z^1         = 0
Coefficient of   x^10 * y^6 * z^2         = 0
Coefficient of   x^8 * y^5 * z^3         = 1
Coefficient of   x^6 * y^4 * z^4         = 1
Coefficient of   x^4 * y^3 * z^5         = -1
Coefficient of   x^2 * y^2 * z^6         = -2
Coefficient of   x^1 * y^16               = 0
Coefficient of   y^1 * z^7               = -2

Here is the polynomial we're using this time:

2*x^27 + -2*x^14*y^8 + 1*x^8*y^5*z^3 + 1*x^6*y^4*z^4 + -1*x^4*y^3*z^5 + -2*x^2*y^2*z^6 + -2*y^1*z^7

Not smooth!
Coefficient of   x^27                     = 1
Coefficient of   x^14 * y^8               = -1
Coefficient of   x^12 * y^7 * z^1         = 2
Coefficient of   x^10 * y^6 * z^2         = 2
Coefficient of   x^8 * y^5 * z^3         = 2
Coefficient of   x^6 * y^4 * z^4         = 1
Coefficient of   x^4 * y^3 * z^5         = 0
Coefficient of   x^2 * y^2 * z^6         = -1
Coefficient of   x^1 * y^16               = -1
Coefficient of   y^1 * z^7               = -1

Here is the polynomial we're using this time:

1*x^27 + -1*x^14*y^8 + 2*x^12*y^7*z^1 + 2*x^10*y^6*z^2 + 2*x^8*y^5*z^3 + 1*x^6*y^4*z^4 + -1*x^2*y^2*z^6 + -1*x^1*y^16 + -1*y^1*z^7

Allocate M_len = 25600 elements.
The final length of G is 172
[12, 7, 0, 0]  	187	6 
[26, 0, 0, 0]  	208	8  <--- 1
[10, 6, 2, 0]  	216	7 
[10, 5, 3, 0]  	232	8 
[8, 5, 4, 0]  	245	7 
[8, 4, 5, 0]  	261	8 
[6, 4, 6, 0]  	274	7 
[7, 18, 0, 0]  	290	8 
[24, 6, 1, 0]  	299	13 
[22, 5, 2, 0]  	299	13 
[18, 4, 4, 0]  	312	12 
[22, 4, 3, 0]  	315	12 
[18, 3, 5, 0]  	328	11 
[22, 3, 4, 0]  	331	11 
[12, 3, 7, 0]  	338	10 
[11, 17, 1, 0]  	338	10 
[16, 3, 6, 0]  	341	10 
[14, 2, 7, 0]  	341	10 
[9, 3, 8, 0]  	343	9 
[18, 2, 6, 0]  	344	10 
[11, 2, 8, 0]  	346	9 
[22, 2, 5, 0]  	347	9 
[9, 17, 2, 0]  	351	9 
[10, 1, 9, 0]  	354	9 
[7, 3, 9, 0]  	356	8 
[14, 1, 8, 0]  	357	9 
[9, 2, 9, 0]  	359	8 
[8, 16, 3, 0]  	359	8 
[16, 0, 8, 0]  	360	8 
[22, 1, 6, 0]  	363	9 
[8, 1, 10, 0]  	367	8 
[6, 18, 3, 0]  	369	7 
[10, 0, 10, 0]  	370	8 
[7, 2, 10, 0]  	372	7 
[6, 16, 4, 0]  	372	7 
[14, 0, 9, 0]  	373	8 
[7, 0, 11, 0]  	375	7 
[20, 1, 7, 0]  	376	8 
[6, 3, 10, 0]  	377	7 
[22, 0, 7, 0]  	379	8 
[6, 1, 11, 0]  	380	7 
[7, 14, 5, 0]  	383	7 
[5, 2, 11, 0]  	385	6 
[4, 16, 5, 0]  	385	6 
[6, 26, 0, 0]  	386	7 
[6, 15, 5, 0]  	388	6 
[5, 0, 12, 0]  	388	6 
[6, 24, 1, 0]  	389	7 
[5, 27, 0, 0]  	391	6 
[6, 22, 2, 0]  	392	7 
[5, 14, 6, 0]  	396	6 
[5, 23, 2, 0]  	397	6 
[5, 12, 7, 0]  	399	6 
[5, 21, 3, 0]  	400	6 
[4, 15, 6, 0]  	401	5 
[3, 29, 0, 0]  	401	5 
[5, 10, 8, 0]  	402	6 
[5, 8, 9, 0]  	405	6 
[4, 2, 12, 0]  	406	6 
[3, 16, 6, 0]  	406	6 
[5, 26, 1, 0]  	407	5 
[4, 11, 8, 0]  	407	5 
[5, 6, 10, 0]  	408	6 
[4, 0, 13, 0]  	409	5 
[4, 9, 9, 0]  	410	5 
[4, 27, 1, 0]  	412	5 
[4, 7, 10, 0]  	413	5 
[3, 1, 13, 0]  	414	5 
[4, 25, 2, 0]  	415	5 
[5, 20, 4, 0]  	416	6 
[4, 5, 11, 0]  	416	6 
[3, 28, 1, 0]  	417	4 
[4, 23, 3, 0]  	418	5 
[3, 26, 2, 0]  	420	4 
[4, 21, 4, 0]  	421	5 
[3, 15, 7, 0]  	422	5 
[3, 24, 3, 0]  	423	4 
[3, 13, 8, 0]  	425	4 
[3, 11, 9, 0]  	428	4 
[3, 9, 10, 0]  	431	4 
[2, 12, 9, 0]  	433	3 
[3, 7, 11, 0]  	434	4 
[2, 30, 1, 0]  	435	5 
[2, 10, 10, 0]  	436	3 
[3, 5, 12, 0]  	437	5 
[3, 23, 4, 0]  	439	3 
[2, 8, 11, 0]  	439	3 
[2, 15, 8, 0]  	443	4 
[2, 24, 4, 0]  	444	3 
[1, 25, 4, 0]  	449	2 
[2, 20, 6, 0]  	450	4 
[1, 23, 5, 0]  	452	2 
[2, 7, 12, 0]  	455	3 
[1, 21, 6, 0]  	455	3 
[1, 10, 11, 0]  	457	2 
[2, 5, 13, 0]  	458	4 
[3, 0, 15, 0]  	459	3 
[1, 8, 12, 0]  	460	2 
[2, 1, 15, 0]  	464	4 
[0, 9, 12, 0]  	465	1 
[1, 20, 7, 0]  	471	3 
[0, 23, 6, 0]  	473	1 
[2, 4, 14, 0]  	474	4 
[1, 7, 13, 0]  	476	2 
[1, 34, 1, 0]  	479	3 
[2, 0, 16, 0]  	480	3 
[0, 37, 0, 0]  	481	1  <--- 2
[0, 8, 13, 0]  	481	1 
[0, 35, 1, 0]  	484	2 
[0, 22, 7, 0]  	489	1 
[1, 6, 14, 0]  	492	2 
[1, 15, 10, 0]  	493	3 
[1, 33, 2, 0]  	495	3 
[0, 7, 14, 0]  	497	1 
[0, 34, 2, 0]  	500	2 
[1, 0, 17, 0]  	501	2 
[1, 18, 9, 0]  	503	3 
[0, 21, 8, 0]  	505	1 
[1, 5, 15, 0]  	508	2 
[0, 6, 15, 0]  	513	1 
[0, 33, 3, 0]  	516	2 
[0, 20, 9, 0]  	521	1 
[0, 29, 5, 0]  	522	2 
[1, 4, 16, 0]  	524	2 
[0, 5, 16, 0]  	529	1 
[0, 32, 4, 0]  	532	2 
[0, 19, 10, 0]  	537	1 
[0, 4, 17, 0]  	545	1 
[0, 0, 19, 0]  	551	1  <--- 3
[0, 18, 11, 0]  	553	1 
[0, 3, 18, 0]  	561	1 
[12, 6, 1, 1]  	203	8 
[14, 3, 6, 1]  	325	11 
[5, 17, 4, 1]  	377	7 
[4, 1, 12, 1]  	393	6 
[5, 25, 1, 1]  	394	6 
[4, 13, 7, 1]  	404	5 
[3, 22, 4, 1]  	426	4 
[3, 20, 5, 1]  	429	5 
[3, 0, 14, 1]  	430	4 
[2, 26, 3, 1]  	441	3 
[2, 6, 12, 1]  	442	4 
[2, 33, 0, 1]  	445	5 
[2, 22, 5, 1]  	447	3 
[2, 29, 2, 1]  	451	4 
[1, 35, 0, 1]  	463	3 
[2, 19, 7, 1]  	466	4 
[0, 36, 0, 1]  	468	2 
[1, 29, 3, 1]  	472	3 
[1, 19, 8, 1]  	487	3 
[11, 3, 7, 2]  	330	9 
[7, 17, 3, 2]  	364	8 
[10, 17, 1, 48]  	330	8 
[6, 2, 10, 48]  	364	7 
[1, 20, 6, 48]  	442	3 
[10, 5, 2, 49]  	203	6 
[12, 2, 7, 49]  	325	9 
[4, 2, 11, 49]  	377	6 
[3, 15, 6, 49]  	393	4 
[4, 10, 8, 49]  	394	5 
[3, 27, 1, 49]  	404	1 
[2, 13, 8, 49]  	417	3 
[2, 7, 11, 49]  	426	3 
[2, 5, 12, 49]  	429	3 
[1, 11, 10, 49]  	441	2 
[2, 4, 13, 49]  	445	4 
[1, 7, 12, 49]  	447	2 
[2, 0, 15, 49]  	451	3 
[0, 6, 13, 49]  	455	1 
[0, 33, 1, 49]  	458	1 
[1, 0, 16, 49]  	472	2 
[0, 21, 7, 49]  	476	1 
------
The gap is between 3 and 47.
Lengths: 3 3 6 6 3 3.
For 490 = 5*d/2-d1-d2-d3 you get 3 in char 0.
1*x^1*y^17*z^9
1*y^31*z^3
1*y^2*z^16

For 274 = 3*d/2-d1-d2-d3 you get 6 in char 0.
1*x^5*y^18
1*x^4*y^3*z^7
1*x^3*y^17*z^1
1*x^2*y^2*z^8
1*x^1*y^16*z^2
1*y^1*z^9

For 58 = d/2-d1-d2-d3 you get 3 in char 0.
1*x^4*y^2
1*x^2*y^1*z^1
1*z^2

Extra powers of p used 0.
The invariant extra is equal to 4.
Start computing 5^3 Delta^1 (x1x2x3)^4... Done.
Start computing 5^4 Delta^2 (x1x2x3)^4... Done.
Start computing 5^5 Delta^3 (x1x2x3)^4... Done.
Start computing 5^6 Delta^4 (x1x2x3)^4... Done.
Start computing 5^7 Delta^5 (x1x2x3)^4... Done.
Start computing 5^8 Delta^6 (x1x2x3)^4... Done.
Start computing 5^9 Delta^7 (x1x2x3)^4... Done.
Start computing 5^10 Delta^8 (x1x2x3)^4... Done.
Start computing 5^11 Delta^9 (x1x2x3)^4... Done.
Start computing 5^12 Delta^10 (x1x2x3)^4... Done.
Start computing 5^13 Delta^11 (x1x2x3)^4... Done.
Start computing 5^14 Delta^12 (x1x2x3)^4... Done.
Start computing aa.
1 2 3 4 5 6 7 8 9 10 11 12 
*/
A = \
[5134632299543075860708056248877,108605708808185527571036471488779,130757875681544016219138236840200,68800300885209523692874373740470,70147438168563726291797270734880,4114910961261445156109433373985,29050043450403063686718002289345,113669689584756692696995019564920,28521649652133442044566608372670,103858544406317997560193617711450,14532512385342475790235482346850,120847186788466981894055570878275;\
359542610170238028281891422186,10483513623432867092237209486651,15732712375612509957332929284431,133465183497306433208897694885540,97485091284674841709646050874615,106076578276054137591059115757960,13063434118177623150323690343400,40098404787262725577357449233870,63484388400871898429462409535040,59195518085094216048181088851325,123648078690665376281514240707275,71213761761047708580869943170775;\
10536565214270538485817794777478,18707634913837441363763567567785,114974275305312711380455074284786,123639865769010049827996893067300,132832932864587821338885551590300,78912876917143416784657639776840,130492192336626461661152851176645,91679449285919868818084016597035,97581977692533197108631367852380,70749472975011552019870100473025,31293653274000772640960241201925,136718518649708223645539736317700;\
34665480866261085063809140570048,25618217471883936058487415138372,30731497731024684023910465685983,26162415940305867562162955847200,106205242883516276606789953433200,57633320139830826900044429814560,137657021738360690598210180781860,61150083772778883979356867245545,127448207561006613662906226224210,130685561878112021669547544574025,46928209378911475996383818079000,85762329458256618513990803642200;\
128511566857681164487269294905534,95547156188241109075407721970198,49188102249905691887293064907779,6352654320177911276700958989540,96724074187506231383565153726515,75350884806685648932836181097410,89691145762368016322285421050450,15590430960702773171810348564905,74877530242410706414409905672725,138790327969158138983136684648650,132169793926347890804737998060275,17575578666046700528799922092250;\
25078203813203043485871896537974,84467473985257609331862201907288,76184496848824299949864959446308,135597358224060200679496141268515,90554291137540033877753527158110,87012774530022167939235731235910,39066852522899378570823913730455,131394187385109169980799003552800,45424777896371510996641756310060,109918881192441464635603425621975,85136360080625722041582791879300,134259814282181477866390326992575;\
39916847247715147563592946845598,8623208992471065552921704370078,109937899850120132663706068480673,76117623473263801281143108425975,54543628427349978940619932376840,5000213610452004544952663403920,135885346280388084761122884654785,3387801249658841573371372015640,83086666344794141938867558237585,42774428219163064989645852036075,74118938982800714007655773890650,5625405511742244034066793288825;\
98195840484587584811149382407125,55524528087003903246019743943770,37430536455780015844258691515948,67645369895385738114383435969795,33054766297043228302162835563770,32593482497308961522671534929265,103383135397955712677500380577995,109419383402999280420694736045110,82567060692068883426724361042040,35472608937670602565178433127200,23744131234781456173712895112800,90732950329071778250378711919325;\
138372853975362918052351802983598,12499178551743445974687882812194,134864269157434834730421979183853,95696591899956151004102285652635,70147525072198794380377709490695,47299288883455423188520999356870,135795665459847898699594396395665,15677758497444286087828450626905,68768868257344726266553672490440,132630890382275394735835642322175,107577293599821776683924398336925,135168299297116488237277847719100;\
62797465903906577607102479394235,77717876743768122195879356268023,96289030489723893580496169674325,113627564272945011982023580674810,96424426620859206039780832673250,43751683190998565510946460221735,106777209231668470923086885414745,41171158492733430453918203294895,86911016248405735838772514488720,51698481222197401261029279017800,34459003273304098652759109895550,5430410752077316582204163144675;\
4870032222238674545852931310015,66677330723032263547087970981155,108164525752986102778158163522015,9721066620786750248226455264750,122588615671714899438756340572850,67515966139420549583645805340550,105956332724220161657701008867625,15758415138951384098071618134500,64078916657019193628633395824800,58126098131695692225472393545225,10017007078492842135907426088875,64516747682635287637166280396250;\
65008767875563937976438926095632,101314878149965056591971180239463,53879928512590338665111367585977,118635600972238035746129807444180,39110105714144470077990441240430,134094625820321525037102969753770,55215344044021171059866338479540,73872639606758940116165076894225,51133667968189001756484006124365,67970060598018174766692624345725,12633383066309144513979291881750,93200578998744469987669373607425]
/* 
This should be the matrix of frobenius!
*/ 
B = A; 
/* Freed 129 lists. */
