/* Comments begin... 
Coefficient of   x^27                     = 2
Coefficient of   x^14 * y^8               = 2
Coefficient of   x^12 * y^7 * z^1         = 0
Coefficient of   x^10 * y^6 * z^2         = 0
Coefficient of   x^8 * y^5 * z^3         = 2
Coefficient of   x^6 * y^4 * z^4         = -1
Coefficient of   x^4 * y^3 * z^5         = 1
Coefficient of   x^2 * y^2 * z^6         = -2
Coefficient of   x^1 * y^16               = -1
Coefficient of   y^1 * z^7               = 1

Here is the polynomial we're using this time:

2*x^27 + 2*x^14*y^8 + 2*x^8*y^5*z^3 + -1*x^6*y^4*z^4 + 1*x^4*y^3*z^5 + -2*x^2*y^2*z^6 + -1*x^1*y^16 + 1*y^1*z^7

Allocate G_len 20 elements and old = 0.
Allocate M_len = 400 elements.
Allocate G_len 40 elements and old = 20.
Allocate M_len = 800 elements.
Allocate G_len 80 elements and old = 40.
Allocate M_len = 1600 elements.
Allocate M_len = 3200 elements.
Allocate G_len 160 elements and old = 80.
Allocate M_len = 6400 elements.
Allocate M_len = 12800 elements.
Allocate G_len 320 elements and old = 160.
The final length of G is 142
[8, 5, 2, 0]  	187	5 
[14, 7, 0, 0]  	203	7 
[26, 0, 0, 0]  	208	7  <--- 1
[8, 4, 5, 0]  	261	6 
[6, 4, 6, 0]  	274	5 
[4, 3, 8, 0]  	303	5 
[18, 4, 4, 0]  	312	10 
[14, 3, 6, 0]  	325	10 
[18, 3, 5, 0]  	328	11 
[24, 4, 3, 0]  	331	10 
[22, 3, 4, 0]  	331	10 
[5, 18, 2, 0]  	332	5 
[13, 18, 0, 0]  	338	10 
[14, 2, 7, 0]  	341	10 
[7, 2, 9, 0]  	343	7 
[18, 2, 6, 0]  	344	10 
[11, 2, 8, 0]  	346	8 
[22, 2, 5, 0]  	347	9 
[5, 2, 10, 0]  	356	6 
[7, 1, 10, 0]  	359	7 
[22, 1, 6, 0]  	363	8 
[4, 17, 4, 0]  	369	5 
[12, 1, 9, 0]  	370	8 
[10, 0, 10, 0]  	370	8 
[6, 16, 4, 0]  	372	6 
[5, 1, 11, 0]  	372	6 
[16, 1, 8, 0]  	373	8 
[14, 0, 9, 0]  	373	8 
[7, 0, 11, 0]  	375	7 
[18, 0, 8, 0]  	376	8 
[4, 2, 11, 0]  	377	5 
[22, 0, 7, 0]  	379	7 
[7, 14, 5, 0]  	383	7 
[4, 16, 5, 0]  	385	5 
[3, 1, 12, 0]  	385	5 
[6, 26, 0, 0]  	386	7 
[6, 15, 5, 0]  	388	6 
[5, 0, 12, 0]  	388	6 
[8, 25, 0, 0]  	389	7 
[5, 27, 0, 0]  	391	6 
[10, 24, 0, 0]  	392	6 
[5, 14, 6, 0]  	396	6 
[5, 12, 7, 0]  	399	6 
[4, 15, 6, 0]  	401	5 
[3, 29, 0, 0]  	401	5 
[6, 25, 1, 0]  	402	6 
[4, 13, 7, 0]  	404	5 
[8, 24, 1, 0]  	405	6 
[3, 16, 6, 0]  	406	5 
[5, 26, 1, 0]  	407	5 
[4, 0, 13, 0]  	409	5 
[4, 27, 1, 0]  	412	5 
[4, 25, 2, 0]  	415	5 
[3, 19, 5, 0]  	416	5 
[3, 28, 1, 0]  	417	4 
[4, 23, 3, 0]  	418	5 
[3, 26, 2, 0]  	420	4 
[3, 15, 7, 0]  	422	5 
[3, 24, 3, 0]  	423	4 
[3, 13, 8, 0]  	425	4 
[3, 22, 4, 0]  	426	4 
[3, 11, 9, 0]  	428	4 
[3, 0, 14, 0]  	430	4 
[3, 9, 10, 0]  	431	4 
[2, 12, 9, 0]  	433	3 
[2, 30, 1, 0]  	435	5 
[2, 10, 10, 0]  	436	3 
[2, 26, 3, 0]  	441	3 
[2, 6, 12, 0]  	442	4 
[2, 15, 8, 0]  	443	4 
[2, 24, 4, 0]  	444	3 
[2, 33, 0, 0]  	445	5 
[2, 22, 5, 0]  	447	3 
[1, 25, 4, 0]  	449	2 
[2, 20, 6, 0]  	450	4 
[2, 29, 2, 0]  	451	4 
[2, 9, 11, 0]  	452	2 
[1, 23, 5, 0]  	452	2 
[1, 21, 6, 0]  	455	3 
[1, 10, 11, 0]  	457	2 
[2, 5, 13, 0]  	458	4 
[1, 8, 12, 0]  	460	2 
[1, 35, 0, 0]  	463	3 
[2, 1, 15, 0]  	464	4 
[0, 9, 12, 0]  	465	1 
[2, 19, 7, 0]  	466	4 
[0, 36, 0, 0]  	468	2  <--- 2
[1, 20, 7, 0]  	471	3 
[1, 29, 3, 0]  	472	3 
[0, 23, 6, 0]  	473	1 
[1, 7, 13, 0]  	476	2 
[1, 34, 1, 0]  	479	3 
[2, 0, 16, 0]  	480	3 
[0, 8, 13, 0]  	481	1 
[0, 35, 1, 0]  	484	2 
[1, 19, 8, 0]  	487	3 
[0, 22, 7, 0]  	489	1 
[1, 6, 14, 0]  	492	2 
[1, 15, 10, 0]  	493	3 
[1, 33, 2, 0]  	495	3 
[0, 7, 14, 0]  	497	1 
[0, 34, 2, 0]  	500	2 
[1, 0, 17, 0]  	501	2 
[1, 18, 9, 0]  	503	3 
[0, 21, 8, 0]  	505	1 
[0, 6, 15, 0]  	513	1 
[0, 33, 3, 0]  	516	2 
[0, 20, 9, 0]  	521	1 
[0, 29, 5, 0]  	522	2 
[1, 4, 16, 0]  	524	2 
[0, 5, 16, 0]  	529	1 
[0, 32, 4, 0]  	532	2 
[0, 19, 10, 0]  	537	1 
[0, 4, 17, 0]  	545	1 
[0, 0, 19, 0]  	551	1  <--- 3
[0, 18, 11, 0]  	553	1 
[0, 3, 18, 0]  	561	1 
[20, 4, 3, 1]  	299	11 
[13, 3, 7, 1]  	346	8 
[13, 17, 1, 1]  	354	9 
[6, 17, 3, 1]  	356	6 
[14, 1, 8, 1]  	357	9 
[18, 1, 7, 1]  	360	9 
[11, 1, 9, 1]  	362	8 
[3, 7, 11, 1]  	434	4 
[2, 8, 11, 1]  	439	3 
[6, 3, 7, 2]  	290	6 
[5, 17, 2, 2]  	319	6 
[2, 4, 14, 2]  	474	4 
[1, 5, 15, 3]  	508	2 
[0, 19, 9, 47]  	508	1 
[4, 2, 8, 48]  	290	5 
[1, 18, 8, 48]  	474	3 
[18, 3, 4, 49]  	299	10 
[7, 0, 10, 49]  	346	5 
[4, 16, 4, 49]  	356	4 
[12, 0, 9, 49]  	357	8 
[16, 0, 8, 49]  	360	8 
[8, 24, 0, 49]  	376	6 
[2, 21, 5, 49]  	434	2 
[1, 22, 5, 49]  	439	2 
[1, 7, 12, 49]  	447	2 
------
The gap is between 4 and 46.
Lengths: 3 3 6 6 3 3.
For 490 = 5*d/2-d1-d2-d3 you get 3 in char 0.
1*x^1*y^17*z^9
1*y^31*z^3
1*y^2*z^16

For 274 = 3*d/2-d1-d2-d3 you get 6 in char 0.
1*x^5*y^18
1*x^4*y^3*z^7
1*x^3*y^17*z^1
1*x^2*y^2*z^8
1*x^1*y^16*z^2
1*y^1*z^9

For 58 = d/2-d1-d2-d3 you get 3 in char 0.
1*x^4*y^2
1*x^2*y^1*z^1
1*z^2

Extra powers of p used 0.
The invariant extra is equal to 4.
Start computing 5^3 Delta^1 (x1x2x3)^4... Done.
Start computing 5^4 Delta^2 (x1x2x3)^4... Done.
Start computing 5^5 Delta^3 (x1x2x3)^4... Done.
Start computing 5^6 Delta^4 (x1x2x3)^4... Done.
Start computing 5^7 Delta^5 (x1x2x3)^4... Done.
Start computing 5^8 Delta^6 (x1x2x3)^4... Done.
Start computing 5^9 Delta^7 (x1x2x3)^4... Done.
Start computing 5^10 Delta^8 (x1x2x3)^4... Done.
Start computing 5^11 Delta^9 (x1x2x3)^4... Done.
Start computing 5^12 Delta^10 (x1x2x3)^4... Done.
Start computing 5^13 Delta^11 (x1x2x3)^4... Done.
Start computing 5^14 Delta^12 (x1x2x3)^4... Done.
Start computing aa.
1 2 3 4 5 6 7 8 9 10 11 12 
*/
A = \
[139061048102691356962608963584593,74734667900676689196783895671513,67978037489144460528487255808822,32661987226059571981755904858280,10662842417073560024504720173995,46413551744294169810273418555360,106445213976235816735433503661105,866660934958958688742591451035,42316223770195240002100840727310,110748381090154955458102671694100,40082117702832709153873016332475,64052704432521868921910133306250;\
25484389093708060240632893120601,77331995928173822774993841391972,104939635214264218929347498118393,87341970566607729229558683299990,64672025996873483649840122477315,98552942017029147370275916738420,7115925826658661178108454615045,52251056431600564684098975650350,101869051936790420652876757713205,45446644585163039477612783986425,105815851972757700544216230780550,78571062380001689926325565017475;\
4621623029739080931259362435409,136976367285339010071466996757683,31856223521207556429684270463717,108349839003835120314118317698450,56063656616116428430743090647230,128730003227677094410914667440470,59123925623741536597667643753105,87768900117707625392944003287605,78200678616842871705508552950540,96612597736788669392027807233350,25949903073093490760469831985225,131137716100473448291098490978100;\
19329538429855617002682513241097,78886842303105495432360688067370,6398116886894179191665633143514,112321435211622339337899735401075,96504903616178809991112114604080,72318940688245723020652697831220,26682620242225462309685754042980,29930988578309934339744176791705,84852853085400871467964165166455,45117304951122569940874779905175,52223933037689669903389415740850,71676166817067160787711670406300;\
77813915979698560405252871435789,72788779059966903280509122531614,63334613136527157162216912516302,101820920570417548383462947776955,42650260517109129345044355101355,119773184800440821973816872145845,131667759227050067531400404375230,117605849695354112558817595238795,75846313352399485934800923523510,77961982859619131540510758572200,25315039571868600737316958145375,101325250213087728607883743369925;\
18865132461716280134331914711816,41905107848874763573759499785455,16727920403866714464427307688587,111708384824468372779382358052130,82166428000312984605557294522515,133108467632562363926156092431210,14601406474039487273783756844565,72822953860772719414848443800365,50211615978373251108644020587540,49809867069622195506249780096375,5739795926785608027807072458675,78731801912082598903752122169650;\
14983213386490357247309706754512,139230491825418015296271700147688,75697493729195242977935319157224,25495545775132258073990903367500,53479946549473963273575008117020,25913501562417277621915500947655,7909693890925318408853448078205,27148752371194946781728173873010,125055472940067381415451858213665,126636838116012876854925077644950,46764223824323729001972453077450,39305563635131496274464396989575;\
45649124581113354755967925281356,102080917250469687517266475067703,74546468821094546157017080757191,130746265444821733100434200946195,67698531356192857900738467920545,101464294668777486268469255493500,52630249120122586567881732379550,133417253825767106368148814885425,80731922023958068897660919974695,60654963409594178734520250596750,133049786832163507893445375111075,10459775853270586665847979259200;\
95314867610501592478710982171070,111631777413041813319792654797290,27333773586963367401317001951530,46505537716070822979522464741825,10228168095616741215383545073225,87407260974388170343628910443875,26272880699901041388664069145275,90554806460062215277515515780375,10968521828155513481474446300225,32621362383143042372916312585625,77155431208140471725325693194825,59469448895102196435154506144250;\
38474937563189162845904962244279,109524844135066853035069959474006,88683772175782312156960103339755,2413171925442558960186371999325,129416180218392154398722832715395,56952135616299279472375994705215,101222797322271688773185370620475,132197641237227808045634510382455,81320813007160759467102323088460,126858671198517638268378684302775,42672306081725625763494360127675,90242744299130942288581248131800;\
25270597763304504252545309135857,90570646903665060231836221247953,42059929910456163788034871703430,121477763738128878649730505787275,50005493892702515731898236743685,76886668339238333405662647916620,63586363612721350228215504564900,31319507476048734599391148055240,98620191830905995567861700134755,79157981315698381568442146821500,107416149988063605325022260444275,75933720725390138944511602718650;\
64993472854556552385174672163319,72618040372370318318312809338293,132711278273208793245346623534636,88026135158682468217271439530170,18965160628982858223921179103580,1544386966657865027762953614755,86955972243080342966093527388155,55601386128880704037712825034255,45550107869646977904852636436730,141037141275683979317465473955550,136136282008725646298824202449625,26411608527376234797016093474550]
/* 
This should be the matrix of frobenius!
*/ 
B = A; 
/* Freed 128 lists. */
