/* Comments begin... 
Coefficient of   x^27                     = -2
Coefficient of   x^14 * y^8               = 2
Coefficient of   x^12 * y^7 * z^1         = 0
Coefficient of   x^10 * y^6 * z^2         = 2
Coefficient of   x^8 * y^5 * z^3         = 2
Coefficient of   x^6 * y^4 * z^4         = 2
Coefficient of   x^4 * y^3 * z^5         = -2
Coefficient of   x^2 * y^2 * z^6         = -1
Coefficient of   x^1 * y^16               = -2
Coefficient of   y^1 * z^7               = -2

Here is the polynomial we're using this time:

-2*x^27 + 2*x^14*y^8 + 2*x^10*y^6*z^2 + 2*x^8*y^5*z^3 + 2*x^6*y^4*z^4 + -2*x^4*y^3*z^5 + -1*x^2*y^2*z^6 + -2*x^1*y^16 + -2*y^1*z^7

Allocate G_len 20 elements and old = 0.
Allocate M_len = 400 elements.
Allocate G_len 40 elements and old = 20.
Allocate M_len = 800 elements.
Allocate G_len 80 elements and old = 40.
Allocate M_len = 1600 elements.
Allocate M_len = 3200 elements.
Allocate G_len 160 elements and old = 80.
Allocate M_len = 6400 elements.
Allocate M_len = 12800 elements.
Allocate G_len 320 elements and old = 160.
The final length of G is 162
[10, 6, 1, 0]  	187	6 
[14, 7, 0, 0]  	203	8 
[26, 0, 0, 0]  	208	8  <--- 1
[10, 5, 3, 0]  	232	7 
[8, 5, 4, 0]  	245	6 
[8, 4, 5, 0]  	261	7 
[6, 4, 6, 0]  	274	6 
[6, 3, 7, 0]  	290	7 
[22, 5, 2, 0]  	299	13 
[5, 18, 1, 0]  	303	6 
[18, 4, 4, 0]  	312	12 
[22, 4, 3, 0]  	315	12 
[18, 3, 5, 0]  	328	11 
[22, 3, 4, 0]  	331	11 
[16, 3, 6, 0]  	341	10 
[14, 2, 7, 0]  	341	10 
[8, 17, 2, 0]  	343	8 
[18, 2, 6, 0]  	344	10 
[11, 2, 8, 0]  	346	9 
[22, 2, 5, 0]  	347	10 
[10, 1, 9, 0]  	354	9 
[6, 17, 3, 0]  	356	7 
[14, 1, 8, 0]  	357	9 
[8, 16, 3, 0]  	359	8 
[22, 1, 6, 0]  	363	9 
[8, 1, 10, 0]  	367	8 
[5, 3, 10, 0]  	369	6 
[7, 2, 10, 0]  	372	7 
[6, 16, 4, 0]  	372	7 
[14, 0, 9, 0]  	373	8 
[7, 0, 11, 0]  	375	7 
[5, 17, 4, 0]  	377	6 
[22, 0, 7, 0]  	379	8 
[6, 1, 11, 0]  	380	7 
[7, 14, 5, 0]  	383	7 
[5, 2, 11, 0]  	385	6 
[4, 16, 5, 0]  	385	6 
[12, 0, 10, 0]  	386	7 
[6, 26, 0, 0]  	386	7 
[6, 15, 5, 0]  	388	6 
[5, 0, 12, 0]  	388	6 
[8, 25, 0, 0]  	389	7 
[5, 27, 0, 0]  	391	6 
[20, 0, 8, 0]  	392	7 
[10, 24, 0, 0]  	392	7 
[4, 1, 12, 0]  	393	6 
[5, 14, 6, 0]  	396	6 
[5, 12, 7, 0]  	399	6 
[4, 15, 6, 0]  	401	5 
[3, 29, 0, 0]  	401	5 
[5, 10, 8, 0]  	402	6 
[4, 13, 7, 0]  	404	5 
[5, 8, 9, 0]  	405	6 
[3, 16, 6, 0]  	406	6 
[4, 11, 8, 0]  	407	5 
[4, 0, 13, 0]  	409	5 
[4, 9, 9, 0]  	410	5 
[4, 27, 1, 0]  	412	5 
[4, 7, 10, 0]  	413	5 
[4, 25, 2, 0]  	415	5 
[4, 5, 11, 0]  	416	6 
[3, 28, 1, 0]  	417	4 
[4, 23, 3, 0]  	418	5 
[4, 21, 4, 0]  	421	5 
[3, 15, 7, 0]  	422	5 
[3, 24, 3, 0]  	423	4 
[3, 13, 8, 0]  	425	4 
[3, 22, 4, 0]  	426	4 
[3, 11, 9, 0]  	428	4 
[3, 20, 5, 0]  	429	5 
[3, 0, 14, 0]  	430	4 
[3, 27, 2, 0]  	433	3 
[2, 12, 9, 0]  	433	3 
[3, 7, 11, 0]  	434	4 
[2, 30, 1, 0]  	435	5 
[2, 8, 11, 0]  	439	3 
[2, 26, 3, 0]  	441	3 
[2, 6, 12, 0]  	442	4 
[2, 15, 8, 0]  	443	4 
[2, 33, 0, 0]  	445	5 
[2, 22, 5, 0]  	447	3 
[2, 11, 10, 0]  	449	2 
[1, 25, 4, 0]  	449	2 
[2, 20, 6, 0]  	450	4 
[2, 29, 2, 0]  	451	4 
[1, 23, 5, 0]  	452	2 
[1, 21, 6, 0]  	455	3 
[1, 10, 11, 0]  	457	2 
[1, 8, 12, 0]  	460	2 
[1, 35, 0, 0]  	463	3 
[2, 1, 15, 0]  	464	4 
[0, 9, 12, 0]  	465	1 
[2, 19, 7, 0]  	466	4 
[0, 36, 0, 0]  	468	2  <--- 2
[1, 20, 7, 0]  	471	3 
[0, 23, 6, 0]  	473	1 
[2, 4, 14, 0]  	474	4 
[2, 0, 16, 0]  	480	3 
[0, 8, 13, 0]  	481	1 
[0, 35, 1, 0]  	484	2 
[1, 19, 8, 0]  	487	3 
[0, 22, 7, 0]  	489	1 
[1, 6, 14, 0]  	492	2 
[0, 7, 14, 0]  	497	1 
[0, 34, 2, 0]  	500	2 
[1, 0, 17, 0]  	501	2 
[1, 18, 9, 0]  	503	3 
[0, 21, 8, 0]  	505	1 
[1, 5, 15, 0]  	508	2 
[0, 6, 15, 0]  	513	1 
[0, 20, 9, 0]  	521	1 
[0, 29, 5, 0]  	522	2 
[1, 4, 16, 0]  	524	2 
[0, 5, 16, 0]  	529	1 
[0, 32, 4, 0]  	532	2 
[0, 19, 10, 0]  	537	1 
[0, 4, 17, 0]  	545	1 
[0, 0, 19, 0]  	551	1  <--- 3
[0, 18, 11, 0]  	553	1 
[0, 3, 18, 0]  	561	1 
[14, 3, 6, 1]  	325	11 
[13, 18, 0, 1]  	338	10 
[9, 2, 9, 1]  	359	8 
[18, 1, 7, 1]  	360	9 
[10, 0, 10, 1]  	370	8 
[18, 0, 8, 1]  	376	8 
[3, 9, 10, 1]  	431	4 
[2, 10, 10, 1]  	436	3 
[3, 5, 12, 1]  	437	5 
[2, 24, 4, 1]  	444	3 
[2, 5, 13, 1]  	458	4 
[1, 29, 3, 1]  	472	3 
[1, 7, 13, 1]  	476	2 
[1, 34, 1, 1]  	479	3 
[1, 15, 10, 1]  	493	3 
[1, 33, 2, 1]  	495	3 
[0, 33, 3, 1]  	516	2 
[3, 1, 13, 2]  	414	5 
[3, 26, 2, 3]  	420	4 
[2, 11, 9, 47]  	420	3 
[8, 24, 0, 48]  	376	7 
[2, 15, 7, 48]  	414	4 
[1, 9, 11, 48]  	444	2 
[12, 2, 7, 49]  	325	6 
[10, 2, 8, 49]  	338	9 
[7, 16, 3, 49]  	351	6 
[7, 1, 10, 49]  	359	7 
[16, 0, 8, 49]  	360	8 
[6, 2, 10, 49]  	364	3 
[7, 13, 5, 49]  	370	5 
[4, 2, 11, 49]  	377	6 
[5, 26, 0, 49]  	378	6 
[2, 23, 4, 49]  	431	2 
[1, 24, 4, 49]  	436	2 
[2, 19, 6, 49]  	437	4 
[1, 19, 7, 49]  	458	2 
[1, 4, 14, 49]  	466	2 
[1, 0, 16, 49]  	472	2 
[0, 21, 7, 49]  	476	1 
[0, 29, 4, 49]  	493	2 
[0, 4, 16, 49]  	516	1 
[0, 18, 10, 49]  	524	1 
------
The gap is between 4 and 46.
Lengths: 3 3 6 6 3 3.
For 490 = 5*d/2-d1-d2-d3 you get 3 in char 0.
1*x^1*y^17*z^9
1*y^31*z^3
1*y^2*z^16

For 274 = 3*d/2-d1-d2-d3 you get 6 in char 0.
1*x^5*y^18
1*x^4*y^3*z^7
1*x^3*y^17*z^1
1*x^2*y^2*z^8
1*x^1*y^16*z^2
1*y^1*z^9

For 58 = d/2-d1-d2-d3 you get 3 in char 0.
1*x^4*y^2
1*x^2*y^1*z^1
1*z^2

Extra powers of p used 0.
The invariant extra is equal to 4.
Start computing 5^3 Delta^1 (x1x2x3)^4... Done.
Start computing 5^4 Delta^2 (x1x2x3)^4... Done.
Start computing 5^5 Delta^3 (x1x2x3)^4... Done.
Start computing 5^6 Delta^4 (x1x2x3)^4... Done.
Start computing 5^7 Delta^5 (x1x2x3)^4... Done.
Start computing 5^8 Delta^6 (x1x2x3)^4... Done.
Start computing 5^9 Delta^7 (x1x2x3)^4... Done.
Start computing 5^10 Delta^8 (x1x2x3)^4... Done.
Start computing 5^11 Delta^9 (x1x2x3)^4... Done.
Start computing 5^12 Delta^10 (x1x2x3)^4... Done.
Start computing 5^13 Delta^11 (x1x2x3)^4... Done.
Start computing 5^14 Delta^12 (x1x2x3)^4... Done.
Start computing aa.
1 2 3 4 5 6 7 8 9 10 11 12 
*/
A = \
[91305253204192180660026766086669,104492819952063101954807917111982,64614013715129107345247744068672,131670525156666874938944355520960,5322882348029362899099456910835,53650583282930355192723034301940,3867667435372130259453267841585,30673190376922542208647664271040,87020400708162023550125927431375,8887904654325114948946112216225,22929409367546840126984837373600,84125490090715303934261930340025;\
47423927020786038585344510381529,117074056631956102222057128924006,26051128266522775461766196793250,3280446802216933483177915469600,7833745224070837378549913331940,129446212766585135989282020738695,37372283970707847410322923562255,97537879596005196410868132054945,112957794575652669657013745006180,22357980048953143104829657854450,107059080957581200063135839749700,46357451160838808864836757028100;\
63175684934333406558759501911778,54154674193956967068234871225551,53521970020702552977965551142863,4591924428592867478274761942580,1292328341215625078481542421145,4698035360014736534914919413170,4984125586199032741251652005250,127077009655287266099426813543485,9433342936368516509884544647535,6446993344594054484395812842125,86470545115850110341448146596725,44353123494726865464847635577125;\
120223581444946053671763954091330,65309501097918716209007354581651,106462171727915103955283608463822,55602847001247857212678272355980,97464296215706978731511848751405,71361110804124380549291916178355,100038562048425610926858043089695,116561098821545910059091735663720,89725344276159240170931722767325,93543881015687823181846481872500,26428539033713478818075348824650,18160361005256026493346838023825;\
14523636770674426965981989458994,113592775044995663657456036156428,1958483126920077702770111554979,8342727691967578865144063571210,50664690323046403552042763372360,22042727814265262780303966919540,65141447654410167516903192387430,96615136725029117525372539552185,98528914468966433200719410177185,119995371883531550273402142361600,65494005255205563720772616172800,49113852729541316349902608505300;\
92476780453485099798561296537374,63836459243425291773878444311097,77145119488590144088922122706676,17201662311808443674605333398000,12393424249174389914548455608235,23159572560816055202022741420150,72774035316845427859007023354420,86664058248058030673782339050565,97158243621219794769164149128965,141294969661632333187812835470100,94741505941733486679768424044075,841414449814781391880186063100;\
107265314596107233377295353780335,140456616718715052952684103642565,12898813922296882118775625367215,78296967847215594586524181284775,77929833441708828458554653605525,100624187469139514445953011115950,26469179888109539834922393761850,54447458080394777723904295660175,121337221734846147607564290095625,10332209024876142127879776235175,79445988372979647860349732360725,62211226208235447255400296223350;\
98185339592528008584427351531509,34345457623090297722163126317456,127728688139653604624412507748664,92216401843724429190640889325475,99121704075009987947641842928895,65087164562454511020812929802170,50631601154289956003858541214305,126823840249854804219921572615210,60665954234654836890082295025945,85197981057473418730034152725300,32628329512387192791847177988800,140689851993856475903609992732575;\
4548631347296692511563366103638,95427431900704351865988006450649,71662566343626462282552315041041,95154462441048319283570989305635,93751269152099907742293877827260,49155140926440078650810403483590,91993942338681248936377665804795,136852320928212064726043330083790,41963195573991250898684943536605,9408046548616685031112438876725,32302876990941812944362159139275,124942508486930733879080758240650;\
42731887043303922866616956278828,8913022788981041592029632734198,125958230736399387234360873782240,107504165254111556787159656689355,13372991901385135362473128166205,98294309076913651160718945140720,136500346457011180294062365192175,23938519241755878176551719215025,128240609070035994077467193595635,123287666981138850543335654322625,43957032618947409981523634205125,45923303936934823780337724537175;\
67513135792929935165817717813993,132534241629462840201297313178316,31251217095571469073443997486411,83902874991133784845170477030740,66602863229006399453805671506795,64619288639541813142599137446255,17250979502662679220062482533310,123199594652570524814113298750800,35614899838594527132266778461810,25156979654485375809649341172825,127862938306504696656129816149075,3541906335640264336200814179950;\
115163454326713136958931496018090,20850950935813590055726182940597,6452811398364441844143500171689,74627227809106120427475469109540,92596785369549599878800496069810,65908564631573346139445820508840,51517257577059580266374870179465,132097496098355189843650770300300,27196334130107208221002924348725,37355023615564748643583802221850,3547806130856754686950515891675,54518216629588615928681878734475]
/* 
This should be the matrix of frobenius!
*/ 
B = A; 
/* Freed 127 lists. */
