/* Comments begin... 
Coefficient of   x^27                     = -1
Coefficient of   x^14 * y^8               = 1
Coefficient of   x^12 * y^7 * z^1         = 0
Coefficient of   x^10 * y^6 * z^2         = 1
Coefficient of   x^8 * y^5 * z^3         = 2
Coefficient of   x^6 * y^4 * z^4         = -2
Coefficient of   x^4 * y^3 * z^5         = 0
Coefficient of   x^2 * y^2 * z^6         = -2
Coefficient of   x^1 * y^16               = 0
Coefficient of   y^1 * z^7               = 0

Here is the polynomial we're using this time:

-1*x^27 + 1*x^14*y^8 + 1*x^10*y^6*z^2 + 2*x^8*y^5*z^3 + -2*x^6*y^4*z^4 + -2*x^2*y^2*z^6

Allocate G_len 20 elements and old = 0.
Allocate M_len = 400 elements.
Allocate G_len 40 elements and old = 20.
Allocate M_len = 800 elements.
Allocate G_len 80 elements and old = 40.
Allocate M_len = 1600 elements.
Not smooth!
Coefficient of   x^27                     = 1
Coefficient of   x^14 * y^8               = -2
Coefficient of   x^12 * y^7 * z^1         = -2
Coefficient of   x^10 * y^6 * z^2         = 1
Coefficient of   x^8 * y^5 * z^3         = -2
Coefficient of   x^6 * y^4 * z^4         = 0
Coefficient of   x^4 * y^3 * z^5         = 0
Coefficient of   x^2 * y^2 * z^6         = -1
Coefficient of   x^1 * y^16               = 1
Coefficient of   y^1 * z^7               = 1

Here is the polynomial we're using this time:

1*x^27 + -2*x^14*y^8 + -2*x^12*y^7*z^1 + 1*x^10*y^6*z^2 + -2*x^8*y^5*z^3 + -1*x^2*y^2*z^6 + 1*x^1*y^16 + 1*y^1*z^7

Allocate M_len = 3200 elements.
Allocate G_len 160 elements and old = 80.
Allocate M_len = 6400 elements.
Allocate M_len = 12800 elements.
Allocate G_len 320 elements and old = 160.
Allocate M_len = 25600 elements.
The final length of G is 178
[12, 7, 0, 0]  	187	5 
[26, 0, 0, 0]  	208	7  <--- 1
[10, 6, 2, 0]  	216	6 
[10, 5, 3, 0]  	232	8 
[8, 5, 4, 0]  	245	7 
[8, 4, 5, 0]  	261	8 
[6, 4, 6, 0]  	274	7 
[7, 18, 0, 0]  	290	8 
[24, 6, 1, 0]  	299	11 
[22, 5, 2, 0]  	299	11 
[14, 3, 6, 0]  	325	10 
[18, 3, 5, 0]  	328	11 
[11, 3, 7, 0]  	330	9 
[20, 2, 5, 0]  	331	10 
[14, 2, 7, 0]  	341	10 
[18, 2, 6, 0]  	344	10 
[20, 1, 6, 0]  	347	9 
[9, 17, 2, 0]  	351	9 
[12, 2, 8, 0]  	354	9 
[10, 1, 9, 0]  	354	9 
[7, 3, 9, 0]  	356	8 
[14, 1, 8, 0]  	357	9 
[9, 2, 9, 0]  	359	8 
[18, 1, 7, 0]  	360	8 
[7, 17, 3, 0]  	364	8 
[9, 16, 3, 0]  	367	8 
[8, 1, 10, 0]  	367	8 
[10, 0, 10, 0]  	370	8 
[7, 2, 10, 0]  	372	8 
[14, 0, 9, 0]  	373	8 
[7, 0, 11, 0]  	375	7 
[18, 0, 8, 0]  	376	8 
[6, 3, 10, 0]  	377	7 
[5, 17, 4, 0]  	377	7 
[22, 0, 7, 0]  	379	8 
[7, 16, 4, 0]  	380	8 
[7, 14, 5, 0]  	383	7 
[5, 2, 11, 0]  	385	6 
[4, 16, 5, 0]  	385	6 
[6, 26, 0, 0]  	386	7 
[6, 15, 5, 0]  	388	6 
[5, 0, 12, 0]  	388	6 
[6, 24, 1, 0]  	389	7 
[5, 27, 0, 0]  	391	6 
[6, 22, 2, 0]  	392	7 
[4, 1, 12, 0]  	393	6 
[5, 25, 1, 0]  	394	6 
[5, 14, 6, 0]  	396	6 
[5, 23, 2, 0]  	397	6 
[5, 21, 3, 0]  	400	6 
[4, 15, 6, 0]  	401	5 
[3, 29, 0, 0]  	401	5 
[5, 10, 8, 0]  	402	6 
[4, 13, 7, 0]  	404	5 
[5, 8, 9, 0]  	405	6 
[3, 16, 6, 0]  	406	6 
[4, 11, 8, 0]  	407	5 
[5, 6, 10, 0]  	408	6 
[4, 9, 9, 0]  	410	5 
[4, 27, 1, 0]  	412	5 
[4, 7, 10, 0]  	413	5 
[3, 1, 13, 0]  	414	5 
[4, 25, 2, 0]  	415	5 
[4, 5, 11, 0]  	416	6 
[3, 28, 1, 0]  	417	4 
[4, 21, 4, 0]  	421	5 
[3, 24, 3, 0]  	423	4 
[3, 22, 4, 0]  	426	4 
[3, 11, 9, 0]  	428	4 
[3, 20, 5, 0]  	429	5 
[3, 0, 14, 0]  	430	4 
[3, 9, 10, 0]  	431	4 
[3, 27, 2, 0]  	433	3 
[2, 12, 9, 0]  	433	3 
[3, 7, 11, 0]  	434	4 
[2, 30, 1, 0]  	435	5 
[2, 10, 10, 0]  	436	3 
[2, 8, 11, 0]  	439	3 
[2, 26, 3, 0]  	441	3 
[2, 15, 8, 0]  	443	4 
[2, 24, 4, 0]  	444	3 
[2, 33, 0, 0]  	445	5 
[2, 22, 5, 0]  	447	3 
[1, 25, 4, 0]  	449	2 
[2, 29, 2, 0]  	451	4 
[1, 23, 5, 0]  	452	2 
[2, 7, 12, 0]  	455	3 
[1, 10, 11, 0]  	457	2 
[2, 5, 13, 0]  	458	4 
[1, 35, 0, 0]  	463	3 
[2, 1, 15, 0]  	464	4 
[0, 9, 12, 0]  	465	1 
[1, 22, 6, 0]  	468	2 
[0, 36, 0, 0]  	468	2  <--- 2
[0, 23, 6, 0]  	473	1 
[2, 4, 14, 0]  	474	4 
[1, 7, 13, 0]  	476	2 
[1, 34, 1, 0]  	479	3 
[2, 0, 16, 0]  	480	3 
[0, 8, 13, 0]  	481	1 
[1, 21, 7, 0]  	484	2 
[0, 35, 1, 0]  	484	2 
[1, 19, 8, 0]  	487	3 
[0, 22, 7, 0]  	489	1 
[1, 6, 14, 0]  	492	2 
[1, 33, 2, 0]  	495	3 
[0, 7, 14, 0]  	497	1 
[0, 34, 2, 0]  	500	2 
[1, 0, 17, 0]  	501	2 
[0, 21, 8, 0]  	505	1 
[1, 5, 15, 0]  	508	2 
[0, 6, 15, 0]  	513	1 
[0, 20, 9, 0]  	521	1 
[0, 29, 5, 0]  	522	2 
[1, 4, 16, 0]  	524	2 
[0, 5, 16, 0]  	529	1 
[0, 32, 4, 0]  	532	2 
[0, 19, 10, 0]  	537	1 
[0, 4, 17, 0]  	545	1 
[0, 0, 19, 0]  	551	1  <--- 3
[0, 18, 11, 0]  	553	1 
[0, 3, 18, 0]  	561	1 
[12, 6, 1, 1]  	203	7 
[18, 4, 4, 1]  	312	11 
[22, 4, 3, 1]  	315	11 
[11, 17, 1, 1]  	338	9 
[11, 2, 8, 1]  	346	8 
[10, 3, 8, 1]  	351	9 
[8, 16, 3, 1]  	359	8 
[6, 16, 4, 1]  	372	7 
[6, 1, 11, 1]  	380	7 
[5, 12, 7, 1]  	399	6 
[4, 0, 13, 1]  	409	5 
[4, 23, 3, 1]  	418	5 
[3, 26, 2, 1]  	420	4 
[3, 13, 8, 1]  	425	4 
[2, 6, 12, 1]  	442	4 
[2, 20, 6, 1]  	450	4 
[1, 21, 6, 1]  	455	3 
[1, 8, 12, 1]  	460	2 
[2, 19, 7, 1]  	466	4 
[1, 29, 3, 1]  	472	3 
[1, 15, 10, 1]  	493	3 
[1, 18, 9, 1]  	503	3 
[0, 33, 3, 1]  	516	2 
[9, 3, 8, 2]  	343	9 
[6, 18, 3, 2]  	369	7 
[3, 15, 7, 2]  	422	5 
[3, 5, 12, 2]  	437	5 
[1, 20, 7, 3]  	471	3 
[0, 34, 1, 47]  	471	2 
[8, 17, 2, 48]  	343	8 
[5, 3, 10, 48]  	369	6 
[2, 29, 1, 48]  	422	4 
[10, 5, 2, 49]  	203	5 
[16, 3, 5, 49]  	312	9 
[18, 2, 5, 49]  	315	8 
[14, 1, 7, 49]  	328	9 
[18, 1, 6, 49]  	331	7 
[9, 16, 2, 49]  	338	6 
[9, 1, 9, 49]  	346	3 
[8, 2, 9, 49]  	351	7 
[7, 1, 10, 49]  	359	7 
[16, 0, 8, 49]  	360	6 
[4, 15, 5, 49]  	372	4 
[4, 26, 1, 49]  	399	4 
[2, 28, 1, 49]  	409	3 
[3, 8, 10, 49]  	418	4 
[2, 11, 9, 49]  	420	3 
[2, 27, 2, 49]  	425	3 
[2, 19, 6, 49]  	437	4 
[1, 33, 0, 49]  	437	3 
[0, 34, 0, 49]  	442	2 
[1, 5, 13, 49]  	450	2 
[0, 22, 6, 49]  	460	1 
[1, 0, 16, 49]  	472	1 
[0, 29, 4, 49]  	493	2 
[0, 3, 16, 49]  	503	1 
------
The gap is between 4 and 46.
Lengths: 3 3 6 6 3 3.
For 490 = 5*d/2-d1-d2-d3 you get 3 in char 0.
1*x^1*y^17*z^9
1*y^31*z^3
1*y^2*z^16

For 274 = 3*d/2-d1-d2-d3 you get 6 in char 0.
1*x^5*y^18
1*x^4*y^3*z^7
1*x^3*y^17*z^1
1*x^2*y^2*z^8
1*x^1*y^16*z^2
1*y^1*z^9

For 58 = d/2-d1-d2-d3 you get 3 in char 0.
1*x^4*y^2
1*x^2*y^1*z^1
1*z^2

Extra powers of p used 0.
The invariant extra is equal to 4.
Start computing 5^3 Delta^1 (x1x2x3)^4... Done.
Start computing 5^4 Delta^2 (x1x2x3)^4... Done.
Start computing 5^5 Delta^3 (x1x2x3)^4... Done.
Start computing 5^6 Delta^4 (x1x2x3)^4... Done.
Start computing 5^7 Delta^5 (x1x2x3)^4... Done.
Start computing 5^8 Delta^6 (x1x2x3)^4... Done.
Start computing 5^9 Delta^7 (x1x2x3)^4... Done.
Start computing 5^10 Delta^8 (x1x2x3)^4... Done.
Start computing 5^11 Delta^9 (x1x2x3)^4... Done.
Start computing 5^12 Delta^10 (x1x2x3)^4... Done.
Start computing 5^13 Delta^11 (x1x2x3)^4... Done.
Start computing 5^14 Delta^12 (x1x2x3)^4... Done.
Start computing aa.
1 2 3 4 5 6 7 8 9 10 11 12 
*/
A = \
[57915809074288420345517052006803,7671837251644558199902438700678,70034358209749318264682090788681,97378741109366145498083388199225,51627890646386767953123923752335,115325727036876866595627138866190,21449378837506806657476714198570,22673900524453048252688884228915,116072729879382611807162081138960,10595211366480549455606880981300,114421247268494222761838639200700,65340759927127127317179120444350;\
105242334419006709549268998860495,132661931215313116827569063359046,100842613741234578065216759469210,75933342277670786700308953226900,100896640761550149757334871138855,59751932840800248501408158413705,57542186751826691263296672125740,66105793873501451281226588588080,104277428896268714992322909901510,121039000603718254415152127380400,138823557876469680495744316751650,91222350272950547317432503080525;\
20426049768449245230293034536453,95450945162566138133324279726827,24455095599688676354894363298490,46780541117837892920803853024780,124587003654304750536788262588100,68358943149650535183508008355655,31636137842825243761491989967585,8288354699732463444149845777425,120324874894973594024266405146540,15938009188275079630396434641200,139697608622408674953587583224150,44099115746829269655896056313700;\
81939726837800855911588433895900,101885386630530065221035533811424,2584900325678482373396164322719,94299704528855091223907286903060,43731309177953049360901217475330,31267037478054037535560666970525,52417996711565096472222557532000,139553159677142394718229867862240,3049941222363451700205197755280,101557738834637091216214520766425,137874696518399488069657888533275,14415209236010461642256307559000;\
100580435043136031196356123971154,8940591818989174288756237927118,24383174524495845175758218622411,34513693088958652298674821657470,35850500905237367312649695621305,69956243712260874735948481939020,60536610676870962480334814590470,10793916396507957458498820247675,38546913363952395269540630918990,86309023351239644493753624893450,81421408254429923589190604034050,135374334241107456758059546346725;\
89748720957891064948493139979717,36739450986958653957457753269390,53126570487689882166643930912369,124558476360575494116057214267600,7707445964915225059857291574790,64734885672551114508493787962810,3697105077406043533835751118135,116493811806786214070782811828465,83975051305753218643207584699575,13713955914759984574897272262250,40703611573651898737459138892100,21476641255788319417433546854175;\
104671036671745064051525107714945,57421434446183837054700279526335,21733460257801121647923644198397,7805066239073153943389097955405,80070658007425546499939319527105,68415294329825394448828176393435,120059859198573889365227608797885,81779051192313717592681936860150,135018121374215970138645546240125,118008239256342543246139306454750,113631007329061891001231102053100,26308194802373063688630492599850;\
55922332062454071724566449090837,114176355788831173173668986120922,48356243220751130386958828158449,80435047396304541971112889105910,22933354403245729798614786803745,49963942259369579321978749277640,74387412947617511360281908258735,8071650029426393945411953292550,105758904113572007973900930379835,46805035217904727937181790086700,93802576967676463201692751273575,106223478453605083062762955183950;\
133763627682966660138196414658921,113907594226642754780168398197228,50447990786082963653011835677206,78923746974734411114413337749085,34895215065678777593949573209020,98301554171524854400619602205275,65631095219223350792804342241030,66051003531160439955182570581650,24717185167255082030069778293625,137208365975327584973115541904925,134317989522679568401421389616975,41997887403315976904074739166650;\
435367395134206438529137470429,110437055479463282252585688409419,54609974289281900605957049641605,15089825333234622965160112754380,94151920770604946995898696113110,24352906828620884373783931683925,110911851796431289665547332164430,108778804039799496480516017100950,106044264591939457324878842007955,28512933371587174963587651053875,8495308745667341973758364444625,31104919484230939351323668186450;\
135314272612043344631178608958306,19856986117375375900501013819446,18972501995687096377828251681175,116424928441300161428709958005245,125126177246133990978521439654615,65865932692863536972140412181550,133950171558130545623195270133295,27691804053568705162696280897850,61008701238995979469212963744845,78017724553909885610125493546225,137138221075692796873104029287375,60027258996970585158195896847050;\
65057214020553729680166354415679,134990936354388294152519333501505,38811263413132697419338291184316,19307272217421039444459699483145,120685203979136033566307480032545,80761907770125804781466342744290,32337772113711382975161229354775,68312782322269048652126110710125,91146892857289469179416317723420,85034083022811518381618269768750,49020847644147129609144527968175,106576270806920486638918316060675]
/* 
This should be the matrix of frobenius!
*/ 
B = A; 
/* Freed 128 lists. */
