/* Comments begin... 
Coefficient of   x^27                     = -2
Coefficient of   x^14 * y^8               = 1
Coefficient of   x^12 * y^7 * z^1         = 2
Coefficient of   x^10 * y^6 * z^2         = 2
Coefficient of   x^8 * y^5 * z^3         = 0
Coefficient of   x^6 * y^4 * z^4         = 1
Coefficient of   x^4 * y^3 * z^5         = 2
Coefficient of   x^2 * y^2 * z^6         = -1
Coefficient of   x^1 * y^16               = 0
Coefficient of   y^1 * z^7               = 0

Here is the polynomial we're using this time:

-2*x^27 + 1*x^14*y^8 + 2*x^12*y^7*z^1 + 2*x^10*y^6*z^2 + 1*x^6*y^4*z^4 + 2*x^4*y^3*z^5 + -1*x^2*y^2*z^6

Allocate G_len 20 elements and old = 0.
Allocate M_len = 400 elements.
Allocate G_len 40 elements and old = 20.
Allocate M_len = 800 elements.
Allocate G_len 80 elements and old = 40.
Allocate M_len = 1600 elements.
Not smooth!
Coefficient of   x^27                     = -2
Coefficient of   x^14 * y^8               = -2
Coefficient of   x^12 * y^7 * z^1         = -1
Coefficient of   x^10 * y^6 * z^2         = -2
Coefficient of   x^8 * y^5 * z^3         = -2
Coefficient of   x^6 * y^4 * z^4         = 2
Coefficient of   x^4 * y^3 * z^5         = 0
Coefficient of   x^2 * y^2 * z^6         = -2
Coefficient of   x^1 * y^16               = 2
Coefficient of   y^1 * z^7               = 2

Here is the polynomial we're using this time:

-2*x^27 + -2*x^14*y^8 + -1*x^12*y^7*z^1 + -2*x^10*y^6*z^2 + -2*x^8*y^5*z^3 + 2*x^6*y^4*z^4 + -2*x^2*y^2*z^6 + 2*x^1*y^16 + 2*y^1*z^7

Allocate M_len = 3200 elements.
Allocate G_len 160 elements and old = 80.
Allocate M_len = 6400 elements.
Allocate M_len = 12800 elements.
Allocate G_len 320 elements and old = 160.
Allocate M_len = 25600 elements.
Not smooth!
Coefficient of   x^27                     = -1
Coefficient of   x^14 * y^8               = 1
Coefficient of   x^12 * y^7 * z^1         = 2
Coefficient of   x^10 * y^6 * z^2         = -1
Coefficient of   x^8 * y^5 * z^3         = 1
Coefficient of   x^6 * y^4 * z^4         = 1
Coefficient of   x^4 * y^3 * z^5         = 0
Coefficient of   x^2 * y^2 * z^6         = 0
Coefficient of   x^1 * y^16               = 1
Coefficient of   y^1 * z^7               = 1

Here is the polynomial we're using this time:

-1*x^27 + 1*x^14*y^8 + 2*x^12*y^7*z^1 + -1*x^10*y^6*z^2 + 1*x^8*y^5*z^3 + 1*x^6*y^4*z^4 + 1*x^1*y^16 + 1*y^1*z^7

The final length of G is 172
[12, 7, 0, 0]  	187	5 
[12, 6, 1, 0]  	203	7 
[26, 0, 0, 0]  	208	7  <--- 1
[10, 6, 2, 0]  	216	6 
[10, 5, 3, 0]  	232	8 
[8, 5, 4, 0]  	245	7 
[8, 4, 5, 0]  	261	8 
[6, 4, 6, 0]  	274	7 
[7, 18, 0, 0]  	290	8 
[18, 4, 4, 0]  	312	11 
[24, 5, 2, 0]  	315	11 
[22, 4, 3, 0]  	315	11 
[14, 3, 6, 0]  	325	10 
[18, 3, 5, 0]  	328	11 
[11, 3, 7, 0]  	330	8 
[22, 3, 4, 0]  	331	10 
[11, 17, 1, 0]  	338	9 
[14, 2, 7, 0]  	341	10 
[9, 3, 8, 0]  	343	8 
[18, 2, 6, 0]  	344	9 
[11, 2, 8, 0]  	346	8 
[20, 1, 6, 0]  	347	8 
[9, 17, 2, 0]  	351	8 
[10, 1, 9, 0]  	354	9 
[7, 3, 9, 0]  	356	8 
[14, 1, 8, 0]  	357	9 
[18, 1, 7, 0]  	360	8 
[20, 0, 7, 0]  	363	8 
[9, 16, 3, 0]  	367	8 
[8, 1, 10, 0]  	367	8 
[6, 18, 3, 0]  	369	7 
[10, 0, 10, 0]  	370	8 
[8, 17, 3, 0]  	372	7 
[7, 2, 10, 0]  	372	7 
[6, 16, 4, 0]  	372	7 
[14, 0, 9, 0]  	373	8 
[7, 0, 11, 0]  	375	7 
[6, 3, 10, 0]  	377	7 
[5, 17, 4, 0]  	377	7 
[6, 1, 11, 0]  	380	7 
[5, 2, 11, 0]  	385	6 
[4, 16, 5, 0]  	385	6 
[6, 26, 0, 0]  	386	7 
[6, 15, 5, 0]  	388	6 
[5, 0, 12, 0]  	388	6 
[5, 27, 0, 0]  	391	6 
[4, 1, 12, 0]  	393	6 
[5, 14, 6, 0]  	396	6 
[5, 12, 7, 0]  	399	6 
[5, 21, 3, 0]  	400	6 
[4, 15, 6, 0]  	401	5 
[3, 29, 0, 0]  	401	5 
[5, 10, 8, 0]  	402	6 
[4, 13, 7, 0]  	404	5 
[5, 8, 9, 0]  	405	6 
[3, 16, 6, 0]  	406	6 
[5, 26, 1, 0]  	407	5 
[4, 11, 8, 0]  	407	5 
[4, 0, 13, 0]  	409	5 
[5, 24, 2, 0]  	410	6 
[3, 1, 13, 0]  	414	5 
[4, 25, 2, 0]  	415	5 
[4, 5, 11, 0]  	416	6 
[3, 28, 1, 0]  	417	4 
[4, 23, 3, 0]  	418	5 
[3, 26, 2, 0]  	420	4 
[4, 21, 4, 0]  	421	5 
[3, 15, 7, 0]  	422	5 
[4, 10, 9, 0]  	423	4 
[3, 24, 3, 0]  	423	4 
[3, 13, 8, 0]  	425	4 
[4, 8, 10, 0]  	426	4 
[3, 22, 4, 0]  	426	4 
[3, 0, 14, 0]  	430	4 
[2, 12, 9, 0]  	433	3 
[3, 7, 11, 0]  	434	4 
[2, 10, 10, 0]  	436	3 
[3, 5, 12, 0]  	437	5 
[2, 8, 11, 0]  	439	3 
[2, 26, 3, 0]  	441	3 
[3, 21, 5, 0]  	442	4 
[2, 6, 12, 0]  	442	4 
[2, 24, 4, 0]  	444	3 
[2, 33, 0, 0]  	445	5 
[2, 22, 5, 0]  	447	3 
[2, 20, 6, 0]  	450	4 
[2, 29, 2, 0]  	451	4 
[1, 21, 6, 0]  	455	3 
[1, 10, 11, 0]  	457	2 
[2, 5, 13, 0]  	458	4 
[1, 8, 12, 0]  	460	2 
[1, 35, 0, 0]  	463	3 
[2, 1, 15, 0]  	464	4 
[1, 24, 5, 0]  	465	1 
[0, 9, 12, 0]  	465	1 
[2, 19, 7, 0]  	466	4 
[0, 36, 0, 0]  	468	2  <--- 2
[1, 20, 7, 0]  	471	3 
[1, 29, 3, 0]  	472	3 
[0, 23, 6, 0]  	473	1 
[2, 4, 14, 0]  	474	4 
[1, 7, 13, 0]  	476	2 
[1, 34, 1, 0]  	479	3 
[2, 0, 16, 0]  	480	3 
[0, 8, 13, 0]  	481	1 
[1, 19, 8, 0]  	487	3 
[0, 22, 7, 0]  	489	1 
[1, 6, 14, 0]  	492	2 
[1, 15, 10, 0]  	493	3 
[1, 33, 2, 0]  	495	3 
[0, 7, 14, 0]  	497	1 
[0, 34, 2, 0]  	500	2 
[1, 18, 9, 0]  	503	3 
[0, 21, 8, 0]  	505	1 
[1, 5, 15, 0]  	508	2 
[0, 6, 15, 0]  	513	1 
[0, 20, 9, 0]  	521	1 
[1, 4, 16, 0]  	524	2 
[0, 5, 16, 0]  	529	1 
[1, 0, 18, 0]  	530	1 
[0, 32, 4, 0]  	532	2 
[0, 19, 10, 0]  	537	1 
[0, 4, 17, 0]  	545	1 
[0, 0, 19, 0]  	551	1  <--- 3
[0, 18, 11, 0]  	553	1 
[0, 3, 18, 0]  	561	1 
[22, 5, 2, 1]  	299	11 
[9, 2, 9, 1]  	359	8 
[8, 16, 3, 1]  	359	7 
[6, 23, 1, 1]  	376	7 
[7, 14, 5, 1]  	383	7 
[5, 22, 2, 1]  	384	6 
[5, 25, 1, 1]  	394	6 
[5, 6, 10, 1]  	408	6 
[4, 27, 1, 1]  	412	5 
[3, 11, 9, 1]  	428	4 
[3, 20, 5, 1]  	429	5 
[3, 9, 10, 1]  	431	4 
[2, 15, 8, 1]  	443	4 
[1, 23, 5, 1]  	452	2 
[0, 35, 1, 1]  	484	2 
[0, 33, 3, 1]  	516	2 
[0, 29, 5, 1]  	522	2 
[7, 17, 3, 2]  	364	8 
[4, 9, 9, 2]  	410	5 
[4, 7, 10, 2]  	413	5 
[2, 30, 1, 2]  	435	5 
[1, 25, 4, 2]  	449	2 
[1, 0, 17, 2]  	501	2 
[7, 1, 10, 48]  	359	6 
[6, 2, 10, 48]  	364	7 
[3, 23, 3, 48]  	410	4 
[3, 21, 4, 48]  	413	4 
[2, 1, 14, 48]  	435	4 
[0, 10, 11, 48]  	449	1 
[20, 4, 3, 49]  	299	8 
[5, 8, 8, 49]  	376	5 
[5, 13, 6, 49]  	383	5 
[3, 21, 3, 49]  	384	4 
[4, 10, 8, 49]  	394	3 
[4, 24, 2, 49]  	402	4 
[4, 20, 4, 49]  	408	5 
[3, 12, 8, 49]  	412	4 
[3, 6, 11, 49]  	421	4 
[2, 25, 3, 49]  	428	3 
[2, 5, 12, 49]  	429	3 
[2, 23, 4, 49]  	431	3 
[1, 29, 2, 49]  	443	3 
[0, 8, 12, 49]  	452	1 
[0, 6, 14, 49]  	484	1 
[0, 4, 16, 49]  	516	1 
[0, 0, 18, 49]  	522	1 
------
The gap is between 3 and 47.
Lengths: 3 3 6 6 3 3.
For 490 = 5*d/2-d1-d2-d3 you get 3 in char 0.
1*x^1*y^17*z^9
1*y^31*z^3
1*y^2*z^16

For 274 = 3*d/2-d1-d2-d3 you get 6 in char 0.
1*x^5*y^18
1*x^4*y^3*z^7
1*x^3*y^17*z^1
1*x^2*y^2*z^8
1*x^1*y^16*z^2
1*y^1*z^9

For 58 = d/2-d1-d2-d3 you get 3 in char 0.
1*x^4*y^2
1*x^2*y^1*z^1
1*z^2

Extra powers of p used 0.
The invariant extra is equal to 4.
Start computing 5^3 Delta^1 (x1x2x3)^4... Done.
Start computing 5^4 Delta^2 (x1x2x3)^4... Done.
Start computing 5^5 Delta^3 (x1x2x3)^4... Done.
Start computing 5^6 Delta^4 (x1x2x3)^4... Done.
Start computing 5^7 Delta^5 (x1x2x3)^4... Done.
Start computing 5^8 Delta^6 (x1x2x3)^4... Done.
Start computing 5^9 Delta^7 (x1x2x3)^4... Done.
Start computing 5^10 Delta^8 (x1x2x3)^4... Done.
Start computing 5^11 Delta^9 (x1x2x3)^4... Done.
Start computing 5^12 Delta^10 (x1x2x3)^4... Done.
Start computing 5^13 Delta^11 (x1x2x3)^4... Done.
Start computing 5^14 Delta^12 (x1x2x3)^4... Done.
Start computing aa.
1 2 3 4 5 6 7 8 9 10 11 12 
*/
A = \
[10862615771201901998127948763818,132018680293960369637452167310552,71949470278931673738580492488165,124256736036017999197310434495880,141881690238546755774551376260335,101587617551691833313276448000915,26826535358672775680036540038545,139150769736744619949615129413730,20416305167646911037728351446830,104936445187172929129423011778150,107546388577372702815611058498575,72146191831327517293757380484175;\
59259435409925979311875109274116,111363429455297422924583321355392,100462930830245817395073960519996,80156899508948986325662156755965,80801524334954591814085707654625,14940196410036350433457748865130,34276303921194307230311493279095,21334142337886600961636702307115,13350433026788206473093338117950,121479428076776540499008489722525,52904602347919914747423473773250,91470079993310258313995599298875;\
8603643481480560718744825170802,7193768243733671220492997979565,133831207801316020701090551599462,75603881221167379003133474024310,133822817485373876639074714942750,101362707913870955824137738470565,125328909552002199845243458306140,78922052509462246892007028788170,110739535413300516131901285850725,109229996285129985088152003383350,127408961171572182445405952146200,34504591340380401021006919194025;\
138190178152937378457956423817283,123074798085721098098967862653453,116529256446047535984008639530453,57240926930791634959841792620115,90474653454594106017681537403935,127257261350130157211846573384485,114246911340023023607042032568820,128239947885973706819407042646920,109857914025757850071822194709120,54940409017327924798505067855775,16307564132034921140572020392575,65643601172691565120292584487375;\
62774231078268816581140113028718,71878795955191800361394916515429,88409095515176324417842012867506,138453197512729231693188689396270,51627982917470793813365598108610,48707662079213950863946085753210,26032713051355858339942696397265,24423869882296996558263917082015,39236388632149453588537153251500,122158108797431916015227568731500,7015462393363416178799600637300,42341235792008227001582267498400;\
51289250525932216319985841946366,136314176473234412148439605566729,76432276817841243425626216257779,105568707428298502743954359921720,62381784761823110988406817268990,121340625221611884662757359433670,18901993967989127417446183892455,15570397133863628964314974283160,3886923254200286578006048702830,97983451774853108550150881037975,91576521132611010046232058993275,694606885535396711256505708675;\
13697937609275651782912514932543,981921774024748021879889072205,135929133827294329617765011042494,47082004674023615265937509100960,23329313017235301896736134821355,138718473650863866784786501848515,41045943101133582432003769573325,46919365165467271614160959523445,140714036152800500239226519986880,120507310856764842880604575316825,14729836483073652315954117667900,27373624075252712300183320586800;\
102805809470109364007785120804446,39939006978180275851508072978605,103114167405927813653632088319993,84460335520058442857150666063430,24230984262477407876591061686170,77984636938374476051440044435060,30402609498203136116390952777190,51146186727844334286345474671070,104243081188157349601929981562270,63924888410576256047212778663275,82413061292576798204300979791925,70527847180871687565780375448275;\
83504368058280554119861048581682,96478219484865307142198134091918,39306007995764009615189087501245,127262643722914632893813626551355,31408221785082457788151012478675,112610257350551882709998337238540,117251338988276187198766701145055,83282885040697389780707080873860,135232365240724793213748563297035,38218607770240932371657602119525,18087487016705377436244825369000,103168787749735620249840937941900;\
140597818716901920669878689453307,59310034364787492397990058585951,133957614853177148370915990241864,100312215266203027799788885586830,76346945149724685775938687976465,33345387951938241484756363659940,76463017203142978698475731264485,112271334455183823744741536092885,60980348634568589461137270154050,19407081183961566070375229285250,41342798644356050481554793521325,77408494722428812832810967329000;\
59172055904995769429661747115723,52390971484028626969556799195673,93457131403329464342387246495708,68840974096407851692027387943300,30094691920043523449486700790685,60839563632505151197732653079095,90233468480301710253346405340730,35121235142139536281171129669575,38258126428982963081529911968845,129274296998167350343590589829725,117995775949912436387150052376650,2713479358747655856583203353600;\
85013682452122563859950071435976,90129929520197618699934723868307,41042736207450622101610144874044,128902592231126860548714222037920,6310991788569494659467456579470,12600333327145383936985205842805,2098561213919250642341321665570,83183561188523039371956132259465,48614471589221920074105963572770,43254510370899202096112828935425,25105468446101653826079650727200,13693394950077241023240710009350]
/* 
This should be the matrix of frobenius!
*/ 
B = A; 
/* Freed 128 lists. */
