/* Comments begin... 
Coefficient of   x^27                     = 1
Coefficient of   x^14 * y^8               = -1
Coefficient of   x^12 * y^7 * z^1         = -2
Coefficient of   x^10 * y^6 * z^2         = 2
Coefficient of   x^8 * y^5 * z^3         = -2
Coefficient of   x^6 * y^4 * z^4         = -1
Coefficient of   x^4 * y^3 * z^5         = 2
Coefficient of   x^2 * y^2 * z^6         = -2
Coefficient of   x^1 * y^16               = 1
Coefficient of   y^1 * z^7               = 0

Here is the polynomial we're using this time:

1*x^27 + -1*x^14*y^8 + -2*x^12*y^7*z^1 + 2*x^10*y^6*z^2 + -2*x^8*y^5*z^3 + -1*x^6*y^4*z^4 + 2*x^4*y^3*z^5 + -2*x^2*y^2*z^6 + 1*x^1*y^16

Allocate G_len 20 elements and old = 0.
Allocate M_len = 400 elements.
Allocate G_len 40 elements and old = 20.
Allocate M_len = 800 elements.
Allocate G_len 80 elements and old = 40.
Allocate M_len = 1600 elements.
Allocate M_len = 3200 elements.
Allocate G_len 160 elements and old = 80.
Allocate M_len = 6400 elements.
Allocate M_len = 12800 elements.
Allocate G_len 320 elements and old = 160.
Not smooth!
Coefficient of   x^27                     = 2
Coefficient of   x^14 * y^8               = 2
Coefficient of   x^12 * y^7 * z^1         = 1
Coefficient of   x^10 * y^6 * z^2         = -1
Coefficient of   x^8 * y^5 * z^3         = 1
Coefficient of   x^6 * y^4 * z^4         = -1
Coefficient of   x^4 * y^3 * z^5         = -1
Coefficient of   x^2 * y^2 * z^6         = 1
Coefficient of   x^1 * y^16               = 2
Coefficient of   y^1 * z^7               = -1

Here is the polynomial we're using this time:

2*x^27 + 2*x^14*y^8 + 1*x^12*y^7*z^1 + -1*x^10*y^6*z^2 + 1*x^8*y^5*z^3 + -1*x^6*y^4*z^4 + -1*x^4*y^3*z^5 + 1*x^2*y^2*z^6 + 2*x^1*y^16 + -1*y^1*z^7

The final length of G is 170
[12, 7, 0, 0]  	187	7 
[12, 6, 1, 0]  	203	8 
[26, 0, 0, 0]  	208	8  <--- 1
[10, 6, 2, 0]  	216	7 
[10, 5, 3, 0]  	232	8 
[8, 4, 5, 0]  	261	8 
[6, 4, 6, 0]  	274	7 
[7, 18, 0, 0]  	290	8 
[22, 5, 2, 0]  	299	13 
[22, 4, 3, 0]  	315	12 
[18, 3, 5, 0]  	328	9 
[11, 3, 7, 0]  	330	10 
[22, 3, 4, 0]  	331	12 
[11, 17, 1, 0]  	338	10 
[12, 1, 8, 0]  	341	8 
[9, 3, 8, 0]  	343	9 
[11, 2, 8, 0]  	346	9 
[22, 2, 5, 0]  	347	10 
[9, 17, 2, 0]  	351	9 
[10, 1, 9, 0]  	354	9 
[7, 3, 9, 0]  	356	8 
[16, 2, 7, 0]  	357	9 
[9, 2, 9, 0]  	359	8 
[8, 16, 3, 0]  	359	8 
[20, 2, 6, 0]  	360	9 
[18, 1, 7, 0]  	360	9 
[22, 1, 6, 0]  	363	9 
[8, 1, 10, 0]  	367	8 
[6, 18, 3, 0]  	369	7 
[10, 0, 10, 0]  	370	9 
[7, 2, 10, 0]  	372	7 
[6, 16, 4, 0]  	372	7 
[14, 0, 9, 0]  	373	8 
[8, 15, 4, 0]  	375	8 
[18, 0, 8, 0]  	376	8 
[6, 3, 10, 0]  	377	7 
[5, 17, 4, 0]  	377	7 
[22, 0, 7, 0]  	379	8 
[6, 1, 11, 0]  	380	7 
[8, 0, 11, 0]  	383	7 
[7, 14, 5, 0]  	383	7 
[5, 2, 11, 0]  	385	6 
[4, 16, 5, 0]  	385	6 
[6, 26, 0, 0]  	386	7 
[6, 15, 5, 0]  	388	6 
[5, 0, 12, 0]  	388	6 
[6, 24, 1, 0]  	389	7 
[5, 27, 0, 0]  	391	6 
[6, 22, 2, 0]  	392	7 
[4, 1, 12, 0]  	393	6 
[5, 25, 1, 0]  	394	6 
[5, 23, 2, 0]  	397	6 
[5, 12, 7, 0]  	399	6 
[4, 15, 6, 0]  	401	5 
[3, 29, 0, 0]  	401	5 
[5, 10, 8, 0]  	402	6 
[4, 13, 7, 0]  	404	5 
[5, 8, 9, 0]  	405	6 
[4, 11, 8, 0]  	407	5 
[5, 6, 10, 0]  	408	6 
[4, 9, 9, 0]  	410	5 
[5, 22, 3, 0]  	413	5 
[4, 7, 10, 0]  	413	5 
[3, 1, 13, 0]  	414	5 
[4, 23, 3, 0]  	418	5 
[4, 21, 4, 0]  	421	5 
[3, 15, 7, 0]  	422	5 
[3, 24, 3, 0]  	423	4 
[3, 13, 8, 0]  	425	4 
[3, 22, 4, 0]  	426	4 
[4, 6, 11, 0]  	429	5 
[3, 20, 5, 0]  	429	5 
[3, 9, 10, 0]  	431	4 
[2, 12, 9, 0]  	433	3 
[3, 7, 11, 0]  	434	4 
[2, 30, 1, 0]  	435	5 
[2, 10, 10, 0]  	436	3 
[3, 5, 12, 0]  	437	5 
[2, 8, 11, 0]  	439	3 
[2, 26, 3, 0]  	441	3 
[2, 6, 12, 0]  	442	4 
[2, 24, 4, 0]  	444	3 
[3, 19, 6, 0]  	445	5 
[2, 33, 0, 0]  	445	5 
[2, 22, 5, 0]  	447	3 
[2, 20, 6, 0]  	450	4 
[1, 23, 5, 0]  	452	2 
[1, 21, 6, 0]  	455	3 
[1, 10, 11, 0]  	457	2 
[2, 5, 13, 0]  	458	4 
[1, 8, 12, 0]  	460	2 
[1, 35, 0, 0]  	463	3 
[0, 9, 12, 0]  	465	1 
[2, 19, 7, 0]  	466	4 
[0, 36, 0, 0]  	468	2  <--- 2
[1, 20, 7, 0]  	471	3 
[0, 23, 6, 0]  	473	1 
[2, 4, 14, 0]  	474	4 
[1, 7, 13, 0]  	476	2 
[1, 34, 1, 0]  	479	3 
[0, 8, 13, 0]  	481	1 
[0, 35, 1, 0]  	484	2 
[1, 19, 8, 0]  	487	3 
[3, 0, 16, 0]  	488	3 
[0, 22, 7, 0]  	489	1 
[1, 6, 14, 0]  	492	2 
[1, 15, 10, 0]  	493	3 
[0, 7, 14, 0]  	497	1 
[0, 34, 2, 0]  	500	2 
[1, 29, 4, 0]  	501	3 
[1, 18, 9, 0]  	503	3 
[0, 21, 8, 0]  	505	1 
[2, 0, 17, 0]  	509	2 
[0, 6, 15, 0]  	513	1 
[0, 33, 3, 0]  	516	2 
[0, 20, 9, 0]  	521	1 
[0, 29, 5, 0]  	522	2 
[0, 5, 16, 0]  	529	1 
[1, 0, 18, 0]  	530	1 
[0, 32, 4, 0]  	532	2 
[0, 19, 10, 0]  	537	1 
[0, 4, 17, 0]  	545	1 
[0, 0, 19, 0]  	551	1  <--- 3
[0, 18, 11, 0]  	553	1 
[0, 3, 18, 0]  	561	1 
[8, 5, 4, 1]  	245	5 
[18, 4, 4, 1]  	312	9 
[18, 2, 6, 1]  	344	10 
[7, 17, 3, 1]  	364	8 
[5, 14, 6, 1]  	396	6 
[5, 21, 3, 1]  	400	6 
[3, 16, 6, 1]  	406	6 
[4, 0, 13, 1]  	409	5 
[4, 27, 1, 1]  	412	5 
[3, 28, 1, 1]  	417	4 
[3, 26, 2, 1]  	420	4 
[3, 11, 9, 1]  	428	4 
[3, 0, 14, 1]  	430	4 
[2, 15, 8, 1]  	443	4 
[1, 25, 4, 1]  	449	2 
[2, 29, 2, 1]  	451	4 
[2, 1, 15, 1]  	464	4 
[1, 29, 3, 1]  	472	3 
[2, 0, 16, 1]  	480	3 
[1, 33, 2, 1]  	495	3 
[1, 0, 17, 1]  	501	2 
[1, 5, 15, 1]  	508	2 
[1, 4, 16, 1]  	524	2 
[14, 3, 6, 2]  	325	11 
[4, 5, 11, 2]  	416	6 
[4, 25, 2, 3]  	415	5 
[7, 0, 11, 4]  	375	7 
[6, 14, 5, 46]  	375	6 
[12, 2, 7, 48]  	325	10 
[3, 10, 9, 48]  	415	4 
[3, 19, 5, 48]  	416	5 
[2, 25, 3, 48]  	428	3 
[6, 4, 5, 49]  	245	4 
[12, 1, 7, 49]  	312	7 
[6, 2, 10, 49]  	364	6 
[3, 13, 7, 49]  	396	4 
[4, 6, 10, 49]  	400	4 
[2, 30, 0, 49]  	406	3 
[3, 12, 8, 49]  	412	4 
[2, 24, 3, 49]  	415	2 
[0, 12, 9, 49]  	417	1 
[2, 11, 9, 49]  	420	2 
[0, 11, 10, 49]  	433	1 
[0, 10, 11, 49]  	449	1 
[0, 29, 4, 49]  	493	2 
------
The gap is between 5 and 45.
Lengths: 3 3 6 6 3 4.
For 490 = 5*d/2-d1-d2-d3 you get 3 in char 0.
1*x^1*y^17*z^9
1*y^31*z^3
1*y^2*z^16

For 274 = 3*d/2-d1-d2-d3 you get 6 in char 0.
1*x^5*y^18
1*x^4*y^3*z^7
1*x^3*y^17*z^1
1*x^2*y^2*z^8
1*x^1*y^16*z^2
1*y^1*z^9

For 58 = d/2-d1-d2-d3 you get 3 in char 0.
1*x^4*y^2
1*x^2*y^1*z^1
1*z^2

Extra powers of p used 1.
The invariant extra is equal to 4.
Start computing 5^3 Delta^1 (x1x2x3)^4... Done.
Start computing 5^4 Delta^2 (x1x2x3)^4... Done.
Start computing 5^5 Delta^3 (x1x2x3)^4... Done.
Start computing 5^6 Delta^4 (x1x2x3)^4... Done.
Start computing 5^7 Delta^5 (x1x2x3)^4... Done.
Start computing 5^8 Delta^6 (x1x2x3)^4... Done.
Start computing 5^9 Delta^7 (x1x2x3)^4... Done.
Start computing 5^10 Delta^8 (x1x2x3)^4... Done.
Start computing 5^11 Delta^9 (x1x2x3)^4... Done.
Start computing 5^12 Delta^10 (x1x2x3)^4... Done.
Start computing 5^13 Delta^11 (x1x2x3)^4... Done.
Start computing 5^14 Delta^12 (x1x2x3)^4... Done.
Start computing aa.
1 2 3 4 5 6 7 8 9 10 11 12 
*/
A = \
[203693072389001472053828047887520,432929145742322970248603394752846,194324439195057937874536799351528,229183763660764625114026086780350,663456173402214141843322985053450,112965029443095446148149298347000,710175336640347979572816811397355,648526796869700840492461296968440,409358524038668758373225727752580,388067531342010694565269317956325,553855164074587178020820072930725,567052929431552248089095180053000;\
491050745037854362529663817254650,597593554434342870268952544009615,43562111803163896785349966944085,259038566172323228634506200684300,643632575158305948317230021140050,705069941562704460312388915180900,535803780134228866247671289137025,566937195280661511575514425799225,573100677018621358738949045515100,272021610781396115806936523382000,596580428811701592128046327613375,69901866402432098211491448056625;\
213533394002384845372190225669975,227338891157414596087142713980205,624421745410958403329126001145395,580443768191688658902306066189325,215587494709395643758855384862825,626296525124571482922268289753000,479764729293003060531533179201175,645527718798403720090386887839500,582715082766575765211791829595925,97200097508908759271983013769000,400858059989580534968174428783500,509726777509685541391214465516250;\
104142072183139095565882251247185,143866538193504838797694734610763,420295663550795064071834704704729,701714519609660726844827309896825,422867298654131088244462378806925,198918655584183830982081317355900,19449633452621189934881110450965,267011300945520565343427571442320,181017030431643428119383485867340,362614281744096177807457116047350,514979345524852249619216122749300,448016889295224906635051484450750;\
203316150562995752352498560528530,208835530421560085742042460061929,156552087023915038105571145803467,307260053987899022461475693388725,472636197461873092880475034479100,209542653395348223608458778217225,129710767277905687021230857791695,39405221614594378396681224634560,527981531367334634140178532384745,87625005640995426998359406791300,549893893147190196378852731512025,270526129942473258478734784186250;\
604186935572370552465455728164450,413727338220653475132795824223005,689417720399610170204464630347450,113947573539637178007628125642525,625369593238083487153947244609075,205724106825094942534078683897425,680301251183867221992686090367600,245285357820281636886765693186000,394240265818054825137215048480400,212423532429759838281908705072000,233931427376188158741551383793250,598936668287824955003907985165625;\
541572393194128998159044090414270,677413941506986815245694597916066,114714535902571631911455504775138,548862689074999222134513694865650,578675605784274245373429457637050,431740946347815380559444040179950,470225232399133477013651998383930,382595592663685052094616379730790,154951945499884836825323881484955,655811893242929339555086720353700,390945959807712094154731105692600,604718451642077572069512013485625;\
144841135041271337359407640378795,573122999914056844259130179056831,674142259512953748115584088753038,587152924377913897974328977471050,81482450117494159880105943865300,168281800043839454398637546174550,408908796132605814072393105342830,290849321257351997217935322356715,221529628830017142824238744102130,217685339189266353338910590656075,526954710047244672693220337096975,16841935879357535519306952217625;\
39296541368541118961702335922415,685232320995044538309323509408952,396780780812549750398618317181516,638462857982623993777081100823175,647610009515788486600224310362825,339973182826116849448867603409225,482256847742427636025372525415060,262275211237224908733317540601830,145403335154598106209371993980535,125314947634529625249932187229025,3899573694569645499715895700825,26183011254421357838507138799250;\
661114870265703377069170900365925,441265790793450299504935600430715,255564852802549239113588396322860,491628032261120077742798464721375,679585957506575161524595772764925,400595189775395726648275420115825,202080025203645299005386133553150,390378698583534814658199656636850,176702788984630833411012930495800,648268563666906397827412346827750,237364246015335686858665929585875,356308350159451353859903471786500;\
647856183743241701869310717293215,436210924456813133056290890540942,598961198197688875639699951714111,337384031303352848289259518331300,376905867221722702984204196995825,533187098093912502138369290053725,24974489251122814962388331514385,219827091947868487110552117083180,351935210284294613201203429216860,545537285066855233114411975162650,407325533301958171466354716336450,497694977961687624462917550483250;\
623833032719529647311045907189010,161814148970438304135742612469713,288704143254466203705076522101424,77193330962491691289863265190075,235538495926938406620367813535200,163936418564026751397536728422750,702742546540588867185441691169990,245454947465070435450862036659020,707950867955304430430336665896090,631935992714687366429914239156100,315077595541796170106905097366550,529534002600083471875785073064375]
/* 
This matrix times 5^(-1) should be the matrix of frobenius.
*/ 
B = 5^(-1) * A; 
/* Freed 130 lists. */
