/* Comments begin... 
Coefficient of   x^27                     = 2
Coefficient of   x^14 * y^8               = 0
Coefficient of   x^12 * y^7 * z^1         = 2
Coefficient of   x^10 * y^6 * z^2         = 0
Coefficient of   x^8 * y^5 * z^3         = -1
Coefficient of   x^6 * y^4 * z^4         = -2
Coefficient of   x^4 * y^3 * z^5         = 1
Coefficient of   x^2 * y^2 * z^6         = 1
Coefficient of   x^1 * y^16               = 1
Coefficient of   y^1 * z^7               = -1

Here is the polynomial we're using this time:

2*x^27 + 2*x^12*y^7*z^1 + -1*x^8*y^5*z^3 + -2*x^6*y^4*z^4 + 1*x^4*y^3*z^5 + 1*x^2*y^2*z^6 + 1*x^1*y^16 + -1*y^1*z^7

Allocate G_len 20 elements and old = 0.
Allocate M_len = 400 elements.
Allocate G_len 40 elements and old = 20.
Allocate M_len = 800 elements.
Allocate G_len 80 elements and old = 40.
Allocate M_len = 1600 elements.
Allocate M_len = 3200 elements.
Allocate G_len 160 elements and old = 80.
Allocate M_len = 6400 elements.
Allocate M_len = 12800 elements.
Allocate G_len 320 elements and old = 160.
The final length of G is 161
[12, 7, 0, 0]  	187	6 
[12, 6, 1, 0]  	203	7 
[26, 0, 0, 0]  	208	7  <--- 1
[8, 5, 3, 0]  	216	6 
[8, 4, 5, 0]  	261	8 
[6, 4, 6, 0]  	274	7 
[7, 18, 0, 0]  	290	8 
[22, 5, 2, 0]  	299	11 
[18, 4, 4, 0]  	312	12 
[14, 3, 6, 0]  	325	11 
[18, 3, 5, 0]  	328	11 
[11, 3, 7, 0]  	330	10 
[24, 4, 3, 0]  	331	11 
[22, 3, 4, 0]  	331	11 
[11, 17, 1, 0]  	338	10 
[14, 2, 7, 0]  	341	10 
[9, 3, 8, 0]  	343	9 
[18, 2, 6, 0]  	344	10 
[11, 2, 8, 0]  	346	9 
[22, 2, 5, 0]  	347	10 
[9, 17, 2, 0]  	351	9 
[11, 16, 2, 0]  	354	9 
[14, 1, 8, 0]  	357	9 
[9, 2, 9, 0]  	359	8 
[18, 1, 7, 0]  	360	9 
[11, 1, 9, 0]  	362	8 
[22, 1, 6, 0]  	363	9 
[8, 3, 9, 0]  	364	8 
[7, 17, 3, 0]  	364	8 
[6, 18, 3, 0]  	369	7 
[10, 0, 10, 0]  	370	8 
[7, 2, 10, 0]  	372	7 
[6, 16, 4, 0]  	372	7 
[14, 0, 9, 0]  	373	8 
[9, 1, 10, 0]  	375	7 
[7, 0, 11, 0]  	375	7 
[6, 3, 10, 0]  	377	7 
[5, 17, 4, 0]  	377	7 
[22, 0, 7, 0]  	379	8 
[6, 1, 11, 0]  	380	7 
[5, 2, 11, 0]  	385	6 
[4, 16, 5, 0]  	385	6 
[6, 26, 0, 0]  	386	7 
[6, 15, 5, 0]  	388	6 
[5, 0, 12, 0]  	388	6 
[6, 24, 1, 0]  	389	7 
[5, 27, 0, 0]  	391	6 
[20, 0, 8, 0]  	392	7 
[6, 22, 2, 0]  	392	7 
[4, 1, 12, 0]  	393	6 
[5, 25, 1, 0]  	394	6 
[5, 14, 6, 0]  	396	6 
[5, 23, 2, 0]  	397	6 
[5, 12, 7, 0]  	399	6 
[5, 21, 3, 0]  	400	6 
[4, 15, 6, 0]  	401	5 
[3, 29, 0, 0]  	401	5 
[5, 10, 8, 0]  	402	6 
[3, 16, 6, 0]  	406	6 
[4, 11, 8, 0]  	407	5 
[5, 6, 10, 0]  	408	6 
[4, 0, 13, 0]  	409	5 
[4, 9, 9, 0]  	410	5 
[4, 27, 1, 0]  	412	5 
[4, 7, 10, 0]  	413	5 
[3, 1, 13, 0]  	414	5 
[4, 5, 11, 0]  	416	6 
[4, 14, 7, 0]  	417	4 
[3, 28, 1, 0]  	417	4 
[4, 23, 3, 0]  	418	5 
[3, 26, 2, 0]  	420	4 
[4, 21, 4, 0]  	421	5 
[3, 15, 7, 0]  	422	5 
[3, 24, 3, 0]  	423	4 
[3, 13, 8, 0]  	425	4 
[3, 22, 4, 0]  	426	4 
[3, 11, 9, 0]  	428	4 
[3, 20, 5, 0]  	429	5 
[3, 0, 14, 0]  	430	4 
[3, 9, 10, 0]  	431	4 
[2, 12, 9, 0]  	433	3 
[3, 7, 11, 0]  	434	4 
[2, 30, 1, 0]  	435	5 
[2, 10, 10, 0]  	436	3 
[3, 5, 12, 0]  	437	5 
[2, 26, 3, 0]  	441	3 
[2, 6, 12, 0]  	442	4 
[2, 15, 8, 0]  	443	4 
[2, 24, 4, 0]  	444	3 
[2, 33, 0, 0]  	445	5 
[2, 22, 5, 0]  	447	3 
[1, 25, 4, 0]  	449	2 
[2, 20, 6, 0]  	450	4 
[2, 29, 2, 0]  	451	4 
[2, 9, 11, 0]  	452	2 
[1, 23, 5, 0]  	452	2 
[1, 21, 6, 0]  	455	3 
[1, 10, 11, 0]  	457	2 
[2, 5, 13, 0]  	458	4 
[1, 8, 12, 0]  	460	2 
[2, 1, 15, 0]  	464	4 
[0, 9, 12, 0]  	465	1 
[2, 19, 7, 0]  	466	4 
[0, 36, 0, 0]  	468	2  <--- 2
[1, 20, 7, 0]  	471	3 
[1, 29, 3, 0]  	472	3 
[0, 23, 6, 0]  	473	1 
[1, 34, 1, 0]  	479	3 
[2, 0, 16, 0]  	480	3 
[0, 8, 13, 0]  	481	1 
[0, 35, 1, 0]  	484	2 
[1, 19, 8, 0]  	487	3 
[0, 22, 7, 0]  	489	1 
[1, 15, 10, 0]  	493	3 
[0, 7, 14, 0]  	497	1 
[0, 34, 2, 0]  	500	2 
[1, 0, 17, 0]  	501	2 
[1, 18, 9, 0]  	503	3 
[0, 21, 8, 0]  	505	1 
[1, 5, 15, 0]  	508	2 
[0, 6, 15, 0]  	513	1 
[0, 33, 3, 0]  	516	2 
[0, 20, 9, 0]  	521	1 
[0, 29, 5, 0]  	522	2 
[1, 4, 16, 0]  	524	2 
[0, 5, 16, 0]  	529	1 
[0, 19, 10, 0]  	537	1 
[0, 4, 17, 0]  	545	1 
[0, 0, 19, 0]  	551	1  <--- 3
[0, 18, 11, 0]  	553	1 
[0, 3, 18, 0]  	561	1 
[22, 4, 3, 1]  	315	12 
[7, 3, 9, 1]  	356	8 
[18, 0, 8, 1]  	376	8 
[4, 13, 7, 1]  	404	5 
[5, 8, 9, 1]  	405	6 
[4, 25, 2, 1]  	415	5 
[2, 8, 11, 1]  	439	3 
[1, 35, 0, 1]  	463	3 
[2, 4, 14, 1]  	474	4 
[1, 7, 13, 1]  	476	2 
[1, 33, 2, 1]  	495	3 
[0, 32, 4, 1]  	532	2 
[7, 14, 5, 2]  	383	7 
[1, 6, 14, 2]  	492	2 
[8, 1, 10, 3]  	367	8 
[7, 15, 4, 47]  	367	7 
[5, 13, 6, 48]  	383	6 
[0, 20, 8, 48]  	492	1 
[20, 3, 4, 49]  	315	10 
[6, 17, 3, 49]  	356	5 
[6, 23, 1, 49]  	376	6 
[5, 22, 2, 49]  	384	6 
[3, 27, 1, 49]  	404	3 
[4, 22, 3, 49]  	405	4 
[3, 10, 9, 49]  	415	4 
[1, 22, 5, 49]  	439	2 
[0, 20, 7, 49]  	463	1 
[1, 18, 8, 49]  	474	3 
[1, 4, 15, 49]  	495	2 
[0, 3, 17, 49]  	532	1 
------
The gap is between 4 and 46.
Lengths: 3 3 6 6 3 3.
For 490 = 5*d/2-d1-d2-d3 you get 3 in char 0.
1*x^1*y^17*z^9
1*y^31*z^3
1*y^2*z^16

For 274 = 3*d/2-d1-d2-d3 you get 6 in char 0.
1*x^5*y^18
1*x^4*y^3*z^7
1*x^3*y^17*z^1
1*x^2*y^2*z^8
1*x^1*y^16*z^2
1*y^1*z^9

For 58 = d/2-d1-d2-d3 you get 3 in char 0.
1*x^4*y^2
1*x^2*y^1*z^1
1*z^2

Extra powers of p used 0.
The invariant extra is equal to 4.
Start computing 5^3 Delta^1 (x1x2x3)^4... Done.
Start computing 5^4 Delta^2 (x1x2x3)^4... Done.
Start computing 5^5 Delta^3 (x1x2x3)^4... Done.
Start computing 5^6 Delta^4 (x1x2x3)^4... Done.
Start computing 5^7 Delta^5 (x1x2x3)^4... Done.
Start computing 5^8 Delta^6 (x1x2x3)^4... Done.
Start computing 5^9 Delta^7 (x1x2x3)^4... Done.
Start computing 5^10 Delta^8 (x1x2x3)^4... Done.
Start computing 5^11 Delta^9 (x1x2x3)^4... Done.
Start computing 5^12 Delta^10 (x1x2x3)^4... Done.
Start computing 5^13 Delta^11 (x1x2x3)^4... Done.
Start computing 5^14 Delta^12 (x1x2x3)^4... Done.
Start computing aa.
1 2 3 4 5 6 7 8 9 10 11 12 
*/
A = \
[135583116470892500318066276127177,21353663545649996381249367480176,58423953465133453816307165019250,136669974162601795838099201892675,124878605608427439366111869252250,67131346311111145173804006713980,74209650230810835112154671146725,71622794849441674025530003366345,106609220223248672588651534758865,114903887487263840915210687879575,141291677050715788204637543186500,33089062868284588262745877847375;\
56050545066410858151272602361757,57859496516777028179779518676920,495632002567800208498044915254,92722904530553800779404703024225,139241845103105979513685317192070,51653239813175320664305673849125,130140623000734708895314669469530,77078382851865755447446392565880,111033913436839271611526514459055,122896404789527846718160740596150,85087466249406169974530871148375,22982229747382775011255339714800;\
38215004949229792277793526254856,99090793230857788923493869340151,116433394289455423851303331533216,87392741929423177346569137325615,67790985927323683828539892778805,83016578562665763820191214289135,117573372947355292243260788796360,109067608121191968210063499859355,136469151038273738182793409194610,101537653288331208169222477951000,42941370881293321709090024460975,114782201689178427277946209305200;\
24794828141938616116496770588413,108651979486472298929545856915120,80150964716940068083495789141087,49288214927063887880188549811870,133985029873708184756410385467785,67794538204244217669771693334070,46692398729810390452916620597150,123797234718621866584295521437225,104294424643823489453484907520240,10744141442290998816401532315775,32210310478824024313284308904000,91115605802280980638651972893425;\
67610207900899293554322096436376,7672491430330931169192547097244,35014984288069871251881850256516,1899898572107668267052829225625,9566065465847289267817768181085,39686322585182568625151970113655,35668786356714608475716643294770,84878969962602325585637437426125,67360979159164894078389408296795,84197084774427444918306633782275,123299922831808640597762388265575,66588128688730809832232862197800;\
25195370928840108593380193974053,91851910827585967940416947139650,74727284872719149138363020146625,138155323354867779451734088852710,73256619747939499791728613924650,61053067038554592489795484927315,26418170534585310238487052223440,115133979122807995298628002922960,128715746653240613709833595781665,45742718185653979336097814620625,54337549205157884047949221149200,49823637442894571650201478525525;\
21732069140110998903966569770296,107764487210359939732384339463476,83889759397546341512880962492478,46322350611859925010085606607930,79974878178568932217868792537560,78288930905827870302730568598855,109750355172575915294806741225025,33280566497873930183147116461125,85420316824173041279103232862245,112656211589855266563250550520400,114612091430261187238522722539500,86675055473482535601080491131175;\
83213936740836241556524117996546,39142568795650264583783899537181,64250318378424369245841756959446,16124672120232118176187321728190,71808229310994338924836399717920,38252412783813006894586319600325,8029512747181535801203173420065,43945425701548957296631964539430,63583548516165445945298229370460,122921108682723400517289973580925,30832921834477745353359413011550,30640417680207305953788156653950;\
127575101052412500540038686652466,51957861274530995428309462893434,60691437580170313656398479905497,61315505199286480557576807325470,38770818973026727421326519832695,57834657049297752203689556882915,121938489703050868344345947079005,101416075683540451330591355410455,90062858766785720885062864750985,42734270283615331179091248429100,77658553188362724902493332818425,80449547082996305869428976883200;\
121817347934066509902921841287417,102659847827730259734230059618812,16499361267897664103479342217934,107792451764155705864893736373020,59347594007352111449748126215325,62973501614635988437690941245390,124360000442898064221028002413305,94215180128981021068535503765465,95622175492499257935342474839510,67179952945062618762827515737950,71630411414175988862613126135375,70428642793057068774570451704975;\
97361761660635537270947290611653,37401282352728824788605713657503,89039990945259353326493870041112,62499735049369018761610856160875,18657504100070912369332470837785,99201002652054898640588849422945,37712699205470551475047023935130,12966752255196888851455243743115,76251668094514982799632279443555,99078765862663960498470296556500,138557748646469931567078216222050,120339235325796320958125412003150;\
100408683097117628718399248514707,12610760914309337927066146106837,38172326053189309723017211375699,95017997150715905590725674914195,77792996616839101530842523889725,106594252217730485848734230570190,45192472364820164804698498483455,47524904247174850171014826284340,51685509985735911768794969421560,119470463632988846032160014251300,24427115533520821344624209955375,140165656954078938685110029985725]
/* 
This should be the matrix of frobenius!
*/ 
B = A; 
/* Freed 129 lists. */
