/* Comments begin... 
Coefficient of   x^27                     = -1
Coefficient of   x^14 * y^8               = 2
Coefficient of   x^12 * y^7 * z^1         = 0
Coefficient of   x^10 * y^6 * z^2         = 0
Coefficient of   x^8 * y^5 * z^3         = 0
Coefficient of   x^6 * y^4 * z^4         = 0
Coefficient of   x^4 * y^3 * z^5         = -1
Coefficient of   x^2 * y^2 * z^6         = -1
Coefficient of   x^1 * y^16               = 2
Coefficient of   y^1 * z^7               = -2

Here is the polynomial we're using this time:

-1*x^27 + 2*x^14*y^8 + -1*x^4*y^3*z^5 + -1*x^2*y^2*z^6 + 2*x^1*y^16 + -2*y^1*z^7

Allocate G_len 20 elements and old = 0.
Allocate M_len = 400 elements.
Allocate G_len 40 elements and old = 20.
Allocate M_len = 800 elements.
Allocate G_len 80 elements and old = 40.
Allocate M_len = 1600 elements.
Allocate M_len = 3200 elements.
Allocate G_len 160 elements and old = 80.
Allocate M_len = 6400 elements.
Allocate M_len = 12800 elements.
Allocate G_len 320 elements and old = 160.
The final length of G is 138
[14, 7, 0, 0]  	203	5 
[26, 0, 0, 0]  	208	5  <--- 1
[16, 2, 5, 0]  	299	7 
[14, 2, 6, 0]  	312	6 
[12, 6, 5, 0]  	319	4 
[10, 5, 6, 0]  	319	4 
[8, 4, 7, 0]  	319	4 
[6, 3, 8, 0]  	319	4 
[4, 2, 9, 0]  	319	4 
[2, 2, 10, 0]  	332	3 
[13, 2, 7, 0]  	333	5 
[13, 16, 1, 0]  	341	6 
[11, 2, 8, 0]  	346	5 
[13, 1, 8, 0]  	349	4 
[13, 19, 0, 0]  	351	6 
[3, 1, 11, 0]  	356	4 
[13, 15, 2, 0]  	357	7 
[7, 1, 10, 0]  	359	6 
[11, 1, 9, 0]  	362	5 
[13, 0, 9, 0]  	365	5 
[4, 15, 5, 0]  	372	5 
[20, 1, 7, 0]  	376	8 
[18, 0, 8, 0]  	376	9 
[2, 1, 12, 0]  	377	3 
[24, 1, 6, 0]  	379	4 
[22, 0, 7, 0]  	379	5 
[2, 15, 6, 0]  	385	4 
[5, 0, 12, 0]  	388	5 
[4, 14, 6, 0]  	388	5 
[11, 12, 5, 0]  	389	6 
[9, 11, 6, 0]  	389	8 
[10, 24, 0, 0]  	392	4 
[9, 25, 0, 0]  	397	4 
[3, 0, 13, 0]  	401	3 
[2, 14, 7, 0]  	401	3 
[7, 11, 7, 0]  	402	7 
[4, 13, 7, 0]  	404	4 
[8, 24, 1, 0]  	405	4 
[7, 25, 1, 0]  	410	4 
[5, 11, 8, 0]  	415	6 
[3, 19, 5, 0]  	416	3 
[1, 18, 6, 0]  	416	3 
[2, 13, 8, 0]  	417	3 
[6, 24, 2, 0]  	418	4 
[4, 12, 8, 0]  	420	4 
[5, 25, 2, 0]  	423	4 
[8, 28, 0, 0]  	428	4 
[6, 27, 1, 0]  	428	4 
[4, 26, 2, 0]  	428	4 
[3, 11, 9, 0]  	428	4 
[4, 24, 3, 0]  	431	4 
[2, 12, 9, 0]  	433	3 
[3, 25, 3, 0]  	436	3 
[2, 26, 3, 0]  	441	3 
[2, 24, 4, 0]  	444	3 
[1, 25, 4, 0]  	449	2 
[1, 23, 5, 0]  	452	2 
[1, 10, 11, 0]  	457	2 
[1, 8, 12, 0]  	460	2 
[0, 9, 12, 0]  	465	1 
[0, 36, 0, 0]  	468	2  <--- 2
[0, 23, 6, 0]  	473	1 
[1, 7, 13, 0]  	476	2 
[2, 0, 16, 0]  	480	3 
[0, 8, 13, 0]  	481	1 
[0, 35, 1, 0]  	484	2 
[0, 22, 7, 0]  	489	1 
[1, 6, 14, 0]  	492	2 
[1, 15, 10, 0]  	493	3 
[0, 7, 14, 0]  	497	1 
[0, 34, 2, 0]  	500	2 
[1, 0, 17, 0]  	501	2 
[0, 21, 8, 0]  	505	1 
[1, 5, 15, 0]  	508	2 
[0, 6, 15, 0]  	513	1 
[0, 33, 3, 0]  	516	2 
[0, 20, 9, 0]  	521	1 
[0, 29, 5, 0]  	522	2 
[1, 4, 16, 0]  	524	2 
[0, 5, 16, 0]  	529	1 
[0, 32, 4, 0]  	532	2 
[0, 19, 10, 0]  	537	1 
[0, 4, 17, 0]  	545	1 
[0, 0, 19, 0]  	551	1  <--- 3
[0, 18, 11, 0]  	553	1 
[0, 3, 18, 0]  	561	1 
[4, 3, 4, 1]  	187	3 
[14, 1, 7, 1]  	328	7 
[3, 16, 4, 1]  	348	4 
[22, 1, 6, 1]  	363	9 
[2, 16, 5, 1]  	369	3 
[3, 0, 12, 1]  	372	4 
[7, 0, 11, 1]  	375	6 
[5, 26, 0, 1]  	378	3 
[3, 29, 0, 1]  	401	3 
[3, 28, 1, 1]  	417	3 
[3, 27, 2, 1]  	433	3 
[2, 33, 0, 1]  	445	3 
[13, 17, 0, 2]  	325	6 
[1, 29, 0, 2]  	385	3 
[3, 28, 0, 2]  	388	4 
[8, 25, 0, 2]  	389	7 
[6, 25, 1, 2]  	402	6 
[3, 27, 1, 2]  	404	4 
[4, 25, 2, 2]  	415	5 
[3, 26, 2, 2]  	420	4 
[1, 0, 16, 44]  	472	2 
[2, 2, 9, 45]  	303	2 
[1, 0, 15, 45]  	443	2 
[1, 15, 9, 45]  	464	2 
[2, 2, 8, 46]  	274	2 
[1, 0, 14, 46]  	414	2 
[1, 26, 3, 46]  	433	1 
[1, 15, 8, 46]  	435	2 
[0, 32, 3, 46]  	503	1 
[2, 2, 7, 47]  	245	2 
[1, 0, 13, 47]  	385	2 
[1, 15, 7, 47]  	406	2 
[3, 25, 2, 47]  	407	2 
[1, 27, 2, 47]  	417	1 
[0, 32, 2, 47]  	474	1 
[2, 2, 6, 48]  	216	2 
[13, 15, 1, 48]  	328	5 
[13, 0, 8, 48]  	336	4 
[1, 1, 12, 48]  	369	2 
[1, 15, 6, 48]  	377	2 
[3, 25, 1, 48]  	378	2 
[1, 28, 1, 48]  	401	1 
[0, 32, 1, 48]  	445	1 
[2, 2, 5, 49]  	187	2 
[13, 15, 0, 49]  	299	4 
[13, 0, 7, 49]  	307	3 
[11, 1, 8, 49]  	333	3 
[9, 1, 9, 49]  	346	3 
[2, 1, 11, 49]  	348	3 
[3, 25, 0, 49]  	349	2 
[1, 16, 5, 49]  	361	2 
[0, 32, 0, 49]  	416	1 
------
The gap is between 3 and 43.
Lengths: 3 3 6 10 3 7.
For 490 = 5*d/2-d1-d2-d3 you get 3 in char 0.
1*x^1*y^17*z^9
1*y^31*z^3
1*y^2*z^16

For 274 = 3*d/2-d1-d2-d3 you get 6 in char 0.
1*x^12*y^7*z^3
1*x^5*y^18
1*x^3*y^17*z^1
1*x^2*y^2*z^8
1*x^1*y^16*z^2
1*y^1*z^9

For 58 = d/2-d1-d2-d3 you get 3 in char 0.
1*x^4*y^2
1*x^2*y^1*z^1
1*z^2

Extra powers of p used 7.
The invariant extra is equal to 4.
Start computing 5^3 Delta^1 (x1x2x3)^4... Done.
Start computing 5^4 Delta^2 (x1x2x3)^4... Done.
Start computing 5^5 Delta^3 (x1x2x3)^4... Done.
Start computing 5^6 Delta^4 (x1x2x3)^4... Done.
Start computing 5^7 Delta^5 (x1x2x3)^4... Done.
Start computing 5^8 Delta^6 (x1x2x3)^4... Done.
Start computing 5^9 Delta^7 (x1x2x3)^4... Done.
Start computing 5^10 Delta^8 (x1x2x3)^4... Done.
Start computing 5^11 Delta^9 (x1x2x3)^4... Done.
Start computing 5^12 Delta^10 (x1x2x3)^4... Done.
Start computing 5^13 Delta^11 (x1x2x3)^4... Done.
Start computing 5^14 Delta^12 (x1x2x3)^4... Done.
Start computing aa.
1 2 3 4 5 6 7 8 9 10 11 12 
*/
A = \
[7248410697876167966261324640175,6665094520282293650320010076425,809150345797429746494278688100,2849529517031941175094441030875,24382993485281148866615141816325,26723083185438681553786148628375,15336672811169173751242388424375,20268333678151564479236854822000,19346395918702327158366872750000,18101393039816513012528976108250,25291257309077535946666122156250,14089282048679498245388013728750;\
5401023246142596487740058171875,3312353797248818480345086734375,22836343194942026020576049937500,2225473017831448393771054296875,2248218696328357993163680156250,1909308923992508421454592109375,19920590326235913887513717812500,16405246874076463345480858281250,16070992243575045201508692812500,13808436873970836772072163671875,10149902103003340188787666015625,13439258875612676780580039453125;\
11468146027390048641341290457725,15479883529669362657492753177100,1530696359576806657543358124075,20946373814068600412799918108000,15200418666341876588878142054650,19278127226508538186655906903000,2878081452292994810142648467500,27499548942340558645860359701500,6049831880929873238324563078125,25196076358292220153976787855250,3512982477394734905861204156250,8009220604363689072295643776250;\
20170360562568538491883130360975,390833573803582835421124952225,5371877977482960541463080753075,22432421434882227739772345058625,4756289514665647365507397283275,24903595680022360304964162159875,12800978469066239348087708223750,6762303511052869541009936197125,24577497925037166539130707140625,19296380861709782129573868238375,12856467468153935157948644312500,10170713011073047127996618113750;\
19470767856972279890982865834375,1741478028168199012751715709375,2994619096826748574022409200000,18746830270126381258416294562500,10411396898015199164170655743750,6925613011460839590976454562500,18767794256323615610282986953125,16605285464938822599379531734375,3041807133011031482660462812500,28295517543519251973684516578125,14998718588322623204517494531250,19650221053901100959646914921875;\
3405002336141105451853028306875,26041323757327830655562922525625,11583618477170115994157941476250,27384771568788458195432935815625,10404891035317084283514579133750,8268302742561218339116510393750,26232954184721009016700282140625,13331354843074627161882927384375,10817899192677131449395189531250,17634812866028140894544828931250,25651775169848587725207754296875,15580874193159343790228938015625;\
27348749192450020705130739804998,12889405119125881918290408119673,21676287967906164673229667555211,2688031517877674387064601147915,16608474424641731736844324760017,9244205973061618325483744015640,15687733148639099288980333354525,12677699359172648992501244284695,22567061263861135602313409048750,26044240100976676582392989141870,14213318665487324352522773420000,13913878598028573595600881144350;\
24236763310677068131993358201375,23329424807738749409071740323250,2474786958696951852653418700250,10763488468897821222035804347500,22912571796590015280778361530500,24103222095588285531961312747500,9715684209152015284871078490625,452435414466695431678042623750,6177507663580961258708519531250,894543941624267281726150933125,23532955212500654746365853046875,17053717603516712478196918884375;\
21863859170134357526916508500827,18662636114669266298139982703027,8489661441917306531571262500564,14241094583518928499267555604335,423695901775008400267757851408,8165303824047372426178687714110,19339838518786409137957996239850,10659179258147807771803802955180,22879548415115433339253412326250,1374430563046396991575084271130,16919251004456219426571062314375,4740111609363183882202625623775;\
10275144528355591959719835776500,7084577215827761083768755945250,8234630557760608296815978501125,6136580287274175718737285782500,17975089871792916394032624181000,24463855608643831398954999395000,7221601520569559889248813840625,15812924526088653073993887994375,25107415577936538921952716921875,16959209640851038975251641410000,28102141381673986186909109453125,12141178278287929617421424081250;\
21363402242436658484428794010890,1592398253189260023230281524265,24096270532774900649603852732355,26357404549149871746536724915325,10842306759883868481593560466810,17231574755654315599949475277700,10314378133935959022526009798875,17730289616258369347322785273225,25460904907281305056470509900000,5440904252663640066781793220975,17671331727655968213350084896875,6846131166760641007166160889250;\
18185242942350738101403000251708,25669282935517091069295519263008,21970210376084180805751206733556,23890283697539193604243284046215,4655253652908563046115739966107,21731176457510586235166330587190,4251117836367239913540335282525,12137928189210038106625936357970,758302879702388943265630398750,3091086759032868924688712189895,14636993638561657638078202366875,14729624256306620387152204693850]
/* 
This matrix times 5^(-6) should be the matrix of frobenius.
*/ 
B = 5^(-6) * A; 
/* Freed 124 lists. */
