/* Comments begin... 
Coefficient of   x^27                     = 2
Coefficient of   x^14 * y^8               = 1
Coefficient of   x^12 * y^7 * z^1         = 1
Coefficient of   x^10 * y^6 * z^2         = 1
Coefficient of   x^8 * y^5 * z^3         = -1
Coefficient of   x^6 * y^4 * z^4         = 2
Coefficient of   x^4 * y^3 * z^5         = 0
Coefficient of   x^2 * y^2 * z^6         = -2
Coefficient of   x^1 * y^16               = 0
Coefficient of   y^1 * z^7               = -1

Here is the polynomial we're using this time:

2*x^27 + 1*x^14*y^8 + 1*x^12*y^7*z^1 + 1*x^10*y^6*z^2 + -1*x^8*y^5*z^3 + 2*x^6*y^4*z^4 + -2*x^2*y^2*z^6 + -1*y^1*z^7

Allocate G_len 20 elements and old = 0.
Allocate M_len = 400 elements.
Allocate G_len 40 elements and old = 20.
Allocate M_len = 800 elements.
Allocate G_len 80 elements and old = 40.
Allocate M_len = 1600 elements.
Not smooth!
Coefficient of   x^27                     = 1
Coefficient of   x^14 * y^8               = 2
Coefficient of   x^12 * y^7 * z^1         = 2
Coefficient of   x^10 * y^6 * z^2         = 2
Coefficient of   x^8 * y^5 * z^3         = -2
Coefficient of   x^6 * y^4 * z^4         = -1
Coefficient of   x^4 * y^3 * z^5         = 2
Coefficient of   x^2 * y^2 * z^6         = 0
Coefficient of   x^1 * y^16               = 2
Coefficient of   y^1 * z^7               = -2

Here is the polynomial we're using this time:

1*x^27 + 2*x^14*y^8 + 2*x^12*y^7*z^1 + 2*x^10*y^6*z^2 + -2*x^8*y^5*z^3 + -1*x^6*y^4*z^4 + 2*x^4*y^3*z^5 + 2*x^1*y^16 + -2*y^1*z^7

Allocate M_len = 3200 elements.
Allocate G_len 160 elements and old = 80.
Allocate M_len = 6400 elements.
Allocate M_len = 12800 elements.
Allocate G_len 320 elements and old = 160.
The final length of G is 167
[12, 7, 0, 0]  	187	6 
[12, 6, 1, 0]  	203	8 
[26, 0, 0, 0]  	208	8  <--- 1
[10, 6, 2, 0]  	216	7 
[10, 5, 3, 0]  	232	8 
[8, 4, 5, 0]  	261	8 
[6, 4, 6, 0]  	274	7 
[7, 18, 0, 0]  	290	8 
[22, 5, 2, 0]  	299	13 
[18, 4, 4, 0]  	312	12 
[22, 4, 3, 0]  	315	12 
[14, 3, 6, 0]  	325	11 
[18, 3, 5, 0]  	328	11 
[11, 3, 7, 0]  	330	9 
[22, 3, 4, 0]  	331	12 
[14, 2, 7, 0]  	341	10 
[9, 3, 8, 0]  	343	8 
[11, 2, 8, 0]  	346	9 
[10, 1, 9, 0]  	354	9 
[7, 3, 9, 0]  	356	8 
[14, 1, 8, 0]  	357	10 
[9, 2, 9, 0]  	359	9 
[20, 2, 6, 0]  	360	9 
[18, 1, 7, 0]  	360	9 
[24, 2, 5, 0]  	363	9 
[22, 1, 6, 0]  	363	8 
[9, 16, 3, 0]  	367	8 
[8, 1, 10, 0]  	367	8 
[10, 0, 10, 0]  	370	9 
[8, 17, 3, 0]  	372	7 
[7, 2, 10, 0]  	372	7 
[6, 16, 4, 0]  	372	7 
[14, 0, 9, 0]  	373	8 
[8, 15, 4, 0]  	375	8 
[18, 0, 8, 0]  	376	8 
[6, 3, 10, 0]  	377	7 
[5, 17, 4, 0]  	377	7 
[22, 0, 7, 0]  	379	8 
[6, 1, 11, 0]  	380	7 
[8, 0, 11, 0]  	383	7 
[7, 14, 5, 0]  	383	7 
[5, 2, 11, 0]  	385	6 
[4, 16, 5, 0]  	385	6 
[6, 26, 0, 0]  	386	7 
[6, 15, 5, 0]  	388	6 
[5, 0, 12, 0]  	388	6 
[5, 27, 0, 0]  	391	6 
[6, 22, 2, 0]  	392	7 
[4, 1, 12, 0]  	393	6 
[5, 25, 1, 0]  	394	6 
[5, 14, 6, 0]  	396	6 
[5, 23, 2, 0]  	397	6 
[5, 12, 7, 0]  	399	6 
[5, 21, 3, 0]  	400	6 
[4, 15, 6, 0]  	401	5 
[3, 29, 0, 0]  	401	5 
[4, 13, 7, 0]  	404	5 
[5, 8, 9, 0]  	405	6 
[3, 16, 6, 0]  	406	6 
[4, 11, 8, 0]  	407	5 
[5, 6, 10, 0]  	408	6 
[4, 0, 13, 0]  	409	5 
[4, 9, 9, 0]  	410	5 
[4, 27, 1, 0]  	412	5 
[4, 7, 10, 0]  	413	5 
[3, 1, 13, 0]  	414	5 
[4, 25, 2, 0]  	415	5 
[4, 5, 11, 0]  	416	6 
[4, 23, 3, 0]  	418	5 
[3, 26, 2, 0]  	420	4 
[4, 21, 4, 0]  	421	5 
[3, 15, 7, 0]  	422	5 
[3, 24, 3, 0]  	423	4 
[3, 13, 8, 0]  	425	4 
[3, 22, 4, 0]  	426	4 
[3, 20, 5, 0]  	429	5 
[3, 9, 10, 0]  	431	4 
[2, 12, 9, 0]  	433	3 
[3, 7, 11, 0]  	434	4 
[2, 30, 1, 0]  	435	5 
[2, 10, 10, 0]  	436	3 
[3, 5, 12, 0]  	437	5 
[2, 8, 11, 0]  	439	3 
[2, 26, 3, 0]  	441	3 
[2, 15, 8, 0]  	443	4 
[2, 24, 4, 0]  	444	3 
[2, 33, 0, 0]  	445	5 
[2, 22, 5, 0]  	447	3 
[1, 25, 4, 0]  	449	2 
[2, 20, 6, 0]  	450	4 
[2, 29, 2, 0]  	451	4 
[1, 23, 5, 0]  	452	2 
[2, 7, 12, 0]  	455	3 
[1, 21, 6, 0]  	455	3 
[1, 10, 11, 0]  	457	2 
[2, 5, 13, 0]  	458	4 
[3, 0, 15, 0]  	459	3 
[1, 8, 12, 0]  	460	2 
[1, 35, 0, 0]  	463	3 
[2, 1, 15, 0]  	464	4 
[0, 9, 12, 0]  	465	1 
[2, 19, 7, 0]  	466	4 
[0, 36, 0, 0]  	468	2  <--- 2
[1, 20, 7, 0]  	471	3 
[1, 29, 3, 0]  	472	3 
[0, 23, 6, 0]  	473	1 
[2, 4, 14, 0]  	474	4 
[2, 0, 16, 0]  	480	3 
[0, 8, 13, 0]  	481	1 
[0, 35, 1, 0]  	484	2 
[0, 22, 7, 0]  	489	1 
[1, 6, 14, 0]  	492	2 
[0, 7, 14, 0]  	497	1 
[1, 0, 17, 0]  	501	2 
[1, 18, 9, 0]  	503	3 
[0, 21, 8, 0]  	505	1 
[1, 5, 15, 0]  	508	2 
[0, 6, 15, 0]  	513	1 
[0, 20, 9, 0]  	521	1 
[0, 29, 5, 0]  	522	2 
[1, 4, 16, 0]  	524	2 
[0, 34, 3, 0]  	529	1 
[0, 5, 16, 0]  	529	1 
[0, 32, 4, 0]  	532	2 
[0, 19, 10, 0]  	537	1 
[0, 4, 17, 0]  	545	1 
[0, 0, 19, 0]  	551	1  <--- 3
[0, 18, 11, 0]  	553	1 
[0, 3, 18, 0]  	561	1 
[8, 5, 4, 1]  	245	7 
[11, 17, 1, 1]  	338	10 
[18, 2, 6, 1]  	344	11 
[22, 2, 5, 1]  	347	10 
[6, 18, 3, 1]  	369	7 
[6, 24, 1, 1]  	389	7 
[5, 10, 8, 1]  	402	6 
[3, 28, 1, 1]  	417	4 
[3, 11, 9, 1]  	428	4 
[3, 0, 14, 1]  	430	4 
[1, 7, 13, 1]  	476	2 
[1, 34, 1, 1]  	479	3 
[1, 19, 8, 1]  	487	3 
[1, 15, 10, 1]  	493	3 
[1, 33, 2, 1]  	495	3 
[0, 34, 2, 1]  	500	2 
[0, 33, 3, 1]  	516	2 
[9, 17, 2, 2]  	351	9 
[8, 16, 3, 2]  	359	8 
[7, 17, 3, 2]  	364	8 
[2, 6, 12, 2]  	442	4 
[7, 0, 11, 3]  	375	7 
[6, 14, 5, 47]  	375	6 
[6, 1, 10, 48]  	351	6 
[1, 20, 6, 48]  	442	3 
[6, 4, 5, 49]  	245	4 
[10, 2, 8, 49]  	338	6 
[16, 1, 7, 49]  	344	8 
[20, 1, 6, 49]  	347	7 
[5, 3, 10, 49]  	369	4 
[4, 23, 2, 49]  	389	5 
[2, 13, 8, 49]  	417	3 
[2, 25, 3, 49]  	428	3 
[0, 21, 7, 49]  	476	1 
[1, 5, 14, 49]  	479	2 
[0, 4, 15, 49]  	487	1 
[0, 29, 4, 49]  	493	2 
[0, 19, 9, 49]  	508	1 
------
The gap is between 4 and 46.
Lengths: 3 3 6 6 3 3.
For 490 = 5*d/2-d1-d2-d3 you get 3 in char 0.
1*x^1*y^17*z^9
1*y^31*z^3
1*y^2*z^16

For 274 = 3*d/2-d1-d2-d3 you get 6 in char 0.
1*x^5*y^18
1*x^4*y^3*z^7
1*x^3*y^17*z^1
1*x^2*y^2*z^8
1*x^1*y^16*z^2
1*y^1*z^9

For 58 = d/2-d1-d2-d3 you get 3 in char 0.
1*x^4*y^2
1*x^2*y^1*z^1
1*z^2

Extra powers of p used 0.
The invariant extra is equal to 4.
Start computing 5^3 Delta^1 (x1x2x3)^4... Done.
Start computing 5^4 Delta^2 (x1x2x3)^4... Done.
Start computing 5^5 Delta^3 (x1x2x3)^4... Done.
Start computing 5^6 Delta^4 (x1x2x3)^4... Done.
Start computing 5^7 Delta^5 (x1x2x3)^4... Done.
Start computing 5^8 Delta^6 (x1x2x3)^4... Done.
Start computing 5^9 Delta^7 (x1x2x3)^4... Done.
Start computing 5^10 Delta^8 (x1x2x3)^4... Done.
Start computing 5^11 Delta^9 (x1x2x3)^4... Done.
Start computing 5^12 Delta^10 (x1x2x3)^4... Done.
Start computing 5^13 Delta^11 (x1x2x3)^4... Done.
Start computing 5^14 Delta^12 (x1x2x3)^4... Done.
Start computing aa.
1 2 3 4 5 6 7 8 9 10 11 12 
*/
A = \
[93278552065834712513861881646308,71742807413588352009618951111258,97420472045139684851362016448328,100631657193726040468007870533560,127762212999291223050141015391455,56806941455347840206881038747050,116523958158273209403269652990100,16792649680370349462909255565510,133120183656013973424400657187350,62644131364576555811585083987500,115391270811519311148400812366900,3337769367000028877242896425600;\
7347108989298584082015549898742,82744254241225955453201865872640,42014693959580466255615587649227,106955318453975217213478687002135,114890245165062384518262942814655,63754483085117257034151289078400,109814663998032691632365708441140,42441719612919705958189770911520,100987824325020104267939360426315,92159229174298043853867149612400,37791491330669608001187308032500,32863628580771469908828273349475;\
40425840176636042695909636953821,6893696635408512867242163917834,12912522806231110694340680925071,117788664425359165735852462940700,98161969504928376194354211047320,114117355430830725091820625690695,133409059439862291408379999409220,21341386646636047062874649073920,99363250650526412182467375874605,1038513916486581984568119357275,32635957801372341053438402802000,124161259787715514206092813884550;\
23794223603480028176738919404769,39407246092565330388120657511518,84625067482474865965912917988032,126769830596694529417617707936760,54600119613957548543432347190225,136249080646808636537774012605110,63155708864648452414206439991185,72847733792584206257877073470590,118675908043834401490903072690705,55348726060108161611085034300325,89542929791910239446933991859800,115328556635421325576082686067475;\
123978723080418265288851504508694,117667922111185070162840722531133,30690557269572532608080354998956,114225429896590973930996463968505,17171252867824212905275710319460,65224709310920700306825360198630,30577351037038112152489767070475,30728408129573596018424238223025,132934069344384881771080479323040,123831653349933392194112033511325,60247626364378547233298797000575,96422158219495584344170032245175;\
126747159763320306969909792683625,140968320337697153223892442795378,19744667388957127794021382532967,94234498341764916244627624372475,56899122361822278655214772954855,29149531872387519021068754792240,15619250530126146811104510960255,126932467216549478863729188149105,11251248217486961420769483973555,59021368588916494693946853773725,48974918705122708468453004812700,18695180497983000054425248332750;\
99341223304648043086766319866974,33779520283962087020814291984462,123906838324135754573313766643060,119881856517154804491072976567555,33994556244380631699565059037965,55295429576069584625447199627655,135633905136724697513231295996300,111926000042300957202324890558400,102659286895192843183269377732395,6474770832177644075517689522875,63979652787518597511657488713500,5808639032406340909730960204725;\
109542976404294429358844369165789,118120084768579075952059814035379,39463423438024908342476273193918,31323001472141310482995292943055,115416471129686126017320147281040,120608131396023443097290476871870,42304331794469796990781058748895,32886852485503715149805612259960,118232318373191119889597240678670,93244656192460192969498643579600,125964538585774684078598969340550,87180215671830344699293161082525;\
28170049022088293714083815737026,84851409506064546843702782112221,108794947579973477762821288419368,17523162021976605025760904858920,65386658046847473178843532507495,7987479062962015758113392247620,11813873794549662480056366442775,114432406510342556831882892188025,68955815232464762125476347124415,133283302516785651216951553217600,9102638278571397341967876765400,135998887137842722298420700716275;\
6502785486433219537236831003508,56048605640386995679878152627822,4787299864969479924512389285378,17872437720453350479501942887960,80152280862935894000328593810115,108208895295359321628845163985335,76671827883380915814864626017300,45204362915950128893999731834150,82211646542873105001523849781825,57288990947981943959220003801025,136197975243121483961709524950800,83561342168587308172017011005100;\
30299036129015179786870382621299,11665764097474808914814160392161,130029544176216735680881409380386,34419652955159543097223884016940,139239192395683313728902495971420,17971530172393030071079414644650,50688125502242074706789455053805,6673657329467391063043817359335,74913611036567887808019341519080,130437305226553663324475892785475,19684497320846194461080398132925,41370004197899841986219256968750;\
29043605406859575486312434737912,99405526660675442577209935106303,90752354668250261871633074056907,122581771792785591974704046758915,18605134485217060162048172827535,69288414054116715079227521929340,58382486224574541254827358372275,130501966514353223876390762339875,73289048956931655401886144027025,116346651682523470460462821002925,28101755341331305557050869994325,74111195088644183915301918927275]
/* 
This should be the matrix of frobenius!
*/ 
B = A; 
/* Freed 129 lists. */
