/* Comments begin... 
Coefficient of   x^27                     = 1
Coefficient of   x^14 * y^8               = 0
Coefficient of   x^12 * y^7 * z^1         = -1
Coefficient of   x^10 * y^6 * z^2         = -1
Coefficient of   x^8 * y^5 * z^3         = -2
Coefficient of   x^6 * y^4 * z^4         = -2
Coefficient of   x^4 * y^3 * z^5         = 0
Coefficient of   x^2 * y^2 * z^6         = -1
Coefficient of   x^1 * y^16               = 1
Coefficient of   y^1 * z^7               = 1

Here is the polynomial we're using this time:

1*x^27 + -1*x^12*y^7*z^1 + -1*x^10*y^6*z^2 + -2*x^8*y^5*z^3 + -2*x^6*y^4*z^4 + -1*x^2*y^2*z^6 + 1*x^1*y^16 + 1*y^1*z^7

Allocate G_len 20 elements and old = 0.
Allocate M_len = 400 elements.
Allocate G_len 40 elements and old = 20.
Allocate M_len = 800 elements.
Allocate G_len 80 elements and old = 40.
Allocate M_len = 1600 elements.
Allocate M_len = 3200 elements.
Allocate G_len 160 elements and old = 80.
Allocate M_len = 6400 elements.
Allocate M_len = 12800 elements.
Allocate G_len 320 elements and old = 160.
Not smooth!
Coefficient of   x^27                     = -2
Coefficient of   x^14 * y^8               = 0
Coefficient of   x^12 * y^7 * z^1         = -2
Coefficient of   x^10 * y^6 * z^2         = 2
Coefficient of   x^8 * y^5 * z^3         = 1
Coefficient of   x^6 * y^4 * z^4         = -2
Coefficient of   x^4 * y^3 * z^5         = -1
Coefficient of   x^2 * y^2 * z^6         = 1
Coefficient of   x^1 * y^16               = -2
Coefficient of   y^1 * z^7               = 0

Here is the polynomial we're using this time:

-2*x^27 + -2*x^12*y^7*z^1 + 2*x^10*y^6*z^2 + 1*x^8*y^5*z^3 + -2*x^6*y^4*z^4 + -1*x^4*y^3*z^5 + 1*x^2*y^2*z^6 + -2*x^1*y^16

Not smooth!
Coefficient of   x^27                     = -1
Coefficient of   x^14 * y^8               = 2
Coefficient of   x^12 * y^7 * z^1         = -1
Coefficient of   x^10 * y^6 * z^2         = -2
Coefficient of   x^8 * y^5 * z^3         = 2
Coefficient of   x^6 * y^4 * z^4         = 0
Coefficient of   x^4 * y^3 * z^5         = 0
Coefficient of   x^2 * y^2 * z^6         = 2
Coefficient of   x^1 * y^16               = -2
Coefficient of   y^1 * z^7               = 2

Here is the polynomial we're using this time:

-1*x^27 + 2*x^14*y^8 + -1*x^12*y^7*z^1 + -2*x^10*y^6*z^2 + 2*x^8*y^5*z^3 + 2*x^2*y^2*z^6 + -2*x^1*y^16 + 2*y^1*z^7

The final length of G is 176
[12, 7, 0, 0]  	187	5 
[12, 6, 1, 0]  	203	7 
[26, 0, 0, 0]  	208	7  <--- 1
[10, 6, 2, 0]  	216	6 
[10, 5, 3, 0]  	232	8 
[8, 5, 4, 0]  	245	7 
[8, 4, 5, 0]  	261	8 
[6, 4, 6, 0]  	274	7 
[7, 18, 0, 0]  	290	8 
[24, 5, 2, 0]  	315	10 
[14, 3, 6, 0]  	325	10 
[18, 3, 5, 0]  	328	11 
[11, 3, 7, 0]  	330	9 
[20, 2, 5, 0]  	331	10 
[11, 17, 1, 0]  	338	9 
[14, 2, 7, 0]  	341	10 
[18, 2, 6, 0]  	344	9 
[11, 2, 8, 0]  	346	8 
[20, 1, 6, 0]  	347	9 
[9, 17, 2, 0]  	351	9 
[10, 1, 9, 0]  	354	9 
[7, 3, 9, 0]  	356	8 
[14, 1, 8, 0]  	357	9 
[9, 2, 9, 0]  	359	9 
[18, 1, 7, 0]  	360	8 
[9, 16, 3, 0]  	367	8 
[8, 1, 10, 0]  	367	8 
[6, 18, 3, 0]  	369	7 
[10, 0, 10, 0]  	370	8 
[8, 17, 3, 0]  	372	8 
[7, 2, 10, 0]  	372	8 
[14, 0, 9, 0]  	373	8 
[7, 0, 11, 0]  	375	7 
[18, 0, 8, 0]  	376	8 
[6, 3, 10, 0]  	377	7 
[5, 17, 4, 0]  	377	7 
[22, 0, 7, 0]  	379	8 
[6, 1, 11, 0]  	380	7 
[7, 14, 5, 0]  	383	7 
[5, 2, 11, 0]  	385	6 
[4, 16, 5, 0]  	385	6 
[6, 15, 5, 0]  	388	6 
[5, 0, 12, 0]  	388	6 
[6, 24, 1, 0]  	389	7 
[5, 27, 0, 0]  	391	6 
[4, 1, 12, 0]  	393	6 
[5, 25, 1, 0]  	394	6 
[5, 14, 6, 0]  	396	6 
[5, 23, 2, 0]  	397	6 
[5, 12, 7, 0]  	399	6 
[5, 21, 3, 0]  	400	6 
[4, 15, 6, 0]  	401	5 
[3, 29, 0, 0]  	401	5 
[5, 10, 8, 0]  	402	6 
[4, 13, 7, 0]  	404	5 
[4, 11, 8, 0]  	407	5 
[5, 6, 10, 0]  	408	6 
[4, 0, 13, 0]  	409	5 
[4, 9, 9, 0]  	410	5 
[4, 27, 1, 0]  	412	5 
[4, 7, 10, 0]  	413	5 
[3, 1, 13, 0]  	414	5 
[3, 28, 1, 0]  	417	4 
[4, 23, 3, 0]  	418	5 
[4, 21, 4, 0]  	421	5 
[3, 24, 3, 0]  	423	4 
[3, 22, 4, 0]  	426	4 
[4, 6, 11, 0]  	429	5 
[3, 20, 5, 0]  	429	5 
[3, 0, 14, 0]  	430	4 
[3, 9, 10, 0]  	431	4 
[3, 27, 2, 0]  	433	4 
[3, 7, 11, 0]  	434	4 
[2, 30, 1, 0]  	435	5 
[2, 10, 10, 0]  	436	3 
[2, 8, 11, 0]  	439	3 
[2, 26, 3, 0]  	441	3 
[2, 6, 12, 0]  	442	4 
[2, 24, 4, 0]  	444	3 
[3, 19, 6, 0]  	445	5 
[2, 33, 0, 0]  	445	5 
[2, 22, 5, 0]  	447	3 
[1, 25, 4, 0]  	449	2 
[2, 20, 6, 0]  	450	4 
[2, 29, 2, 0]  	451	4 
[1, 23, 5, 0]  	452	2 
[1, 21, 6, 0]  	455	3 
[1, 10, 11, 0]  	457	2 
[2, 5, 13, 0]  	458	4 
[1, 8, 12, 0]  	460	2 
[1, 35, 0, 0]  	463	3 
[2, 1, 15, 0]  	464	4 
[0, 9, 12, 0]  	465	1 
[2, 19, 7, 0]  	466	4 
[0, 36, 0, 0]  	468	2  <--- 2
[1, 20, 7, 0]  	471	3 
[1, 29, 3, 0]  	472	3 
[0, 23, 6, 0]  	473	1 
[2, 4, 14, 0]  	474	4 
[1, 7, 13, 0]  	476	2 
[2, 0, 16, 0]  	480	3 
[0, 8, 13, 0]  	481	1 
[0, 35, 1, 0]  	484	2 
[1, 19, 8, 0]  	487	3 
[0, 22, 7, 0]  	489	1 
[1, 6, 14, 0]  	492	2 
[1, 15, 10, 0]  	493	3 
[0, 7, 14, 0]  	497	1 
[1, 0, 17, 0]  	501	2 
[0, 21, 8, 0]  	505	1 
[1, 5, 15, 0]  	508	2 
[0, 6, 15, 0]  	513	1 
[0, 33, 3, 0]  	516	2 
[0, 20, 9, 0]  	521	1 
[0, 29, 5, 0]  	522	2 
[1, 4, 16, 0]  	524	2 
[0, 5, 16, 0]  	529	1 
[0, 32, 4, 0]  	532	2 
[0, 19, 10, 0]  	537	1 
[0, 4, 17, 0]  	545	1 
[0, 0, 19, 0]  	551	1  <--- 3
[0, 18, 11, 0]  	553	1 
[0, 3, 18, 0]  	561	1 
[22, 5, 2, 1]  	299	11 
[22, 4, 3, 1]  	315	11 
[20, 4, 4, 1]  	328	11 
[9, 3, 8, 1]  	343	9 
[8, 16, 3, 1]  	359	8 
[7, 17, 3, 1]  	364	8 
[7, 16, 4, 1]  	380	7 
[6, 26, 0, 1]  	386	7 
[6, 22, 2, 1]  	392	7 
[5, 8, 9, 1]  	405	6 
[3, 16, 6, 1]  	406	6 
[4, 25, 2, 1]  	415	5 
[4, 5, 11, 1]  	416	6 
[3, 26, 2, 1]  	420	4 
[3, 15, 7, 1]  	422	5 
[3, 13, 8, 1]  	425	4 
[3, 11, 9, 1]  	428	4 
[2, 15, 8, 1]  	443	4 
[1, 34, 1, 1]  	479	3 
[1, 33, 2, 1]  	495	3 
[0, 34, 2, 1]  	500	2 
[1, 18, 9, 1]  	503	3 
[18, 4, 4, 2]  	312	11 
[6, 16, 4, 2]  	372	7 
[3, 5, 12, 2]  	437	5 
[2, 12, 9, 3]  	433	3 
[1, 26, 3, 47]  	433	2 
[16, 3, 5, 48]  	312	10 
[5, 1, 11, 48]  	372	6 
[2, 19, 6, 48]  	437	4 
[16, 2, 5, 49]  	299	8 
[18, 1, 6, 49]  	331	7 
[8, 17, 2, 49]  	343	7 
[14, 0, 8, 49]  	344	7 
[8, 2, 9, 49]  	351	8 
[7, 1, 10, 49]  	359	6 
[6, 2, 10, 49]  	364	7 
[5, 15, 5, 49]  	380	5 
[5, 11, 7, 49]  	386	6 
[4, 21, 3, 49]  	392	4 
[2, 30, 0, 49]  	406	5 
[2, 24, 3, 49]  	415	3 
[3, 19, 5, 49]  	416	4 
[1, 25, 3, 49]  	420	2 
[2, 29, 1, 49]  	422	4 
[2, 27, 2, 49]  	425	2 
[1, 10, 10, 49]  	428	2 
[2, 1, 14, 49]  	435	4 
[1, 0, 15, 49]  	443	2 
[0, 29, 3, 49]  	464	2 
[1, 5, 14, 49]  	479	2 
[0, 5, 15, 49]  	500	1 
[0, 19, 9, 49]  	508	1 
------
The gap is between 4 and 46.
Lengths: 3 3 6 6 3 4.
For 490 = 5*d/2-d1-d2-d3 you get 3 in char 0.
1*x^1*y^17*z^9
1*y^31*z^3
1*y^2*z^16

For 274 = 3*d/2-d1-d2-d3 you get 6 in char 0.
1*x^5*y^18
1*x^4*y^3*z^7
1*x^3*y^17*z^1
1*x^2*y^2*z^8
1*x^1*y^16*z^2
1*y^1*z^9

For 58 = d/2-d1-d2-d3 you get 3 in char 0.
1*x^4*y^2
1*x^2*y^1*z^1
1*z^2

Extra powers of p used 1.
The invariant extra is equal to 4.
Start computing 5^3 Delta^1 (x1x2x3)^4... Done.
Start computing 5^4 Delta^2 (x1x2x3)^4... Done.
Start computing 5^5 Delta^3 (x1x2x3)^4... Done.
Start computing 5^6 Delta^4 (x1x2x3)^4... Done.
Start computing 5^7 Delta^5 (x1x2x3)^4... Done.
Start computing 5^8 Delta^6 (x1x2x3)^4... Done.
Start computing 5^9 Delta^7 (x1x2x3)^4... Done.
Start computing 5^10 Delta^8 (x1x2x3)^4... Done.
Start computing 5^11 Delta^9 (x1x2x3)^4... Done.
Start computing 5^12 Delta^10 (x1x2x3)^4... Done.
Start computing 5^13 Delta^11 (x1x2x3)^4... Done.
Start computing 5^14 Delta^12 (x1x2x3)^4... Done.
Start computing aa.
1 2 3 4 5 6 7 8 9 10 11 12 
*/
A = \
[134861621609612606344982426052746,28686026974395455540389406373044,58721925703991197568999034864854,51102577294616198441809663211780,16975501593894423061670374707515,64579379054742856201016729079685,71589671056587725935776590051175,7469896033006912749924077960635,81472962231866702036651478194725,1550510719241389118942478547925,62199798158441281271156163454575,87710451891803675677648983305200;\
133742514580546389825195238222468,121644942165054704291849843849201,134240105869121121730220522277101,110030081017201588432981052228949,100374425422480203365290709822723,45956180010468621644614102479155,17348408183511500891118263905522,127146194091306630645582946342352,36458453099691386733422780728694,20835474616311730260904342909100,139888838364501031519957857564380,26618663327411792493440163351445;\
61745898116009897258028086977226,56016946722899124571092028467288,109835238345554713831499602469778,5362039196541204620785121848591,127870436032679649145847330869642,81659474921375158369158901273715,45598711832636373782220877014763,121545247306653917445084778728478,135823684078034007965710349846276,63384832616671735090696992502325,67924067820055890888691870805845,107649957301683733942538421233530;\
87347216407005824665763167420230,134429039122208314575462645090226,125342048263939582332779666085741,45987984880176779698504664934920,78386102547460441106414207462820,74546889347043980382553813100750,31284068911403876393197789644700,47830051910111627447360193222880,73448000052102516053524402408495,50272238963281137566357500489400,35611101290460924633494303101900,28253372467195397955395166823700;\
1840597404530366798555169607389,128653405033419483897555854562929,2766142643394161921497254991794,101313006217895640877189591040892,131709453520365857385753865756644,45800321264122881031539002718815,75588486541781823777869751602646,54172440915461313070641376883666,51234870729842124259535950313852,116626308028106978544719950913900,99670524763535432058049263006790,130624030034164012090264164512610;\
69349860056598434620879370676224,79447211374188610229553829335836,112429686380389549775055699601576,90205117565109408614347141107690,13294333577227984607031397388140,102451817864189228988383629065610,82742121685813308540507325595945,37720720683312558882116690217760,8315874239004855354559990828385,115375464216071286764021354931600,25827171731296263578076556783450,33981808055638026503395853377150;\
31353886560036093900759257209232,118944700082596358549823343369263,63071847556230476087530885924058,33692755020368082338085144189615,12827868827733856371064951882860,109049209402415451310180194112890,90401632211895130823567636757025,17932555068061099120689483354785,129027859952064721826615131330775,29985512605575422245491141362300,93060973870612208511259120214050,138466122600328926696098313520150;\
7915979662628925610952963946781,11042821584552185825674457249993,92160149234664122878621172676283,108619305240967205351105910318383,21394263824980985640021597603181,110948346223566990412431898847775,42252955314113819568064213942299,55019624368370486926720108725319,112284536404305644027640690386973,42040041493001275166469665164150,124743202842407169571794368186760,30853651539279431162256531510565;\
78566840595979741273509725812439,16461433330457211186514537213323,23752404475792461173635680797678,53064475334176945661689733481549,104107945328967899956469893084888,49416021690802379247578114614680,47845304515704459706980187777732,5489258950266563991385591637867,69232527348450330030193118127159,123761838788806154839415480526725,64232028810717194226236331114330,78043521666372956206411964599670;\
48126322599468964314646549598379,103998690756067731210135713447569,98335211939775624315030635588354,89197824185865994609680186088760,131187701141121285218175610304570,137857479599184792884224702092595,50016968738567742350784507159755,81814261614045397468717326234070,76852306623887927896528715993335,89072619397192266776431525347800,72975220291224978989342797801825,116960625213358499815580195694000;\
60054094210173645827858107336931,39222805028090457199911404573200,120144371866928420976570747170220,41975896439021978273542198172418,106396664073755731116014192399521,65767766480497804303832086252980,76669666319559146044379107897504,72835191688456829123228212166044,123019066735325125898749741321848,86654870029183377174384660015475,32885880875533428153556947455535,68293367368081499517561341316290;\
112205401914745057866288305554121,30151501407122042768075458157860,53530833787300449085735646944080,61085273426984319129322770328538,129694988845178010084052198824711,44183066063263129658219399040530,78352478669671247527583031147964,57185119298023599041947718179804,120186433628445578988430963882893,121901568431718050212647856876650,106082165912666122119413693071935,112393214945549578283423916614515]
/* 
This should be the matrix of frobenius!
*/ 
B = A; 
/* Freed 129 lists. */
