/* Comments begin... 
Coefficient of   x^27                     = -1
Coefficient of   x^14 * y^8               = 1
Coefficient of   x^12 * y^7 * z^1         = 2
Coefficient of   x^10 * y^6 * z^2         = -1
Coefficient of   x^8 * y^5 * z^3         = 2
Coefficient of   x^6 * y^4 * z^4         = -1
Coefficient of   x^4 * y^3 * z^5         = 2
Coefficient of   x^2 * y^2 * z^6         = -2
Coefficient of   x^1 * y^16               = -1
Coefficient of   y^1 * z^7               = 1

Here is the polynomial we're using this time:

-1*x^27 + 1*x^14*y^8 + 2*x^12*y^7*z^1 + -1*x^10*y^6*z^2 + 2*x^8*y^5*z^3 + -1*x^6*y^4*z^4 + 2*x^4*y^3*z^5 + -2*x^2*y^2*z^6 + -1*x^1*y^16 + 1*y^1*z^7

Allocate G_len 20 elements and old = 0.
Allocate M_len = 400 elements.
Allocate G_len 40 elements and old = 20.
Allocate M_len = 800 elements.
Allocate G_len 80 elements and old = 40.
Allocate M_len = 1600 elements.
Allocate M_len = 3200 elements.
Allocate G_len 160 elements and old = 80.
Allocate M_len = 6400 elements.
Allocate M_len = 12800 elements.
Allocate G_len 320 elements and old = 160.
Allocate M_len = 25600 elements.
The final length of G is 183
[12, 7, 0, 0]  	187	7 
[12, 6, 1, 0]  	203	8 
[26, 0, 0, 0]  	208	8  <--- 1
[10, 6, 2, 0]  	216	6 
[8, 5, 4, 0]  	245	7 
[8, 4, 5, 0]  	261	8 
[7, 18, 0, 0]  	290	8 
[22, 5, 2, 0]  	299	13 
[20, 5, 3, 0]  	312	12 
[18, 4, 4, 0]  	312	12 
[22, 4, 3, 0]  	315	12 
[14, 3, 6, 0]  	325	11 
[18, 3, 5, 0]  	328	11 
[11, 3, 7, 0]  	330	10 
[22, 3, 4, 0]  	331	11 
[11, 17, 1, 0]  	338	10 
[9, 3, 8, 0]  	343	9 
[18, 2, 6, 0]  	344	10 
[11, 2, 8, 0]  	346	9 
[22, 2, 5, 0]  	347	11 
[9, 17, 2, 0]  	351	9 
[10, 1, 9, 0]  	354	9 
[7, 3, 9, 0]  	356	8 
[16, 2, 7, 0]  	357	10 
[8, 16, 3, 0]  	359	8 
[18, 1, 7, 0]  	360	10 
[22, 1, 6, 0]  	363	10 
[7, 17, 3, 0]  	364	8 
[8, 1, 10, 0]  	367	8 
[6, 18, 3, 0]  	369	7 
[10, 0, 10, 0]  	370	8 
[7, 2, 10, 0]  	372	7 
[6, 16, 4, 0]  	372	7 
[7, 0, 11, 0]  	375	7 
[18, 0, 8, 0]  	376	8 
[6, 3, 10, 0]  	377	7 
[5, 17, 4, 0]  	377	7 
[22, 0, 7, 0]  	379	9 
[6, 1, 11, 0]  	380	7 
[7, 14, 5, 0]  	383	7 
[5, 2, 11, 0]  	385	6 
[4, 16, 5, 0]  	385	6 
[6, 26, 0, 0]  	386	7 
[6, 15, 5, 0]  	388	6 
[5, 0, 12, 0]  	388	6 
[16, 0, 9, 0]  	389	7 
[7, 10, 7, 0]  	389	7 
[6, 24, 1, 0]  	389	7 
[6, 13, 6, 0]  	391	6 
[5, 27, 0, 0]  	391	6 
[7, 8, 8, 0]  	392	7 
[6, 22, 2, 0]  	392	7 
[6, 11, 7, 0]  	394	6 
[5, 25, 1, 0]  	394	6 
[5, 14, 6, 0]  	396	6 
[6, 9, 8, 0]  	397	6 
[5, 23, 2, 0]  	397	6 
[5, 12, 7, 0]  	399	6 
[6, 7, 9, 0]  	400	6 
[5, 21, 3, 0]  	400	6 
[4, 15, 6, 0]  	401	6 
[5, 10, 8, 0]  	402	6 
[4, 13, 7, 0]  	404	5 
[5, 8, 9, 0]  	405	6 
[4, 2, 12, 0]  	406	6 
[3, 16, 6, 0]  	406	6 
[4, 11, 8, 0]  	407	5 
[5, 6, 10, 0]  	408	6 
[4, 29, 0, 0]  	409	6 
[4, 9, 9, 0]  	410	5 
[3, 30, 0, 0]  	414	6 
[4, 25, 2, 0]  	415	5 
[4, 5, 11, 0]  	416	6 
[3, 26, 2, 0]  	420	4 
[4, 21, 4, 0]  	421	5 
[3, 24, 3, 0]  	423	4 
[3, 13, 8, 0]  	425	4 
[3, 22, 4, 0]  	426	4 
[3, 20, 5, 0]  	429	5 
[3, 29, 1, 0]  	430	5 
[2, 12, 9, 0]  	433	3 
[2, 30, 1, 0]  	435	5 
[2, 10, 10, 0]  	436	3 
[3, 5, 12, 0]  	437	5 
[2, 26, 3, 0]  	441	3 
[2, 6, 12, 0]  	442	4 
[2, 15, 8, 0]  	443	4 
[2, 24, 4, 0]  	444	3 
[2, 33, 0, 0]  	445	5 
[2, 22, 5, 0]  	447	3 
[2, 20, 6, 0]  	450	4 
[2, 29, 2, 0]  	451	4 
[2, 9, 11, 0]  	452	2 
[1, 23, 5, 0]  	452	2 
[1, 21, 6, 0]  	455	3 
[1, 10, 11, 0]  	457	2 
[2, 5, 13, 0]  	458	4 
[3, 0, 15, 0]  	459	3 
[1, 8, 12, 0]  	460	2 
[1, 35, 0, 0]  	463	3 
[2, 1, 15, 0]  	464	4 
[0, 9, 12, 0]  	465	1 
[2, 19, 7, 0]  	466	4 
[0, 36, 0, 0]  	468	2  <--- 2
[1, 20, 7, 0]  	471	3 
[1, 29, 3, 0]  	472	3 
[0, 23, 6, 0]  	473	1 
[1, 7, 13, 0]  	476	2 
[2, 0, 16, 0]  	480	3 
[0, 8, 13, 0]  	481	1 
[0, 35, 1, 0]  	484	2 
[1, 19, 8, 0]  	487	3 
[0, 22, 7, 0]  	489	1 
[1, 6, 14, 0]  	492	2 
[1, 15, 10, 0]  	493	3 
[1, 33, 2, 0]  	495	3 
[0, 7, 14, 0]  	497	1 
[0, 34, 2, 0]  	500	2 
[1, 18, 9, 0]  	503	3 
[0, 21, 8, 0]  	505	1 
[1, 5, 15, 0]  	508	2 
[0, 6, 15, 0]  	513	1 
[0, 33, 3, 0]  	516	2 
[0, 20, 9, 0]  	521	1 
[0, 29, 5, 0]  	522	2 
[1, 4, 16, 0]  	524	2 
[0, 5, 16, 0]  	529	1 
[1, 0, 18, 0]  	530	1 
[0, 32, 4, 0]  	532	2 
[0, 19, 10, 0]  	537	1 
[0, 4, 17, 0]  	545	1 
[0, 0, 19, 0]  	551	1  <--- 3
[0, 18, 11, 0]  	553	1 
[0, 3, 18, 0]  	561	1 
[10, 5, 3, 1]  	232	8 
[6, 4, 6, 1]  	274	7 
[14, 2, 7, 1]  	341	10 
[14, 1, 8, 1]  	357	9 
[9, 2, 9, 1]  	359	8 
[14, 0, 9, 1]  	373	8 
[4, 1, 12, 1]  	393	6 
[4, 0, 13, 1]  	409	5 
[4, 27, 1, 1]  	412	5 
[4, 7, 10, 1]  	413	5 
[3, 1, 13, 1]  	414	5 
[3, 28, 1, 1]  	417	4 
[4, 23, 3, 1]  	418	5 
[3, 15, 7, 1]  	422	5 
[3, 0, 14, 1]  	430	4 
[3, 7, 11, 1]  	434	4 
[2, 8, 11, 1]  	439	3 
[1, 25, 4, 1]  	449	2 
[2, 4, 14, 1]  	474	4 
[1, 34, 1, 1]  	479	3 
[1, 0, 17, 1]  	501	2 
[3, 29, 0, 2]  	401	5 
[3, 11, 9, 3]  	428	4 
[3, 9, 10, 4]  	431	4 
[2, 23, 4, 46]  	431	3 
[5, 24, 1, 47]  	381	5 
[2, 25, 3, 47]  	428	3 
[6, 25, 0, 48]  	373	7 
[2, 29, 1, 48]  	422	4 
[8, 4, 4, 49]  	232	7 
[5, 18, 0, 49]  	274	5 
[10, 0, 9, 49]  	341	7 
[7, 1, 10, 49]  	359	4 
[5, 10, 7, 49]  	373	5 
[3, 15, 6, 49]  	393	4 
[3, 0, 13, 49]  	401	4 
[2, 14, 7, 49]  	401	3 
[3, 12, 8, 49]  	412	4 
[3, 21, 4, 49]  	413	3 
[2, 13, 8, 49]  	417	3 
[2, 22, 4, 49]  	418	3 
[2, 27, 2, 49]  	425	3 
[1, 21, 5, 49]  	426	2 
[1, 29, 2, 49]  	443	3 
[1, 7, 12, 49]  	447	2 
[0, 10, 11, 49]  	449	1 
[2, 0, 15, 49]  	451	3 
[1, 18, 8, 49]  	474	3 
[1, 5, 14, 49]  	479	2 
------
The gap is between 5 and 45.
Lengths: 3 3 6 7 3 3.
For 490 = 5*d/2-d1-d2-d3 you get 3 in char 0.
1*x^1*y^17*z^9
1*y^31*z^3
1*y^2*z^16

For 274 = 3*d/2-d1-d2-d3 you get 6 in char 0.
1*x^5*y^18
1*x^4*y^3*z^7
1*x^3*y^17*z^1
1*x^2*y^2*z^8
1*x^1*y^16*z^2
1*y^1*z^9

For 58 = d/2-d1-d2-d3 you get 3 in char 0.
1*x^4*y^2
1*x^2*y^1*z^1
1*z^2

Extra powers of p used 1.
The invariant extra is equal to 4.
Start computing 5^3 Delta^1 (x1x2x3)^4... Done.
Start computing 5^4 Delta^2 (x1x2x3)^4... Done.
Start computing 5^5 Delta^3 (x1x2x3)^4... Done.
Start computing 5^6 Delta^4 (x1x2x3)^4... Done.
Start computing 5^7 Delta^5 (x1x2x3)^4... Done.
Start computing 5^8 Delta^6 (x1x2x3)^4... Done.
Start computing 5^9 Delta^7 (x1x2x3)^4... Done.
Start computing 5^10 Delta^8 (x1x2x3)^4... Done.
Start computing 5^11 Delta^9 (x1x2x3)^4... Done.
Start computing 5^12 Delta^10 (x1x2x3)^4... Done.
Start computing 5^13 Delta^11 (x1x2x3)^4... Done.
Start computing 5^14 Delta^12 (x1x2x3)^4... Done.
Start computing aa.
1 2 3 4 5 6 7 8 9 10 11 12 
*/
A = \
[278771447011742205423904023092920,569341902038157740078424537601755,69671510338917313022210508386370,260371736784546886832215247004575,660881235643405759390935087708800,591777128924501609886113349939925,57132763563691327310381223738025,146803300856803464205158418400350,639412495939503667503787743080425,115626845998478247703570570014875,501990067312003987755698749469750,559576427102054632182077686574875;\
328434873762227974159807623243885,328531532784460267743549050902875,585463716423946902364424381748025,227342250139616750772582389497225,125877639703602812387551991480850,484205876434352928571488891890375,294967334455926142101282655595225,501067579034340707150378248351075,534398596449989315253508185222200,170424082083157717887602846518250,374638261933210492102689145390500,68996083778590263874607194444750;\
227942062546142235354224989038465,248054845210677790741205047676890,672328491925545292259743420357490,181415354410668608610302096787475,644183409949340728129318937839950,328552347038337372888072262715825,249857369849393874863128062835500,333907708029009401546860716085225,443634789671672501269982662382325,49038740009624104475416322305750,368270710400073443802222347234625,195924265272193581218500910777750;\
149531866624625949429805845963377,54239368025331359716917387183655,43062595736848067797315295505124,514006253914160803972862075918725,501049166307072493645232384796475,460717275162645249520583466631380,310864195443085174755871587547495,371860047435203681307664799709545,572095571458125586879257371857855,61473973528816599241339004881475,316435145450330090242096723004400,200940733806978036597383752302150;\
223095717439060170875318490875823,293084521052073773124912369314925,522828068158878825623175315867046,4824255841763977694278120441900,542649558568765002119088712273650,578940858111503258971256034469095,650855986292287892020740107680130,624996016420695859134890657738830,641273945080389583948807397663070,710432954125218858720559654364900,279731371616420799282710068098975,386176469240906964916958743071100;\
417479510678673964512745537595824,86656311594602216414715414217900,562253977752684353599645490504013,175005833235842782154443164519650,285393641085074876734636657962700,703464375187952439891015523676260,136826877442766411120160533478990,122479362901234011776051568639040,710505021900089353841356169564135,175022198335094761661084049617325,452504199058933510034784512492050,550491329034496469309686685240300;\
255956877836502687036438460614986,652501483660260601233453874556205,163605462058096524216485849308547,638230945424676688194176558049150,601717812813840524992280178105225,92390683379704697898621301402065,244413907096614041541748637672735,64637756139764240574753503024260,152231075697525896420975563850290,342596539063534907018062440732550,598222470848065770966733392006200,456234598559325079931195489517825;\
185723367461889833443832660895590,352781044558501854218635418177440,458740203685000693077838561441480,58499190611825057214205341353800,447908614987636685102238860302350,641223632748913400229858852964475,625874564694616714275912946774000,395806202375976407391966128920500,572103848162183165437640895545850,59436437943953290278486620093125,366564310955919479482325004293625,453498183779562410827249478017625;\
260262730103530834069495134840152,228957272826635153213480282857150,492876310910805966004550754368749,261613585898978759834249742855475,54939876547669047752389969946325,34782535884179305117533710824780,2472243070586489041957611136595,365338677424267611820300308660045,351944276721619081451363479285355,147941270359264982332598151958600,203754729909075845786434535289150,117961684227699591742539152858900;\
276433837224891018840112338229541,662332600819679853141767605964630,102883351992750230514624229735547,616166094601935611504065009961150,44973374881320107372295878887175,576990231449232497833592017551515,29427383648608595054969938001860,706983795274070716048651032491185,686745546519908355685336016415090,607248816901479847150497910181675,588087902398773899687529829991450,485816261647131800047023894922825;\
27137599181195653184960813760747,169240336405711785345541114586595,164291423774753317646955611922309,235835502078503093535857985982875,488278491181543797249708996775375,369975443305804370730658906089055,339393580320976165054361347188320,144743021979563317637189582302670,281736395037987443150256989290030,413152188443491662154957677370600,208691358670386894058388421626400,706487456083783026916253477957150;\
605419342792112567549771778095849,692316936830299074010325280729720,177530064622104542006378885708458,112469062456217803065995741601225,594799295130401323439579219330075,288316201903574484250100876637085,56840829050991992746190654420415,684125556378801986702265538752715,117452410689800156255008265062260,424396064835737395620159922863200,162227874818522354387871680444675,557172916255730154333995662966425]
/* 
This matrix times 5^(-1) should be the matrix of frobenius.
*/ 
B = 5^(-1) * A; 
/* Freed 129 lists. */
