/* Comments begin... 
Coefficient of   x^27                     = 1
Coefficient of   x^14 * y^8               = -1
Coefficient of   x^12 * y^7 * z^1         = -2
Coefficient of   x^10 * y^6 * z^2         = -1
Coefficient of   x^8 * y^5 * z^3         = 0
Coefficient of   x^6 * y^4 * z^4         = 1
Coefficient of   x^4 * y^3 * z^5         = -2
Coefficient of   x^2 * y^2 * z^6         = 0
Coefficient of   x^1 * y^16               = 2
Coefficient of   y^1 * z^7               = -2

Here is the polynomial we're using this time:

1*x^27 + -1*x^14*y^8 + -2*x^12*y^7*z^1 + -1*x^10*y^6*z^2 + 1*x^6*y^4*z^4 + -2*x^4*y^3*z^5 + 2*x^1*y^16 + -2*y^1*z^7

Allocate G_len 20 elements and old = 0.
Allocate M_len = 400 elements.
Allocate G_len 40 elements and old = 20.
Allocate M_len = 800 elements.
Allocate G_len 80 elements and old = 40.
Allocate M_len = 1600 elements.
Allocate M_len = 3200 elements.
Allocate G_len 160 elements and old = 80.
Allocate M_len = 6400 elements.
Allocate M_len = 12800 elements.
Allocate G_len 320 elements and old = 160.
Allocate M_len = 25600 elements.
Not smooth!
Coefficient of   x^27                     = 1
Coefficient of   x^14 * y^8               = 1
Coefficient of   x^12 * y^7 * z^1         = 1
Coefficient of   x^10 * y^6 * z^2         = 1
Coefficient of   x^8 * y^5 * z^3         = -1
Coefficient of   x^6 * y^4 * z^4         = -1
Coefficient of   x^4 * y^3 * z^5         = -1
Coefficient of   x^2 * y^2 * z^6         = 0
Coefficient of   x^1 * y^16               = -1
Coefficient of   y^1 * z^7               = 2

Here is the polynomial we're using this time:

1*x^27 + 1*x^14*y^8 + 1*x^12*y^7*z^1 + 1*x^10*y^6*z^2 + -1*x^8*y^5*z^3 + -1*x^6*y^4*z^4 + -1*x^4*y^3*z^5 + -1*x^1*y^16 + 2*y^1*z^7

The final length of G is 178
[12, 7, 0, 0]  	187	6 
[12, 6, 1, 0]  	203	8 
[26, 0, 0, 0]  	208	8  <--- 1
[10, 6, 2, 0]  	216	5 
[8, 5, 4, 0]  	245	7 
[8, 4, 5, 0]  	261	8 
[6, 4, 6, 0]  	274	7 
[7, 18, 0, 0]  	290	8 
[22, 5, 2, 0]  	299	13 
[20, 5, 3, 0]  	312	11 
[18, 4, 4, 0]  	312	12 
[22, 4, 3, 0]  	315	12 
[14, 3, 6, 0]  	325	10 
[18, 3, 5, 0]  	328	11 
[11, 3, 7, 0]  	330	9 
[22, 3, 4, 0]  	331	11 
[9, 3, 8, 0]  	343	8 
[18, 2, 6, 0]  	344	10 
[11, 2, 8, 0]  	346	9 
[9, 17, 2, 0]  	351	9 
[10, 1, 9, 0]  	354	9 
[7, 3, 9, 0]  	356	8 
[16, 2, 7, 0]  	357	9 
[14, 1, 8, 0]  	357	9 
[9, 2, 9, 0]  	359	8 
[8, 16, 3, 0]  	359	8 
[18, 1, 7, 0]  	360	9 
[24, 2, 5, 0]  	363	9 
[22, 1, 6, 0]  	363	8 
[7, 17, 3, 0]  	364	8 
[8, 1, 10, 0]  	367	8 
[6, 18, 3, 0]  	369	7 
[7, 2, 10, 0]  	372	7 
[6, 16, 4, 0]  	372	7 
[14, 0, 9, 0]  	373	8 
[7, 0, 11, 0]  	375	7 
[18, 0, 8, 0]  	376	8 
[6, 3, 10, 0]  	377	7 
[5, 17, 4, 0]  	377	7 
[22, 0, 7, 0]  	379	8 
[6, 1, 11, 0]  	380	7 
[7, 14, 5, 0]  	383	7 
[5, 2, 11, 0]  	385	6 
[12, 0, 10, 0]  	386	8 
[6, 15, 5, 0]  	388	7 
[6, 24, 1, 0]  	389	7 
[5, 16, 5, 0]  	393	6 
[4, 1, 12, 0]  	393	6 
[6, 0, 12, 0]  	396	6 
[5, 14, 6, 0]  	396	6 
[5, 23, 2, 0]  	397	6 
[6, 27, 0, 0]  	399	6 
[5, 12, 7, 0]  	399	6 
[5, 21, 3, 0]  	400	6 
[4, 15, 6, 0]  	401	6 
[5, 10, 8, 0]  	402	6 
[5, 28, 0, 0]  	404	5 
[4, 13, 7, 0]  	404	5 
[5, 8, 9, 0]  	405	6 
[3, 16, 6, 0]  	406	6 
[4, 11, 8, 0]  	407	5 
[5, 6, 10, 0]  	408	6 
[4, 0, 13, 0]  	409	5 
[4, 27, 1, 0]  	412	5 
[4, 7, 10, 0]  	413	5 
[3, 30, 0, 0]  	414	5 
[3, 1, 13, 0]  	414	5 
[4, 25, 2, 0]  	415	5 
[4, 5, 11, 0]  	416	6 
[3, 28, 1, 0]  	417	4 
[4, 23, 3, 0]  	418	5 
[3, 26, 2, 0]  	420	4 
[4, 21, 4, 0]  	421	5 
[3, 15, 7, 0]  	422	5 
[4, 10, 9, 0]  	423	4 
[3, 24, 3, 0]  	423	4 
[3, 13, 8, 0]  	425	4 
[3, 22, 4, 0]  	426	4 
[3, 11, 9, 0]  	428	4 
[3, 20, 5, 0]  	429	5 
[3, 0, 14, 0]  	430	4 
[3, 9, 10, 0]  	431	4 
[2, 30, 1, 0]  	435	5 
[2, 10, 10, 0]  	436	3 
[3, 5, 12, 0]  	437	5 
[2, 8, 11, 0]  	439	3 
[2, 26, 3, 0]  	441	3 
[2, 24, 4, 0]  	444	3 
[2, 33, 0, 0]  	445	5 
[2, 22, 5, 0]  	447	3 
[1, 25, 4, 0]  	449	2 
[2, 20, 6, 0]  	450	4 
[2, 29, 2, 0]  	451	4 
[1, 23, 5, 0]  	452	2 
[2, 7, 12, 0]  	455	3 
[1, 21, 6, 0]  	455	3 
[1, 10, 11, 0]  	457	2 
[2, 5, 13, 0]  	458	4 
[1, 35, 0, 0]  	463	3 
[0, 9, 12, 0]  	465	1 
[2, 19, 7, 0]  	466	4 
[0, 36, 0, 0]  	468	2  <--- 2
[1, 20, 7, 0]  	471	3 
[1, 29, 3, 0]  	472	3 
[0, 23, 6, 0]  	473	1 
[2, 4, 14, 0]  	474	4 
[1, 7, 13, 0]  	476	2 
[1, 34, 1, 0]  	479	3 
[2, 0, 16, 0]  	480	3 
[0, 8, 13, 0]  	481	1 
[0, 35, 1, 0]  	484	2 
[1, 19, 8, 0]  	487	3 
[0, 22, 7, 0]  	489	1 
[1, 33, 2, 0]  	495	3 
[0, 7, 14, 0]  	497	1 
[0, 34, 2, 0]  	500	2 
[1, 0, 17, 0]  	501	2 
[0, 21, 8, 0]  	505	1 
[1, 5, 15, 0]  	508	2 
[0, 6, 15, 0]  	513	1 
[0, 33, 3, 0]  	516	2 
[0, 20, 9, 0]  	521	1 
[0, 29, 5, 0]  	522	2 
[1, 4, 16, 0]  	524	2 
[0, 5, 16, 0]  	529	1 
[1, 18, 10, 0]  	532	2 
[0, 32, 4, 0]  	532	2 
[0, 19, 10, 0]  	537	1 
[0, 4, 17, 0]  	545	1 
[0, 0, 19, 0]  	551	1  <--- 3
[0, 18, 11, 0]  	553	1 
[0, 3, 18, 0]  	561	1 
[10, 5, 3, 1]  	232	8 
[11, 17, 1, 1]  	338	10 
[14, 2, 7, 1]  	341	10 
[22, 2, 5, 1]  	347	10 
[10, 0, 10, 1]  	370	8 
[4, 16, 5, 1]  	385	6 
[5, 0, 12, 1]  	388	6 
[5, 27, 0, 1]  	391	6 
[6, 22, 2, 1]  	392	7 
[5, 25, 1, 1]  	394	6 
[3, 29, 0, 1]  	401	5 
[4, 9, 9, 1]  	410	5 
[2, 12, 9, 1]  	433	3 
[3, 7, 11, 1]  	434	4 
[2, 15, 8, 1]  	443	4 
[1, 8, 12, 1]  	460	2 
[2, 1, 15, 1]  	464	4 
[1, 15, 10, 1]  	493	3 
[6, 26, 0, 2]  	386	7 
[2, 6, 12, 2]  	442	4 
[1, 6, 14, 2]  	492	2 
[1, 18, 9, 2]  	503	3 
[5, 11, 7, 48]  	386	6 
[1, 20, 6, 48]  	442	3 
[0, 20, 8, 48]  	492	1 
[0, 32, 3, 48]  	503	2 
[8, 4, 4, 49]  	232	7 
[10, 2, 8, 49]  	338	8 
[12, 1, 8, 49]  	341	8 
[20, 1, 6, 49]  	347	7 
[7, 13, 5, 49]  	370	7 
[4, 11, 7, 49]  	378	4 
[3, 1, 12, 49]  	385	3 
[4, 14, 6, 49]  	388	5 
[5, 7, 9, 49]  	392	6 
[4, 10, 8, 49]  	394	3 
[3, 0, 13, 49]  	401	3 
[3, 25, 2, 49]  	407	4 
[3, 14, 7, 49]  	409	4 
[3, 23, 3, 49]  	410	2 
[1, 26, 3, 49]  	433	2 
[2, 21, 5, 49]  	434	3 
[1, 29, 2, 49]  	443	3 
[0, 22, 6, 49]  	460	1 
[0, 29, 3, 49]  	464	2 
[1, 0, 16, 49]  	472	2 
------
The gap is between 3 and 47.
Lengths: 3 3 6 6 3 4.
For 490 = 5*d/2-d1-d2-d3 you get 3 in char 0.
1*x^1*y^17*z^9
1*y^31*z^3
1*y^2*z^16

For 274 = 3*d/2-d1-d2-d3 you get 6 in char 0.
1*x^5*y^18
1*x^4*y^3*z^7
1*x^3*y^17*z^1
1*x^2*y^2*z^8
1*x^1*y^16*z^2
1*y^1*z^9

For 58 = d/2-d1-d2-d3 you get 3 in char 0.
1*x^4*y^2
1*x^2*y^1*z^1
1*z^2

Extra powers of p used 1.
The invariant extra is equal to 4.
Start computing 5^3 Delta^1 (x1x2x3)^4... Done.
Start computing 5^4 Delta^2 (x1x2x3)^4... Done.
Start computing 5^5 Delta^3 (x1x2x3)^4... Done.
Start computing 5^6 Delta^4 (x1x2x3)^4... Done.
Start computing 5^7 Delta^5 (x1x2x3)^4... Done.
Start computing 5^8 Delta^6 (x1x2x3)^4... Done.
Start computing 5^9 Delta^7 (x1x2x3)^4... Done.
Start computing 5^10 Delta^8 (x1x2x3)^4... Done.
Start computing 5^11 Delta^9 (x1x2x3)^4... Done.
Start computing 5^12 Delta^10 (x1x2x3)^4... Done.
Start computing 5^13 Delta^11 (x1x2x3)^4... Done.
Start computing 5^14 Delta^12 (x1x2x3)^4... Done.
Start computing aa.
1 2 3 4 5 6 7 8 9 10 11 12 
*/
A = \
[176604032666759673271442123985670,444672718606569385154048565001360,606154603895486639006959182240310,523572542705862202039857018832800,28411736552436837024385307961300,399986393887397543950780212883300,162467800325492097607968703939250,536372182247335563612855910474775,74555083732910592378136186205125,270457770142369942819274268371625,424447819583152725072504641136250,661743451858173173131528529163500;\
323164060514157952125364601927092,480209316522029517242733702875362,553017701097708169964296287654817,336173240426616190043617277309525,683078492402233927458134713424065,287925440419988747862445431349765,1739413463445500076816989546620,649272860980947272505613447123675,452843935563140363999320215791340,121100934205037896131900183286500,23827074905554304537202219850175,332948239156093235084648137384300;\
269041700967627543097546532804823,349123089606083208564341431121988,252335173769499916286930521651508,629799811177567366423514663702025,518766035028592989956493231340035,192009567759054576615857611984960,51236078971985225352936572865605,540241652906638208796872008373050,270748126681408415587774007426585,24789193333574958754373740795125,371503564026793852399562697701950,161671063741382223973506089423450;\
658698926685727548091296994491204,94711076453344903962384554834299,221469712580570023543756158746984,484288755026136622922506521159475,556546717150737001784443749394230,667852232325591715557345116613480,590068101383141852970245672682840,427669285949367731586212641550125,311832262006918972225264722399280,374129873642647380875794188811500,316244909432169654124140403472225,578298953226662574097772281628100;\
3412640557222816739752411223092,453628811213017918060520951746237,281295758592045787118368974651367,513089780124667367048890331706600,77504795977397214767236472238940,564709372243606046932684051737765,250899635738653070525156321137745,380063033253774146230960363102300,695879703027692856636108375527490,18547642188144406203340691238875,200352292769935572551201310629050,610632475052898903732597111289425;\
33771216276408050869013693118248,486114832547628607759745258938488,239876923152001590958162369724758,672993189023875132524191126319750,612346582092395911964708590696335,162621278007302815716808906470360,400163276256933692333630704583155,242537180697186788572511473547975,402554352432766492356116504438585,271399420426206954182293749900750,208399932994287686923112900595950,364816763212181401482123287513825;\
184784135865358899429426567804623,49727001655025887358911208284328,547803647398439361072930704880598,306084932790386882343019244085425,133576112794291420160822331542335,307321195910883851695213088097735,573170799170301100567666173988930,260988547310270747441769653270500,146141678013016568284816811882010,266819050192668254093661624328250,36321937683837563829080073678700,351761226836295072525782709172825;\
476667488446335876568966216605947,52843368249367873231976913242562,362415043949268965868051296768767,494920113446723373573596025113275,315926140335178740029719279018065,657821649790246148528408072819015,234201333730622220743727872534245,665431187690469714686554205259900,377378991687120983953072204699965,552565467055122430131749180306250,618764174410108809638489881266050,119632599139098476534309432308675;\
471725472769281069638660747000669,303955608116599193543130080291059,436425292636160511611780364090219,642138490934420091810603828038575,245485407624103484695380632230580,682840080323705023715011014607730,662227285101315658270256897065965,531542542702368848583680119734975,25219810462068798146720167857680,413890952895764949170035256004250,194566601711064193847787196056475,182927359398515365028140625036475;\
129744344209195254988612585395404,707225688809042487958800779749089,491027804989821827798750131231299,558907481704404490789391054006225,567573009570417073628818144723330,2630360422193845551848502742255,27840194241765900767513530414640,76486987908932971753197376139075,70671138631603207394097108029455,637663141820031175491156986359000,642392277973042357665888816335600,84252819025855883224255106352600;\
303504841820199873715458055208973,381493449834621873543608602013328,436737369229207141707237411548273,663254406411642284762104364699450,667567321806899540380195710985560,329557670678003925661709958236560,35574651369909306460168978209205,94181735204509947453693102585550,358856339340166407252955583168710,443066635578773489009488493396000,685551185780541523495724183078325,666455378931645093034571463779450;\
227838940273605349502852316051369,656205138914193817195877464834129,297116296967459583156473818171564,158011694491832148222104882616600,538098002085109275034413320915755,77358267478208845743741016601055,618648606614137103308995864408165,132964304188590651154666651593325,323602279604466169118755067778130,419758363040420816338489916668000,415615511318541649979690738627850,59957448373630822989661880777975]
/* 
This matrix times 5^(-1) should be the matrix of frobenius.
*/ 
B = 5^(-1) * A; 
/* Freed 129 lists. */
