/* Comments begin... 
Coefficient of   x^27                     = 1
Coefficient of   x^14 * y^8               = 1
Coefficient of   x^12 * y^7 * z^1         = 0
Coefficient of   x^10 * y^6 * z^2         = -2
Coefficient of   x^8 * y^5 * z^3         = -1
Coefficient of   x^6 * y^4 * z^4         = 2
Coefficient of   x^4 * y^3 * z^5         = -2
Coefficient of   x^2 * y^2 * z^6         = -1
Coefficient of   x^1 * y^16               = 0
Coefficient of   y^1 * z^7               = 2

Here is the polynomial we're using this time:

1*x^27 + 1*x^14*y^8 + -2*x^10*y^6*z^2 + -1*x^8*y^5*z^3 + 2*x^6*y^4*z^4 + -2*x^4*y^3*z^5 + -1*x^2*y^2*z^6 + 2*y^1*z^7

Allocate G_len 20 elements and old = 0.
Allocate M_len = 400 elements.
Allocate G_len 40 elements and old = 20.
Allocate M_len = 800 elements.
Allocate G_len 80 elements and old = 40.
Allocate M_len = 1600 elements.
Allocate M_len = 3200 elements.
Not smooth!
Coefficient of   x^27                     = 0
Coefficient of   x^14 * y^8               = 1
Coefficient of   x^12 * y^7 * z^1         = 0
Coefficient of   x^10 * y^6 * z^2         = 0
Coefficient of   x^8 * y^5 * z^3         = 2
Coefficient of   x^6 * y^4 * z^4         = -1
Coefficient of   x^4 * y^3 * z^5         = 0
Coefficient of   x^2 * y^2 * z^6         = 1
Coefficient of   x^1 * y^16               = -1
Coefficient of   y^1 * z^7               = 2

Here is the polynomial we're using this time:

1*x^14*y^8 + 2*x^8*y^5*z^3 + -1*x^6*y^4*z^4 + 1*x^2*y^2*z^6 + -1*x^1*y^16 + 2*y^1*z^7

Not smooth!
Coefficient of   x^27                     = -1
Coefficient of   x^14 * y^8               = 1
Coefficient of   x^12 * y^7 * z^1         = 2
Coefficient of   x^10 * y^6 * z^2         = 2
Coefficient of   x^8 * y^5 * z^3         = 1
Coefficient of   x^6 * y^4 * z^4         = 2
Coefficient of   x^4 * y^3 * z^5         = -2
Coefficient of   x^2 * y^2 * z^6         = -2
Coefficient of   x^1 * y^16               = -2
Coefficient of   y^1 * z^7               = 2

Here is the polynomial we're using this time:

-1*x^27 + 1*x^14*y^8 + 2*x^12*y^7*z^1 + 2*x^10*y^6*z^2 + 1*x^8*y^5*z^3 + 2*x^6*y^4*z^4 + -2*x^4*y^3*z^5 + -2*x^2*y^2*z^6 + -2*x^1*y^16 + 2*y^1*z^7

Allocate G_len 160 elements and old = 80.
Allocate M_len = 6400 elements.
Allocate M_len = 12800 elements.
Allocate G_len 320 elements and old = 160.
Allocate M_len = 25600 elements.
The final length of G is 197
[12, 7, 0, 0]  	187	7 
[12, 6, 1, 0]  	203	7 
[26, 0, 0, 0]  	208	8  <--- 1
[10, 6, 2, 0]  	216	7 
[10, 5, 3, 0]  	232	8 
[8, 5, 4, 0]  	245	7 
[8, 4, 5, 0]  	261	8 
[6, 4, 6, 0]  	274	7 
[7, 18, 0, 0]  	290	8 
[22, 5, 2, 0]  	299	13 
[22, 4, 3, 0]  	315	12 
[14, 3, 6, 0]  	325	11 
[20, 4, 4, 0]  	328	11 
[18, 3, 5, 0]  	328	11 
[11, 3, 7, 0]  	330	10 
[22, 3, 4, 0]  	331	11 
[11, 17, 1, 0]  	338	10 
[9, 3, 8, 0]  	343	9 
[18, 2, 6, 0]  	344	10 
[11, 2, 8, 0]  	346	9 
[22, 2, 5, 0]  	347	10 
[9, 17, 2, 0]  	351	9 
[10, 1, 9, 0]  	354	9 
[7, 3, 9, 0]  	356	8 
[16, 2, 7, 0]  	357	9 
[14, 1, 8, 0]  	357	9 
[9, 2, 9, 0]  	359	8 
[8, 16, 3, 0]  	359	8 
[18, 1, 7, 0]  	360	9 
[22, 1, 6, 0]  	363	9 
[7, 17, 3, 0]  	364	8 
[6, 18, 3, 0]  	369	7 
[7, 2, 10, 0]  	372	7 
[6, 16, 4, 0]  	372	7 
[14, 0, 9, 0]  	373	8 
[9, 1, 10, 0]  	375	7 
[7, 0, 11, 0]  	375	7 
[6, 3, 10, 0]  	377	7 
[5, 17, 4, 0]  	377	7 
[22, 0, 7, 0]  	379	8 
[6, 1, 11, 0]  	380	7 
[7, 14, 5, 0]  	383	7 
[5, 2, 11, 0]  	385	7 
[12, 0, 10, 0]  	386	7 
[6, 26, 0, 0]  	386	7 
[6, 15, 5, 0]  	388	7 
[6, 24, 1, 0]  	389	7 
[5, 27, 0, 0]  	391	6 
[20, 0, 8, 0]  	392	7 
[6, 22, 2, 0]  	392	7 
[5, 16, 5, 0]  	393	7 
[6, 0, 12, 0]  	396	6 
[5, 14, 6, 0]  	396	6 
[5, 23, 2, 0]  	397	6 
[5, 21, 3, 0]  	400	6 
[5, 1, 12, 0]  	401	6 
[4, 15, 6, 0]  	401	6 
[5, 10, 8, 0]  	402	6 
[4, 13, 7, 0]  	404	5 
[5, 8, 9, 0]  	405	6 
[4, 2, 12, 0]  	406	6 
[3, 16, 6, 0]  	406	6 
[5, 26, 1, 0]  	407	5 
[4, 11, 8, 0]  	407	5 
[5, 6, 10, 0]  	408	6 
[4, 29, 0, 0]  	409	6 
[4, 27, 1, 0]  	412	5 
[4, 7, 10, 0]  	413	5 
[3, 30, 0, 0]  	414	6 
[4, 25, 2, 0]  	415	5 
[5, 0, 13, 0]  	417	4 
[4, 21, 4, 0]  	421	5 
[4, 1, 13, 0]  	422	5 
[3, 15, 7, 0]  	422	5 
[4, 10, 9, 0]  	423	5 
[3, 13, 8, 0]  	425	4 
[3, 22, 4, 0]  	426	4 
[3, 11, 9, 0]  	428	4 
[3, 20, 5, 0]  	429	5 
[3, 29, 1, 0]  	430	5 
[3, 27, 2, 0]  	433	3 
[2, 12, 9, 0]  	433	3 
[3, 7, 11, 0]  	434	4 
[3, 25, 3, 0]  	436	4 
[4, 0, 14, 0]  	438	4 
[2, 26, 3, 0]  	441	3 
[2, 15, 8, 0]  	443	4 
[3, 10, 10, 0]  	444	3 
[2, 24, 4, 0]  	444	3 
[2, 22, 5, 0]  	447	3 
[2, 11, 10, 0]  	449	2 
[1, 25, 4, 0]  	449	2 
[3, 6, 12, 0]  	450	4 
[2, 20, 6, 0]  	450	4 
[2, 29, 2, 0]  	451	4 
[1, 23, 5, 0]  	452	2 
[2, 7, 12, 0]  	455	3 
[1, 21, 6, 0]  	455	3 
[1, 10, 11, 0]  	457	2 
[2, 34, 0, 0]  	458	5 
[3, 0, 15, 0]  	459	3 
[1, 8, 12, 0]  	460	2 
[0, 9, 12, 0]  	465	1 
[3, 5, 13, 0]  	466	4 
[2, 19, 7, 0]  	466	4 
[0, 36, 0, 0]  	468	2  <--- 2
[2, 6, 13, 0]  	471	3 
[1, 20, 7, 0]  	471	3 
[1, 29, 3, 0]  	472	3 
[0, 23, 6, 0]  	473	1 
[1, 7, 13, 0]  	476	2 
[1, 34, 1, 0]  	479	3 
[2, 0, 16, 0]  	480	3 
[0, 8, 13, 0]  	481	1 
[0, 35, 1, 0]  	484	2 
[1, 19, 8, 0]  	487	3 
[0, 22, 7, 0]  	489	1 
[1, 6, 14, 0]  	492	2 
[1, 15, 10, 0]  	493	3 
[1, 33, 2, 0]  	495	3 
[0, 7, 14, 0]  	497	1 
[0, 34, 2, 0]  	500	2 
[1, 0, 17, 0]  	501	2 
[1, 18, 9, 0]  	503	3 
[0, 21, 8, 0]  	505	1 
[0, 6, 15, 0]  	513	1 
[0, 33, 3, 0]  	516	2 
[0, 20, 9, 0]  	521	1 
[0, 29, 5, 0]  	522	2 
[1, 4, 16, 0]  	524	2 
[0, 5, 16, 0]  	529	1 
[0, 32, 4, 0]  	532	2 
[0, 19, 10, 0]  	537	1 
[0, 4, 17, 0]  	545	1 
[0, 0, 19, 0]  	551	1  <--- 3
[0, 18, 11, 0]  	553	1 
[0, 3, 18, 0]  	561	1 
[8, 1, 10, 1]  	367	8 
[10, 0, 10, 1]  	370	8 
[18, 0, 8, 1]  	376	8 
[4, 16, 5, 1]  	385	6 
[5, 0, 12, 1]  	388	6 
[5, 25, 1, 1]  	394	6 
[3, 29, 0, 1]  	401	5 
[4, 0, 13, 1]  	409	5 
[3, 1, 13, 1]  	414	5 
[4, 5, 11, 1]  	416	6 
[3, 28, 1, 1]  	417	4 
[3, 0, 14, 1]  	430	4 
[4, 24, 3, 1]  	431	5 
[3, 9, 10, 1]  	431	4 
[2, 30, 1, 1]  	435	5 
[2, 6, 12, 1]  	442	4 
[2, 33, 0, 1]  	445	5 
[2, 9, 11, 1]  	452	2 
[2, 5, 13, 1]  	458	4 
[1, 35, 0, 1]  	463	3 
[2, 1, 15, 1]  	464	4 
[2, 4, 14, 1]  	474	4 
[1, 5, 15, 1]  	508	2 
[4, 1, 12, 2]  	393	6 
[5, 12, 7, 2]  	399	6 
[4, 9, 9, 2]  	410	5 
[4, 23, 3, 2]  	418	5 
[3, 26, 2, 2]  	420	4 
[3, 24, 3, 2]  	423	4 
[3, 5, 12, 2]  	437	5 
[2, 8, 11, 2]  	439	3 
[18, 4, 4, 3]  	312	12 
[14, 2, 7, 3]  	341	10 
[2, 10, 10, 3]  	436	3 
[16, 3, 5, 47]  	312	11 
[12, 1, 8, 47]  	341	9 
[1, 24, 4, 47]  	436	2 
[3, 15, 6, 48]  	393	5 
[4, 26, 1, 48]  	399	5 
[1, 22, 4, 48]  	410	2 
[2, 11, 9, 48]  	420	3 
[2, 19, 6, 48]  	437	4 
[6, 0, 11, 49]  	367	6 
[7, 13, 5, 49]  	370	6 
[6, 23, 1, 49]  	376	6 
[5, 26, 0, 49]  	378	6 
[5, 22, 2, 49]  	384	6 
[2, 15, 6, 49]  	385	2 
[4, 14, 6, 49]  	388	4 
[4, 10, 8, 49]  	394	5 
[2, 14, 7, 49]  	401	2 
[1, 18, 6, 49]  	416	2 
[2, 13, 8, 49]  	417	2 
[1, 15, 8, 49]  	435	2 
[1, 29, 2, 49]  	443	2 
[0, 8, 12, 49]  	452	1 
[1, 6, 13, 49]  	463	2 
[0, 32, 2, 49]  	474	2 
[0, 19, 9, 49]  	508	1 
[0, 4, 16, 49]  	516	1 
------
The gap is between 4 and 46.
Lengths: 3 3 6 6 3 4.
For 490 = 5*d/2-d1-d2-d3 you get 3 in char 0.
1*x^1*y^17*z^9
1*y^31*z^3
1*y^2*z^16

For 274 = 3*d/2-d1-d2-d3 you get 6 in char 0.
1*x^5*y^18
1*x^4*y^3*z^7
1*x^3*y^17*z^1
1*x^2*y^2*z^8
1*x^1*y^16*z^2
1*y^1*z^9

For 58 = d/2-d1-d2-d3 you get 3 in char 0.
1*x^4*y^2
1*x^2*y^1*z^1
1*z^2

Extra powers of p used 1.
The invariant extra is equal to 4.
Start computing 5^3 Delta^1 (x1x2x3)^4... Done.
Start computing 5^4 Delta^2 (x1x2x3)^4... Done.
Start computing 5^5 Delta^3 (x1x2x3)^4... Done.
Start computing 5^6 Delta^4 (x1x2x3)^4... Done.
Start computing 5^7 Delta^5 (x1x2x3)^4... Done.
Start computing 5^8 Delta^6 (x1x2x3)^4... Done.
Start computing 5^9 Delta^7 (x1x2x3)^4... Done.
Start computing 5^10 Delta^8 (x1x2x3)^4... Done.
Start computing 5^11 Delta^9 (x1x2x3)^4... Done.
Start computing 5^12 Delta^10 (x1x2x3)^4... Done.
Start computing 5^13 Delta^11 (x1x2x3)^4... Done.
Start computing 5^14 Delta^12 (x1x2x3)^4... Done.
Start computing aa.
1 2 3 4 5 6 7 8 9 10 11 12 
*/
A = \
[483201758755182572163047229853860,1651506882290545117105705817738,582167105687265473081354388488140,436419488974584830985179919450180,125742658204758745430492200188285,249132102056833613713030049776155,710507238259985366493855918973110,74301350891204458891289547008945,257558611650215075957869180589430,146299663988837158267595019084450,146035689683995770564217134208300,153323229261535412589855409835475;\
295343791894654158216862128741565,44049256720427430116183660322325,569542468734264468496577240314590,616277847753519531500040092365750,227787203976479020470456336546750,263876811450130612800248768822450,507804613925360781189235202412450,35536120395074266200700914778350,206706297961409446230730143165800,541903478915591449530612265394875,88568815935597747437350914979875,44405606719152056094611142918125;\
25805189982413180140698283480690,673353229368856514112644503951152,119079087809720528413437118026285,421520914610856386066618154330795,291413780535831201173860225292115,369036427558895278103842000765470,249091660886784730171644839473590,211337394818396533196811826412280,20691293527191637823970890082795,310500987803080091952559539182425,583938596535226681965585334406200,13524400300316721514173681571525;\
29434649096172169288401945009620,176248369486719676442315822658559,237772107526182609651708351255785,29276483911580599360669388705340,677076455155847575175534929677080,368037571963342999221765878073465,553849851313414130093047403547530,602744223305770362386654406749410,423214288728176659109115788269415,493061105797759699557461478508100,140840748142895372090568062585650,22676903207779896867570530543425;\
530128959371908209172146023631895,103794946301781635486143534662471,499849184691949731059137850099580,652555725686991957630273213977260,163000375297296728489116367719095,440240525349892579674558725310835,544076037490431078852057961783270,339562822762639594417390151420765,450756627398601100341098290052560,335037768483590091395756384507900,200488886174085890777502670820725,234540460243019275940120437581075;\
356158986715895515861608302363070,70087272721905012297900024294651,380141431004066317375807174025205,453865213117985331393882715709210,49172470002950767900796341945920,453568679666715214677179173960685,353488133193796937164586991595770,563416669212516832901532746043290,37567970061070568694672974734460,542350115076673157752726172786400,278488000069281652547121258153975,185212048389703761263088795028700;\
216664888570782079271157390153475,463662714990263181997759162103546,125729301060965171716308829753560,332507558268997997788886342564960,114018159697612148214499409238695,21810142118138283377362982935035,135646856869762527576420976558120,123110277170535776277777614001090,454727764885420279911650780238185,651775872994291101119389076528400,197416950320190009822830585031600,204003222230982880541916792234700;\
118326160848702838544916926394535,299723692086370325103902424441371,140535508873611653489676606056370,136270288310271036094898350478985,591127775043555328256855373699770,365184185956539241024861326895185,609262790888223654650583812366570,220423239884638851714199005169915,434893358458037493873273705151960,481030745017003085885222835014525,365746760016392517546547041832850,240890702321685311320210053998450;\
44622242916932328905490973382425,12338453761310502317989474126469,515378337587922566963930005272090,465452998218403826795188868608415,181647973387847655322004046588430,239900549200744154793557345987965,124253662146295854643981130824230,207106117433583920145970190174060,674944916043418638074626906640815,218057513662995149252624065592225,142648703007078216404546716584025,633033946936846454296168968988300;\
173148459497197877844873204631495,63581893869964571483239345928824,269409091767909194931339050649135,546862701759162364325723041359215,215068951018528908912983792625330,142165446390342236527475675296265,651747993171475466601020769250455,288532413821489964068084082369285,512209285627267410954258176174565,684473010843262924795612087953850,259493660858879284903381802301525,18841748448895254406730072340675;\
540124686758569873581340986296880,283416203570612516620410735270799,706977739574346690958063248704120,659358595933248212356612598233415,687333619289866639572425621953130,65692478226460482161380139940340,276908169534468709514404516732555,17376659471826597311554913951460,198049288894340636551217750006865,578430869871800900152771132514600,88955999625149387489394166608525,485106999753880125673725082472050;\
42615448904846114035670818022945,330673860042514209281511128860214,27704111421880688165206495079485,39563766831835748874886046370240,658312464257598629987252235029380,153327347328299522310363617953665,269342069642682501910555881535255,221143505377711943019895039835010,431280576491599146654671658262340,239828807215366409119987307421350,346152156879233881329087367108650,641072832577504345114809230981175]
/* 
This matrix times 5^(-1) should be the matrix of frobenius.
*/ 
B = 5^(-1) * A; 
/* Freed 130 lists. */
