/* Comments begin... 
Coefficient of   x^27                     = -2
Coefficient of   x^14 * y^8               = 2
Coefficient of   x^12 * y^7 * z^1         = 0
Coefficient of   x^10 * y^6 * z^2         = -2
Coefficient of   x^8 * y^5 * z^3         = -1
Coefficient of   x^6 * y^4 * z^4         = -1
Coefficient of   x^4 * y^3 * z^5         = 0
Coefficient of   x^2 * y^2 * z^6         = -1
Coefficient of   x^1 * y^16               = -2
Coefficient of   y^1 * z^7               = 2

Here is the polynomial we're using this time:

-2*x^27 + 2*x^14*y^8 + -2*x^10*y^6*z^2 + -1*x^8*y^5*z^3 + -1*x^6*y^4*z^4 + -1*x^2*y^2*z^6 + -2*x^1*y^16 + 2*y^1*z^7

Allocate G_len 20 elements and old = 0.
Allocate M_len = 400 elements.
Allocate G_len 40 elements and old = 20.
Allocate M_len = 800 elements.
Allocate G_len 80 elements and old = 40.
Allocate M_len = 1600 elements.
Allocate M_len = 3200 elements.
Allocate G_len 160 elements and old = 80.
Allocate M_len = 6400 elements.
Allocate M_len = 12800 elements.
Allocate G_len 320 elements and old = 160.
Allocate M_len = 25600 elements.
The final length of G is 172
[10, 6, 1, 0]  	187	5 
[14, 7, 0, 0]  	203	7 
[26, 0, 0, 0]  	208	7  <--- 1
[10, 5, 3, 0]  	232	7 
[8, 4, 5, 0]  	261	7 
[6, 4, 6, 0]  	274	6 
[6, 3, 7, 0]  	290	7 
[22, 5, 2, 0]  	299	11 
[5, 18, 1, 0]  	303	6 
[22, 4, 3, 0]  	315	12 
[14, 3, 6, 0]  	325	11 
[20, 4, 4, 0]  	328	11 
[18, 3, 5, 0]  	328	11 
[22, 3, 4, 0]  	331	12 
[14, 2, 7, 0]  	341	10 
[18, 2, 6, 0]  	344	11 
[11, 2, 8, 0]  	346	9 
[22, 2, 5, 0]  	347	8 
[6, 17, 3, 0]  	356	7 
[14, 1, 8, 0]  	357	10 
[9, 2, 9, 0]  	359	8 
[8, 16, 3, 0]  	359	8 
[22, 1, 6, 0]  	363	9 
[8, 1, 10, 0]  	367	8 
[5, 3, 10, 0]  	369	6 
[12, 1, 9, 0]  	370	8 
[10, 0, 10, 0]  	370	9 
[7, 2, 10, 0]  	372	7 
[6, 16, 4, 0]  	372	7 
[14, 0, 9, 0]  	373	8 
[8, 15, 4, 0]  	375	8 
[20, 1, 7, 0]  	376	8 
[18, 0, 8, 0]  	376	8 
[5, 17, 4, 0]  	377	6 
[22, 0, 7, 0]  	379	8 
[6, 1, 11, 0]  	380	7 
[7, 14, 5, 0]  	383	7 
[5, 2, 11, 0]  	385	6 
[4, 16, 5, 0]  	385	6 
[6, 26, 0, 0]  	386	7 
[6, 15, 5, 0]  	388	6 
[5, 0, 12, 0]  	388	6 
[8, 25, 0, 0]  	389	7 
[9, 0, 11, 0]  	391	6 
[5, 27, 0, 0]  	391	6 
[10, 24, 0, 0]  	392	7 
[4, 1, 12, 0]  	393	6 
[5, 14, 6, 0]  	396	6 
[5, 12, 7, 0]  	399	6 
[4, 15, 6, 0]  	401	5 
[3, 29, 0, 0]  	401	5 
[5, 10, 8, 0]  	402	6 
[4, 13, 7, 0]  	404	5 
[5, 8, 9, 0]  	405	6 
[3, 16, 6, 0]  	406	6 
[4, 11, 8, 0]  	407	5 
[4, 0, 13, 0]  	409	5 
[4, 9, 9, 0]  	410	5 
[4, 27, 1, 0]  	412	5 
[4, 7, 10, 0]  	413	5 
[3, 1, 13, 0]  	414	5 
[4, 25, 2, 0]  	415	5 
[4, 5, 11, 0]  	416	6 
[3, 26, 2, 0]  	420	4 
[4, 21, 4, 0]  	421	5 
[3, 15, 7, 0]  	422	5 
[3, 24, 3, 0]  	423	4 
[3, 22, 4, 0]  	426	4 
[3, 11, 9, 0]  	428	4 
[3, 20, 5, 0]  	429	5 
[3, 9, 10, 0]  	431	4 
[2, 30, 1, 0]  	435	5 
[3, 5, 12, 0]  	437	5 
[2, 8, 11, 0]  	439	3 
[2, 26, 3, 0]  	441	3 
[2, 6, 12, 0]  	442	4 
[2, 24, 4, 0]  	444	3 
[2, 22, 5, 0]  	447	3 
[1, 25, 4, 0]  	449	2 
[2, 29, 2, 0]  	451	4 
[1, 23, 5, 0]  	452	2 
[1, 21, 6, 0]  	455	3 
[1, 10, 11, 0]  	457	2 
[2, 34, 0, 0]  	458	4 
[2, 5, 13, 0]  	458	4 
[3, 0, 15, 0]  	459	4 
[1, 8, 12, 0]  	460	2 
[1, 35, 0, 0]  	463	3 
[2, 1, 15, 0]  	464	4 
[0, 9, 12, 0]  	465	1 
[0, 36, 0, 0]  	468	2  <--- 2
[2, 15, 9, 0]  	472	3 
[1, 29, 3, 0]  	472	3 
[0, 23, 6, 0]  	473	1 
[2, 4, 14, 0]  	474	4 
[1, 7, 13, 0]  	476	2 
[1, 34, 1, 0]  	479	3 
[2, 0, 16, 0]  	480	3 
[0, 8, 13, 0]  	481	1 
[0, 35, 1, 0]  	484	2 
[0, 22, 7, 0]  	489	1 
[1, 6, 14, 0]  	492	2 
[1, 15, 10, 0]  	493	3 
[0, 7, 14, 0]  	497	1 
[0, 34, 2, 0]  	500	2 
[1, 18, 9, 0]  	503	3 
[0, 21, 8, 0]  	505	1 
[1, 5, 15, 0]  	508	2 
[0, 6, 15, 0]  	513	1 
[0, 33, 3, 0]  	516	2 
[0, 20, 9, 0]  	521	1 
[1, 4, 16, 0]  	524	2 
[0, 5, 16, 0]  	529	1 
[1, 0, 18, 0]  	530	1 
[0, 32, 4, 0]  	532	2 
[0, 19, 10, 0]  	537	1 
[0, 4, 17, 0]  	545	1 
[0, 0, 19, 0]  	551	1  <--- 3
[0, 18, 11, 0]  	553	1 
[0, 3, 18, 0]  	561	1 
[8, 5, 4, 1]  	245	6 
[18, 4, 4, 1]  	312	12 
[13, 18, 0, 1]  	338	10 
[8, 17, 2, 1]  	343	8 
[10, 1, 9, 1]  	354	9 
[7, 0, 11, 1]  	375	7 
[3, 28, 1, 1]  	417	4 
[3, 0, 14, 1]  	430	4 
[2, 12, 9, 1]  	433	3 
[3, 7, 11, 1]  	434	4 
[2, 15, 8, 1]  	443	4 
[2, 33, 0, 1]  	445	5 
[2, 11, 10, 1]  	449	2 
[2, 20, 6, 1]  	450	4 
[2, 19, 7, 1]  	466	4 
[1, 20, 7, 1]  	471	3 
[1, 19, 8, 1]  	487	3 
[1, 0, 17, 1]  	501	2 
[0, 29, 5, 1]  	522	2 
[18, 1, 7, 2]  	360	9 
[4, 23, 3, 2]  	418	5 
[3, 13, 8, 2]  	425	4 
[1, 33, 2, 2]  	495	3 
[2, 10, 10, 3]  	436	3 
[1, 24, 4, 47]  	436	2 
[1, 4, 15, 47]  	495	2 
[8, 2, 9, 48]  	351	8 
[16, 0, 8, 48]  	360	8 
[3, 8, 10, 48]  	418	4 
[2, 27, 2, 48]  	425	3 
[6, 4, 5, 49]  	245	5 
[16, 3, 5, 49]  	312	7 
[10, 2, 8, 49]  	338	9 
[7, 2, 9, 49]  	343	7 
[9, 15, 3, 49]  	354	8 
[9, 0, 10, 49]  	362	7 
[6, 2, 10, 49]  	364	7 
[4, 2, 11, 49]  	377	4 
[5, 13, 6, 49]  	383	5 
[1, 27, 2, 49]  	417	2 
[1, 26, 3, 49]  	433	2 
[2, 21, 5, 49]  	434	3 
[2, 4, 13, 49]  	445	4 
[0, 10, 11, 49]  	449	1 
[1, 34, 0, 49]  	450	3 
[1, 33, 1, 49]  	466	3 
[0, 34, 1, 49]  	471	2 
[1, 5, 14, 49]  	479	2 
[0, 33, 2, 49]  	487	2 
[0, 5, 15, 49]  	500	1 
[0, 19, 9, 49]  	508	1 
[0, 0, 18, 49]  	522	1 
------
The gap is between 4 and 46.
Lengths: 3 3 6 6 3 3.
For 490 = 5*d/2-d1-d2-d3 you get 3 in char 0.
1*x^1*y^17*z^9
1*y^31*z^3
1*y^2*z^16

For 274 = 3*d/2-d1-d2-d3 you get 6 in char 0.
1*x^5*y^18
1*x^4*y^3*z^7
1*x^3*y^17*z^1
1*x^2*y^2*z^8
1*x^1*y^16*z^2
1*y^1*z^9

For 58 = d/2-d1-d2-d3 you get 3 in char 0.
1*x^4*y^2
1*x^2*y^1*z^1
1*z^2

Extra powers of p used 0.
The invariant extra is equal to 4.
Start computing 5^3 Delta^1 (x1x2x3)^4... Done.
Start computing 5^4 Delta^2 (x1x2x3)^4... Done.
Start computing 5^5 Delta^3 (x1x2x3)^4... Done.
Start computing 5^6 Delta^4 (x1x2x3)^4... Done.
Start computing 5^7 Delta^5 (x1x2x3)^4... Done.
Start computing 5^8 Delta^6 (x1x2x3)^4... Done.
Start computing 5^9 Delta^7 (x1x2x3)^4... Done.
Start computing 5^10 Delta^8 (x1x2x3)^4... Done.
Start computing 5^11 Delta^9 (x1x2x3)^4... Done.
Start computing 5^12 Delta^10 (x1x2x3)^4... Done.
Start computing 5^13 Delta^11 (x1x2x3)^4... Done.
Start computing 5^14 Delta^12 (x1x2x3)^4... Done.
Start computing aa.
1 2 3 4 5 6 7 8 9 10 11 12 
*/
A = \
[122940624827984384732300437616448,36783814011548662730177691219856,134942144159988174874434281817771,13303947007417777051343145110825,134481940295942580164677756971815,125706447802754452436145626944785,139902713405057269011901859612735,19012233002234875894473449379745,21816204141221772755017780967925,118723760585678227304258947850025,71674973388867302211522824697100,16272138801702882295581852204950;\
114249762906469946114635527371755,7929669819273368257933855580834,57562833980595651654322882364063,101139473718698696627828940433925,77829488762017310027924877787880,47808495275968151635884127833950,66086328289189447263539984775765,27773116738857841303342752096205,45143492639443334087535045973165,94633027048515060860195511074350,90750571923831680981625004141300,123753612420220682769856010553275;\
9178237526821143894416782239911,79932652981260368899623580414762,18692993966851946990083947887384,31175302762179228256899131338280,22142665385236589923977902052420,64938575296534166782374285347060,12978128577849976710620441738985,59424242694872888670614542451730,36838590157214876657311380157220,116412449539985036145216016562400,55254532904968681356483004399025,126294594502465283220234602692500;\
141816324022070745401446391713606,9918143195052769552157552837344,64767692561905249797540412564957,42576129965866858545792176017385,76541791365953845426362986863995,90823599917686565867211928612500,120225235169132378084467578133085,126600685833189192953289504432290,97506259905972800802744448073355,25087506581939835813961165813400,84288962564020889997801473414000,103063625446728639625321353326700;\
95686280629078914112112527144298,112160377077496263066337273664020,37917862536066134560860080293268,114120443789321749021508160834125,89769702281578916652875979739915,47706103347773744294314435084410,4501288415168563359822978381735,93589234349889500950470420171645,139527860105929372248068256587995,139743783091868355388918764532500,82071237746907471653862327112150,41030640019571123284172135672825;\
56706031838857800449644800072274,129814132171710672553002129509441,135412762559380667148621791576474,100378027500820295023906208199130,41039533904979790162467877895050,12916829740750211791759562725015,135106558692083918266074285044385,60692124232538269724618499088035,82123600970182855980082685470645,97879520036184462554909368461000,6431037569488319596517505075050,97565705989351172561313808758575;\
39392317512473721172879334033325,89402354506180657199438029609952,30903744299926514361897994619982,45540017416683436445815871360830,122087010061852809703071707494230,29625117411583209175722813429025,86919740624074136792173506512465,104355707864233251944403825434505,78272340196409959812500702171445,118288635879696367904983749376050,18679012154175926103341379010450,301288125415583361586752147450;\
79139530916342526479921311630656,39749000531336421792414533724832,140351185973609477317462786869918,13240820556152693452488206900715,487809144094774017011352512820,6262092228654493102557867448505,41705011881458913905018262782560,127210545969078535964008743722165,51187341350111600322340576634490,53887779330527038327573444144475,47974945172136108690595530179200,118993984127944757421048724146725;\
411713485909526654476119190252,45822691401635112897780784064877,122998873682259954191236552800134,121065570682995054075618509000205,88905970807746207904469890644940,112892563392542774941854559491510,78244675717892589265683753504520,35944925948902075565588929874430,46766065198848917439966150702585,47871127671047922657164928219700,82494241501341277811454584661300,17664328427749683407162599976075;\
114617165433968179609424950485028,78518408706959683966480505197479,87720412617520901929933496721817,43563853972757042685638457736635,13062713332843559142355060518775,45194747717453125645582653191975,59726172740740863851040634208545,89632219196398533642816395613045,48966183223771643253953336501705,38491594175428671609258329305525,106074755816638404063816305497400,31524924999041182634845044958750;\
69596180774227190674001898314484,112318169206639061440772974626652,17369710712312384610678564093376,80279161294182424922904592779180,87052013502436081087254806737825,61621616780763051786749683409810,141123372206513270295143804001505,79495068842877462816287641316195,138893586455247591900760721437795,71317409586471287376396337868750,104688963735909651137463730788350,9522025845812684323311885306025;\
62193818078339734665749322684608,14667243874046125213407195531164,56259062177123291199728989702547,94560542316407758843264300366235,92125992403639079683758098323800,19570551015063163722915006690895,86161983725151458882432219688710,75474781194692584217824055032665,97155058633813134306517337466965,110790610098373719393862012811325,41584289710969660718156765567075,22755517052436334596823032526925]
/* 
This should be the matrix of frobenius!
*/ 
B = A; 
/* Freed 128 lists. */
