/* Comments begin... 
Coefficient of   x^27                     = 1
Coefficient of   x^14 * y^8               = 0
Coefficient of   x^12 * y^7 * z^1         = 0
Coefficient of   x^10 * y^6 * z^2         = 1
Coefficient of   x^8 * y^5 * z^3         = -1
Coefficient of   x^6 * y^4 * z^4         = 1
Coefficient of   x^4 * y^3 * z^5         = 2
Coefficient of   x^2 * y^2 * z^6         = 0
Coefficient of   x^1 * y^16               = 2
Coefficient of   y^1 * z^7               = 1

Here is the polynomial we're using this time:

1*x^27 + 1*x^10*y^6*z^2 + -1*x^8*y^5*z^3 + 1*x^6*y^4*z^4 + 2*x^4*y^3*z^5 + 2*x^1*y^16 + 1*y^1*z^7

Allocate G_len 20 elements and old = 0.
Allocate M_len = 400 elements.
Allocate G_len 40 elements and old = 20.
Allocate M_len = 800 elements.
Allocate G_len 80 elements and old = 40.
Allocate M_len = 1600 elements.
Allocate M_len = 3200 elements.
Allocate G_len 160 elements and old = 80.
Allocate M_len = 6400 elements.
Allocate M_len = 12800 elements.
Allocate G_len 320 elements and old = 160.
The final length of G is 153
[10, 6, 1, 0]  	187	5 
[10, 5, 2, 0]  	203	6 
[26, 0, 0, 0]  	208	6  <--- 1
[8, 5, 3, 0]  	216	5 
[8, 4, 4, 0]  	232	7 
[6, 4, 5, 0]  	245	6 
[6, 3, 6, 0]  	261	7 
[5, 18, 0, 0]  	274	6 
[22, 4, 3, 0]  	315	12 
[18, 3, 5, 0]  	328	11 
[22, 3, 4, 0]  	331	11 
[15, 17, 0, 0]  	341	10 
[8, 17, 2, 0]  	343	7 
[18, 2, 6, 0]  	344	10 
[12, 2, 8, 0]  	354	9 
[6, 17, 3, 0]  	356	7 
[9, 2, 9, 0]  	359	8 
[19, 16, 0, 0]  	360	9 
[24, 2, 5, 0]  	363	9 
[22, 1, 6, 0]  	363	7 
[8, 1, 10, 0]  	367	8 
[5, 3, 10, 0]  	369	6 
[12, 1, 9, 0]  	370	8 
[7, 2, 10, 0]  	372	7 
[6, 16, 4, 0]  	372	7 
[16, 1, 8, 0]  	373	8 
[20, 1, 7, 0]  	376	8 
[5, 17, 4, 0]  	377	6 
[23, 15, 0, 0]  	379	8 
[8, 0, 11, 0]  	383	7 
[5, 2, 11, 0]  	385	6 
[4, 16, 5, 0]  	385	6 
[7, 1, 11, 0]  	388	6 
[5, 0, 12, 0]  	388	6 
[16, 0, 9, 0]  	389	7 
[20, 0, 8, 0]  	392	7 
[4, 1, 12, 0]  	393	6 
[5, 14, 6, 0]  	396	6 
[5, 12, 7, 0]  	399	6 
[4, 15, 6, 0]  	401	6 
[14, 0, 10, 0]  	402	6 
[5, 10, 8, 0]  	402	6 
[25, 0, 7, 0]  	403	7 
[5, 8, 9, 0]  	405	6 
[3, 16, 6, 0]  	406	6 
[4, 11, 8, 0]  	407	5 
[4, 29, 0, 0]  	409	5 
[4, 0, 13, 0]  	409	5 
[4, 9, 9, 0]  	410	5 
[4, 27, 1, 0]  	412	5 
[4, 7, 10, 0]  	413	5 
[3, 30, 0, 0]  	414	5 
[3, 1, 13, 0]  	414	5 
[4, 14, 7, 0]  	417	4 
[3, 28, 1, 0]  	417	4 
[4, 23, 3, 0]  	418	5 
[3, 26, 2, 0]  	420	4 
[4, 21, 4, 0]  	421	5 
[3, 15, 7, 0]  	422	5 
[3, 13, 8, 0]  	425	4 
[3, 22, 4, 0]  	426	4 
[3, 11, 9, 0]  	428	4 
[4, 6, 11, 0]  	429	5 
[3, 20, 5, 0]  	429	5 
[3, 0, 14, 0]  	430	4 
[3, 9, 10, 0]  	431	4 
[2, 12, 9, 0]  	433	3 
[3, 7, 11, 0]  	434	4 
[2, 30, 1, 0]  	435	5 
[3, 25, 3, 0]  	436	3 
[2, 10, 10, 0]  	436	3 
[2, 8, 11, 0]  	439	3 
[2, 26, 3, 0]  	441	3 
[2, 6, 12, 0]  	442	4 
[2, 15, 8, 0]  	443	4 
[2, 24, 4, 0]  	444	3 
[1, 25, 4, 0]  	449	2 
[2, 29, 2, 0]  	451	4 
[1, 23, 5, 0]  	452	2 
[1, 21, 6, 0]  	455	3 
[1, 10, 11, 0]  	457	2 
[2, 34, 0, 0]  	458	4 
[2, 5, 13, 0]  	458	4 
[1, 8, 12, 0]  	460	2 
[0, 9, 12, 0]  	465	1 
[1, 20, 7, 0]  	471	3 
[1, 29, 3, 0]  	472	3 
[0, 23, 6, 0]  	473	1 
[2, 4, 14, 0]  	474	4 
[1, 7, 13, 0]  	476	2 
[2, 0, 16, 0]  	480	3 
[0, 37, 0, 0]  	481	1  <--- 2
[0, 8, 13, 0]  	481	1 
[0, 35, 1, 0]  	484	2 
[1, 19, 8, 0]  	487	3 
[0, 22, 7, 0]  	489	1 
[1, 6, 14, 0]  	492	2 
[1, 15, 10, 0]  	493	3 
[0, 7, 14, 0]  	497	1 
[0, 34, 2, 0]  	500	2 
[1, 0, 17, 0]  	501	2 
[1, 18, 9, 0]  	503	3 
[0, 21, 8, 0]  	505	1 
[1, 5, 15, 0]  	508	2 
[0, 6, 15, 0]  	513	1 
[0, 33, 3, 0]  	516	2 
[0, 20, 9, 0]  	521	1 
[1, 4, 16, 0]  	524	2 
[0, 5, 16, 0]  	529	1 
[0, 32, 4, 0]  	532	2 
[0, 19, 10, 0]  	537	1 
[0, 4, 17, 0]  	545	1 
[0, 0, 19, 0]  	551	1  <--- 3
[0, 18, 11, 0]  	553	1 
[0, 3, 18, 0]  	561	1 
[22, 2, 5, 1]  	347	10 
[16, 2, 7, 1]  	357	9 
[6, 1, 11, 1]  	380	7 
[12, 0, 10, 1]  	386	7 
[3, 29, 0, 1]  	401	5 
[4, 13, 7, 1]  	404	5 
[4, 25, 2, 1]  	415	5 
[4, 5, 11, 1]  	416	6 
[3, 24, 3, 1]  	423	4 
[3, 5, 12, 1]  	437	5 
[2, 22, 5, 1]  	447	3 
[2, 20, 6, 1]  	450	4 
[1, 35, 0, 1]  	463	3 
[2, 1, 15, 1]  	464	4 
[2, 19, 7, 1]  	466	4 
[1, 33, 2, 1]  	495	3 
[0, 29, 5, 1]  	522	2 
[2, 33, 0, 2]  	445	5 
[0, 36, 0, 2]  	468	2 
[1, 34, 1, 2]  	479	3 
[2, 4, 13, 48]  	445	3 
[0, 7, 13, 48]  	468	1 
[1, 5, 14, 48]  	479	2 
[20, 1, 6, 49]  	347	6 
[14, 1, 8, 49]  	357	6 
[5, 15, 5, 49]  	380	5 
[5, 11, 7, 49]  	386	6 
[4, 10, 8, 49]  	394	4 
[3, 0, 13, 49]  	401	2 
[3, 27, 1, 49]  	404	4 
[3, 10, 9, 49]  	415	3 
[3, 19, 5, 49]  	416	4 
[2, 9, 10, 49]  	423	3 
[1, 4, 13, 49]  	437	2 
[1, 7, 12, 49]  	447	2 
[1, 15, 9, 49]  	464	3 
[0, 21, 7, 49]  	476	1 
[0, 0, 18, 49]  	522	1 
------
The gap is between 3 and 47.
Lengths: 3 3 6 6 3 4.
For 490 = 5*d/2-d1-d2-d3 you get 3 in char 0.
1*x^1*y^17*z^9
1*y^31*z^3
1*y^2*z^16

For 274 = 3*d/2-d1-d2-d3 you get 6 in char 0.
1*x^18*y^10
1*x^4*y^3*z^7
1*x^3*y^17*z^1
1*x^2*y^2*z^8
1*x^1*y^16*z^2
1*y^1*z^9

For 58 = d/2-d1-d2-d3 you get 3 in char 0.
1*x^4*y^2
1*x^2*y^1*z^1
1*z^2

Extra powers of p used 1.
The invariant extra is equal to 4.
Start computing 5^3 Delta^1 (x1x2x3)^4... Done.
Start computing 5^4 Delta^2 (x1x2x3)^4... Done.
Start computing 5^5 Delta^3 (x1x2x3)^4... Done.
Start computing 5^6 Delta^4 (x1x2x3)^4... Done.
Start computing 5^7 Delta^5 (x1x2x3)^4... Done.
Start computing 5^8 Delta^6 (x1x2x3)^4... Done.
Start computing 5^9 Delta^7 (x1x2x3)^4... Done.
Start computing 5^10 Delta^8 (x1x2x3)^4... Done.
Start computing 5^11 Delta^9 (x1x2x3)^4... Done.
Start computing 5^12 Delta^10 (x1x2x3)^4... Done.
Start computing 5^13 Delta^11 (x1x2x3)^4... Done.
Start computing 5^14 Delta^12 (x1x2x3)^4... Done.
Start computing aa.
1 2 3 4 5 6 7 8 9 10 11 12 
*/
A = \
[358600392706212527355963117058403,19018989044215237869936419090009,647657342004593950639080802052142,29714561983679012470067093535395,644726478668958144976285747605910,84844128116857857191920094484590,205166226205578488341135569896110,173486570155632473664822739247635,451810559230051841834602208179415,110641505223024450662927527586700,78856404060008645508982383887775,320280986765710057712786790797375;\
544578173676914711072891993838333,111436879218604300640389133442199,471310087599824544797856076544237,653755521733994099359671835556670,264471457157060228225689336608185,399809537079229914136231212139415,620513653370014399763399689424660,42436729855213993176345725023960,485515105003957464777903194252065,209514101034042978784246630915200,598669419629139815214889832545150,671179344779574873577939318656750;\
37691114712765320681918966893312,420953671784460390599353738829916,465492969565995491617375761090798,81472944573964912802679484151305,29195640294962653918936518968615,45031055740200392075174341477260,688445628702482690886084335153190,246723708312574816037264307115740,422631407673106670586628918168810,470113826710448639267593335192300,352551935980809396009348107853975,592820500101347602488422147080000;\
366894706266399625792358042969008,269587546079153364099770606063334,203043679063922202195901450462622,173849807595051249597540126368695,24192708848722375417388136309435,370693777695415649425524882045615,293098051225309996220989870567735,256335019439430297097424038983410,585403545918550809442266761477365,539542162400878372206210274341950,535759352520314463846424471172900,466950962627929761238901165142625;\
350836927291639069204714620321707,444064602609281433672132677860201,25760256505362992672075818336053,448394525121501839652876598109530,87493586129398889960365747446090,477209536253224732987102650802635,248687858186436786447190411352640,159416613641416175339210772049815,13155257466193790647322692554235,439489977647762436731774622321800,219625986302965443951428352905100,572445871225376900374430371406750;\
663107786378941096921494959319715,451035579734046745444985245969845,94316082743388451153900992098035,311259109779158124770694315752875,634711237721441712723633491527275,636095071909714828175765847776300,418708208953678712340477161748100,486618951334779059674797665262575,626931969721668506485785714963050,594333397810430945387102677943500,552955847681593707198649751389125,388589174982726132306830210519375;\
387188729420057229580230331638710,260390581569476355138014059570595,527669857413897728351254936006055,145930821382068624204738962295525,331228626415664718504998580116450,637040206179493838197968888854625,176692307730539199855498769292275,451629558579286349581618057314400,435401360215562698495955473439650,235297944923860595262578723742375,127323410153191004355875382242125,486271389018633271986154910819625;\
443174861203886988529039328131654,661825449933715129768651127625127,439845428916221363430679982890621,241116700998992650960809902461260,390633996282840682329468681964005,325245512840079564049755373013420,134106102075355338301748700299605,397125870261554241386370220867830,568610262524412528855420572456420,532718726860628280052629809807600,237311437608360500223885511701700,390494539161165444590858893406875;\
37221704219586493001800158238329,186882042013612988014530503797012,57887253862739204831083228452056,80580048287018917081858890774635,33545052718213292636310705341905,550166394994663905609991777157270,375312783132227768542202947821555,256017032952959146394431213053155,708906333058444948594082616190395,686614152789272905274298424138100,162553701861518645202606783874825,205658883452604476077170973830625;\
364832745933739058628548921340732,206502053391622854137545828480661,695643899677368767426908191660763,342497268430570659962489543471405,286592610155619129033205463450615,319328791957489650015321946002585,345639593413266614183741801882315,1304114527942179711837795007640,532101464422512434100851492620085,566176500532014110139171646941675,494369594525220645748588920205975,394854696235677935952575100950500;\
528167953392230208683621514008471,442261967449583996491025209968908,259205446073973906071844888985239,292068083755233973909513330516140,684113842866235865575878440981695,479401135794145833257709144823630,522288861829014509626446966530145,162897453881108167091194722805695,374105551160725873216515729483855,376198682057570087568667265596400,287144615630682737936453893481300,516030231885758545368794416264250;\
68615924806946176058637569277137,492832110391523095593062850362631,125323217280373594394673652162988,421479885325808999146199104101305,411015634458035059053359263866815,499587057886257516079048472679210,637212582891300876858413485958115,164410625160621681331436745273815,502910671766825060145109917800560,652060447801897520359132115009425,36308217321835236126086867053975,575744064909651048424283618090875]
/* 
This matrix times 5^(-1) should be the matrix of frobenius.
*/ 
B = 5^(-1) * A; 
/* Freed 126 lists. */
