/* Comments begin... 
Coefficient of   x^27                     = 1
Coefficient of   x^14 * y^8               = -2
Coefficient of   x^12 * y^7 * z^1         = 2
Coefficient of   x^10 * y^6 * z^2         = -2
Coefficient of   x^8 * y^5 * z^3         = 2
Coefficient of   x^6 * y^4 * z^4         = 0
Coefficient of   x^4 * y^3 * z^5         = -1
Coefficient of   x^2 * y^2 * z^6         = 0
Coefficient of   x^1 * y^16               = 1
Coefficient of   y^1 * z^7               = 1

Here is the polynomial we're using this time:

1*x^27 + -2*x^14*y^8 + 2*x^12*y^7*z^1 + -2*x^10*y^6*z^2 + 2*x^8*y^5*z^3 + -1*x^4*y^3*z^5 + 1*x^1*y^16 + 1*y^1*z^7

Allocate G_len 20 elements and old = 0.
Allocate M_len = 400 elements.
Allocate G_len 40 elements and old = 20.
Allocate M_len = 800 elements.
Allocate G_len 80 elements and old = 40.
Allocate M_len = 1600 elements.
Allocate M_len = 3200 elements.
Allocate G_len 160 elements and old = 80.
Allocate M_len = 6400 elements.
Allocate M_len = 12800 elements.
Allocate G_len 320 elements and old = 160.
Allocate M_len = 25600 elements.
The final length of G is 175
[12, 7, 0, 0]  	187	5 
[12, 6, 1, 0]  	203	8 
[26, 0, 0, 0]  	208	8  <--- 1
[8, 5, 3, 0]  	216	6 
[8, 4, 5, 0]  	261	8 
[6, 4, 6, 0]  	274	7 
[7, 18, 0, 0]  	290	8 
[22, 5, 2, 0]  	299	13 
[14, 3, 6, 0]  	325	11 
[18, 3, 5, 0]  	328	11 
[12, 3, 7, 0]  	338	10 
[11, 17, 1, 0]  	338	10 
[14, 2, 7, 0]  	341	10 
[9, 3, 8, 0]  	343	8 
[18, 2, 6, 0]  	344	10 
[11, 2, 8, 0]  	346	9 
[22, 2, 5, 0]  	347	9 
[11, 16, 2, 0]  	354	9 
[7, 3, 9, 0]  	356	8 
[14, 1, 8, 0]  	357	9 
[10, 17, 2, 0]  	359	8 
[9, 2, 9, 0]  	359	8 
[18, 1, 7, 0]  	360	8 
[22, 1, 6, 0]  	363	8 
[6, 18, 3, 0]  	369	7 
[10, 0, 10, 0]  	370	8 
[7, 2, 10, 0]  	372	7 
[6, 16, 4, 0]  	372	7 
[14, 0, 9, 0]  	373	8 
[9, 1, 10, 0]  	375	7 
[7, 0, 11, 0]  	375	7 
[18, 0, 8, 0]  	376	8 
[6, 3, 10, 0]  	377	7 
[22, 0, 7, 0]  	379	8 
[6, 1, 11, 0]  	380	7 
[7, 14, 5, 0]  	383	7 
[5, 2, 11, 0]  	385	6 
[4, 16, 5, 0]  	385	6 
[6, 26, 0, 0]  	386	7 
[6, 15, 5, 0]  	388	6 
[5, 0, 12, 0]  	388	6 
[6, 24, 1, 0]  	389	7 
[5, 27, 0, 0]  	391	6 
[6, 22, 2, 0]  	392	7 
[4, 1, 12, 0]  	393	6 
[5, 25, 1, 0]  	394	6 
[5, 14, 6, 0]  	396	6 
[5, 23, 2, 0]  	397	6 
[5, 21, 3, 0]  	400	6 
[4, 15, 6, 0]  	401	5 
[3, 29, 0, 0]  	401	5 
[5, 10, 8, 0]  	402	6 
[4, 13, 7, 0]  	404	5 
[5, 8, 9, 0]  	405	6 
[3, 16, 6, 0]  	406	6 
[5, 6, 10, 0]  	408	6 
[4, 0, 13, 0]  	409	5 
[4, 9, 9, 0]  	410	5 
[4, 27, 1, 0]  	412	5 
[3, 1, 13, 0]  	414	5 
[4, 25, 2, 0]  	415	5 
[4, 5, 11, 0]  	416	6 
[3, 28, 1, 0]  	417	4 
[4, 23, 3, 0]  	418	5 
[4, 12, 8, 0]  	420	4 
[3, 26, 2, 0]  	420	4 
[4, 21, 4, 0]  	421	5 
[3, 15, 7, 0]  	422	5 
[3, 24, 3, 0]  	423	4 
[3, 13, 8, 0]  	425	4 
[3, 22, 4, 0]  	426	4 
[3, 11, 9, 0]  	428	4 
[3, 20, 5, 0]  	429	5 
[3, 0, 14, 0]  	430	4 
[3, 9, 10, 0]  	431	4 
[2, 12, 9, 0]  	433	3 
[2, 30, 1, 0]  	435	5 
[2, 10, 10, 0]  	436	3 
[3, 5, 12, 0]  	437	5 
[2, 26, 3, 0]  	441	3 
[2, 6, 12, 0]  	442	4 
[2, 33, 0, 0]  	445	5 
[2, 22, 5, 0]  	447	3 
[1, 25, 4, 0]  	449	2 
[2, 20, 6, 0]  	450	4 
[2, 9, 11, 0]  	452	3 
[1, 10, 11, 0]  	457	2 
[2, 5, 13, 0]  	458	4 
[1, 8, 12, 0]  	460	2 
[2, 1, 15, 0]  	464	4 
[1, 24, 5, 0]  	465	1 
[0, 9, 12, 0]  	465	1 
[2, 19, 7, 0]  	466	4 
[1, 22, 6, 0]  	468	3 
[0, 23, 6, 0]  	473	1 
[2, 4, 14, 0]  	474	4 
[1, 36, 0, 0]  	476	2 
[1, 7, 13, 0]  	476	2 
[1, 34, 1, 0]  	479	3 
[2, 0, 16, 0]  	480	3 
[0, 37, 0, 0]  	481	1  <--- 2
[0, 8, 13, 0]  	481	1 
[0, 35, 1, 0]  	484	2 
[1, 19, 8, 0]  	487	3 
[0, 22, 7, 0]  	489	1 
[1, 6, 14, 0]  	492	2 
[1, 15, 10, 0]  	493	3 
[0, 7, 14, 0]  	497	1 
[0, 34, 2, 0]  	500	2 
[1, 0, 17, 0]  	501	2 
[1, 18, 9, 0]  	503	3 
[0, 21, 8, 0]  	505	1 
[1, 5, 15, 0]  	508	2 
[0, 6, 15, 0]  	513	1 
[0, 20, 9, 0]  	521	1 
[1, 4, 16, 0]  	524	2 
[0, 5, 16, 0]  	529	1 
[0, 32, 4, 0]  	532	2 
[0, 19, 10, 0]  	537	1 
[0, 4, 17, 0]  	545	1 
[0, 0, 19, 0]  	551	1  <--- 3
[0, 18, 11, 0]  	553	1 
[0, 3, 18, 0]  	561	1 
[18, 4, 4, 1]  	312	12 
[22, 4, 3, 1]  	315	12 
[11, 3, 7, 1]  	330	9 
[22, 3, 4, 1]  	331	9 
[9, 17, 2, 1]  	351	9 
[11, 1, 9, 1]  	362	8 
[7, 17, 3, 1]  	364	8 
[8, 1, 10, 1]  	367	8 
[5, 17, 4, 1]  	377	7 
[5, 12, 7, 1]  	399	6 
[4, 11, 8, 1]  	407	5 
[4, 7, 10, 1]  	413	5 
[3, 7, 11, 1]  	434	4 
[2, 8, 11, 1]  	439	3 
[2, 15, 8, 1]  	443	4 
[2, 24, 4, 1]  	444	3 
[1, 23, 5, 1]  	452	2 
[1, 21, 6, 1]  	455	3 
[1, 35, 0, 1]  	463	3 
[1, 20, 7, 1]  	471	3 
[1, 29, 3, 1]  	472	3 
[1, 33, 2, 1]  	495	3 
[0, 29, 5, 1]  	522	2 
[2, 29, 2, 2]  	451	4 
[0, 36, 0, 2]  	468	2 
[0, 33, 3, 2]  	516	2 
[2, 0, 15, 48]  	451	3 
[0, 7, 13, 48]  	468	1 
[0, 4, 16, 48]  	516	1 
[16, 3, 5, 49]  	312	10 
[18, 2, 5, 49]  	315	9 
[14, 1, 7, 49]  	328	9 
[10, 17, 1, 49]  	330	7 
[18, 1, 6, 49]  	331	8 
[8, 2, 9, 49]  	351	4 
[16, 0, 8, 49]  	360	8 
[9, 0, 10, 49]  	362	5 
[6, 2, 10, 49]  	364	7 
[6, 0, 11, 49]  	367	6 
[7, 13, 5, 49]  	370	6 
[4, 2, 11, 49]  	377	6 
[5, 26, 0, 49]  	378	4 
[4, 26, 1, 49]  	399	5 
[3, 25, 2, 49]  	407	4 
[3, 21, 4, 49]  	413	4 
[3, 19, 5, 49]  	416	3 
[0, 6, 12, 49]  	426	1 
[1, 0, 15, 49]  	443	2 
[1, 9, 11, 49]  	444	2 
[0, 34, 1, 49]  	471	2 
[0, 0, 18, 49]  	522	1 
[0, 18, 10, 49]  	524	1 
------
The gap is between 3 and 47.
Lengths: 3 3 6 6 3 3.
For 490 = 5*d/2-d1-d2-d3 you get 3 in char 0.
1*x^1*y^17*z^9
1*y^31*z^3
1*y^2*z^16

For 274 = 3*d/2-d1-d2-d3 you get 6 in char 0.
1*x^5*y^18
1*x^4*y^3*z^7
1*x^3*y^17*z^1
1*x^2*y^2*z^8
1*x^1*y^16*z^2
1*y^1*z^9

For 58 = d/2-d1-d2-d3 you get 3 in char 0.
1*x^4*y^2
1*x^2*y^1*z^1
1*z^2

Extra powers of p used 0.
The invariant extra is equal to 4.
Start computing 5^3 Delta^1 (x1x2x3)^4... Done.
Start computing 5^4 Delta^2 (x1x2x3)^4... Done.
Start computing 5^5 Delta^3 (x1x2x3)^4... Done.
Start computing 5^6 Delta^4 (x1x2x3)^4... Done.
Start computing 5^7 Delta^5 (x1x2x3)^4... Done.
Start computing 5^8 Delta^6 (x1x2x3)^4... Done.
Start computing 5^9 Delta^7 (x1x2x3)^4... Done.
Start computing 5^10 Delta^8 (x1x2x3)^4... Done.
Start computing 5^11 Delta^9 (x1x2x3)^4... Done.
Start computing 5^12 Delta^10 (x1x2x3)^4... Done.
Start computing 5^13 Delta^11 (x1x2x3)^4... Done.
Start computing 5^14 Delta^12 (x1x2x3)^4... Done.
Start computing aa.
1 2 3 4 5 6 7 8 9 10 11 12 
*/
A = \
[124292424870460320768331959995704,132002308708318019600540985462383,59916367195592173897374442813756,76483812565985700219133959190660,20473577724380949230059234171490,67930516417954408379765521059875,47247107150253335344561687854225,120352350907604347265758539617775,30789343618237980436867918137570,96882035134622809504753150192700,104342653080300223192080776477275,87249787149749046144890657594525;\
53858979837163337414115024196115,177485479922977580921222067047,10322087507413930776991051727447,57382920444836818071794310468240,97238050705140593779124400308975,77256170437902129168251909492515,128369243371129867376783687687770,14898603432100731870221331521590,4389856775022704840174594504755,70993179428956802377373467030975,3676583301703895393837229974400,135754834712103991873904127382825;\
29894684854921790989406147716843,13867401206743258181462616522337,82824077775998721267362831217504,56612553153825223822140680962220,110224288481424466408158240752480,92144780528521387840686656143730,56928500223512546487374706286840,52272312071743099555004837547540,82953431477720249600761232315965,127875730198334366770129161578575,120891825795084060652816531407525,126589314410021527762531644384350;\
128172695692438644158919371522071,19841569330869741683786144300754,73888052310914764522145614686101,78296877603662575456878768469235,85743718367806418806082327814605,115427404978088127517277082071575,35343885462626283035443167287175,38148155987954880052423577755405,69913391689011161024929111527575,84074637775064072050220987955575,26233601235082616710626554705650,91154422209392410451369311403850;\
4150079090527261231665255100960,1904023820452215137344958625597,71365936351305777223042761258598,133739344323131926965082526162480,49423551555452134289609269019725,138516271350192261591116046987605,53114803823145661095247964397010,163640152037135678933352250475,90599651711455617036355672349940,97005134757995712301639986937375,11414321119482031913527995104775,51608036205360097247793654939675;\
32064946003311528042512208737335,102104102653869118117737041766960,254238282186509643667471953779,79308606241479694042361911780080,9598038190031319062064583010370,141843347067217964253942748555265,141854150798365791188327871680230,30563977297290318610566746308845,20049249664440343725471742198610,2449286563197396096737111912175,47335499980403589582094964302050,33520209960078881872703466860400;\
90122978936423426624362038724902,122170768048324892296154767001808,115412617510266363548619067890295,108870591845305176547089786507900,63165377658877433426877411291300,37389653295480761857725166080500,105149319040789544980369653717220,54420527013775373476142405413855,93636301102227378893717402277510,2273175043127096840347423572600,90827586279213127151660447292450,38435275449839579458977427990775;\
51037463238815683680492689058209,130025442360195251469781241900184,121112536974312400295458487772600,59391315811259431810224304837725,70673733239757466755333364852695,23785676516982610925473600543965,89191446338257155516348960066400,5254229064355851749361606483705,37071321301775943823184222745240,12312362711065273874482050225200,139624097005834056971015612007575,101833984072597691256965385894800;\
63196969788113176356689539630886,15914670831389753073468839684486,4086193268129291948943248121524,120999443018611690596635564712665,60874182544364381783677145818930,46749506383860715571977692275785,36808183645560346174870498048235,101476844315430470625390688791310,1537877119291072453351835104820,10887885786495018580625451085450,66569012734272407033388141622750,84048778569493065409474473843850;\
1815099950255473152078604855793,107515936890018783207893287191465,23654468784911076390973105061224,120720712236647968103764347686215,15757259822324754282141269964960,119874573254151540157294551534755,34627204659349558509634821134800,31753626019751930934643373932935,24278999570946466385884771350250,44055100261331322869275518982325,62418730909723918316021064973175,114939464485475885873052045147750;\
6941522771019011611087056073913,12310789263949061585159623111026,47919436342222788146869280132946,129437026785954127193411554219610,74737544548891136433338469763375,54830621953347019157327183586360,129722423333527413674454725724275,99122241453694823527463100060645,68259252357256733355559260884245,41124507318782341094460430700625,36986690699902126342609740220175,95421896176495871276413210530675;\
132034661798461485926148824022516,25801201231911128478894838415978,52977812284977025077740658884879,81667142511102228844396282873615,76647996566773294836725391386640,106945743691508036843900493193925,58262935725096069720160517679350,31437663027723668242737050269400,64140809760047711777695319473935,36678935118126963617729002853500,61673456378954720587844310232225,63739866031594125369573713354775]
/* 
This should be the matrix of frobenius!
*/ 
B = A; 
/* Freed 128 lists. */
