/* Comments begin... 
Coefficient of   x^27                     = -2
Coefficient of   x^14 * y^8               = -2
Coefficient of   x^12 * y^7 * z^1         = 1
Coefficient of   x^10 * y^6 * z^2         = 1
Coefficient of   x^8 * y^5 * z^3         = 1
Coefficient of   x^6 * y^4 * z^4         = -2
Coefficient of   x^4 * y^3 * z^5         = 0
Coefficient of   x^2 * y^2 * z^6         = 1
Coefficient of   x^1 * y^16               = -1
Coefficient of   y^1 * z^7               = 0

Here is the polynomial we're using this time:

-2*x^27 + -2*x^14*y^8 + 1*x^12*y^7*z^1 + 1*x^10*y^6*z^2 + 1*x^8*y^5*z^3 + -2*x^6*y^4*z^4 + 1*x^2*y^2*z^6 + -1*x^1*y^16

Allocate G_len 20 elements and old = 0.
Allocate M_len = 400 elements.
Allocate G_len 40 elements and old = 20.
Allocate M_len = 800 elements.
Allocate G_len 80 elements and old = 40.
Allocate M_len = 1600 elements.
Allocate M_len = 3200 elements.
Allocate G_len 160 elements and old = 80.
Allocate M_len = 6400 elements.
Allocate M_len = 12800 elements.
Allocate G_len 320 elements and old = 160.
Not smooth!
Coefficient of   x^27                     = 2
Coefficient of   x^14 * y^8               = -1
Coefficient of   x^12 * y^7 * z^1         = 2
Coefficient of   x^10 * y^6 * z^2         = -1
Coefficient of   x^8 * y^5 * z^3         = 2
Coefficient of   x^6 * y^4 * z^4         = 0
Coefficient of   x^4 * y^3 * z^5         = -1
Coefficient of   x^2 * y^2 * z^6         = -1
Coefficient of   x^1 * y^16               = 0
Coefficient of   y^1 * z^7               = -1

Here is the polynomial we're using this time:

2*x^27 + -1*x^14*y^8 + 2*x^12*y^7*z^1 + -1*x^10*y^6*z^2 + 2*x^8*y^5*z^3 + -1*x^4*y^3*z^5 + -1*x^2*y^2*z^6 + -1*y^1*z^7

Not smooth!
Coefficient of   x^27                     = 1
Coefficient of   x^14 * y^8               = 1
Coefficient of   x^12 * y^7 * z^1         = -1
Coefficient of   x^10 * y^6 * z^2         = -1
Coefficient of   x^8 * y^5 * z^3         = -1
Coefficient of   x^6 * y^4 * z^4         = -2
Coefficient of   x^4 * y^3 * z^5         = 0
Coefficient of   x^2 * y^2 * z^6         = 0
Coefficient of   x^1 * y^16               = -2
Coefficient of   y^1 * z^7               = -2

Here is the polynomial we're using this time:

1*x^27 + 1*x^14*y^8 + -1*x^12*y^7*z^1 + -1*x^10*y^6*z^2 + -1*x^8*y^5*z^3 + -2*x^6*y^4*z^4 + -2*x^1*y^16 + -2*y^1*z^7

The final length of G is 166
[12, 7, 0, 0]  	187	5 
[12, 6, 1, 0]  	203	7 
[26, 0, 0, 0]  	208	7  <--- 1
[10, 6, 2, 0]  	216	5 
[8, 5, 4, 0]  	245	7 
[8, 4, 5, 0]  	261	8 
[6, 4, 6, 0]  	274	7 
[7, 18, 0, 0]  	290	8 
[22, 5, 2, 0]  	299	11 
[20, 5, 3, 0]  	312	11 
[18, 4, 4, 0]  	312	11 
[22, 4, 3, 0]  	315	11 
[14, 3, 6, 0]  	325	10 
[18, 3, 5, 0]  	328	11 
[11, 3, 7, 0]  	330	8 
[22, 3, 4, 0]  	331	10 
[11, 17, 1, 0]  	338	9 
[14, 2, 7, 0]  	341	10 
[9, 3, 8, 0]  	343	8 
[18, 2, 6, 0]  	344	9 
[11, 2, 8, 0]  	346	8 
[20, 1, 6, 0]  	347	8 
[10, 1, 9, 0]  	354	9 
[7, 3, 9, 0]  	356	8 
[14, 1, 8, 0]  	357	9 
[9, 2, 9, 0]  	359	7 
[8, 16, 3, 0]  	359	7 
[18, 1, 7, 0]  	360	8 
[20, 0, 7, 0]  	363	8 
[7, 17, 3, 0]  	364	8 
[8, 1, 10, 0]  	367	8 
[6, 18, 3, 0]  	369	7 
[10, 0, 10, 0]  	370	8 
[7, 2, 10, 0]  	372	7 
[6, 16, 4, 0]  	372	7 
[14, 0, 9, 0]  	373	8 
[7, 0, 11, 0]  	375	7 
[6, 3, 10, 0]  	377	7 
[5, 17, 4, 0]  	377	7 
[6, 1, 11, 0]  	380	7 
[7, 14, 5, 0]  	383	7 
[5, 22, 2, 0]  	384	6 
[5, 2, 11, 0]  	385	6 
[4, 16, 5, 0]  	385	6 
[6, 26, 0, 0]  	386	7 
[6, 15, 5, 0]  	388	7 
[4, 1, 12, 0]  	393	6 
[5, 25, 1, 0]  	394	6 
[6, 0, 12, 0]  	396	6 
[5, 14, 6, 0]  	396	6 
[5, 12, 7, 0]  	399	6 
[5, 21, 3, 0]  	400	6 
[4, 15, 6, 0]  	401	5 
[3, 29, 0, 0]  	401	5 
[5, 10, 8, 0]  	402	6 
[5, 28, 0, 0]  	404	5 
[4, 13, 7, 0]  	404	5 
[5, 8, 9, 0]  	405	6 
[3, 16, 6, 0]  	406	6 
[4, 11, 8, 0]  	407	5 
[5, 6, 10, 0]  	408	6 
[4, 7, 10, 0]  	413	5 
[3, 1, 13, 0]  	414	5 
[4, 5, 11, 0]  	416	6 
[5, 0, 13, 0]  	417	5 
[4, 23, 3, 0]  	418	5 
[4, 21, 4, 0]  	421	5 
[3, 15, 7, 0]  	422	5 
[3, 24, 3, 0]  	423	4 
[3, 13, 8, 0]  	425	4 
[3, 22, 4, 0]  	426	4 
[3, 11, 9, 0]  	428	4 
[3, 20, 5, 0]  	429	5 
[3, 9, 10, 0]  	431	4 
[2, 12, 9, 0]  	433	3 
[3, 7, 11, 0]  	434	4 
[2, 30, 1, 0]  	435	5 
[2, 10, 10, 0]  	436	3 
[3, 5, 12, 0]  	437	5 
[2, 8, 11, 0]  	439	3 
[2, 26, 3, 0]  	441	3 
[2, 6, 12, 0]  	442	4 
[2, 15, 8, 0]  	443	4 
[2, 33, 0, 0]  	445	5 
[2, 22, 5, 0]  	447	3 
[1, 25, 4, 0]  	449	2 
[1, 21, 6, 0]  	455	3 
[1, 10, 11, 0]  	457	2 
[2, 5, 13, 0]  	458	4 
[1, 8, 12, 0]  	460	2 
[1, 24, 5, 0]  	465	1 
[0, 9, 12, 0]  	465	1 
[2, 19, 7, 0]  	466	4 
[0, 36, 0, 0]  	468	2  <--- 2
[1, 20, 7, 0]  	471	3 
[1, 29, 3, 0]  	472	3 
[0, 23, 6, 0]  	473	1 
[2, 4, 14, 0]  	474	4 
[1, 7, 13, 0]  	476	2 
[0, 8, 13, 0]  	481	1 
[0, 35, 1, 0]  	484	2 
[3, 0, 16, 0]  	488	2 
[0, 22, 7, 0]  	489	1 
[1, 6, 14, 0]  	492	2 
[2, 1, 16, 0]  	493	3 
[1, 15, 10, 0]  	493	3 
[1, 33, 2, 0]  	495	3 
[0, 7, 14, 0]  	497	1 
[0, 34, 2, 0]  	500	2 
[1, 0, 17, 0]  	501	2 
[1, 18, 9, 0]  	503	3 
[0, 21, 8, 0]  	505	1 
[1, 5, 15, 0]  	508	2 
[0, 6, 15, 0]  	513	1 
[0, 33, 3, 0]  	516	2 
[0, 20, 9, 0]  	521	1 
[0, 29, 5, 0]  	522	2 
[1, 4, 16, 0]  	524	2 
[0, 5, 16, 0]  	529	1 
[0, 19, 10, 0]  	537	1 
[0, 4, 17, 0]  	545	1 
[0, 0, 19, 0]  	551	1  <--- 3
[0, 18, 11, 0]  	553	1 
[0, 3, 18, 0]  	561	1 
[10, 5, 3, 1]  	232	8 
[6, 23, 1, 1]  	376	7 
[5, 0, 12, 1]  	388	6 
[5, 27, 0, 1]  	391	6 
[4, 27, 1, 1]  	412	5 
[4, 25, 2, 1]  	415	5 
[3, 28, 1, 1]  	417	4 
[3, 26, 2, 1]  	420	4 
[4, 10, 9, 1]  	423	4 
[3, 0, 14, 1]  	430	4 
[2, 24, 4, 1]  	444	3 
[2, 20, 6, 1]  	450	4 
[2, 29, 2, 1]  	451	4 
[1, 23, 5, 1]  	452	2 
[2, 1, 15, 1]  	464	4 
[1, 34, 1, 1]  	479	3 
[2, 0, 16, 1]  	480	3 
[1, 19, 8, 1]  	487	3 
[0, 32, 4, 1]  	532	2 
[9, 17, 2, 2]  	351	8 
[4, 0, 13, 2]  	409	5 
[4, 9, 9, 2]  	410	5 
[1, 35, 0, 2]  	463	3 
[3, 14, 7, 48]  	409	4 
[3, 23, 3, 48]  	410	4 
[1, 6, 13, 48]  	463	2 
[8, 4, 4, 49]  	232	7 
[8, 2, 9, 49]  	351	7 
[7, 16, 3, 49]  	351	6 
[5, 8, 8, 49]  	376	6 
[4, 14, 6, 49]  	388	5 
[4, 12, 7, 49]  	391	4 
[3, 12, 8, 49]  	412	4 
[1, 9, 10, 49]  	415	2 
[2, 13, 8, 49]  	417	3 
[2, 11, 9, 49]  	420	3 
[1, 12, 9, 49]  	425	2 
[1, 26, 3, 49]  	433	2 
[1, 5, 13, 49]  	450	2 
[0, 8, 12, 49]  	452	1 
[0, 33, 2, 49]  	487	2 
[0, 3, 17, 49]  	532	1 
------
The gap is between 3 and 47.
Lengths: 3 3 6 6 3 4.
For 490 = 5*d/2-d1-d2-d3 you get 3 in char 0.
1*x^1*y^17*z^9
1*y^31*z^3
1*y^2*z^16

For 274 = 3*d/2-d1-d2-d3 you get 6 in char 0.
1*x^5*y^18
1*x^4*y^3*z^7
1*x^3*y^17*z^1
1*x^2*y^2*z^8
1*x^1*y^16*z^2
1*y^1*z^9

For 58 = d/2-d1-d2-d3 you get 3 in char 0.
1*x^4*y^2
1*x^2*y^1*z^1
1*z^2

Extra powers of p used 1.
The invariant extra is equal to 4.
Start computing 5^3 Delta^1 (x1x2x3)^4... Done.
Start computing 5^4 Delta^2 (x1x2x3)^4... Done.
Start computing 5^5 Delta^3 (x1x2x3)^4... Done.
Start computing 5^6 Delta^4 (x1x2x3)^4... Done.
Start computing 5^7 Delta^5 (x1x2x3)^4... Done.
Start computing 5^8 Delta^6 (x1x2x3)^4... Done.
Start computing 5^9 Delta^7 (x1x2x3)^4... Done.
Start computing 5^10 Delta^8 (x1x2x3)^4... Done.
Start computing 5^11 Delta^9 (x1x2x3)^4... Done.
Start computing 5^12 Delta^10 (x1x2x3)^4... Done.
Start computing 5^13 Delta^11 (x1x2x3)^4... Done.
Start computing 5^14 Delta^12 (x1x2x3)^4... Done.
Start computing aa.
1 2 3 4 5 6 7 8 9 10 11 12 
*/
A = \
[698499751080342380864976758779785,441045141691535557668733232710095,27351676287253629206441379712151,598683170304354098142613189784240,566159024343387514081891061298035,629577278423466045332265484264365,81361468816354497824390968125365,173397561706978823015504324609280,79103497789275243184785319104135,649359381513672605670993770388225,702272010814035713613754243737225,36991846515005199988140915753200;\
78177529315134929294416868880520,8005368815424180897392828788360,516908939565999512634512984470651,204761455842144239839624417523540,125250448028516236661108729561260,21335052472204423952055723254915,659830227655082516762324894104940,192208689417234048115509519078355,299446146294049953841590005756360,330549595470013130741151612130725,250862812572179187746845063115850,296574779025855534573313039832950;\
77594323296022428820500568050665,103441257821883811888386303084810,266121170618880662997833326555165,585583998070409412676959209574000,595274328349246668316309929391525,296996397654218335844251991987150,99639241403680461908885895434750,361910802325786416057285221864225,469643658362408191861809583415550,85118175447591993424898474156750,487784844763922440162373788311000,104855887335383212556789576668000;\
259900488130788176727690048179470,11035917937606960322102819655320,673484909689280840489243808096228,137626206621177792072817409458420,352929054410412181754444251195405,535435983350832753379018913077820,381366008922518220547903081727145,332000171353457007786619970956515,679442393535706119467495763961205,340941034617612484711509652646550,534131134807312035426399427581300,628962815652246263435935637892100;\
17095508216056851878672710903330,556873511297074389719825155288720,597085883474690321025572806821585,133118381501569521834742873578450,31982652025205493908191164462725,121456309021943823879376017741575,33322160844330285245643169967850,130147427633417238444146062870150,498621330940968568807843783274750,55542438278844667416109368950625,349426661726816240433743166030875,660433303082392869223098157222625;\
131936571318705531348991794608385,187624786511600113847052964272250,527061494273921100556905873062907,480035422792720611625647213747280,312469868271786779411613579291320,464524336338217911370362307189355,382810002675979624299939953157130,96095773664020973133635474741560,327070822075643963791728622557445,383376932487494843434870983388075,705984363912803601692726347436075,696111900242982909996641445320400;\
315888608212444391144595375644655,64023596740159172942417611606935,99809927632520057743072305771583,360007856162881072072898296249670,540061779220617017394727683034855,207296278481357115791557675100420,632135060114871018709661813329720,189708976972424483788613227439890,142848882103665830892929618268280,425624655866878368719135024881925,599366214643393523255909760550550,251433934526217354599106754228975;\
112938092020589894968582319255415,292698442488532122993489888713305,102298608552040741407043376834349,637662871995947792404097413288335,705755304838126929099960697598015,571874598384719633596302868428360,329882320225723109436216545803310,186517262163312236796473786541595,620676142465547079808214689508640,433863555062108621831939486699400,385497123416276910420824342367150,164195111235914229887681207773425;\
514309489314935225824321207052225,626879305594023536040591908297780,77133442595801668400836642434126,110364639599206823835305901915415,520423340358576441506716676532735,670987600275883783976415397925590,90183773998884914581322208174690,96886630897296171646938090894205,596300503308110134430867343073935,556612980767030801795438891928975,321046240385952457372981665035725,409307389708105011840867296610200;\
593966793008286732015502522422465,258462485477326803917199352685885,414547519436839846094068427214070,372236670570582334913644560418575,176913891614205079453498323960700,167977154534884161288702501017575,579474043778716949717326609124650,650549130452861435417128673622275,646842385504519794481616060237275,242934461797542932381295555855875,246025190561463633870745773549125,117273880722425736907554326020125;\
105582916067895762911244872526225,594880975424687809518748241336095,197620861217031325150549613023394,6901218368040425171301336851735,213064936350822504755003983847915,165607855473612253915282825139135,359574319197058772234369521914860,399966256778863525585241474790070,173243280960348723046923032816440,122530346551198879688037589615275,580217330522024431965249597393150,925543210860528725357375441425;\
405124523205853389387054633330160,485467249875950141629902659615665,132680832334856345931738602962315,263484400106547068369348856967075,491548521620910342895721899231900,151339070244470870542111860445450,287575113970935997283181136366875,701274947096580547824950336594150,393616528418425374765147153218200,818967974274834263804063923125,470626226338865512817067164080000,530872758767697021627299983571875]
/* 
This matrix times 5^(-1) should be the matrix of frobenius.
*/ 
B = 5^(-1) * A; 
/* Freed 129 lists. */
