/* Comments begin... 
Coefficient of   x^27                     = 2
Coefficient of   x^14 * y^8               = 0
Coefficient of   x^12 * y^7 * z^1         = 2
Coefficient of   x^10 * y^6 * z^2         = -2
Coefficient of   x^8 * y^5 * z^3         = -1
Coefficient of   x^6 * y^4 * z^4         = 1
Coefficient of   x^4 * y^3 * z^5         = -2
Coefficient of   x^2 * y^2 * z^6         = 2
Coefficient of   x^1 * y^16               = 0
Coefficient of   y^1 * z^7               = 0

Here is the polynomial we're using this time:

2*x^27 + 2*x^12*y^7*z^1 + -2*x^10*y^6*z^2 + -1*x^8*y^5*z^3 + 1*x^6*y^4*z^4 + -2*x^4*y^3*z^5 + 2*x^2*y^2*z^6

Allocate G_len 20 elements and old = 0.
Allocate M_len = 400 elements.
Allocate G_len 40 elements and old = 20.
Allocate M_len = 800 elements.
Allocate G_len 80 elements and old = 40.
Allocate M_len = 1600 elements.
Not smooth!
Coefficient of   x^27                     = 2
Coefficient of   x^14 * y^8               = 1
Coefficient of   x^12 * y^7 * z^1         = 0
Coefficient of   x^10 * y^6 * z^2         = 1
Coefficient of   x^8 * y^5 * z^3         = 2
Coefficient of   x^6 * y^4 * z^4         = 1
Coefficient of   x^4 * y^3 * z^5         = 2
Coefficient of   x^2 * y^2 * z^6         = 1
Coefficient of   x^1 * y^16               = -1
Coefficient of   y^1 * z^7               = -2

Here is the polynomial we're using this time:

2*x^27 + 1*x^14*y^8 + 1*x^10*y^6*z^2 + 2*x^8*y^5*z^3 + 1*x^6*y^4*z^4 + 2*x^4*y^3*z^5 + 1*x^2*y^2*z^6 + -1*x^1*y^16 + -2*y^1*z^7

Allocate M_len = 3200 elements.
Allocate G_len 160 elements and old = 80.
Allocate M_len = 6400 elements.
Allocate M_len = 12800 elements.
Allocate G_len 320 elements and old = 160.
The final length of G is 167
[10, 6, 1, 0]  	187	6 
[14, 7, 0, 0]  	203	8 
[26, 0, 0, 0]  	208	8  <--- 1
[10, 5, 3, 0]  	232	7 
[8, 5, 4, 0]  	245	6 
[8, 4, 5, 0]  	261	7 
[6, 3, 7, 0]  	290	7 
[22, 5, 2, 0]  	299	13 
[18, 4, 4, 0]  	312	12 
[22, 4, 3, 0]  	315	11 
[7, 18, 1, 0]  	319	7 
[22, 3, 4, 0]  	331	11 
[13, 18, 0, 0]  	338	10 
[16, 3, 6, 0]  	341	10 
[14, 2, 7, 0]  	341	10 
[8, 17, 2, 0]  	343	8 
[18, 2, 6, 0]  	344	10 
[11, 2, 8, 0]  	346	9 
[22, 2, 5, 0]  	347	11 
[10, 1, 9, 0]  	354	9 
[6, 17, 3, 0]  	356	7 
[14, 1, 8, 0]  	357	9 
[9, 2, 9, 0]  	359	8 
[8, 16, 3, 0]  	359	8 
[18, 1, 7, 0]  	360	9 
[22, 1, 6, 0]  	363	10 
[8, 1, 10, 0]  	367	8 
[5, 3, 10, 0]  	369	6 
[10, 0, 10, 0]  	370	8 
[7, 2, 10, 0]  	372	7 
[6, 16, 4, 0]  	372	7 
[14, 0, 9, 0]  	373	9 
[7, 0, 11, 0]  	375	7 
[18, 0, 8, 0]  	376	9 
[22, 0, 7, 0]  	379	9 
[6, 1, 11, 0]  	380	7 
[7, 14, 5, 0]  	383	7 
[5, 2, 11, 0]  	385	6 
[4, 16, 5, 0]  	385	6 
[7, 12, 6, 0]  	386	8 
[6, 15, 5, 0]  	388	6 
[5, 0, 12, 0]  	388	6 
[6, 13, 6, 0]  	391	7 
[10, 24, 0, 0]  	392	8 
[4, 1, 12, 0]  	393	6 
[7, 26, 0, 0]  	394	6 
[5, 14, 6, 0]  	396	6 
[6, 27, 0, 0]  	399	6 
[5, 12, 7, 0]  	399	6 
[4, 15, 6, 0]  	401	5 
[3, 29, 0, 0]  	401	5 
[6, 25, 1, 0]  	402	6 
[5, 10, 8, 0]  	402	6 
[4, 13, 7, 0]  	404	5 
[6, 23, 2, 0]  	405	6 
[5, 8, 9, 0]  	405	6 
[3, 16, 6, 0]  	406	6 
[5, 26, 1, 0]  	407	5 
[4, 11, 8, 0]  	407	5 
[4, 0, 13, 0]  	409	5 
[5, 24, 2, 0]  	410	5 
[4, 9, 9, 0]  	410	5 
[4, 27, 1, 0]  	412	5 
[5, 22, 3, 0]  	413	5 
[4, 7, 10, 0]  	413	5 
[3, 1, 13, 0]  	414	5 
[4, 5, 11, 0]  	416	6 
[3, 28, 1, 0]  	417	4 
[4, 23, 3, 0]  	418	5 
[4, 21, 4, 0]  	421	5 
[3, 24, 3, 0]  	423	4 
[3, 13, 8, 0]  	425	4 
[3, 22, 4, 0]  	426	4 
[3, 11, 9, 0]  	428	4 
[3, 20, 5, 0]  	429	5 
[3, 0, 14, 0]  	430	4 
[3, 9, 10, 0]  	431	4 
[3, 27, 2, 0]  	433	3 
[2, 12, 9, 0]  	433	3 
[3, 7, 11, 0]  	434	4 
[3, 5, 12, 0]  	437	5 
[2, 8, 11, 0]  	439	3 
[2, 6, 12, 0]  	442	4 
[2, 15, 8, 0]  	443	4 
[2, 24, 4, 0]  	444	3 
[2, 33, 0, 0]  	445	5 
[2, 11, 10, 0]  	449	2 
[1, 25, 4, 0]  	449	2 
[2, 20, 6, 0]  	450	4 
[1, 23, 5, 0]  	452	2 
[1, 21, 6, 0]  	455	3 
[2, 5, 13, 0]  	458	4 
[1, 35, 0, 0]  	463	3 
[2, 30, 2, 0]  	464	4 
[2, 1, 15, 0]  	464	4 
[0, 9, 12, 0]  	465	1 
[2, 19, 7, 0]  	466	4 
[0, 36, 0, 0]  	468	2  <--- 2
[1, 20, 7, 0]  	471	3 
[0, 23, 6, 0]  	473	1 
[2, 4, 14, 0]  	474	4 
[1, 34, 1, 0]  	479	3 
[2, 0, 16, 0]  	480	3 
[0, 8, 13, 0]  	481	1 
[0, 35, 1, 0]  	484	2 
[1, 19, 8, 0]  	487	3 
[0, 22, 7, 0]  	489	1 
[1, 6, 14, 0]  	492	2 
[1, 33, 2, 0]  	495	3 
[0, 7, 14, 0]  	497	1 
[0, 34, 2, 0]  	500	2 
[1, 0, 17, 0]  	501	2 
[1, 18, 9, 0]  	503	3 
[0, 21, 8, 0]  	505	1 
[1, 5, 15, 0]  	508	2 
[0, 6, 15, 0]  	513	1 
[0, 33, 3, 0]  	516	2 
[0, 20, 9, 0]  	521	1 
[1, 15, 11, 0]  	522	2 
[0, 29, 5, 0]  	522	2 
[1, 4, 16, 0]  	524	2 
[0, 5, 16, 0]  	529	1 
[0, 32, 4, 0]  	532	2 
[0, 19, 10, 0]  	537	1 
[0, 4, 17, 0]  	545	1 
[0, 0, 19, 0]  	551	1  <--- 3
[0, 18, 11, 0]  	553	1 
[0, 3, 18, 0]  	561	1 
[6, 4, 6, 1]  	274	6 
[5, 18, 1, 1]  	303	6 
[14, 3, 6, 1]  	325	11 
[18, 3, 5, 1]  	328	11 
[5, 17, 4, 1]  	377	6 
[6, 26, 0, 1]  	386	7 
[5, 27, 0, 1]  	391	6 
[4, 25, 2, 1]  	415	5 
[3, 26, 2, 1]  	420	4 
[3, 15, 7, 1]  	422	5 
[2, 30, 1, 1]  	435	5 
[2, 10, 10, 1]  	436	3 
[2, 26, 3, 1]  	441	3 
[1, 10, 11, 1]  	457	2 
[1, 8, 12, 1]  	460	2 
[1, 29, 3, 1]  	472	3 
[1, 7, 13, 1]  	476	2 
[1, 15, 10, 1]  	493	3 
[8, 25, 0, 2]  	389	8 
[2, 22, 5, 2]  	447	3 
[2, 29, 2, 2]  	451	4 
[5, 9, 8, 47]  	389	6 
[4, 8, 9, 47]  	397	5 
[2, 0, 15, 48]  	451	3 
[4, 3, 7, 49]  	274	4 
[13, 17, 0, 49]  	325	10 
[16, 2, 6, 49]  	328	9 
[13, 2, 7, 49]  	333	8 
[16, 1, 7, 49]  	344	7 
[4, 2, 11, 49]  	377	4 
[3, 27, 1, 49]  	404	4 
[3, 10, 9, 49]  	415	4 
[3, 19, 5, 49]  	416	3 
[2, 11, 9, 49]  	420	3 
[2, 0, 14, 49]  	422	3 
[0, 24, 4, 49]  	428	1 
[1, 7, 12, 49]  	447	2 
[0, 21, 6, 49]  	447	1 
[1, 0, 16, 49]  	472	2 
------
The gap is between 3 and 46.
Lengths: 3 3 6 7 3 3.
For 490 = 5*d/2-d1-d2-d3 you get 3 in char 0.
1*x^1*y^17*z^9
1*y^31*z^3
1*y^2*z^16

For 274 = 3*d/2-d1-d2-d3 you get 6 in char 0.
1*x^5*y^18
1*x^4*y^3*z^7
1*x^3*y^17*z^1
1*x^2*y^2*z^8
1*x^1*y^16*z^2
1*y^1*z^9

For 58 = d/2-d1-d2-d3 you get 3 in char 0.
1*x^4*y^2
1*x^2*y^1*z^1
1*z^2

Extra powers of p used 1.
The invariant extra is equal to 4.
Start computing 5^3 Delta^1 (x1x2x3)^4... Done.
Start computing 5^4 Delta^2 (x1x2x3)^4... Done.
Start computing 5^5 Delta^3 (x1x2x3)^4... Done.
Start computing 5^6 Delta^4 (x1x2x3)^4... Done.
Start computing 5^7 Delta^5 (x1x2x3)^4... Done.
Start computing 5^8 Delta^6 (x1x2x3)^4... Done.
Start computing 5^9 Delta^7 (x1x2x3)^4... Done.
Start computing 5^10 Delta^8 (x1x2x3)^4... Done.
Start computing 5^11 Delta^9 (x1x2x3)^4... Done.
Start computing 5^12 Delta^10 (x1x2x3)^4... Done.
Start computing 5^13 Delta^11 (x1x2x3)^4... Done.
Start computing 5^14 Delta^12 (x1x2x3)^4... Done.
Start computing aa.
1 2 3 4 5 6 7 8 9 10 11 12 
*/
A = \
[600118579404419561291920913502145,310007405051499360555142200387580,621566846570514050999388797088080,163719309420523837936471213517100,678702692442568168583299700723725,415808028038887062755401513528650,535561024327963138623295439915875,257060296240270937313203116729775,150113669471008751986539757607775,333479205931632850831823704375375,1586544758146290771537946767375,6476683024879521028182511946375;\
476548623569018079274292502927200,294032954617264905486709798919865,318507302081782059064682235278590,344632006925231102419039788332400,199932939565476613704008636012400,598367042807883667928676835112900,525148668687100802901157668058500,685643494196727299507828012030450,478934468914859494704703183224050,569130006684475657323639785812875,447857706905732230495036751497000,657575354077153762297419292782000;\
254499021049234745935882232308785,644567975790185479116147490280180,345940275849132677750498581819725,605241456482621934117724300264925,57819223533714600686106000142750,441825896364864872290811788396900,43241916631623367991659387475875,249820416118478104184478592503350,192238128398965538237261082624100,120699699373699658705349621302750,496661168098736694251136303926750,653060773538023109957999225672500;\
642917321385263767616334442766440,674605905274048027560630482137595,102292323437295310282208736591930,485245286588433740140689795079525,694068008300684209448303994507725,277400046530378043883100228946650,598915579935410511269455761640200,651372344729826095792954949450825,247189621598883161894558802472850,455608249469714316697303605126625,324212165154647574163264467121000,230230884602965429766845005542625;\
47393938853949386039085576059869,364298951215397099864324891909297,182000569415518091554334200768279,515142496153156541839574385643500,120608740008814738645248771414285,353611269698029478307873736520545,40917879664342335459875413091960,466244487300385906680031617487930,691787774424749639051727265865670,673067424791938437313944256541000,92765896274717660839169389268625,410008062829402031146924498600825;\
434708124242467168908434531916592,150299408952670970595432111874776,417911075130940012131672719391767,298027408221229647048123457849950,573433240412418015062618053259180,561860715324939639470053974196360,265974524692744023326891266980655,288313850826612201446518271334990,308319288434942344646154052442035,243157064682295641894028613100875,285974646083972783204390261622250,585380290198893802332022933171725;\
216511562280879720205559741695448,135479106063654648891407400144479,31028600681348962167869567120813,16309025286356746254779480392125,526222086857955905893734991384870,172263678396962097245021702923340,21605120180535436997372216987920,261010061176663713798768529498585,565604647700094702406814581699615,513694084920016332305672628623375,83528097563615624163028243772500,408422791615666202781648549804150;\
128265512283753130025656335979635,684934911699530509783496841284530,569595493872011875494982275519830,402778818230024367663419109024975,3954197688610245671460142051875,118483614352457948552603107380925,652447872677387584606979644695775,403380114457396175701417871992775,458747435278501492020205508202350,337898286232742939980316921510250,350967462209974357585994639765500,442585359115393203034876803104875;\
173779152439305834171883925057937,139153516774983996086960549890321,197104382224897641708625019877697,107764445793540727140759112027075,235436753802074426726717064645955,442716360382177298033297275419535,324060884247637272409020306000680,96883712865372151164179131413515,507776930196530089905407728032835,93661178533051344395152863957125,392994187705147656715882072621375,597547803166911574985179031886475;\
134892884046319456753555238829798,583451790648018200498420626505469,610063964175487473730101742153353,40420091781272015338493544540675,330564516730071726695239241736620,555706962841569362810835983260915,39285190916817326854506154225545,543830047205028302414076036615235,297401271699721028656055837480040,629769931729344255176468533116625,114855227571363151696022396047875,479803860720301757082725863015900;\
344446877259331872646252573931050,370206797002642184721296518841225,575609775829515836139542216485705,560996473134467664411656256605800,143741505442978630193694027628175,606864603189021976749567684803975,559272108791652001450944984514325,51470793759227583115453063894325,204841384329033346285916320044375,241039528260688286148394818134125,444695325442586737815555212363625,359391948116928869631295040734375;\
17412909925611654354509541035203,437495883428664763909726059567984,11338217567787808431090785917123,56955051186500777662092083763950,682399427036137059171841570559345,421255853660427804964904314286615,221359368836864096337311733257595,21769312336178424502067737272060,317496520503925293972432800173315,5349348966696135673924772887500,200368880394365416760387857933750,112804778188857910125353379918025]
/* 
This matrix times 5^(-1) should be the matrix of frobenius.
*/ 
B = 5^(-1) * A; 
/* Freed 129 lists. */
