/* Comments begin... 
Coefficient of   x^27                     = -2
Coefficient of   x^14 * y^8               = 1
Coefficient of   x^12 * y^7 * z^1         = -2
Coefficient of   x^10 * y^6 * z^2         = -1
Coefficient of   x^8 * y^5 * z^3         = -1
Coefficient of   x^6 * y^4 * z^4         = -2
Coefficient of   x^4 * y^3 * z^5         = 1
Coefficient of   x^2 * y^2 * z^6         = -2
Coefficient of   x^1 * y^16               = 2
Coefficient of   y^1 * z^7               = 1

Here is the polynomial we're using this time:

-2*x^27 + 1*x^14*y^8 + -2*x^12*y^7*z^1 + -1*x^10*y^6*z^2 + -1*x^8*y^5*z^3 + -2*x^6*y^4*z^4 + 1*x^4*y^3*z^5 + -2*x^2*y^2*z^6 + 2*x^1*y^16 + 1*y^1*z^7

Allocate G_len 20 elements and old = 0.
Allocate M_len = 400 elements.
Allocate G_len 40 elements and old = 20.
Allocate M_len = 800 elements.
Allocate G_len 80 elements and old = 40.
Allocate M_len = 1600 elements.
Allocate M_len = 3200 elements.
Allocate G_len 160 elements and old = 80.
Allocate M_len = 6400 elements.
Allocate M_len = 12800 elements.
Allocate G_len 320 elements and old = 160.
Allocate M_len = 25600 elements.
The final length of G is 178
[12, 7, 0, 0]  	187	7 
[12, 6, 1, 0]  	203	8 
[26, 0, 0, 0]  	208	8  <--- 1
[10, 6, 2, 0]  	216	7 
[8, 5, 4, 0]  	245	7 
[8, 4, 5, 0]  	261	8 
[6, 4, 6, 0]  	274	7 
[7, 18, 0, 0]  	290	8 
[20, 5, 3, 0]  	312	12 
[18, 4, 4, 0]  	312	12 
[24, 5, 2, 0]  	315	12 
[22, 4, 3, 0]  	315	12 
[14, 3, 6, 0]  	325	11 
[18, 3, 5, 0]  	328	11 
[11, 3, 7, 0]  	330	10 
[22, 3, 4, 0]  	331	11 
[14, 2, 7, 0]  	341	10 
[9, 3, 8, 0]  	343	9 
[18, 2, 6, 0]  	344	10 
[11, 2, 8, 0]  	346	9 
[22, 2, 5, 0]  	347	10 
[9, 17, 2, 0]  	351	9 
[10, 1, 9, 0]  	354	9 
[7, 3, 9, 0]  	356	8 
[14, 1, 8, 0]  	357	9 
[9, 2, 9, 0]  	359	9 
[18, 1, 7, 0]  	360	9 
[22, 1, 6, 0]  	363	9 
[9, 16, 3, 0]  	367	8 
[8, 1, 10, 0]  	367	8 
[6, 18, 3, 0]  	369	7 
[8, 17, 3, 0]  	372	7 
[7, 2, 10, 0]  	372	7 
[6, 16, 4, 0]  	372	7 
[14, 0, 9, 0]  	373	8 
[7, 0, 11, 0]  	375	7 
[6, 3, 10, 0]  	377	7 
[5, 17, 4, 0]  	377	7 
[22, 0, 7, 0]  	379	8 
[7, 14, 5, 0]  	383	7 
[5, 2, 11, 0]  	385	6 
[4, 16, 5, 0]  	385	6 
[12, 0, 10, 0]  	386	7 
[6, 26, 0, 0]  	386	7 
[6, 15, 5, 0]  	388	7 
[6, 24, 1, 0]  	389	7 
[5, 27, 0, 0]  	391	6 
[20, 0, 8, 0]  	392	7 
[6, 22, 2, 0]  	392	7 
[4, 1, 12, 0]  	393	6 
[5, 25, 1, 0]  	394	6 
[6, 0, 12, 0]  	396	6 
[5, 14, 6, 0]  	396	6 
[5, 23, 2, 0]  	397	6 
[5, 21, 3, 0]  	400	6 
[4, 15, 6, 0]  	401	5 
[3, 29, 0, 0]  	401	5 
[5, 10, 8, 0]  	402	6 
[4, 13, 7, 0]  	404	5 
[3, 16, 6, 0]  	406	6 
[4, 11, 8, 0]  	407	5 
[4, 9, 9, 0]  	410	5 
[4, 27, 1, 0]  	412	5 
[4, 7, 10, 0]  	413	5 
[3, 1, 13, 0]  	414	5 
[5, 0, 13, 0]  	417	4 
[3, 28, 1, 0]  	417	4 
[4, 23, 3, 0]  	418	5 
[3, 26, 2, 0]  	420	4 
[4, 21, 4, 0]  	421	5 
[3, 15, 7, 0]  	422	5 
[3, 24, 3, 0]  	423	4 
[3, 13, 8, 0]  	425	4 
[3, 11, 9, 0]  	428	4 
[4, 6, 11, 0]  	429	5 
[3, 20, 5, 0]  	429	5 
[3, 0, 14, 0]  	430	4 
[3, 9, 10, 0]  	431	4 
[2, 12, 9, 0]  	433	3 
[3, 7, 11, 0]  	434	4 
[2, 30, 1, 0]  	435	5 
[3, 23, 4, 0]  	439	3 
[2, 8, 11, 0]  	439	3 
[2, 26, 3, 0]  	441	3 
[2, 6, 12, 0]  	442	4 
[2, 24, 4, 0]  	444	3 
[2, 33, 0, 0]  	445	5 
[2, 22, 5, 0]  	447	3 
[2, 11, 10, 0]  	449	2 
[1, 25, 4, 0]  	449	2 
[2, 20, 6, 0]  	450	4 
[1, 23, 5, 0]  	452	2 
[1, 21, 6, 0]  	455	3 
[1, 10, 11, 0]  	457	2 
[2, 5, 13, 0]  	458	4 
[1, 8, 12, 0]  	460	2 
[1, 35, 0, 0]  	463	3 
[2, 1, 15, 0]  	464	4 
[0, 9, 12, 0]  	465	1 
[2, 19, 7, 0]  	466	4 
[1, 20, 7, 0]  	471	3 
[0, 23, 6, 0]  	473	1 
[2, 4, 14, 0]  	474	4 
[1, 7, 13, 0]  	476	2 
[1, 34, 1, 0]  	479	3 
[2, 0, 16, 0]  	480	3 
[0, 37, 0, 0]  	481	1  <--- 2
[0, 8, 13, 0]  	481	1 
[0, 35, 1, 0]  	484	2 
[1, 19, 8, 0]  	487	3 
[0, 22, 7, 0]  	489	1 
[1, 6, 14, 0]  	492	2 
[1, 15, 10, 0]  	493	3 
[0, 7, 14, 0]  	497	1 
[0, 34, 2, 0]  	500	2 
[1, 0, 17, 0]  	501	2 
[1, 18, 9, 0]  	503	3 
[0, 21, 8, 0]  	505	1 
[1, 5, 15, 0]  	508	2 
[0, 6, 15, 0]  	513	1 
[0, 33, 3, 0]  	516	2 
[0, 20, 9, 0]  	521	1 
[1, 4, 16, 0]  	524	2 
[0, 5, 16, 0]  	529	1 
[0, 32, 4, 0]  	532	2 
[0, 19, 10, 0]  	537	1 
[0, 4, 17, 0]  	545	1 
[0, 0, 19, 0]  	551	1  <--- 3
[0, 18, 11, 0]  	553	1 
[0, 3, 18, 0]  	561	1 
[10, 5, 3, 1]  	232	8 
[22, 5, 2, 1]  	299	13 
[11, 17, 1, 1]  	338	10 
[8, 16, 3, 1]  	359	8 
[10, 0, 10, 1]  	370	8 
[18, 0, 8, 1]  	376	8 
[6, 1, 11, 1]  	380	7 
[5, 0, 12, 1]  	388	6 
[5, 12, 7, 1]  	399	6 
[5, 8, 9, 1]  	405	6 
[5, 6, 10, 1]  	408	6 
[4, 0, 13, 1]  	409	5 
[4, 25, 2, 1]  	415	5 
[4, 5, 11, 1]  	416	6 
[3, 22, 4, 1]  	426	4 
[2, 10, 10, 1]  	436	3 
[2, 15, 8, 1]  	443	4 
[2, 29, 2, 1]  	451	4 
[0, 36, 0, 1]  	468	2 
[1, 29, 3, 1]  	472	3 
[0, 29, 5, 1]  	522	2 
[7, 17, 3, 2]  	364	8 
[3, 5, 12, 2]  	437	5 
[1, 33, 2, 2]  	495	3 
[6, 2, 10, 48]  	364	7 
[2, 19, 6, 48]  	437	4 
[1, 4, 15, 48]  	495	2 
[8, 4, 4, 49]  	232	7 
[20, 4, 3, 49]  	299	11 
[10, 2, 8, 49]  	338	8 
[7, 1, 10, 49]  	359	5 
[7, 13, 5, 49]  	370	7 
[6, 23, 1, 49]  	376	7 
[5, 26, 0, 49]  	378	5 
[5, 15, 5, 49]  	380	6 
[5, 22, 2, 49]  	384	6 
[4, 14, 6, 49]  	388	5 
[4, 26, 1, 49]  	399	4 
[4, 22, 3, 49]  	405	5 
[4, 20, 4, 49]  	408	5 
[3, 14, 7, 49]  	409	3 
[3, 10, 9, 49]  	415	4 
[3, 19, 5, 49]  	416	4 
[2, 7, 11, 49]  	426	3 
[1, 24, 4, 49]  	436	1 
[1, 0, 15, 49]  	443	2 
[0, 7, 13, 49]  	468	1 
[0, 0, 18, 49]  	522	1 
------
The gap is between 3 and 47.
Lengths: 3 3 6 6 3 3.
For 490 = 5*d/2-d1-d2-d3 you get 3 in char 0.
1*x^1*y^17*z^9
1*y^31*z^3
1*y^2*z^16

For 274 = 3*d/2-d1-d2-d3 you get 6 in char 0.
1*x^5*y^18
1*x^4*y^3*z^7
1*x^3*y^17*z^1
1*x^2*y^2*z^8
1*x^1*y^16*z^2
1*y^1*z^9

For 58 = d/2-d1-d2-d3 you get 3 in char 0.
1*x^4*y^2
1*x^2*y^1*z^1
1*z^2

Extra powers of p used 0.
The invariant extra is equal to 4.
Start computing 5^3 Delta^1 (x1x2x3)^4... Done.
Start computing 5^4 Delta^2 (x1x2x3)^4... Done.
Start computing 5^5 Delta^3 (x1x2x3)^4... Done.
Start computing 5^6 Delta^4 (x1x2x3)^4... Done.
Start computing 5^7 Delta^5 (x1x2x3)^4... Done.
Start computing 5^8 Delta^6 (x1x2x3)^4... Done.
Start computing 5^9 Delta^7 (x1x2x3)^4... Done.
Start computing 5^10 Delta^8 (x1x2x3)^4... Done.
Start computing 5^11 Delta^9 (x1x2x3)^4... Done.
Start computing 5^12 Delta^10 (x1x2x3)^4... Done.
Start computing 5^13 Delta^11 (x1x2x3)^4... Done.
Start computing 5^14 Delta^12 (x1x2x3)^4... Done.
Start computing aa.
1 2 3 4 5 6 7 8 9 10 11 12 
*/
A = \
[32169336029201003841368695749598,60740225898187467820828166200961,66090102804819177476256890923374,96397106588321950839059356033400,14759000652859190905128782257070,127558745643658735479700583250755,42498877960626141549624624006185,4258587587783692764748367441600,131735581574780181579992687937725,127510520170690083453102584943050,67937036240222106368196610567275,82782840599031466441104223757050;\
5426702636150864372534735989608,66683733262975375291817181314512,113102675535824692743272506150385,10011496355962902018494451471480,25384670495210957213531644017755,2020402441252487180180371258990,53042086620572451718165079864645,102392917349028673754298450406940,90141415533909752800531368746870,23790562410061017368119729361500,91760627822252978863762540052375,75711097433523507350392317869125;\
124511177094694991506728902362532,85712689576535162544805796229927,75773179562693308423989816397759,857343059598579390086380850775,116339079520776588490012827369575,59062060831112707233053759804875,95938108803622778881763760969755,81809589531707714366719835260750,48280407889356115414160931763265,30477262610210951708735924823075,26933830986796956531560221666625,123739639722973371933209411057625;\
68825353362673294667562937024573,135695371479195932711004740848429,7640908903876210742958861633121,3418605879425220232414137762740,92948101297032726402932538364010,136053085815505078286661971250890,18475547128660792182452787989075,12460291617209734384586467657505,19509878725429241290521489882805,44713626286724600487852836973600,121006183850325209953421283385075,25258705080976995595906161974500;\
68923832798451633666932300482755,102804394770097732753360682195216,131278575453475225438847945610108,87351263197548512931474399009795,11885116772164731877964872896950,108952790144982544978719850993660,121669110236643984022755733204760,129794881044606547997486535554280,53307589907616444207039075869720,138953589388211227552236474696475,90880374064757716186606984911325,29353200190246800428974398423325;\
37583922133297820341412872149580,112643595113593195929303577761771,88162930017463573638185480175803,11334897099910078663219054659355,23404487435786028743298525638550,61215978421471255350417763516970,10059115760468704363188679190715,67783335776225776484951285900055,81285166709442480184919033941095,60668429668004014575462776912625,126160871314929956703823015130975,12440210863387964706769042043200;\
125877533806126136795655428213100,33132411394913401025263854573206,138217756763050307977628003172130,61269981132726590182562155065475,90939589730928591637065911816185,77783131277508985775099354571815,34469868111527680035421352821785,73279443996538848424663169466565,124060840109318499910414702807540,12613138238103285044776327866825,24284506639312019748796328688225,49405513488094731637586204702500;\
65644460857246632866790805474314,18081952106160793921236522358617,111947466929558776577636548004084,108248331458460649415422740046275,46951960732227493204805894036230,102788258450871548408496325082990,30225696048689752256786871710580,1885852831020871110580904400280,36567258767307234663340663338415,90076907347931872495034261814500,56042756472555447410894296584150,37403194223511734746449817272425;\
50201426285864474150512375676800,60351129665178510187879474242477,139226245467220968451033737321895,35806428037076181197480488473825,5578232458100565035554599367445,92186733247711880932358152773755,93411793268827865332422607885420,22424656908730711325518005723730,128576060586582230742196823276855,39169962882422522155514489145225,15829904688018645302606758433025,87804562310426105980446318369325;\
28160755228046557289381811181580,135322357525345219940596048334933,62778549300875226719553866297284,83089613527450606353157564626135,126065918000803489213929978497950,48152814762406444936634731133430,122385670977412062721279541984105,82453922630037711450230791880440,3597556225732748057579962647460,84396899870641806277367284332125,91233004118512512694030859849200,132571212729320674995694334522875;\
15262529924286073230894597456556,36362435423270921839364371677154,139413826189836563150182013519422,92800478542426468448490241242445,64873846166963435346624769718290,72448445945914443910518891534195,27756577230256494554807629992115,22876658983508295296168826900760,118431351369603784569945512166765,34809253828372006825663497082025,81716832346846321775028839539775,33241502661244756417859575952350;\
8076518521845468003091280648199,23307729359648189108438904277772,118759549627627226862270875034746,1192428469846845184636202623575,88376633047385794817231368153360,128607291323214654267029001453815,93834467857583322135959170702995,62555072238425694042330650702345,120155521714874348127917885748255,36436545376436659541209556852050,21103923321731984914654241979500,26766313542734035016242630725025]
/* 
This should be the matrix of frobenius!
*/ 
B = A; 
/* Freed 131 lists. */
