/* Comments begin... 
Coefficient of   x^27                     = -1
Coefficient of   x^14 * y^8               = 1
Coefficient of   x^12 * y^7 * z^1         = 1
Coefficient of   x^10 * y^6 * z^2         = 0
Coefficient of   x^8 * y^5 * z^3         = -2
Coefficient of   x^6 * y^4 * z^4         = 1
Coefficient of   x^4 * y^3 * z^5         = 1
Coefficient of   x^2 * y^2 * z^6         = -2
Coefficient of   x^1 * y^16               = 0
Coefficient of   y^1 * z^7               = 2

Here is the polynomial we're using this time:

-1*x^27 + 1*x^14*y^8 + 1*x^12*y^7*z^1 + -2*x^8*y^5*z^3 + 1*x^6*y^4*z^4 + 1*x^4*y^3*z^5 + -2*x^2*y^2*z^6 + 2*y^1*z^7

Allocate G_len 20 elements and old = 0.
Allocate M_len = 400 elements.
Allocate G_len 40 elements and old = 20.
Allocate M_len = 800 elements.
Allocate G_len 80 elements and old = 40.
Allocate M_len = 1600 elements.
Allocate M_len = 3200 elements.
Not smooth!
Coefficient of   x^27                     = 0
Coefficient of   x^14 * y^8               = 1
Coefficient of   x^12 * y^7 * z^1         = -2
Coefficient of   x^10 * y^6 * z^2         = 0
Coefficient of   x^8 * y^5 * z^3         = -2
Coefficient of   x^6 * y^4 * z^4         = 1
Coefficient of   x^4 * y^3 * z^5         = 2
Coefficient of   x^2 * y^2 * z^6         = -2
Coefficient of   x^1 * y^16               = 0
Coefficient of   y^1 * z^7               = 1

Here is the polynomial we're using this time:

1*x^14*y^8 + -2*x^12*y^7*z^1 + -2*x^8*y^5*z^3 + 1*x^6*y^4*z^4 + 2*x^4*y^3*z^5 + -2*x^2*y^2*z^6 + 1*y^1*z^7

Not smooth!
Coefficient of   x^27                     = 2
Coefficient of   x^14 * y^8               = 0
Coefficient of   x^12 * y^7 * z^1         = -2
Coefficient of   x^10 * y^6 * z^2         = -1
Coefficient of   x^8 * y^5 * z^3         = -2
Coefficient of   x^6 * y^4 * z^4         = -1
Coefficient of   x^4 * y^3 * z^5         = -2
Coefficient of   x^2 * y^2 * z^6         = 1
Coefficient of   x^1 * y^16               = 2
Coefficient of   y^1 * z^7               = -2

Here is the polynomial we're using this time:

2*x^27 + -2*x^12*y^7*z^1 + -1*x^10*y^6*z^2 + -2*x^8*y^5*z^3 + -1*x^6*y^4*z^4 + -2*x^4*y^3*z^5 + 1*x^2*y^2*z^6 + 2*x^1*y^16 + -2*y^1*z^7

Allocate G_len 160 elements and old = 80.
Allocate M_len = 6400 elements.
Allocate M_len = 12800 elements.
Allocate G_len 320 elements and old = 160.
Allocate M_len = 25600 elements.
The final length of G is 189
[12, 7, 0, 0]  	187	7 
[12, 6, 1, 0]  	203	8 
[26, 0, 0, 0]  	208	8  <--- 1
[10, 6, 2, 0]  	216	7 
[8, 5, 4, 0]  	245	7 
[8, 4, 5, 0]  	261	8 
[6, 4, 6, 0]  	274	7 
[7, 18, 0, 0]  	290	8 
[22, 5, 2, 0]  	299	13 
[20, 5, 3, 0]  	312	12 
[18, 4, 4, 0]  	312	12 
[22, 4, 3, 0]  	315	12 
[14, 3, 6, 0]  	325	11 
[18, 3, 5, 0]  	328	11 
[11, 3, 7, 0]  	330	10 
[22, 3, 4, 0]  	331	11 
[11, 17, 1, 0]  	338	10 
[14, 2, 7, 0]  	341	10 
[9, 3, 8, 0]  	343	9 
[11, 2, 8, 0]  	346	9 
[22, 2, 5, 0]  	347	10 
[9, 17, 2, 0]  	351	9 
[7, 3, 9, 0]  	356	8 
[9, 2, 9, 0]  	359	8 
[8, 16, 3, 0]  	359	8 
[20, 2, 6, 0]  	360	9 
[18, 1, 7, 0]  	360	9 
[22, 1, 6, 0]  	363	9 
[7, 17, 3, 0]  	364	8 
[8, 1, 10, 0]  	367	8 
[6, 18, 3, 0]  	369	7 
[12, 1, 9, 0]  	370	8 
[10, 0, 10, 0]  	370	8 
[7, 2, 10, 0]  	372	7 
[6, 16, 4, 0]  	372	7 
[16, 1, 8, 0]  	373	8 
[14, 0, 9, 0]  	373	8 
[7, 0, 11, 0]  	375	7 
[6, 3, 10, 0]  	377	8 
[22, 0, 7, 0]  	379	8 
[6, 1, 11, 0]  	380	7 
[7, 14, 5, 0]  	383	7 
[5, 2, 11, 0]  	385	6 
[4, 16, 5, 0]  	385	6 
[6, 26, 0, 0]  	386	7 
[6, 15, 5, 0]  	388	6 
[5, 0, 12, 0]  	388	6 
[6, 24, 1, 0]  	389	7 
[20, 0, 8, 0]  	392	7 
[6, 22, 2, 0]  	392	7 
[5, 25, 1, 0]  	394	6 
[5, 14, 6, 0]  	396	6 
[5, 23, 2, 0]  	397	6 
[5, 12, 7, 0]  	399	6 
[4, 15, 6, 0]  	401	5 
[3, 29, 0, 0]  	401	5 
[5, 10, 8, 0]  	402	6 
[5, 28, 0, 0]  	404	5 
[4, 13, 7, 0]  	404	5 
[5, 8, 9, 0]  	405	6 
[4, 2, 12, 0]  	406	6 
[3, 16, 6, 0]  	406	6 
[4, 9, 9, 0]  	410	5 
[4, 27, 1, 0]  	412	5 
[5, 22, 3, 0]  	413	6 
[4, 25, 2, 0]  	415	5 
[4, 5, 11, 0]  	416	6 
[3, 28, 1, 0]  	417	4 
[4, 23, 3, 0]  	418	5 
[4, 12, 8, 0]  	420	4 
[3, 26, 2, 0]  	420	4 
[5, 7, 10, 0]  	421	6 
[3, 15, 7, 0]  	422	5 
[3, 13, 8, 0]  	425	4 
[4, 8, 10, 0]  	426	5 
[3, 20, 5, 0]  	429	5 
[3, 0, 14, 0]  	430	4 
[3, 9, 10, 0]  	431	4 
[2, 12, 9, 0]  	433	3 
[4, 22, 4, 0]  	434	4 
[3, 7, 11, 0]  	434	4 
[2, 30, 1, 0]  	435	5 
[3, 25, 3, 0]  	436	3 
[2, 10, 10, 0]  	436	3 
[3, 5, 12, 0]  	437	5 
[2, 8, 11, 0]  	439	3 
[2, 26, 3, 0]  	441	3 
[2, 6, 12, 0]  	442	4 
[2, 15, 8, 0]  	443	4 
[2, 22, 5, 0]  	447	3 
[1, 25, 4, 0]  	449	2 
[2, 20, 6, 0]  	450	4 
[2, 29, 2, 0]  	451	4 
[1, 23, 5, 0]  	452	2 
[1, 10, 11, 0]  	457	2 
[1, 8, 12, 0]  	460	2 
[1, 35, 0, 0]  	463	3 
[0, 9, 12, 0]  	465	1 
[2, 19, 7, 0]  	466	4 
[1, 22, 6, 0]  	468	2 
[0, 36, 0, 0]  	468	2  <--- 2
[1, 20, 7, 0]  	471	3 
[0, 23, 6, 0]  	473	1 
[1, 34, 1, 0]  	479	3 
[2, 0, 16, 0]  	480	3 
[0, 8, 13, 0]  	481	1 
[0, 35, 1, 0]  	484	2 
[2, 5, 14, 0]  	487	3 
[1, 19, 8, 0]  	487	3 
[0, 22, 7, 0]  	489	1 
[1, 6, 14, 0]  	492	2 
[1, 33, 2, 0]  	495	3 
[0, 7, 14, 0]  	497	1 
[0, 34, 2, 0]  	500	2 
[1, 0, 17, 0]  	501	2 
[1, 18, 9, 0]  	503	3 
[0, 21, 8, 0]  	505	1 
[1, 5, 15, 0]  	508	2 
[0, 6, 15, 0]  	513	1 
[0, 20, 9, 0]  	521	1 
[1, 4, 16, 0]  	524	2 
[0, 5, 16, 0]  	529	1 
[0, 19, 10, 0]  	537	1 
[0, 33, 4, 0]  	545	1 
[0, 4, 17, 0]  	545	1 
[0, 0, 19, 0]  	551	1  <--- 3
[0, 18, 11, 0]  	553	1 
[0, 32, 5, 0]  	561	1 
[0, 3, 18, 0]  	561	1 
[18, 2, 6, 1]  	344	10 
[10, 1, 9, 1]  	354	9 
[14, 1, 8, 1]  	357	9 
[5, 27, 0, 1]  	391	6 
[5, 21, 3, 1]  	400	6 
[4, 11, 8, 1]  	407	5 
[5, 6, 10, 1]  	408	6 
[4, 7, 10, 1]  	413	5 
[3, 1, 13, 1]  	414	5 
[5, 20, 4, 1]  	416	6 
[4, 21, 4, 1]  	421	5 
[3, 24, 3, 1]  	423	4 
[3, 22, 4, 1]  	426	4 
[3, 11, 9, 1]  	428	4 
[2, 24, 4, 1]  	444	3 
[1, 21, 6, 1]  	455	3 
[2, 34, 0, 1]  	458	5 
[2, 5, 13, 1]  	458	4 
[2, 1, 15, 1]  	464	4 
[2, 4, 14, 1]  	474	4 
[1, 7, 13, 1]  	476	2 
[1, 15, 10, 1]  	493	3 
[0, 33, 3, 1]  	516	2 
[0, 29, 5, 1]  	522	2 
[0, 32, 4, 1]  	532	2 
[10, 5, 3, 2]  	232	8 
[18, 0, 8, 2]  	376	8 
[5, 17, 4, 2]  	377	7 
[4, 1, 12, 2]  	393	6 
[4, 0, 13, 2]  	409	5 
[2, 33, 0, 2]  	445	5 
[1, 29, 3, 2]  	472	3 
[8, 4, 4, 48]  	232	7 
[6, 23, 1, 48]  	376	7 
[4, 2, 11, 48]  	377	6 
[5, 22, 2, 48]  	384	5 
[3, 15, 6, 48]  	393	5 
[3, 14, 7, 48]  	409	3 
[1, 19, 7, 48]  	458	3 
[1, 0, 16, 48]  	472	2 
[16, 1, 7, 49]  	344	7 
[9, 15, 3, 49]  	354	6 
[12, 0, 9, 49]  	357	7 
[9, 0, 10, 49]  	362	6 
[4, 12, 7, 49]  	391	5 
[2, 5, 11, 49]  	400	3 
[3, 25, 2, 49]  	407	4 
[2, 15, 7, 49]  	414	3 
[3, 19, 5, 49]  	416	4 
[2, 29, 1, 49]  	422	4 
[2, 9, 10, 49]  	423	3 
[2, 25, 3, 49]  	428	3 
[1, 22, 5, 49]  	439	2 
[1, 9, 11, 49]  	444	2 
[2, 4, 13, 49]  	445	4 
[1, 18, 7, 49]  	445	3 
[0, 8, 12, 49]  	452	1 
[0, 35, 0, 49]  	455	2 
[0, 0, 16, 49]  	464	1 
[0, 21, 7, 49]  	476	1 
------
The gap is between 3 and 47.
Lengths: 3 3 6 6 3 4.
For 490 = 5*d/2-d1-d2-d3 you get 3 in char 0.
1*x^1*y^17*z^9
1*y^31*z^3
1*y^2*z^16

For 274 = 3*d/2-d1-d2-d3 you get 6 in char 0.
1*x^5*y^18
1*x^4*y^3*z^7
1*x^3*y^17*z^1
1*x^2*y^2*z^8
1*x^1*y^16*z^2
1*y^1*z^9

For 58 = d/2-d1-d2-d3 you get 3 in char 0.
1*x^4*y^2
1*x^2*y^1*z^1
1*z^2

Extra powers of p used 1.
The invariant extra is equal to 4.
Start computing 5^3 Delta^1 (x1x2x3)^4... Done.
Start computing 5^4 Delta^2 (x1x2x3)^4... Done.
Start computing 5^5 Delta^3 (x1x2x3)^4... Done.
Start computing 5^6 Delta^4 (x1x2x3)^4... Done.
Start computing 5^7 Delta^5 (x1x2x3)^4... Done.
Start computing 5^8 Delta^6 (x1x2x3)^4... Done.
Start computing 5^9 Delta^7 (x1x2x3)^4... Done.
Start computing 5^10 Delta^8 (x1x2x3)^4... Done.
Start computing 5^11 Delta^9 (x1x2x3)^4... Done.
Start computing 5^12 Delta^10 (x1x2x3)^4... Done.
Start computing 5^13 Delta^11 (x1x2x3)^4... Done.
Start computing 5^14 Delta^12 (x1x2x3)^4... Done.
Start computing aa.
1 2 3 4 5 6 7 8 9 10 11 12 
*/
A = \
[677870186225307388397721785024515,620027433679000376314811829666780,138242387695914511590026649449725,457324948104708431665014016175175,378605918862462707184545831235075,110342349659645340088617193921775,419778527326772836562349664614125,32590955322984034550662532494200,524702624465681319300955305035400,46189024017453952871609517916125,425078607120445480178985298060250,297597357916132455755119711774250;\
669606345074065645599122703676145,23493389766979245595007183642840,457835012720345014184054590584075,340700090613564546303764144331325,147430257917046117651313996609625,76009349835440723680648974768725,394128111514598055332853116149050,75955021826838157276004004870025,334637708703803244312059225251075,685228641612626548059010446580500,571035223306297980515640485169750,162659126092191239164137701257750;\
315182410676076142459856788242001,403376685514698699204897328001851,670556153532238725067631307512380,611019825772659475158459708804455,565174158699627317729887963055670,128253657376849363131942536924925,529284839941663122533121403641600,569419088682202755849132440549510,23105816480429436662604501928300,211713456709325239514433911188400,613491890637546403193118966924075,691858063214061905980312821603725;\
613197906718510263903599086588357,388117074529471807615627947665537,131838818986586464127544315754710,46960541771348454437046338114310,56849451782537018875570317860615,403280651005419551136396078926300,517799113098092120867327448740650,119835895761593765598821485739720,571844476240873886096310279914275,403438598553182888397931683833925,190053992041053495530913711646275,235927070531716578040073555771200;\
295539247273177255992766487665724,388758743485358262098522492330034,101225736294351866667380019370595,125998589704223192510100386101370,661065314135359546595672767168655,640613466628627916393239914786550,427840010344614240393102072631550,630801506914390779077991723282515,405135668503938731905948061056925,291123712989558288721497344197350,131165392680563876193910397948675,150309779042812126455299951303525;\
482089005224545922980369591627371,379415136648655957535546616638136,40488859698266605748975081882105,281287930431675749180679221253180,679621902899350009206698558815520,459435525381682102002256488083950,91383515222387874851242118317575,65292544904466021931123892448060,625371028832156551248384624946700,561356844632422200714006394144275,268536173684709772051344828139950,191988517293167731797639172462975;\
70023064999803870258495764844501,602002035663877963195143866391141,653652202926055448746398823561005,13319890550709619775270063606655,303040635386182990630622465156945,659786515092091443343561472913500,665426858588534758359078310626300,230478052926431362356218211353510,196233889467800236021070107020625,376999000925928402033200401739775,253458990155568876904995589357075,606810659153456400790841738649225;\
657346387274762286701062973927549,494274075030981947933113585585374,303802828548756927729528425348445,554305046748638152326677445940970,378777379225497723561918890463455,18499419493772831765278892692475,362955088088159229005952265661725,497691983331818936921639541093790,10320632619906726307903301566950,511723539919870593629924821012600,286701476678529922501279927483050,347423565684673999326618919016400;\
317948244938388060846451901374255,169798325223016949355735414950980,639925345952515350668872820670775,40483899325237856805674510729150,224013245142680638820870898252850,580627670639942111512990725302500,446370149014301032457447347562250,622613234891475822738704227694425,193313247881769937244551058722500,592040846815303523579111250154750,178171872493466638848516142717375,578434540915072584909446805051375;\
611886490336561554118922198589696,681407601280225630418470570117451,106951467946677831454100075681505,703059919651563271040078859463605,275380491339205329014108855099870,330161014592307829155438319717300,646666433883610927003308330270725,142082835283741530450921799299585,158656868175631071868563733725050,321309901041768503209542760540275,319230966558698984777119200475825,5417690273880451624145995085975;\
694507220999594573998306033895606,148054613683420427464965163107271,160691080761437155758662125886880,310454954855674934712363289965580,658236765209246836245179410278520,99368666653336992010644908477425,571859324169785667974496103725650,567705432033979441558694331917710,376361510390608939046487734182050,424570628384951493618159886713775,534325495348925780870507724392075,473233788062461698374927397217475;\
201797290356589257274413805950523,434615079255299929705595811686703,210710688409231843181816502150990,608012999438713560575854807668940,480004963782646253687034409717860,144829038562525384423562689498900,126087617391039643841124433711250,605897146167444097192244715219955,690624752264886202278330033230025,554164459448532814749252699221450,665664969942716526079761111698975,264568209185267513603489510469050]
/* 
This matrix times 5^(-1) should be the matrix of frobenius.
*/ 
B = 5^(-1) * A; 
/* Freed 129 lists. */
