/* Comments begin... 
Coefficient of   x^27                     = -1
Coefficient of   x^14 * y^8               = -2
Coefficient of   x^12 * y^7 * z^1         = 1
Coefficient of   x^10 * y^6 * z^2         = 0
Coefficient of   x^8 * y^5 * z^3         = 0
Coefficient of   x^6 * y^4 * z^4         = -2
Coefficient of   x^4 * y^3 * z^5         = 1
Coefficient of   x^2 * y^2 * z^6         = 2
Coefficient of   x^1 * y^16               = 1
Coefficient of   y^1 * z^7               = 2

Here is the polynomial we're using this time:

-1*x^27 + -2*x^14*y^8 + 1*x^12*y^7*z^1 + -2*x^6*y^4*z^4 + 1*x^4*y^3*z^5 + 2*x^2*y^2*z^6 + 1*x^1*y^16 + 2*y^1*z^7

Allocate G_len 20 elements and old = 0.
Allocate M_len = 400 elements.
Allocate G_len 40 elements and old = 20.
Allocate M_len = 800 elements.
Allocate G_len 80 elements and old = 40.
Allocate M_len = 1600 elements.
Allocate M_len = 3200 elements.
Allocate G_len 160 elements and old = 80.
Allocate M_len = 6400 elements.
Allocate M_len = 12800 elements.
Allocate G_len 320 elements and old = 160.
Allocate M_len = 25600 elements.
The final length of G is 170
[12, 7, 0, 0]  	187	5 
[12, 6, 1, 0]  	203	7 
[26, 0, 0, 0]  	208	7  <--- 1
[8, 5, 3, 0]  	216	6 
[8, 4, 5, 0]  	261	8 
[6, 4, 6, 0]  	274	7 
[7, 18, 0, 0]  	290	8 
[20, 4, 3, 0]  	299	10 
[18, 4, 4, 0]  	312	10 
[20, 3, 4, 0]  	315	11 
[14, 3, 6, 0]  	325	11 
[18, 3, 5, 0]  	328	10 
[11, 3, 7, 0]  	330	10 
[14, 2, 7, 0]  	341	10 
[11, 2, 8, 0]  	346	9 
[22, 2, 5, 0]  	347	10 
[10, 3, 8, 0]  	351	9 
[9, 17, 2, 0]  	351	9 
[11, 16, 2, 0]  	354	9 
[7, 3, 9, 0]  	356	8 
[14, 1, 8, 0]  	357	9 
[9, 2, 9, 0]  	359	8 
[20, 2, 6, 0]  	360	9 
[18, 1, 7, 0]  	360	9 
[11, 1, 9, 0]  	362	8 
[22, 1, 6, 0]  	363	9 
[8, 1, 10, 0]  	367	8 
[6, 18, 3, 0]  	369	7 
[10, 0, 10, 0]  	370	8 
[7, 2, 10, 0]  	372	8 
[7, 0, 11, 0]  	375	7 
[18, 0, 8, 0]  	376	8 
[6, 3, 10, 0]  	377	7 
[5, 17, 4, 0]  	377	7 
[22, 0, 7, 0]  	379	8 
[7, 16, 4, 0]  	380	8 
[5, 2, 11, 0]  	385	7 
[6, 26, 0, 0]  	386	7 
[6, 15, 5, 0]  	388	6 
[5, 0, 12, 0]  	388	6 
[16, 0, 9, 0]  	389	8 
[5, 27, 0, 0]  	391	6 
[6, 22, 2, 0]  	392	7 
[5, 16, 5, 0]  	393	6 
[4, 1, 12, 0]  	393	6 
[5, 14, 6, 0]  	396	6 
[5, 23, 2, 0]  	397	6 
[5, 12, 7, 0]  	399	6 
[4, 15, 6, 0]  	401	6 
[6, 25, 1, 0]  	402	6 
[5, 10, 8, 0]  	402	6 
[4, 13, 7, 0]  	404	5 
[3, 16, 6, 0]  	406	6 
[5, 26, 1, 0]  	407	5 
[4, 11, 8, 0]  	407	5 
[4, 29, 0, 0]  	409	5 
[4, 0, 13, 0]  	409	5 
[4, 9, 9, 0]  	410	5 
[4, 27, 1, 0]  	412	5 
[5, 22, 3, 0]  	413	6 
[3, 30, 0, 0]  	414	5 
[3, 1, 13, 0]  	414	5 
[4, 25, 2, 0]  	415	5 
[4, 5, 11, 0]  	416	6 
[3, 28, 1, 0]  	417	4 
[4, 23, 3, 0]  	418	5 
[4, 21, 4, 0]  	421	5 
[3, 15, 7, 0]  	422	5 
[3, 24, 3, 0]  	423	4 
[3, 13, 8, 0]  	425	4 
[3, 22, 4, 0]  	426	4 
[3, 11, 9, 0]  	428	4 
[3, 20, 5, 0]  	429	5 
[3, 0, 14, 0]  	430	4 
[3, 9, 10, 0]  	431	4 
[3, 27, 2, 0]  	433	3 
[2, 12, 9, 0]  	433	3 
[3, 7, 11, 0]  	434	4 
[2, 30, 1, 0]  	435	5 
[3, 5, 12, 0]  	437	5 
[2, 8, 11, 0]  	439	3 
[2, 26, 3, 0]  	441	3 
[2, 6, 12, 0]  	442	4 
[2, 24, 4, 0]  	444	3 
[2, 33, 0, 0]  	445	5 
[2, 22, 5, 0]  	447	3 
[2, 11, 10, 0]  	449	2 
[1, 25, 4, 0]  	449	2 
[2, 20, 6, 0]  	450	4 
[2, 29, 2, 0]  	451	4 
[1, 23, 5, 0]  	452	2 
[1, 21, 6, 0]  	455	3 
[1, 10, 11, 0]  	457	2 
[2, 5, 13, 0]  	458	4 
[1, 35, 0, 0]  	463	3 
[2, 1, 15, 0]  	464	4 
[0, 9, 12, 0]  	465	1 
[2, 19, 7, 0]  	466	4 
[0, 36, 0, 0]  	468	2  <--- 2
[1, 20, 7, 0]  	471	3 
[1, 29, 3, 0]  	472	3 
[0, 23, 6, 0]  	473	1 
[2, 4, 14, 0]  	474	4 
[1, 7, 13, 0]  	476	2 
[1, 34, 1, 0]  	479	3 
[2, 0, 16, 0]  	480	3 
[0, 8, 13, 0]  	481	1 
[0, 35, 1, 0]  	484	2 
[1, 19, 8, 0]  	487	3 
[0, 22, 7, 0]  	489	1 
[1, 6, 14, 0]  	492	2 
[1, 15, 10, 0]  	493	3 
[1, 33, 2, 0]  	495	3 
[0, 7, 14, 0]  	497	1 
[0, 34, 2, 0]  	500	2 
[1, 0, 17, 0]  	501	2 
[1, 18, 9, 0]  	503	3 
[0, 21, 8, 0]  	505	1 
[1, 5, 15, 0]  	508	2 
[0, 6, 15, 0]  	513	1 
[0, 33, 3, 0]  	516	2 
[0, 20, 9, 0]  	521	1 
[0, 29, 5, 0]  	522	2 
[1, 4, 16, 0]  	524	2 
[0, 5, 16, 0]  	529	1 
[0, 19, 10, 0]  	537	1 
[0, 4, 17, 0]  	545	1 
[0, 0, 19, 0]  	551	1  <--- 3
[0, 18, 11, 0]  	553	1 
[0, 3, 18, 0]  	561	1 
[11, 17, 1, 1]  	338	10 
[9, 3, 8, 1]  	343	9 
[18, 2, 6, 1]  	344	10 
[6, 16, 4, 1]  	372	7 
[6, 1, 11, 1]  	380	7 
[7, 14, 5, 1]  	383	7 
[4, 16, 5, 1]  	385	6 
[6, 24, 1, 1]  	389	7 
[5, 25, 1, 1]  	394	6 
[3, 29, 0, 1]  	401	5 
[5, 6, 10, 1]  	408	6 
[4, 7, 10, 1]  	413	5 
[3, 26, 2, 1]  	420	4 
[2, 10, 10, 1]  	436	3 
[2, 15, 8, 1]  	443	4 
[1, 8, 12, 1]  	460	2 
[7, 17, 3, 2]  	364	8 
[14, 0, 9, 2]  	373	8 
[5, 21, 3, 2]  	400	6 
[5, 8, 9, 2]  	405	6 
[0, 32, 4, 2]  	532	2 
[6, 2, 10, 48]  	364	7 
[6, 25, 0, 48]  	373	7 
[4, 22, 3, 48]  	405	5 
[0, 3, 17, 48]  	532	1 
[10, 2, 8, 49]  	338	8 
[8, 17, 2, 49]  	343	6 
[16, 1, 7, 49]  	344	7 
[3, 0, 12, 49]  	372	4 
[5, 24, 1, 49]  	381	6 
[4, 9, 8, 49]  	381	5 
[5, 13, 6, 49]  	383	6 
[4, 6, 10, 49]  	400	5 
[3, 20, 4, 49]  	400	3 
[2, 11, 9, 49]  	420	2 
[2, 20, 5, 49]  	421	3 
[2, 7, 11, 49]  	426	3 
[1, 24, 4, 49]  	436	2 
[1, 29, 2, 49]  	443	3 
[0, 22, 6, 49]  	460	1 
------
The gap is between 3 and 47.
Lengths: 3 3 6 6 3 3.
For 490 = 5*d/2-d1-d2-d3 you get 3 in char 0.
1*x^1*y^17*z^9
1*y^31*z^3
1*y^2*z^16

For 274 = 3*d/2-d1-d2-d3 you get 6 in char 0.
1*x^5*y^18
1*x^4*y^3*z^7
1*x^3*y^17*z^1
1*x^2*y^2*z^8
1*x^1*y^16*z^2
1*y^1*z^9

For 58 = d/2-d1-d2-d3 you get 3 in char 0.
1*x^4*y^2
1*x^2*y^1*z^1
1*z^2

Extra powers of p used 0.
The invariant extra is equal to 4.
Start computing 5^3 Delta^1 (x1x2x3)^4... Done.
Start computing 5^4 Delta^2 (x1x2x3)^4... Done.
Start computing 5^5 Delta^3 (x1x2x3)^4... Done.
Start computing 5^6 Delta^4 (x1x2x3)^4... Done.
Start computing 5^7 Delta^5 (x1x2x3)^4... Done.
Start computing 5^8 Delta^6 (x1x2x3)^4... Done.
Start computing 5^9 Delta^7 (x1x2x3)^4... Done.
Start computing 5^10 Delta^8 (x1x2x3)^4... Done.
Start computing 5^11 Delta^9 (x1x2x3)^4... Done.
Start computing 5^12 Delta^10 (x1x2x3)^4... Done.
Start computing 5^13 Delta^11 (x1x2x3)^4... Done.
Start computing 5^14 Delta^12 (x1x2x3)^4... Done.
Start computing aa.
1 2 3 4 5 6 7 8 9 10 11 12 
*/
A = \
[104171761901462035876754176026751,3826202602590227241095047898426,54484518459364705789118578688805,67751205918541420405366442341935,101959161635697086820294436541825,61913844396642149745617359732535,110526661533718514181215789132555,2672481161878405117302000153445,69189979618372301944908697476930,127777021379018170178397111080275,80928213641918609760201319206425,82684223889408545088121616475125;\
108945634760611745397392188137443,59202032004407049462192747472691,121566494452059780160223597568423,23707986048330844670047984719540,133020804900507095477789310660260,131975156149778286442793114407825,99631484968799792789968741679835,132221120415340461695463132766980,60343467618501373972940022525315,26476263486765061500431695935400,14761134322882998034902384493825,75075599887275378416455766069050;\
119985122497862002377035195020490,109040697894604473186494208723014,109217030127989946752223120763972,33344369956672499103420916606580,57458533641376990453634569850460,114482202338418761805162347479110,26720706903215679844502135551855,6138451230794005772372233516510,77317150819665005147982327029755,3325067797297722627302179620625,131566554572431075591267978269050,14590107711302150590855969781800;\
929477288731531744326871374677,106396222075178588443422913587049,108000357082397648941686721505240,38824906250641131613588194509525,98292976129736223249618881619995,87714927119740222616189627626760,101620350892832945732595999896095,4178936419708860157002521701510,95989695405161213117323324145605,115219421489329102003080397824700,4879187542022520189285332313925,64493820020859114715957686943575;\
115635199548059386997576567525194,53446238338429004451567758188404,21430888726096061921931371793722,56704144977971685002830840414685,38513604513190170528596962071990,113173784387746009431168445562960,44062077887552388937573205760650,104192031382589635923362549757205,31848117299408847459044131266635,2616417357896444140533117965650,27431781881349802872848391498800,53397492890561671972719849854125;\
46693417995104092062913786666070,78956526467280213933278974704650,80399995979684942385355511946960,65364186933934480732463164672830,69746605444102435344339238113000,68625882950046632708668921666615,121109445494518795456423723074570,111459067614415424612705493396430,90682470712064218035300731015125,77663759904247873045670724370375,82526525251677743114544649863850,94808648259845743733588814620025;\
63170991436015402377518436504589,802698744180769054894342434835,121300216379742759909271410646961,37510447843120433617406865957765,46408904172788206229558618274785,83711599952865543666993400843410,33906173724612088788116469451050,39446157514870603626622084833770,3844094842141812683308535800665,112592396816331039550413552459300,104236161910900013962155765208875,75895330959868947033612824591925;\
77862445682921375719235146225893,123447278111731934408921356678700,62633937350865592387998995774527,41036168514955466772658170960350,132079950567088417456048170150285,119930615881809855009557975183245,93792179059495312922655690923950,139669348523583398337840942705140,73060619837085750707593888187780,41499058036740533574665936543050,113610629815609505893566255154225,20127649053533057237191603331575;\
26707947895272367236916495002178,32927999310697884262454316179376,131887277897169762837580537092826,77391961812293529754121343991855,4227018510090264193756245155010,47368169958837201986254706812470,86160915296096868895852042746310,106037908407067829504531300687585,124429822371041326425401959296415,88782722201923813384235060510725,115555343242655733086124507978650,84035437987154546695366358143675;\
114220272938890741215360261042027,140098805414366668638378147596157,45486328905305737732232010100916,9305828568405079223888106783150,64993311143305801044822182760690,15210746752711994434408274050355,80748777153972961036326412362085,85336161558713102597827666635920,71819356430237503869644500196310,91954226960773619943327943858900,45807127310009826447201699034025,41403619933566510944893457753100;\
74196451004444686224930880189922,9954558760313833195229701305872,84678952344732154371595064680291,2428342936126388181194942210065,108263261704597859175825262800130,129314176401771521643607212390105,28351072652710113143230789273455,133016041873150311697506900827505,34323357736256442962991893828870,95015426731923932379460337495225,77768604791992063406176310357125,31180709833173307932140142622375;\
47078600458912797987489215776424,72736292079130551685124083603719,62916622201565422650646442158277,11863056887603070206178059744850,9366250683602385545847488823630,28892201914543465705014610404885,58208009896953915818845344737770,59552936620979157448044896283490,119291516459590418528584894447220,14846510200262276854703767535200,72992902094460209577938073701300,34771437389187774336500435413575]
/* 
This should be the matrix of frobenius!
*/ 
B = A; 
/* Freed 129 lists. */
