/* Comments begin... 
Coefficient of   x^27                     = -1
Coefficient of   x^14 * y^8               = -1
Coefficient of   x^12 * y^7 * z^1         = 1
Coefficient of   x^10 * y^6 * z^2         = 2
Coefficient of   x^8 * y^5 * z^3         = 1
Coefficient of   x^6 * y^4 * z^4         = 0
Coefficient of   x^4 * y^3 * z^5         = 1
Coefficient of   x^2 * y^2 * z^6         = 1
Coefficient of   x^1 * y^16               = -1
Coefficient of   y^1 * z^7               = -2

Here is the polynomial we're using this time:

-1*x^27 + -1*x^14*y^8 + 1*x^12*y^7*z^1 + 2*x^10*y^6*z^2 + 1*x^8*y^5*z^3 + 1*x^4*y^3*z^5 + 1*x^2*y^2*z^6 + -1*x^1*y^16 + -2*y^1*z^7

Allocate G_len 20 elements and old = 0.
Allocate M_len = 400 elements.
Allocate G_len 40 elements and old = 20.
Allocate M_len = 800 elements.
Allocate G_len 80 elements and old = 40.
Allocate M_len = 1600 elements.
Allocate M_len = 3200 elements.
Allocate G_len 160 elements and old = 80.
Allocate M_len = 6400 elements.
Allocate M_len = 12800 elements.
Allocate G_len 320 elements and old = 160.
Allocate M_len = 25600 elements.
Not smooth!
Coefficient of   x^27                     = -2
Coefficient of   x^14 * y^8               = -1
Coefficient of   x^12 * y^7 * z^1         = -1
Coefficient of   x^10 * y^6 * z^2         = 1
Coefficient of   x^8 * y^5 * z^3         = -1
Coefficient of   x^6 * y^4 * z^4         = 1
Coefficient of   x^4 * y^3 * z^5         = 1
Coefficient of   x^2 * y^2 * z^6         = -2
Coefficient of   x^1 * y^16               = -1
Coefficient of   y^1 * z^7               = 0

Here is the polynomial we're using this time:

-2*x^27 + -1*x^14*y^8 + -1*x^12*y^7*z^1 + 1*x^10*y^6*z^2 + -1*x^8*y^5*z^3 + 1*x^6*y^4*z^4 + 1*x^4*y^3*z^5 + -2*x^2*y^2*z^6 + -1*x^1*y^16

Not smooth!
Coefficient of   x^27                     = -2
Coefficient of   x^14 * y^8               = 1
Coefficient of   x^12 * y^7 * z^1         = 1
Coefficient of   x^10 * y^6 * z^2         = 2
Coefficient of   x^8 * y^5 * z^3         = -1
Coefficient of   x^6 * y^4 * z^4         = 0
Coefficient of   x^4 * y^3 * z^5         = 0
Coefficient of   x^2 * y^2 * z^6         = 0
Coefficient of   x^1 * y^16               = 1
Coefficient of   y^1 * z^7               = -1

Here is the polynomial we're using this time:

-2*x^27 + 1*x^14*y^8 + 1*x^12*y^7*z^1 + 2*x^10*y^6*z^2 + -1*x^8*y^5*z^3 + 1*x^1*y^16 + -1*y^1*z^7

The final length of G is 178
[12, 7, 0, 0]  	187	4 
[26, 0, 0, 0]  	208	6  <--- 1
[10, 6, 2, 0]  	216	5 
[10, 5, 3, 0]  	232	7 
[8, 5, 4, 0]  	245	6 
[6, 4, 6, 0]  	274	7 
[24, 6, 1, 0]  	299	9 
[22, 5, 2, 0]  	299	9 
[7, 19, 0, 0]  	303	7 
[14, 3, 6, 0]  	325	9 
[16, 2, 6, 0]  	328	9 
[11, 3, 7, 0]  	330	8 
[18, 1, 6, 0]  	331	8 
[14, 2, 7, 0]  	341	9 
[10, 18, 1, 0]  	343	8 
[9, 3, 8, 0]  	343	8 
[16, 1, 7, 0]  	344	8 
[11, 2, 8, 0]  	346	7 
[18, 0, 7, 0]  	347	8 
[9, 17, 2, 0]  	351	8 
[10, 1, 9, 0]  	354	8 
[14, 1, 8, 0]  	357	8 
[9, 2, 9, 0]  	359	7 
[8, 16, 3, 0]  	359	7 
[6, 24, 0, 0]  	360	7 
[8, 3, 9, 0]  	364	8 
[7, 17, 3, 0]  	364	8 
[6, 18, 3, 0]  	369	7 
[10, 0, 10, 0]  	370	8 
[7, 2, 10, 0]  	372	7 
[6, 16, 4, 0]  	372	7 
[7, 0, 11, 0]  	375	6 
[6, 3, 10, 0]  	377	7 
[5, 17, 4, 0]  	377	7 
[6, 1, 11, 0]  	380	7 
[5, 22, 2, 0]  	384	6 
[5, 2, 11, 0]  	385	6 
[4, 16, 5, 0]  	385	6 
[6, 15, 5, 0]  	388	7 
[5, 27, 0, 0]  	391	6 
[4, 1, 12, 0]  	393	6 
[6, 0, 12, 0]  	396	6 
[5, 12, 7, 0]  	399	6 
[5, 21, 3, 0]  	400	6 
[4, 15, 6, 0]  	401	5 
[3, 29, 0, 0]  	401	5 
[3, 16, 6, 0]  	406	6 
[5, 26, 1, 0]  	407	6 
[4, 0, 13, 0]  	409	5 
[4, 27, 1, 0]  	412	5 
[4, 7, 10, 0]  	413	5 
[3, 1, 13, 0]  	414	5 
[5, 11, 8, 0]  	415	5 
[4, 25, 2, 0]  	415	5 
[4, 5, 11, 0]  	416	6 
[3, 28, 1, 0]  	417	4 
[5, 9, 9, 0]  	418	5 
[4, 23, 3, 0]  	418	5 
[3, 26, 2, 0]  	420	4 
[4, 21, 4, 0]  	421	5 
[3, 15, 7, 0]  	422	5 
[3, 24, 3, 0]  	423	4 
[3, 22, 4, 0]  	426	4 
[3, 20, 5, 0]  	429	5 
[3, 9, 10, 0]  	431	4 
[3, 7, 11, 0]  	434	4 
[2, 10, 10, 0]  	436	3 
[2, 8, 11, 0]  	439	3 
[2, 26, 3, 0]  	441	3 
[2, 6, 12, 0]  	442	4 
[2, 24, 4, 0]  	444	3 
[2, 33, 0, 0]  	445	5 
[1, 25, 4, 0]  	449	2 
[2, 20, 6, 0]  	450	4 
[2, 29, 2, 0]  	451	4 
[1, 21, 6, 0]  	455	3 
[1, 10, 11, 0]  	457	2 
[2, 5, 13, 0]  	458	4 
[1, 8, 12, 0]  	460	2 
[1, 35, 0, 0]  	463	3 
[2, 1, 15, 0]  	464	4 
[1, 24, 5, 0]  	465	1 
[0, 9, 12, 0]  	465	1 
[2, 19, 7, 0]  	466	4 
[0, 36, 0, 0]  	468	2  <--- 2
[1, 20, 7, 0]  	471	3 
[1, 29, 3, 0]  	472	3 
[0, 23, 6, 0]  	473	1 
[2, 4, 14, 0]  	474	4 
[1, 7, 13, 0]  	476	2 
[1, 34, 1, 0]  	479	3 
[0, 8, 13, 0]  	481	1 
[0, 35, 1, 0]  	484	2 
[1, 19, 8, 0]  	487	3 
[0, 22, 7, 0]  	489	1 
[1, 15, 10, 0]  	493	3 
[1, 33, 2, 0]  	495	3 
[0, 7, 14, 0]  	497	1 
[0, 34, 2, 0]  	500	2 
[0, 21, 8, 0]  	505	1 
[1, 5, 15, 0]  	508	2 
[2, 0, 17, 0]  	509	2 
[0, 6, 15, 0]  	513	1 
[0, 33, 3, 0]  	516	2 
[0, 20, 9, 0]  	521	1 
[0, 29, 5, 0]  	522	2 
[0, 5, 16, 0]  	529	1 
[1, 0, 18, 0]  	530	1 
[0, 32, 4, 0]  	532	2 
[0, 19, 10, 0]  	537	1 
[0, 4, 17, 0]  	545	1 
[0, 0, 19, 0]  	551	1  <--- 3
[0, 18, 11, 0]  	553	1 
[0, 3, 18, 0]  	561	1 
[8, 4, 5, 1]  	261	8 
[7, 18, 0, 1]  	290	8 
[18, 4, 4, 1]  	312	9 
[22, 4, 3, 1]  	315	9 
[11, 17, 1, 1]  	338	8 
[7, 3, 9, 1]  	356	8 
[8, 1, 10, 1]  	367	7 
[5, 23, 1, 1]  	368	6 
[7, 14, 5, 1]  	383	7 
[4, 14, 6, 1]  	388	5 
[5, 9, 8, 1]  	389	6 
[4, 13, 7, 1]  	404	5 
[5, 6, 10, 1]  	408	6 
[4, 12, 8, 1]  	420	4 
[4, 10, 9, 1]  	423	4 
[3, 13, 8, 1]  	425	4 
[3, 11, 9, 1]  	428	4 
[3, 0, 14, 1]  	430	4 
[2, 30, 1, 1]  	435	5 
[3, 5, 12, 1]  	437	5 
[2, 15, 8, 1]  	443	4 
[1, 23, 5, 1]  	452	2 
[2, 0, 16, 1]  	480	3 
[1, 6, 14, 1]  	492	2 
[1, 0, 17, 1]  	501	2 
[1, 4, 16, 1]  	524	2 
[12, 6, 1, 2]  	203	6 
[4, 11, 8, 2]  	407	5 
[2, 22, 5, 2]  	447	3 
[1, 18, 9, 2]  	503	3 
[2, 12, 9, 3]  	433	3 
[4, 8, 9, 4]  	397	5 
[3, 22, 3, 46]  	397	4 
[1, 26, 3, 47]  	433	2 
[10, 5, 2, 48]  	203	5 
[6, 17, 3, 48]  	356	7 
[3, 25, 2, 48]  	407	4 
[1, 7, 12, 48]  	447	2 
[0, 32, 3, 48]  	503	1 
[6, 3, 6, 49]  	261	6 
[14, 2, 6, 49]  	312	6 
[16, 1, 6, 49]  	315	8 
[12, 2, 7, 49]  	325	7 
[14, 1, 7, 49]  	328	7 
[16, 0, 7, 49]  	331	6 
[10, 2, 8, 49]  	338	7 
[12, 1, 8, 49]  	341	7 
[14, 0, 8, 49]  	344	7 
[12, 0, 9, 49]  	357	5 
[6, 0, 11, 49]  	367	4 
[3, 22, 2, 49]  	368	4 
[3, 27, 0, 49]  	375	4 
[4, 20, 4, 49]  	408	4 
[1, 27, 2, 49]  	417	2 
[1, 25, 3, 49]  	420	2 
[2, 9, 10, 49]  	423	3 
[0, 11, 10, 49]  	433	1 
[2, 1, 14, 49]  	435	3 
[1, 24, 4, 49]  	436	2 
[2, 19, 6, 49]  	437	3 
[0, 10, 11, 49]  	449	1 
[0, 8, 12, 49]  	452	1 
[0, 22, 6, 49]  	460	1 
[0, 20, 8, 49]  	492	1 
------
The gap is between 5 and 45.
Lengths: 3 3 6 6 3 3.
For 490 = 5*d/2-d1-d2-d3 you get 3 in char 0.
1*x^1*y^17*z^9
1*y^31*z^3
1*y^2*z^16

For 274 = 3*d/2-d1-d2-d3 you get 6 in char 0.
1*x^5*y^18
1*x^4*y^3*z^7
1*x^3*y^17*z^1
1*x^2*y^2*z^8
1*x^1*y^16*z^2
1*y^1*z^9

For 58 = d/2-d1-d2-d3 you get 3 in char 0.
1*x^4*y^2
1*x^2*y^1*z^1
1*z^2

Extra powers of p used 0.
The invariant extra is equal to 4.
Start computing 5^3 Delta^1 (x1x2x3)^4... Done.
Start computing 5^4 Delta^2 (x1x2x3)^4... Done.
Start computing 5^5 Delta^3 (x1x2x3)^4... Done.
Start computing 5^6 Delta^4 (x1x2x3)^4... Done.
Start computing 5^7 Delta^5 (x1x2x3)^4... Done.
Start computing 5^8 Delta^6 (x1x2x3)^4... Done.
Start computing 5^9 Delta^7 (x1x2x3)^4... Done.
Start computing 5^10 Delta^8 (x1x2x3)^4... Done.
Start computing 5^11 Delta^9 (x1x2x3)^4... Done.
Start computing 5^12 Delta^10 (x1x2x3)^4... Done.
Start computing 5^13 Delta^11 (x1x2x3)^4... Done.
Start computing 5^14 Delta^12 (x1x2x3)^4... Done.
Start computing aa.
1 2 3 4 5 6 7 8 9 10 11 12 
*/
A = \
[28607625730881805219814499626060,21155040296418026962784244261682,129876029198513016497926389366733,20891654657216373509311970931900,107746144737510433730130668387835,62112197444341992368782182228555,135800419264512795170728903781725,107743950468964960115962010972240,104228170944939586805970391213350,64627390538175523486386001361900,108219207975001293954633580243150,78071680469569154392603044835675;\
116889876955177034250844075396016,32078938284443749805358420911235,44445944354261787530508787922256,98026595031266666530000883080930,127339836836024628563795932793090,13286499778565455912876947062665,40931833120725639325202673814130,18721989847098028159851174088365,132376132938620155522471021590395,139753985401398032250976527322325,38861691390470868433433243899575,126243551029952935649546758664275;\
55045920636237871649836841545368,88408145886455129339531720642625,125920684497662643176684451521675,136181327712893101046562761772580,22093961268456935032634540034420,97129429888532499883464832891560,2440212150182718960888706520895,2257292674732522439418283487820,33313154106458654484672600619945,40111911045137016800612127984600,104897815478889139231917886564675,130111300939806107221404644067100;\
85887270621409019151331957729383,34159912096367842164302081486947,2865872826540918092594633642228,46921297352646001028758883869425,74955334306801922764959220858630,35151980889913532067082305984030,98289388512553547339328411168560,50293247401725146422745847496075,33846476259626857571583468235055,15708855995545808936532020478450,131852124226479760690696954884825,65586737881527674294204613644625;\
130061066369722171376993140232295,77528139045386933256147717325357,62787422392449122105516536815694,140952388192421482389969850283565,57121475265247557596021601840525,37263962179758410029231116942790,80043692467111646567281489239955,127554461737829653524569416274205,20615203230817205974350647572965,37525126707219220089765021790375,99264740086099718121662764981700,99081773444990445434075712953025;\
24222189400482581652078440941066,13280735155949378723875678376471,103977784325087171081421688130376,77981222755120413906650073337805,64162189164568039168870922066990,85003129373766334008936163620440,116009780174179775690407511623405,120060049806987126892129058782420,59467072570818912174809417075035,121613586951791234136558512084000,8887795753016458278770342154100,76308215337719716120321838587575;\
118697970525748042537966264965315,44031094519326884118565106362433,103914755664282300173171814501335,52782954149943417550947805060920,106818295996048883996512486135595,87496214626264586801433810321010,5870045036324061349509977237590,123319134950152879762865133938330,120453884365132074138182000280890,112594187916742761167700031361600,4011690627130428856743362235850,128033568383816276652114876875575;\
23221751449184555425394137842326,50367474736128198934583438124954,50336931195282167684383272272483,121525306823419509898990187876885,87620653035692534656745755957200,31248220515517719691749185610595,47681183651906591517301205970525,137109685075180885262536681656905,83608713233159032240976786572630,122416599300316155079443522981900,42616210954701381056203996587900,26634357653665154321575020797350;\
108197319629116535722762792886448,100147271917213709244134204732943,57159814509500259035164142037102,110890091854460119678734945921790,121182021960616460222692017437170,2634636187399006032714401237160,16896879136017290474100402468085,19303108509494170385385732827160,108285425786119045024589309088670,29379026162616458152833621834900,58080155705809717611655453791450,65217517886446217389883789868325;\
96419703486346178711987510256085,28695985128725670803697015302437,105619929576040463426282954678574,66394773813098083676752364724965,4728700221852958293069681430175,14918654294632191861263148993340,78625772489292777731520367438305,86198504494204691008951319866230,92578729806430421394025981494940,134414281072739847762679777943250,42896515193865757899953901336575,33949828862660774573339356408550;\
119294957782367994202316569665545,41112900470106119606059555832523,90859834041433184765074094150486,134850928343081184092106106798585,83570373948518761035490065199925,130156720352576621251952862758260,108257576922100000982842583134670,102183825054718590231431093825445,4671879428106343316189131859535,8717432108976697699768728162825,24888375552036651783367786022800,77551761521785193340631987838700;\
22991973276759748956654183596069,94793364937598885908230022603078,134690773788050565158586647953916,62527593956581720413402428137605,38084659229702624255540212788320,89507067298861909635561236011835,128884428102803045279894923216950,77627004131456019365907989313170,98853017863527338991540393348330,38723200657759961125727905985175,28275292648739152123310505670700,83954216773550967383001479864550]
/* 
This should be the matrix of frobenius!
*/ 
B = A; 
/* Freed 129 lists. */
