/* Comments begin... 
Coefficient of   x^27                     = -1
Coefficient of   x^14 * y^8               = 0
Coefficient of   x^12 * y^7 * z^1         = -2
Coefficient of   x^10 * y^6 * z^2         = 1
Coefficient of   x^8 * y^5 * z^3         = 0
Coefficient of   x^6 * y^4 * z^4         = 2
Coefficient of   x^4 * y^3 * z^5         = 0
Coefficient of   x^2 * y^2 * z^6         = 1
Coefficient of   x^1 * y^16               = 0
Coefficient of   y^1 * z^7               = -1

Here is the polynomial we're using this time:

-1*x^27 + -2*x^12*y^7*z^1 + 1*x^10*y^6*z^2 + 2*x^6*y^4*z^4 + 1*x^2*y^2*z^6 + -1*y^1*z^7

Allocate G_len 20 elements and old = 0.
Allocate M_len = 400 elements.
Allocate G_len 40 elements and old = 20.
Allocate M_len = 800 elements.
Allocate G_len 80 elements and old = 40.
Allocate M_len = 1600 elements.
Not smooth!
Coefficient of   x^27                     = 1
Coefficient of   x^14 * y^8               = 2
Coefficient of   x^12 * y^7 * z^1         = 2
Coefficient of   x^10 * y^6 * z^2         = 1
Coefficient of   x^8 * y^5 * z^3         = 2
Coefficient of   x^6 * y^4 * z^4         = 0
Coefficient of   x^4 * y^3 * z^5         = 2
Coefficient of   x^2 * y^2 * z^6         = -1
Coefficient of   x^1 * y^16               = -1
Coefficient of   y^1 * z^7               = -2

Here is the polynomial we're using this time:

1*x^27 + 2*x^14*y^8 + 2*x^12*y^7*z^1 + 1*x^10*y^6*z^2 + 2*x^8*y^5*z^3 + 2*x^4*y^3*z^5 + -1*x^2*y^2*z^6 + -1*x^1*y^16 + -2*y^1*z^7

Allocate M_len = 3200 elements.
Allocate G_len 160 elements and old = 80.
Allocate M_len = 6400 elements.
Allocate M_len = 12800 elements.
Allocate G_len 320 elements and old = 160.
Allocate M_len = 25600 elements.
Not smooth!
Coefficient of   x^27                     = 1
Coefficient of   x^14 * y^8               = 2
Coefficient of   x^12 * y^7 * z^1         = -2
Coefficient of   x^10 * y^6 * z^2         = -1
Coefficient of   x^8 * y^5 * z^3         = 0
Coefficient of   x^6 * y^4 * z^4         = -2
Coefficient of   x^4 * y^3 * z^5         = -2
Coefficient of   x^2 * y^2 * z^6         = -2
Coefficient of   x^1 * y^16               = -1
Coefficient of   y^1 * z^7               = 1

Here is the polynomial we're using this time:

1*x^27 + 2*x^14*y^8 + -2*x^12*y^7*z^1 + -1*x^10*y^6*z^2 + -2*x^6*y^4*z^4 + -2*x^4*y^3*z^5 + -2*x^2*y^2*z^6 + -1*x^1*y^16 + 1*y^1*z^7

The final length of G is 168
[12, 7, 0, 0]  	187	6 
[26, 0, 0, 0]  	208	8  <--- 1
[10, 6, 2, 0]  	216	7 
[10, 5, 3, 0]  	232	8 
[8, 5, 4, 0]  	245	7 
[6, 4, 6, 0]  	274	7 
[24, 6, 1, 0]  	299	12 
[22, 5, 2, 0]  	299	13 
[7, 19, 0, 0]  	303	7 
[18, 4, 4, 0]  	312	12 
[22, 4, 3, 0]  	315	11 
[16, 4, 5, 0]  	325	11 
[14, 3, 6, 0]  	325	11 
[18, 3, 5, 0]  	328	11 
[11, 3, 7, 0]  	330	10 
[22, 3, 4, 0]  	331	11 
[11, 17, 1, 0]  	338	10 
[14, 2, 7, 0]  	341	10 
[10, 18, 1, 0]  	343	9 
[9, 3, 8, 0]  	343	9 
[18, 2, 6, 0]  	344	10 
[11, 2, 8, 0]  	346	9 
[22, 2, 5, 0]  	347	10 
[9, 17, 2, 0]  	351	9 
[10, 1, 9, 0]  	354	9 
[8, 18, 2, 0]  	356	8 
[7, 3, 9, 0]  	356	8 
[14, 1, 8, 0]  	357	9 
[9, 2, 9, 0]  	359	8 
[8, 16, 3, 0]  	359	8 
[18, 1, 7, 0]  	360	9 
[7, 17, 3, 0]  	364	8 
[8, 1, 10, 0]  	367	8 
[6, 18, 3, 0]  	369	7 
[7, 2, 10, 0]  	372	7 
[6, 16, 4, 0]  	372	7 
[14, 0, 9, 0]  	373	8 
[7, 0, 11, 0]  	375	7 
[18, 0, 8, 0]  	376	8 
[6, 3, 10, 0]  	377	7 
[5, 17, 4, 0]  	377	7 
[24, 1, 6, 0]  	379	8 
[22, 0, 7, 0]  	379	8 
[6, 1, 11, 0]  	380	7 
[7, 14, 5, 0]  	383	7 
[5, 2, 11, 0]  	385	6 
[4, 16, 5, 0]  	385	6 
[12, 0, 10, 0]  	386	7 
[6, 26, 0, 0]  	386	7 
[6, 15, 5, 0]  	388	6 
[5, 0, 12, 0]  	388	6 
[6, 24, 1, 0]  	389	7 
[5, 27, 0, 0]  	391	6 
[6, 22, 2, 0]  	392	7 
[5, 25, 1, 0]  	394	6 
[5, 14, 6, 0]  	396	6 
[5, 23, 2, 0]  	397	6 
[5, 12, 7, 0]  	399	6 
[5, 21, 3, 0]  	400	6 
[4, 15, 6, 0]  	401	5 
[3, 29, 0, 0]  	401	5 
[5, 10, 8, 0]  	402	6 
[4, 13, 7, 0]  	404	5 
[3, 16, 6, 0]  	406	6 
[4, 11, 8, 0]  	407	5 
[5, 6, 10, 0]  	408	6 
[4, 0, 13, 0]  	409	5 
[4, 9, 9, 0]  	410	5 
[4, 7, 10, 0]  	413	5 
[3, 1, 13, 0]  	414	5 
[4, 25, 2, 0]  	415	5 
[4, 5, 11, 0]  	416	6 
[3, 28, 1, 0]  	417	4 
[4, 23, 3, 0]  	418	5 
[3, 26, 2, 0]  	420	4 
[4, 21, 4, 0]  	421	5 
[3, 15, 7, 0]  	422	5 
[3, 13, 8, 0]  	425	4 
[3, 20, 5, 0]  	429	5 
[3, 0, 14, 0]  	430	4 
[3, 9, 10, 0]  	431	4 
[2, 12, 9, 0]  	433	3 
[3, 7, 11, 0]  	434	4 
[2, 30, 1, 0]  	435	5 
[3, 25, 3, 0]  	436	3 
[2, 10, 10, 0]  	436	3 
[3, 5, 12, 0]  	437	5 
[3, 23, 4, 0]  	439	3 
[2, 8, 11, 0]  	439	3 
[2, 26, 3, 0]  	441	3 
[2, 6, 12, 0]  	442	4 
[2, 15, 8, 0]  	443	4 
[2, 24, 4, 0]  	444	3 
[2, 33, 0, 0]  	445	5 
[1, 25, 4, 0]  	449	2 
[2, 20, 6, 0]  	450	4 
[1, 23, 5, 0]  	452	2 
[1, 21, 6, 0]  	455	3 
[2, 5, 13, 0]  	458	4 
[1, 8, 12, 0]  	460	2 
[1, 35, 0, 0]  	463	3 
[2, 1, 15, 0]  	464	4 
[0, 9, 12, 0]  	465	1 
[2, 19, 7, 0]  	466	4 
[0, 36, 0, 0]  	468	2  <--- 2
[1, 29, 3, 0]  	472	3 
[0, 23, 6, 0]  	473	1 
[2, 4, 14, 0]  	474	4 
[1, 7, 13, 0]  	476	2 
[1, 34, 1, 0]  	479	3 
[2, 0, 16, 0]  	480	3 
[0, 8, 13, 0]  	481	1 
[0, 35, 1, 0]  	484	2 
[1, 19, 8, 0]  	487	3 
[0, 22, 7, 0]  	489	1 
[1, 6, 14, 0]  	492	2 
[1, 15, 10, 0]  	493	3 
[0, 7, 14, 0]  	497	1 
[0, 34, 2, 0]  	500	2 
[1, 0, 17, 0]  	501	2 
[1, 18, 9, 0]  	503	3 
[0, 21, 8, 0]  	505	1 
[1, 5, 15, 0]  	508	2 
[0, 6, 15, 0]  	513	1 
[0, 33, 3, 0]  	516	2 
[0, 20, 9, 0]  	521	1 
[0, 29, 5, 0]  	522	2 
[1, 4, 16, 0]  	524	2 
[0, 5, 16, 0]  	529	1 
[0, 32, 4, 0]  	532	2 
[0, 19, 10, 0]  	537	1 
[0, 4, 17, 0]  	545	1 
[0, 0, 19, 0]  	551	1  <--- 3
[0, 18, 11, 0]  	553	1 
[0, 3, 18, 0]  	561	1 
[12, 6, 1, 1]  	203	8 
[8, 4, 5, 1]  	261	8 
[7, 18, 0, 1]  	290	8 
[22, 1, 6, 1]  	363	9 
[10, 0, 10, 1]  	370	8 
[4, 1, 12, 1]  	393	6 
[5, 8, 9, 1]  	405	6 
[4, 27, 1, 1]  	412	5 
[3, 24, 3, 1]  	423	4 
[3, 22, 4, 1]  	426	4 
[3, 11, 9, 1]  	428	4 
[2, 22, 5, 1]  	447	3 
[2, 29, 2, 1]  	451	4 
[1, 20, 7, 1]  	471	3 
[1, 33, 2, 1]  	495	3 
[1, 10, 11, 2]  	457	2 
[0, 24, 5, 48]  	457	1 
[10, 5, 2, 49]  	203	7 
[6, 3, 6, 49]  	261	7 
[20, 0, 7, 49]  	363	7 
[7, 13, 5, 49]  	370	6 
[5, 26, 0, 49]  	378	4 
[3, 15, 6, 49]  	393	5 
[4, 22, 3, 49]  	405	4 
[2, 30, 0, 49]  	406	5 
[3, 12, 8, 49]  	412	4 
[2, 9, 10, 49]  	423	2 
[2, 7, 11, 49]  	426	2 
[2, 25, 3, 49]  	428	3 
[1, 7, 12, 49]  	447	2 
[2, 0, 15, 49]  	451	3 
[0, 34, 1, 49]  	471	2 
[1, 4, 15, 49]  	495	2 
------
The gap is between 3 and 47.
Lengths: 3 3 6 6 3 3.
For 490 = 5*d/2-d1-d2-d3 you get 3 in char 0.
1*x^1*y^17*z^9
1*y^31*z^3
1*y^2*z^16

For 274 = 3*d/2-d1-d2-d3 you get 6 in char 0.
1*x^5*y^18
1*x^4*y^3*z^7
1*x^3*y^17*z^1
1*x^2*y^2*z^8
1*x^1*y^16*z^2
1*y^1*z^9

For 58 = d/2-d1-d2-d3 you get 3 in char 0.
1*x^4*y^2
1*x^2*y^1*z^1
1*z^2

Extra powers of p used 0.
The invariant extra is equal to 4.
Start computing 5^3 Delta^1 (x1x2x3)^4... Done.
Start computing 5^4 Delta^2 (x1x2x3)^4... Done.
Start computing 5^5 Delta^3 (x1x2x3)^4... Done.
Start computing 5^6 Delta^4 (x1x2x3)^4... Done.
Start computing 5^7 Delta^5 (x1x2x3)^4... Done.
Start computing 5^8 Delta^6 (x1x2x3)^4... Done.
Start computing 5^9 Delta^7 (x1x2x3)^4... Done.
Start computing 5^10 Delta^8 (x1x2x3)^4... Done.
Start computing 5^11 Delta^9 (x1x2x3)^4... Done.
Start computing 5^12 Delta^10 (x1x2x3)^4... Done.
Start computing 5^13 Delta^11 (x1x2x3)^4... Done.
Start computing 5^14 Delta^12 (x1x2x3)^4... Done.
Start computing aa.
1 2 3 4 5 6 7 8 9 10 11 12 
*/
A = \
[29653809475802411494315094049476,56525768843066567735788992817586,8720813513496936626168764320183,92038445718509628216605135305230,128416720209820426022421605315805,126264761839087918441380862413445,16015192242741528641016435677710,52545311599372240890597300964110,105536821920257612588167038258065,55480789506491405213412144579525,43042117344238506743498276104500,46541982506974110405442973622675;\
2841407559507517541669546378155,10677220553088894551132917626481,11379269265611916860168518015506,78886344771272345523283147176355,71736082722832075491172523051360,66116718047037711559226187778310,86793060609819736386165172028730,81505939037756028840781712491785,83122553901423128964458045322120,25555881764534586215658346495825,12352098787227321817931806604000,93639287323868825321449804767250;\
91139364050537020529349264406840,2659136196273737402435036093314,56112944837312363853244199555645,43347075943867046749044033624970,73683699840225094120765810593365,80013804505142149974767583327125,100757366656206366177890223982045,98387311271747606283664039645720,21752122724026315258352360466860,15025896319328283253928699105475,21151051834674431209019309552725,45417542698630897999619789985900;\
135796375508093366144997888534106,127200400915798041543157189941738,85994761048189178285445416971096,63123235365915537573461427480360,61472794943868393375799521689895,82399940383327751284561281915,38522214565140304093468641958640,31092796462054258665460826192860,46058115103319979172051065699680,132606325555429559306890500519475,75109128553309914577843107642475,96546371038433426856868775943675;\
76577152347878762588119278919970,123568613388458161262477620200046,43222103662885324493836991138675,105591337777759805136103112120405,67013153294943222842575312420870,75865301160755039049585101936400,44663314346156282208117551264615,59107465756334883278712200086965,111339412906646715198887117985335,119963622401026061741088473407625,80048965938491286461504770302750,101170950821588196137836839063100;\
6426791125483362800571792392692,31875726717464863444047171760075,29201844721571871256789485799329,125168897341861516907746764436930,101750368708769813691744041729590,98430319345961952080468304434200,60084563855036220764909537438195,15148543761926290394112910969635,45716139707499784366379069726620,18687734933530353874706172074825,55681239802598098304482463250125,43183538625744090866154471293900;\
127982454238512291403026837962182,3708535245853000864100048219384,54396848167696001543645686083985,70023312846962862615411412338110,85678293543878785726046310565980,106055877075620319471601664984455,75458794760053858684632918634565,91019927759284288412965875017775,25223637472110352084255782697415,50327916650211818765488930374400,44688458632914274514807159696575,135160959521218738784073428189525;\
50520576047596272534234773171106,89201087439851034887329174286984,124289339091528617332932914548912,115766063368881915413741738645430,103563148047839507767160320610865,45534390392711301927938952548035,41440443298712508575556244699220,54948236988586880568247988938645,122067019264070644406585213751200,32262793169285961071248299742000,141732336080742217582082450970525,29310093565473874889139178029300;\
29890675266295829174580233580982,24548809718657471851965764799455,42066627812910073520232373279818,91440137245362970044586146522705,1766451669667176863832115325065,49927368900887189000602473388075,33694581759762294275014122654570,110577286595297388909249133293570,66701567488565940433918764962930,112145727985207903314002328560675,36543344259358026850175934971175,10595849704262061577706489318075;\
70843466189568210626421031557807,17573448279503001464966228531628,94889758087480804176927232158494,71626519099374552314256880162425,74592133567756728210574117221880,122455370446062077335158362211215,106703997335644322413220132365245,133818843948263575382759609956025,130023499715689794891619954950645,124242073673663279022693047524575,99740034049045760674558832119000,121606917503893622016960544907000;\
81365340307264364756964072071891,34394394522555876550608959756389,82986701464231892331794949333002,31102013975603978608567571193550,56022589935520909975622195533015,79352430706131256541695390356345,136366071036436016645989024879935,26798108790947320633909912844150,98097225477548952665914197588585,113099926715189188354418073883825,24182347342113555067326114106375,50658441678632553954416011497625;\
6157341010957190836429612458944,43795803940281507593939367081680,41987247250647645117670903277112,9638359492694349597565819506565,14745978910442979702005156115310,108999026440542149709409564289290,58982258388426526792675534840395,82969051691330013207965196915750,28861925123113349024372517236320,115257957375136852552267365449950,81539746422520405197972634285200,66858844650190842573136498156500]
/* 
This should be the matrix of frobenius!
*/ 
B = A; 
/* Freed 129 lists. */
