/* Comments begin... 
Coefficient of   x^27                     = 2
Coefficient of   x^14 * y^8               = 0
Coefficient of   x^12 * y^7 * z^1         = 1
Coefficient of   x^10 * y^6 * z^2         = -2
Coefficient of   x^8 * y^5 * z^3         = 2
Coefficient of   x^6 * y^4 * z^4         = 2
Coefficient of   x^4 * y^3 * z^5         = 2
Coefficient of   x^2 * y^2 * z^6         = 0
Coefficient of   x^1 * y^16               = 2
Coefficient of   y^1 * z^7               = 0

Here is the polynomial we're using this time:

2*x^27 + 1*x^12*y^7*z^1 + -2*x^10*y^6*z^2 + 2*x^8*y^5*z^3 + 2*x^6*y^4*z^4 + 2*x^4*y^3*z^5 + 2*x^1*y^16

Allocate G_len 20 elements and old = 0.
Allocate M_len = 400 elements.
Allocate G_len 40 elements and old = 20.
Allocate M_len = 800 elements.
Allocate G_len 80 elements and old = 40.
Allocate M_len = 1600 elements.
Allocate M_len = 3200 elements.
Allocate G_len 160 elements and old = 80.
Allocate M_len = 6400 elements.
Not smooth!
Coefficient of   x^27                     = 0
Coefficient of   x^14 * y^8               = -1
Coefficient of   x^12 * y^7 * z^1         = 1
Coefficient of   x^10 * y^6 * z^2         = 0
Coefficient of   x^8 * y^5 * z^3         = 2
Coefficient of   x^6 * y^4 * z^4         = -2
Coefficient of   x^4 * y^3 * z^5         = -1
Coefficient of   x^2 * y^2 * z^6         = 0
Coefficient of   x^1 * y^16               = -2
Coefficient of   y^1 * z^7               = -2

Here is the polynomial we're using this time:

-1*x^14*y^8 + 1*x^12*y^7*z^1 + 2*x^8*y^5*z^3 + -2*x^6*y^4*z^4 + -1*x^4*y^3*z^5 + -2*x^1*y^16 + -2*y^1*z^7

Not smooth!
Coefficient of   x^27                     = 2
Coefficient of   x^14 * y^8               = 1
Coefficient of   x^12 * y^7 * z^1         = 1
Coefficient of   x^10 * y^6 * z^2         = 2
Coefficient of   x^8 * y^5 * z^3         = -1
Coefficient of   x^6 * y^4 * z^4         = -1
Coefficient of   x^4 * y^3 * z^5         = -2
Coefficient of   x^2 * y^2 * z^6         = 2
Coefficient of   x^1 * y^16               = -2
Coefficient of   y^1 * z^7               = -1

Here is the polynomial we're using this time:

2*x^27 + 1*x^14*y^8 + 1*x^12*y^7*z^1 + 2*x^10*y^6*z^2 + -1*x^8*y^5*z^3 + -1*x^6*y^4*z^4 + -2*x^4*y^3*z^5 + 2*x^2*y^2*z^6 + -2*x^1*y^16 + -1*y^1*z^7

Allocate M_len = 12800 elements.
Allocate G_len 320 elements and old = 160.
Allocate M_len = 25600 elements.
The final length of G is 174
[12, 7, 0, 0]  	187	7 
[26, 0, 0, 0]  	208	8  <--- 1
[10, 6, 2, 0]  	216	7 
[10, 5, 3, 0]  	232	8 
[8, 5, 4, 0]  	245	7 
[8, 4, 5, 0]  	261	8 
[6, 4, 6, 0]  	274	7 
[7, 18, 0, 0]  	290	8 
[24, 6, 1, 0]  	299	13 
[22, 5, 2, 0]  	299	13 
[18, 4, 4, 0]  	312	12 
[22, 4, 3, 0]  	315	12 
[14, 3, 6, 0]  	325	11 
[11, 3, 7, 0]  	330	10 
[22, 3, 4, 0]  	331	11 
[11, 17, 1, 0]  	338	10 
[14, 2, 7, 0]  	341	10 
[9, 3, 8, 0]  	343	9 
[20, 3, 5, 0]  	344	10 
[18, 2, 6, 0]  	344	10 
[11, 2, 8, 0]  	346	9 
[22, 2, 5, 0]  	347	10 
[10, 1, 9, 0]  	354	9 
[7, 3, 9, 0]  	356	8 
[14, 1, 8, 0]  	357	9 
[9, 2, 9, 0]  	359	8 
[8, 16, 3, 0]  	359	8 
[18, 1, 7, 0]  	360	9 
[22, 1, 6, 0]  	363	9 
[7, 17, 3, 0]  	364	8 
[6, 18, 3, 0]  	369	7 
[10, 0, 10, 0]  	370	8 
[7, 2, 10, 0]  	372	7 
[6, 16, 4, 0]  	372	7 
[14, 0, 9, 0]  	373	8 
[7, 0, 11, 0]  	375	7 
[18, 0, 8, 0]  	376	8 
[6, 3, 10, 0]  	377	7 
[5, 17, 4, 0]  	377	7 
[22, 0, 7, 0]  	379	8 
[6, 1, 11, 0]  	380	7 
[5, 2, 11, 0]  	385	7 
[6, 26, 0, 0]  	386	7 
[6, 15, 5, 0]  	388	7 
[5, 27, 0, 0]  	391	6 
[6, 22, 2, 0]  	392	7 
[5, 16, 5, 0]  	393	6 
[4, 1, 12, 0]  	393	6 
[6, 0, 12, 0]  	396	6 
[5, 14, 6, 0]  	396	6 
[5, 23, 2, 0]  	397	6 
[5, 21, 3, 0]  	400	6 
[4, 15, 6, 0]  	401	6 
[5, 10, 8, 0]  	402	6 
[4, 13, 7, 0]  	404	5 
[5, 8, 9, 0]  	405	6 
[5, 26, 1, 0]  	407	5 
[4, 11, 8, 0]  	407	5 
[5, 6, 10, 0]  	408	6 
[4, 29, 0, 0]  	409	5 
[4, 0, 13, 0]  	409	5 
[4, 9, 9, 0]  	410	5 
[4, 27, 1, 0]  	412	5 
[4, 7, 10, 0]  	413	5 
[3, 30, 0, 0]  	414	5 
[3, 1, 13, 0]  	414	5 
[4, 25, 2, 0]  	415	5 
[4, 5, 11, 0]  	416	6 
[3, 28, 1, 0]  	417	4 
[4, 23, 3, 0]  	418	5 
[4, 21, 4, 0]  	421	5 
[3, 15, 7, 0]  	422	5 
[3, 24, 3, 0]  	423	4 
[3, 22, 4, 0]  	426	4 
[3, 20, 5, 0]  	429	5 
[3, 0, 14, 0]  	430	4 
[3, 27, 2, 0]  	433	4 
[2, 30, 1, 0]  	435	5 
[2, 10, 10, 0]  	436	3 
[3, 5, 12, 0]  	437	5 
[2, 8, 11, 0]  	439	3 
[2, 26, 3, 0]  	441	3 
[2, 6, 12, 0]  	442	4 
[2, 15, 8, 0]  	443	4 
[2, 24, 4, 0]  	444	3 
[3, 19, 6, 0]  	445	5 
[2, 33, 0, 0]  	445	5 
[2, 22, 5, 0]  	447	3 
[1, 25, 4, 0]  	449	2 
[2, 20, 6, 0]  	450	4 
[2, 29, 2, 0]  	451	4 
[1, 23, 5, 0]  	452	2 
[1, 21, 6, 0]  	455	3 
[1, 10, 11, 0]  	457	2 
[2, 5, 13, 0]  	458	4 
[1, 8, 12, 0]  	460	2 
[2, 1, 15, 0]  	464	4 
[0, 9, 12, 0]  	465	1 
[0, 36, 0, 0]  	468	2  <--- 2
[1, 20, 7, 0]  	471	3 
[1, 29, 3, 0]  	472	3 
[0, 23, 6, 0]  	473	1 
[2, 4, 14, 0]  	474	4 
[1, 7, 13, 0]  	476	2 
[1, 34, 1, 0]  	479	3 
[0, 8, 13, 0]  	481	1 
[0, 35, 1, 0]  	484	2 
[1, 19, 8, 0]  	487	3 
[0, 22, 7, 0]  	489	1 
[1, 6, 14, 0]  	492	2 
[1, 15, 10, 0]  	493	3 
[1, 33, 2, 0]  	495	3 
[0, 7, 14, 0]  	497	1 
[0, 34, 2, 0]  	500	2 
[1, 0, 17, 0]  	501	2 
[0, 21, 8, 0]  	505	1 
[1, 5, 15, 0]  	508	2 
[0, 6, 15, 0]  	513	1 
[0, 33, 3, 0]  	516	2 
[0, 20, 9, 0]  	521	1 
[0, 29, 5, 0]  	522	2 
[0, 5, 16, 0]  	529	1 
[0, 32, 4, 0]  	532	2 
[0, 19, 10, 0]  	537	1 
[0, 4, 17, 0]  	545	1 
[0, 0, 19, 0]  	551	1  <--- 3
[0, 18, 11, 0]  	553	1 
[0, 3, 18, 0]  	561	1 
[18, 3, 5, 1]  	328	11 
[9, 17, 2, 1]  	351	9 
[7, 14, 5, 1]  	383	7 
[4, 16, 5, 1]  	385	6 
[5, 0, 12, 1]  	388	6 
[5, 25, 1, 1]  	394	6 
[5, 12, 7, 1]  	399	6 
[3, 16, 6, 1]  	406	6 
[3, 26, 2, 1]  	420	4 
[3, 13, 8, 1]  	425	4 
[3, 11, 9, 1]  	428	4 
[3, 9, 10, 1]  	431	4 
[2, 12, 9, 1]  	433	3 
[1, 35, 0, 1]  	463	3 
[2, 19, 7, 1]  	466	4 
[2, 0, 16, 1]  	480	3 
[1, 18, 9, 1]  	503	3 
[1, 4, 16, 1]  	524	2 
[12, 6, 1, 2]  	203	8 
[8, 1, 10, 2]  	367	8 
[6, 24, 1, 2]  	389	7 
[3, 29, 0, 2]  	401	5 
[3, 7, 11, 3]  	434	4 
[2, 21, 5, 47]  	434	3 
[10, 5, 2, 48]  	203	7 
[5, 9, 8, 48]  	389	6 
[3, 0, 13, 48]  	401	4 
[16, 2, 6, 49]  	328	6 
[8, 2, 9, 49]  	351	6 
[7, 15, 4, 49]  	367	6 
[6, 0, 11, 49]  	367	3 
[6, 14, 5, 49]  	375	6 
[4, 13, 6, 49]  	375	4 
[3, 1, 12, 49]  	385	4 
[4, 10, 8, 49]  	394	5 
[4, 26, 1, 49]  	399	5 
[4, 24, 2, 49]  	402	5 
[2, 30, 0, 49]  	406	5 
[1, 25, 3, 49]  	420	1 
[2, 27, 2, 49]  	425	3 
[2, 23, 4, 49]  	431	3 
[1, 11, 10, 49]  	441	2 
[1, 6, 13, 49]  	463	2 
[1, 33, 1, 49]  	466	2 
[0, 32, 3, 49]  	503	1 
[0, 18, 10, 49]  	524	1 
------
The gap is between 4 and 46.
Lengths: 3 3 6 6 3 3.
For 490 = 5*d/2-d1-d2-d3 you get 3 in char 0.
1*x^1*y^17*z^9
1*y^31*z^3
1*y^2*z^16

For 274 = 3*d/2-d1-d2-d3 you get 6 in char 0.
1*x^5*y^18
1*x^4*y^3*z^7
1*x^3*y^17*z^1
1*x^2*y^2*z^8
1*x^1*y^16*z^2
1*y^1*z^9

For 58 = d/2-d1-d2-d3 you get 3 in char 0.
1*x^4*y^2
1*x^2*y^1*z^1
1*z^2

Extra powers of p used 0.
The invariant extra is equal to 4.
Start computing 5^3 Delta^1 (x1x2x3)^4... Done.
Start computing 5^4 Delta^2 (x1x2x3)^4... Done.
Start computing 5^5 Delta^3 (x1x2x3)^4... Done.
Start computing 5^6 Delta^4 (x1x2x3)^4... Done.
Start computing 5^7 Delta^5 (x1x2x3)^4... Done.
Start computing 5^8 Delta^6 (x1x2x3)^4... Done.
Start computing 5^9 Delta^7 (x1x2x3)^4... Done.
Start computing 5^10 Delta^8 (x1x2x3)^4... Done.
Start computing 5^11 Delta^9 (x1x2x3)^4... Done.
Start computing 5^12 Delta^10 (x1x2x3)^4... Done.
Start computing 5^13 Delta^11 (x1x2x3)^4... Done.
Start computing 5^14 Delta^12 (x1x2x3)^4... Done.
Start computing aa.
1 2 3 4 5 6 7 8 9 10 11 12 
*/
A = \
[25303337360316269759146145658233,67651640182291200084689687354185,92809927515147871107288733476011,62112034550116324934405238414555,39058171115009632357946029541160,70364146884444431762741739697375,93410020421196726234076142847635,81981021366329932467248077828870,60309469389359293094173801664965,3133540841333537493908456084975,82481723184535728487203082986250,122908183449773367314874339461125;\
135296861647918488971431645714025,103289453441265174176899158597419,134182870669277469162575070159526,27004563402316258290699272763555,79273559317019515224848820675220,131837006583848400254794384881115,67053899013762103379393573541280,116068890581335889988709628738040,105279043193789050459807307286390,99451535396852384964502860444200,90266234028317708225576012651525,105706191466576011634608681931500;\
117214001261725137525328090384550,27848359712853110732135149297821,11482350629497286812342267895802,4935794527996191150117751761295,100181729699777477868452382160810,23937692387952800647943206164625,26692728859337507440603029484230,6444616626543962343217189834685,122380981197138908848233007685555,62704126330438612380909214353875,118088163052715657909665438452425,136987207565027939786210375491775;\
93218298917579423805182589571330,107115830673385152800843030839374,37281515484160915725270296837145,19899083439078609103118012096435,131965359014239504516575339334810,22277282629707378644661607786040,137194173624881168176439601793680,83919246597133618422385984799550,82476959189434030642499337119815,130376436110253628041444694946050,85186579427464603541702960127850,34488644698114284079711297758150;\
62573253275602372724033837308974,34056658151063347255374899849717,90486080898529340313127621712456,68510617690971018887672062673460,491291427858717033954392820985,57191053757269205407470777594320,91239722437732771906733777016430,95273723503205119222496750262600,51472285884065344366038046050805,51157449157893541224438781398775,65323312794464251563370425136275,104444834862994794257504061278050;\
44661990058389558639688910035306,13461383014385627393458580248999,50734213596652931457177704193836,104752651726552060588996510991410,30187195101400176204166093480065,73450871974099599987122865469880,127411127995721746902783475765420,82698330838098700971522910018010,131893984268728837119814818137525,136622687119119672848026909020900,12281106914132925011068653025800,16079128904551988554061206809825;\
137243698496348667128649996388859,138605858351229013074006238487619,125679358841506312460646093626660,100716173535203856139204952476740,38890930166828217941852249884190,84185860660877603620503716653235,126695088002028846844908641443590,74011092971630977382785056860785,83799631109803057246318251592660,15171672604382160030735076256450,20609090707251811502125100182450,60336668494812016246880537160875;\
133715851213888729742543908971575,6647267835519470555524437992029,43915816280793081081780165248906,110074298800960418300479425130150,118830034490322543871698782820550,73140309260808149642957392337210,17172832047492856442056220877045,81801934749834020107414831756735,3217062238994453522102178048320,7016964611543197088235302661875,58485453243197650664384620575875,86350205593711040691607693688425;\
117451605729990134480013398176852,50838023194616664612321384232450,116245563251827936980330037386032,14332969118866156002899196546325,130750586872858703300558954456415,110434946923257409121903540712645,49601172846391001583509483538305,92579208603555201524158050906535,15429915757537041650428887004075,19185140867493842512895386171275,95951404291839311376589932685925,2846528174050923401586564323475;\
116992578884734950389853983214124,59325998416069555738853712528506,104604623171498549261413629301264,120940722278122590051534553415545,122071516901088142387566699030720,107056692809985861554706486153750,49798666162047465302904600009000,11667839093667210702762348281645,43855088644150388030341776334090,76569079643939983189858836773800,14603521221584222967536617526850,79119408787502787398734297738750;\
103996137896266506253000168430625,52632287482259007493950008315825,104131277580070348377780784929115,128892482212341061134117949666500,59258333491650057276758717820075,121686383587214555305151336057900,78831595184226581592586889878350,141291106192547551522616911595050,33067189139728003081237068721425,15703485426600722481308479203200,37836566896567925276725212628875,5593919852229520239873184409000;\
95420380815659569339661168968262,94130187558168019241190173984686,95332909068824625546552885037672,58787618880633709319792382166520,66722226492927900646596821522430,56984399029441608173230770592880,53698626323997051271634493124320,120311614132441316345329104824385,43280222467568235351321952717315,21331102503921228030990272758850,87154561103639820915857101837125,16489504947227912318458921682300]
/* 
This should be the matrix of frobenius!
*/ 
B = A; 
/* Freed 130 lists. */
