/* Comments begin... 
Coefficient of   x^27                     = 2
Coefficient of   x^14 * y^8               = -1
Coefficient of   x^12 * y^7 * z^1         = -2
Coefficient of   x^10 * y^6 * z^2         = -2
Coefficient of   x^8 * y^5 * z^3         = -2
Coefficient of   x^6 * y^4 * z^4         = -2
Coefficient of   x^4 * y^3 * z^5         = -1
Coefficient of   x^2 * y^2 * z^6         = -2
Coefficient of   x^1 * y^16               = 1
Coefficient of   y^1 * z^7               = -2

Here is the polynomial we're using this time:

2*x^27 + -1*x^14*y^8 + -2*x^12*y^7*z^1 + -2*x^10*y^6*z^2 + -2*x^8*y^5*z^3 + -2*x^6*y^4*z^4 + -1*x^4*y^3*z^5 + -2*x^2*y^2*z^6 + 1*x^1*y^16 + -2*y^1*z^7

Allocate G_len 20 elements and old = 0.
Allocate M_len = 400 elements.
Allocate G_len 40 elements and old = 20.
Allocate M_len = 800 elements.
Allocate G_len 80 elements and old = 40.
Allocate M_len = 1600 elements.
Allocate M_len = 3200 elements.
Allocate G_len 160 elements and old = 80.
Allocate M_len = 6400 elements.
Allocate M_len = 12800 elements.
Allocate G_len 320 elements and old = 160.
The final length of G is 169
[12, 7, 0, 0]  	187	7 
[12, 6, 1, 0]  	203	8 
[26, 0, 0, 0]  	208	8  <--- 1
[10, 6, 2, 0]  	216	7 
[10, 5, 3, 0]  	232	8 
[8, 4, 5, 0]  	261	8 
[6, 4, 6, 0]  	274	7 
[7, 18, 0, 0]  	290	8 
[22, 5, 2, 0]  	299	13 
[22, 4, 3, 0]  	315	12 
[18, 3, 5, 0]  	328	11 
[11, 3, 7, 0]  	330	10 
[22, 3, 4, 0]  	331	12 
[11, 17, 1, 0]  	338	10 
[16, 3, 6, 0]  	341	9 
[14, 2, 7, 0]  	341	10 
[9, 3, 8, 0]  	343	9 
[18, 2, 6, 0]  	344	10 
[11, 2, 8, 0]  	346	9 
[22, 2, 5, 0]  	347	10 
[9, 17, 2, 0]  	351	9 
[7, 3, 9, 0]  	356	8 
[14, 1, 8, 0]  	357	10 
[9, 2, 9, 0]  	359	8 
[18, 1, 7, 0]  	360	9 
[22, 1, 6, 0]  	363	9 
[9, 16, 3, 0]  	367	8 
[8, 1, 10, 0]  	367	8 
[6, 18, 3, 0]  	369	7 
[10, 0, 10, 0]  	370	9 
[8, 17, 3, 0]  	372	7 
[7, 2, 10, 0]  	372	7 
[6, 16, 4, 0]  	372	7 
[14, 0, 9, 0]  	373	8 
[7, 0, 11, 0]  	375	7 
[18, 0, 8, 0]  	376	8 
[6, 3, 10, 0]  	377	7 
[5, 17, 4, 0]  	377	7 
[22, 0, 7, 0]  	379	8 
[6, 1, 11, 0]  	380	7 
[9, 15, 4, 0]  	383	7 
[7, 14, 5, 0]  	383	7 
[5, 2, 11, 0]  	385	7 
[6, 26, 0, 0]  	386	7 
[6, 15, 5, 0]  	388	6 
[5, 0, 12, 0]  	388	6 
[6, 24, 1, 0]  	389	7 
[5, 27, 0, 0]  	391	6 
[6, 22, 2, 0]  	392	7 
[5, 16, 5, 0]  	393	6 
[4, 1, 12, 0]  	393	6 
[5, 25, 1, 0]  	394	6 
[5, 14, 6, 0]  	396	6 
[5, 23, 2, 0]  	397	6 
[5, 12, 7, 0]  	399	6 
[5, 21, 3, 0]  	400	6 
[4, 15, 6, 0]  	401	5 
[3, 29, 0, 0]  	401	5 
[5, 10, 8, 0]  	402	6 
[4, 13, 7, 0]  	404	5 
[3, 16, 6, 0]  	406	6 
[4, 11, 8, 0]  	407	5 
[5, 6, 10, 0]  	408	6 
[4, 0, 13, 0]  	409	5 
[4, 9, 9, 0]  	410	5 
[4, 27, 1, 0]  	412	5 
[4, 7, 10, 0]  	413	5 
[3, 1, 13, 0]  	414	5 
[4, 25, 2, 0]  	415	5 
[4, 5, 11, 0]  	416	6 
[4, 23, 3, 0]  	418	5 
[3, 15, 7, 0]  	422	5 
[3, 24, 3, 0]  	423	4 
[3, 22, 4, 0]  	426	4 
[3, 20, 5, 0]  	429	5 
[3, 9, 10, 0]  	431	4 
[3, 27, 2, 0]  	433	4 
[3, 7, 11, 0]  	434	4 
[2, 30, 1, 0]  	435	5 
[2, 10, 10, 0]  	436	3 
[3, 5, 12, 0]  	437	5 
[2, 8, 11, 0]  	439	3 
[3, 12, 9, 0]  	441	3 
[2, 26, 3, 0]  	441	3 
[2, 6, 12, 0]  	442	4 
[2, 24, 4, 0]  	444	3 
[2, 33, 0, 0]  	445	5 
[2, 22, 5, 0]  	447	3 
[1, 25, 4, 0]  	449	2 
[2, 20, 6, 0]  	450	4 
[2, 29, 2, 0]  	451	4 
[1, 23, 5, 0]  	452	2 
[1, 21, 6, 0]  	455	3 
[1, 10, 11, 0]  	457	2 
[3, 0, 15, 0]  	459	4 
[1, 8, 12, 0]  	460	2 
[1, 35, 0, 0]  	463	3 
[0, 9, 12, 0]  	465	1 
[2, 19, 7, 0]  	466	4 
[0, 36, 0, 0]  	468	2  <--- 2
[1, 20, 7, 0]  	471	3 
[2, 15, 9, 0]  	472	3 
[1, 29, 3, 0]  	472	3 
[0, 23, 6, 0]  	473	1 
[2, 4, 14, 0]  	474	4 
[1, 34, 1, 0]  	479	3 
[2, 0, 16, 0]  	480	3 
[0, 8, 13, 0]  	481	1 
[0, 35, 1, 0]  	484	2 
[1, 19, 8, 0]  	487	3 
[0, 22, 7, 0]  	489	1 
[1, 6, 14, 0]  	492	2 
[1, 15, 10, 0]  	493	3 
[1, 33, 2, 0]  	495	3 
[0, 7, 14, 0]  	497	1 
[0, 34, 2, 0]  	500	2 
[1, 0, 17, 0]  	501	2 
[1, 18, 9, 0]  	503	3 
[0, 21, 8, 0]  	505	1 
[1, 5, 15, 0]  	508	2 
[0, 6, 15, 0]  	513	1 
[0, 33, 3, 0]  	516	2 
[0, 20, 9, 0]  	521	1 
[0, 29, 5, 0]  	522	2 
[1, 4, 16, 0]  	524	2 
[0, 5, 16, 0]  	529	1 
[0, 32, 4, 0]  	532	2 
[0, 19, 10, 0]  	537	1 
[0, 4, 17, 0]  	545	1 
[0, 0, 19, 0]  	551	1  <--- 3
[0, 18, 11, 0]  	553	1 
[0, 3, 18, 0]  	561	1 
[8, 5, 4, 1]  	245	6 
[18, 4, 4, 1]  	312	10 
[14, 3, 6, 1]  	325	11 
[10, 1, 9, 1]  	354	9 
[5, 8, 9, 1]  	405	6 
[3, 28, 1, 1]  	417	4 
[3, 26, 2, 1]  	420	4 
[4, 21, 4, 1]  	421	5 
[3, 13, 8, 1]  	425	4 
[3, 11, 9, 1]  	428	4 
[3, 0, 14, 1]  	430	4 
[2, 12, 9, 1]  	433	3 
[2, 15, 8, 1]  	443	4 
[2, 5, 13, 1]  	458	4 
[2, 1, 15, 1]  	464	4 
[8, 16, 3, 2]  	359	8 
[7, 17, 3, 2]  	364	8 
[4, 16, 5, 2]  	385	6 
[1, 7, 13, 3]  	476	2 
[0, 21, 7, 47]  	476	1 
[7, 1, 10, 48]  	359	7 
[6, 2, 10, 48]  	364	7 
[7, 13, 5, 48]  	370	7 
[3, 1, 12, 48]  	385	5 
[6, 4, 5, 49]  	245	4 
[16, 3, 5, 49]  	312	7 
[12, 2, 7, 49]  	325	7 
[16, 2, 6, 49]  	328	9 
[9, 15, 3, 49]  	354	6 
[9, 0, 10, 49]  	362	7 
[5, 26, 0, 49]  	378	5 
[4, 22, 3, 49]  	405	5 
[1, 27, 2, 49]  	417	2 
[1, 25, 3, 49]  	420	2 
[3, 6, 11, 49]  	421	4 
[1, 19, 7, 49]  	458	2 
[1, 15, 9, 49]  	464	2 
------
The gap is between 4 and 46.
Lengths: 3 3 6 6 3 4.
For 490 = 5*d/2-d1-d2-d3 you get 3 in char 0.
1*x^1*y^17*z^9
1*y^31*z^3
1*y^2*z^16

For 274 = 3*d/2-d1-d2-d3 you get 6 in char 0.
1*x^5*y^18
1*x^4*y^3*z^7
1*x^3*y^17*z^1
1*x^2*y^2*z^8
1*x^1*y^16*z^2
1*y^1*z^9

For 58 = d/2-d1-d2-d3 you get 3 in char 0.
1*x^4*y^2
1*x^2*y^1*z^1
1*z^2

Extra powers of p used 1.
The invariant extra is equal to 4.
Start computing 5^3 Delta^1 (x1x2x3)^4... Done.
Start computing 5^4 Delta^2 (x1x2x3)^4... Done.
Start computing 5^5 Delta^3 (x1x2x3)^4... Done.
Start computing 5^6 Delta^4 (x1x2x3)^4... Done.
Start computing 5^7 Delta^5 (x1x2x3)^4... Done.
Start computing 5^8 Delta^6 (x1x2x3)^4... Done.
Start computing 5^9 Delta^7 (x1x2x3)^4... Done.
Start computing 5^10 Delta^8 (x1x2x3)^4... Done.
Start computing 5^11 Delta^9 (x1x2x3)^4... Done.
Start computing 5^12 Delta^10 (x1x2x3)^4... Done.
Start computing 5^13 Delta^11 (x1x2x3)^4... Done.
Start computing 5^14 Delta^12 (x1x2x3)^4... Done.
Start computing aa.
1 2 3 4 5 6 7 8 9 10 11 12 
*/
A = \
[405832542113750360711589275672898,681206079745328108660888100122754,233434170679872215608438686743937,675875764860068465624597376291470,38458522263195206723575676574890,400799865039000159263090214596245,703640832111794506317534499140485,291618896311062286029579065283285,312817111153465763667058526770100,580433247014918170051660777113400,457406009573612502452595209529875,84743354737557479949722002939750;\
415954513850393856824012860352675,393949338906978314462549975486435,70467239606501931739251943307125,279755718983197193224405351841650,643749404720454330271648010326575,248269957807041967765557051467325,379947036849917070385736448337475,601502231366538242402594493024025,329025449520798815876903803323750,509972124635946896245686556254875,176295842968577611932729738782750,191558952421328146794567001686250;\
156495078773534902294406059456238,574720082952513694707730843637759,479879384559662293430714694175197,22709898857189604294536428358995,278580150042420705220714818107940,37247776796622861507525451137995,677683279459094819209475909483110,386455001722685619144935210794060,644796569233555244762148904712650,415457421165829070241012875257275,643042775020696765238162128777000,566378151107774109933830683220125;\
646562362181384415315036245899742,146265876481508139747092166588486,230161631202059341097798884138698,514386379333906203870685991722430,67185373211419160806978894423235,368825184904795101392103847496055,563354035758578476977192105089640,595266401243982920303311733253915,99044920604616865516032748267425,691483297142150509570384444600,666709177732188518521440313430625,13148700305663895129775256000000;\
359971158555519430865073785062188,435000531932796575936091239030739,591165819293673684395332669651222,688611911313669242860409755382045,474350699105489325486043335693115,613668597960607971553020897118570,526842786663710086481910297136985,584841673186316437622811711748535,402607470135445255549343221911175,536047050440100307780936264262275,133993664386481149020815885931875,459897298958614717029972071591125;\
426444218798927817263941590945287,335722523669240092964136948226976,445468792790016969812957304895303,610760811500142954138829971991005,559198641584131694739241867341135,513468826470487233578264225853180,337349368357969009834630365026915,150037263176860748782108722125715,307712480399648662402801050065000,151471292953321411186986622245100,527553460142031301605517367260000,483156309423744242153988263569875;\
590397013720829371212374176595287,524911982413475776767276569018276,542878372951482125826483836166178,276986804179605537777000244901380,691268024754002389535007041449835,100475556187395446209781340842405,8670415659353347287818784641865,241981511623331636889141868183615,118627316139629161265227281336500,2609262148834139588106147870725,447530515531491990444601370522625,139617563406967153984666974642875;\
612484031743803097194262960288956,18137204082202173391123109599453,118976615774373570406247270841239,341452119140956584676932645263015,238833309396085228395871936240430,452729453730971000287866178022465,336829849739484352725299688686670,212950348204998644039630724853045,532448404388882179301259384241575,297309922267533607207720578817425,497739117223476913343260783215250,507983670970296127285434244190500;\
19692707514007585552237909305755,233135188648095508235890031352505,306142439383799316927954277855195,456474308402306680758330522938875,637490459471441308640174564845300,689768236056692703387543618703925,4422073892212758994768571874375,701616025557176507172734847290350,605370436058753569051476236399950,156813093782369335140641431880875,589658940420736995221004400708875,67792538470814683603381021001375;\
360087302653347942460260270685220,606708859122428883414940852169380,644056085767485137697776655308905,689953935421060461920742864021325,682849277099057589584830741129150,437648097016632891787042282778600,410163540998672700866746764133500,293747884629634843269400644267825,258673158643689349875230430424800,665880624846070668154902556847000,510085985931475114796128351182500,413013581597548095590743416384875;\
137034075459772708082141034161960,520302037039659320673502576846515,203681967928819134871755674616790,371539965794099212496810510288225,311775459008528911418345628376450,605097061114265992418857603808675,102296490958277213385724653444125,494595851236512401607341481645725,165128332417702980606431829682900,218674485270746110703183519702125,58941188877319845100273815950375,255405108880732423376471167703625;\
124869070217498644597283606585590,215500304919240948726365914363265,292546469836071718602834732791435,165997850433254386242533010712250,474208114642626402005019329047000,110652180152009048675471113629150,125291457612076172436336922220275,613799667800007160099265259334100,411684842845341323721309899888175,46638820353758247240908033855625,706126702124082649000030173180375,623958275325605725864529142470125]
/* 
This matrix times 5^(-1) should be the matrix of frobenius.
*/ 
B = 5^(-1) * A; 
/* Freed 130 lists. */
