/* Comments begin... 
Coefficient of   x^27                     = -2
Coefficient of   x^14 * y^8               = 0
Coefficient of   x^12 * y^7 * z^1         = 2
Coefficient of   x^10 * y^6 * z^2         = -1
Coefficient of   x^8 * y^5 * z^3         = 0
Coefficient of   x^6 * y^4 * z^4         = -2
Coefficient of   x^4 * y^3 * z^5         = 2
Coefficient of   x^2 * y^2 * z^6         = -2
Coefficient of   x^1 * y^16               = 2
Coefficient of   y^1 * z^7               = -1

Here is the polynomial we're using this time:

-2*x^27 + 2*x^12*y^7*z^1 + -1*x^10*y^6*z^2 + -2*x^6*y^4*z^4 + 2*x^4*y^3*z^5 + -2*x^2*y^2*z^6 + 2*x^1*y^16 + -1*y^1*z^7

Allocate G_len 20 elements and old = 0.
Allocate M_len = 400 elements.
Allocate G_len 40 elements and old = 20.
Allocate M_len = 800 elements.
Allocate G_len 80 elements and old = 40.
Allocate M_len = 1600 elements.
Allocate M_len = 3200 elements.
Allocate G_len 160 elements and old = 80.
Allocate M_len = 6400 elements.
Allocate M_len = 12800 elements.
Allocate G_len 320 elements and old = 160.
Allocate M_len = 25600 elements.
The final length of G is 186
[12, 7, 0, 0]  	187	6 
[12, 6, 1, 0]  	203	7 
[26, 0, 0, 0]  	208	7  <--- 1
[10, 6, 2, 0]  	216	6 
[10, 5, 3, 0]  	232	8 
[8, 5, 4, 0]  	245	7 
[8, 4, 5, 0]  	261	8 
[6, 4, 6, 0]  	274	7 
[7, 18, 0, 0]  	290	8 
[22, 5, 2, 0]  	299	13 
[18, 4, 4, 0]  	312	12 
[22, 4, 3, 0]  	315	11 
[18, 3, 5, 0]  	328	11 
[11, 3, 7, 0]  	330	10 
[22, 3, 4, 0]  	331	11 
[11, 17, 1, 0]  	338	10 
[16, 3, 6, 0]  	341	10 
[14, 2, 7, 0]  	341	10 
[9, 3, 8, 0]  	343	9 
[18, 2, 6, 0]  	344	10 
[22, 2, 5, 0]  	347	10 
[9, 17, 2, 0]  	351	9 
[12, 2, 8, 0]  	354	10 
[14, 1, 8, 0]  	357	9 
[9, 2, 9, 0]  	359	8 
[8, 16, 3, 0]  	359	8 
[18, 1, 7, 0]  	360	9 
[8, 3, 9, 0]  	364	8 
[7, 17, 3, 0]  	364	8 
[8, 1, 10, 0]  	367	8 
[6, 18, 3, 0]  	369	7 
[10, 0, 10, 0]  	370	8 
[7, 2, 10, 0]  	372	7 
[6, 16, 4, 0]  	372	7 
[14, 0, 9, 0]  	373	8 
[7, 0, 11, 0]  	375	7 
[18, 0, 8, 0]  	376	8 
[6, 3, 10, 0]  	377	8 
[24, 1, 6, 0]  	379	8 
[22, 0, 7, 0]  	379	8 
[6, 1, 11, 0]  	380	7 
[7, 14, 5, 0]  	383	7 
[5, 2, 11, 0]  	385	7 
[6, 26, 0, 0]  	386	7 
[6, 15, 5, 0]  	388	6 
[5, 0, 12, 0]  	388	6 
[6, 24, 1, 0]  	389	7 
[5, 27, 0, 0]  	391	6 
[6, 22, 2, 0]  	392	7 
[4, 1, 12, 0]  	393	6 
[5, 25, 1, 0]  	394	6 
[5, 23, 2, 0]  	397	6 
[5, 12, 7, 0]  	399	6 
[5, 21, 3, 0]  	400	6 
[4, 15, 6, 0]  	401	5 
[5, 10, 8, 0]  	402	6 
[5, 8, 9, 0]  	405	6 
[3, 16, 6, 0]  	406	6 
[5, 6, 10, 0]  	408	6 
[4, 29, 0, 0]  	409	5 
[4, 0, 13, 0]  	409	5 
[4, 27, 1, 0]  	412	5 
[4, 7, 10, 0]  	413	5 
[3, 30, 0, 0]  	414	5 
[3, 1, 13, 0]  	414	5 
[4, 25, 2, 0]  	415	5 
[5, 20, 4, 0]  	416	6 
[4, 14, 7, 0]  	417	4 
[3, 28, 1, 0]  	417	4 
[4, 12, 8, 0]  	420	4 
[3, 26, 2, 0]  	420	4 
[4, 21, 4, 0]  	421	5 
[4, 10, 9, 0]  	423	5 
[3, 13, 8, 0]  	425	4 
[3, 22, 4, 0]  	426	4 
[3, 11, 9, 0]  	428	4 
[4, 6, 11, 0]  	429	5 
[3, 0, 14, 0]  	430	4 
[4, 24, 3, 0]  	431	4 
[3, 9, 10, 0]  	431	4 
[2, 12, 9, 0]  	433	3 
[3, 7, 11, 0]  	434	4 
[3, 25, 3, 0]  	436	3 
[2, 10, 10, 0]  	436	3 
[4, 20, 5, 0]  	437	5 
[3, 5, 12, 0]  	437	5 
[2, 8, 11, 0]  	439	3 
[2, 26, 3, 0]  	441	3 
[3, 21, 5, 0]  	442	4 
[2, 6, 12, 0]  	442	4 
[2, 15, 8, 0]  	443	4 
[2, 22, 5, 0]  	447	3 
[1, 25, 4, 0]  	449	2 
[2, 20, 6, 0]  	450	4 
[1, 23, 5, 0]  	452	2 
[2, 34, 0, 0]  	458	4 
[2, 5, 13, 0]  	458	4 
[1, 8, 12, 0]  	460	2 
[2, 30, 2, 0]  	464	4 
[2, 1, 15, 0]  	464	4 
[0, 9, 12, 0]  	465	1 
[2, 19, 7, 0]  	466	4 
[1, 22, 6, 0]  	468	3 
[1, 20, 7, 0]  	471	3 
[1, 29, 3, 0]  	472	3 
[0, 23, 6, 0]  	473	1 
[2, 4, 14, 0]  	474	4 
[1, 36, 0, 0]  	476	2 
[1, 7, 13, 0]  	476	2 
[1, 34, 1, 0]  	479	3 
[2, 0, 16, 0]  	480	3 
[0, 37, 0, 0]  	481	1  <--- 2
[0, 8, 13, 0]  	481	1 
[1, 19, 8, 0]  	487	3 
[0, 22, 7, 0]  	489	1 
[1, 6, 14, 0]  	492	2 
[1, 33, 2, 0]  	495	3 
[0, 36, 1, 0]  	497	1 
[0, 7, 14, 0]  	497	1 
[0, 34, 2, 0]  	500	2 
[1, 0, 17, 0]  	501	2 
[1, 18, 9, 0]  	503	3 
[0, 21, 8, 0]  	505	1 
[0, 6, 15, 0]  	513	1 
[0, 20, 9, 0]  	521	1 
[0, 29, 5, 0]  	522	2 
[1, 4, 16, 0]  	524	2 
[0, 5, 16, 0]  	529	1 
[0, 32, 4, 0]  	532	2 
[0, 19, 10, 0]  	537	1 
[0, 4, 17, 0]  	545	1 
[0, 0, 19, 0]  	551	1  <--- 3
[0, 18, 11, 0]  	553	1 
[0, 3, 18, 0]  	561	1 
[11, 2, 8, 1]  	346	9 
[10, 1, 9, 1]  	354	9 
[7, 3, 9, 1]  	356	8 
[22, 1, 6, 1]  	363	9 
[5, 17, 4, 1]  	377	7 
[4, 16, 5, 1]  	385	6 
[5, 14, 6, 1]  	396	6 
[3, 29, 0, 1]  	401	5 
[4, 13, 7, 1]  	404	5 
[4, 11, 8, 1]  	407	5 
[4, 9, 9, 1]  	410	5 
[4, 5, 11, 1]  	416	6 
[4, 23, 3, 1]  	418	5 
[3, 15, 7, 1]  	422	5 
[3, 24, 3, 1]  	423	4 
[2, 30, 1, 1]  	435	5 
[2, 24, 4, 1]  	444	3 
[2, 33, 0, 1]  	445	5 
[2, 29, 2, 1]  	451	4 
[1, 35, 0, 1]  	463	3 
[0, 36, 0, 1]  	468	2 
[0, 35, 1, 1]  	484	2 
[1, 15, 10, 1]  	493	3 
[1, 5, 15, 1]  	508	2 
[0, 33, 3, 1]  	516	2 
[14, 3, 6, 2]  	325	11 
[3, 20, 5, 2]  	429	5 
[1, 21, 6, 2]  	455	3 
[1, 10, 11, 2]  	457	2 
[12, 2, 7, 48]  	325	10 
[2, 5, 12, 48]  	429	4 
[0, 24, 5, 48]  	457	1 
[8, 15, 3, 49]  	346	5 
[6, 17, 3, 49]  	356	5 
[9, 0, 10, 49]  	362	7 
[20, 0, 7, 49]  	363	7 
[7, 13, 5, 49]  	370	7 
[2, 1, 12, 49]  	377	3 
[5, 26, 0, 49]  	378	6 
[2, 0, 13, 49]  	393	3 
[4, 28, 0, 49]  	396	5 
[3, 27, 1, 49]  	404	4 
[3, 25, 2, 49]  	407	3 
[2, 8, 10, 49]  	410	2 
[0, 23, 5, 49]  	444	1 
[0, 35, 0, 49]  	455	2 
[0, 6, 13, 49]  	455	1 
[1, 18, 8, 49]  	474	2 
[0, 29, 4, 49]  	493	2 
[0, 19, 9, 49]  	508	1 
[0, 4, 16, 49]  	516	1 
[0, 0, 18, 49]  	522	1 
------
The gap is between 3 and 47.
Lengths: 3 3 6 6 3 3.
For 490 = 5*d/2-d1-d2-d3 you get 3 in char 0.
1*x^1*y^17*z^9
1*y^31*z^3
1*y^2*z^16

For 274 = 3*d/2-d1-d2-d3 you get 6 in char 0.
1*x^5*y^18
1*x^4*y^3*z^7
1*x^3*y^17*z^1
1*x^2*y^2*z^8
1*x^1*y^16*z^2
1*y^1*z^9

For 58 = d/2-d1-d2-d3 you get 3 in char 0.
1*x^4*y^2
1*x^2*y^1*z^1
1*z^2

Extra powers of p used 0.
The invariant extra is equal to 4.
Start computing 5^3 Delta^1 (x1x2x3)^4... Done.
Start computing 5^4 Delta^2 (x1x2x3)^4... Done.
Start computing 5^5 Delta^3 (x1x2x3)^4... Done.
Start computing 5^6 Delta^4 (x1x2x3)^4... Done.
Start computing 5^7 Delta^5 (x1x2x3)^4... Done.
Start computing 5^8 Delta^6 (x1x2x3)^4... Done.
Start computing 5^9 Delta^7 (x1x2x3)^4... Done.
Start computing 5^10 Delta^8 (x1x2x3)^4... Done.
Start computing 5^11 Delta^9 (x1x2x3)^4... Done.
Start computing 5^12 Delta^10 (x1x2x3)^4... Done.
Start computing 5^13 Delta^11 (x1x2x3)^4... Done.
Start computing 5^14 Delta^12 (x1x2x3)^4... Done.
Start computing aa.
1 2 3 4 5 6 7 8 9 10 11 12 
*/
A = \
[125486012110829613803112397505716,15308741085591243109193612419209,38221207280957304358136912024754,18915225387211109284890239062310,128120709478368386921212364166360,75895732708393979865955236448455,109989049172639094913887935332795,134922065492227546167239555801785,135507668207643789877122592355075,126254396083970033137280562141925,99530722740706553128908279323100,115703304774794092466657122506625;\
126444883664643088305638732853191,107083245168921049600760658778922,17293906383080516406414158597328,132851215710021796460256826708065,46066805024646367959734203266300,128852418079844201349710650801985,38157980085913761653246924316945,65203834211115937861181942320675,102223200584094263792331278505420,19106637698825032742018809427875,12409471879069601379130676122900,119690541142900670562901365179750;\
49944853038935519476807409011883,109201190615854862804048037680426,110917217856298069621966946899442,57726328069262734922516551948665,4126688000909819792439369613675,25685450106146885903602547793655,68897715154205548360304367712570,18058028916232157995254004849040,93906115599310489015390656659335,97548661387316298154587820099500,80534790585521138193633610216175,26239532833478667512207552062550;\
2253208157413105058258482216350,24112613570235806231094373876601,120128190821799512420671326807624,65685215901565747404736336019105,100880039677943799589115438886360,127229552528259039228935438732500,13372246377645675593587922006975,4703604812610073479731098299870,57768836316283635444139983553210,98627212324208795423476918064650,94425440647459890218243562143825,5778857976511548031364484429100;\
49142137872480395978473561346945,113061446211401994176664803667917,132701307059615312446363257308176,16089392347417439407298232116035,128209810418082102652681077874460,77349825324219991352675816029670,3879399920961022279513126916035,131647490952771662548843719492380,86642370271708397224905634822230,95704618976076632245235469558825,76578795778176137633465445462100,74643812409454298001794682615850;\
30122006958828206619827422296118,128666108719355814308607121059774,74270359133580896003890107831198,10141420101674445174297750965630,34210088906817267045814921756555,6128104391734375320963201328315,70178104353347690877861751024630,140953434420218017114201495095800,69752552411228277219327314359070,133600678207349173002339104163525,126224327293216655926745623770300,127630558568270502024078013010050;\
28573030653091385675521033986471,83762949839723070414367444928072,73277681029391607512658936720638,135805964504327146096219435212845,131043016728507721298991979556445,27560976738819196667157565916645,31713845043776023153996591178275,60775495774021372807750666966835,10361741528650598538515489422250,13921204046306317293215663518000,117288172191989967334913117468300,54129204612632742760424061244650;\
91148692329632532973072893619307,120317735866372402121989790600654,64277464636503659092241673297485,80253350351357935809102216937945,141462021372535115231511156495885,65869107174236814447500196777985,40644812183186121693348429691875,91787780313058250449822062956100,17217964166090994989547804802490,129181511506381016485425555492300,116753577238138489106732362687925,32819974003698032675959151287800;\
135378770549394772308921465909341,32927304175226671852187352240296,4072975937359717756851732828611,66763024039009852625449422212045,132857783584250800179274085437215,131632342067317509950935243864920,84911606279689695796109985068300,65856364540347562217447729137335,108049397556939219090091288044465,92267077385843267247681380341775,96090065763838905365346860370000,134854514287896531115438534190900;\
136090798988633511668325132769387,24243122019948008288589030337534,50343909622615011866183425408240,93007109560775478723756898303060,113919111732973238585165683903890,55415132612544777463323718514905,11860849732176136404893711805520,1582926774495785619747798045155,67057935101727761148225611833470,101780811359262245506593291280675,51344660912953667594478183457575,61362555463360936954682389138700;\
111838802414261450843508013627252,35916479588930842536789359059160,114488516600253144100025195303570,10742741201944828160877817228975,88639165415666537306974703991520,113479006094846790815131765545235,93865985123694059918257941440310,59393719394096862643528699384100,32372797953058784472392944735820,21779415937875398004328059914400,76392177490832173958657347424750,63359240131861703489131084249825;\
44591686358104553903987745170924,127443066326920294328703625140004,13053618282170490591200586016395,42153623377741361775932135172585,140542463994518133806595729260160,123106703497121803777676953619290,76825931652931460499609275417780,40203942828534133374392844013505,29342826859023830100200010057465,9254012996774253770668996798675,52628849952856028681547869367825,7458856445847420490940089772275]
/* 
This should be the matrix of frobenius!
*/ 
B = A; 
/* Freed 130 lists. */
