/* Comments begin... 
Coefficient of   x^27                     = -1
Coefficient of   x^14 * y^8               = -1
Coefficient of   x^12 * y^7 * z^1         = -1
Coefficient of   x^10 * y^6 * z^2         = -2
Coefficient of   x^8 * y^5 * z^3         = -2
Coefficient of   x^6 * y^4 * z^4         = -2
Coefficient of   x^4 * y^3 * z^5         = -2
Coefficient of   x^2 * y^2 * z^6         = -2
Coefficient of   x^1 * y^16               = -2
Coefficient of   y^1 * z^7               = -2

Here is the polynomial we're using this time:

-1*x^27 + -1*x^14*y^8 + -1*x^12*y^7*z^1 + -2*x^10*y^6*z^2 + -2*x^8*y^5*z^3 + -2*x^6*y^4*z^4 + -2*x^4*y^3*z^5 + -2*x^2*y^2*z^6 + -2*x^1*y^16 + -2*y^1*z^7

Allocate G_len 20 elements and old = 0.
Allocate M_len = 400 elements.
Allocate G_len 40 elements and old = 20.
Allocate M_len = 800 elements.
Allocate G_len 80 elements and old = 40.
Allocate M_len = 1600 elements.
Allocate M_len = 3200 elements.
Allocate G_len 160 elements and old = 80.
Allocate M_len = 6400 elements.
Allocate M_len = 12800 elements.
Allocate G_len 320 elements and old = 160.
The final length of G is 146
[12, 7, 0, 0]  	187	7 
[26, 0, 0, 0]  	208	8  <--- 1
[10, 6, 2, 0]  	216	7 
[10, 5, 3, 0]  	232	8 
[8, 5, 4, 0]  	245	7 
[8, 4, 5, 0]  	261	8 
[5, 18, 0, 0]  	274	5 
[24, 6, 1, 0]  	299	13 
[22, 5, 2, 0]  	299	13 
[18, 4, 4, 0]  	312	12 
[22, 4, 3, 0]  	315	12 
[11, 16, 1, 0]  	325	8 
[14, 1, 7, 0]  	328	8 
[11, 3, 7, 0]  	330	8 
[22, 3, 4, 0]  	331	11 
[11, 1, 8, 0]  	333	7 
[8, 17, 2, 0]  	343	8 
[14, 0, 8, 0]  	344	8 
[22, 2, 5, 0]  	347	10 
[10, 1, 9, 0]  	354	8 
[7, 3, 9, 0]  	356	7 
[7, 12, 5, 0]  	357	7 
[22, 1, 6, 0]  	363	9 
[4, 10, 7, 0]  	365	5 
[9, 16, 3, 0]  	367	8 
[8, 1, 10, 0]  	367	8 
[7, 2, 10, 0]  	372	7 
[6, 16, 4, 0]  	372	7 
[7, 0, 11, 0]  	375	7 
[6, 3, 10, 0]  	377	7 
[5, 17, 4, 0]  	377	5 
[22, 0, 7, 0]  	379	8 
[6, 1, 11, 0]  	380	7 
[5, 2, 11, 0]  	385	6 
[4, 16, 5, 0]  	385	6 
[6, 15, 5, 0]  	388	6 
[5, 0, 12, 0]  	388	6 
[4, 1, 12, 0]  	393	6 
[5, 14, 6, 0]  	396	6 
[6, 9, 8, 0]  	397	6 
[6, 7, 9, 0]  	400	6 
[4, 15, 6, 0]  	401	6 
[5, 8, 9, 0]  	405	6 
[3, 16, 6, 0]  	406	6 
[4, 29, 0, 0]  	409	5 
[4, 0, 13, 0]  	409	5 
[4, 9, 9, 0]  	410	5 
[4, 27, 1, 0]  	412	5 
[4, 7, 10, 0]  	413	5 
[3, 30, 0, 0]  	414	5 
[3, 1, 13, 0]  	414	5 
[4, 25, 2, 0]  	415	5 
[4, 5, 11, 0]  	416	6 
[3, 28, 1, 0]  	417	4 
[4, 23, 3, 0]  	418	5 
[3, 26, 2, 0]  	420	4 
[4, 21, 4, 0]  	421	5 
[3, 15, 7, 0]  	422	5 
[3, 24, 3, 0]  	423	4 
[3, 13, 8, 0]  	425	4 
[3, 22, 4, 0]  	426	4 
[3, 11, 9, 0]  	428	4 
[3, 20, 5, 0]  	429	5 
[3, 0, 14, 0]  	430	4 
[3, 9, 10, 0]  	431	4 
[2, 12, 9, 0]  	433	3 
[2, 30, 1, 0]  	435	5 
[3, 5, 12, 0]  	437	5 
[2, 8, 11, 0]  	439	3 
[2, 6, 12, 0]  	442	4 
[2, 15, 8, 0]  	443	4 
[2, 33, 0, 0]  	445	5 
[2, 11, 10, 0]  	449	3 
[2, 29, 2, 0]  	451	4 
[1, 23, 5, 0]  	452	2 
[1, 10, 11, 0]  	457	2 
[2, 5, 13, 0]  	458	4 
[1, 8, 12, 0]  	460	2 
[1, 35, 0, 0]  	463	3 
[2, 1, 15, 0]  	464	4 
[0, 9, 12, 0]  	465	1 
[2, 19, 7, 0]  	466	4 
[1, 22, 6, 0]  	468	2 
[0, 36, 0, 0]  	468	2  <--- 2
[1, 20, 7, 0]  	471	3 
[1, 29, 3, 0]  	472	3 
[0, 23, 6, 0]  	473	1 
[2, 4, 14, 0]  	474	4 
[1, 7, 13, 0]  	476	2 
[1, 34, 1, 0]  	479	3 
[0, 8, 13, 0]  	481	1 
[0, 35, 1, 0]  	484	2 
[1, 19, 8, 0]  	487	3 
[0, 22, 7, 0]  	489	1 
[1, 6, 14, 0]  	492	2 
[1, 15, 10, 0]  	493	3 
[1, 33, 2, 0]  	495	3 
[0, 7, 14, 0]  	497	1 
[0, 34, 2, 0]  	500	2 
[1, 18, 9, 0]  	503	3 
[0, 21, 8, 0]  	505	1 
[1, 5, 15, 0]  	508	2 
[0, 6, 15, 0]  	513	1 
[0, 33, 3, 0]  	516	2 
[0, 20, 9, 0]  	521	1 
[0, 29, 5, 0]  	522	2 
[1, 4, 16, 0]  	524	2 
[0, 5, 16, 0]  	529	1 
[1, 0, 18, 0]  	530	1 
[0, 32, 4, 0]  	532	2 
[0, 19, 10, 0]  	537	1 
[0, 4, 17, 0]  	545	1 
[0, 0, 19, 0]  	551	1  <--- 3
[0, 18, 11, 0]  	553	1 
[0, 3, 18, 0]  	561	1 
[10, 3, 8, 1]  	351	9 
[9, 2, 9, 1]  	359	9 
[8, 16, 3, 1]  	359	7 
[7, 17, 3, 1]  	364	8 
[7, 8, 8, 1]  	392	7 
[3, 29, 0, 1]  	401	5 
[5, 6, 10, 1]  	408	6 
[3, 7, 11, 1]  	434	4 
[2, 10, 10, 1]  	436	3 
[2, 24, 4, 1]  	444	3 
[1, 25, 4, 1]  	449	2 
[2, 20, 6, 1]  	450	4 
[1, 21, 6, 1]  	455	3 
[1, 0, 17, 1]  	501	2 
[12, 6, 1, 2]  	203	8 
[2, 26, 3, 2]  	441	3 
[2, 22, 5, 2]  	447	3 
[2, 0, 16, 2]  	480	3 
[10, 5, 2, 48]  	203	7 
[7, 1, 10, 48]  	359	7 
[1, 11, 10, 48]  	441	2 
[1, 7, 12, 48]  	447	2 
[6, 1, 10, 49]  	351	4 
[5, 7, 9, 49]  	392	5 
[3, 0, 13, 49]  	401	3 
[4, 20, 4, 49]  	408	5 
[1, 6, 12, 49]  	434	2 
[0, 9, 11, 49]  	436	1 
[1, 34, 0, 49]  	450	3 
[0, 35, 0, 49]  	455	2 
[0, 24, 5, 49]  	457	1 
------
The gap is between 3 and 47.
Lengths: 3 3 6 6 3 3.
For 490 = 5*d/2-d1-d2-d3 you get 3 in char 0.
1*x^1*y^17*z^9
1*y^31*z^3
1*y^2*z^16

For 274 = 3*d/2-d1-d2-d3 you get 6 in char 0.
1*x^6*y^4*z^6
1*x^4*y^3*z^7
1*x^3*y^17*z^1
1*x^2*y^2*z^8
1*x^1*y^16*z^2
1*y^1*z^9

For 58 = d/2-d1-d2-d3 you get 3 in char 0.
1*x^4*y^2
1*x^2*y^1*z^1
1*z^2

Extra powers of p used 0.
The invariant extra is equal to 4.
Start computing 5^3 Delta^1 (x1x2x3)^4... Done.
Start computing 5^4 Delta^2 (x1x2x3)^4... Done.
Start computing 5^5 Delta^3 (x1x2x3)^4... Done.
Start computing 5^6 Delta^4 (x1x2x3)^4... Done.
Start computing 5^7 Delta^5 (x1x2x3)^4... Done.
Start computing 5^8 Delta^6 (x1x2x3)^4... Done.
Start computing 5^9 Delta^7 (x1x2x3)^4... Done.
Start computing 5^10 Delta^8 (x1x2x3)^4... Done.
Start computing 5^11 Delta^9 (x1x2x3)^4... Done.
Start computing 5^12 Delta^10 (x1x2x3)^4... Done.
Start computing 5^13 Delta^11 (x1x2x3)^4... Done.
Start computing 5^14 Delta^12 (x1x2x3)^4... Done.
Start computing aa.
1 2 3 4 5 6 7 8 9 10 11 12 
*/
A = \
[69080647265132496287021794018540,133730617094960288493324962341015,3540316153619288588251540450029,96541301966480743540745506153700,121990249841809629169012031681510,121712461729816163630564927076715,88958176221888151193662846360100,98941152396087791781398017565145,1751094632269254300271080818445,48019758788463877649933214500800,128688797856250879692200669127075,85115672234536803337757289204850;\
34818149298436452249396435151778,107059353643196914166679320974002,37422670734815178343748225219385,16477836120523510029853436736340,8079173456268458198257513529530,110839649624074611501829182897015,65748490792181716652361999469460,100399194891767775948281858484245,25989532582684458790373404915335,141002396923813691133218486318950,96531856552098393508213342563025,104888163912352574462952849258700;\
94660124988995181450335744104594,12114204899522378501194441587289,12170093442386823133661488959696,77875425939795797329383773552585,60902350027189548495462490595675,13484922811921295234634485555640,34098912202518684609692758486580,52092245660938583376362569196185,31054015183845666585883907060910,136369837425541555819567332112800,58639292061541282148150437805750,94818334695493861680861614007775;\
21332410664740388342489489368795,12234360190307696871175995905410,58517271991604752352761781563742,101440151500603926076080607651370,71870328929933058503169105200695,113534189020588813054172394649180,120273558021559327715140349592340,99677535463310010397198392669045,20339139488297323049821134391945,135622520150502475033133843947800,60103034502904052783058940059900,79116789496016741301021618791375;\
38511681411112744068057831733460,6976107462013825085040552704396,61383811060532601443446068617632,123813605591279491963173391815695,50022747309795669801292125120985,105838617390545698331831857201450,110797452125677838400470499651875,139604795759260328217918725730180,116312743906766383976349037332310,102926344738248365415226952677625,5204663664607683619481331066500,93456976846736387491590292570975;\
68029806524781058649359153284405,91963531947360600533648033558314,16249354326132193011812567773506,104102906621631521939151863597815,33377517331893448655917492225560,3680608131350174881002514378800,7892057747169049932140293065495,5559926133963533539521168976250,12294224056393406227425605515980,47577037987325892204293191734675,93371805741337859933238061569050,62509640444380235480520324710125;\
7857640990989790287746773670396,13186481903670011266066558450981,49399994614151294030588452534133,30644096549999185680436848564530,139017759084775401256586989797795,73646296805582740056001363071285,99883917663272057105457270879370,106361683312811040018404569102710,116871204621971047986915240713345,30854769454435729209038182712850,7745862741957973599576744950075,109384846805792908953121854958375;\
62838121345761291472389563953049,23832994401449858527415753060078,95099360261132926942535475194214,126992090880692125698806012160200,121018675817542054656056887581715,95519086140721557030978081480260,94546176448699315929326053622340,80680562837949842364661241200470,19007028750889065267358893066130,134214489736166740782827869679050,41315185637783083783076648124325,88603884615452049840247359724525;\
106043720972521808727514681744786,70169872488034967255103145468467,79784119189924055395031221069372,57183165061559678775810705658415,110491321531930380557656030399115,17099110154079223207744648375880,5023575380545139585091891782295,42660455787966005497640846938095,77469652272730570172079966825915,129726263517490277522085949684825,106865783167045107656538172322075,66320579383088542303458756432575;\
37510912040331784956066037541336,116107018860016524784973205324376,32386141761232420794331641561360,138936217315828376714774739210610,137996937389107244446663536029460,115552902100090402364435714812885,9346838276299355301497036225015,127319588260039493479737892982810,91266452687046088426191154956860,19194232016781523125263203827450,112002270701135707938402720295500,90732788864056858792906574666975;\
66595485371081115064474514218466,126651693159642217409478238136061,126706840666683833959876895617295,105533757562732383088672525417635,79602944638323673459528432653510,58044000843275052215418338587435,102941158302718481649852705265590,60055989612693073059210728328460,54221037929281417448341011105160,50198455296325429863684096206250,95773858096221660988733371308750,123553254781115842715683666920600;\
37912726506362240942478456404916,40854663499076213331692985105998,71030413513364208827342027845782,51870691445812507568202358275730,94109093654832700076616215516185,16354984429203832995446362844755,98884863322206615698051546616400,45917679522453771322184369786725,29877683828739047418796834558910,79011728408637061003326789701275,140227471564526221837523056631275,24433646296907590946827348760900]
/* 
This should be the matrix of frobenius!
*/ 
B = A; 
/* Freed 129 lists. */
