/* Comments begin... 
Coefficient of   x^27                     = -2
Coefficient of   x^14 * y^8               = 1
Coefficient of   x^12 * y^7 * z^1         = -1
Coefficient of   x^10 * y^6 * z^2         = -1
Coefficient of   x^8 * y^5 * z^3         = 2
Coefficient of   x^6 * y^4 * z^4         = 0
Coefficient of   x^4 * y^3 * z^5         = -2
Coefficient of   x^2 * y^2 * z^6         = -1
Coefficient of   x^1 * y^16               = -2
Coefficient of   y^1 * z^7               = -2

Here is the polynomial we're using this time:

-2*x^27 + 1*x^14*y^8 + -1*x^12*y^7*z^1 + -1*x^10*y^6*z^2 + 2*x^8*y^5*z^3 + -2*x^4*y^3*z^5 + -1*x^2*y^2*z^6 + -2*x^1*y^16 + -2*y^1*z^7

Allocate G_len 20 elements and old = 0.
Allocate M_len = 400 elements.
Allocate G_len 40 elements and old = 20.
Allocate M_len = 800 elements.
Allocate G_len 80 elements and old = 40.
Allocate M_len = 1600 elements.
Allocate M_len = 3200 elements.
Allocate G_len 160 elements and old = 80.
Allocate M_len = 6400 elements.
Allocate M_len = 12800 elements.
Allocate G_len 320 elements and old = 160.
Allocate M_len = 25600 elements.
The final length of G is 182
[12, 7, 0, 0]  	187	6 
[12, 6, 1, 0]  	203	8 
[26, 0, 0, 0]  	208	8  <--- 1
[10, 6, 2, 0]  	216	7 
[10, 5, 3, 0]  	232	8 
[8, 5, 4, 0]  	245	7 
[8, 4, 5, 0]  	261	8 
[6, 4, 6, 0]  	274	7 
[7, 18, 0, 0]  	290	8 
[22, 5, 2, 0]  	299	13 
[14, 3, 6, 0]  	325	11 
[18, 3, 5, 0]  	328	11 
[11, 3, 7, 0]  	330	10 
[11, 17, 1, 0]  	338	10 
[14, 2, 7, 0]  	341	10 
[9, 3, 8, 0]  	343	9 
[18, 2, 6, 0]  	344	10 
[11, 2, 8, 0]  	346	9 
[22, 2, 5, 0]  	347	10 
[9, 17, 2, 0]  	351	9 
[10, 1, 9, 0]  	354	9 
[7, 3, 9, 0]  	356	8 
[14, 1, 8, 0]  	357	9 
[9, 2, 9, 0]  	359	8 
[8, 16, 3, 0]  	359	8 
[18, 1, 7, 0]  	360	9 
[22, 1, 6, 0]  	363	9 
[7, 17, 3, 0]  	364	8 
[8, 1, 10, 0]  	367	8 
[10, 0, 10, 0]  	370	8 
[7, 2, 10, 0]  	372	7 
[7, 0, 11, 0]  	375	7 
[6, 3, 10, 0]  	377	8 
[22, 0, 7, 0]  	379	8 
[7, 16, 4, 0]  	380	7 
[6, 1, 11, 0]  	380	7 
[7, 14, 5, 0]  	383	7 
[6, 17, 4, 0]  	385	6 
[5, 2, 11, 0]  	385	6 
[4, 16, 5, 0]  	385	6 
[6, 26, 0, 0]  	386	7 
[6, 15, 5, 0]  	388	6 
[5, 0, 12, 0]  	388	6 
[6, 24, 1, 0]  	389	7 
[20, 0, 8, 0]  	392	7 
[6, 22, 2, 0]  	392	7 
[4, 1, 12, 0]  	393	6 
[5, 25, 1, 0]  	394	6 
[5, 23, 2, 0]  	397	6 
[5, 12, 7, 0]  	399	6 
[5, 21, 3, 0]  	400	6 
[4, 15, 6, 0]  	401	6 
[5, 10, 8, 0]  	402	6 
[5, 28, 0, 0]  	404	5 
[4, 13, 7, 0]  	404	5 
[18, 0, 9, 0]  	405	6 
[5, 8, 9, 0]  	405	6 
[3, 16, 6, 0]  	406	6 
[4, 11, 8, 0]  	407	5 
[5, 6, 10, 0]  	408	6 
[4, 29, 0, 0]  	409	5 
[4, 0, 13, 0]  	409	5 
[4, 9, 9, 0]  	410	5 
[4, 7, 10, 0]  	413	5 
[3, 30, 0, 0]  	414	5 
[3, 1, 13, 0]  	414	5 
[4, 25, 2, 0]  	415	5 
[5, 20, 4, 0]  	416	6 
[3, 28, 1, 0]  	417	4 
[4, 23, 3, 0]  	418	5 
[3, 26, 2, 0]  	420	4 
[3, 15, 7, 0]  	422	5 
[3, 24, 3, 0]  	423	4 
[3, 13, 8, 0]  	425	4 
[3, 22, 4, 0]  	426	4 
[3, 11, 9, 0]  	428	4 
[3, 20, 5, 0]  	429	5 
[3, 0, 14, 0]  	430	4 
[2, 12, 9, 0]  	433	3 
[2, 30, 1, 0]  	435	5 
[2, 10, 10, 0]  	436	3 
[2, 8, 11, 0]  	439	3 
[2, 26, 3, 0]  	441	3 
[2, 15, 8, 0]  	443	4 
[2, 24, 4, 0]  	444	3 
[2, 33, 0, 0]  	445	5 
[2, 22, 5, 0]  	447	3 
[2, 20, 6, 0]  	450	4 
[1, 23, 5, 0]  	452	2 
[2, 7, 12, 0]  	455	3 
[1, 21, 6, 0]  	455	3 
[1, 10, 11, 0]  	457	2 
[1, 8, 12, 0]  	460	2 
[1, 35, 0, 0]  	463	3 
[2, 1, 15, 0]  	464	4 
[0, 9, 12, 0]  	465	1 
[2, 19, 7, 0]  	466	4 
[0, 36, 0, 0]  	468	2  <--- 2
[2, 6, 13, 0]  	471	3 
[1, 20, 7, 0]  	471	3 
[1, 29, 3, 0]  	472	3 
[0, 23, 6, 0]  	473	1 
[2, 4, 14, 0]  	474	4 
[1, 7, 13, 0]  	476	2 
[1, 34, 1, 0]  	479	3 
[2, 0, 16, 0]  	480	3 
[0, 8, 13, 0]  	481	1 
[0, 35, 1, 0]  	484	2 
[1, 19, 8, 0]  	487	3 
[0, 22, 7, 0]  	489	1 
[1, 6, 14, 0]  	492	2 
[1, 15, 10, 0]  	493	3 
[1, 33, 2, 0]  	495	3 
[0, 7, 14, 0]  	497	1 
[0, 34, 2, 0]  	500	2 
[1, 18, 9, 0]  	503	3 
[0, 21, 8, 0]  	505	1 
[0, 6, 15, 0]  	513	1 
[0, 33, 3, 0]  	516	2 
[0, 20, 9, 0]  	521	1 
[1, 4, 16, 0]  	524	2 
[0, 5, 16, 0]  	529	1 
[1, 0, 18, 0]  	530	1 
[0, 32, 4, 0]  	532	2 
[0, 19, 10, 0]  	537	1 
[0, 4, 17, 0]  	545	1 
[0, 0, 19, 0]  	551	1  <--- 3
[0, 18, 11, 0]  	553	1 
[0, 3, 18, 0]  	561	1 
[18, 4, 4, 1]  	312	12 
[22, 4, 3, 1]  	315	12 
[22, 3, 4, 1]  	331	11 
[6, 18, 3, 1]  	369	7 
[6, 16, 4, 1]  	372	7 
[5, 17, 4, 1]  	377	7 
[16, 0, 9, 1]  	389	7 
[5, 27, 0, 1]  	391	6 
[5, 14, 6, 1]  	396	6 
[3, 29, 0, 1]  	401	5 
[4, 27, 1, 1]  	412	5 
[4, 5, 11, 1]  	416	6 
[4, 21, 4, 1]  	421	5 
[3, 9, 10, 1]  	431	4 
[3, 7, 11, 1]  	434	4 
[3, 5, 12, 1]  	437	5 
[2, 6, 12, 1]  	442	4 
[1, 25, 4, 1]  	449	2 
[2, 29, 2, 1]  	451	4 
[2, 5, 13, 1]  	458	4 
[1, 0, 17, 1]  	501	2 
[1, 5, 15, 1]  	508	2 
[0, 29, 5, 1]  	522	2 
[14, 0, 9, 2]  	373	8 
[18, 0, 8, 2]  	376	8 
[6, 25, 0, 48]  	373	6 
[6, 23, 1, 48]  	376	6 
[5, 24, 1, 48]  	381	6 
[5, 22, 2, 48]  	384	6 
[16, 3, 5, 49]  	312	10 
[18, 2, 5, 49]  	315	9 
[16, 2, 6, 49]  	328	10 
[18, 1, 6, 49]  	331	6 
[16, 1, 7, 49]  	344	7 
[6, 24, 0, 49]  	360	6 
[5, 23, 1, 49]  	368	5 
[5, 3, 10, 49]  	369	6 
[5, 1, 11, 49]  	372	6 
[3, 16, 5, 49]  	377	5 
[5, 9, 8, 49]  	389	4 
[4, 12, 7, 49]  	391	4 
[4, 28, 0, 49]  	396	4 
[4, 8, 9, 49]  	397	5 
[3, 0, 13, 49]  	401	3 
[3, 12, 8, 49]  	412	4 
[2, 20, 5, 49]  	421	3 
[1, 19, 6, 49]  	429	3 
[2, 23, 4, 49]  	431	3 
[0, 10, 11, 49]  	449	1 
[1, 34, 0, 49]  	450	2 
[2, 0, 15, 49]  	451	3 
[0, 19, 9, 49]  	508	1 
[0, 0, 18, 49]  	522	1 
------
The gap is between 3 and 47.
Lengths: 3 3 6 6 3 3.
For 490 = 5*d/2-d1-d2-d3 you get 3 in char 0.
1*x^1*y^17*z^9
1*y^31*z^3
1*y^2*z^16

For 274 = 3*d/2-d1-d2-d3 you get 6 in char 0.
1*x^5*y^18
1*x^4*y^3*z^7
1*x^3*y^17*z^1
1*x^2*y^2*z^8
1*x^1*y^16*z^2
1*y^1*z^9

For 58 = d/2-d1-d2-d3 you get 3 in char 0.
1*x^4*y^2
1*x^2*y^1*z^1
1*z^2

Extra powers of p used 0.
The invariant extra is equal to 4.
Start computing 5^3 Delta^1 (x1x2x3)^4... Done.
Start computing 5^4 Delta^2 (x1x2x3)^4... Done.
Start computing 5^5 Delta^3 (x1x2x3)^4... Done.
Start computing 5^6 Delta^4 (x1x2x3)^4... Done.
Start computing 5^7 Delta^5 (x1x2x3)^4... Done.
Start computing 5^8 Delta^6 (x1x2x3)^4... Done.
Start computing 5^9 Delta^7 (x1x2x3)^4... Done.
Start computing 5^10 Delta^8 (x1x2x3)^4... Done.
Start computing 5^11 Delta^9 (x1x2x3)^4... Done.
Start computing 5^12 Delta^10 (x1x2x3)^4... Done.
Start computing 5^13 Delta^11 (x1x2x3)^4... Done.
Start computing 5^14 Delta^12 (x1x2x3)^4... Done.
Start computing aa.
1 2 3 4 5 6 7 8 9 10 11 12 
*/
A = \
[128469619404525035699065355938781,3572067858691814139555604459707,32771091532699893390527621296982,56400865383447492572896403674700,141360805628949634805246471783715,113625912227975829266037208798505,31476756689840710682761435472800,59864008340033988820647813302695,95220839760030207712652304350650,16972894691515186646048371202575,88650910286195883853260292298900,38460922374276079374146228572325;\
53920489466097541080493189679169,3074151972549506115187768214457,90845468672459830473213762249611,24805154450962785133851779509610,76643567447858012328041186738270,10740466935438537820166894505715,5668601268019722237251740069025,65875153164125902767955143026745,45203773730719847114650449552785,63777242819300205812384634880875,88112746675606767064323089428000,52926728314490109064609268142675;\
111633838148813718491822982424561,50874686322597805122802314359653,67479970837010709178725716342191,106899683430370885410806041346595,139600205728566692837072721590740,121552491080668516120419407856590,138035570908629371570327501294800,138170033928661586207303077842970,119372013076988024751162034780275,65074524610357018171062198168325,92993447494580933611233057890850,134244440583753189397764393204600;\
135686476139482559277660253918341,121829416489313526285245660628887,66861748146572007333016985145820,72217577931369570577681143908180,80563105188249538636100136633095,58733396067834888896916963786440,75447302262968025658279925644360,115232328811810838589007611658610,20484162004152690133999296249770,82629715640464713640468012964875,62785735256935285682914832450825,138193220901472283491952585794650;\
56451766469508609397252971496173,122263530045318968277162557421341,20603000388614422551236129111045,13212827688494317265564662434345,68062852322195317129441671896960,140915601660757495605008970301420,57106108943599129086496404165520,118080263411474223300364352408690,62253534790672779933653825648825,111086677239853964279146429923450,38346180207767941178024742392925,127577941315476118651250192023200;\
122687047552550423783789486981914,121434301196854903157084864655386,86190761289109603933698883274934,907640063297934251353501529110,131016031227357940545729828080630,51288389185297725467439920429185,95405014089566906384111848000635,107272662105661747145391759167150,49028430710676040547016192101115,89769706616265538741478609488850,9159512625359480240394658176850,50965053525236326176301715593650;\
73100183854713554679528894630796,34631502213141692485669482350487,62201502375738787343366872840712,40601559728090102415731279292875,33001929908099952426842952889185,11229816014831649402459457943345,128259326022774862801866482417150,140500001464678797427755353193275,13777731705313573940867485780500,131341870377331888558906497153375,45717012826292203712919298248725,17307994248039490240371186277100;\
34819956227315678643440479084920,71152092785957215786156626084780,23367963873090237449580049495536,135661472316278709416125213645055,59346558901758658044884327605770,110013564920571756742490208583605,127233689320325106977929017985215,14651132341791994941511989490385,140718985688924721737530376582160,80920551687377265494047507750925,73950340415198890920994707022225,116242080897878191312893619673625;\
128248199788640223625025102877143,69233796657688100180684735899892,101056627834453047681107179453295,131080265546754078490730493382415,16158676557331082252395288182965,137090288368875086363765947950095,20094701433869230973093724359770,119176113797562494369670115312095,127705924326083108557750407459260,72087385531727230684929171673275,67013948969057616361747285294850,128929312340537472470659557910025;\
95674394669467550117998459269504,36748349820856713363130613406949,29547395477204401969011585789588,125514395966252960242941922310495,95411970846475372505782547060195,25714168412764033981732029181180,65455672418218272924537166592650,45008790988413895346166588205780,71505445956562144382287821501535,15847396322355030588764147947900,116755668858572036725407272146050,86990169887315054050800672212725;\
119838450940761574719303870022130,120087332412160580742224325556565,24344982804691617625068480093312,74370867462058497868009455499260,43572883987140821757458833398715,129417576506499034574833816977380,136505146949398028020322758346485,73236895111682959983214466450570,1929585910406763007055872797500,85399035139756156048627526632750,43075693946942665122930860285600,104542402178931608140717892065750;\
91981334209739216919819432191863,103639190847346834673288975556783,15500172862384856196815186264803,116703723649810145248854335529600,118654630557925121177554961667605,14139551340936423213174976797590,10751088322025702813939642281110,42908494396293535143847570391255,37142207786539788663454515558945,45435478321558849964870965027775,99625633824456181285893710251575,83217561769312544928001479029325]
/* 
This should be the matrix of frobenius!
*/ 
B = A; 
/* Freed 130 lists. */
