/* Comments begin... 
Coefficient of   x^27                     = 1
Coefficient of   x^14 * y^8               = 2
Coefficient of   x^12 * y^7 * z^1         = 0
Coefficient of   x^10 * y^6 * z^2         = -1
Coefficient of   x^8 * y^5 * z^3         = 2
Coefficient of   x^6 * y^4 * z^4         = 0
Coefficient of   x^4 * y^3 * z^5         = 1
Coefficient of   x^2 * y^2 * z^6         = 2
Coefficient of   x^1 * y^16               = 2
Coefficient of   y^1 * z^7               = -1

Here is the polynomial we're using this time:

1*x^27 + 2*x^14*y^8 + -1*x^10*y^6*z^2 + 2*x^8*y^5*z^3 + 1*x^4*y^3*z^5 + 2*x^2*y^2*z^6 + 2*x^1*y^16 + -1*y^1*z^7

Allocate G_len 20 elements and old = 0.
Allocate M_len = 400 elements.
Allocate G_len 40 elements and old = 20.
Allocate M_len = 800 elements.
Allocate G_len 80 elements and old = 40.
Allocate M_len = 1600 elements.
Allocate M_len = 3200 elements.
Allocate G_len 160 elements and old = 80.
Allocate M_len = 6400 elements.
Allocate M_len = 12800 elements.
Allocate G_len 320 elements and old = 160.
The final length of G is 163
[10, 6, 1, 0]  	187	5 
[14, 7, 0, 0]  	203	7 
[26, 0, 0, 0]  	208	7  <--- 1
[10, 5, 3, 0]  	232	7 
[8, 5, 4, 0]  	245	6 
[8, 4, 5, 0]  	261	7 
[6, 4, 6, 0]  	274	6 
[6, 3, 7, 0]  	290	7 
[22, 5, 2, 0]  	299	11 
[5, 18, 1, 0]  	303	6 
[18, 3, 5, 0]  	328	11 
[13, 18, 0, 0]  	338	10 
[16, 3, 6, 0]  	341	10 
[18, 2, 6, 0]  	344	10 
[11, 2, 8, 0]  	346	9 
[22, 2, 5, 0]  	347	10 
[10, 1, 9, 0]  	354	9 
[16, 2, 7, 0]  	357	9 
[14, 1, 8, 0]  	357	9 
[9, 2, 9, 0]  	359	8 
[8, 16, 3, 0]  	359	8 
[22, 1, 6, 0]  	363	9 
[5, 3, 10, 0]  	369	6 
[7, 2, 10, 0]  	372	7 
[6, 16, 4, 0]  	372	7 
[14, 0, 9, 0]  	373	8 
[9, 1, 10, 0]  	375	7 
[7, 0, 11, 0]  	375	7 
[20, 1, 7, 0]  	376	8 
[18, 0, 8, 0]  	376	8 
[5, 17, 4, 0]  	377	6 
[22, 0, 7, 0]  	379	8 
[6, 1, 11, 0]  	380	7 
[7, 14, 5, 0]  	383	7 
[5, 2, 11, 0]  	385	6 
[4, 16, 5, 0]  	385	6 
[12, 0, 10, 0]  	386	7 
[6, 26, 0, 0]  	386	7 
[6, 15, 5, 0]  	388	6 
[5, 0, 12, 0]  	388	6 
[8, 25, 0, 0]  	389	7 
[5, 27, 0, 0]  	391	6 
[10, 24, 0, 0]  	392	7 
[4, 1, 12, 0]  	393	6 
[4, 15, 6, 0]  	401	5 
[3, 29, 0, 0]  	401	5 
[5, 10, 8, 0]  	402	6 
[4, 13, 7, 0]  	404	5 
[3, 16, 6, 0]  	406	6 
[4, 11, 8, 0]  	407	5 
[4, 9, 9, 0]  	410	5 
[3, 1, 13, 0]  	414	5 
[4, 25, 2, 0]  	415	5 
[3, 26, 2, 0]  	420	4 
[4, 21, 4, 0]  	421	5 
[3, 15, 7, 0]  	422	5 
[3, 24, 3, 0]  	423	4 
[3, 13, 8, 0]  	425	4 
[4, 8, 10, 0]  	426	4 
[3, 22, 4, 0]  	426	4 
[3, 11, 9, 0]  	428	4 
[4, 6, 11, 0]  	429	5 
[3, 20, 5, 0]  	429	5 
[2, 12, 9, 0]  	433	3 
[2, 30, 1, 0]  	435	5 
[2, 10, 10, 0]  	436	3 
[3, 5, 12, 0]  	437	5 
[2, 8, 11, 0]  	439	3 
[2, 26, 3, 0]  	441	3 
[2, 6, 12, 0]  	442	4 
[2, 15, 8, 0]  	443	4 
[2, 24, 4, 0]  	444	3 
[2, 33, 0, 0]  	445	5 
[2, 22, 5, 0]  	447	3 
[1, 25, 4, 0]  	449	2 
[2, 20, 6, 0]  	450	4 
[2, 29, 2, 0]  	451	4 
[1, 23, 5, 0]  	452	2 
[1, 21, 6, 0]  	455	3 
[1, 10, 11, 0]  	457	2 
[2, 5, 13, 0]  	458	4 
[3, 0, 15, 0]  	459	3 
[1, 8, 12, 0]  	460	2 
[1, 35, 0, 0]  	463	3 
[2, 1, 15, 0]  	464	4 
[0, 9, 12, 0]  	465	1 
[2, 19, 7, 0]  	466	4 
[0, 36, 0, 0]  	468	2  <--- 2
[1, 29, 3, 0]  	472	3 
[0, 23, 6, 0]  	473	1 
[2, 4, 14, 0]  	474	4 
[1, 7, 13, 0]  	476	2 
[1, 34, 1, 0]  	479	3 
[2, 0, 16, 0]  	480	3 
[0, 8, 13, 0]  	481	1 
[0, 35, 1, 0]  	484	2 
[1, 19, 8, 0]  	487	3 
[0, 22, 7, 0]  	489	1 
[1, 6, 14, 0]  	492	2 
[1, 15, 10, 0]  	493	3 
[0, 7, 14, 0]  	497	1 
[0, 34, 2, 0]  	500	2 
[1, 0, 17, 0]  	501	2 
[1, 18, 9, 0]  	503	3 
[0, 21, 8, 0]  	505	1 
[1, 5, 15, 0]  	508	2 
[0, 6, 15, 0]  	513	1 
[0, 33, 3, 0]  	516	2 
[0, 20, 9, 0]  	521	1 
[0, 29, 5, 0]  	522	2 
[1, 4, 16, 0]  	524	2 
[0, 5, 16, 0]  	529	1 
[0, 32, 4, 0]  	532	2 
[0, 19, 10, 0]  	537	1 
[0, 4, 17, 0]  	545	1 
[0, 0, 19, 0]  	551	1  <--- 3
[0, 18, 11, 0]  	553	1 
[0, 3, 18, 0]  	561	1 
[22, 4, 3, 1]  	315	12 
[14, 3, 6, 1]  	325	11 
[20, 4, 4, 1]  	328	10 
[22, 3, 4, 1]  	331	11 
[14, 2, 7, 1]  	341	10 
[8, 17, 2, 1]  	343	8 
[6, 17, 3, 1]  	356	7 
[18, 1, 7, 1]  	360	9 
[8, 1, 10, 1]  	367	8 
[5, 14, 6, 1]  	396	6 
[5, 12, 7, 1]  	399	6 
[5, 8, 9, 1]  	405	6 
[4, 0, 13, 1]  	409	5 
[4, 27, 1, 1]  	412	5 
[4, 5, 11, 1]  	416	6 
[4, 23, 3, 1]  	418	5 
[3, 9, 10, 1]  	431	4 
[3, 7, 11, 1]  	434	4 
[1, 20, 7, 1]  	471	3 
[1, 33, 2, 1]  	495	3 
[18, 4, 4, 2]  	312	12 
[10, 0, 10, 2]  	370	8 
[3, 28, 1, 2]  	417	4 
[3, 0, 14, 2]  	430	4 
[4, 7, 10, 4]  	413	5 
[3, 21, 4, 46]  	413	4 
[16, 3, 5, 48]  	312	11 
[16, 0, 8, 48]  	360	8 
[7, 13, 5, 48]  	370	7 
[5, 26, 0, 48]  	378	6 
[2, 13, 8, 48]  	417	3 
[16, 1, 6, 49]  	315	8 
[13, 17, 0, 49]  	325	8 
[20, 2, 5, 49]  	331	8 
[11, 1, 8, 49]  	333	7 
[7, 2, 9, 49]  	343	7 
[5, 2, 10, 49]  	356	6 
[7, 15, 4, 49]  	367	4 
[3, 13, 7, 49]  	396	4 
[3, 11, 8, 49]  	399	3 
[2, 21, 4, 49]  	405	3 
[3, 19, 5, 49]  	416	4 
[2, 27, 2, 49]  	425	3 
[0, 34, 1, 49]  	471	2 
[1, 4, 15, 49]  	495	2 
------
The gap is between 5 and 45.
Lengths: 3 3 6 6 3 3.
For 490 = 5*d/2-d1-d2-d3 you get 3 in char 0.
1*x^1*y^17*z^9
1*y^31*z^3
1*y^2*z^16

For 274 = 3*d/2-d1-d2-d3 you get 6 in char 0.
1*x^5*y^18
1*x^4*y^3*z^7
1*x^3*y^17*z^1
1*x^2*y^2*z^8
1*x^1*y^16*z^2
1*y^1*z^9

For 58 = d/2-d1-d2-d3 you get 3 in char 0.
1*x^4*y^2
1*x^2*y^1*z^1
1*z^2

Extra powers of p used 0.
The invariant extra is equal to 4.
Start computing 5^3 Delta^1 (x1x2x3)^4... Done.
Start computing 5^4 Delta^2 (x1x2x3)^4... Done.
Start computing 5^5 Delta^3 (x1x2x3)^4... Done.
Start computing 5^6 Delta^4 (x1x2x3)^4... Done.
Start computing 5^7 Delta^5 (x1x2x3)^4... Done.
Start computing 5^8 Delta^6 (x1x2x3)^4... Done.
Start computing 5^9 Delta^7 (x1x2x3)^4... Done.
Start computing 5^10 Delta^8 (x1x2x3)^4... Done.
Start computing 5^11 Delta^9 (x1x2x3)^4... Done.
Start computing 5^12 Delta^10 (x1x2x3)^4... Done.
Start computing 5^13 Delta^11 (x1x2x3)^4... Done.
Start computing 5^14 Delta^12 (x1x2x3)^4... Done.
Start computing aa.
1 2 3 4 5 6 7 8 9 10 11 12 
*/
A = \
[44433646791291790978472234642611,133323607006969897011447291681998,58750317002371213282085912552001,58558500791624413620622965883370,112109806480449509620140480014555,45681692588652804454073157691675,120803090242077139792110734474530,30850910612244953170412133832575,125235367776150756810569562834355,57657158932564464383247642802575,107776865792795918537972832217925,54500619520906729982391309244975;\
110592311721023648375725813158692,137625581232139050250940892818638,73317869973506467869257489489234,127990502841488072868067349925820,71573633672520634048244943421675,130733793282479706509404756071850,50752945287010575283258950137145,60803363798348483712607882670025,102740329497726818173486452015800,49056485131268584050194060412300,16883069073682179610290015079525,101192210403109618568575021631875;\
32540906117979291875911137842999,72182882464800138741898557127318,74827247729109429589494894962824,130770692170692763936166783020275,31039995349631356841496077186225,136101834971496160931000088993320,120462867454851965839581611040350,134854733276096133507579538850945,87640330750451857063762697519295,4152765227082324439283363796950,52720451435248282652198537280950,93783069475187976268900454914825;\
40814116068825699747607355045132,97934726390125682769559137663141,45464211856832726511939054495894,105997419716654667226667990831735,85904683959263645587640081237750,74559862515397857927220045301130,51780759525175391230141436961780,102469400322341084795929157238585,55842381204859266934167396206660,55322215055590551407558818079775,40622059741576698270943811745750,136093446983481859933893088160000;\
16911857510447086773174305226463,98713293836983555458177318582081,99553908943393164646711346043347,90020307320093975088230210484040,44117149864391600682262758319390,19284897667237489735265704352920,127302873562503950457775046736800,4457310320408061082591458478910,51679214935796059711864298908605,39359819239565802286798346291450,61080251084881443897077090750,127505177542888370934565799764575;\
40827120563821242265320640409355,91981727644501185230025375090477,132728290109811258335818060972461,133552137513169500830856333706690,85403158836862960584743797314340,42612933878511607517227604601905,106527367351958139773446428918720,86761523156270196123542307215495,86153133968564408181738881552695,20154999974416805214251947199200,88407361407129864111073434411825,76846789022448128917790936602850;\
12355646890382875421552125967578,118861506430435057854047957932025,45743550948142545312802453896456,104144271600675736435028328170125,100751080761123710025577760549860,121638539979326919255093868913555,140967979977448487211902671111090,13274776888864092163182216720980,63888016994212896802303493472170,51696851978354858345049827164600,47046302056238832707020879825750,100094839221889221407488111608700;\
89655306992425283845476444172668,113443824651333315306693323505109,137266867138759905121302844539201,115807328718368466366227091467335,140171037144358972508119014905265,141390107348395640817240407910440,116726496693877953414842665891180,48522582808104701063277518012070,42862795382694231988452808518485,2918447584341602232382257666400,100259141690440290099199776424950,105728536149799212934252844504800;\
94107443591537719065379102712069,48494154397982116774310451174709,101546611718162477904883386770155,7693955147608677682144563881265,29043167725556560584512846960440,109032050749536079050289770809685,20656991463412294590186983146540,30697699010528107517238496167590,57134574167036260244761332502210,17461027852856530638982063937300,49197554199514917539624129771600,30123606626337819237791938283775;\
125343419024892241203872438702062,81209169026665036718360465955833,21231944674131179030963357291690,43623688653172091131602516285725,49197613434619724361257234268145,3377283506363717545359533402850,56163728743831674036295276820045,52306094296291881418241703074540,23001814233117418096295266930645,130324025107389566229959071552225,140378442976050892936010775540225,141963702209189717354303548216075;\
124438211085138007922246413569116,94767208231153328337426575095855,72538434492584750825365796010384,135712935055036039720305491394145,8978389231279166746625086441105,54071932188930428289118217566850,49384018736732922830185250111700,873441553439292768724008896105,42367243516640313954175937675205,54868677577300597941681745440800,106181469270638804793735676687575,112210522383497091628282971303650;\
29651786966335978404571419723385,72680352229342713237184737511792,56067169630729986349414478594603,46599715957836459003974776592165,72530394647421713901766769517140,16218105552278809781663004987225,103248352457603045540800241934755,135992913550629431375205417043595,137889572548334534418083054160465,76204903338591944758907919260275,75191766429258218987278379436300,24094081981059012475645742629600]
/* 
This should be the matrix of frobenius!
*/ 
B = A; 
/* Freed 128 lists. */
