/* Comments begin... 
Coefficient of   x^27                     = 1
Coefficient of   x^14 * y^8               = 0
Coefficient of   x^12 * y^7 * z^1         = -1
Coefficient of   x^10 * y^6 * z^2         = -2
Coefficient of   x^8 * y^5 * z^3         = -2
Coefficient of   x^6 * y^4 * z^4         = -2
Coefficient of   x^4 * y^3 * z^5         = -2
Coefficient of   x^2 * y^2 * z^6         = -1
Coefficient of   x^1 * y^16               = 1
Coefficient of   y^1 * z^7               = 1

Here is the polynomial we're using this time:

1*x^27 + -1*x^12*y^7*z^1 + -2*x^10*y^6*z^2 + -2*x^8*y^5*z^3 + -2*x^6*y^4*z^4 + -2*x^4*y^3*z^5 + -1*x^2*y^2*z^6 + 1*x^1*y^16 + 1*y^1*z^7

Allocate G_len 20 elements and old = 0.
Allocate M_len = 400 elements.
Allocate G_len 40 elements and old = 20.
Allocate M_len = 800 elements.
Allocate G_len 80 elements and old = 40.
Allocate M_len = 1600 elements.
Allocate M_len = 3200 elements.
Allocate G_len 160 elements and old = 80.
Allocate M_len = 6400 elements.
Allocate M_len = 12800 elements.
Allocate G_len 320 elements and old = 160.
Allocate M_len = 25600 elements.
The final length of G is 178
[12, 7, 0, 0]  	187	7 
[12, 6, 1, 0]  	203	8 
[26, 0, 0, 0]  	208	8  <--- 1
[10, 6, 2, 0]  	216	7 
[10, 5, 3, 0]  	232	8 
[8, 5, 4, 0]  	245	7 
[8, 4, 5, 0]  	261	8 
[7, 18, 0, 0]  	290	8 
[22, 5, 2, 0]  	299	13 
[18, 4, 4, 0]  	312	12 
[22, 4, 3, 0]  	315	12 
[18, 3, 5, 0]  	328	10 
[11, 3, 7, 0]  	330	10 
[22, 3, 4, 0]  	331	11 
[11, 17, 1, 0]  	338	10 
[16, 3, 6, 0]  	341	10 
[14, 2, 7, 0]  	341	10 
[9, 3, 8, 0]  	343	9 
[18, 2, 6, 0]  	344	10 
[22, 2, 5, 0]  	347	11 
[9, 17, 2, 0]  	351	9 
[12, 2, 8, 0]  	354	9 
[10, 1, 9, 0]  	354	9 
[7, 3, 9, 0]  	356	8 
[14, 1, 8, 0]  	357	9 
[9, 2, 9, 0]  	359	8 
[8, 16, 3, 0]  	359	8 
[18, 1, 7, 0]  	360	9 
[22, 1, 6, 0]  	363	9 
[7, 17, 3, 0]  	364	8 
[8, 1, 10, 0]  	367	8 
[6, 18, 3, 0]  	369	7 
[10, 0, 10, 0]  	370	8 
[7, 2, 10, 0]  	372	7 
[6, 16, 4, 0]  	372	7 
[14, 0, 9, 0]  	373	8 
[7, 0, 11, 0]  	375	7 
[18, 0, 8, 0]  	376	9 
[6, 3, 10, 0]  	377	7 
[5, 17, 4, 0]  	377	7 
[22, 0, 7, 0]  	379	8 
[7, 14, 5, 0]  	383	7 
[5, 2, 11, 0]  	385	6 
[4, 16, 5, 0]  	385	6 
[7, 12, 6, 0]  	386	7 
[6, 26, 0, 0]  	386	7 
[6, 15, 5, 0]  	388	7 
[7, 10, 7, 0]  	389	7 
[6, 24, 1, 0]  	389	7 
[6, 13, 6, 0]  	391	6 
[5, 27, 0, 0]  	391	6 
[7, 8, 8, 0]  	392	7 
[6, 22, 2, 0]  	392	7 
[6, 11, 7, 0]  	394	6 
[5, 25, 1, 0]  	394	6 
[6, 0, 12, 0]  	396	6 
[5, 14, 6, 0]  	396	6 
[6, 9, 8, 0]  	397	6 
[5, 23, 2, 0]  	397	6 
[5, 12, 7, 0]  	399	6 
[6, 7, 9, 0]  	400	6 
[5, 21, 3, 0]  	400	6 
[5, 1, 12, 0]  	401	5 
[4, 15, 6, 0]  	401	5 
[3, 29, 0, 0]  	401	5 
[4, 13, 7, 0]  	404	5 
[4, 2, 12, 0]  	406	6 
[3, 16, 6, 0]  	406	6 
[5, 6, 10, 0]  	408	6 
[4, 0, 13, 0]  	409	5 
[4, 9, 9, 0]  	410	5 
[4, 27, 1, 0]  	412	5 
[4, 7, 10, 0]  	413	5 
[3, 1, 13, 0]  	414	5 
[4, 25, 2, 0]  	415	5 
[4, 5, 11, 0]  	416	6 
[3, 28, 1, 0]  	417	4 
[4, 23, 3, 0]  	418	5 
[4, 12, 8, 0]  	420	4 
[3, 26, 2, 0]  	420	4 
[3, 15, 7, 0]  	422	5 
[3, 24, 3, 0]  	423	4 
[3, 13, 8, 0]  	425	4 
[3, 22, 4, 0]  	426	4 
[3, 11, 9, 0]  	428	4 
[3, 20, 5, 0]  	429	5 
[3, 0, 14, 0]  	430	4 
[3, 9, 10, 0]  	431	4 
[2, 12, 9, 0]  	433	3 
[3, 7, 11, 0]  	434	4 
[3, 5, 12, 0]  	437	5 
[2, 26, 3, 0]  	441	3 
[2, 6, 12, 0]  	442	4 
[2, 15, 8, 0]  	443	4 
[2, 24, 4, 0]  	444	3 
[2, 33, 0, 0]  	445	5 
[2, 22, 5, 0]  	447	3 
[2, 11, 10, 0]  	449	2 
[1, 25, 4, 0]  	449	2 
[2, 29, 2, 0]  	451	4 
[2, 9, 11, 0]  	452	2 
[1, 23, 5, 0]  	452	2 
[1, 21, 6, 0]  	455	3 
[1, 10, 11, 0]  	457	2 
[2, 5, 13, 0]  	458	4 
[1, 8, 12, 0]  	460	2 
[1, 35, 0, 0]  	463	3 
[0, 9, 12, 0]  	465	1 
[2, 19, 7, 0]  	466	4 
[0, 36, 0, 0]  	468	2  <--- 2
[1, 20, 7, 0]  	471	3 
[0, 23, 6, 0]  	473	1 
[1, 7, 13, 0]  	476	2 
[1, 34, 1, 0]  	479	3 
[2, 0, 16, 0]  	480	3 
[0, 8, 13, 0]  	481	1 
[1, 19, 8, 0]  	487	3 
[0, 22, 7, 0]  	489	1 
[1, 6, 14, 0]  	492	2 
[1, 15, 10, 0]  	493	3 
[0, 7, 14, 0]  	497	1 
[0, 34, 2, 0]  	500	2 
[1, 0, 17, 0]  	501	2 
[2, 4, 15, 0]  	503	3 
[1, 18, 9, 0]  	503	3 
[0, 21, 8, 0]  	505	1 
[1, 5, 15, 0]  	508	2 
[0, 6, 15, 0]  	513	1 
[0, 20, 9, 0]  	521	1 
[0, 29, 5, 0]  	522	2 
[1, 4, 16, 0]  	524	2 
[0, 5, 16, 0]  	529	1 
[0, 32, 4, 0]  	532	2 
[0, 19, 10, 0]  	537	1 
[0, 4, 17, 0]  	545	1 
[0, 0, 19, 0]  	551	1  <--- 3
[0, 18, 11, 0]  	553	1 
[0, 3, 18, 0]  	561	1 
[6, 4, 6, 1]  	274	7 
[14, 3, 6, 1]  	325	11 
[11, 2, 8, 1]  	346	9 
[6, 1, 11, 1]  	380	7 
[5, 10, 8, 1]  	402	6 
[4, 21, 4, 1]  	421	5 
[2, 30, 1, 1]  	435	5 
[2, 10, 10, 1]  	436	3 
[2, 8, 11, 1]  	439	3 
[2, 20, 6, 1]  	450	4 
[2, 1, 15, 1]  	464	4 
[1, 29, 3, 1]  	472	3 
[2, 4, 14, 1]  	474	4 
[1, 33, 2, 1]  	495	3 
[0, 33, 3, 1]  	516	2 
[5, 0, 12, 2]  	388	6 
[4, 1, 12, 2]  	393	6 
[5, 8, 9, 2]  	405	6 
[4, 11, 8, 2]  	407	5 
[0, 35, 1, 2]  	484	2 
[4, 14, 6, 48]  	388	5 
[3, 15, 6, 48]  	393	5 
[4, 22, 3, 48]  	405	4 
[3, 25, 2, 48]  	407	3 
[0, 6, 14, 48]  	484	1 
[5, 18, 0, 49]  	274	6 
[12, 2, 7, 49]  	325	8 
[9, 1, 9, 49]  	346	6 
[5, 15, 5, 49]  	380	5 
[4, 24, 2, 49]  	402	5 
[3, 10, 9, 49]  	415	4 
[3, 6, 11, 49]  	421	4 
[1, 15, 8, 49]  	435	3 
[1, 24, 4, 49]  	436	2 
[1, 22, 5, 49]  	439	2 
[1, 34, 0, 49]  	450	3 
[1, 0, 16, 49]  	472	2 
[1, 4, 15, 49]  	495	2 
[0, 4, 16, 49]  	516	1 
[0, 18, 10, 49]  	524	1 
------
The gap is between 3 and 47.
Lengths: 3 3 6 7 3 4.
For 490 = 5*d/2-d1-d2-d3 you get 3 in char 0.
1*x^1*y^17*z^9
1*y^31*z^3
1*y^2*z^16

For 274 = 3*d/2-d1-d2-d3 you get 6 in char 0.
1*x^5*y^18
1*x^4*y^3*z^7
1*x^3*y^17*z^1
1*x^2*y^2*z^8
1*x^1*y^16*z^2
1*y^1*z^9

For 58 = d/2-d1-d2-d3 you get 3 in char 0.
1*x^4*y^2
1*x^2*y^1*z^1
1*z^2

Extra powers of p used 2.
The invariant extra is equal to 4.
Start computing 5^3 Delta^1 (x1x2x3)^4... Done.
Start computing 5^4 Delta^2 (x1x2x3)^4... Done.
Start computing 5^5 Delta^3 (x1x2x3)^4... Done.
Start computing 5^6 Delta^4 (x1x2x3)^4... Done.
Start computing 5^7 Delta^5 (x1x2x3)^4... Done.
Start computing 5^8 Delta^6 (x1x2x3)^4... Done.
Start computing 5^9 Delta^7 (x1x2x3)^4... Done.
Start computing 5^10 Delta^8 (x1x2x3)^4... Done.
Start computing 5^11 Delta^9 (x1x2x3)^4... Done.
Start computing 5^12 Delta^10 (x1x2x3)^4... Done.
Start computing 5^13 Delta^11 (x1x2x3)^4... Done.
Start computing 5^14 Delta^12 (x1x2x3)^4... Done.
Start computing aa.
1 2 3 4 5 6 7 8 9 10 11 12 
*/
A = \
[3215054866421742531919185774699725,3346726756269464498059465943300160,808222971847561487229854040521140,2031169727906556588104367692502875,212395868690265902947381082131775,931569261361835018647976777950400,2667259672425661021268552728769900,483379083727022730545842949381725,2260188353821691310091897536587950,3345958237515926500044085998496500,1968062941704657252144112646711250,1729519410959659850856995014944750;\
2996533581351910544035478320730275,406888597618032561940072123459740,207785429912607413564085207428710,3014688432356836356383924820048125,2246352575690131393140797075405850,1631964510316442368242491144617350,3391842660239772352738570702457475,1457878237196607206458170510387025,2842798867255954149037748756205050,2460876876243869002903492490939750,718663514990473375225397318845625,1517892923992997610122534067997750;\
253972652044222723231470485897650,845284135464673988388589030703440,3102053197837802336269604040165385,1857573979158502660924443824341125,242101778942408239476501870556600,1661251093937126204373250835830975,2454887129191116661357932287208975,1138306518565774042460338120046650,2507240942344405361102883138591550,2791573646928427828111165933197250,3465137972265937114135018209884375,1921315523634493562445113944782750;\
1966819724898340332882848385342495,1748451393480998582941447798198697,512776704097543164464358566764088,868920022970976097701925127546775,296565357878307367036811711359055,140063828935919859716937167339030,2876251879533876295116939782956180,1820213616495996332618602392483295,1935437766567965555169725606385215,3185531121235730941358908613317800,2539636889918081595072821806448000,1194885110697265630399777660202325;\
1693383144137570154500364305785490,1469319672532288497664273173758114,600536175546567184194835725785981,713655391417859827271844297833925,1767357682388447590810503436617035,486325335100242571622012334167360,2973266871466092450611075144226660,3423536385797262110911423121954415,2952442724734516158748881915435080,3185038311883447086178761318604225,2810021005667921870122135207895375,2843590666887219233439418388174775;\
2208598926182716761487260160364565,3481145022832380590135435929410974,3014019611080447436049332851127271,2660705115464145708395825739314800,954870850022784461800875443344560,44123107597276820801082958225635,1962794139412976447012677960191185,3286486458853234731510823949897515,976841297518344675628452625164155,1695709225124336115813784720004475,1017216406488223314195394025934750,638177763885817621047433733422650;\
468324655492084840619120655082995,2944715348329808120406855801491872,385594553052912036374934607005788,2257125406500477310513513380342400,2697790172082022630532156464787055,208648811557557661053229228742530,2052629321312180893598864827863180,1401886163498535452950162275170045,2880244656095444687081168366753090,311749679324730824350873809328425,1933459579869502593054849433830500,3413344737190439449339771982713575;\
3245570743380586312327336700833155,1032241635288782286444023486145068,1370161107664417937483411851384972,2810310944375105788263734383783100,114656911673136638017635428984545,2059971646107034365956519206832320,1172145572287908386721171182234045,2892598054795158369994731125408105,3311333503714732167841023844704460,2970265293546501796198357783135075,1276393208942725314770534031058875,1296679713483893646454333876466675;\
520501773817579940038047629139310,3173892097547165116426249359975846,1940917880628392967500541215738684,2279574652753324410843789684585450,63867711562837125907429246937115,3365917242033605223084287324209540,3393603160288541599157629258713865,2864220176527764022116157923058185,714326171931763308971827018279870,3322874639543533133321771788616025,1049691981876061284931180302030875,815159225537572280106066100144975;\
2119503632244330973846323575859060,1813467394392825053179272709557111,660129410342632936600612867831344,1760950895471985870005873503612325,19729411410779008467037631247840,1191262328645495586307886899021265,132024937731674232033574102799215,2338840981683123210762835782430085,1795380687012287381150065523071920,2382173057061582312263928547100150,1447101191734695905121091126792125,2072466230261536295201140999003350;\
3548127224538574005358152097397530,3201094738224264772351281607661938,1724308661235646805048490356863877,904455251198501518278965583546850,856334797559673351391642942663595,2126976757491299438384035822834370,2769325511872822185841240763859470,975939375497099481182956677298555,1822111838923896586706093883476360,3533958708798460987775310021299950,161840284828988120468055863349500,3238177534221262580076951518356800;\
2868832402259107995537660635069475,2215419473071383662731158999662080,3179759649893722007434520376513245,3006396939442258268072622960606125,445907975755694682286097316840325,1408316587479376714501389659848325,1329552778647796386804066768039575,452423137516567297349503907254925,682239533718659314227587091775725,238572626733871051621609805746375,259847638118519973197019332932500,359527720662633289995749674863000]
/* 
This matrix times 5^(-2) should be the matrix of frobenius.
*/ 
B = 5^(-2) * A; 
/* Freed 128 lists. */
