/* Comments begin... 
Coefficient of   x^27                     = 2
Coefficient of   x^14 * y^8               = 0
Coefficient of   x^12 * y^7 * z^1         = 0
Coefficient of   x^10 * y^6 * z^2         = 1
Coefficient of   x^8 * y^5 * z^3         = -1
Coefficient of   x^6 * y^4 * z^4         = 1
Coefficient of   x^4 * y^3 * z^5         = -2
Coefficient of   x^2 * y^2 * z^6         = 2
Coefficient of   x^1 * y^16               = 1
Coefficient of   y^1 * z^7               = 0

Here is the polynomial we're using this time:

2*x^27 + 1*x^10*y^6*z^2 + -1*x^8*y^5*z^3 + 1*x^6*y^4*z^4 + -2*x^4*y^3*z^5 + 2*x^2*y^2*z^6 + 1*x^1*y^16

Allocate G_len 20 elements and old = 0.
Allocate M_len = 400 elements.
Allocate G_len 40 elements and old = 20.
Allocate M_len = 800 elements.
Allocate G_len 80 elements and old = 40.
Allocate M_len = 1600 elements.
Allocate M_len = 3200 elements.
Allocate G_len 160 elements and old = 80.
Allocate M_len = 6400 elements.
Not smooth!
Coefficient of   x^27                     = -1
Coefficient of   x^14 * y^8               = 2
Coefficient of   x^12 * y^7 * z^1         = 2
Coefficient of   x^10 * y^6 * z^2         = -2
Coefficient of   x^8 * y^5 * z^3         = 1
Coefficient of   x^6 * y^4 * z^4         = 1
Coefficient of   x^4 * y^3 * z^5         = 1
Coefficient of   x^2 * y^2 * z^6         = 0
Coefficient of   x^1 * y^16               = 2
Coefficient of   y^1 * z^7               = 1

Here is the polynomial we're using this time:

-1*x^27 + 2*x^14*y^8 + 2*x^12*y^7*z^1 + -2*x^10*y^6*z^2 + 1*x^8*y^5*z^3 + 1*x^6*y^4*z^4 + 1*x^4*y^3*z^5 + 2*x^1*y^16 + 1*y^1*z^7

Allocate M_len = 12800 elements.
Allocate G_len 320 elements and old = 160.
Allocate M_len = 25600 elements.
The final length of G is 177
[12, 7, 0, 0]  	187	6 
[12, 6, 1, 0]  	203	8 
[26, 0, 0, 0]  	208	8  <--- 1
[10, 6, 2, 0]  	216	7 
[8, 5, 4, 0]  	245	7 
[8, 4, 5, 0]  	261	8 
[7, 18, 0, 0]  	290	8 
[22, 5, 2, 0]  	299	13 
[18, 4, 4, 0]  	312	12 
[22, 4, 3, 0]  	315	12 
[14, 3, 6, 0]  	325	11 
[18, 3, 5, 0]  	328	11 
[11, 3, 7, 0]  	330	9 
[22, 3, 4, 0]  	331	11 
[11, 17, 1, 0]  	338	10 
[14, 2, 7, 0]  	341	10 
[9, 3, 8, 0]  	343	8 
[18, 2, 6, 0]  	344	10 
[11, 2, 8, 0]  	346	9 
[9, 17, 2, 0]  	351	9 
[10, 1, 9, 0]  	354	9 
[7, 3, 9, 0]  	356	8 
[14, 1, 8, 0]  	357	9 
[9, 2, 9, 0]  	359	8 
[8, 16, 3, 0]  	359	8 
[18, 1, 7, 0]  	360	10 
[24, 2, 5, 0]  	363	9 
[22, 1, 6, 0]  	363	9 
[7, 17, 3, 0]  	364	8 
[8, 1, 10, 0]  	367	8 
[6, 18, 3, 0]  	369	7 
[7, 2, 10, 0]  	372	8 
[14, 0, 9, 0]  	373	8 
[7, 0, 11, 0]  	375	7 
[18, 0, 8, 0]  	376	9 
[6, 3, 10, 0]  	377	7 
[5, 17, 4, 0]  	377	7 
[22, 0, 7, 0]  	379	9 
[6, 1, 11, 0]  	380	7 
[7, 14, 5, 0]  	383	7 
[5, 2, 11, 0]  	385	6 
[4, 16, 5, 0]  	385	6 
[12, 0, 10, 0]  	386	7 
[7, 12, 6, 0]  	386	7 
[6, 26, 0, 0]  	386	7 
[6, 15, 5, 0]  	388	6 
[5, 0, 12, 0]  	388	6 
[7, 10, 7, 0]  	389	7 
[6, 24, 1, 0]  	389	7 
[6, 13, 6, 0]  	391	6 
[5, 27, 0, 0]  	391	6 
[7, 8, 8, 0]  	392	7 
[6, 22, 2, 0]  	392	7 
[4, 1, 12, 0]  	393	6 
[5, 25, 1, 0]  	394	6 
[6, 9, 8, 0]  	397	6 
[5, 23, 2, 0]  	397	6 
[5, 12, 7, 0]  	399	6 
[6, 7, 9, 0]  	400	6 
[5, 21, 3, 0]  	400	6 
[4, 15, 6, 0]  	401	5 
[3, 29, 0, 0]  	401	5 
[5, 10, 8, 0]  	402	6 
[4, 13, 7, 0]  	404	5 
[5, 8, 9, 0]  	405	6 
[3, 16, 6, 0]  	406	6 
[4, 11, 8, 0]  	407	5 
[5, 6, 10, 0]  	408	6 
[4, 7, 10, 0]  	413	5 
[3, 1, 13, 0]  	414	5 
[4, 25, 2, 0]  	415	5 
[4, 5, 11, 0]  	416	6 
[4, 23, 3, 0]  	418	5 
[3, 26, 2, 0]  	420	4 
[4, 21, 4, 0]  	421	5 
[3, 15, 7, 0]  	422	5 
[4, 10, 9, 0]  	423	4 
[3, 24, 3, 0]  	423	4 
[3, 13, 8, 0]  	425	4 
[3, 22, 4, 0]  	426	4 
[3, 11, 9, 0]  	428	4 
[3, 20, 5, 0]  	429	5 
[3, 9, 10, 0]  	431	4 
[2, 12, 9, 0]  	433	3 
[3, 7, 11, 0]  	434	4 
[2, 30, 1, 0]  	435	5 
[2, 10, 10, 0]  	436	3 
[3, 5, 12, 0]  	437	5 
[2, 26, 3, 0]  	441	3 
[2, 15, 8, 0]  	443	4 
[2, 24, 4, 0]  	444	3 
[2, 33, 0, 0]  	445	5 
[2, 22, 5, 0]  	447	3 
[1, 25, 4, 0]  	449	2 
[2, 20, 6, 0]  	450	4 
[2, 29, 2, 0]  	451	4 
[2, 9, 11, 0]  	452	2 
[1, 23, 5, 0]  	452	2 
[1, 21, 6, 0]  	455	3 
[1, 10, 11, 0]  	457	2 
[2, 5, 13, 0]  	458	4 
[3, 0, 15, 0]  	459	3 
[1, 35, 0, 0]  	463	3 
[0, 9, 12, 0]  	465	1 
[2, 19, 7, 0]  	466	4 
[0, 36, 0, 0]  	468	2  <--- 2
[1, 20, 7, 0]  	471	3 
[1, 29, 3, 0]  	472	3 
[0, 23, 6, 0]  	473	1 
[2, 4, 14, 0]  	474	4 
[1, 7, 13, 0]  	476	2 
[1, 34, 1, 0]  	479	3 
[2, 0, 16, 0]  	480	3 
[0, 8, 13, 0]  	481	1 
[0, 35, 1, 0]  	484	2 
[0, 22, 7, 0]  	489	1 
[1, 6, 14, 0]  	492	2 
[1, 15, 10, 0]  	493	3 
[0, 7, 14, 0]  	497	1 
[1, 0, 17, 0]  	501	2 
[1, 18, 9, 0]  	503	3 
[0, 21, 8, 0]  	505	1 
[1, 5, 15, 0]  	508	2 
[0, 6, 15, 0]  	513	1 
[0, 20, 9, 0]  	521	1 
[0, 29, 5, 0]  	522	2 
[1, 4, 16, 0]  	524	2 
[0, 34, 3, 0]  	529	1 
[0, 5, 16, 0]  	529	1 
[0, 32, 4, 0]  	532	2 
[0, 19, 10, 0]  	537	1 
[0, 4, 17, 0]  	545	1 
[0, 0, 19, 0]  	551	1  <--- 3
[0, 18, 11, 0]  	553	1 
[0, 3, 18, 0]  	561	1 
[6, 4, 6, 1]  	274	7 
[20, 5, 3, 1]  	312	12 
[22, 2, 5, 1]  	347	11 
[10, 0, 10, 1]  	370	8 
[6, 16, 4, 1]  	372	7 
[5, 14, 6, 1]  	396	6 
[4, 0, 13, 1]  	409	5 
[4, 9, 9, 1]  	410	5 
[4, 27, 1, 1]  	412	5 
[3, 28, 1, 1]  	417	4 
[3, 0, 14, 1]  	430	4 
[2, 8, 11, 1]  	439	3 
[2, 6, 12, 1]  	442	4 
[1, 8, 12, 1]  	460	2 
[10, 5, 3, 2]  	232	8 
[2, 1, 15, 2]  	464	4 
[1, 33, 2, 2]  	495	3 
[0, 34, 2, 2]  	500	2 
[0, 33, 3, 2]  	516	2 
[1, 19, 8, 4]  	487	3 
[8, 4, 4, 48]  	232	7 
[5, 26, 0, 48]  	378	6 
[1, 15, 9, 48]  	464	3 
[0, 33, 2, 48]  	487	2 
[0, 4, 15, 48]  	487	1 
[5, 18, 0, 49]  	274	6 
[16, 3, 5, 49]  	312	9 
[20, 1, 6, 49]  	347	8 
[7, 13, 5, 49]  	370	7 
[5, 1, 11, 49]  	372	5 
[5, 15, 5, 49]  	380	5 
[4, 10, 8, 49]  	394	5 
[3, 13, 7, 49]  	396	4 
[3, 23, 3, 49]  	410	3 
[3, 12, 8, 49]  	412	4 
[2, 13, 8, 49]  	417	2 
[2, 27, 2, 49]  	425	3 
[1, 22, 5, 49]  	439	2 
[1, 20, 6, 49]  	442	2 
[0, 35, 0, 49]  	455	2 
[0, 22, 6, 49]  	460	1 
[0, 7, 13, 49]  	468	1 
------
The gap is between 5 and 47.
Lengths: 3 3 6 7 3 4.
For 490 = 5*d/2-d1-d2-d3 you get 3 in char 0.
1*x^1*y^17*z^9
1*y^31*z^3
1*y^2*z^16

For 274 = 3*d/2-d1-d2-d3 you get 6 in char 0.
1*x^5*y^18
1*x^4*y^3*z^7
1*x^3*y^17*z^1
1*x^2*y^2*z^8
1*x^1*y^16*z^2
1*y^1*z^9

For 58 = d/2-d1-d2-d3 you get 3 in char 0.
1*x^4*y^2
1*x^2*y^1*z^1
1*z^2

Extra powers of p used 2.
The invariant extra is equal to 4.
Start computing 5^3 Delta^1 (x1x2x3)^4... Done.
Start computing 5^4 Delta^2 (x1x2x3)^4... Done.
Start computing 5^5 Delta^3 (x1x2x3)^4... Done.
Start computing 5^6 Delta^4 (x1x2x3)^4... Done.
Start computing 5^7 Delta^5 (x1x2x3)^4... Done.
Start computing 5^8 Delta^6 (x1x2x3)^4... Done.
Start computing 5^9 Delta^7 (x1x2x3)^4... Done.
Start computing 5^10 Delta^8 (x1x2x3)^4... Done.
Start computing 5^11 Delta^9 (x1x2x3)^4... Done.
Start computing 5^12 Delta^10 (x1x2x3)^4... Done.
Start computing 5^13 Delta^11 (x1x2x3)^4... Done.
Start computing 5^14 Delta^12 (x1x2x3)^4... Done.
Start computing aa.
1 2 3 4 5 6 7 8 9 10 11 12 
*/
A = \
[1710660347657307235015792010822264,507959490371988326122556891291097,2879163096885134612287177627506095,2820440037532817551081476763930160,694649235799993057933990639259885,2661545510713182135121606458947085,1497115025663744403307154047334310,2954109723216241856286996836877485,407402090480241336113955202320700,937706436366466666052182874426450,1795967535437116134511240289613225,2165046592735641669282288861051200;\
2862896467173978519093120115708417,62216820556327894767794184280066,1954022826981275464272259000477935,2037286509628808794641176319494980,1202034139874551438305203529075780,2995953069940353975301839762778755,448634227495901573789235983505805,470852864953438200207854875122205,123998912321898450453385637224225,706589834613003050431220538044350,969534891829396455270393391525925,2442793461340281058854839648574225;\
3097002140189547893272056347829828,2395583074910787776543827581776769,48577360224715726082729300093865,2459832265122187748742796106825695,1593195590689687876026042657080645,2267508442382007250610112134537420,3012601440704582809410830888628870,2994565866701952602438721233741595,701452686640558562565809761761775,747053101212611230641172180349775,1438231533383464747338797314082700,2534834286985802011381647268799900;\
247442876211260149741177463104976,82983242286566810934340397836373,3179566873910128119489016608276330,1191919478636545510414289227260615,3328284134267417996584487574913065,2393044292010102147792746300086415,1650444460570165376460003124161040,1071944076523238301739883436620240,1424943705069291752168462684012600,819189874553357844978095466180675,2609713231978337222744814746659025,2059278195860300907961953256006050;\
3486046951254885938961306794110670,714012438954382971080664002971685,2302755936037529139281424445641775,1036442354176641315736079655041725,928879033520124257386436732335275,232383532422245639810153501497700,507651984715262036367472368704050,2346333444003886472436385765234300,2555290122130343054018274513905550,3470620867429113963788256037409875,905449735201086256128466082548625,1942057429537518701594281512185000;\
18402976213570076225683610641436,165752105371134757387994843142153,3251076807775654476625050885377605,2093182124079537583587521939611815,911574173222680451210544664914815,2788004930434060038911071812449840,1660676070157472209606141527160315,135673755087585815065155502699140,2594047275826350991884936253858650,878111054904132037924918674178800,2631017615566952020029538845711150,3102043548809133413442883728379925;\
1920349107892005549128663506382296,394969407947983168398520985549558,1458759413038604988608338606207305,284757992478775520579421669202890,53894389388332266185419102616940,1945461416335844685640099283257515,1468644594183326954779673811351090,1303437939392214448272722577844540,2226468438793456541083562951435700,478240101641042524746430159794425,289242932138579919912466306157025,1650332967667854855911872662800050;\
868635001429716652489757702057029,3475843555334244383409377914407092,527244374440084531853625121234770,446224355413247889817044616432910,451691484594258611506624400601910,1745774826800563213479895543260010,2318801419514577197053600844402535,1931561267018186320338241211913210,2232174026018802045751370922407600,862889869001215535256992092151950,681970308102797454990121247163600,55529567068022559654212325639575;\
946773716906600617001667540876262,2277187932605224009629085444586501,1634677009608281846510267254064560,1635726665472299187850336161516080,1797592396153116616714304822952430,2959271135787155056650024226106330,1739863723283493536326579820448230,1449099499296607010730492562804755,2551299570291711356472806668506900,2056093231391399476729052011658600,190374937390747455297012723137050,177299258420151422081140868966100;\
3363766273355848269663574015910536,2722872450760165199499671014850978,1462275906273103794754957199705105,1582796402651903203173031184785015,1279630511700599742287069486168215,959719470618504002759090473890190,3181848105127320070998060423952190,648119245768872736448481034722390,2823180032873361042028093340026350,1962180141967682230824923947538050,2241443873543529902035800252143025,205569336988121085667297900557175;\
145828767957979292724133190629682,2650531052180148077344946186486961,1537294874519367575096136712352360,2499705004289117028158080974752930,546395201429960700862722568177580,651864464808722534979110773260905,300347588216431217431631002276155,585714826958438213923506155395430,911071434538793491352137551035450,1748060372160582608573085064540975,2208906322835335262756570069158800,2319929259573545857252920918481725;\
2390116638094186808011776454269891,962567753970357073502144769279543,2083773603049877535172771674606280,3088440670911646353926985781372340,1441186434688476401389378342300790,796422265058804747707739064801015,2022550476882933450065452504264640,2778633452351356839237379482183965,3189455585581191032427400327663725,175496044978326116088482608560800,2661841582324258835205887784104400,111511293065485009892908084836800]
/* 
This matrix times 5^(-2) should be the matrix of frobenius.
*/ 
B = 5^(-2) * A; 
/* Freed 129 lists. */
