/* Comments begin... 
Coefficient of   x^27                     = -2
Coefficient of   x^14 * y^8               = -2
Coefficient of   x^12 * y^7 * z^1         = 0
Coefficient of   x^10 * y^6 * z^2         = 2
Coefficient of   x^8 * y^5 * z^3         = -2
Coefficient of   x^6 * y^4 * z^4         = 2
Coefficient of   x^4 * y^3 * z^5         = 2
Coefficient of   x^2 * y^2 * z^6         = 2
Coefficient of   x^1 * y^16               = -2
Coefficient of   y^1 * z^7               = 2

Here is the polynomial we're using this time:

-2*x^27 + -2*x^14*y^8 + 2*x^10*y^6*z^2 + -2*x^8*y^5*z^3 + 2*x^6*y^4*z^4 + 2*x^4*y^3*z^5 + 2*x^2*y^2*z^6 + -2*x^1*y^16 + 2*y^1*z^7

Allocate G_len 20 elements and old = 0.
Allocate M_len = 400 elements.
Allocate G_len 40 elements and old = 20.
Allocate M_len = 800 elements.
Allocate G_len 80 elements and old = 40.
Allocate M_len = 1600 elements.
Allocate M_len = 3200 elements.
Allocate G_len 160 elements and old = 80.
Allocate M_len = 6400 elements.
Allocate M_len = 12800 elements.
Allocate G_len 320 elements and old = 160.
The final length of G is 167
[10, 6, 1, 0]  	187	6 
[14, 7, 0, 0]  	203	8 
[26, 0, 0, 0]  	208	8  <--- 1
[10, 5, 3, 0]  	232	7 
[6, 4, 6, 0]  	274	6 
[6, 3, 7, 0]  	290	7 
[22, 5, 2, 0]  	299	13 
[18, 4, 4, 0]  	312	12 
[22, 4, 3, 0]  	315	12 
[7, 18, 1, 0]  	319	7 
[16, 4, 5, 0]  	325	11 
[14, 3, 6, 0]  	325	11 
[18, 3, 5, 0]  	328	11 
[22, 3, 4, 0]  	331	12 
[14, 2, 7, 0]  	341	10 
[8, 17, 2, 0]  	343	8 
[11, 2, 8, 0]  	346	9 
[22, 2, 5, 0]  	347	11 
[10, 1, 9, 0]  	354	9 
[6, 17, 3, 0]  	356	7 
[14, 1, 8, 0]  	357	10 
[9, 2, 9, 0]  	359	8 
[8, 16, 3, 0]  	359	8 
[18, 1, 7, 0]  	360	9 
[22, 1, 6, 0]  	363	10 
[8, 1, 10, 0]  	367	8 
[5, 3, 10, 0]  	369	6 
[10, 0, 10, 0]  	370	8 
[7, 2, 10, 0]  	372	7 
[6, 16, 4, 0]  	372	7 
[14, 0, 9, 0]  	373	9 
[18, 0, 8, 0]  	376	8 
[22, 0, 7, 0]  	379	9 
[6, 1, 11, 0]  	380	7 
[9, 15, 4, 0]  	383	8 
[7, 14, 5, 0]  	383	7 
[5, 2, 11, 0]  	385	6 
[4, 16, 5, 0]  	385	6 
[9, 13, 5, 0]  	386	8 
[6, 15, 5, 0]  	388	7 
[8, 25, 0, 0]  	389	8 
[9, 0, 11, 0]  	391	7 
[10, 24, 0, 0]  	392	8 
[4, 1, 12, 0]  	393	6 
[7, 26, 0, 0]  	394	7 
[6, 0, 12, 0]  	396	6 
[5, 14, 6, 0]  	396	6 
[6, 27, 0, 0]  	399	6 
[5, 12, 7, 0]  	399	6 
[4, 15, 6, 0]  	401	5 
[3, 29, 0, 0]  	401	5 
[4, 13, 7, 0]  	404	5 
[6, 23, 2, 0]  	405	6 
[5, 8, 9, 0]  	405	6 
[3, 16, 6, 0]  	406	6 
[5, 26, 1, 0]  	407	5 
[4, 11, 8, 0]  	407	5 
[4, 0, 13, 0]  	409	5 
[5, 24, 2, 0]  	410	5 
[4, 9, 9, 0]  	410	5 
[5, 22, 3, 0]  	413	5 
[4, 7, 10, 0]  	413	5 
[3, 1, 13, 0]  	414	5 
[4, 25, 2, 0]  	415	5 
[4, 5, 11, 0]  	416	6 
[4, 23, 3, 0]  	418	5 
[3, 26, 2, 0]  	420	4 
[4, 21, 4, 0]  	421	5 
[3, 15, 7, 0]  	422	5 
[3, 24, 3, 0]  	423	4 
[4, 28, 1, 0]  	425	4 
[3, 13, 8, 0]  	425	4 
[3, 22, 4, 0]  	426	4 
[3, 11, 9, 0]  	428	4 
[3, 20, 5, 0]  	429	5 
[3, 9, 10, 0]  	431	4 
[2, 12, 9, 0]  	433	3 
[3, 7, 11, 0]  	434	4 
[2, 30, 1, 0]  	435	5 
[2, 10, 10, 0]  	436	3 
[3, 5, 12, 0]  	437	5 
[2, 8, 11, 0]  	439	3 
[2, 26, 3, 0]  	441	3 
[2, 6, 12, 0]  	442	4 
[2, 15, 8, 0]  	443	4 
[2, 24, 4, 0]  	444	3 
[2, 33, 0, 0]  	445	5 
[2, 22, 5, 0]  	447	3 
[1, 25, 4, 0]  	449	2 
[2, 20, 6, 0]  	450	4 
[2, 29, 2, 0]  	451	4 
[1, 23, 5, 0]  	452	2 
[1, 21, 6, 0]  	455	3 
[1, 10, 11, 0]  	457	2 
[2, 5, 13, 0]  	458	4 
[3, 0, 15, 0]  	459	3 
[1, 8, 12, 0]  	460	2 
[1, 35, 0, 0]  	463	3 
[2, 1, 15, 0]  	464	4 
[0, 9, 12, 0]  	465	1 
[2, 19, 7, 0]  	466	4 
[0, 36, 0, 0]  	468	2  <--- 2
[1, 20, 7, 0]  	471	3 
[0, 23, 6, 0]  	473	1 
[2, 4, 14, 0]  	474	4 
[1, 7, 13, 0]  	476	2 
[2, 0, 16, 0]  	480	3 
[0, 8, 13, 0]  	481	1 
[0, 35, 1, 0]  	484	2 
[0, 22, 7, 0]  	489	1 
[1, 6, 14, 0]  	492	2 
[1, 15, 10, 0]  	493	3 
[1, 33, 2, 0]  	495	3 
[0, 7, 14, 0]  	497	1 
[0, 34, 2, 0]  	500	2 
[1, 0, 17, 0]  	501	2 
[0, 21, 8, 0]  	505	1 
[1, 5, 15, 0]  	508	2 
[0, 6, 15, 0]  	513	1 
[0, 20, 9, 0]  	521	1 
[0, 29, 5, 0]  	522	2 
[1, 4, 16, 0]  	524	2 
[0, 5, 16, 0]  	529	1 
[0, 19, 10, 0]  	537	1 
[0, 33, 4, 0]  	545	1 
[0, 4, 17, 0]  	545	1 
[0, 0, 19, 0]  	551	1  <--- 3
[0, 18, 11, 0]  	553	1 
[0, 3, 18, 0]  	561	1 
[8, 5, 4, 1]  	245	6 
[8, 4, 5, 1]  	261	7 
[5, 18, 1, 1]  	303	6 
[13, 18, 0, 1]  	338	10 
[18, 2, 6, 1]  	344	11 
[7, 0, 11, 1]  	375	7 
[5, 17, 4, 1]  	377	6 
[6, 26, 0, 1]  	386	7 
[5, 27, 0, 1]  	391	6 
[5, 10, 8, 1]  	402	6 
[4, 27, 1, 1]  	412	5 
[3, 28, 1, 1]  	417	4 
[3, 0, 14, 1]  	430	4 
[1, 29, 3, 1]  	472	3 
[1, 34, 1, 1]  	479	3 
[1, 19, 8, 1]  	487	3 
[0, 33, 3, 1]  	516	2 
[0, 32, 4, 1]  	532	2 
[1, 18, 9, 2]  	503	3 
[5, 0, 12, 3]  	388	6 
[4, 14, 6, 47]  	388	5 
[4, 24, 2, 48]  	402	5 
[0, 4, 16, 48]  	516	1 
[4, 3, 6, 49]  	245	4 
[10, 2, 8, 49]  	338	8 
[16, 1, 7, 49]  	344	7 
[8, 2, 9, 49]  	351	7 
[16, 0, 8, 49]  	360	6 
[6, 2, 10, 49]  	364	5 
[6, 14, 5, 49]  	375	4 
[4, 2, 11, 49]  	377	4 
[3, 16, 5, 49]  	377	5 
[2, 12, 8, 49]  	404	3 
[1, 0, 16, 49]  	472	1 
[1, 5, 14, 49]  	479	2 
[0, 33, 2, 49]  	487	2 
[0, 32, 3, 49]  	503	2 
[0, 3, 16, 49]  	503	1 
------
The gap is between 4 and 46.
Lengths: 3 3 6 7 3 3.
For 490 = 5*d/2-d1-d2-d3 you get 3 in char 0.
1*x^1*y^17*z^9
1*y^31*z^3
1*y^2*z^16

For 274 = 3*d/2-d1-d2-d3 you get 6 in char 0.
1*x^5*y^18
1*x^4*y^3*z^7
1*x^3*y^17*z^1
1*x^2*y^2*z^8
1*x^1*y^16*z^2
1*y^1*z^9

For 58 = d/2-d1-d2-d3 you get 3 in char 0.
1*x^4*y^2
1*x^2*y^1*z^1
1*z^2

Extra powers of p used 1.
The invariant extra is equal to 4.
Start computing 5^3 Delta^1 (x1x2x3)^4... Done.
Start computing 5^4 Delta^2 (x1x2x3)^4... Done.
Start computing 5^5 Delta^3 (x1x2x3)^4... Done.
Start computing 5^6 Delta^4 (x1x2x3)^4... Done.
Start computing 5^7 Delta^5 (x1x2x3)^4... Done.
Start computing 5^8 Delta^6 (x1x2x3)^4... Done.
Start computing 5^9 Delta^7 (x1x2x3)^4... Done.
Start computing 5^10 Delta^8 (x1x2x3)^4... Done.
Start computing 5^11 Delta^9 (x1x2x3)^4... Done.
Start computing 5^12 Delta^10 (x1x2x3)^4... Done.
Start computing 5^13 Delta^11 (x1x2x3)^4... Done.
Start computing 5^14 Delta^12 (x1x2x3)^4... Done.
Start computing aa.
1 2 3 4 5 6 7 8 9 10 11 12 
*/
A = \
[544252918737561938668513365319605,264263805823196148267003426255965,336348485592432202772859790786985,185640694126728816334761743142075,125434529914217921831354892900200,373714875503795278864695039923400,79829050852437897636065031610100,46578923672608895321805680259150,52145219841228757844025016399150,416668128228121338974119758083375,128903483307929452902723503420875,301885682676947843872394302904750;\
574140513405413883837774927064295,332864312053066434204305117332865,492175717087106756569709264895350,444287822239844946333594078162075,451486626044016377211957535090725,544470442899803441708270561809675,404921726894136979960163893767700,524334091386304572535289166717325,517807480361823018025379396478925,34256902729935153269973436631875,589894457172078434558814604502000,546681579394630919735621028092750;\
406913619893730859805690654137180,643426798148718425955069753650545,179838426558236008902524684351965,443762756342153201699834372355725,187796228815064818009421468870475,535241771233188661383224574034675,574383605467766422448079578635225,395473800496856586120133010133050,473752189449122961639313316078575,128654834552747611979039253639750,543436600202218614213977880044125,32130435774366406869953886859625;\
24871313054939403467738545555400,455568902775531729904106608565665,90516407686251805232505762141280,208647377966595118666994858415950,510445384803540683060533932361450,486100233512852402259898098320175,80286861582645907125650957043300,505480838052516731638352014728200,259387057614667120272056969414600,117162754253231094458182462817875,608610633986821033503864585107875,112027678936012850582191326289625;\
493580158602913821463425964812009,171760938112915439074301944689078,78779376349115867673904754566643,27989126750771486848839549427705,33708899686585033099974477712975,223787355582407018105177035882880,158763576621358399808072479503825,409713278084514478018953698452705,523327556197317408360922167937615,123469705860534381914444853355075,74830644366776233438005433837675,612861368824065784543260348615150;\
256774795663647933368566463576050,416190746087667004526693163357410,677547960706889298626708646743450,338968707020065387708070779294375,440000475650248351889181953618525,652950400622385849258795415850025,318198391032483570375468223830200,168206565499421499883173579695450,384842577222320791418734712614500,10044725346428514323767379989375,331971527202478145726316690693500,597645140217427183159860793530625;\
658593912888520516578258892681254,325310020946296024630465694026578,448061060389117492888231095382248,312710027008056804326426785072455,107347132375794011950023486863600,313392544293231558848439724300330,393769730095517207572091641311850,68189191145971098864559674526405,161125967559735781854857930684815,335293114627685308806103848935075,212239729589811451955455047580675,10076129377640661432016568598150;\
139666318139696653550964799150948,93163632285860553177084681382391,539660326093635957876856490832661,659858834922107777695023341229410,101886948550193247887498000645700,167885617700765981127066837001210,674685977048384113256281847973075,292315159385458861935446367908210,631798568879236526986742916837830,391287129899893192795051950669025,249937280029031201640791962436600,4995510517643289068374398960425;\
35695654320277105571759488967259,457419500862741679945398802797173,246017612334750073923397550798803,672423989542807032818453245024955,373017750887851860570300513430975,270794377222865685268281883176030,48677052796813243785607006048350,411238886333451403861923631343380,73424547808951060852214403821865,164218353289037231975450399380575,69027582198131649769980647178050,584977210141936505034302128756275;\
26091852502717359594700043876237,698596524166500657288114377980209,467435120733144483613496919239849,317645559214884819468609803509415,593182151244200167085533394521175,351827093312622925881057102534790,265835915705611466666381822971900,700914741965341909067225329724415,519456684685377611315947552909820,571119016732816903542818592166850,334592632513285346308006075514400,110830941410991371205139664971950;\
110375688513359875836795110536846,184424021407280292029969955111912,391495450494189547607407732506612,39289573891180275182473663121820,429843677486135480563656528210275,16888688487991106227472573025120,261215322128991446865691331837750,530806340081759818637392625877545,464230697841527820210359945691810,350424776622029496140836099688175,533694686072374441619257287014825,308890406234669322062275218243475;\
443210800686941726795378285787545,190957691273750896559840190059430,162945643638883895764975092173110,70324066566379845806057712907900,686011583803343972919457985886250,574309512909365744167950501008825,688451022316419210025742077791550,585817882557747837419730084991875,85210768713136054430862351971325,214888837509562735672196125576000,433994938186397734228240241249250,284378221769417169062498847386750]
/* 
This matrix times 5^(-1) should be the matrix of frobenius.
*/ 
B = 5^(-1) * A; 
/* Freed 128 lists. */
