/* Comments begin... 
Coefficient of   x^27                     = 2
Coefficient of   x^14 * y^8               = -1
Coefficient of   x^12 * y^7 * z^1         = -1
Coefficient of   x^10 * y^6 * z^2         = 1
Coefficient of   x^8 * y^5 * z^3         = 0
Coefficient of   x^6 * y^4 * z^4         = -1
Coefficient of   x^4 * y^3 * z^5         = 1
Coefficient of   x^2 * y^2 * z^6         = -2
Coefficient of   x^1 * y^16               = 1
Coefficient of   y^1 * z^7               = -2

Here is the polynomial we're using this time:

2*x^27 + -1*x^14*y^8 + -1*x^12*y^7*z^1 + 1*x^10*y^6*z^2 + -1*x^6*y^4*z^4 + 1*x^4*y^3*z^5 + -2*x^2*y^2*z^6 + 1*x^1*y^16 + -2*y^1*z^7

Allocate G_len 20 elements and old = 0.
Allocate M_len = 400 elements.
Allocate G_len 40 elements and old = 20.
Allocate M_len = 800 elements.
Allocate G_len 80 elements and old = 40.
Allocate M_len = 1600 elements.
Allocate M_len = 3200 elements.
Allocate G_len 160 elements and old = 80.
Allocate M_len = 6400 elements.
Allocate M_len = 12800 elements.
Allocate G_len 320 elements and old = 160.
Allocate M_len = 25600 elements.
The final length of G is 181
[12, 7, 0, 0]  	187	6 
[12, 6, 1, 0]  	203	8 
[26, 0, 0, 0]  	208	8  <--- 1
[10, 5, 3, 0]  	232	8 
[8, 5, 4, 0]  	245	7 
[8, 4, 5, 0]  	261	8 
[6, 4, 6, 0]  	274	7 
[7, 18, 0, 0]  	290	8 
[22, 5, 2, 0]  	299	13 
[18, 4, 4, 0]  	312	12 
[22, 4, 3, 0]  	315	11 
[14, 3, 6, 0]  	325	11 
[18, 3, 5, 0]  	328	12 
[11, 3, 7, 0]  	330	10 
[22, 3, 4, 0]  	331	11 
[14, 2, 7, 0]  	341	11 
[18, 2, 6, 0]  	344	10 
[11, 2, 8, 0]  	346	10 
[22, 2, 5, 0]  	347	10 
[10, 3, 8, 0]  	351	9 
[9, 17, 2, 0]  	351	9 
[11, 16, 2, 0]  	354	10 
[7, 3, 9, 0]  	356	8 
[9, 2, 9, 0]  	359	8 
[8, 16, 3, 0]  	359	8 
[11, 1, 9, 0]  	362	8 
[6, 18, 3, 0]  	369	7 
[7, 2, 10, 0]  	372	7 
[6, 16, 4, 0]  	372	7 
[16, 1, 8, 0]  	373	8 
[9, 1, 10, 0]  	375	7 
[7, 0, 11, 0]  	375	7 
[20, 1, 7, 0]  	376	8 
[18, 0, 8, 0]  	376	8 
[6, 3, 10, 0]  	377	7 
[24, 1, 6, 0]  	379	8 
[22, 0, 7, 0]  	379	8 
[6, 1, 11, 0]  	380	7 
[7, 14, 5, 0]  	383	7 
[5, 2, 11, 0]  	385	7 
[6, 26, 0, 0]  	386	7 
[6, 15, 5, 0]  	388	6 
[5, 0, 12, 0]  	388	6 
[16, 0, 9, 0]  	389	7 
[6, 24, 1, 0]  	389	7 
[6, 22, 2, 0]  	392	7 
[5, 16, 5, 0]  	393	6 
[4, 1, 12, 0]  	393	6 
[5, 14, 6, 0]  	396	6 
[5, 23, 2, 0]  	397	6 
[5, 12, 7, 0]  	399	6 
[5, 21, 3, 0]  	400	6 
[4, 15, 6, 0]  	401	5 
[3, 29, 0, 0]  	401	5 
[14, 0, 10, 0]  	402	6 
[5, 10, 8, 0]  	402	6 
[5, 28, 0, 0]  	404	5 
[4, 13, 7, 0]  	404	5 
[5, 8, 9, 0]  	405	6 
[3, 16, 6, 0]  	406	6 
[5, 26, 1, 0]  	407	5 
[4, 11, 8, 0]  	407	5 
[4, 0, 13, 0]  	409	5 
[4, 9, 9, 0]  	410	5 
[4, 27, 1, 0]  	412	5 
[4, 7, 10, 0]  	413	5 
[3, 1, 13, 0]  	414	5 
[4, 25, 2, 0]  	415	5 
[5, 20, 4, 0]  	416	6 
[4, 5, 11, 0]  	416	6 
[3, 28, 1, 0]  	417	4 
[4, 23, 3, 0]  	418	5 
[3, 26, 2, 0]  	420	4 
[4, 21, 4, 0]  	421	5 
[3, 24, 3, 0]  	423	4 
[3, 13, 8, 0]  	425	4 
[3, 11, 9, 0]  	428	4 
[3, 20, 5, 0]  	429	5 
[3, 0, 14, 0]  	430	4 
[3, 9, 10, 0]  	431	4 
[2, 12, 9, 0]  	433	3 
[3, 7, 11, 0]  	434	4 
[2, 30, 1, 0]  	435	5 
[2, 10, 10, 0]  	436	3 
[3, 5, 12, 0]  	437	5 
[3, 23, 4, 0]  	439	3 
[2, 8, 11, 0]  	439	3 
[2, 26, 3, 0]  	441	3 
[2, 15, 8, 0]  	443	4 
[2, 24, 4, 0]  	444	3 
[2, 33, 0, 0]  	445	5 
[2, 22, 5, 0]  	447	3 
[1, 25, 4, 0]  	449	2 
[2, 20, 6, 0]  	450	4 
[2, 29, 2, 0]  	451	4 
[1, 23, 5, 0]  	452	2 
[2, 7, 12, 0]  	455	3 
[1, 21, 6, 0]  	455	3 
[1, 10, 11, 0]  	457	2 
[2, 5, 13, 0]  	458	4 
[1, 35, 0, 0]  	463	3 
[2, 1, 15, 0]  	464	4 
[0, 9, 12, 0]  	465	1 
[2, 19, 7, 0]  	466	4 
[0, 36, 0, 0]  	468	2  <--- 2
[1, 20, 7, 0]  	471	3 
[1, 29, 3, 0]  	472	3 
[0, 23, 6, 0]  	473	1 
[2, 4, 14, 0]  	474	4 
[1, 7, 13, 0]  	476	2 
[1, 34, 1, 0]  	479	3 
[2, 0, 16, 0]  	480	3 
[0, 8, 13, 0]  	481	1 
[0, 35, 1, 0]  	484	2 
[0, 22, 7, 0]  	489	1 
[1, 15, 10, 0]  	493	3 
[1, 33, 2, 0]  	495	3 
[0, 7, 14, 0]  	497	1 
[0, 34, 2, 0]  	500	2 
[1, 0, 17, 0]  	501	2 
[0, 21, 8, 0]  	505	1 
[1, 5, 15, 0]  	508	2 
[0, 6, 15, 0]  	513	1 
[0, 33, 3, 0]  	516	2 
[0, 20, 9, 0]  	521	1 
[0, 29, 5, 0]  	522	2 
[1, 4, 16, 0]  	524	2 
[0, 5, 16, 0]  	529	1 
[0, 32, 4, 0]  	532	2 
[0, 19, 10, 0]  	537	1 
[0, 4, 17, 0]  	545	1 
[0, 0, 19, 0]  	551	1  <--- 3
[0, 18, 11, 0]  	553	1 
[0, 3, 18, 0]  	561	1 
[10, 6, 2, 1]  	216	7 
[11, 17, 1, 1]  	338	10 
[9, 3, 8, 1]  	343	9 
[10, 1, 9, 1]  	354	9 
[14, 1, 8, 1]  	357	9 
[18, 1, 7, 1]  	360	9 
[22, 1, 6, 1]  	363	9 
[7, 17, 3, 1]  	364	8 
[10, 0, 10, 1]  	370	8 
[14, 0, 9, 1]  	373	8 
[5, 17, 4, 1]  	377	7 
[4, 16, 5, 1]  	385	6 
[5, 6, 10, 1]  	408	6 
[3, 15, 7, 1]  	422	5 
[3, 22, 4, 1]  	426	4 
[1, 8, 12, 1]  	460	2 
[1, 19, 8, 1]  	487	3 
[8, 1, 10, 2]  	367	8 
[5, 27, 0, 2]  	391	6 
[5, 25, 1, 2]  	394	6 
[2, 6, 12, 2]  	442	4 
[1, 6, 14, 2]  	492	2 
[1, 18, 9, 2]  	503	3 
[4, 10, 8, 47]  	394	5 
[4, 12, 7, 48]  	391	5 
[1, 20, 6, 48]  	442	3 
[0, 20, 8, 48]  	492	1 
[0, 32, 3, 48]  	503	2 
[8, 5, 3, 49]  	216	5 
[10, 2, 8, 49]  	338	8 
[8, 17, 2, 49]  	343	7 
[7, 12, 5, 49]  	357	7 
[16, 0, 8, 49]  	360	7 
[20, 0, 7, 49]  	363	5 
[6, 2, 10, 49]  	364	4 
[4, 10, 7, 49]  	365	5 
[7, 15, 4, 49]  	367	7 
[6, 0, 11, 49]  	367	6 
[4, 2, 11, 49]  	377	6 
[5, 24, 1, 49]  	381	6 
[3, 1, 12, 49]  	385	5 
[4, 20, 4, 49]  	408	5 
[2, 29, 1, 49]  	422	4 
[2, 7, 11, 49]  	426	3 
[0, 22, 6, 49]  	460	1 
[0, 33, 2, 49]  	487	2 
[0, 4, 16, 49]  	516	1 
------
The gap is between 3 and 46.
Lengths: 3 3 6 6 3 3.
For 490 = 5*d/2-d1-d2-d3 you get 3 in char 0.
1*x^1*y^17*z^9
1*y^31*z^3
1*y^2*z^16

For 274 = 3*d/2-d1-d2-d3 you get 6 in char 0.
1*x^5*y^18
1*x^4*y^3*z^7
1*x^3*y^17*z^1
1*x^2*y^2*z^8
1*x^1*y^16*z^2
1*y^1*z^9

For 58 = d/2-d1-d2-d3 you get 3 in char 0.
1*x^4*y^2
1*x^2*y^1*z^1
1*z^2

Extra powers of p used 0.
The invariant extra is equal to 4.
Start computing 5^3 Delta^1 (x1x2x3)^4... Done.
Start computing 5^4 Delta^2 (x1x2x3)^4... Done.
Start computing 5^5 Delta^3 (x1x2x3)^4... Done.
Start computing 5^6 Delta^4 (x1x2x3)^4... Done.
Start computing 5^7 Delta^5 (x1x2x3)^4... Done.
Start computing 5^8 Delta^6 (x1x2x3)^4... Done.
Start computing 5^9 Delta^7 (x1x2x3)^4... Done.
Start computing 5^10 Delta^8 (x1x2x3)^4... Done.
Start computing 5^11 Delta^9 (x1x2x3)^4... Done.
Start computing 5^12 Delta^10 (x1x2x3)^4... Done.
Start computing 5^13 Delta^11 (x1x2x3)^4... Done.
Start computing 5^14 Delta^12 (x1x2x3)^4... Done.
Start computing aa.
1 2 3 4 5 6 7 8 9 10 11 12 
*/
A = \
[108929869886843478114201137502501,140397014620253383636131803367611,48982434582469244879554052961081,100574209000707400383082787919795,28347197228759942323682475551600,39948154657484444122957689183090,85823995774791242488498275188645,131509750031386884087859869169565,125885780590424622253505658567335,139840141985237021330963552263475,56858551567930224051930465094975,12054786263770836667842607322975;\
133433024623787941705730839945100,110418947616972074799019183704197,130779677892360854027542719369041,54813918548749562649424411218545,66125750905712282487784825226355,136052747207851620142125394464895,92292330123453751552847723779455,6417444493226744255698052122890,40334705235587517428335774056470,3425134480435670872412194039750,52688682875186875194301571381800,118238685720805188788105479392675;\
56224811313042771333282142969346,20299259486588091135605579884444,29647647291740779582432469102696,87238279608071370232366244740615,35195012526894555871211400128775,101886538543162957198801813149755,122666217125152862940352217728260,129041379712324736764918051920935,51930768771737694320180810621140,33014426675822389521658341183200,62900516006848709558354090079750,132623438218599512904314663404800;\
30272591049054961037025720775060,72769877475466692949664416104909,114357615548818546163412580180253,43864614169444005978057553696905,56753354047214180987397898565695,71952828240791194587507327875200,120392661454884232298507103685165,19296145501300582728202189836710,100622588806315326134891573382590,59674043391033185197864427701025,115058695410305469951386201286150,16803112443877916631476009258875;\
115281449755971815333568916588604,42359588610731228443176351128704,106874566588640109998889507595923,52501504927216764645932249254955,122122728266181228561420169367895,38977793768801997203332445091005,103221154103774461690182548448985,10472900146008354958940662912930,19841978434494461572353377778535,113508966052000214174488135111175,44211292166118013023895007613250,31154678161486453993309292495950;\
8414773732571789634751204065087,62863785476336107230067727749383,42146923585129146318481167464891,49900253036629844256656414523510,45136611283620823227774907095340,32717385786095281286375012039890,91229291072218303724469231725980,115471812511743544395924422061080,114647252362274310686233977749615,25522068305122504544897312204275,31800684342708199678215641402175,60204345769946336221579077296975;\
83189873402280950476996431742301,125228585349856555882824610455669,118310821184426099953931412980335,77628807915563936335058101585385,42183466659607521343561305240835,28739692736784641293114734577740,46545538104534623264562065829065,104564520552641469246313127542275,25888932054743353440102512555350,94319250210855074255125604880125,116311335079855585810658939461525,32122554752388957722276536436975;\
123786316247869978897635119478613,98862644952216840498713702517623,102824504270361655094058930329277,100128964744438397289900369710785,63519588003949420012740891928200,6198875480059442121129401410265,30671486049605843714578101271000,25819232072879374775904400610660,27543095326055564925737243187540,91070088443531872978573223845750,102956298111085128924667214861950,92030069883452896047510171676025;\
117665259527758696241478628893066,7584781116335684656016763794640,112484089645397568146920381165517,22551893445252932841049030902700,117670843957515546830320783854945,68131429369573475305727358507840,53692467880619579037510762686015,82435169867224806917989416418365,65643736400048250305864223519785,58367200700701659747966870113000,89318039148958984807958550824150,25521382993353656998307075646325;\
54402384309087186721320631488065,113338000279068765882301998248943,75644080942806168677518968446221,5377841808014001781760119773945,34848828703436801177497603727880,29569521563106475921989099111175,28053670277936438651483095658725,65898509751280146934237350170495,72620655227629597797581325074130,16941281803001240721847612438750,124705837676913188326708585874025,73594474524178528586944305225125;\
13002758723949522758154220653983,97786078936013427067881830251843,1093476837012356815960917947720,134934211011148692711960450246725,59586514667792737958152478684890,136929506641855010668922091181125,34535915940343052091989281362995,131122556469520224919258451864405,138966674768307849108373720085230,58095487792214820441481041926075,1516812711550114777619335442975,84216287416232643705468959818350;\
57625285973417720845247443927724,135753163626501253954122325449113,137852076868885883164534083093363,6147765079991285795120911559160,52381768651472649730190344844335,92135311890398435299762879866675,10402288634379034058443475171835,35321176176660976196719653197325,57113013119623060409981870644155,44069224004851560443544946914575,32690937435907439788532737075500,96077221111167694611874082838425]
/* 
This should be the matrix of frobenius!
*/ 
B = A; 
/* Freed 130 lists. */
