/* Comments begin... 
Coefficient of   x^27                     = -2
Coefficient of   x^14 * y^8               = 2
Coefficient of   x^12 * y^7 * z^1         = -2
Coefficient of   x^10 * y^6 * z^2         = 0
Coefficient of   x^8 * y^5 * z^3         = -2
Coefficient of   x^6 * y^4 * z^4         = -2
Coefficient of   x^4 * y^3 * z^5         = -2
Coefficient of   x^2 * y^2 * z^6         = 0
Coefficient of   x^1 * y^16               = -2
Coefficient of   y^1 * z^7               = 2

Here is the polynomial we're using this time:

-2*x^27 + 2*x^14*y^8 + -2*x^12*y^7*z^1 + -2*x^8*y^5*z^3 + -2*x^6*y^4*z^4 + -2*x^4*y^3*z^5 + -2*x^1*y^16 + 2*y^1*z^7

Allocate G_len 20 elements and old = 0.
Allocate M_len = 400 elements.
Allocate G_len 40 elements and old = 20.
Allocate M_len = 800 elements.
Allocate G_len 80 elements and old = 40.
Allocate M_len = 1600 elements.
Allocate M_len = 3200 elements.
Allocate G_len 160 elements and old = 80.
Allocate M_len = 6400 elements.
Allocate M_len = 12800 elements.
Allocate G_len 320 elements and old = 160.
Allocate M_len = 25600 elements.
The final length of G is 179
[12, 7, 0, 0]  	187	5 
[12, 6, 1, 0]  	203	8 
[26, 0, 0, 0]  	208	8  <--- 1
[10, 6, 2, 0]  	216	7 
[10, 5, 3, 0]  	232	8 
[8, 4, 5, 0]  	261	8 
[6, 4, 6, 0]  	274	7 
[7, 18, 0, 0]  	290	8 
[22, 5, 2, 0]  	299	11 
[14, 3, 6, 0]  	325	11 
[20, 4, 4, 0]  	328	11 
[18, 3, 5, 0]  	328	11 
[11, 3, 7, 0]  	330	9 
[24, 4, 3, 0]  	331	12 
[22, 3, 4, 0]  	331	12 
[14, 2, 7, 0]  	341	10 
[9, 3, 8, 0]  	343	8 
[11, 2, 8, 0]  	346	9 
[10, 1, 9, 0]  	354	9 
[14, 1, 8, 0]  	357	10 
[9, 2, 9, 0]  	359	8 
[8, 16, 3, 0]  	359	8 
[20, 2, 6, 0]  	360	9 
[18, 1, 7, 0]  	360	9 
[24, 2, 5, 0]  	363	9 
[22, 1, 6, 0]  	363	8 
[8, 3, 9, 0]  	364	8 
[7, 17, 3, 0]  	364	8 
[6, 18, 3, 0]  	369	7 
[7, 2, 10, 0]  	372	7 
[6, 16, 4, 0]  	372	7 
[14, 0, 9, 0]  	373	8 
[9, 1, 10, 0]  	375	8 
[8, 15, 4, 0]  	375	8 
[18, 0, 8, 0]  	376	8 
[6, 3, 10, 0]  	377	7 
[5, 17, 4, 0]  	377	7 
[22, 0, 7, 0]  	379	8 
[6, 1, 11, 0]  	380	7 
[8, 0, 11, 0]  	383	7 
[7, 14, 5, 0]  	383	7 
[5, 2, 11, 0]  	385	6 
[4, 16, 5, 0]  	385	6 
[12, 0, 10, 0]  	386	7 
[6, 26, 0, 0]  	386	7 
[6, 15, 5, 0]  	388	6 
[5, 0, 12, 0]  	388	6 
[6, 24, 1, 0]  	389	7 
[5, 27, 0, 0]  	391	6 
[6, 22, 2, 0]  	392	7 
[4, 1, 12, 0]  	393	6 
[5, 25, 1, 0]  	394	6 
[5, 14, 6, 0]  	396	6 
[5, 12, 7, 0]  	399	6 
[5, 21, 3, 0]  	400	6 
[4, 15, 6, 0]  	401	5 
[3, 29, 0, 0]  	401	5 
[5, 10, 8, 0]  	402	6 
[4, 13, 7, 0]  	404	5 
[5, 8, 9, 0]  	405	6 
[4, 11, 8, 0]  	407	5 
[5, 6, 10, 0]  	408	6 
[4, 0, 13, 0]  	409	5 
[5, 24, 2, 0]  	410	5 
[4, 9, 9, 0]  	410	5 
[4, 27, 1, 0]  	412	5 
[3, 1, 13, 0]  	414	5 
[4, 25, 2, 0]  	415	5 
[4, 5, 11, 0]  	416	6 
[3, 28, 1, 0]  	417	4 
[3, 26, 2, 0]  	420	4 
[4, 21, 4, 0]  	421	5 
[3, 15, 7, 0]  	422	5 
[3, 24, 3, 0]  	423	4 
[3, 13, 8, 0]  	425	4 
[4, 8, 10, 0]  	426	4 
[3, 22, 4, 0]  	426	4 
[3, 11, 9, 0]  	428	4 
[3, 0, 14, 0]  	430	4 
[3, 9, 10, 0]  	431	4 
[2, 12, 9, 0]  	433	3 
[3, 7, 11, 0]  	434	4 
[2, 30, 1, 0]  	435	5 
[2, 10, 10, 0]  	436	3 
[3, 5, 12, 0]  	437	5 
[2, 8, 11, 0]  	439	3 
[2, 26, 3, 0]  	441	3 
[3, 21, 5, 0]  	442	4 
[2, 6, 12, 0]  	442	4 
[2, 15, 8, 0]  	443	4 
[2, 24, 4, 0]  	444	3 
[2, 33, 0, 0]  	445	5 
[2, 22, 5, 0]  	447	3 
[2, 29, 2, 0]  	451	4 
[1, 23, 5, 0]  	452	2 
[1, 21, 6, 0]  	455	3 
[1, 10, 11, 0]  	457	2 
[1, 8, 12, 0]  	460	2 
[1, 35, 0, 0]  	463	3 
[2, 1, 15, 0]  	464	4 
[0, 9, 12, 0]  	465	1 
[2, 19, 7, 0]  	466	4 
[1, 20, 7, 0]  	471	3 
[1, 29, 3, 0]  	472	3 
[0, 23, 6, 0]  	473	1 
[2, 4, 14, 0]  	474	4 
[1, 7, 13, 0]  	476	2 
[1, 34, 1, 0]  	479	3 
[2, 0, 16, 0]  	480	3 
[0, 37, 0, 0]  	481	1  <--- 2
[0, 8, 13, 0]  	481	1 
[0, 35, 1, 0]  	484	2 
[1, 19, 8, 0]  	487	3 
[0, 22, 7, 0]  	489	1 
[1, 15, 10, 0]  	493	3 
[1, 33, 2, 0]  	495	3 
[0, 7, 14, 0]  	497	1 
[1, 18, 9, 0]  	503	3 
[0, 21, 8, 0]  	505	1 
[1, 5, 15, 0]  	508	2 
[0, 6, 15, 0]  	513	1 
[0, 33, 3, 0]  	516	2 
[0, 20, 9, 0]  	521	1 
[0, 29, 5, 0]  	522	2 
[1, 4, 16, 0]  	524	2 
[0, 5, 16, 0]  	529	1 
[1, 0, 18, 0]  	530	1 
[0, 32, 4, 0]  	532	2 
[0, 19, 10, 0]  	537	1 
[0, 4, 17, 0]  	545	1 
[0, 0, 19, 0]  	551	1  <--- 3
[0, 18, 11, 0]  	553	1 
[0, 3, 18, 0]  	561	1 
[18, 4, 4, 1]  	312	12 
[22, 4, 3, 1]  	315	11 
[11, 17, 1, 1]  	338	10 
[18, 2, 6, 1]  	344	11 
[22, 2, 5, 1]  	347	10 
[7, 3, 9, 1]  	356	8 
[8, 1, 10, 1]  	367	8 
[10, 0, 10, 1]  	370	9 
[3, 16, 6, 1]  	406	6 
[4, 7, 10, 1]  	413	5 
[4, 23, 3, 1]  	418	5 
[3, 20, 5, 1]  	429	5 
[1, 25, 4, 1]  	449	2 
[2, 5, 13, 1]  	458	4 
[1, 6, 14, 1]  	492	2 
[0, 34, 2, 1]  	500	2 
[1, 0, 17, 1]  	501	2 
[8, 5, 4, 2]  	245	7 
[9, 17, 2, 2]  	351	9 
[7, 0, 11, 2]  	375	7 
[5, 23, 2, 2]  	397	6 
[2, 20, 6, 2]  	450	4 
[0, 36, 0, 3]  	468	2 
[7, 13, 5, 47]  	370	7 
[0, 7, 13, 47]  	468	1 
[6, 4, 5, 48]  	245	6 
[8, 2, 9, 48]  	351	8 
[4, 8, 9, 48]  	397	5 
[1, 34, 0, 48]  	450	3 
[1, 19, 7, 48]  	458	3 
[16, 3, 5, 49]  	312	11 
[20, 3, 4, 49]  	315	10 
[10, 2, 8, 49]  	338	8 
[16, 1, 7, 49]  	344	7 
[20, 1, 6, 49]  	347	8 
[6, 17, 3, 49]  	356	7 
[7, 15, 4, 49]  	367	5 
[5, 26, 0, 49]  	378	6 
[2, 30, 0, 49]  	406	5 
[3, 21, 4, 49]  	413	4 
[3, 8, 10, 49]  	418	3 
[2, 5, 12, 49]  	429	3 
[2, 4, 13, 49]  	445	4 
[0, 10, 11, 49]  	449	1 
[0, 20, 8, 49]  	492	1 
[0, 5, 15, 49]  	500	1 
------
The gap is between 4 and 46.
Lengths: 3 3 6 6 3 3.
For 490 = 5*d/2-d1-d2-d3 you get 3 in char 0.
1*x^1*y^17*z^9
1*y^31*z^3
1*y^2*z^16

For 274 = 3*d/2-d1-d2-d3 you get 6 in char 0.
1*x^5*y^18
1*x^4*y^3*z^7
1*x^3*y^17*z^1
1*x^2*y^2*z^8
1*x^1*y^16*z^2
1*y^1*z^9

For 58 = d/2-d1-d2-d3 you get 3 in char 0.
1*x^4*y^2
1*x^2*y^1*z^1
1*z^2

Extra powers of p used 0.
The invariant extra is equal to 4.
Start computing 5^3 Delta^1 (x1x2x3)^4... Done.
Start computing 5^4 Delta^2 (x1x2x3)^4... Done.
Start computing 5^5 Delta^3 (x1x2x3)^4... Done.
Start computing 5^6 Delta^4 (x1x2x3)^4... Done.
Start computing 5^7 Delta^5 (x1x2x3)^4... Done.
Start computing 5^8 Delta^6 (x1x2x3)^4... Done.
Start computing 5^9 Delta^7 (x1x2x3)^4... Done.
Start computing 5^10 Delta^8 (x1x2x3)^4... Done.
Start computing 5^11 Delta^9 (x1x2x3)^4... Done.
Start computing 5^12 Delta^10 (x1x2x3)^4... Done.
Start computing 5^13 Delta^11 (x1x2x3)^4... Done.
Start computing 5^14 Delta^12 (x1x2x3)^4... Done.
Start computing aa.
1 2 3 4 5 6 7 8 9 10 11 12 
*/
A = \
[53662953427986155685371584097445,72623321843861065686078641880981,12195261394838881663861315452436,3588448849520133953274608209100,111857393603895162043520596129035,14585977768917374267329234179015,13477341584981012927688068599425,78749706189248904948086397825990,75651632275478045280157462852870,106591470715615924787048657419600,99809138636011105078663431451000,19353348565904530651192182493450;\
127264364715839388044421024937024,15793604431611125656839978910331,12822978067761650695188528346559,78546176149003812152146914058435,72386388966369728801643800592085,133946490220434452152363661229455,98181343349891656213891654450720,88532868218753460627053099996255,76602047500871061073769054322685,66676271338214170721489970870425,114369363063909517160492131644175,48495942242378558658643949708350;\
25114146144091078267989715414631,134770117184774787612044861816906,95433393922063889244887586258165,14870756848338338626180423374595,138246080648719763507492068795385,68737629914407409444722482317200,31071097391065201415633033904595,76983346841601108801700766673540,79815947615785523516980655145195,108261887427897830462759630066325,91317685199268227330267949027400,101458458828818922920477562808575;\
5884769860822515084697692752162,62715462490989866336928198661372,14296683152116520716110787562346,2117263336179272853171673469750,31294713752483330494670290338795,112609497635240102389695779089255,73778470053956302003021866314050,4974402052588326305173324839545,110051421163799022623954367796755,125466984120061812659973892517250,58212049549250516972824276011350,22070707233896152231024190440625;\
130491684160452578127230818653227,140529165561497344009913728590070,70553472570038691203558690316877,75013915328108183166148391283840,27218360965737526399179314811100,21320581482258544264915500030970,49328672332535184502136497213425,26393528208725416677487502385705,33416147141462333893453023780935,75082621291495474621239384508550,39083988965074861081254278308675,29759831334232141633689789935325;\
92590598757685198887691930746291,125028419872780839081063552396806,109659842813249684452635547641819,98229056591781430746376266205890,70000386088333623461584922814140,112277476207075547360148697927765,107290398044019881890467312742850,86761710106711436941351387362420,113407501405432255828065496691790,141153047998091943480690297616825,107769834966484707312614501907125,93398402685685413103201644699800;\
51424727217632212820808065260666,14165030635850464608898172519481,116222301739307465173459472661460,35829442946453637683221146198555,100715396409950780312604291716315,44270596665685102484502507854465,132562488116024794651405051467310,80430925151393020113579889465865,109294666844930553734561607545640,78641516830308387933192799389800,71321939244653710498858368060675,27279462251627977023858027160075;\
83316743873401929979845226798170,131666241021871456056132313750879,24491448494560434261645339206409,127610857848243620992554979684855,85143281786837908254641524176765,59379430440093016689003054593855,5754158662470845114211614346390,107912317754707946565823326337050,53829922052120835670522521645110,41179152781910733539537959844075,137250435658863337808353641690225,67005609357430213213295419501550;\
68725699799787918713548359387850,120101356398047128213422288221214,65832682249567416914506261190641,121967180096489874943797001857255,116621697663161091848339915170095,107033770571939820676474692072605,39679621337560122709574260107190,37820950959090864706673197763365,768186179629431590704352960905,100438209878935312557003545706275,67965918972492544232482111219075,93813595471476514167588539996350;\
140918754962127474222680862799019,30898679399013046270059410902671,83791664857152138428629376821673,33998830770534037129686885589915,35179962199847537042403198548240,85287170522920164999516968451395,105456446950620175278954839391585,48685961755265172322398055311010,90765041255215770621996315747805,131607633945830239835733211142600,51198441351145978076413480458450,13231158204931574588749691863700;\
40683681531155742395055597199985,22390181142741879980464749528231,127207844484732865091057949441684,114540196172388384002184141165680,24688918950876511839763685423445,49486627547235768716507091297385,141104470328733730259823744690285,118290923184245487816226636556070,1979801254211514516650402549580,135612284489457232155990423850525,61528009074403763667378377462375,68714195270926300102117658798725;\
54315245211360224590160449018115,76423735775181448148155378592397,76457433652409176827942583598668,96416713113503567503612670187310,102350159939241433677679293819965,78276809713119375004648096754895,132345503902005190966528460331795,123612455219610619913197134719115,16166850532024806549630602425685,61505319935522787174598322033525,35371191756240836383776826445875,21510162225099688392145419373950]
/* 
This should be the matrix of frobenius!
*/ 
B = A; 
/* Freed 129 lists. */
