/* Comments begin... 
Coefficient of   x^27                     = -2
Coefficient of   x^14 * y^8               = 0
Coefficient of   x^12 * y^7 * z^1         = 0
Coefficient of   x^10 * y^6 * z^2         = -2
Coefficient of   x^8 * y^5 * z^3         = -2
Coefficient of   x^6 * y^4 * z^4         = 1
Coefficient of   x^4 * y^3 * z^5         = 0
Coefficient of   x^2 * y^2 * z^6         = -1
Coefficient of   x^1 * y^16               = -2
Coefficient of   y^1 * z^7               = -1

Here is the polynomial we're using this time:

-2*x^27 + -2*x^10*y^6*z^2 + -2*x^8*y^5*z^3 + 1*x^6*y^4*z^4 + -1*x^2*y^2*z^6 + -2*x^1*y^16 + -1*y^1*z^7

Allocate G_len 20 elements and old = 0.
Allocate M_len = 400 elements.
Allocate G_len 40 elements and old = 20.
Allocate M_len = 800 elements.
Allocate G_len 80 elements and old = 40.
Allocate M_len = 1600 elements.
Allocate M_len = 3200 elements.
Allocate G_len 160 elements and old = 80.
Allocate M_len = 6400 elements.
Allocate M_len = 12800 elements.
Allocate G_len 320 elements and old = 160.
The final length of G is 143
[10, 6, 1, 0]  	187	5 
[10, 5, 2, 0]  	203	6 
[26, 0, 0, 0]  	208	6  <--- 1
[8, 5, 3, 0]  	216	5 
[8, 4, 4, 0]  	232	7 
[6, 4, 5, 0]  	245	6 
[6, 3, 6, 0]  	261	7 
[5, 18, 0, 0]  	274	6 
[22, 4, 3, 0]  	315	12 
[18, 3, 5, 0]  	328	11 
[22, 3, 4, 0]  	331	11 
[8, 17, 2, 0]  	343	8 
[18, 2, 6, 0]  	344	10 
[22, 2, 5, 0]  	347	8 
[12, 2, 8, 0]  	354	9 
[6, 17, 3, 0]  	356	7 
[17, 17, 0, 0]  	357	10 
[9, 2, 9, 0]  	359	8 
[19, 16, 0, 0]  	360	9 
[22, 1, 6, 0]  	363	9 
[8, 1, 10, 0]  	367	8 
[5, 3, 10, 0]  	369	6 
[12, 1, 9, 0]  	370	8 
[7, 2, 10, 0]  	372	8 
[16, 1, 8, 0]  	373	8 
[20, 1, 7, 0]  	376	8 
[5, 17, 4, 0]  	377	6 
[23, 15, 0, 0]  	379	8 
[6, 1, 11, 0]  	380	7 
[8, 0, 11, 0]  	383	7 
[5, 2, 11, 0]  	385	6 
[4, 16, 5, 0]  	385	6 
[12, 0, 10, 0]  	386	7 
[5, 0, 12, 0]  	388	6 
[16, 0, 9, 0]  	389	7 
[20, 0, 8, 0]  	392	7 
[4, 1, 12, 0]  	393	6 
[5, 12, 7, 0]  	399	6 
[4, 15, 6, 0]  	401	5 
[3, 29, 0, 0]  	401	5 
[5, 10, 8, 0]  	402	6 
[25, 0, 7, 0]  	403	7 
[4, 13, 7, 0]  	404	5 
[3, 16, 6, 0]  	406	6 
[4, 9, 9, 0]  	410	5 
[4, 7, 10, 0]  	413	5 
[3, 1, 13, 0]  	414	5 
[4, 5, 11, 0]  	416	6 
[4, 23, 3, 0]  	418	5 
[4, 21, 4, 0]  	421	5 
[3, 15, 7, 0]  	422	5 
[3, 24, 3, 0]  	423	4 
[3, 13, 8, 0]  	425	4 
[3, 22, 4, 0]  	426	4 
[3, 11, 9, 0]  	428	4 
[3, 20, 5, 0]  	429	5 
[3, 9, 10, 0]  	431	4 
[2, 12, 9, 0]  	433	3 
[2, 30, 1, 0]  	435	5 
[3, 5, 12, 0]  	437	5 
[2, 8, 11, 0]  	439	3 
[2, 26, 3, 0]  	441	3 
[2, 6, 12, 0]  	442	4 
[2, 15, 8, 0]  	443	4 
[2, 24, 4, 0]  	444	3 
[2, 33, 0, 0]  	445	5 
[2, 22, 5, 0]  	447	3 
[2, 11, 10, 0]  	449	2 
[1, 25, 4, 0]  	449	2 
[2, 20, 6, 0]  	450	4 
[1, 23, 5, 0]  	452	2 
[1, 10, 11, 0]  	457	2 
[1, 8, 12, 0]  	460	2 
[1, 35, 0, 0]  	463	3 
[0, 9, 12, 0]  	465	1 
[2, 19, 7, 0]  	466	4 
[1, 22, 6, 0]  	468	2 
[0, 36, 0, 0]  	468	2  <--- 2
[1, 20, 7, 0]  	471	3 
[1, 29, 3, 0]  	472	3 
[0, 23, 6, 0]  	473	1 
[2, 4, 14, 0]  	474	4 
[1, 7, 13, 0]  	476	2 
[1, 34, 1, 0]  	479	3 
[0, 8, 13, 0]  	481	1 
[0, 35, 1, 0]  	484	2 
[1, 19, 8, 0]  	487	3 
[3, 0, 16, 0]  	488	2 
[0, 22, 7, 0]  	489	1 
[1, 6, 14, 0]  	492	2 
[2, 1, 16, 0]  	493	3 
[1, 15, 10, 0]  	493	3 
[1, 33, 2, 0]  	495	3 
[0, 7, 14, 0]  	497	1 
[0, 34, 2, 0]  	500	2 
[1, 0, 17, 0]  	501	2 
[1, 18, 9, 0]  	503	3 
[0, 21, 8, 0]  	505	1 
[1, 5, 15, 0]  	508	2 
[0, 6, 15, 0]  	513	1 
[0, 33, 3, 0]  	516	2 
[0, 20, 9, 0]  	521	1 
[0, 29, 5, 0]  	522	2 
[1, 4, 16, 0]  	524	2 
[0, 5, 16, 0]  	529	1 
[0, 19, 10, 0]  	537	1 
[0, 4, 17, 0]  	545	1 
[0, 0, 19, 0]  	551	1  <--- 3
[0, 18, 11, 0]  	553	1 
[0, 3, 18, 0]  	561	1 
[15, 17, 0, 1]  	341	10 
[16, 2, 7, 1]  	357	9 
[6, 16, 4, 1]  	372	7 
[4, 11, 8, 1]  	407	5 
[4, 0, 13, 1]  	409	5 
[4, 27, 1, 1]  	412	5 
[4, 25, 2, 1]  	415	5 
[3, 28, 1, 1]  	417	4 
[3, 26, 2, 1]  	420	4 
[3, 0, 14, 1]  	430	4 
[3, 7, 11, 1]  	434	4 
[2, 10, 10, 1]  	436	3 
[2, 29, 2, 1]  	451	4 
[2, 1, 15, 1]  	464	4 
[2, 0, 16, 1]  	480	3 
[0, 32, 4, 1]  	532	2 
[5, 14, 6, 2]  	396	6 
[5, 8, 9, 2]  	405	6 
[1, 21, 6, 2]  	455	3 
[2, 5, 13, 2]  	458	4 
[4, 22, 3, 48]  	405	5 
[0, 35, 0, 48]  	455	2 
[1, 19, 7, 48]  	458	3 
[12, 1, 8, 49]  	341	7 
[5, 1, 11, 49]  	372	4 
[5, 15, 5, 49]  	380	6 
[4, 28, 0, 49]  	396	5 
[3, 13, 7, 49]  	396	4 
[1, 24, 3, 49]  	407	2 
[1, 11, 9, 49]  	412	2 
[2, 13, 8, 49]  	417	3 
[2, 21, 5, 49]  	434	2 
[0, 3, 17, 49]  	532	1 
------
The gap is between 3 and 47.
Lengths: 3 3 6 6 3 4.
For 490 = 5*d/2-d1-d2-d3 you get 3 in char 0.
1*x^1*y^17*z^9
1*y^31*z^3
1*y^2*z^16

For 274 = 3*d/2-d1-d2-d3 you get 6 in char 0.
1*x^18*y^10
1*x^4*y^3*z^7
1*x^3*y^17*z^1
1*x^2*y^2*z^8
1*x^1*y^16*z^2
1*y^1*z^9

For 58 = d/2-d1-d2-d3 you get 3 in char 0.
1*x^4*y^2
1*x^2*y^1*z^1
1*z^2

Extra powers of p used 1.
The invariant extra is equal to 4.
Start computing 5^3 Delta^1 (x1x2x3)^4... Done.
Start computing 5^4 Delta^2 (x1x2x3)^4... Done.
Start computing 5^5 Delta^3 (x1x2x3)^4... Done.
Start computing 5^6 Delta^4 (x1x2x3)^4... Done.
Start computing 5^7 Delta^5 (x1x2x3)^4... Done.
Start computing 5^8 Delta^6 (x1x2x3)^4... Done.
Start computing 5^9 Delta^7 (x1x2x3)^4... Done.
Start computing 5^10 Delta^8 (x1x2x3)^4... Done.
Start computing 5^11 Delta^9 (x1x2x3)^4... Done.
Start computing 5^12 Delta^10 (x1x2x3)^4... Done.
Start computing 5^13 Delta^11 (x1x2x3)^4... Done.
Start computing 5^14 Delta^12 (x1x2x3)^4... Done.
Start computing aa.
1 2 3 4 5 6 7 8 9 10 11 12 
*/
A = \
[433312475709019307121003108363431,270385715136212384614934005063241,458145502104165368180834115753056,628393312337306140352080578756635,375466634866663402986453969514060,132804899212072793049735177000120,204062294050293207674093700460290,681123430746842977152130229069420,233221222565391694847084224270855,682038338269338853043594823440650,581520153417802327915493990549800,343808152727351077086372507552450;\
699747671449079458025517707939824,118175101983778334466181401029264,499589093599511336929097887467529,391574041938592275926714487000665,656684418056605808458466061431615,281077964075950286371165390973880,200357455432291305497319085230960,590969892712167222107925636115980,552037126349234092738583897500120,26470699828145612608815663362100,536867872568781765192352723078575,285125639749634175083208147962550;\
525634204161099465575745286278210,410607596141796000775075781664710,687987815165198983113753331532030,238293309465572886584672039934325,81484937696939825742750217761850,314811260795228483272358407500475,454541135536794924125637940161000,105471061536800764942332825469475,524087482449161270046552088627925,358831515047822830020763086457250,243826593569898940032510528549000,296651548655053677501568953560750;\
149411727394500676471365746102677,11935110116929386413026793657047,665812006712199581732003226824772,616981462489082820633502805652470,98696945519675347635882648140720,446911529546230662894776001682865,49371117149801856402797000079955,233296638448199859144745045661090,364517463719886067471081328368860,523578456177254371955761770423925,351050742579426290134294628376475,512834307629227578072578941173650;\
139649774224550106008844823959280,282928681233583878008587861376205,452773531905818518699630771795910,5948400531123020230033625479975,228213009815665256533421978155525,367488433584645815075616532123650,420588014654236395568304923398325,201331136288117556903323278513275,426906555751724653812778563765200,399824751601353821198391906510500,474984537567269919375146829168125,88646794962768605338634020347750;\
589943019883028408258154047063853,203433315784818814325905553849633,229939976782141416333016065576803,145536079187663251100279243848030,333895955162629288561092894586630,133880331328186590583691706294310,699998579414005531397945494288120,59595663818003924733798489436060,377291509646268890261604124139640,306810249875552613811616491295075,218808948935036280372322014427775,220191576645334425367916984573975;\
7988650537764890174805382476586,444475867514502023367154889620496,661077436934114610503474504798566,305705104661592643899602962101360,267959533340552879260241230143235,441172481750138269742752484364320,507554010702507345456524662739640,200394100796786022156094199661145,211242512408932567301870588257780,297266967243187350222792324085025,660916190985123539618361768658675,585358502935227909321607968278950;\
131279695815533453686177301213648,136170954438488642955910798338853,509540766495553325048820328289898,217960983876044616121992011581180,21396147461217377432553666085530,428765041167465038587496459845285,15711248701578335989262111973220,414189185694045039037251376040685,429452826111688854590585693789715,341312287974567613029582699254200,637018762130886924219119023177400,342992820957436328886959400239225;\
297226328719668815343622007069474,409060978226449294153856931825164,415517566395946784015924600109244,88122812439748975213117735868240,242680625663199235529354441648615,669749956685725884550846767012605,222141858252323956709911941922935,143045258983289111947994382157705,322859044726133993384085426556445,674020427996745704630348722972850,386079973226533730717029523067450,194386425048701333893198866729550;\
558821580701008907257929355727632,474136860960175662544989365671302,485841224384444313583031419482902,456695276829933015243162785792270,369812279089927147279540088132895,27082275363992459851888407318090,527684709667176452123098722997780,451061612053201966038260636177065,25640208291622526277269485585010,641945287764049713963331913323300,437550824962048876155442004517350,385318580815379580263085750899650;\
624842383809474431553659842423490,523625113859193836902705390637640,701662773937239882769688969303885,484485612025512448748595420620700,562872086745343479256743297712800,551672490665709891671157895196400,300553564599521787376052619147825,670915550898671993301459149685225,307667084619625982356014710072450,192190683037137132516324771755375,166596325136356672243075093333125,380354166182535068508209632166625;\
94454079812655942061980846255524,180345952166005773063007849056964,602881861187373833037712326167149,593207341075634497605481239746115,266545219610031819531141493253090,693572532110931649815040385028605,85986096885160981274810338023210,2369985196727909643761051594430,690847532822486156164885398849045,360159785212138278046266842066350,160961987869280880457938655994825,245504747190083147665216259479800]
/* 
This matrix times 5^(-1) should be the matrix of frobenius.
*/ 
B = 5^(-1) * A; 
/* Freed 126 lists. */
