/* Comments begin... 
Coefficient of   x^27                     = 0
Coefficient of   x^14 * y^8               = 2
Coefficient of   x^12 * y^7 * z^1         = -1
Coefficient of   x^10 * y^6 * z^2         = 2
Coefficient of   x^8 * y^5 * z^3         = -2
Coefficient of   x^6 * y^4 * z^4         = 2
Coefficient of   x^4 * y^3 * z^5         = -2
Coefficient of   x^2 * y^2 * z^6         = -1
Coefficient of   x^1 * y^16               = 1
Coefficient of   y^1 * z^7               = -1

Here is the polynomial we're using this time:

2*x^14*y^8 + -1*x^12*y^7*z^1 + 2*x^10*y^6*z^2 + -2*x^8*y^5*z^3 + 2*x^6*y^4*z^4 + -2*x^4*y^3*z^5 + -1*x^2*y^2*z^6 + 1*x^1*y^16 + -1*y^1*z^7

Allocate G_len 20 elements and old = 0.
Allocate M_len = 400 elements.
Allocate G_len 40 elements and old = 20.
Allocate M_len = 800 elements.
Allocate G_len 80 elements and old = 40.
Allocate M_len = 1600 elements.
Allocate M_len = 3200 elements.
Not smooth!
Coefficient of   x^27                     = 2
Coefficient of   x^14 * y^8               = 1
Coefficient of   x^12 * y^7 * z^1         = 1
Coefficient of   x^10 * y^6 * z^2         = 2
Coefficient of   x^8 * y^5 * z^3         = 2
Coefficient of   x^6 * y^4 * z^4         = 2
Coefficient of   x^4 * y^3 * z^5         = -2
Coefficient of   x^2 * y^2 * z^6         = 0
Coefficient of   x^1 * y^16               = -1
Coefficient of   y^1 * z^7               = 2

Here is the polynomial we're using this time:

2*x^27 + 1*x^14*y^8 + 1*x^12*y^7*z^1 + 2*x^10*y^6*z^2 + 2*x^8*y^5*z^3 + 2*x^6*y^4*z^4 + -2*x^4*y^3*z^5 + -1*x^1*y^16 + 2*y^1*z^7

Allocate G_len 160 elements and old = 80.
Allocate M_len = 6400 elements.
Allocate M_len = 12800 elements.
Allocate G_len 320 elements and old = 160.
Allocate M_len = 25600 elements.
The final length of G is 179
[12, 7, 0, 0]  	187	6 
[26, 0, 0, 0]  	208	8  <--- 1
[10, 6, 2, 0]  	216	7 
[10, 5, 3, 0]  	232	8 
[8, 5, 4, 0]  	245	7 
[8, 4, 5, 0]  	261	8 
[6, 4, 6, 0]  	274	7 
[7, 18, 0, 0]  	290	8 
[24, 6, 1, 0]  	299	13 
[22, 5, 2, 0]  	299	13 
[18, 4, 4, 0]  	312	12 
[22, 4, 3, 0]  	315	12 
[14, 3, 6, 0]  	325	11 
[18, 3, 5, 0]  	328	11 
[11, 3, 7, 0]  	330	9 
[22, 3, 4, 0]  	331	11 
[11, 17, 1, 0]  	338	10 
[9, 3, 8, 0]  	343	8 
[18, 2, 6, 0]  	344	10 
[11, 2, 8, 0]  	346	9 
[9, 17, 2, 0]  	351	9 
[14, 1, 8, 0]  	357	9 
[9, 2, 9, 0]  	359	8 
[18, 1, 7, 0]  	360	9 
[24, 2, 5, 0]  	363	9 
[22, 1, 6, 0]  	363	8 
[8, 3, 9, 0]  	364	8 
[7, 17, 3, 0]  	364	8 
[9, 16, 3, 0]  	367	8 
[8, 1, 10, 0]  	367	8 
[6, 18, 3, 0]  	369	7 
[12, 1, 9, 0]  	370	8 
[10, 0, 10, 0]  	370	8 
[7, 2, 10, 0]  	372	7 
[6, 16, 4, 0]  	372	7 
[14, 0, 9, 0]  	373	8 
[7, 0, 11, 0]  	375	7 
[18, 0, 8, 0]  	376	8 
[6, 3, 10, 0]  	377	7 
[5, 17, 4, 0]  	377	7 
[22, 0, 7, 0]  	379	8 
[6, 1, 11, 0]  	380	7 
[7, 14, 5, 0]  	383	7 
[5, 2, 11, 0]  	385	6 
[4, 16, 5, 0]  	385	6 
[6, 26, 0, 0]  	386	7 
[5, 0, 12, 0]  	388	6 
[5, 27, 0, 0]  	391	6 
[6, 22, 2, 0]  	392	7 
[4, 1, 12, 0]  	393	6 
[5, 25, 1, 0]  	394	6 
[5, 14, 6, 0]  	396	6 
[5, 23, 2, 0]  	397	6 
[5, 21, 3, 0]  	400	6 
[4, 15, 6, 0]  	401	5 
[3, 29, 0, 0]  	401	5 
[5, 10, 8, 0]  	402	6 
[4, 11, 8, 0]  	407	5 
[5, 6, 10, 0]  	408	6 
[4, 0, 13, 0]  	409	5 
[4, 9, 9, 0]  	410	5 
[4, 27, 1, 0]  	412	5 
[4, 7, 10, 0]  	413	5 
[3, 1, 13, 0]  	414	5 
[4, 25, 2, 0]  	415	5 
[4, 14, 7, 0]  	417	4 
[3, 28, 1, 0]  	417	4 
[4, 21, 4, 0]  	421	5 
[3, 15, 7, 0]  	422	5 
[3, 13, 8, 0]  	425	4 
[3, 22, 4, 0]  	426	4 
[3, 11, 9, 0]  	428	4 
[4, 6, 11, 0]  	429	5 
[3, 20, 5, 0]  	429	5 
[3, 0, 14, 0]  	430	4 
[3, 9, 10, 0]  	431	4 
[3, 27, 2, 0]  	433	3 
[2, 12, 9, 0]  	433	3 
[3, 7, 11, 0]  	434	4 
[2, 30, 1, 0]  	435	5 
[3, 25, 3, 0]  	436	3 
[2, 10, 10, 0]  	436	3 
[2, 8, 11, 0]  	439	3 
[2, 26, 3, 0]  	441	3 
[2, 6, 12, 0]  	442	4 
[2, 15, 8, 0]  	443	4 
[2, 24, 4, 0]  	444	3 
[3, 19, 6, 0]  	445	5 
[2, 33, 0, 0]  	445	5 
[2, 22, 5, 0]  	447	3 
[1, 25, 4, 0]  	449	2 
[2, 20, 6, 0]  	450	4 
[2, 29, 2, 0]  	451	4 
[1, 23, 5, 0]  	452	2 
[1, 21, 6, 0]  	455	3 
[2, 5, 13, 0]  	458	4 
[1, 8, 12, 0]  	460	2 
[1, 35, 0, 0]  	463	3 
[2, 1, 15, 0]  	464	4 
[0, 9, 12, 0]  	465	1 
[2, 19, 7, 0]  	466	4 
[1, 20, 7, 0]  	471	3 
[1, 29, 3, 0]  	472	3 
[0, 23, 6, 0]  	473	1 
[1, 7, 13, 0]  	476	2 
[1, 34, 1, 0]  	479	3 
[2, 0, 16, 0]  	480	3 
[0, 37, 0, 0]  	481	1  <--- 2
[0, 8, 13, 0]  	481	1 
[0, 35, 1, 0]  	484	2 
[1, 19, 8, 0]  	487	3 
[0, 22, 7, 0]  	489	1 
[1, 6, 14, 0]  	492	2 
[1, 15, 10, 0]  	493	3 
[0, 7, 14, 0]  	497	1 
[0, 34, 2, 0]  	500	2 
[1, 0, 17, 0]  	501	2 
[1, 18, 9, 0]  	503	3 
[0, 21, 8, 0]  	505	1 
[1, 5, 15, 0]  	508	2 
[0, 6, 15, 0]  	513	1 
[0, 33, 3, 0]  	516	2 
[0, 20, 9, 0]  	521	1 
[0, 29, 5, 0]  	522	2 
[1, 4, 16, 0]  	524	2 
[0, 5, 16, 0]  	529	1 
[0, 19, 10, 0]  	537	1 
[0, 4, 17, 0]  	545	1 
[0, 0, 19, 0]  	551	1  <--- 3
[0, 18, 11, 0]  	553	1 
[0, 3, 18, 0]  	561	1 
[22, 2, 5, 1]  	347	10 
[10, 1, 9, 1]  	354	9 
[7, 3, 9, 1]  	356	8 
[8, 16, 3, 1]  	359	8 
[6, 15, 5, 1]  	388	6 
[5, 12, 7, 1]  	399	6 
[4, 13, 7, 1]  	404	5 
[5, 8, 9, 1]  	405	6 
[4, 5, 11, 1]  	416	6 
[4, 23, 3, 1]  	418	5 
[3, 26, 2, 1]  	420	4 
[3, 24, 3, 1]  	423	4 
[3, 5, 12, 1]  	437	5 
[1, 10, 11, 1]  	457	2 
[0, 36, 0, 1]  	468	2 
[2, 4, 14, 1]  	474	4 
[1, 33, 2, 1]  	495	3 
[12, 6, 1, 2]  	203	8 
[16, 2, 7, 2]  	357	9 
[6, 24, 1, 2]  	389	7 
[3, 16, 6, 2]  	406	6 
[0, 32, 4, 2]  	532	2 
[14, 2, 7, 3]  	341	10 
[12, 1, 8, 47]  	341	9 
[10, 5, 2, 48]  	203	7 
[12, 0, 9, 48]  	357	8 
[5, 9, 8, 48]  	389	6 
[2, 30, 0, 48]  	406	5 
[0, 3, 17, 48]  	532	1 
[20, 1, 6, 49]  	347	6 
[9, 15, 3, 49]  	354	7 
[6, 17, 3, 49]  	356	6 
[7, 1, 10, 49]  	359	5 
[9, 0, 10, 49]  	362	4 
[4, 14, 6, 49]  	388	4 
[4, 26, 1, 49]  	399	5 
[3, 27, 1, 49]  	404	4 
[3, 7, 10, 49]  	405	3 
[3, 12, 8, 49]  	412	4 
[3, 19, 5, 49]  	416	4 
[2, 11, 9, 49]  	420	3 
[2, 9, 10, 49]  	423	3 
[2, 23, 4, 49]  	431	3 
[2, 19, 6, 49]  	437	3 
[0, 24, 5, 49]  	457	1 
[0, 7, 13, 49]  	468	1 
[1, 18, 8, 49]  	474	3 
[1, 4, 15, 49]  	495	2 
------
The gap is between 4 and 46.
Lengths: 3 3 6 6 3 3.
For 490 = 5*d/2-d1-d2-d3 you get 3 in char 0.
1*x^1*y^17*z^9
1*y^31*z^3
1*y^2*z^16

For 274 = 3*d/2-d1-d2-d3 you get 6 in char 0.
1*x^5*y^18
1*x^4*y^3*z^7
1*x^3*y^17*z^1
1*x^2*y^2*z^8
1*x^1*y^16*z^2
1*y^1*z^9

For 58 = d/2-d1-d2-d3 you get 3 in char 0.
1*x^4*y^2
1*x^2*y^1*z^1
1*z^2

Extra powers of p used 0.
The invariant extra is equal to 4.
Start computing 5^3 Delta^1 (x1x2x3)^4... Done.
Start computing 5^4 Delta^2 (x1x2x3)^4... Done.
Start computing 5^5 Delta^3 (x1x2x3)^4... Done.
Start computing 5^6 Delta^4 (x1x2x3)^4... Done.
Start computing 5^7 Delta^5 (x1x2x3)^4... Done.
Start computing 5^8 Delta^6 (x1x2x3)^4... Done.
Start computing 5^9 Delta^7 (x1x2x3)^4... Done.
Start computing 5^10 Delta^8 (x1x2x3)^4... Done.
Start computing 5^11 Delta^9 (x1x2x3)^4... Done.
Start computing 5^12 Delta^10 (x1x2x3)^4... Done.
Start computing 5^13 Delta^11 (x1x2x3)^4... Done.
Start computing 5^14 Delta^12 (x1x2x3)^4... Done.
Start computing aa.
1 2 3 4 5 6 7 8 9 10 11 12 
*/
A = \
[42787567118810802266611393246062,138547516274637275762475420589052,26426915784331090039098750024367,110146983569422493822792492666195,87465209180034655223015553909125,103234081949074208738892806247565,57810962880800052018470504806150,72708046257537584765369666320855,50190258435991102914703922666885,5436045940835964183460463127825,21964729486539147256880524248125,73146146983132512463129191462400;\
140199406567072521354369043070989,107686980483821051460018212513747,38042963879715171656771357260652,22863110051030547807768518640365,84132725913634183791994968370640,49522294445854625679753917525695,142096296712814188541284881713235,106935900204326311948490528527760,69789849582811868929402115108335,83119591351639941379075193466350,68366245200580482624255158119150,83702795185032964148973945408900;\
67204355431745916762699143171649,70023423414254412384768336886582,7474110724188459755160880062050,67263538514329196761836679656420,69256359557091639084316328478240,95701279330643914977183355464065,40562923270028409856596078314305,55235646149019517117492148180910,119638692139317328532820598755075,2279451977739150940949246322975,96536330614943778672457610212275,117415524531110255275357276642500;\
20198519346632501764345339676940,76213475704670871204097268216567,77018098796763340181848422844359,135631350712384390723208947598370,19726074184736964580529271646900,79074299673125358295309598184085,114441089194045809303284608062390,26052587314667764323446684106115,5627057495391848223771709874435,127652948694787776447647073208325,61906274656757343075931879695525,32618050480657376854092951653300;\
102124967424883349046816369729703,120027925781004664027938501738753,77597305240625360699996940271025,103361293407789293265205395056505,83183669110983645615792590436450,52046863169359913838834831662920,138829164929271711174024239151560,61258608019315795929167651287975,59852132480377157837175765701450,72380250892435537955511459962950,134144277375707676016577679186350,112779280253528088570758608022000;\
106063702841759754322745121511380,26125426327811368529141208041601,107606666033285916566845581729760,44695955586315106602808830907470,113164530813864689105677285807920,43735548045345305121472159063235,88663040284853605158517527876850,41528746896522688557739840469140,63079296406644267997393461460525,3040902843485735997759044645350,10621788976321500494749475107600,79105647842513875132648607750075;\
64626041632075276748791895093158,84030747107685842456626123212828,87352206825616708149636742536078,85751579857206179124214851951885,12501510954750133955139294519120,97721701145920752644584026228330,9598850604752576330093348667975,35712446309411408924510013695945,103442035664645407823532354916085,135589276199006967445932445148175,57387414860224796315788642318975,42997085919360856158660288678350;\
33061059424415993501204363043446,119052240303331029427579409391626,37910837942099017720745532502234,124437846564402714811473080444920,24292539944182111719320934766650,67082023113462753352288377371460,89337263173348539513959937163815,108025262280380640074624277999440,21201374621151138245201111145100,136028747049872240227234503419375,71150115973880637494746093701575,9634509133150106174018270525300;\
105365682961769056315337737424930,131197085690850109269573254529669,139525867842882673822659928845795,94393203521786395828484851196610,50501916819225535904861869356940,52829120413666085570885503429295,65087600219348165618988965423730,114416677101134971228801491533900,139598888604222365369399938040965,125005915516307422356440419182825,73924719948745062899037660044025,107998905926537646758069792102550;\
125923320488939540212378873372124,83560890879193664661658954828909,100586703375048429895436364521506,128926689120595318503364612920525,2699810997132325477401057362490,68153355656493914433861127153980,116314296692750057361004662938060,113569343905008719289830697836790,106547502333793287885542470756120,112758823751943046994222298122300,27387491870368403230422908653375,121833977838474730141706370476800;\
48751473543239961547758946725199,90821734213237358559455824366619,59850582926473835424276305208491,104916394710477331299468314662675,119777156398336603076385039861640,33503514021815404078222552750805,128938161690860054630301745648660,34809476501324363843181478315790,24222823941833860701720651929945,8510895698957226686952852039475,71786586778716854893149530591125,99155026918693805849459218072300;\
128231188654140163246727449269004,89844308117843655010899763154333,127246440709839926465276031876323,26706156721294815327393148517380,132668474598343229368594531373560,132895416900854714254622261131565,122447085264678749957002039718800,82829671758890116475252042206745,113981954939761009955487562454350,33889630702714032084454451144275,10688298675786770911589854101550,125392100695298753161744714673900]
/* 
This should be the matrix of frobenius!
*/ 
B = A; 
/* Freed 130 lists. */
