/* Comments begin... 
Coefficient of   x^27                     = 1
Coefficient of   x^14 * y^8               = 0
Coefficient of   x^12 * y^7 * z^1         = -2
Coefficient of   x^10 * y^6 * z^2         = -2
Coefficient of   x^8 * y^5 * z^3         = 2
Coefficient of   x^6 * y^4 * z^4         = -2
Coefficient of   x^4 * y^3 * z^5         = 0
Coefficient of   x^2 * y^2 * z^6         = -2
Coefficient of   x^1 * y^16               = 1
Coefficient of   y^1 * z^7               = -1

Here is the polynomial we're using this time:

1*x^27 + -2*x^12*y^7*z^1 + -2*x^10*y^6*z^2 + 2*x^8*y^5*z^3 + -2*x^6*y^4*z^4 + -2*x^2*y^2*z^6 + 1*x^1*y^16 + -1*y^1*z^7

Allocate G_len 20 elements and old = 0.
Allocate M_len = 400 elements.
Allocate G_len 40 elements and old = 20.
Allocate M_len = 800 elements.
Allocate G_len 80 elements and old = 40.
Allocate M_len = 1600 elements.
Allocate M_len = 3200 elements.
Allocate G_len 160 elements and old = 80.
Allocate M_len = 6400 elements.
Allocate M_len = 12800 elements.
Allocate G_len 320 elements and old = 160.
Allocate M_len = 25600 elements.
Not smooth!
Coefficient of   x^27                     = 1
Coefficient of   x^14 * y^8               = -2
Coefficient of   x^12 * y^7 * z^1         = 2
Coefficient of   x^10 * y^6 * z^2         = 0
Coefficient of   x^8 * y^5 * z^3         = 1
Coefficient of   x^6 * y^4 * z^4         = 2
Coefficient of   x^4 * y^3 * z^5         = 2
Coefficient of   x^2 * y^2 * z^6         = 2
Coefficient of   x^1 * y^16               = -2
Coefficient of   y^1 * z^7               = 1

Here is the polynomial we're using this time:

1*x^27 + -2*x^14*y^8 + 2*x^12*y^7*z^1 + 1*x^8*y^5*z^3 + 2*x^6*y^4*z^4 + 2*x^4*y^3*z^5 + 2*x^2*y^2*z^6 + -2*x^1*y^16 + 1*y^1*z^7

The final length of G is 174
[12, 7, 0, 0]  	187	6 
[12, 6, 1, 0]  	203	8 
[26, 0, 0, 0]  	208	8  <--- 1
[10, 6, 2, 0]  	216	7 
[10, 5, 3, 0]  	232	8 
[8, 4, 5, 0]  	261	8 
[6, 4, 6, 0]  	274	7 
[7, 18, 0, 0]  	290	8 
[22, 5, 2, 0]  	299	12 
[18, 4, 4, 0]  	312	12 
[14, 3, 6, 0]  	325	11 
[18, 3, 5, 0]  	328	11 
[11, 3, 7, 0]  	330	10 
[24, 4, 3, 0]  	331	12 
[22, 3, 4, 0]  	331	12 
[9, 3, 8, 0]  	343	9 
[18, 2, 6, 0]  	344	11 
[22, 2, 5, 0]  	347	10 
[9, 17, 2, 0]  	351	9 
[12, 2, 8, 0]  	354	9 
[10, 1, 9, 0]  	354	9 
[7, 3, 9, 0]  	356	8 
[16, 2, 7, 0]  	357	10 
[14, 1, 8, 0]  	357	9 
[9, 2, 9, 0]  	359	8 
[8, 16, 3, 0]  	359	8 
[18, 1, 7, 0]  	360	9 
[22, 1, 6, 0]  	363	9 
[7, 17, 3, 0]  	364	8 
[6, 18, 3, 0]  	369	7 
[10, 0, 10, 0]  	370	9 
[7, 2, 10, 0]  	372	7 
[6, 16, 4, 0]  	372	7 
[14, 0, 9, 0]  	373	8 
[9, 1, 10, 0]  	375	8 
[18, 0, 8, 0]  	376	8 
[6, 3, 10, 0]  	377	7 
[5, 17, 4, 0]  	377	7 
[22, 0, 7, 0]  	379	8 
[6, 1, 11, 0]  	380	7 
[9, 15, 4, 0]  	383	7 
[8, 0, 11, 0]  	383	7 
[7, 14, 5, 0]  	383	7 
[5, 2, 11, 0]  	385	6 
[4, 16, 5, 0]  	385	6 
[6, 26, 0, 0]  	386	7 
[6, 15, 5, 0]  	388	6 
[5, 0, 12, 0]  	388	6 
[6, 24, 1, 0]  	389	7 
[5, 27, 0, 0]  	391	6 
[6, 22, 2, 0]  	392	7 
[4, 1, 12, 0]  	393	6 
[5, 14, 6, 0]  	396	6 
[5, 23, 2, 0]  	397	6 
[4, 15, 6, 0]  	401	5 
[3, 29, 0, 0]  	401	5 
[5, 10, 8, 0]  	402	6 
[4, 13, 7, 0]  	404	5 
[5, 8, 9, 0]  	405	6 
[3, 16, 6, 0]  	406	6 
[5, 26, 1, 0]  	407	5 
[4, 11, 8, 0]  	407	5 
[5, 6, 10, 0]  	408	6 
[4, 0, 13, 0]  	409	5 
[4, 9, 9, 0]  	410	5 
[4, 27, 1, 0]  	412	5 
[5, 22, 3, 0]  	413	5 
[4, 7, 10, 0]  	413	5 
[3, 1, 13, 0]  	414	5 
[4, 25, 2, 0]  	415	5 
[4, 5, 11, 0]  	416	6 
[3, 26, 2, 0]  	420	4 
[4, 21, 4, 0]  	421	5 
[3, 15, 7, 0]  	422	5 
[3, 24, 3, 0]  	423	4 
[3, 13, 8, 0]  	425	4 
[3, 22, 4, 0]  	426	4 
[3, 11, 9, 0]  	428	4 
[3, 20, 5, 0]  	429	5 
[2, 12, 9, 0]  	433	3 
[2, 30, 1, 0]  	435	5 
[3, 5, 12, 0]  	437	5 
[2, 26, 3, 0]  	441	3 
[2, 6, 12, 0]  	442	4 
[2, 15, 8, 0]  	443	4 
[2, 22, 5, 0]  	447	3 
[2, 11, 10, 0]  	449	2 
[1, 25, 4, 0]  	449	2 
[2, 20, 6, 0]  	450	4 
[2, 29, 2, 0]  	451	4 
[2, 9, 11, 0]  	452	2 
[1, 23, 5, 0]  	452	2 
[1, 21, 6, 0]  	455	3 
[1, 10, 11, 0]  	457	2 
[2, 34, 0, 0]  	458	4 
[2, 5, 13, 0]  	458	4 
[3, 0, 15, 0]  	459	3 
[1, 8, 12, 0]  	460	2 
[1, 35, 0, 0]  	463	3 
[2, 1, 15, 0]  	464	4 
[0, 9, 12, 0]  	465	1 
[2, 19, 7, 0]  	466	4 
[0, 36, 0, 0]  	468	2  <--- 2
[1, 20, 7, 0]  	471	3 
[1, 29, 3, 0]  	472	3 
[0, 23, 6, 0]  	473	1 
[2, 4, 14, 0]  	474	4 
[1, 7, 13, 0]  	476	2 
[1, 34, 1, 0]  	479	3 
[2, 0, 16, 0]  	480	3 
[0, 8, 13, 0]  	481	1 
[0, 35, 1, 0]  	484	2 
[1, 19, 8, 0]  	487	3 
[0, 22, 7, 0]  	489	1 
[1, 6, 14, 0]  	492	2 
[1, 33, 2, 0]  	495	3 
[0, 7, 14, 0]  	497	1 
[0, 34, 2, 0]  	500	2 
[1, 0, 17, 0]  	501	2 
[1, 18, 9, 0]  	503	3 
[0, 21, 8, 0]  	505	1 
[1, 5, 15, 0]  	508	2 
[0, 6, 15, 0]  	513	1 
[0, 33, 3, 0]  	516	2 
[0, 20, 9, 0]  	521	1 
[0, 29, 5, 0]  	522	2 
[1, 4, 16, 0]  	524	2 
[0, 5, 16, 0]  	529	1 
[0, 32, 4, 0]  	532	2 
[0, 19, 10, 0]  	537	1 
[0, 4, 17, 0]  	545	1 
[0, 0, 19, 0]  	551	1  <--- 3
[0, 18, 11, 0]  	553	1 
[0, 3, 18, 0]  	561	1 
[22, 4, 3, 1]  	315	12 
[14, 2, 7, 1]  	341	10 
[11, 2, 8, 1]  	346	9 
[8, 1, 10, 1]  	367	8 
[8, 15, 4, 1]  	375	8 
[7, 0, 11, 1]  	375	7 
[5, 25, 1, 1]  	394	6 
[5, 12, 7, 1]  	399	6 
[5, 21, 3, 1]  	400	6 
[3, 28, 1, 1]  	417	4 
[4, 23, 3, 1]  	418	5 
[3, 0, 14, 1]  	430	4 
[3, 9, 10, 1]  	431	4 
[3, 7, 11, 1]  	434	4 
[2, 10, 10, 1]  	436	3 
[2, 24, 4, 1]  	444	3 
[2, 33, 0, 1]  	445	5 
[1, 15, 10, 1]  	493	3 
[8, 5, 4, 2]  	245	7 
[11, 17, 1, 2]  	338	10 
[2, 8, 11, 2]  	439	3 
[6, 4, 5, 48]  	245	6 
[1, 22, 5, 48]  	439	2 
[1, 9, 11, 48]  	444	2 
[20, 3, 4, 49]  	315	9 
[10, 2, 8, 49]  	338	9 
[9, 16, 2, 49]  	338	7 
[12, 1, 8, 49]  	341	5 
[9, 1, 9, 49]  	346	7 
[6, 0, 11, 49]  	367	6 
[4, 10, 8, 49]  	394	4 
[4, 26, 1, 49]  	399	5 
[4, 6, 10, 49]  	400	5 
[2, 13, 8, 49]  	417	3 
[2, 22, 4, 49]  	418	3 
[2, 21, 5, 49]  	434	3 
[1, 24, 4, 49]  	436	2 
[2, 4, 13, 49]  	445	4 
[1, 7, 12, 49]  	447	2 
[0, 29, 4, 49]  	493	2 
------
The gap is between 3 and 47.
Lengths: 3 3 6 6 3 3.
For 490 = 5*d/2-d1-d2-d3 you get 3 in char 0.
1*x^1*y^17*z^9
1*y^31*z^3
1*y^2*z^16

For 274 = 3*d/2-d1-d2-d3 you get 6 in char 0.
1*x^5*y^18
1*x^4*y^3*z^7
1*x^3*y^17*z^1
1*x^2*y^2*z^8
1*x^1*y^16*z^2
1*y^1*z^9

For 58 = d/2-d1-d2-d3 you get 3 in char 0.
1*x^4*y^2
1*x^2*y^1*z^1
1*z^2

Extra powers of p used 0.
The invariant extra is equal to 4.
Start computing 5^3 Delta^1 (x1x2x3)^4... Done.
Start computing 5^4 Delta^2 (x1x2x3)^4... Done.
Start computing 5^5 Delta^3 (x1x2x3)^4... Done.
Start computing 5^6 Delta^4 (x1x2x3)^4... Done.
Start computing 5^7 Delta^5 (x1x2x3)^4... Done.
Start computing 5^8 Delta^6 (x1x2x3)^4... Done.
Start computing 5^9 Delta^7 (x1x2x3)^4... Done.
Start computing 5^10 Delta^8 (x1x2x3)^4... Done.
Start computing 5^11 Delta^9 (x1x2x3)^4... Done.
Start computing 5^12 Delta^10 (x1x2x3)^4... Done.
Start computing 5^13 Delta^11 (x1x2x3)^4... Done.
Start computing 5^14 Delta^12 (x1x2x3)^4... Done.
Start computing aa.
1 2 3 4 5 6 7 8 9 10 11 12 
*/
A = \
[84215907485333519717996441648529,78816326619777698835143560283034,78922360808650922403361143713612,70223292915000301497480962181070,114568737505397173743334406276310,98318273342481197317871685493985,136738731509589884407804857455895,44254251979607809193329809234565,101898471296150503734983936818545,126790602507941536990711463886700,111956114522890971437774171262625,1319280498193514137888392462500;\
86166232521351318519900074960157,138499948965567314278406495069110,55390328798705483319309086069133,122755462093268987843036492468715,113371216701330805265997502189450,16728259992250464784796183440055,141182502937521230985798134081130,110678501369751277982022170942965,94566251864246810821847136795180,105174727840312106161075106928325,137341558086960271385361172303850,20889313798549063739364297009850;\
51651383671355114285029732504827,43774108241330588284000874484111,117715816285077976456900939337407,140137267804245143130287300808645,134614228542822495487964487846230,91903833614593520174150099906655,25855094550611675908514796720515,134325944952856410746020377883090,134689177539606395189548543302745,22216177775936111601246946695675,15980734974426229897262447755575,66067665904112848421860546199775;\
62739397137222650279915619427612,118575522159832091448994082118797,107978415877212544124152137566207,77348427613442521557468317858450,78120963289270226883910742853650,118408878167958367050722571310085,55272169323284566793279152410840,116971613621266230743188126161780,93484414728036727111308842652620,141516830348501887436506033550150,106362192901528978686775904057225,38679261054005787382243638617150;\
31845406498633843304789850972851,8038033767831393083159210193427,59172099547014604608050565936245,38498329871655729341614617345360,111354382692110671235018259071405,63074105400950835993951689221040,86257163209675320124541710757210,26826689551412698066933048576390,27893078572080866634251372870415,88919596319737692564374253069650,115397295298950198743861856534225,68700144500405682618215352079000;\
136430956954530594447870694463297,39847587371544973063668027728779,59313668455444961115718439781154,55640990853584924183796980151545,87828606383423502664569807846220,49531955025818209623864524855230,5737832534547426168683697441795,29902835785305136028273307434880,90499794919587478345478892847065,117871941067684714154202308657700,112084075140559050592581794051225,4698650125512385634286863819975;\
112162403781033089614763185655350,110723936718164524133429524303801,10441871167420226350684676750505,104462454686249213612453736932690,118722244179755114812141981543305,83873899882648070390596723333200,101506027071468045864741044432510,36908311775384220333835290549730,141485071826494518014145549282125,93643438702490263429882820514700,45907627150338016386795136728625,68050125517552083468138765912675;\
65530167643536076021238197278349,139636741229629383477039447794024,24681347712112111605361996218338,4472134338301190084380390428090,61612280833093248368078650169715,53205592463795397103518849679670,21150179572380677063685216986940,128260348198157661005508332219105,59714312432121412471191183990565,6787021935021994876631211949775,83445764319584003017394531884875,26654347587665926997301398995775;\
34651042338673048279147984805280,48755302476935580390312498021806,111462872382081201574771869702370,110236977920127122876964375335340,5930024753462497794037522003580,118186058851421943724938616332050,107735801804630358333202271693260,57006267635782882719073632010230,92150603506513826912276605459825,133565260215506979888371488174850,118878014859637990419908466259800,70818082423630924449709101275050;\
60038203231111573466190478189658,124553143948064179026507768344852,121577976412148555239985164531493,9773525777563098543542852809140,38523656412814812873085228093955,41451171109931800086935843102050,13059953392860443245177900963995,58319748815461906400615373529540,32782978155074240800611417392130,62122045188599310219906228928300,122589893124463840298579764414600,44657999811814191917521230273550;\
56910694511141160887969003868591,60902734746000100383054171325523,129497833974239705326274987067334,20387495238402811093639214438535,95516626398497386070443037069390,103759994175268405268844322731080,110039498598513216496268406036035,88218041914916326142970903738790,125129056608024565501420013765770,100552620089749081076934749780500,18374700553074412255926744534325,130561583795455942102485869383000;\
124815585890692530401484587024014,83556777188761219610064778890160,100117373420464943415239180552442,132193957612663764889266727219375,2159597616180040728554878575795,73465449031524257179882196691130,38758018809254046002608494815705,82467488576959170439126050536780,67308396453761622593477366100,56450631528806832426133895021400,56731081529481061305185890590675,41886420478928053121085187679550]
/* 
This should be the matrix of frobenius!
*/ 
B = A; 
/* Freed 129 lists. */
