/* Comments begin... 
Coefficient of   x^27                     = 2
Coefficient of   x^14 * y^8               = -1
Coefficient of   x^12 * y^7 * z^1         = 0
Coefficient of   x^10 * y^6 * z^2         = -2
Coefficient of   x^8 * y^5 * z^3         = 1
Coefficient of   x^6 * y^4 * z^4         = -1
Coefficient of   x^4 * y^3 * z^5         = -1
Coefficient of   x^2 * y^2 * z^6         = -1
Coefficient of   x^1 * y^16               = -2
Coefficient of   y^1 * z^7               = -1

Here is the polynomial we're using this time:

2*x^27 + -1*x^14*y^8 + -2*x^10*y^6*z^2 + 1*x^8*y^5*z^3 + -1*x^6*y^4*z^4 + -1*x^4*y^3*z^5 + -1*x^2*y^2*z^6 + -2*x^1*y^16 + -1*y^1*z^7

Allocate G_len 20 elements and old = 0.
Allocate M_len = 400 elements.
Allocate G_len 40 elements and old = 20.
Allocate M_len = 800 elements.
Allocate G_len 80 elements and old = 40.
Allocate M_len = 1600 elements.
Allocate M_len = 3200 elements.
Allocate G_len 160 elements and old = 80.
Allocate M_len = 6400 elements.
Allocate M_len = 12800 elements.
Allocate G_len 320 elements and old = 160.
The final length of G is 159
[10, 6, 1, 0]  	187	6 
[14, 7, 0, 0]  	203	8 
[26, 0, 0, 0]  	208	8  <--- 1
[10, 5, 3, 0]  	232	7 
[8, 5, 4, 0]  	245	6 
[8, 4, 5, 0]  	261	7 
[6, 4, 6, 0]  	274	6 
[6, 3, 7, 0]  	290	7 
[22, 5, 2, 0]  	299	13 
[5, 18, 1, 0]  	303	6 
[18, 4, 4, 0]  	312	12 
[22, 4, 3, 0]  	315	12 
[14, 3, 6, 0]  	325	11 
[22, 3, 4, 0]  	331	11 
[14, 2, 7, 0]  	341	10 
[8, 17, 2, 0]  	343	8 
[20, 3, 5, 0]  	344	11 
[11, 2, 8, 0]  	346	9 
[22, 2, 5, 0]  	347	10 
[10, 1, 9, 0]  	354	9 
[6, 17, 3, 0]  	356	7 
[14, 1, 8, 0]  	357	9 
[9, 2, 9, 0]  	359	8 
[18, 1, 7, 0]  	360	8 
[22, 1, 6, 0]  	363	9 
[8, 1, 10, 0]  	367	8 
[10, 0, 10, 0]  	370	8 
[7, 2, 10, 0]  	372	7 
[6, 16, 4, 0]  	372	7 
[14, 0, 9, 0]  	373	8 
[7, 0, 11, 0]  	375	7 
[18, 0, 8, 0]  	376	8 
[5, 17, 4, 0]  	377	6 
[22, 0, 7, 0]  	379	8 
[6, 1, 11, 0]  	380	7 
[7, 14, 5, 0]  	383	7 
[5, 2, 11, 0]  	385	6 
[4, 16, 5, 0]  	385	6 
[6, 26, 0, 0]  	386	7 
[6, 15, 5, 0]  	388	7 
[8, 25, 0, 0]  	389	7 
[5, 27, 0, 0]  	391	6 
[10, 24, 0, 0]  	392	7 
[4, 1, 12, 0]  	393	6 
[6, 0, 12, 0]  	396	6 
[5, 14, 6, 0]  	396	6 
[4, 15, 6, 0]  	401	5 
[3, 29, 0, 0]  	401	5 
[5, 10, 8, 0]  	402	6 
[3, 16, 6, 0]  	406	6 
[4, 11, 8, 0]  	407	5 
[4, 0, 13, 0]  	409	5 
[4, 9, 9, 0]  	410	5 
[4, 27, 1, 0]  	412	5 
[4, 7, 10, 0]  	413	5 
[3, 1, 13, 0]  	414	5 
[4, 5, 11, 0]  	416	6 
[4, 14, 7, 0]  	417	4 
[3, 28, 1, 0]  	417	4 
[4, 23, 3, 0]  	418	5 
[3, 26, 2, 0]  	420	4 
[4, 21, 4, 0]  	421	5 
[3, 15, 7, 0]  	422	5 
[3, 13, 8, 0]  	425	4 
[3, 22, 4, 0]  	426	4 
[3, 11, 9, 0]  	428	4 
[3, 20, 5, 0]  	429	5 
[3, 0, 14, 0]  	430	4 
[3, 9, 10, 0]  	431	4 
[2, 12, 9, 0]  	433	3 
[3, 7, 11, 0]  	434	4 
[2, 30, 1, 0]  	435	5 
[3, 25, 3, 0]  	436	3 
[2, 10, 10, 0]  	436	3 
[3, 5, 12, 0]  	437	5 
[2, 8, 11, 0]  	439	3 
[2, 26, 3, 0]  	441	3 
[2, 6, 12, 0]  	442	4 
[2, 24, 4, 0]  	444	3 
[2, 33, 0, 0]  	445	5 
[2, 22, 5, 0]  	447	3 
[1, 25, 4, 0]  	449	2 
[2, 29, 2, 0]  	451	4 
[1, 23, 5, 0]  	452	2 
[1, 21, 6, 0]  	455	3 
[1, 10, 11, 0]  	457	2 
[2, 5, 13, 0]  	458	4 
[1, 8, 12, 0]  	460	2 
[1, 35, 0, 0]  	463	3 
[2, 1, 15, 0]  	464	4 
[0, 9, 12, 0]  	465	1 
[2, 19, 7, 0]  	466	4 
[1, 20, 7, 0]  	471	3 
[1, 29, 3, 0]  	472	3 
[0, 23, 6, 0]  	473	1 
[2, 4, 14, 0]  	474	4 
[1, 7, 13, 0]  	476	2 
[1, 34, 1, 0]  	479	3 
[2, 0, 16, 0]  	480	3 
[0, 37, 0, 0]  	481	1  <--- 2
[0, 8, 13, 0]  	481	1 
[0, 35, 1, 0]  	484	2 
[1, 19, 8, 0]  	487	3 
[0, 22, 7, 0]  	489	1 
[1, 6, 14, 0]  	492	2 
[1, 15, 10, 0]  	493	3 
[1, 33, 2, 0]  	495	3 
[0, 7, 14, 0]  	497	1 
[0, 34, 2, 0]  	500	2 
[1, 0, 17, 0]  	501	2 
[1, 18, 9, 0]  	503	3 
[0, 21, 8, 0]  	505	1 
[1, 5, 15, 0]  	508	2 
[0, 6, 15, 0]  	513	1 
[0, 33, 3, 0]  	516	2 
[0, 20, 9, 0]  	521	1 
[0, 29, 5, 0]  	522	2 
[0, 5, 16, 0]  	529	1 
[0, 32, 4, 0]  	532	2 
[0, 19, 10, 0]  	537	1 
[0, 4, 17, 0]  	545	1 
[0, 0, 19, 0]  	551	1  <--- 3
[0, 18, 11, 0]  	553	1 
[0, 3, 18, 0]  	561	1 
[13, 18, 0, 1]  	338	10 
[18, 2, 6, 1]  	344	10 
[8, 16, 3, 1]  	359	8 
[5, 3, 10, 1]  	369	6 
[5, 0, 12, 1]  	388	6 
[5, 12, 7, 1]  	399	6 
[4, 13, 7, 1]  	404	5 
[5, 8, 9, 1]  	405	6 
[3, 24, 3, 1]  	423	4 
[2, 15, 8, 1]  	443	4 
[2, 20, 6, 1]  	450	4 
[0, 36, 0, 1]  	468	2 
[1, 4, 16, 1]  	524	2 
[18, 3, 5, 2]  	328	11 
[4, 25, 2, 2]  	415	5 
[3, 10, 9, 48]  	415	3 
[16, 2, 6, 49]  	328	10 
[14, 1, 7, 49]  	328	9 
[10, 2, 8, 49]  	338	8 
[8, 2, 9, 49]  	351	6 
[6, 15, 4, 49]  	359	6 
[16, 0, 8, 49]  	360	8 
[6, 2, 10, 49]  	364	7 
[4, 17, 4, 49]  	369	5 
[4, 2, 11, 49]  	377	6 
[4, 14, 6, 49]  	388	2 
[4, 26, 1, 49]  	399	2 
[3, 27, 1, 49]  	404	4 
[4, 22, 3, 49]  	405	4 
[3, 12, 8, 49]  	412	4 
[2, 9, 10, 49]  	423	3 
[1, 29, 2, 49]  	443	3 
[1, 34, 0, 49]  	450	2 
[0, 7, 13, 49]  	468	1 
[0, 18, 10, 49]  	524	1 
------
The gap is between 3 and 47.
Lengths: 3 3 6 6 3 3.
For 490 = 5*d/2-d1-d2-d3 you get 3 in char 0.
1*x^1*y^17*z^9
1*y^31*z^3
1*y^2*z^16

For 274 = 3*d/2-d1-d2-d3 you get 6 in char 0.
1*x^5*y^18
1*x^4*y^3*z^7
1*x^3*y^17*z^1
1*x^2*y^2*z^8
1*x^1*y^16*z^2
1*y^1*z^9

For 58 = d/2-d1-d2-d3 you get 3 in char 0.
1*x^4*y^2
1*x^2*y^1*z^1
1*z^2

Extra powers of p used 0.
The invariant extra is equal to 4.
Start computing 5^3 Delta^1 (x1x2x3)^4... Done.
Start computing 5^4 Delta^2 (x1x2x3)^4... Done.
Start computing 5^5 Delta^3 (x1x2x3)^4... Done.
Start computing 5^6 Delta^4 (x1x2x3)^4... Done.
Start computing 5^7 Delta^5 (x1x2x3)^4... Done.
Start computing 5^8 Delta^6 (x1x2x3)^4... Done.
Start computing 5^9 Delta^7 (x1x2x3)^4... Done.
Start computing 5^10 Delta^8 (x1x2x3)^4... Done.
Start computing 5^11 Delta^9 (x1x2x3)^4... Done.
Start computing 5^12 Delta^10 (x1x2x3)^4... Done.
Start computing 5^13 Delta^11 (x1x2x3)^4... Done.
Start computing 5^14 Delta^12 (x1x2x3)^4... Done.
Start computing aa.
1 2 3 4 5 6 7 8 9 10 11 12 
*/
A = \
[95953486504437760585064571721909,93423609245042352425088103048486,53694943650651013652398933906227,40966725868899851965142052359630,130096476398118977582450218908945,87780024450785925536622366785020,88676109398132878994837937637950,45886264397278999842964789785030,1618909060653192804499477320695,80456782406452411298133591784925,87334102783079504626692134317675,12066024147015497063290928906575;\
31100545830627567508291237187426,124989027008820750893569233830574,43933567707617514006662625875905,86409219522819799212961189555775,24423409876557839441745553912725,128741365967690692970250193997520,40664748545077794230719457214400,59044683227840634035376160051370,4705407779021217810317747967980,89856408221012856877694487975525,47647721076430540284667234147800,43622132346649999722642814111025;\
101829343916095582214899096784943,93495173892293438314317139230888,115161090800780409710320194922474,2997691255993001423002675793190,54382283208799552360542602228485,106567724772850414813560806820425,66377251976791754860172277708435,107233699572744313607026573347420,8465277766125645437052391303905,68824775045950850109158423534650,128946448556112292198592093052400,34289961004653753113753239302250;\
115901263582465402163948491466085,128755376563126449557352093019071,21086154682394977439944735560177,131273643706949382232488078588365,111010155172869280306964369043745,92078344293735126672956041705505,41271914572862869077283406053885,89158967407668992442870286956550,122083299572532540813392579440180,108673866733935355526884665934200,90735418608820083238805603892800,88451575122776736262044469279825;\
35778979320108497555599589249921,85830502292491182555947756056827,134327042621060247581170949168421,50109882346355539314143382463425,126108457297257180977415689477795,66388086033598355790495489672435,58154744715474360352638979287250,33416102228653292497066377564645,73907848415953265902665869178120,92235022744545803164055099864925,61462844743551219988465731622425,97608535408769055782803284579875;\
104033477184915877445143521937041,10100746625219441141924257779305,77206659155965900094816076443007,65628824448143499071293393816990,29532295112423023960898285065345,17320853129875405613103138382820,112296296484812881449518571848750,8724875188131315682894428484190,8064793510882319293980861902155,55480320594049266909973385852400,133203832555895389924349956747175,92980170313089279935406118838025;\
31849212290636181359513149157983,77105768614066781473575609734078,70207290406286783289469864220002,23007110107988358368702671661795,27775730691870497284914454174230,16694547777059741540252639532815,109359329764576936329923275905890,92026229715233976267043621890200,63634817182001561665486057981085,26323552933847337633375434221175,36379428031926653413223113360175,3974280853730572075164752032625;\
103240858845629861335102139345318,57358000561184303346003472716173,4572697904425677237647141553345,97606963474818286782044991165880,76487344665895677767323421604925,16182473353379335258807823099755,23173099229810475785746794090390,131057783525216331274480947595655,75045511334156801250263145481545,39105310382766287953721356838125,82416984425641900525547998993550,3217183629889537179734622022650;\
65221180511729103942042113165568,127469836094322026148182882886912,15029066186640639559188451829327,126319796083718192637130409582690,29750150476119002013181638287025,96218045556062886853290676198780,24042861448326799560994599550200,109130337875349706845475455268800,71779347632597931325493411264900,80626444778230181697754983678025,117767380652160961330229235731300,96073438164484841396738856245975;\
24460541499682095126346261497775,123932287692411040413366634459872,39499395910918348023756569356903,99008175869367076056843187897330,38951506891635253894963666780330,40110830231600894126848249094325,121604924067256026542695639032200,7313760984317636777862529521605,18733585239390376522614140741180,108426873433695862377267086313450,29583570913147958573951218735975,137175191189478010401840941050075;\
52003062315971718236185042529202,19069477773126873514226160447244,114170308676453024008856253900108,126139888363000993679263881834365,30126557616809790202550797214405,91492305632615369690243278213955,38798310520201793598152373271065,105458607175898359959365152252250,6460761280097561470575255929560,130345836325396114973290582746275,108982504473908882882384959536250,115676430259925079277727747219450;\
44316378560994934611177374696911,128564406744059385441346567473209,36264465010002833020745098404342,55623926242148109576901008194100,119414098995400336542654073941945,100602351630887535154292157028740,35760621068335449505366219520520,53706598334436972113701458671130,78803892648840656659142535928760,78662659432142574496779260907625,34748947329893019035617381548600,77263739510135481439837801131800]
/* 
This should be the matrix of frobenius!
*/ 
B = A; 
/* Freed 129 lists. */
