/* Comments begin... 
Coefficient of   x^27                     = 2
Coefficient of   x^14 * y^8               = -2
Coefficient of   x^12 * y^7 * z^1         = -2
Coefficient of   x^10 * y^6 * z^2         = 2
Coefficient of   x^8 * y^5 * z^3         = 1
Coefficient of   x^6 * y^4 * z^4         = -2
Coefficient of   x^4 * y^3 * z^5         = 2
Coefficient of   x^2 * y^2 * z^6         = 2
Coefficient of   x^1 * y^16               = -1
Coefficient of   y^1 * z^7               = 1

Here is the polynomial we're using this time:

2*x^27 + -2*x^14*y^8 + -2*x^12*y^7*z^1 + 2*x^10*y^6*z^2 + 1*x^8*y^5*z^3 + -2*x^6*y^4*z^4 + 2*x^4*y^3*z^5 + 2*x^2*y^2*z^6 + -1*x^1*y^16 + 1*y^1*z^7

Allocate G_len 20 elements and old = 0.
Allocate M_len = 400 elements.
Allocate G_len 40 elements and old = 20.
Allocate M_len = 800 elements.
Allocate G_len 80 elements and old = 40.
Allocate M_len = 1600 elements.
Allocate M_len = 3200 elements.
Allocate G_len 160 elements and old = 80.
Allocate M_len = 6400 elements.
Allocate M_len = 12800 elements.
Allocate G_len 320 elements and old = 160.
The final length of G is 170
[12, 7, 0, 0]  	187	7 
[12, 6, 1, 0]  	203	8 
[26, 0, 0, 0]  	208	8  <--- 1
[10, 6, 2, 0]  	216	6 
[10, 5, 3, 0]  	232	8 
[8, 4, 5, 0]  	261	8 
[6, 4, 6, 0]  	274	7 
[7, 18, 0, 0]  	290	8 
[18, 4, 4, 0]  	312	12 
[24, 5, 2, 0]  	315	12 
[22, 4, 3, 0]  	315	12 
[18, 3, 5, 0]  	328	11 
[22, 3, 4, 0]  	331	12 
[12, 3, 7, 0]  	338	10 
[11, 17, 1, 0]  	338	10 
[16, 3, 6, 0]  	341	10 
[14, 2, 7, 0]  	341	10 
[9, 3, 8, 0]  	343	9 
[18, 2, 6, 0]  	344	10 
[11, 2, 8, 0]  	346	9 
[22, 2, 5, 0]  	347	10 
[9, 17, 2, 0]  	351	9 
[10, 1, 9, 0]  	354	9 
[7, 3, 9, 0]  	356	8 
[14, 1, 8, 0]  	357	10 
[9, 2, 9, 0]  	359	8 
[8, 16, 3, 0]  	359	8 
[18, 1, 7, 0]  	360	9 
[22, 1, 6, 0]  	363	9 
[7, 17, 3, 0]  	364	8 
[6, 18, 3, 0]  	369	7 
[10, 0, 10, 0]  	370	8 
[7, 2, 10, 0]  	372	7 
[6, 16, 4, 0]  	372	7 
[14, 0, 9, 0]  	373	8 
[9, 1, 10, 0]  	375	8 
[7, 0, 11, 0]  	375	7 
[18, 0, 8, 0]  	376	8 
[6, 3, 10, 0]  	377	7 
[5, 17, 4, 0]  	377	7 
[22, 0, 7, 0]  	379	8 
[6, 1, 11, 0]  	380	7 
[9, 15, 4, 0]  	383	7 
[7, 14, 5, 0]  	383	7 
[5, 2, 11, 0]  	385	6 
[4, 16, 5, 0]  	385	6 
[6, 26, 0, 0]  	386	7 
[6, 15, 5, 0]  	388	6 
[5, 0, 12, 0]  	388	6 
[6, 24, 1, 0]  	389	7 
[5, 27, 0, 0]  	391	6 
[6, 22, 2, 0]  	392	7 
[5, 25, 1, 0]  	394	6 
[5, 14, 6, 0]  	396	6 
[5, 23, 2, 0]  	397	6 
[5, 12, 7, 0]  	399	6 
[5, 21, 3, 0]  	400	6 
[4, 15, 6, 0]  	401	6 
[5, 10, 8, 0]  	402	6 
[4, 13, 7, 0]  	404	5 
[5, 8, 9, 0]  	405	6 
[4, 2, 12, 0]  	406	6 
[3, 16, 6, 0]  	406	6 
[4, 11, 8, 0]  	407	5 
[5, 6, 10, 0]  	408	6 
[4, 29, 0, 0]  	409	6 
[4, 9, 9, 0]  	410	5 
[4, 27, 1, 0]  	412	5 
[4, 7, 10, 0]  	413	5 
[3, 30, 0, 0]  	414	6 
[4, 25, 2, 0]  	415	5 
[4, 5, 11, 0]  	416	6 
[4, 23, 3, 0]  	418	5 
[3, 26, 2, 0]  	420	4 
[4, 21, 4, 0]  	421	5 
[3, 15, 7, 0]  	422	5 
[3, 24, 3, 0]  	423	4 
[3, 13, 8, 0]  	425	4 
[3, 0, 14, 0]  	430	4 
[3, 9, 10, 0]  	431	4 
[2, 12, 9, 0]  	433	3 
[3, 7, 11, 0]  	434	4 
[2, 10, 10, 0]  	436	3 
[3, 5, 12, 0]  	437	5 
[3, 23, 4, 0]  	439	3 
[2, 8, 11, 0]  	439	3 
[2, 26, 3, 0]  	441	3 
[3, 21, 5, 0]  	442	4 
[2, 6, 12, 0]  	442	4 
[2, 15, 8, 0]  	443	4 
[2, 24, 4, 0]  	444	3 
[2, 33, 0, 0]  	445	5 
[2, 22, 5, 0]  	447	3 
[1, 25, 4, 0]  	449	2 
[2, 20, 6, 0]  	450	4 
[1, 23, 5, 0]  	452	2 
[1, 21, 6, 0]  	455	3 
[1, 10, 11, 0]  	457	2 
[2, 5, 13, 0]  	458	4 
[1, 8, 12, 0]  	460	2 
[1, 35, 0, 0]  	463	3 
[2, 30, 2, 0]  	464	4 
[2, 1, 15, 0]  	464	4 
[0, 9, 12, 0]  	465	1 
[2, 19, 7, 0]  	466	4 
[1, 29, 3, 0]  	472	3 
[0, 23, 6, 0]  	473	1 
[2, 4, 14, 0]  	474	4 
[1, 7, 13, 0]  	476	2 
[1, 34, 1, 0]  	479	3 
[2, 0, 16, 0]  	480	3 
[0, 37, 0, 0]  	481	1  <--- 2
[0, 8, 13, 0]  	481	1 
[0, 35, 1, 0]  	484	2 
[0, 22, 7, 0]  	489	1 
[1, 6, 14, 0]  	492	2 
[1, 15, 10, 0]  	493	3 
[1, 33, 2, 0]  	495	3 
[0, 7, 14, 0]  	497	1 
[0, 34, 2, 0]  	500	2 
[1, 0, 17, 0]  	501	2 
[1, 18, 9, 0]  	503	3 
[0, 21, 8, 0]  	505	1 
[1, 5, 15, 0]  	508	2 
[0, 6, 15, 0]  	513	1 
[0, 33, 3, 0]  	516	2 
[0, 20, 9, 0]  	521	1 
[0, 29, 5, 0]  	522	2 
[1, 4, 16, 0]  	524	2 
[0, 5, 16, 0]  	529	1 
[0, 32, 4, 0]  	532	2 
[0, 19, 10, 0]  	537	1 
[0, 4, 17, 0]  	545	1 
[0, 0, 19, 0]  	551	1  <--- 3
[0, 18, 11, 0]  	553	1 
[0, 3, 18, 0]  	561	1 
[8, 5, 4, 1]  	245	7 
[22, 5, 2, 1]  	299	13 
[14, 3, 6, 1]  	325	11 
[11, 3, 7, 1]  	330	10 
[8, 1, 10, 1]  	367	8 
[4, 1, 12, 1]  	393	6 
[3, 29, 0, 1]  	401	5 
[4, 0, 13, 1]  	409	5 
[3, 1, 13, 1]  	414	5 
[3, 28, 1, 1]  	417	4 
[3, 22, 4, 1]  	426	4 
[3, 11, 9, 1]  	428	4 
[2, 30, 1, 1]  	435	5 
[2, 29, 2, 1]  	451	4 
[0, 36, 0, 1]  	468	2 
[1, 20, 7, 1]  	471	3 
[3, 20, 5, 2]  	429	5 
[1, 19, 8, 2]  	487	3 
[2, 5, 12, 48]  	429	4 
[0, 33, 2, 48]  	487	2 
[6, 4, 5, 49]  	245	6 
[20, 4, 3, 49]  	299	12 
[12, 2, 7, 49]  	325	9 
[10, 17, 1, 49]  	330	8 
[6, 0, 11, 49]  	367	6 
[3, 15, 6, 49]  	393	5 
[2, 14, 7, 49]  	401	3 
[2, 13, 8, 49]  	417	3 
[2, 0, 14, 49]  	422	3 
[2, 7, 11, 49]  	426	3 
[2, 25, 3, 49]  	428	3 
[0, 7, 13, 49]  	468	1 
[0, 34, 1, 49]  	471	2 
[0, 5, 15, 49]  	500	1 
------
The gap is between 3 and 47.
Lengths: 3 3 6 6 3 3.
For 490 = 5*d/2-d1-d2-d3 you get 3 in char 0.
1*x^1*y^17*z^9
1*y^31*z^3
1*y^2*z^16

For 274 = 3*d/2-d1-d2-d3 you get 6 in char 0.
1*x^5*y^18
1*x^4*y^3*z^7
1*x^3*y^17*z^1
1*x^2*y^2*z^8
1*x^1*y^16*z^2
1*y^1*z^9

For 58 = d/2-d1-d2-d3 you get 3 in char 0.
1*x^4*y^2
1*x^2*y^1*z^1
1*z^2

Extra powers of p used 0.
The invariant extra is equal to 4.
Start computing 5^3 Delta^1 (x1x2x3)^4... Done.
Start computing 5^4 Delta^2 (x1x2x3)^4... Done.
Start computing 5^5 Delta^3 (x1x2x3)^4... Done.
Start computing 5^6 Delta^4 (x1x2x3)^4... Done.
Start computing 5^7 Delta^5 (x1x2x3)^4... Done.
Start computing 5^8 Delta^6 (x1x2x3)^4... Done.
Start computing 5^9 Delta^7 (x1x2x3)^4... Done.
Start computing 5^10 Delta^8 (x1x2x3)^4... Done.
Start computing 5^11 Delta^9 (x1x2x3)^4... Done.
Start computing 5^12 Delta^10 (x1x2x3)^4... Done.
Start computing 5^13 Delta^11 (x1x2x3)^4... Done.
Start computing 5^14 Delta^12 (x1x2x3)^4... Done.
Start computing aa.
1 2 3 4 5 6 7 8 9 10 11 12 
*/
A = \
[38769112714015343311890420374059,74813104906353557437735408841129,55918977738327685305160542166738,110542809008272628762111575189755,3095821938773085776241825550080,95684642060912378961564246022720,1868866415094996257696452461850,87280925649782911768060065164030,49628622028962479185355871147380,107162895832893734261754105010225,106158809376180881591835866799850,58412753856704451316056861609125;\
132289099526611318601960406148601,42032952239131098885968027567295,90938918032900137715340106108486,122284665419874148749352908685530,119824992575726910511060155959325,21348487774289719698695886096730,73577902587399881988744318538615,138350661217987643861980079367270,81078386919723465830862236524685,79664720302681444298482908516775,120006137900096603185969935285975,96937051993894470788079509255550;\
96055345769683898884154692946632,136698539834865288087661245015684,104836064255862505537453278474834,127439232639316062269150838525970,36065665683948675760574047736485,130669502792064007167432439159380,46995657201115209063472638297660,23228012735538532628468738072885,56025092614824858390705499818480,8891079064188207342866264455250,43990714289668732242157412399050,64913191567851086927194301203450;\
33306197637617967343031112880972,129678597158123114622231868955431,22490945764921349952572119901006,90622636596634165905701937575460,35005283033011265781936626625095,105455098431070351964953785672255,118455196915781724005801987718505,47553532907593181701816812600215,116154523709922059384067914171715,71582504373562257989244596397700,15324711297976113194856042736150,97400092137883218916514346751475;\
62214975568957180366731396989439,110177281874448030800228331384524,60801674815327416615105272529801,114830326703814245281534831244210,53510636736144939131016599754885,64106482401766732022266166395970,44589308397981698023699251679525,124846449030952022451364075026520,16382932666183294414543458560165,89717806888897575372246447461725,107964121493763397603143166757200,44426960828669195250086143317750;\
117295353919682182705625868596023,54608483880491158517070482925358,58279261703243248217644817283539,62824946542820206976168292873670,85075651526812300235575490206675,108754592166936748846192867602790,33647145959575239993533131251010,35643002040935603899093139732125,48700712581804411416046100756685,25954538041698445159756348467600,82394496481161854689396033200575,91445521243261308992377791688475;\
11362240757123088321653613227890,105105176969035734604652209248398,20912934624791156566967504593007,42380811949364812433031032105405,42850172576386062608792996696965,119692930839387587369434688913595,136990914851760569946412812457200,38363608138872154707847438217860,1769773159608141551254645197560,76077935229245501620496673260800,106000852868218500074988504679525,19535594739110045945138964156200;\
28883817048819952128110489768129,8883163264516170356092565337149,30135641014083553878664723149418,61344514645046412624027740399875,84201758085839214717869195847840,55059120658906450491597245448065,63243940136100661206449802285360,752896388143820196727733328495,133459218184725337396308972166810,52266378343189987179519484485575,123433101047790297243581737555425,31425443044172889837330385262625;\
50193452519970470833641496138096,58727301412734514955016174924914,59734259537119206161661693558026,81898145194973652556890159178250,63956161360448087413360928693055,29224043212109537646647365823900,9398977125786366859281397559600,53203336759949795876489454208485,81010031108192121035303531051005,8016434131264655642334466800225,121091980900774684166132595514925,21026439244703703104292396473975;\
100234032389941642862186538983277,49378106938621457339113738930971,34198910190421511492222702826599,70624195577811996200496489817915,134245974802109801193261334264050,105335010684213279964028182822045,99785104620826493066107429446325,119569519714022238666703556102820,86566537325534234506502168958615,57809491316508597485196159922950,70663189087014822103272539174575,80607489619701058884123636755400;\
18909320163182046703107289720696,17867308149291135678848151089467,96130662743113430439452211040258,136815561425665977854094553795155,6310426956696908055975710609570,75976776320622401214736931701295,48619953512386049327292662704225,128247739435178169395132663075070,103346361513908271130265283925940,140636906891311755380272236801500,110626017063144242110937568157600,51914280524159612601949885702375;\
75534284809316316577416158870296,101928811142517348650337957306676,40458908784255695773210554182949,92642912843583027513841879979565,85931844624677353001615588945690,95804838356628351952327244849680,74873677135643940242814716479450,125940816052372569296703840695130,18456875089808842673026127960060,137463299830472525746174043749175,42458590084812542217235784369100,6741773673072539923570401624050]
/* 
This should be the matrix of frobenius!
*/ 
B = A; 
/* Freed 130 lists. */
