/* Comments begin... 
Coefficient of   x^27                     = -2
Coefficient of   x^14 * y^8               = -2
Coefficient of   x^12 * y^7 * z^1         = -2
Coefficient of   x^10 * y^6 * z^2         = 0
Coefficient of   x^8 * y^5 * z^3         = 1
Coefficient of   x^6 * y^4 * z^4         = 0
Coefficient of   x^4 * y^3 * z^5         = -1
Coefficient of   x^2 * y^2 * z^6         = -2
Coefficient of   x^1 * y^16               = 2
Coefficient of   y^1 * z^7               = 0

Here is the polynomial we're using this time:

-2*x^27 + -2*x^14*y^8 + -2*x^12*y^7*z^1 + 1*x^8*y^5*z^3 + -1*x^4*y^3*z^5 + -2*x^2*y^2*z^6 + 2*x^1*y^16

Allocate G_len 20 elements and old = 0.
Allocate M_len = 400 elements.
Allocate G_len 40 elements and old = 20.
Allocate M_len = 800 elements.
Allocate G_len 80 elements and old = 40.
Allocate M_len = 1600 elements.
Allocate M_len = 3200 elements.
Allocate G_len 160 elements and old = 80.
Allocate M_len = 6400 elements.
Allocate M_len = 12800 elements.
Allocate G_len 320 elements and old = 160.
Not smooth!
Coefficient of   x^27                     = -2
Coefficient of   x^14 * y^8               = 1
Coefficient of   x^12 * y^7 * z^1         = 1
Coefficient of   x^10 * y^6 * z^2         = 2
Coefficient of   x^8 * y^5 * z^3         = -1
Coefficient of   x^6 * y^4 * z^4         = -2
Coefficient of   x^4 * y^3 * z^5         = -1
Coefficient of   x^2 * y^2 * z^6         = -2
Coefficient of   x^1 * y^16               = 1
Coefficient of   y^1 * z^7               = -1

Here is the polynomial we're using this time:

-2*x^27 + 1*x^14*y^8 + 1*x^12*y^7*z^1 + 2*x^10*y^6*z^2 + -1*x^8*y^5*z^3 + -2*x^6*y^4*z^4 + -1*x^4*y^3*z^5 + -2*x^2*y^2*z^6 + 1*x^1*y^16 + -1*y^1*z^7

Allocate M_len = 25600 elements.
The final length of G is 172
[12, 7, 0, 0]  	187	7 
[26, 0, 0, 0]  	208	8  <--- 1
[10, 6, 2, 0]  	216	7 
[10, 5, 3, 0]  	232	8 
[8, 4, 5, 0]  	261	8 
[6, 4, 6, 0]  	274	7 
[7, 18, 0, 0]  	290	8 
[24, 6, 1, 0]  	299	13 
[22, 5, 2, 0]  	299	13 
[22, 4, 3, 0]  	315	12 
[14, 3, 6, 0]  	325	11 
[18, 3, 5, 0]  	328	11 
[11, 3, 7, 0]  	330	10 
[22, 3, 4, 0]  	331	12 
[11, 17, 1, 0]  	338	10 
[14, 2, 7, 0]  	341	10 
[9, 3, 8, 0]  	343	9 
[18, 2, 6, 0]  	344	10 
[11, 2, 8, 0]  	346	9 
[22, 2, 5, 0]  	347	10 
[9, 17, 2, 0]  	351	9 
[10, 1, 9, 0]  	354	9 
[7, 3, 9, 0]  	356	8 
[14, 1, 8, 0]  	357	10 
[9, 2, 9, 0]  	359	8 
[8, 16, 3, 0]  	359	8 
[18, 1, 7, 0]  	360	9 
[22, 1, 6, 0]  	363	9 
[7, 17, 3, 0]  	364	8 
[6, 18, 3, 0]  	369	7 
[10, 0, 10, 0]  	370	9 
[7, 2, 10, 0]  	372	7 
[6, 16, 4, 0]  	372	7 
[14, 0, 9, 0]  	373	8 
[9, 1, 10, 0]  	375	8 
[8, 15, 4, 0]  	375	8 
[6, 3, 10, 0]  	377	7 
[5, 17, 4, 0]  	377	7 
[22, 0, 7, 0]  	379	8 
[8, 0, 11, 0]  	383	7 
[7, 14, 5, 0]  	383	7 
[5, 2, 11, 0]  	385	6 
[4, 16, 5, 0]  	385	6 
[6, 26, 0, 0]  	386	7 
[7, 1, 11, 0]  	388	6 
[6, 15, 5, 0]  	388	6 
[5, 0, 12, 0]  	388	6 
[5, 27, 0, 0]  	391	6 
[20, 0, 8, 0]  	392	7 
[6, 22, 2, 0]  	392	7 
[4, 1, 12, 0]  	393	6 
[5, 25, 1, 0]  	394	6 
[5, 14, 6, 0]  	396	6 
[5, 23, 2, 0]  	397	6 
[5, 12, 7, 0]  	399	6 
[4, 15, 6, 0]  	401	5 
[3, 29, 0, 0]  	401	5 
[5, 10, 8, 0]  	402	6 
[4, 13, 7, 0]  	404	5 
[5, 8, 9, 0]  	405	6 
[3, 16, 6, 0]  	406	6 
[4, 11, 8, 0]  	407	5 
[5, 6, 10, 0]  	408	6 
[4, 0, 13, 0]  	409	5 
[4, 27, 1, 0]  	412	5 
[5, 22, 3, 0]  	413	5 
[4, 7, 10, 0]  	413	5 
[3, 1, 13, 0]  	414	5 
[4, 25, 2, 0]  	415	5 
[4, 5, 11, 0]  	416	6 
[4, 23, 3, 0]  	418	5 
[3, 26, 2, 0]  	420	4 
[4, 21, 4, 0]  	421	5 
[4, 10, 9, 0]  	423	4 
[3, 24, 3, 0]  	423	4 
[3, 13, 8, 0]  	425	4 
[3, 22, 4, 0]  	426	4 
[3, 11, 9, 0]  	428	4 
[3, 20, 5, 0]  	429	5 
[3, 9, 10, 0]  	431	4 
[2, 12, 9, 0]  	433	3 
[3, 7, 11, 0]  	434	4 
[2, 30, 1, 0]  	435	5 
[2, 10, 10, 0]  	436	3 
[3, 5, 12, 0]  	437	5 
[2, 8, 11, 0]  	439	3 
[2, 26, 3, 0]  	441	3 
[2, 15, 8, 0]  	443	4 
[2, 24, 4, 0]  	444	3 
[2, 33, 0, 0]  	445	5 
[2, 22, 5, 0]  	447	3 
[1, 25, 4, 0]  	449	2 
[2, 20, 6, 0]  	450	4 
[2, 29, 2, 0]  	451	4 
[1, 23, 5, 0]  	452	2 
[1, 10, 11, 0]  	457	2 
[3, 0, 15, 0]  	459	3 
[1, 8, 12, 0]  	460	2 
[1, 35, 0, 0]  	463	3 
[2, 1, 15, 0]  	464	4 
[0, 9, 12, 0]  	465	1 
[2, 19, 7, 0]  	466	4 
[1, 22, 6, 0]  	468	2 
[0, 36, 0, 0]  	468	2  <--- 2
[1, 20, 7, 0]  	471	3 
[1, 29, 3, 0]  	472	3 
[0, 23, 6, 0]  	473	1 
[2, 4, 14, 0]  	474	4 
[1, 34, 1, 0]  	479	3 
[2, 0, 16, 0]  	480	3 
[0, 8, 13, 0]  	481	1 
[0, 35, 1, 0]  	484	2 
[1, 19, 8, 0]  	487	3 
[0, 22, 7, 0]  	489	1 
[1, 6, 14, 0]  	492	2 
[1, 15, 10, 0]  	493	3 
[1, 33, 2, 0]  	495	3 
[0, 7, 14, 0]  	497	1 
[0, 34, 2, 0]  	500	2 
[1, 0, 17, 0]  	501	2 
[1, 18, 9, 0]  	503	3 
[0, 21, 8, 0]  	505	1 
[1, 5, 15, 0]  	508	2 
[0, 6, 15, 0]  	513	1 
[0, 33, 3, 0]  	516	2 
[0, 20, 9, 0]  	521	1 
[0, 29, 5, 0]  	522	2 
[0, 5, 16, 0]  	529	1 
[0, 19, 10, 0]  	537	1 
[0, 4, 17, 0]  	545	1 
[0, 0, 19, 0]  	551	1  <--- 3
[0, 18, 11, 0]  	553	1 
[0, 3, 18, 0]  	561	1 
[8, 5, 4, 1]  	245	7 
[18, 4, 4, 1]  	312	12 
[8, 1, 10, 1]  	367	8 
[18, 0, 8, 1]  	376	8 
[6, 1, 11, 1]  	380	7 
[6, 24, 1, 1]  	389	7 
[5, 21, 3, 1]  	400	6 
[4, 9, 9, 1]  	410	5 
[3, 28, 1, 1]  	417	4 
[3, 15, 7, 1]  	422	5 
[3, 0, 14, 1]  	430	4 
[2, 6, 12, 1]  	442	4 
[1, 21, 6, 1]  	455	3 
[2, 5, 13, 1]  	458	4 
[1, 7, 13, 1]  	476	2 
[1, 4, 16, 1]  	524	2 
[0, 32, 4, 1]  	532	2 
[12, 6, 1, 2]  	203	8 
[7, 0, 11, 2]  	375	7 
[10, 5, 2, 48]  	203	7 
[6, 14, 5, 48]  	375	6 
[0, 35, 0, 48]  	455	2 
[6, 4, 5, 49]  	245	5 
[14, 2, 6, 49]  	312	8 
[7, 15, 4, 49]  	367	6 
[5, 8, 8, 49]  	376	6 
[4, 0, 12, 49]  	380	5 
[5, 22, 2, 49]  	384	6 
[4, 6, 10, 49]  	400	4 
[3, 23, 3, 49]  	410	4 
[2, 13, 8, 49]  	417	3 
[2, 29, 1, 49]  	422	3 
[1, 20, 6, 49]  	442	2 
[1, 19, 7, 49]  	458	3 
[0, 34, 1, 49]  	471	1 
[0, 21, 7, 49]  	476	1 
[0, 6, 14, 49]  	484	1 
[0, 18, 10, 49]  	524	1 
[0, 3, 17, 49]  	532	1 
------
The gap is between 3 and 47.
Lengths: 3 3 6 6 3 3.
For 490 = 5*d/2-d1-d2-d3 you get 3 in char 0.
1*x^1*y^17*z^9
1*y^31*z^3
1*y^2*z^16

For 274 = 3*d/2-d1-d2-d3 you get 6 in char 0.
1*x^5*y^18
1*x^4*y^3*z^7
1*x^3*y^17*z^1
1*x^2*y^2*z^8
1*x^1*y^16*z^2
1*y^1*z^9

For 58 = d/2-d1-d2-d3 you get 3 in char 0.
1*x^4*y^2
1*x^2*y^1*z^1
1*z^2

Extra powers of p used 0.
The invariant extra is equal to 4.
Start computing 5^3 Delta^1 (x1x2x3)^4... Done.
Start computing 5^4 Delta^2 (x1x2x3)^4... Done.
Start computing 5^5 Delta^3 (x1x2x3)^4... Done.
Start computing 5^6 Delta^4 (x1x2x3)^4... Done.
Start computing 5^7 Delta^5 (x1x2x3)^4... Done.
Start computing 5^8 Delta^6 (x1x2x3)^4... Done.
Start computing 5^9 Delta^7 (x1x2x3)^4... Done.
Start computing 5^10 Delta^8 (x1x2x3)^4... Done.
Start computing 5^11 Delta^9 (x1x2x3)^4... Done.
Start computing 5^12 Delta^10 (x1x2x3)^4... Done.
Start computing 5^13 Delta^11 (x1x2x3)^4... Done.
Start computing 5^14 Delta^12 (x1x2x3)^4... Done.
Start computing aa.
1 2 3 4 5 6 7 8 9 10 11 12 
*/
A = \
[39793119394301918848851039148467,35618065128096186896939120541841,119601333214315017238472237196726,38194647581660514921913207907430,66804117807392180192101109350660,7652700667345620643709848660870,27573781684449359098287086143915,93148722821487611172575402241060,16028169042013012641620539586735,85065956370593859441687514648900,62137065245492262457258357761825,57683768712910913352178294977825;\
77518339409326524014039018732268,141899974796722230430485165497749,32245037120286655962404504930525,114258513161188092444631805737300,35857213361718967897646308464355,109920955403246103645812313800175,44227538772579703829760470554275,11414147141546867050046861016950,35560221785027730532561020003800,53464334626474542368961437755650,52538851958442736316108627963500,15154520532224745931571353262875;\
54109344143035777511094054136356,130463814171502291519803997969893,14565264098329699052054441505704,137549204782934139474740299648895,42545044288716377344130227738500,64507400613798346654905763182120,82232409843767506833172276420375,107977872035054005376166323877215,120954220245389802950779219584740,80180367606558406981195759323525,89358322635041716692252248567250,31093001407559542497160437041400;\
58477190026712114163898567481550,84217960082180819128835001613289,138539257005236656438594244092695,45816715637911874962131633516245,42982991297613051269613447324850,19872390392996636727007087245955,6495609702768800222528259370155,6647323814739402036281564272495,56099345268050792404992615581225,48237661308027483713301634936550,110506283500130704183102493526350,128966902295775231048007231739575;\
94116365904503046724771530231832,48777278409530935645801255684142,102227312068110274084241339548385,90766170014522370963438184977555,62366984011733297406537361107500,13933063577706671733483702688015,49686011844987594113990139842485,110663740820014629813998649713115,29966848854039107514959674035160,85476536430754808372852789472900,108646478676461442297508219666975,76338052601979125061110240169125;\
89804782567359676230088121421363,17584132422891193751459497686568,88438221243277855840861133230263,128991269484904247038493668976195,137829877898062031100760766443615,136242070015022474185089931576705,104796363359763440410004954175115,23265667246708737876085515156625,2553477732021458946992541058645,20579545785002658139844341860375,56513171835504670864909728112650,68449370384154108541558608912075;\
88658225497615153500526411372847,121643308007892728993823812206002,96337231395286855198703748303385,98964099531935897960851904228005,98869265593105610350534718033075,86560378068059259579838254741715,91234626306130236145031746414360,106501662693901148060751932132365,23361033151344382469866398451735,22652466338546503871534731731650,59862740018263207014488402372700,24300637013355793841573002711225;\
126194735906387491184227635144989,111086665248939863129339555091961,9648226642720647481939054097342,83832777125382483652868789814465,77954767723760127792482194288155,70073828111066981025425431858845,85160259582535429017863227889575,20650739773336977131287429394755,127348876203032435904755924600430,59190238528531248050264925481750,4972267054653567512071389532100,79904017818054056341546631910500;\
140314260930451085265481265635123,34152390872264803376614059095171,8421668429585654675063897789642,47830902326602526347325480048260,37167130058051821144714937048535,61081211055618964537937925744105,84763861200467816970730666539030,64869629398597056284391604356015,64594348118221802071993167269065,105681091819172532719533819221125,133203625544678892520909117118075,39118744606941642308126023002000;\
53149701915069771695861317756016,44545577960797501706314621036403,56924021653251376636022332589618,28188152395846298176444863395075,53417806575997163472593386836595,50596941890614694011257513832185,103282438680876593773564207252235,67525473391851894087333504939125,25029989689942523748710373494355,8277997203573091276626105090750,75623759617819919424663393111850,32816355223527699370870724408125;\
119519894168446401575366475655516,122273624180952945510191884055913,76464167641830321057915487959023,25818840327329748138380543521150,87552106089093817895564597049720,74550976992490500407924139523910,14420573251176338759715672540585,5502937333900126411736844224800,28927336382572735706415263056705,110120820105521922645982572578075,36359654170677046441921544877600,101161793686357812971240730455750;\
17064700221639531947497579805649,23821088995514746377038043679437,30294708265898315293130887351632,98158612198421309313799665282725,16922081805116128184651224735385,106385775680785751790316704250225,97363149856381058006636941698235,122068787895233194432854761356560,21150144546079093260346016606895,68948708985382007124040262495150,7622678424244186652318353419450,56146163469234894901620561554225]
/* 
This should be the matrix of frobenius!
*/ 
B = A; 
/* Freed 130 lists. */
