/* Comments begin... 
Coefficient of   x^27                     = 0
Coefficient of   x^14 * y^8               = 0
Coefficient of   x^12 * y^7 * z^1         = 0
Coefficient of   x^10 * y^6 * z^2         = 0
Coefficient of   x^8 * y^5 * z^3         = -2
Coefficient of   x^6 * y^4 * z^4         = -1
Coefficient of   x^4 * y^3 * z^5         = 2
Coefficient of   x^2 * y^2 * z^6         = 1
Coefficient of   x^1 * y^16               = 1
Coefficient of   y^1 * z^7               = -2

Here is the polynomial we're using this time:

-2*x^8*y^5*z^3 + -1*x^6*y^4*z^4 + 2*x^4*y^3*z^5 + 1*x^2*y^2*z^6 + 1*x^1*y^16 + -2*y^1*z^7

Allocate G_len 20 elements and old = 0.
Allocate M_len = 400 elements.
Allocate G_len 40 elements and old = 20.
Allocate M_len = 800 elements.
Allocate G_len 80 elements and old = 40.
Allocate M_len = 1600 elements.
Not smooth!
Coefficient of   x^27                     = 1
Coefficient of   x^14 * y^8               = 0
Coefficient of   x^12 * y^7 * z^1         = 1
Coefficient of   x^10 * y^6 * z^2         = 0
Coefficient of   x^8 * y^5 * z^3         = -1
Coefficient of   x^6 * y^4 * z^4         = -1
Coefficient of   x^4 * y^3 * z^5         = 0
Coefficient of   x^2 * y^2 * z^6         = -2
Coefficient of   x^1 * y^16               = 0
Coefficient of   y^1 * z^7               = -2

Here is the polynomial we're using this time:

1*x^27 + 1*x^12*y^7*z^1 + -1*x^8*y^5*z^3 + -1*x^6*y^4*z^4 + -2*x^2*y^2*z^6 + -2*y^1*z^7

Not smooth!
Coefficient of   x^27                     = -2
Coefficient of   x^14 * y^8               = 2
Coefficient of   x^12 * y^7 * z^1         = -2
Coefficient of   x^10 * y^6 * z^2         = 2
Coefficient of   x^8 * y^5 * z^3         = -2
Coefficient of   x^6 * y^4 * z^4         = 0
Coefficient of   x^4 * y^3 * z^5         = 1
Coefficient of   x^2 * y^2 * z^6         = -1
Coefficient of   x^1 * y^16               = -2
Coefficient of   y^1 * z^7               = -2

Here is the polynomial we're using this time:

-2*x^27 + 2*x^14*y^8 + -2*x^12*y^7*z^1 + 2*x^10*y^6*z^2 + -2*x^8*y^5*z^3 + 1*x^4*y^3*z^5 + -1*x^2*y^2*z^6 + -2*x^1*y^16 + -2*y^1*z^7

Allocate M_len = 3200 elements.
Allocate G_len 160 elements and old = 80.
Allocate M_len = 6400 elements.
Allocate M_len = 12800 elements.
Allocate G_len 320 elements and old = 160.
Allocate M_len = 25600 elements.
The final length of G is 181
[12, 7, 0, 0]  	187	6 
[12, 6, 1, 0]  	203	8 
[26, 0, 0, 0]  	208	8  <--- 1
[8, 5, 3, 0]  	216	5 
[6, 4, 6, 0]  	274	7 
[22, 5, 2, 0]  	299	13 
[7, 19, 0, 0]  	303	7 
[16, 4, 5, 0]  	325	10 
[14, 3, 6, 0]  	325	11 
[11, 3, 7, 0]  	330	10 
[11, 17, 1, 0]  	338	10 
[14, 2, 7, 0]  	341	10 
[10, 18, 1, 0]  	343	9 
[9, 3, 8, 0]  	343	9 
[20, 3, 5, 0]  	344	11 
[11, 2, 8, 0]  	346	9 
[22, 2, 5, 0]  	347	10 
[9, 17, 2, 0]  	351	9 
[8, 18, 2, 0]  	356	8 
[7, 3, 9, 0]  	356	8 
[14, 1, 8, 0]  	357	9 
[9, 2, 9, 0]  	359	8 
[20, 2, 6, 0]  	360	9 
[18, 1, 7, 0]  	360	9 
[11, 1, 9, 0]  	362	8 
[22, 1, 6, 0]  	363	9 
[8, 1, 10, 0]  	367	8 
[6, 18, 3, 0]  	369	7 
[10, 0, 10, 0]  	370	8 
[7, 2, 10, 0]  	372	7 
[6, 16, 4, 0]  	372	7 
[14, 0, 9, 0]  	373	8 
[7, 0, 11, 0]  	375	7 
[18, 0, 8, 0]  	376	8 
[6, 3, 10, 0]  	377	7 
[5, 17, 4, 0]  	377	7 
[22, 0, 7, 0]  	379	8 
[6, 1, 11, 0]  	380	7 
[5, 2, 11, 0]  	385	6 
[6, 26, 0, 0]  	386	7 
[6, 15, 5, 0]  	388	6 
[5, 0, 12, 0]  	388	6 
[6, 24, 1, 0]  	389	7 
[5, 27, 0, 0]  	391	6 
[6, 22, 2, 0]  	392	7 
[5, 16, 5, 0]  	393	6 
[4, 1, 12, 0]  	393	6 
[5, 25, 1, 0]  	394	6 
[5, 14, 6, 0]  	396	6 
[5, 23, 2, 0]  	397	6 
[5, 21, 3, 0]  	400	6 
[4, 15, 6, 0]  	401	5 
[5, 10, 8, 0]  	402	6 
[4, 13, 7, 0]  	404	5 
[5, 8, 9, 0]  	405	6 
[3, 16, 6, 0]  	406	6 
[4, 11, 8, 0]  	407	5 
[5, 6, 10, 0]  	408	6 
[4, 29, 0, 0]  	409	5 
[4, 0, 13, 0]  	409	5 
[4, 27, 1, 0]  	412	5 
[3, 30, 0, 0]  	414	5 
[3, 1, 13, 0]  	414	5 
[4, 25, 2, 0]  	415	5 
[3, 28, 1, 0]  	417	4 
[4, 23, 3, 0]  	418	5 
[4, 21, 4, 0]  	421	5 
[3, 15, 7, 0]  	422	5 
[4, 10, 9, 0]  	423	4 
[3, 24, 3, 0]  	423	4 
[3, 13, 8, 0]  	425	4 
[3, 22, 4, 0]  	426	4 
[3, 11, 9, 0]  	428	4 
[4, 6, 11, 0]  	429	6 
[3, 0, 14, 0]  	430	4 
[3, 27, 2, 0]  	433	3 
[2, 12, 9, 0]  	433	3 
[3, 7, 11, 0]  	434	4 
[2, 30, 1, 0]  	435	5 
[2, 10, 10, 0]  	436	3 
[4, 20, 5, 0]  	437	5 
[3, 5, 12, 0]  	437	5 
[2, 8, 11, 0]  	439	3 
[2, 26, 3, 0]  	441	3 
[3, 21, 5, 0]  	442	4 
[2, 6, 12, 0]  	442	4 
[2, 15, 8, 0]  	443	4 
[2, 24, 4, 0]  	444	3 
[2, 22, 5, 0]  	447	3 
[1, 25, 4, 0]  	449	2 
[2, 20, 6, 0]  	450	4 
[2, 29, 2, 0]  	451	4 
[1, 23, 5, 0]  	452	2 
[1, 21, 6, 0]  	455	3 
[1, 10, 11, 0]  	457	2 
[2, 34, 0, 0]  	458	4 
[2, 5, 13, 0]  	458	4 
[1, 35, 0, 0]  	463	3 
[0, 9, 12, 0]  	465	1 
[2, 19, 7, 0]  	466	4 
[0, 36, 0, 0]  	468	2  <--- 2
[1, 20, 7, 0]  	471	3 
[1, 29, 3, 0]  	472	3 
[0, 23, 6, 0]  	473	1 
[2, 4, 14, 0]  	474	4 
[1, 7, 13, 0]  	476	2 
[1, 34, 1, 0]  	479	3 
[2, 0, 16, 0]  	480	3 
[0, 8, 13, 0]  	481	1 
[0, 35, 1, 0]  	484	2 
[0, 22, 7, 0]  	489	1 
[1, 6, 14, 0]  	492	2 
[1, 15, 10, 0]  	493	3 
[1, 33, 2, 0]  	495	3 
[0, 7, 14, 0]  	497	1 
[0, 34, 2, 0]  	500	2 
[1, 0, 17, 0]  	501	2 
[1, 18, 9, 0]  	503	3 
[0, 21, 8, 0]  	505	1 
[1, 5, 15, 0]  	508	2 
[0, 6, 15, 0]  	513	1 
[0, 33, 3, 0]  	516	2 
[0, 20, 9, 0]  	521	1 
[0, 29, 5, 0]  	522	2 
[1, 4, 16, 0]  	524	2 
[0, 5, 16, 0]  	529	1 
[0, 32, 4, 0]  	532	2 
[0, 19, 10, 0]  	537	1 
[0, 4, 17, 0]  	545	1 
[0, 0, 19, 0]  	551	1  <--- 3
[0, 18, 11, 0]  	553	1 
[0, 3, 18, 0]  	561	1 
[8, 4, 5, 1]  	261	8 
[7, 18, 0, 1]  	290	8 
[18, 4, 4, 1]  	312	11 
[22, 4, 3, 1]  	315	12 
[18, 3, 5, 1]  	328	11 
[22, 3, 4, 1]  	331	11 
[18, 2, 6, 1]  	344	10 
[11, 16, 2, 1]  	354	9 
[7, 14, 5, 1]  	383	7 
[4, 16, 5, 1]  	385	6 
[5, 12, 7, 1]  	399	6 
[3, 29, 0, 1]  	401	5 
[4, 9, 9, 1]  	410	5 
[4, 5, 11, 1]  	416	6 
[3, 26, 2, 1]  	420	4 
[4, 8, 10, 1]  	426	4 
[3, 20, 5, 1]  	429	5 
[3, 9, 10, 1]  	431	4 
[1, 8, 12, 1]  	460	2 
[2, 1, 15, 1]  	464	4 
[7, 17, 3, 2]  	364	8 
[4, 7, 10, 2]  	413	5 
[1, 19, 8, 2]  	487	3 
[2, 33, 0, 3]  	445	5 
[2, 4, 13, 47]  	445	4 
[16, 1, 7, 48]  	344	9 
[6, 2, 10, 48]  	364	7 
[3, 21, 4, 48]  	413	4 
[0, 33, 2, 48]  	487	2 
[6, 3, 6, 49]  	261	7 
[16, 3, 5, 49]  	312	7 
[18, 2, 5, 49]  	315	7 
[16, 2, 6, 49]  	328	9 
[14, 1, 7, 49]  	328	6 
[18, 1, 6, 49]  	331	6 
[10, 1, 9, 49]  	354	7 
[16, 0, 8, 49]  	360	7 
[5, 13, 6, 49]  	383	3 
[3, 1, 12, 49]  	385	3 
[4, 26, 1, 49]  	399	4 
[3, 0, 13, 49]  	401	3 
[3, 23, 3, 49]  	410	4 
[2, 4, 12, 49]  	416	3 
[2, 11, 9, 49]  	420	3 
[2, 7, 11, 49]  	426	3 
[2, 23, 4, 49]  	431	2 
[1, 22, 5, 49]  	439	1 
[0, 22, 6, 49]  	460	1 
[1, 15, 9, 49]  	464	3 
------
The gap is between 4 and 46.
Lengths: 3 3 6 6 3 4.
For 490 = 5*d/2-d1-d2-d3 you get 3 in char 0.
1*x^1*y^17*z^9
1*y^31*z^3
1*y^2*z^16

For 274 = 3*d/2-d1-d2-d3 you get 6 in char 0.
1*x^5*y^18
1*x^4*y^3*z^7
1*x^3*y^17*z^1
1*x^2*y^2*z^8
1*x^1*y^16*z^2
1*y^1*z^9

For 58 = d/2-d1-d2-d3 you get 3 in char 0.
1*x^4*y^2
1*x^2*y^1*z^1
1*z^2

Extra powers of p used 1.
The invariant extra is equal to 4.
Start computing 5^3 Delta^1 (x1x2x3)^4... Done.
Start computing 5^4 Delta^2 (x1x2x3)^4... Done.
Start computing 5^5 Delta^3 (x1x2x3)^4... Done.
Start computing 5^6 Delta^4 (x1x2x3)^4... Done.
Start computing 5^7 Delta^5 (x1x2x3)^4... Done.
Start computing 5^8 Delta^6 (x1x2x3)^4... Done.
Start computing 5^9 Delta^7 (x1x2x3)^4... Done.
Start computing 5^10 Delta^8 (x1x2x3)^4... Done.
Start computing 5^11 Delta^9 (x1x2x3)^4... Done.
Start computing 5^12 Delta^10 (x1x2x3)^4... Done.
Start computing 5^13 Delta^11 (x1x2x3)^4... Done.
Start computing 5^14 Delta^12 (x1x2x3)^4... Done.
Start computing aa.
1 2 3 4 5 6 7 8 9 10 11 12 
*/
A = \
[481703919711549256464077671458413,467833521061298174282004301903640,649906966554273616803715838429221,288110400376856868495295023588795,163101800284046705286155722107370,409687634644389224803370294342530,678495515049908266744486823209315,505743799198030630898376500391295,422865445940632130190096700885005,481286899449673477580462975226150,239045863951013656883450614458425,509640999663117943166686784188075;\
451583415247372685822290936226602,546992863757031145908508905437785,195865854306404486260625274993859,615541918683272150026941371170230,38129530788750292816807964182130,76630601377272069545778294636920,150177698805533912054660142538735,539293893112613971538299655040480,252675029472116668414823925969495,110574152888029267981036353410350,597092743759235073937464867454325,659313236335049019947375001212925;\
608735547114368833002800604949521,585240296603085227977352508183455,615340614832332008199213591357632,376118769083730751688683122109415,695340782732201385517435448400315,426318948979473523562601396292435,324697214537727306519132717338680,280792727953415602640037608892890,17020467499041967796843550825035,128828930178927709423164834509675,486826977389054405911978150646350,500076594821841859906611292428650;\
692323544940963966602425443130959,347999432797663334991101666525190,682638995496630705039554411914513,360866400385845807914624987091185,619003205322650956369677995006260,447964662024561542396498273238765,125027822769059801101198840748195,276640742629943043663267309957485,547522747886483725580190405960265,679145130047820048360070500290325,379718497038014358743384925068650,38009356503737174507050783143600;\
178739174795671358061862264494941,213588613801808920624015580813590,270652713383812284291540201695002,252979135878024456101158885266890,571156965135276215465604757447990,12199904920236936980697829272510,696783551598970015605851866184780,255383428760006922657410339402590,362109836008485480882118126776785,420350407264938698436075996888675,432330888015840316270226304184975,483764804882467675716279333782400;\
690712219468229022424515385800678,107931700848571928753755076404235,27582253652455908971280387465586,299011418310730328535463284110495,411280115984322063490717763711595,410249830911088089253056222859830,128350145055646772896897723131590,357256524760895671933691038720320,48618129443630095317672313197855,437687856481416931130963562498025,426924968392066640879544691951925,614890090483603539263789268378950;\
645213119405853142205077759557908,430904845399330487322186007523230,81160764154859433012380866029181,705233603267596964648533996219495,472810126731410381238265609907570,269334149814531528390848781870980,321476893957759451288484764631415,309251256734960786267303262478945,266484582759918474709476426751455,538896214544696482018825352293900,538205167268504191087245001861675,562899571443930074908612874724825;\
611846351383129686249064041479029,564115716321196953890027286688525,421129584099679020886371751065433,218800949433671376101814216161510,266847826208504803670339358254485,607467886031942034547383154735665,162042944495549166448865788134520,296212901235637345720443639082835,372723144298713026926546471708515,325065532988866151227200302333325,393720961940893131661185463295775,224144879779646836957987451962850;\
93476878092274223987762947981976,706155043560124586168249270246250,206669712564637050357467625048427,332899338796258244336575136317215,475545097808365809984124639028590,575512027832983712854247776816335,212961127967650933894689215156105,339968233532649158321118226022390,233934138424068469378582729950635,447309977183844617803333864558675,465052740350261288754471818696600,682247342089392467987254350286025;\
576556635732283141704238393012357,22434547338774752736315224020330,493238423157297625798904606458654,328784995740453707219459789819280,277647821190109390387810346214355,509218476885391905591165057762770,537057535216908997508266754022185,582595670747908608793565320938930,374601699676143184257979550022070,38580834402030598198087133246225,152338944743946118276775206347200,380999802505352350031471024694675;\
430508739373087300490722697490114,292985914809650032907937560732210,539601567770950708480188143890808,226581377843059004623140787696435,377093814945295581945008862884460,29045617681339132122463628754615,250499870700850320823344627478270,298444499853016478622189340848460,648985276252361270419011950838365,429792026438314611204954834953700,571893835968405951678989924774775,259445175788285892110591123688475;\
151670754530754164565169840646455,464628658921242503928422230946925,380966196848350716549211087742085,394207423418502856974958765198075,488398299569092880489762010351325,566993470432518731592000605074900,598962547192875853512503326311850,473980278827911221831821296338125,500388057648942938518441352468350,668665724782330830315980108470625,609561041475645413375967293924750,16195917601455286071353260551875]
/* 
This matrix times 5^(-1) should be the matrix of frobenius.
*/ 
B = 5^(-1) * A; 
/* Freed 129 lists. */
