/* Comments begin... 
Coefficient of   x^27                     = 2
Coefficient of   x^14 * y^8               = 0
Coefficient of   x^12 * y^7 * z^1         = 0
Coefficient of   x^10 * y^6 * z^2         = 0
Coefficient of   x^8 * y^5 * z^3         = 0
Coefficient of   x^6 * y^4 * z^4         = 1
Coefficient of   x^4 * y^3 * z^5         = 0
Coefficient of   x^2 * y^2 * z^6         = -2
Coefficient of   x^1 * y^16               = 0
Coefficient of   y^1 * z^7               = 0

Here is the polynomial we're using this time:

2*x^27 + 1*x^6*y^4*z^4 + -2*x^2*y^2*z^6

Allocate G_len 20 elements and old = 0.
Allocate M_len = 400 elements.
Not smooth!
Coefficient of   x^27                     = 0
Coefficient of   x^14 * y^8               = 0
Coefficient of   x^12 * y^7 * z^1         = 1
Coefficient of   x^10 * y^6 * z^2         = 2
Coefficient of   x^8 * y^5 * z^3         = 2
Coefficient of   x^6 * y^4 * z^4         = 1
Coefficient of   x^4 * y^3 * z^5         = -2
Coefficient of   x^2 * y^2 * z^6         = 0
Coefficient of   x^1 * y^16               = -1
Coefficient of   y^1 * z^7               = 0

Here is the polynomial we're using this time:

1*x^12*y^7*z^1 + 2*x^10*y^6*z^2 + 2*x^8*y^5*z^3 + 1*x^6*y^4*z^4 + -2*x^4*y^3*z^5 + -1*x^1*y^16

Allocate G_len 40 elements and old = 20.
Allocate M_len = 800 elements.
Allocate G_len 80 elements and old = 40.
Not smooth!
Coefficient of   x^27                     = -2
Coefficient of   x^14 * y^8               = 1
Coefficient of   x^12 * y^7 * z^1         = 1
Coefficient of   x^10 * y^6 * z^2         = 0
Coefficient of   x^8 * y^5 * z^3         = 0
Coefficient of   x^6 * y^4 * z^4         = 0
Coefficient of   x^4 * y^3 * z^5         = 1
Coefficient of   x^2 * y^2 * z^6         = 1
Coefficient of   x^1 * y^16               = 1
Coefficient of   y^1 * z^7               = -2

Here is the polynomial we're using this time:

-2*x^27 + 1*x^14*y^8 + 1*x^12*y^7*z^1 + 1*x^4*y^3*z^5 + 1*x^2*y^2*z^6 + 1*x^1*y^16 + -2*y^1*z^7

Allocate M_len = 1600 elements.
Allocate M_len = 3200 elements.
Allocate G_len 160 elements and old = 80.
Allocate M_len = 6400 elements.
Allocate M_len = 12800 elements.
Allocate G_len 320 elements and old = 160.
Allocate M_len = 25600 elements.
The final length of G is 211
[12, 7, 0, 0]  	187	4 
[12, 6, 1, 0]  	203	6 
[26, 0, 0, 0]  	208	6  <--- 1
[8, 4, 6, 0]  	290	8 
[16, 3, 5, 0]  	312	8 
[18, 2, 5, 0]  	315	9 
[16, 2, 6, 0]  	328	8 
[12, 3, 7, 0]  	338	9 
[14, 2, 7, 0]  	341	8 
[9, 3, 8, 0]  	343	9 
[16, 1, 7, 0]  	344	9 
[11, 2, 8, 0]  	346	9 
[11, 20, 0, 0]  	348	10 
[11, 18, 1, 0]  	351	10 
[10, 19, 1, 0]  	356	9 
[7, 3, 9, 0]  	356	8 
[14, 1, 8, 0]  	357	8 
[10, 17, 2, 0]  	359	9 
[9, 2, 9, 0]  	359	8 
[11, 1, 9, 0]  	362	9 
[22, 1, 6, 0]  	363	11 
[9, 18, 2, 0]  	364	9 
[9, 16, 3, 0]  	367	8 
[11, 15, 3, 0]  	370	9 
[7, 2, 10, 0]  	372	8 
[14, 0, 9, 0]  	373	10 
[9, 1, 10, 0]  	375	9 
[18, 0, 8, 0]  	376	10 
[6, 3, 10, 0]  	377	8 
[22, 0, 7, 0]  	379	11 
[7, 16, 4, 0]  	380	8 
[9, 15, 4, 0]  	383	9 
[6, 17, 4, 0]  	385	7 
[11, 14, 4, 0]  	386	8 
[7, 12, 6, 0]  	386	8 
[7, 1, 11, 0]  	388	8 
[11, 12, 5, 0]  	389	9 
[7, 10, 7, 0]  	389	8 
[8, 14, 5, 0]  	391	8 
[8, 23, 1, 0]  	392	9 
[6, 2, 11, 0]  	393	7 
[4, 1, 12, 0]  	393	6 
[7, 26, 0, 0]  	394	7 
[7, 15, 5, 0]  	396	7 
[5, 14, 6, 0]  	396	6 
[9, 25, 0, 0]  	397	8 
[6, 9, 8, 0]  	397	7 
[10, 0, 11, 0]  	399	7 
[5, 12, 7, 0]  	399	6 
[6, 7, 9, 0]  	400	7 
[6, 16, 5, 0]  	401	6 
[4, 15, 6, 0]  	401	6 
[5, 10, 8, 0]  	402	6 
[7, 0, 12, 0]  	404	6 
[4, 13, 7, 0]  	404	5 
[5, 8, 9, 0]  	405	6 
[3, 16, 6, 0]  	406	6 
[4, 11, 8, 0]  	407	5 
[8, 22, 2, 0]  	408	7 
[5, 6, 10, 0]  	408	6 
[4, 29, 0, 0]  	409	6 
[7, 25, 1, 0]  	410	6 
[4, 9, 9, 0]  	410	5 
[6, 28, 0, 0]  	412	6 
[7, 23, 2, 0]  	413	5 
[4, 7, 10, 0]  	413	5 
[3, 1, 13, 0]  	414	5 
[6, 26, 1, 0]  	415	6 
[5, 20, 4, 0]  	416	7 
[5, 0, 13, 0]  	417	5 
[6, 24, 2, 0]  	418	5 
[5, 27, 1, 0]  	420	4 
[6, 22, 3, 0]  	421	6 
[3, 15, 7, 0]  	422	5 
[5, 25, 2, 0]  	423	5 
[4, 28, 1, 0]  	425	4 
[3, 13, 8, 0]  	425	4 
[3, 22, 4, 0]  	426	4 
[4, 26, 2, 0]  	428	4 
[3, 11, 9, 0]  	428	4 
[4, 6, 11, 0]  	429	6 
[3, 29, 1, 0]  	430	5 
[4, 24, 3, 0]  	431	4 
[3, 9, 10, 0]  	431	4 
[3, 27, 2, 0]  	433	3 
[2, 12, 9, 0]  	433	3 
[3, 7, 11, 0]  	434	4 
[3, 5, 12, 0]  	437	5 
[4, 0, 14, 0]  	438	4 
[2, 8, 11, 0]  	439	3 
[2, 26, 3, 0]  	441	3 
[3, 21, 5, 0]  	442	4 
[2, 6, 12, 0]  	442	4 
[2, 15, 8, 0]  	443	4 
[2, 22, 5, 0]  	447	3 
[2, 11, 10, 0]  	449	3 
[2, 20, 6, 0]  	450	4 
[2, 29, 2, 0]  	451	4 
[1, 23, 5, 0]  	452	2 
[1, 21, 6, 0]  	455	3 
[2, 25, 4, 0]  	457	2 
[1, 10, 11, 0]  	457	2 
[2, 34, 0, 0]  	458	4 
[2, 5, 13, 0]  	458	4 
[3, 0, 15, 0]  	459	3 
[1, 8, 12, 0]  	460	2 
[2, 1, 15, 0]  	464	4 
[0, 9, 12, 0]  	465	1 
[2, 19, 7, 0]  	466	4 
[0, 36, 0, 0]  	468	2  <--- 2
[1, 20, 7, 0]  	471	3 
[1, 29, 3, 0]  	472	3 
[0, 23, 6, 0]  	473	1 
[2, 33, 1, 0]  	474	4 
[2, 4, 14, 0]  	474	4 
[1, 7, 13, 0]  	476	2 
[1, 34, 1, 0]  	479	3 
[2, 0, 16, 0]  	480	3 
[0, 8, 13, 0]  	481	1 
[0, 35, 1, 0]  	484	2 
[1, 19, 8, 0]  	487	3 
[0, 22, 7, 0]  	489	1 
[1, 6, 14, 0]  	492	2 
[1, 15, 10, 0]  	493	3 
[1, 33, 2, 0]  	495	3 
[0, 7, 14, 0]  	497	1 
[0, 34, 2, 0]  	500	2 
[1, 18, 9, 0]  	503	3 
[0, 21, 8, 0]  	505	1 
[1, 5, 15, 0]  	508	2 
[0, 6, 15, 0]  	513	1 
[0, 33, 3, 0]  	516	2 
[0, 20, 9, 0]  	521	1 
[0, 29, 5, 0]  	522	2 
[1, 4, 16, 0]  	524	2 
[0, 5, 16, 0]  	529	1 
[1, 0, 18, 0]  	530	1 
[0, 32, 4, 0]  	532	2 
[0, 19, 10, 0]  	537	1 
[0, 4, 17, 0]  	545	1 
[0, 0, 19, 0]  	551	1  <--- 3
[0, 18, 11, 0]  	553	1 
[0, 3, 18, 0]  	561	1 
[6, 4, 4, 1]  	216	5 
[7, 18, 0, 1]  	290	8 
[18, 3, 4, 1]  	299	8 
[14, 3, 6, 1]  	325	8 
[11, 3, 7, 1]  	330	10 
[11, 17, 1, 1]  	338	10 
[11, 16, 2, 1]  	354	9 
[7, 17, 3, 1]  	364	8 
[6, 18, 3, 1]  	369	7 
[5, 17, 4, 1]  	377	7 
[11, 0, 10, 1]  	378	9 
[8, 0, 11, 1]  	383	7 
[5, 2, 11, 1]  	385	6 
[4, 16, 5, 1]  	385	6 
[6, 26, 0, 1]  	386	7 
[5, 0, 12, 1]  	388	6 
[6, 24, 1, 1]  	389	7 
[5, 27, 0, 1]  	391	6 
[6, 22, 2, 1]  	392	7 
[5, 25, 1, 1]  	394	6 
[5, 23, 2, 1]  	397	6 
[5, 21, 3, 1]  	400	6 
[3, 29, 0, 1]  	401	5 
[4, 0, 13, 1]  	409	5 
[4, 27, 1, 1]  	412	5 
[4, 25, 2, 1]  	415	5 
[4, 5, 11, 1]  	416	6 
[4, 23, 3, 1]  	418	5 
[3, 26, 2, 1]  	420	4 
[4, 21, 4, 1]  	421	5 
[3, 24, 3, 1]  	423	4 
[2, 30, 1, 1]  	435	5 
[2, 10, 10, 1]  	436	3 
[2, 24, 4, 1]  	444	3 
[1, 25, 4, 1]  	449	2 
[1, 0, 17, 1]  	501	2 
[9, 17, 2, 2]  	351	9 
[6, 1, 11, 2]  	380	7 
[3, 28, 1, 2]  	417	4 
[3, 20, 5, 2]  	429	5 
[3, 0, 14, 2]  	430	4 
[1, 35, 0, 2]  	463	3 
[2, 33, 0, 3]  	445	5 
[4, 10, 8, 47]  	394	5 
[2, 4, 13, 47]  	445	4 
[12, 2, 7, 48]  	325	6 
[8, 2, 9, 48]  	351	7 
[4, 10, 7, 48]  	365	5 
[5, 24, 1, 48]  	381	6 
[3, 1, 12, 48]  	385	5 
[5, 7, 9, 48]  	392	5 
[2, 4, 12, 48]  	416	4 
[2, 13, 8, 48]  	417	3 
[1, 6, 13, 48]  	463	2 
[2, 2, 6, 49]  	216	3 
[5, 18, 0, 49]  	274	5 
[16, 2, 5, 49]  	299	5 
[16, 1, 6, 49]  	315	7 
[14, 1, 7, 49]  	328	6 
[10, 17, 1, 49]  	330	6 
[12, 1, 8, 49]  	341	5 
[14, 0, 8, 49]  	344	7 
[10, 1, 9, 49]  	354	4 
[11, 14, 3, 49]  	357	5 
[4, 15, 5, 49]  	372	5 
[2, 1, 12, 49]  	377	3 
[1, 24, 4, 49]  	436	2 
[0, 9, 11, 49]  	436	1 
------
The gap is between 4 and 46.
Lengths: 3 3 6 9 3 3.
For 490 = 5*d/2-d1-d2-d3 you get 3 in char 0.
1*x^1*y^17*z^9
1*y^31*z^3
1*y^2*z^16

For 274 = 3*d/2-d1-d2-d3 you get 6 in char 0.
1*x^5*y^18
1*x^4*y^3*z^7
1*x^3*y^17*z^1
1*x^2*y^2*z^8
1*x^1*y^16*z^2
1*y^1*z^9

For 58 = d/2-d1-d2-d3 you get 3 in char 0.
1*x^4*y^2
1*x^2*y^1*z^1
1*z^2

Extra powers of p used 2.
The invariant extra is equal to 4.
Start computing 5^3 Delta^1 (x1x2x3)^4... Done.
Start computing 5^4 Delta^2 (x1x2x3)^4... Done.
Start computing 5^5 Delta^3 (x1x2x3)^4... Done.
Start computing 5^6 Delta^4 (x1x2x3)^4... Done.
Start computing 5^7 Delta^5 (x1x2x3)^4... Done.
Start computing 5^8 Delta^6 (x1x2x3)^4... Done.
Start computing 5^9 Delta^7 (x1x2x3)^4... Done.
Start computing 5^10 Delta^8 (x1x2x3)^4... Done.
Start computing 5^11 Delta^9 (x1x2x3)^4... Done.
Start computing 5^12 Delta^10 (x1x2x3)^4... Done.
Start computing 5^13 Delta^11 (x1x2x3)^4... Done.
Start computing 5^14 Delta^12 (x1x2x3)^4... Done.
Start computing aa.
1 2 3 4 5 6 7 8 9 10 11 12 
*/
A = \
[250560869407554240504414236627225,2968312331437026079735849684019875,600146508162929858171156171096250,1282059510573520885112652351018000,269217341507439518939742903298500,1048174965582318177960659387332250,3250836414215687928108622414572000,215893435438551204568860697295000,319024629451718793813705719499750,1740834182070282682863718895377500,1571419051411137175586654671703750,3218200170040790474912649378371875;\
2390339687534013099051180956158575,1685754396130167054077452529904775,3446149772450606963997537740026675,115932626155270970090132415444125,1906875843137344787998689134751250,2270895215972593019635010475356625,2702711383168408427328308413403375,3253013682566291098239767404611625,2218734471469656708202814126416625,492344510352420553852084307556875,3050835793912152109563129253440000,1423860596025378884086000655833125;\
1151721654083198169751367282325200,2902076403557377633412418547526550,3456533388467878734794483942341200,2856083666760608482757504279343250,3017471098420877808266483891166875,1170488440631950213729419448774375,2787147732608906456251886799858750,2098242635121518101351452677044125,1020006876526708212731445359077125,1284837043913094344288009685058125,1909807965554863776583428973128750,2961918373647514653389879608004375;\
1999849863320026688114339539371350,818902204184756830026306978238665,2110517845960629496479964219785455,1284790623054393434183049170990675,796166306227795417875668869469050,3047186783505379659201795628606700,1662292758541579693600536057362950,1481707033481281148636041876868750,3352892139755679953522674433871225,3156584977184719518863252250817500,1174745262817220912093511821959750,1757321477299472075244710032876000;\
3293480262081744037076381009642435,2579176452935639896171011135807550,3304936179526796287871102218476810,3519634091122906964153195744214525,2213065286803451897006182663210500,428346412962928397591636316337950,2610790112355428718596967215674675,3335596834567898220822942566132900,2446712697910101533458155394854875,3541849645738015557649869688525000,651088906153385086873184107857375,142822468861100215585252284334250;\
3007224225979066951811135506977055,937484777017532748769003178061160,350876045274557147189286924492825,315231098328433078011220086760775,2212729788427271565317610875053200,3163174059239274640877689056237650,749671133459705473780782243028450,3003244863415501784889285733447575,1744136850352234040606089694783525,1892159373428001340586398415689375,2238817145777589747318786902179250,3341242216465111015785454192548000;\
1032634736672945704841199230188675,3286978231432581749187246894935689,973544668726439559585704816908358,1773915996465895875974087948821955,76535196722177636486812695057505,553573183332440649341614666016570,1715294064458352150935426580972945,2319602231027604017229597009084825,815320652712760877050833692958685,2149104149983189769273052413859000,3014508203532108487663895031422725,941152337415101869060337780601225;\
1440992722574531155305077498467310,3423737532750171002903784882891712,3025115654074009997460189548111399,242379530345382573022553656824040,579491374537225865584222856024415,232110966514012386112452618425260,3133834666315702326801962341908235,1253975380508941559389704500292625,1830047409332382024471229202948230,2367964943926106225497281361588250,587973327431338200462800047837300,3259328915716455911739815853826550;\
2673733610466710866953218134669960,2002405393059674661303714507784472,1812492447180217642732811457311944,3012875856091810070626114343992490,1186974161351014734613572816622865,2403437504635205201084885059334810,2239245035551055047016892009861535,1495949787936028652688956090798375,2606891675570901216128243128703755,1043890573056208568271398549717625,388054671909890280284379641446300,399728681197377848079267755113050;\
1655195964087758835284457316827455,2375816566348491251682892729076005,1323469419532699690212266395111015,1248348911608397993224613883584550,2687749503145026412302954114465600,3119964865500964887782608034749875,1584385339875777263111455207167175,2327063897641675256036989897459950,2469034660279580708249038104055700,337507120487201415265895659420000,3130302158425565004096501711933500,2355028221096670616057646638911000;\
3260272249572125876258327974472090,1603213950420380411366403620969764,1296302270885576828724144876425648,2400108031239952902383660535848680,1201735277175767149132152056558755,2889464583736349823396126531967745,1440111647147986975276754927277520,106559864480600673725492364851425,1150366559131395749844341045678935,2454819806480079571622165928712125,724057395184590411025809352725350,2122369260270882993003060958276350;\
3266125252533546640403362711937900,867465657186289063010562895856180,605840653860384153876653311514110,1704932469177587975052056558786225,494285371600120163412728867617475,3294719631294821008221391174023275,39272652559019013064671349326025,585154002359292054493993675631875,2967958703987379049114938462125950,912831592986799142101297482690000,1993895820879269156499232436443875,689872141912675869799672127792000]
/* 
This matrix times 5^(-2) should be the matrix of frobenius.
*/ 
B = 5^(-2) * A; 
/* Freed 131 lists. */
