/* Comments begin... 
Coefficient of   x^27                     = -1
Coefficient of   x^14 * y^8               = -1
Coefficient of   x^12 * y^7 * z^1         = -2
Coefficient of   x^10 * y^6 * z^2         = -1
Coefficient of   x^8 * y^5 * z^3         = 1
Coefficient of   x^6 * y^4 * z^4         = 0
Coefficient of   x^4 * y^3 * z^5         = -1
Coefficient of   x^2 * y^2 * z^6         = 0
Coefficient of   x^1 * y^16               = 0
Coefficient of   y^1 * z^7               = 0

Here is the polynomial we're using this time:

-1*x^27 + -1*x^14*y^8 + -2*x^12*y^7*z^1 + -1*x^10*y^6*z^2 + 1*x^8*y^5*z^3 + -1*x^4*y^3*z^5

Allocate G_len 20 elements and old = 0.
Allocate M_len = 400 elements.
Allocate G_len 40 elements and old = 20.
Allocate M_len = 800 elements.
Allocate G_len 80 elements and old = 40.
Not smooth!
Coefficient of   x^27                     = 2
Coefficient of   x^14 * y^8               = 2
Coefficient of   x^12 * y^7 * z^1         = -1
Coefficient of   x^10 * y^6 * z^2         = 2
Coefficient of   x^8 * y^5 * z^3         = -1
Coefficient of   x^6 * y^4 * z^4         = 2
Coefficient of   x^4 * y^3 * z^5         = 1
Coefficient of   x^2 * y^2 * z^6         = 2
Coefficient of   x^1 * y^16               = -1
Coefficient of   y^1 * z^7               = -2

Here is the polynomial we're using this time:

2*x^27 + 2*x^14*y^8 + -1*x^12*y^7*z^1 + 2*x^10*y^6*z^2 + -1*x^8*y^5*z^3 + 2*x^6*y^4*z^4 + 1*x^4*y^3*z^5 + 2*x^2*y^2*z^6 + -1*x^1*y^16 + -2*y^1*z^7

Allocate M_len = 1600 elements.
Allocate M_len = 3200 elements.
Allocate G_len 160 elements and old = 80.
Allocate M_len = 6400 elements.
Allocate M_len = 12800 elements.
Allocate G_len 320 elements and old = 160.
The final length of G is 167
[12, 7, 0, 0]  	187	7 
[12, 6, 1, 0]  	203	8 
[26, 0, 0, 0]  	208	8  <--- 1
[10, 6, 2, 0]  	216	7 
[10, 5, 3, 0]  	232	8 
[8, 5, 4, 0]  	245	7 
[6, 4, 6, 0]  	274	7 
[22, 5, 2, 0]  	299	13 
[7, 19, 0, 0]  	303	7 
[22, 4, 3, 0]  	315	12 
[14, 3, 6, 0]  	325	11 
[20, 4, 4, 0]  	328	12 
[11, 3, 7, 0]  	330	10 
[22, 3, 4, 0]  	331	11 
[11, 17, 1, 0]  	338	10 
[14, 2, 7, 0]  	341	10 
[9, 3, 8, 0]  	343	9 
[20, 3, 5, 0]  	344	10 
[18, 2, 6, 0]  	344	10 
[11, 2, 8, 0]  	346	9 
[22, 2, 5, 0]  	347	10 
[9, 17, 2, 0]  	351	9 
[10, 1, 9, 0]  	354	9 
[8, 18, 2, 0]  	356	8 
[7, 3, 9, 0]  	356	8 
[9, 2, 9, 0]  	359	8 
[8, 16, 3, 0]  	359	8 
[18, 1, 7, 0]  	360	9 
[7, 17, 3, 0]  	364	8 
[8, 1, 10, 0]  	367	8 
[6, 18, 3, 0]  	369	7 
[10, 0, 10, 0]  	370	8 
[7, 2, 10, 0]  	372	7 
[6, 16, 4, 0]  	372	7 
[14, 0, 9, 0]  	373	8 
[7, 0, 11, 0]  	375	7 
[18, 0, 8, 0]  	376	8 
[6, 3, 10, 0]  	377	7 
[5, 17, 4, 0]  	377	7 
[24, 1, 6, 0]  	379	8 
[22, 0, 7, 0]  	379	8 
[6, 1, 11, 0]  	380	7 
[7, 14, 5, 0]  	383	7 
[5, 2, 11, 0]  	385	6 
[4, 16, 5, 0]  	385	6 
[6, 15, 5, 0]  	388	6 
[5, 0, 12, 0]  	388	6 
[6, 24, 1, 0]  	389	7 
[5, 27, 0, 0]  	391	6 
[4, 1, 12, 0]  	393	6 
[5, 25, 1, 0]  	394	6 
[5, 14, 6, 0]  	396	6 
[5, 23, 2, 0]  	397	6 
[5, 12, 7, 0]  	399	6 
[5, 21, 3, 0]  	400	6 
[4, 15, 6, 0]  	401	5 
[3, 29, 0, 0]  	401	5 
[5, 10, 8, 0]  	402	6 
[4, 13, 7, 0]  	404	5 
[5, 8, 9, 0]  	405	6 
[3, 16, 6, 0]  	406	6 
[4, 11, 8, 0]  	407	5 
[5, 6, 10, 0]  	408	6 
[4, 0, 13, 0]  	409	5 
[4, 9, 9, 0]  	410	5 
[4, 27, 1, 0]  	412	5 
[4, 7, 10, 0]  	413	5 
[3, 1, 13, 0]  	414	5 
[4, 25, 2, 0]  	415	5 
[4, 5, 11, 0]  	416	6 
[3, 28, 1, 0]  	417	4 
[3, 26, 2, 0]  	420	4 
[4, 21, 4, 0]  	421	5 
[3, 15, 7, 0]  	422	5 
[3, 24, 3, 0]  	423	4 
[3, 13, 8, 0]  	425	4 
[3, 22, 4, 0]  	426	4 
[3, 11, 9, 0]  	428	4 
[3, 20, 5, 0]  	429	5 
[3, 0, 14, 0]  	430	4 
[3, 9, 10, 0]  	431	4 
[3, 7, 11, 0]  	434	4 
[2, 10, 10, 0]  	436	3 
[3, 5, 12, 0]  	437	5 
[2, 8, 11, 0]  	439	3 
[2, 6, 12, 0]  	442	4 
[2, 15, 8, 0]  	443	4 
[2, 33, 0, 0]  	445	5 
[2, 20, 6, 0]  	450	4 
[1, 23, 5, 0]  	452	2 
[1, 21, 6, 0]  	455	3 
[1, 10, 11, 0]  	457	2 
[1, 8, 12, 0]  	460	2 
[1, 35, 0, 0]  	463	3 
[2, 1, 15, 0]  	464	4 
[0, 9, 12, 0]  	465	1 
[2, 19, 7, 0]  	466	4 
[0, 36, 0, 0]  	468	2  <--- 2
[1, 20, 7, 0]  	471	3 
[0, 23, 6, 0]  	473	1 
[2, 4, 14, 0]  	474	4 
[1, 7, 13, 0]  	476	2 
[2, 0, 16, 0]  	480	3 
[0, 8, 13, 0]  	481	1 
[0, 35, 1, 0]  	484	2 
[1, 19, 8, 0]  	487	3 
[0, 22, 7, 0]  	489	1 
[1, 6, 14, 0]  	492	2 
[1, 15, 10, 0]  	493	3 
[1, 33, 2, 0]  	495	3 
[0, 7, 14, 0]  	497	1 
[0, 34, 2, 0]  	500	2 
[1, 0, 17, 0]  	501	2 
[1, 18, 9, 0]  	503	3 
[0, 21, 8, 0]  	505	1 
[1, 5, 15, 0]  	508	2 
[0, 6, 15, 0]  	513	1 
[0, 33, 3, 0]  	516	2 
[0, 20, 9, 0]  	521	1 
[0, 29, 5, 0]  	522	2 
[0, 5, 16, 0]  	529	1 
[0, 19, 10, 0]  	537	1 
[0, 4, 17, 0]  	545	1 
[0, 0, 19, 0]  	551	1  <--- 3
[0, 18, 11, 0]  	553	1 
[0, 3, 18, 0]  	561	1 
[8, 4, 5, 1]  	261	8 
[7, 18, 0, 1]  	290	8 
[18, 4, 4, 1]  	312	12 
[18, 3, 5, 1]  	328	11 
[14, 1, 8, 1]  	357	9 
[22, 1, 6, 1]  	363	9 
[6, 26, 0, 1]  	386	7 
[6, 22, 2, 1]  	392	7 
[4, 23, 3, 1]  	418	5 
[2, 12, 9, 1]  	433	3 
[2, 30, 1, 1]  	435	5 
[2, 26, 3, 1]  	441	3 
[2, 24, 4, 1]  	444	3 
[2, 22, 5, 1]  	447	3 
[1, 25, 4, 1]  	449	2 
[2, 29, 2, 1]  	451	4 
[2, 5, 13, 1]  	458	4 
[1, 29, 3, 1]  	472	3 
[1, 34, 1, 1]  	479	3 
[1, 4, 16, 1]  	524	2 
[0, 32, 4, 1]  	532	2 
[6, 3, 6, 49]  	261	6 
[14, 2, 6, 49]  	312	9 
[12, 2, 7, 49]  	325	6 
[10, 0, 9, 49]  	341	7 
[8, 17, 2, 49]  	343	8 
[20, 0, 7, 49]  	363	8 
[5, 10, 7, 49]  	373	5 
[5, 24, 1, 49]  	381	4 
[5, 7, 9, 49]  	392	4 
[3, 8, 10, 49]  	418	3 
[0, 11, 10, 49]  	433	1 
[2, 1, 14, 49]  	435	3 
[0, 23, 5, 49]  	444	1 
[1, 7, 12, 49]  	447	2 
[0, 10, 11, 49]  	449	1 
[2, 0, 15, 49]  	451	3 
[1, 19, 7, 49]  	458	3 
[1, 15, 9, 49]  	464	2 
[1, 5, 14, 49]  	479	2 
[0, 0, 17, 49]  	493	1 
------
The gap is between 2 and 48.
Lengths: 3 3 6 6 3 4.
For 490 = 5*d/2-d1-d2-d3 you get 3 in char 0.
1*x^1*y^17*z^9
1*y^31*z^3
1*y^2*z^16

For 274 = 3*d/2-d1-d2-d3 you get 6 in char 0.
1*x^5*y^18
1*x^4*y^3*z^7
1*x^3*y^17*z^1
1*x^2*y^2*z^8
1*x^1*y^16*z^2
1*y^1*z^9

For 58 = d/2-d1-d2-d3 you get 3 in char 0.
1*x^4*y^2
1*x^2*y^1*z^1
1*z^2

Extra powers of p used 1.
The invariant extra is equal to 4.
Start computing 5^3 Delta^1 (x1x2x3)^4... Done.
Start computing 5^4 Delta^2 (x1x2x3)^4... Done.
Start computing 5^5 Delta^3 (x1x2x3)^4... Done.
Start computing 5^6 Delta^4 (x1x2x3)^4... Done.
Start computing 5^7 Delta^5 (x1x2x3)^4... Done.
Start computing 5^8 Delta^6 (x1x2x3)^4... Done.
Start computing 5^9 Delta^7 (x1x2x3)^4... Done.
Start computing 5^10 Delta^8 (x1x2x3)^4... Done.
Start computing 5^11 Delta^9 (x1x2x3)^4... Done.
Start computing 5^12 Delta^10 (x1x2x3)^4... Done.
Start computing 5^13 Delta^11 (x1x2x3)^4... Done.
Start computing 5^14 Delta^12 (x1x2x3)^4... Done.
Start computing aa.
1 2 3 4 5 6 7 8 9 10 11 12 
*/
A = \
[683179339970900238817002410013201,92008226758863958540872943829880,349119024838177678994899577543902,36105188219883444735125191514220,47902124741775310003418886569820,660235443488116877798418404699495,289060027313175489189792672401775,674533735403761933262434738647880,141195516531590585017087591447755,132197265504207698806909147439250,154412480686395252515112329337025,42030140283800271193290421616800;\
644700650748733701543018083371005,198436488465679900490605015788875,135752900397961032466558101146585,153206163580367139667504227745600,31368086036019634597023231338350,204878320581850588384302536907600,24882977396156311470562741026025,356872698751345627037465719819225,666626157853627059424640782317250,136183243723865737377556077418125,620929796086340888898115484642500,302795245733293860192807031027375;\
223083701018899838299351504814257,52137854343220723349731557883650,139276377198626999058037352652139,169773904222240085398833127309365,149543236009016157225314223206615,374858564506498588866185473127965,244452364098698166226246120380150,193443086752551538174196631418085,653151673410409588282725709121660,446484196506359378168832723853500,588170970670449716069335180637175,445007291312410563778803212629600;\
9659448060261665505675932231100,369320741563837411007639333539500,94595613146133373679145998380975,157577655312070629654107865727400,291702599025915101816580716447650,487621089649006192485746466644875,574675329164379803957133182629000,14926641775700540074771486654575,440764553977688477231668506069775,301702409386233183323564166902125,214833062595908871599347404824125,168109088239123196817295303451125;\
231547453990601259030261701936101,489149613465364194457850878841480,207829905730361336277836275341502,442006279359771972103928833732370,236449924737787586425012154393120,98277809452486423198973301558720,234837258356175863660456523324625,559634187629802740534530653096005,501250852095222423351801435299730,708780099591806550319531247140625,60750700536321679215611609932275,194966870507283448326601976772550;\
433761990966891120651842012933715,37344977244789415739554703838720,537954243254316020348710782028155,408896580023928849464924083360500,107896310390817643323785216458450,569970694879704836323306583575175,706627775968055665593733297413600,126484891468431787610759682341650,584669861774004835716499348263575,630742665038107324983268283762875,186693822581560268515142756562500,393007400201387723264667132834000;\
410300774713059193682684148915866,93966228664909835327087623302375,589151402653098999371171964285632,200609800134778547776894365564645,152323294255903292060127523822870,552340380018714280481826083943595,32766323365098651354304419186950,180964598879693030580034857685430,481524386673805546089504662167505,279549010591144426633040931983875,97772396635526129124344264534900,123656921761705832394470349762675;\
11976319736256403469828617237714,662226915594530057334674805383315,623746278049562608786402559724878,136431425853514603225978195025055,272987324014072443095700217433805,337257116613277581072504172414855,132634202778542127326955018023775,564642205602147006775898941146995,287688113845941394551795182005595,128806128620426476172868613388500,514336804828819481109164541100475,685077920744495410866553890688075;\
461160273635796648994335821230492,448849639532518900986883265446645,329782862111270355213246349940134,22003271609469956498109846372640,454956816032397508180173033006165,695510633630647690144089882193265,652723208659499546569011973710575,290708044961542887520359509929735,690948069591619468686159216548260,153659492731901774848489689687875,286114707986862370308800409149925,147099076473082803742060581505600;\
338070078630151273979439194416780,333278251096309351121071000038025,681837531798704149295686227103310,541042141517912898358256176500075,383925487412324913715953792542400,311041456999544180269667206808325,451522503025242305754480911370825,191047042932133006474381028507725,639103891211065314438571230734525,41766924882115733601068106161500,67387288595112436547518802453375,587456768530756038087311381141000;\
116940446007378015599421373235344,618698817458135703443723412227395,410494820265604328343863162763,104706252710128828065419857234180,701230710770266190328601386441105,619998234224892160809326848292455,378060002176600308174551808871925,437604487463192017647348832017895,10462496347901677087449864630245,316193420592466042217303928633250,121559527541365288589258933164475,547718413943767943628678117533075;\
580685465313768770726293361788143,76078326911881239245932613827440,561608927508948927146144390375811,147193564563704985642244468919985,1730118903775712612022418014635,503348213853009724801588013524910,465446655766282212335948871627650,497535108393661780826778545269115,702636786448700214438313956334890,159123105837285718057232969194250,514706371312136943572186451398325,187027434026077109808146960626275]
/* 
This matrix times 5^(-1) should be the matrix of frobenius.
*/ 
B = 5^(-1) * A; 
/* Freed 130 lists. */
