/* Comments begin... 
Coefficient of   x^27                     = -2
Coefficient of   x^14 * y^8               = 2
Coefficient of   x^12 * y^7 * z^1         = 0
Coefficient of   x^10 * y^6 * z^2         = 0
Coefficient of   x^8 * y^5 * z^3         = 1
Coefficient of   x^6 * y^4 * z^4         = 2
Coefficient of   x^4 * y^3 * z^5         = 2
Coefficient of   x^2 * y^2 * z^6         = -1
Coefficient of   x^1 * y^16               = -2
Coefficient of   y^1 * z^7               = -2

Here is the polynomial we're using this time:

-2*x^27 + 2*x^14*y^8 + 1*x^8*y^5*z^3 + 2*x^6*y^4*z^4 + 2*x^4*y^3*z^5 + -1*x^2*y^2*z^6 + -2*x^1*y^16 + -2*y^1*z^7

Allocate G_len 20 elements and old = 0.
Allocate M_len = 400 elements.
Allocate G_len 40 elements and old = 20.
Allocate M_len = 800 elements.
Allocate G_len 80 elements and old = 40.
Allocate M_len = 1600 elements.
Allocate M_len = 3200 elements.
Allocate G_len 160 elements and old = 80.
Allocate M_len = 6400 elements.
Allocate M_len = 12800 elements.
Allocate G_len 320 elements and old = 160.
The final length of G is 151
[8, 5, 2, 0]  	187	5 
[14, 7, 0, 0]  	203	7 
[26, 0, 0, 0]  	208	7  <--- 1
[8, 4, 5, 0]  	261	6 
[6, 4, 6, 0]  	274	5 
[6, 3, 7, 0]  	290	6 
[4, 3, 8, 0]  	303	5 
[18, 4, 4, 0]  	312	10 
[5, 17, 2, 0]  	319	6 
[14, 3, 6, 0]  	325	10 
[18, 3, 5, 0]  	328	11 
[24, 4, 3, 0]  	331	10 
[22, 3, 4, 0]  	331	10 
[14, 2, 7, 0]  	341	10 
[7, 2, 9, 0]  	343	7 
[11, 2, 8, 0]  	346	8 
[22, 2, 5, 0]  	347	9 
[5, 2, 10, 0]  	356	6 
[14, 1, 8, 0]  	357	9 
[7, 1, 10, 0]  	359	7 
[20, 2, 6, 0]  	360	9 
[18, 1, 7, 0]  	360	9 
[22, 1, 6, 0]  	363	8 
[12, 1, 9, 0]  	370	8 
[10, 0, 10, 0]  	370	8 
[6, 16, 4, 0]  	372	6 
[5, 1, 11, 0]  	372	6 
[14, 0, 9, 0]  	373	8 
[18, 0, 8, 0]  	376	8 
[4, 2, 11, 0]  	377	5 
[22, 0, 7, 0]  	379	7 
[8, 0, 11, 0]  	383	7 
[7, 14, 5, 0]  	383	7 
[4, 16, 5, 0]  	385	5 
[3, 1, 12, 0]  	385	5 
[6, 26, 0, 0]  	386	7 
[6, 15, 5, 0]  	388	6 
[5, 0, 12, 0]  	388	6 
[8, 25, 0, 0]  	389	7 
[5, 27, 0, 0]  	391	6 
[10, 24, 0, 0]  	392	6 
[5, 14, 6, 0]  	396	6 
[5, 12, 7, 0]  	399	6 
[4, 15, 6, 0]  	401	6 
[6, 25, 1, 0]  	402	6 
[4, 13, 7, 0]  	404	5 
[8, 24, 1, 0]  	405	6 
[3, 16, 6, 0]  	406	5 
[5, 26, 1, 0]  	407	5 
[4, 29, 0, 0]  	409	5 
[4, 0, 13, 0]  	409	5 
[4, 27, 1, 0]  	412	5 
[3, 30, 0, 0]  	414	5 
[4, 25, 2, 0]  	415	5 
[3, 19, 5, 0]  	416	5 
[4, 23, 3, 0]  	418	5 
[3, 26, 2, 0]  	420	4 
[3, 15, 7, 0]  	422	5 
[3, 24, 3, 0]  	423	4 
[3, 22, 4, 0]  	426	4 
[3, 11, 9, 0]  	428	4 
[3, 0, 14, 0]  	430	4 
[3, 9, 10, 0]  	431	4 
[3, 7, 11, 0]  	434	4 
[2, 30, 1, 0]  	435	5 
[2, 10, 10, 0]  	436	3 
[2, 26, 3, 0]  	441	3 
[2, 6, 12, 0]  	442	4 
[2, 24, 4, 0]  	444	3 
[2, 33, 0, 0]  	445	5 
[2, 22, 5, 0]  	447	3 
[1, 25, 4, 0]  	449	2 
[2, 20, 6, 0]  	450	4 
[2, 29, 2, 0]  	451	4 
[1, 23, 5, 0]  	452	2 
[1, 21, 6, 0]  	455	3 
[1, 10, 11, 0]  	457	2 
[2, 5, 13, 0]  	458	4 
[1, 8, 12, 0]  	460	2 
[1, 35, 0, 0]  	463	3 
[2, 1, 15, 0]  	464	4 
[0, 9, 12, 0]  	465	1 
[2, 19, 7, 0]  	466	4 
[0, 36, 0, 0]  	468	2  <--- 2
[1, 20, 7, 0]  	471	3 
[2, 15, 9, 0]  	472	3 
[1, 29, 3, 0]  	472	3 
[0, 23, 6, 0]  	473	1 
[2, 4, 14, 0]  	474	4 
[1, 7, 13, 0]  	476	2 
[1, 34, 1, 0]  	479	3 
[2, 0, 16, 0]  	480	3 
[0, 8, 13, 0]  	481	1 
[1, 19, 8, 0]  	487	3 
[0, 22, 7, 0]  	489	1 
[1, 6, 14, 0]  	492	2 
[1, 15, 10, 0]  	493	3 
[1, 33, 2, 0]  	495	3 
[0, 7, 14, 0]  	497	1 
[0, 34, 2, 0]  	500	2 
[1, 0, 17, 0]  	501	2 
[1, 18, 9, 0]  	503	3 
[0, 21, 8, 0]  	505	1 
[1, 5, 15, 0]  	508	2 
[0, 6, 15, 0]  	513	1 
[0, 33, 3, 0]  	516	2 
[0, 20, 9, 0]  	521	1 
[0, 29, 5, 0]  	522	2 
[1, 4, 16, 0]  	524	2 
[0, 5, 16, 0]  	529	1 
[0, 32, 4, 0]  	532	2 
[0, 19, 10, 0]  	537	1 
[0, 4, 17, 0]  	545	1 
[0, 0, 19, 0]  	551	1  <--- 3
[0, 18, 11, 0]  	553	1 
[0, 3, 18, 0]  	561	1 
[20, 4, 3, 1]  	299	11 
[13, 18, 0, 1]  	338	9 
[18, 2, 6, 1]  	344	10 
[13, 17, 1, 1]  	354	9 
[4, 17, 4, 1]  	369	5 
[7, 0, 11, 1]  	375	7 
[3, 29, 0, 1]  	401	5 
[3, 28, 1, 1]  	417	4 
[2, 12, 9, 1]  	433	3 
[2, 8, 11, 1]  	439	3 
[2, 15, 8, 1]  	443	4 
[0, 35, 1, 1]  	484	2 
[11, 1, 9, 2]  	362	8 
[3, 13, 8, 2]  	425	4 
[9, 0, 10, 48]  	362	7 
[2, 27, 2, 48]  	425	3 
[18, 3, 4, 49]  	299	9 
[10, 2, 8, 49]  	338	6 
[16, 1, 7, 49]  	344	7 
[7, 16, 3, 49]  	351	6 
[8, 0, 10, 49]  	354	6 
[5, 16, 4, 49]  	364	6 
[7, 15, 4, 49]  	367	6 
[3, 2, 11, 49]  	369	3 
[6, 14, 5, 49]  	375	6 
[3, 16, 5, 49]  	377	5 
[5, 15, 5, 49]  	380	5 
[3, 15, 6, 49]  	393	4 
[3, 0, 13, 49]  	401	3 
[2, 30, 0, 49]  	406	5 
[1, 27, 2, 49]  	417	2 
[1, 26, 3, 49]  	433	2 
[1, 22, 5, 49]  	439	2 
[0, 8, 12, 49]  	452	1 
[0, 6, 14, 49]  	484	1 
------
The gap is between 3 and 47.
Lengths: 3 3 6 6 3 3.
For 490 = 5*d/2-d1-d2-d3 you get 3 in char 0.
1*x^1*y^17*z^9
1*y^31*z^3
1*y^2*z^16

For 274 = 3*d/2-d1-d2-d3 you get 6 in char 0.
1*x^5*y^18
1*x^4*y^3*z^7
1*x^3*y^17*z^1
1*x^2*y^2*z^8
1*x^1*y^16*z^2
1*y^1*z^9

For 58 = d/2-d1-d2-d3 you get 3 in char 0.
1*x^4*y^2
1*x^2*y^1*z^1
1*z^2

Extra powers of p used 0.
The invariant extra is equal to 4.
Start computing 5^3 Delta^1 (x1x2x3)^4... Done.
Start computing 5^4 Delta^2 (x1x2x3)^4... Done.
Start computing 5^5 Delta^3 (x1x2x3)^4... Done.
Start computing 5^6 Delta^4 (x1x2x3)^4... Done.
Start computing 5^7 Delta^5 (x1x2x3)^4... Done.
Start computing 5^8 Delta^6 (x1x2x3)^4... Done.
Start computing 5^9 Delta^7 (x1x2x3)^4... Done.
Start computing 5^10 Delta^8 (x1x2x3)^4... Done.
Start computing 5^11 Delta^9 (x1x2x3)^4... Done.
Start computing 5^12 Delta^10 (x1x2x3)^4... Done.
Start computing 5^13 Delta^11 (x1x2x3)^4... Done.
Start computing 5^14 Delta^12 (x1x2x3)^4... Done.
Start computing aa.
1 2 3 4 5 6 7 8 9 10 11 12 
*/
A = \
[30165919214481772704484492016904,64757505237360705921967743465959,78990851007800176607269382540995,122231074990729243577417497538545,12695305996710198887403111871305,95448443884013004719716575131920,85122995495525819791175000827890,42400415435155486880186880770480,105552880923718865029614566795100,373757571998031657599735368100,73487854777574839314188222321850,25721405905188063556493882069450;\
29601956915559779549138239124751,40709296931495774784871319282388,88690750338679252019420068380217,61530712645848252376215808921915,67908293497256767817855012032075,58006135629428321118577560994430,127671581083677549794303781355875,136909333467266684560453457891300,133133776274908452596318164048195,113319532157046905274308398866800,130082199566847168404626764961825,133499908186008213348032679314525;\
53814445307040285739787546187700,124554532814912680833865710924914,8543863881391319686702265587352,126815885647922907724400951263005,79168927429406823505846138120350,25307693816656382501054653664035,63767655530686344069540708984970,73914121095447154011826339953650,71091446562955535173315185583635,18621535682985279075333245697750,68023016737027605914879749258400,104448419600262563710789866244150;\
28216134076482197390004511541384,40512161257694936997580738498595,129434805365754905526397017164030,53336029705062872897378921425195,72930758892936545449310113512155,135003923485183650907322485730185,11636317383103745536329929750910,99195827300857072457036343431950,131303034211688111293923706254605,13691633380339117220807472100250,48733548711208112375959172211550,69333113808331949256376868201700;\
90595139674671614650538076670243,56549538839952171238228389806963,92813821597263470672967383988405,120277095709825905485399123444630,23691337332061554044600156976655,12298495901271882542206716434735,23101268759153303608534395616725,63708412072666250337356784996565,40072837340759313397185874306345,129399552530252003183507716584425,48443775997425766889564857239525,57014800086159563215147262772475;\
75600457998598274794106047903472,119506304890430871005822046732035,47295633473234051373706368453995,114858407003865049074233387511775,51248836490670045200762182600515,137460181008549841458645386868755,12751209909453431115243672954230,800740246662008708617168760700,5777906535853083948953470981890,40001060643597387489233312946175,63011420909227110964842025034650,127241059221984236735773287148850;\
94828567240962887701597964245381,44231082806058897613254250089040,111131898076406957367861104992307,76895543869605820282463615176465,128000546359661373073491741146130,25163190700184622627866321244260,45396479925249817283532865627225,122698675308831862798088616964755,39161749150049678210085667996345,56647950347090337977566699643625,82922538751505717786609283768575,11417463339734472823209599956875;\
61464849766191964998414050531269,31347371912106265038606556861513,88114789197795901934652764481924,121292873295864064950438168883955,73432664967631947698448071947555,71125954198498515442367755494045,7386144930773184852431754385385,14347190204500837144070316159360,18119181985952344767533123150735,136524553549523555722288760683675,12487072352880371138802298093550,83990991261284321561286459029575;\
29116212120408276703192948402919,107436137299742672449122455070805,41201895085502544602205137589402,25042675978508073891034748823860,92421190023406306344440463085140,99453444285681458363455264604605,65767838376598916575589880451830,39717432763221370635242463743000,132537372864699722244988851271740,71836500926188484449176683392350,47833603985230834575142657099975,117865173568729603313811241163150;\
2725599599450679327686664472663,56422031929466639460917620558611,81762702589602859168833844272985,97216155793910101912928533052940,62646544078238624013850916183725,34697488952008553920207574324775,50938003803316349030942802618495,56683912958075611171726637926410,44122367060015551076688808591520,76344141359303036177350228593000,117380441483152564145029192488950,30592435373305442419284051471200;\
119393251988817551296684171392604,115166967599747786492104733820503,41787946056001267097807417003565,48704258568144734147231918247445,52672306990211968426716039116975,103811916931421675464552123144450,101451465579979338027139605946785,115454641606533294810843556631030,76584021206571178093399825993960,14188059192723326845478862392600,104953750549247935608171869129350,88434952596486411005740555243350;\
138758346158433295937765999322512,13117958482839656805751487667395,102600745455804505149738751023596,55223422442199337397764737019780,127306186517762268608094288615120,128605854720855358180825984381015,135395742637486110766761613657315,75913616910874192451509064534550,86860402946213447823868555882495,39525623406296501725436389190875,54251062078040954238751404073075,41868407234109128302808063390200]
/* 
This should be the matrix of frobenius!
*/ 
B = A; 
/* Freed 126 lists. */
