/* Comments begin... 
Coefficient of   x^27                     = 1
Coefficient of   x^14 * y^8               = -1
Coefficient of   x^12 * y^7 * z^1         = -2
Coefficient of   x^10 * y^6 * z^2         = -2
Coefficient of   x^8 * y^5 * z^3         = -2
Coefficient of   x^6 * y^4 * z^4         = 2
Coefficient of   x^4 * y^3 * z^5         = 2
Coefficient of   x^2 * y^2 * z^6         = 2
Coefficient of   x^1 * y^16               = 2
Coefficient of   y^1 * z^7               = 0

Here is the polynomial we're using this time:

1*x^27 + -1*x^14*y^8 + -2*x^12*y^7*z^1 + -2*x^10*y^6*z^2 + -2*x^8*y^5*z^3 + 2*x^6*y^4*z^4 + 2*x^4*y^3*z^5 + 2*x^2*y^2*z^6 + 2*x^1*y^16

Allocate G_len 20 elements and old = 0.
Allocate M_len = 400 elements.
Allocate G_len 40 elements and old = 20.
Allocate M_len = 800 elements.
Allocate G_len 80 elements and old = 40.
Allocate M_len = 1600 elements.
Allocate M_len = 3200 elements.
Allocate G_len 160 elements and old = 80.
Allocate M_len = 6400 elements.
Allocate M_len = 12800 elements.
Allocate G_len 320 elements and old = 160.
Not smooth!
Coefficient of   x^27                     = -1
Coefficient of   x^14 * y^8               = -1
Coefficient of   x^12 * y^7 * z^1         = -1
Coefficient of   x^10 * y^6 * z^2         = 0
Coefficient of   x^8 * y^5 * z^3         = -1
Coefficient of   x^6 * y^4 * z^4         = -2
Coefficient of   x^4 * y^3 * z^5         = 2
Coefficient of   x^2 * y^2 * z^6         = 2
Coefficient of   x^1 * y^16               = 1
Coefficient of   y^1 * z^7               = 0

Here is the polynomial we're using this time:

-1*x^27 + -1*x^14*y^8 + -1*x^12*y^7*z^1 + -1*x^8*y^5*z^3 + -2*x^6*y^4*z^4 + 2*x^4*y^3*z^5 + 2*x^2*y^2*z^6 + 1*x^1*y^16

Not smooth!
Coefficient of   x^27                     = 1
Coefficient of   x^14 * y^8               = -2
Coefficient of   x^12 * y^7 * z^1         = 2
Coefficient of   x^10 * y^6 * z^2         = 1
Coefficient of   x^8 * y^5 * z^3         = 0
Coefficient of   x^6 * y^4 * z^4         = -2
Coefficient of   x^4 * y^3 * z^5         = -1
Coefficient of   x^2 * y^2 * z^6         = -2
Coefficient of   x^1 * y^16               = -1
Coefficient of   y^1 * z^7               = 1

Here is the polynomial we're using this time:

1*x^27 + -2*x^14*y^8 + 2*x^12*y^7*z^1 + 1*x^10*y^6*z^2 + -2*x^6*y^4*z^4 + -1*x^4*y^3*z^5 + -2*x^2*y^2*z^6 + -1*x^1*y^16 + 1*y^1*z^7

The final length of G is 168
[12, 7, 0, 0]  	187	6 
[26, 0, 0, 0]  	208	8  <--- 1
[10, 6, 2, 0]  	216	7 
[10, 5, 3, 0]  	232	8 
[8, 5, 4, 0]  	245	7 
[8, 4, 5, 0]  	261	8 
[6, 4, 6, 0]  	274	7 
[7, 18, 0, 0]  	290	8 
[24, 6, 1, 0]  	299	12 
[22, 5, 2, 0]  	299	13 
[18, 4, 4, 0]  	312	12 
[22, 4, 3, 0]  	315	11 
[14, 3, 6, 0]  	325	11 
[18, 3, 5, 0]  	328	11 
[11, 3, 7, 0]  	330	10 
[22, 3, 4, 0]  	331	11 
[11, 17, 1, 0]  	338	10 
[9, 3, 8, 0]  	343	9 
[18, 2, 6, 0]  	344	10 
[22, 2, 5, 0]  	347	10 
[9, 17, 2, 0]  	351	9 
[12, 2, 8, 0]  	354	9 
[10, 1, 9, 0]  	354	9 
[7, 3, 9, 0]  	356	8 
[16, 2, 7, 0]  	357	9 
[14, 1, 8, 0]  	357	9 
[9, 2, 9, 0]  	359	8 
[8, 16, 3, 0]  	359	8 
[18, 1, 7, 0]  	360	9 
[22, 1, 6, 0]  	363	9 
[8, 1, 10, 0]  	367	8 
[6, 18, 3, 0]  	369	7 
[10, 0, 10, 0]  	370	8 
[7, 2, 10, 0]  	372	7 
[6, 16, 4, 0]  	372	7 
[14, 0, 9, 0]  	373	8 
[7, 0, 11, 0]  	375	7 
[18, 0, 8, 0]  	376	8 
[6, 3, 10, 0]  	377	7 
[5, 17, 4, 0]  	377	7 
[22, 0, 7, 0]  	379	8 
[5, 2, 11, 0]  	385	6 
[4, 16, 5, 0]  	385	6 
[6, 26, 0, 0]  	386	7 
[6, 15, 5, 0]  	388	6 
[5, 0, 12, 0]  	388	6 
[6, 24, 1, 0]  	389	7 
[5, 27, 0, 0]  	391	6 
[6, 22, 2, 0]  	392	7 
[4, 1, 12, 0]  	393	6 
[5, 25, 1, 0]  	394	6 
[5, 14, 6, 0]  	396	6 
[5, 23, 2, 0]  	397	6 
[5, 12, 7, 0]  	399	6 
[5, 21, 3, 0]  	400	6 
[4, 15, 6, 0]  	401	5 
[3, 29, 0, 0]  	401	5 
[5, 10, 8, 0]  	402	6 
[4, 13, 7, 0]  	404	5 
[3, 16, 6, 0]  	406	6 
[4, 11, 8, 0]  	407	5 
[5, 6, 10, 0]  	408	6 
[4, 0, 13, 0]  	409	5 
[4, 27, 1, 0]  	412	5 
[4, 7, 10, 0]  	413	5 
[3, 1, 13, 0]  	414	5 
[4, 25, 2, 0]  	415	5 
[4, 5, 11, 0]  	416	6 
[3, 28, 1, 0]  	417	4 
[4, 23, 3, 0]  	418	5 
[4, 21, 4, 0]  	421	5 
[4, 10, 9, 0]  	423	4 
[3, 24, 3, 0]  	423	4 
[3, 22, 4, 0]  	426	4 
[3, 11, 9, 0]  	428	4 
[3, 20, 5, 0]  	429	5 
[3, 0, 14, 0]  	430	4 
[3, 9, 10, 0]  	431	4 
[3, 27, 2, 0]  	433	3 
[2, 12, 9, 0]  	433	3 
[3, 7, 11, 0]  	434	4 
[2, 30, 1, 0]  	435	5 
[2, 10, 10, 0]  	436	3 
[3, 5, 12, 0]  	437	5 
[2, 26, 3, 0]  	441	3 
[2, 6, 12, 0]  	442	4 
[2, 24, 4, 0]  	444	3 
[2, 33, 0, 0]  	445	5 
[2, 22, 5, 0]  	447	3 
[1, 25, 4, 0]  	449	2 
[2, 20, 6, 0]  	450	4 
[2, 29, 2, 0]  	451	4 
[2, 9, 11, 0]  	452	2 
[1, 23, 5, 0]  	452	2 
[1, 21, 6, 0]  	455	3 
[2, 5, 13, 0]  	458	4 
[1, 8, 12, 0]  	460	2 
[1, 35, 0, 0]  	463	3 
[2, 1, 15, 0]  	464	4 
[0, 9, 12, 0]  	465	1 
[2, 19, 7, 0]  	466	4 
[0, 36, 0, 0]  	468	2  <--- 2
[1, 20, 7, 0]  	471	3 
[1, 29, 3, 0]  	472	3 
[0, 23, 6, 0]  	473	1 
[1, 7, 13, 0]  	476	2 
[1, 34, 1, 0]  	479	3 
[2, 0, 16, 0]  	480	3 
[0, 8, 13, 0]  	481	1 
[0, 22, 7, 0]  	489	1 
[1, 6, 14, 0]  	492	2 
[1, 15, 10, 0]  	493	3 
[1, 33, 2, 0]  	495	3 
[0, 7, 14, 0]  	497	1 
[0, 34, 2, 0]  	500	2 
[1, 0, 17, 0]  	501	2 
[0, 21, 8, 0]  	505	1 
[1, 5, 15, 0]  	508	2 
[0, 6, 15, 0]  	513	1 
[0, 33, 3, 0]  	516	2 
[0, 20, 9, 0]  	521	1 
[0, 29, 5, 0]  	522	2 
[1, 4, 16, 0]  	524	2 
[0, 5, 16, 0]  	529	1 
[0, 32, 4, 0]  	532	2 
[0, 19, 10, 0]  	537	1 
[0, 4, 17, 0]  	545	1 
[0, 0, 19, 0]  	551	1  <--- 3
[0, 18, 11, 0]  	553	1 
[0, 3, 18, 0]  	561	1 
[12, 6, 1, 1]  	203	8 
[14, 2, 7, 1]  	341	10 
[11, 2, 8, 1]  	346	9 
[7, 17, 3, 1]  	364	8 
[7, 14, 5, 1]  	383	7 
[5, 8, 9, 1]  	405	6 
[4, 9, 9, 1]  	410	5 
[3, 26, 2, 1]  	420	4 
[3, 15, 7, 1]  	422	5 
[3, 13, 8, 1]  	425	4 
[2, 15, 8, 1]  	443	4 
[1, 10, 11, 1]  	457	2 
[2, 4, 14, 1]  	474	4 
[2, 8, 11, 2]  	439	3 
[0, 35, 1, 2]  	484	2 
[1, 19, 8, 2]  	487	3 
[1, 18, 9, 2]  	503	3 
[6, 1, 11, 4]  	380	7 
[5, 15, 5, 46]  	380	6 
[1, 22, 5, 48]  	439	2 
[0, 6, 14, 48]  	484	1 
[0, 33, 2, 48]  	487	2 
[0, 32, 3, 48]  	503	2 
[0, 4, 16, 48]  	516	1 
[10, 5, 2, 49]  	203	7 
[12, 1, 8, 49]  	341	7 
[9, 1, 9, 49]  	346	7 
[6, 2, 10, 49]  	364	5 
[5, 13, 6, 49]  	383	5 
[3, 7, 10, 49]  	405	4 
[3, 23, 3, 49]  	410	3 
[2, 11, 9, 49]  	420	3 
[2, 29, 1, 49]  	422	4 
[2, 27, 2, 49]  	425	3 
[1, 29, 2, 49]  	443	2 
[2, 0, 15, 49]  	451	3 
[0, 24, 5, 49]  	457	1 
[0, 32, 2, 49]  	474	2 
------
The gap is between 5 and 45.
Lengths: 3 3 6 6 3 3.
For 490 = 5*d/2-d1-d2-d3 you get 3 in char 0.
1*x^1*y^17*z^9
1*y^31*z^3
1*y^2*z^16

For 274 = 3*d/2-d1-d2-d3 you get 6 in char 0.
1*x^5*y^18
1*x^4*y^3*z^7
1*x^3*y^17*z^1
1*x^2*y^2*z^8
1*x^1*y^16*z^2
1*y^1*z^9

For 58 = d/2-d1-d2-d3 you get 3 in char 0.
1*x^4*y^2
1*x^2*y^1*z^1
1*z^2

Extra powers of p used 0.
The invariant extra is equal to 4.
Start computing 5^3 Delta^1 (x1x2x3)^4... Done.
Start computing 5^4 Delta^2 (x1x2x3)^4... Done.
Start computing 5^5 Delta^3 (x1x2x3)^4... Done.
Start computing 5^6 Delta^4 (x1x2x3)^4... Done.
Start computing 5^7 Delta^5 (x1x2x3)^4... Done.
Start computing 5^8 Delta^6 (x1x2x3)^4... Done.
Start computing 5^9 Delta^7 (x1x2x3)^4... Done.
Start computing 5^10 Delta^8 (x1x2x3)^4... Done.
Start computing 5^11 Delta^9 (x1x2x3)^4... Done.
Start computing 5^12 Delta^10 (x1x2x3)^4... Done.
Start computing 5^13 Delta^11 (x1x2x3)^4... Done.
Start computing 5^14 Delta^12 (x1x2x3)^4... Done.
Start computing aa.
1 2 3 4 5 6 7 8 9 10 11 12 
*/
A = \
[55093065748264012379792037333549,50374530877069949941124886656132,78463330002550709354398646768667,96276866356883944210936629362465,1253446437635110922232932485615,15504857227846455512841642824920,104861932759422266505049813107765,69499000341948159415484400853835,55856426620944317061786265133685,103592570371612812651734769819175,129006958098194311114351183379850,363076576466540201052083742375;\
101168078035284648944702020036710,122637951074725523531966694880726,130456043077793212308921482251381,90396918733774371176980404868215,108401722191123392785219248595745,118481768410335050310883121380430,25919023234040920952487291843640,49212235340774734439248531291800,7925987454772247002064030127805,81517182358372267464755704387150,21169553339437793099748545049225,60146354574752688443357198505900;\
135593580459463515768357981548194,49054877649220127996712839630264,73450421120175059034048822051355,77298145155546631872865668445240,29736358293559960692908275921760,67452439318998411264762521414755,48631368923835986514389629568065,708110347368631547744840941085,106453515664582507834581646145065,2802846646708921480164662090800,7968775076332551385678495285800,124335638034785993753355404593850;\
89183678065878757391533584076665,87668327292610381263710397037035,64663266123892231159252471975017,72915791271864867482783682919050,33618546222133270480202654407875,99943768395547984006480325893560,102956372553213667811379231879495,64672499356659866216324993135720,38483416682010637264988567761490,56244082979089483325220106231350,85837925973453395687665503789100,106539474095702529046677399774600;\
85508039009608213236356853807804,55311686820549035274745134607210,106398703895909765855770772490492,73453849987208314002957633880190,62346700281495551954401810135755,30708301736286336746124862956575,51095529309933395524537241703625,42968649449432829063045523380820,102726014170035829669360627223550,118034294570123584215580969675500,33047230910042952978177526549700,29242642590651079343982345076450;\
118855409861690345868708217909937,104760386628013631964275616961047,114221906773912650231199101559429,110299832677583861883106195699540,107440832503878589963380304228420,9355261852130534330043232236000,88651973901069629648479779994480,64567324689841480821689888207620,106394579264354156209563509031260,8531728948562877510389639625925,138240189143012212295125385722375,88186302681909559359834353736825;\
105768024841340662928766307555985,9672370906555316254038979202112,119746182401615116728362625886715,57934891691002361592696285152490,91575893760685554752776108294370,1641622457991620837100788248760,136802015984701124987211106795370,127319241119156665726792085476540,36404139726486073118977117171160,128127761647020098985356934168475,82584674807361016887774177219500,66879668546879926296007768403825;\
101544301632670931500240480038177,49606184622553656419348258201015,50496960131696175234109943472206,83217117942410238422324603282700,106243465805100940965271160368280,98898883242092647740637857892145,40778475318085362062957687226320,60678267169658106622611183095845,94558750275334231029343489670855,43036100116829677303715990811700,16453034449501166873692926996825,19084872857269682670329484434600;\
80176496867503675018764240928596,98244418380922373122045866007340,134388613331538891226260441165706,14704530458205173829523786021315,118146428129193523262858667621740,12222050230914648625517409646110,125564478964481525071541847518330,123053287063097443631972369967305,32959775532237888062259898487815,80464931408106020494839991996125,95932646505770920346618598279425,129363328306469188362782026627850;\
101700729255672024261098863385651,46298453255392249612071883239617,27634029793421911199136304854799,118316479352910297307732368656235,4170538567956684011918007717955,107389763320760647307448832422030,94462435406668544269785367220405,128630573369568727849590457613145,108294583160102244003721645071390,135979446601498117899767273971300,133421483752998554681374071048250,62285344454443241957253441584750;\
115541346745892402207910946479379,121725217244629155771458265893028,36209537922675265667006479462396,124290167516789883074911684672615,108776463093735586592937585227695,55275254152882074177437251210845,114180500210761848440615979714395,66765320617278884439257172311355,129248033897100457159222208539460,30271916390837879211540531116175,100344595178023538329413059141250,8764816287630541319446931310250;\
104032116433027850724799339930576,52038224522885721139116433392492,81612488281823746853592111403402,72550500522601071777916714425265,62267866203660072234091457788450,9872929392097135263104085372240,50639544341772377296495690195560,6300637185478802101944233724770,58942782593636183869687416395055,122161677480898887599076304773050,140198898645317515698157019008050,29000928832503365412788845436350]
/* 
This should be the matrix of frobenius!
*/ 
B = A; 
/* Freed 129 lists. */
