/* Comments begin... 
Coefficient of   x^27                     = -2
Coefficient of   x^14 * y^8               = 2
Coefficient of   x^12 * y^7 * z^1         = -2
Coefficient of   x^10 * y^6 * z^2         = -1
Coefficient of   x^8 * y^5 * z^3         = -1
Coefficient of   x^6 * y^4 * z^4         = 0
Coefficient of   x^4 * y^3 * z^5         = 1
Coefficient of   x^2 * y^2 * z^6         = 1
Coefficient of   x^1 * y^16               = -2
Coefficient of   y^1 * z^7               = 1

Here is the polynomial we're using this time:

-2*x^27 + 2*x^14*y^8 + -2*x^12*y^7*z^1 + -1*x^10*y^6*z^2 + -1*x^8*y^5*z^3 + 1*x^4*y^3*z^5 + 1*x^2*y^2*z^6 + -2*x^1*y^16 + 1*y^1*z^7

Allocate G_len 20 elements and old = 0.
Allocate M_len = 400 elements.
Allocate G_len 40 elements and old = 20.
Allocate M_len = 800 elements.
Allocate G_len 80 elements and old = 40.
Allocate M_len = 1600 elements.
Allocate M_len = 3200 elements.
Allocate G_len 160 elements and old = 80.
Allocate M_len = 6400 elements.
Allocate M_len = 12800 elements.
Allocate G_len 320 elements and old = 160.
Allocate M_len = 25600 elements.
Not smooth!
Coefficient of   x^27                     = -1
Coefficient of   x^14 * y^8               = 0
Coefficient of   x^12 * y^7 * z^1         = -1
Coefficient of   x^10 * y^6 * z^2         = 2
Coefficient of   x^8 * y^5 * z^3         = 0
Coefficient of   x^6 * y^4 * z^4         = 1
Coefficient of   x^4 * y^3 * z^5         = -2
Coefficient of   x^2 * y^2 * z^6         = -1
Coefficient of   x^1 * y^16               = -2
Coefficient of   y^1 * z^7               = -1

Here is the polynomial we're using this time:

-1*x^27 + -1*x^12*y^7*z^1 + 2*x^10*y^6*z^2 + 1*x^6*y^4*z^4 + -2*x^4*y^3*z^5 + -1*x^2*y^2*z^6 + -2*x^1*y^16 + -1*y^1*z^7

The final length of G is 165
[12, 7, 0, 0]  	187	6 
[12, 6, 1, 0]  	203	7 
[26, 0, 0, 0]  	208	7  <--- 1
[10, 6, 2, 0]  	216	6 
[10, 5, 3, 0]  	232	8 
[8, 5, 4, 0]  	245	7 
[8, 4, 5, 0]  	261	8 
[6, 4, 6, 0]  	274	6 
[7, 18, 0, 0]  	290	7 
[22, 5, 2, 0]  	299	13 
[18, 4, 4, 0]  	312	12 
[22, 4, 3, 0]  	315	11 
[14, 3, 6, 0]  	325	11 
[18, 3, 5, 0]  	328	11 
[11, 3, 7, 0]  	330	9 
[22, 3, 4, 0]  	331	11 
[11, 17, 1, 0]  	338	10 
[14, 2, 7, 0]  	341	10 
[9, 3, 8, 0]  	343	9 
[18, 2, 6, 0]  	344	10 
[11, 2, 8, 0]  	346	9 
[22, 2, 5, 0]  	347	10 
[10, 1, 9, 0]  	354	9 
[6, 17, 3, 0]  	356	7 
[9, 2, 9, 0]  	359	8 
[8, 16, 3, 0]  	359	8 
[18, 1, 7, 0]  	360	9 
[8, 3, 9, 0]  	364	8 
[8, 1, 10, 0]  	367	8 
[10, 0, 10, 0]  	370	8 
[7, 2, 10, 0]  	372	7 
[6, 16, 4, 0]  	372	7 
[16, 1, 8, 0]  	373	8 
[14, 0, 9, 0]  	373	8 
[7, 0, 11, 0]  	375	7 
[18, 0, 8, 0]  	376	8 
[6, 3, 10, 0]  	377	7 
[5, 17, 4, 0]  	377	7 
[24, 1, 6, 0]  	379	8 
[22, 0, 7, 0]  	379	8 
[6, 1, 11, 0]  	380	7 
[7, 14, 5, 0]  	383	7 
[5, 2, 11, 0]  	385	6 
[6, 15, 5, 0]  	388	6 
[5, 0, 12, 0]  	388	6 
[6, 24, 1, 0]  	389	7 
[5, 27, 0, 0]  	391	6 
[5, 16, 5, 0]  	393	6 
[4, 1, 12, 0]  	393	6 
[5, 25, 1, 0]  	394	6 
[5, 14, 6, 0]  	396	6 
[5, 23, 2, 0]  	397	6 
[5, 12, 7, 0]  	399	6 
[5, 21, 3, 0]  	400	6 
[4, 15, 6, 0]  	401	5 
[3, 29, 0, 0]  	401	5 
[5, 10, 8, 0]  	402	6 
[4, 13, 7, 0]  	404	5 
[5, 8, 9, 0]  	405	6 
[3, 16, 6, 0]  	406	6 
[4, 11, 8, 0]  	407	5 
[5, 6, 10, 0]  	408	6 
[4, 9, 9, 0]  	410	5 
[4, 7, 10, 0]  	413	5 
[3, 1, 13, 0]  	414	5 
[4, 25, 2, 0]  	415	5 
[4, 5, 11, 0]  	416	6 
[4, 23, 3, 0]  	418	5 
[4, 21, 4, 0]  	421	5 
[3, 15, 7, 0]  	422	5 
[3, 24, 3, 0]  	423	4 
[3, 13, 8, 0]  	425	4 
[3, 22, 4, 0]  	426	4 
[3, 11, 9, 0]  	428	4 
[3, 20, 5, 0]  	429	5 
[3, 27, 2, 0]  	433	3 
[2, 12, 9, 0]  	433	3 
[3, 7, 11, 0]  	434	4 
[2, 30, 1, 0]  	435	5 
[3, 5, 12, 0]  	437	5 
[2, 8, 11, 0]  	439	3 
[2, 26, 3, 0]  	441	3 
[2, 6, 12, 0]  	442	4 
[2, 15, 8, 0]  	443	4 
[2, 24, 4, 0]  	444	3 
[2, 33, 0, 0]  	445	5 
[2, 22, 5, 0]  	447	3 
[2, 11, 10, 0]  	449	2 
[1, 25, 4, 0]  	449	2 
[2, 20, 6, 0]  	450	4 
[2, 29, 2, 0]  	451	4 
[1, 23, 5, 0]  	452	2 
[1, 21, 6, 0]  	455	3 
[2, 5, 13, 0]  	458	4 
[3, 0, 15, 0]  	459	3 
[1, 8, 12, 0]  	460	2 
[1, 35, 0, 0]  	463	3 
[2, 1, 15, 0]  	464	4 
[0, 9, 12, 0]  	465	1 
[0, 36, 0, 0]  	468	2  <--- 2
[1, 20, 7, 0]  	471	3 
[0, 23, 6, 0]  	473	1 
[2, 4, 14, 0]  	474	4 
[1, 7, 13, 0]  	476	2 
[1, 34, 1, 0]  	479	3 
[2, 0, 16, 0]  	480	3 
[0, 8, 13, 0]  	481	1 
[0, 35, 1, 0]  	484	2 
[1, 19, 8, 0]  	487	3 
[0, 22, 7, 0]  	489	1 
[1, 15, 10, 0]  	493	3 
[1, 33, 2, 0]  	495	3 
[0, 7, 14, 0]  	497	1 
[0, 34, 2, 0]  	500	2 
[1, 0, 17, 0]  	501	2 
[1, 18, 9, 0]  	503	3 
[0, 21, 8, 0]  	505	1 
[1, 5, 15, 0]  	508	2 
[0, 6, 15, 0]  	513	1 
[0, 33, 3, 0]  	516	2 
[0, 20, 9, 0]  	521	1 
[0, 29, 5, 0]  	522	2 
[1, 4, 16, 0]  	524	2 
[0, 5, 16, 0]  	529	1 
[0, 32, 4, 0]  	532	2 
[0, 19, 10, 0]  	537	1 
[0, 4, 17, 0]  	545	1 
[0, 0, 19, 0]  	551	1  <--- 3
[0, 18, 11, 0]  	553	1 
[0, 3, 18, 0]  	561	1 
[22, 1, 6, 1]  	363	9 
[4, 16, 5, 1]  	385	6 
[6, 26, 0, 1]  	386	7 
[6, 22, 2, 1]  	392	7 
[4, 0, 13, 1]  	409	5 
[4, 27, 1, 1]  	412	5 
[3, 28, 1, 1]  	417	4 
[3, 26, 2, 1]  	420	4 
[3, 0, 14, 1]  	430	4 
[3, 9, 10, 1]  	431	4 
[2, 10, 10, 1]  	436	3 
[2, 19, 7, 1]  	466	4 
[1, 6, 14, 1]  	492	2 
[9, 17, 2, 2]  	351	9 
[14, 1, 8, 2]  	357	9 
[1, 10, 11, 2]  	457	2 
[1, 29, 3, 3]  	472	3 
[1, 0, 16, 47]  	472	2 
[8, 2, 9, 48]  	351	8 
[12, 0, 9, 48]  	357	8 
[0, 24, 5, 48]  	457	1 
[20, 0, 7, 49]  	363	8 
[3, 1, 12, 49]  	385	5 
[5, 11, 7, 49]  	386	5 
[5, 7, 9, 49]  	392	6 
[3, 14, 7, 49]  	409	3 
[3, 12, 8, 49]  	412	3 
[2, 13, 8, 49]  	417	3 
[2, 11, 9, 49]  	420	3 
[2, 27, 2, 49]  	425	3 
[2, 23, 4, 49]  	431	3 
[1, 24, 4, 49]  	436	2 
[0, 23, 5, 49]  	444	1 
[1, 33, 1, 49]  	466	3 
[0, 20, 8, 49]  	492	1 
------
The gap is between 4 and 46.
Lengths: 3 3 6 6 3 3.
For 490 = 5*d/2-d1-d2-d3 you get 3 in char 0.
1*x^1*y^17*z^9
1*y^31*z^3
1*y^2*z^16

For 274 = 3*d/2-d1-d2-d3 you get 6 in char 0.
1*x^5*y^18
1*x^4*y^3*z^7
1*x^3*y^17*z^1
1*x^2*y^2*z^8
1*x^1*y^16*z^2
1*y^1*z^9

For 58 = d/2-d1-d2-d3 you get 3 in char 0.
1*x^4*y^2
1*x^2*y^1*z^1
1*z^2

Extra powers of p used 0.
The invariant extra is equal to 4.
Start computing 5^3 Delta^1 (x1x2x3)^4... Done.
Start computing 5^4 Delta^2 (x1x2x3)^4... Done.
Start computing 5^5 Delta^3 (x1x2x3)^4... Done.
Start computing 5^6 Delta^4 (x1x2x3)^4... Done.
Start computing 5^7 Delta^5 (x1x2x3)^4... Done.
Start computing 5^8 Delta^6 (x1x2x3)^4... Done.
Start computing 5^9 Delta^7 (x1x2x3)^4... Done.
Start computing 5^10 Delta^8 (x1x2x3)^4... Done.
Start computing 5^11 Delta^9 (x1x2x3)^4... Done.
Start computing 5^12 Delta^10 (x1x2x3)^4... Done.
Start computing 5^13 Delta^11 (x1x2x3)^4... Done.
Start computing 5^14 Delta^12 (x1x2x3)^4... Done.
Start computing aa.
1 2 3 4 5 6 7 8 9 10 11 12 
*/
A = \
[64506876216642699847369027235443,25161321977216631541562113268087,130598384039633005489108662383681,109307730027268639944512787508870,74581602301455517936692218676525,100111395154209468302933173483800,133421682282975393249640577817300,130586965600727988205141217076555,90458735659259733128478901248705,137016045118535859448698621256150,141581182209208475222496175985175,84097565756790351449959956757250;\
9111298839044328919778172702641,15437702516431318740211842401227,82494875517399757198617950871790,58249233444377136142323188146360,37931954265947836446494805995765,30321301301245846159826252615400,100171851359861251716963821832245,110478865576145587032658820900075,30229605583397605198827713730380,137610611592556409101946362851100,117699228962640537547683777197025,119071835181908834644762807874075;\
130561031502590807136102390505249,4736557666977643013339853077703,44809382600986952998958694366238,62697027002884499603546133355240,46878507188442207549465788172965,124006035824459603915120625790705,77938236279948783609341639888645,133220871182477526082783354351790,107677736727878429025652227755165,98383369864000554160256850734075,133096775093854337569828686825575,50897459731474106392681265781525;\
45433266049895228133534085354072,22408908598470845676280201226266,140690686389159686142764314092513,18969379514135209751249952247845,17612867326749451510193005134800,83094105688898063445292862263590,104955511257470914161095835817525,44007949719563251183737862775035,1299761455795965752023019323630,34848630063374441750811977364625,29993251113756774753913533366150,10809080995162109296446560299250;\
66380853857429287878384014271884,3489670405745478953058975756355,946757860319144496497880784157,104968038503759268893188098728845,53769046079927525490002121318960,135498433999840558455567976720075,136823511013058412413258922269125,58421739520929008866235874665430,120947969011980037026928741927270,139426866049181067158784039339075,25758307602546099050102247734400,137511449446696973782262213996550;\
26453487245199697048512301130851,70536332498146279634941160725887,15010907891595654782428841320290,60519927400572570112052353423055,46789626486434326846867787958250,117462882369601754491498501131435,73199026024936362729985167756945,59882981606013111394263608001385,46867648625997346002874285009220,750606243268197716312251927550,129265283461094163917907766334700,21619419831015073571601224164075;\
141911402931865571208808420822175,64121720150508335515399193378652,98411449481927677864460195828288,67685280201456212148123970827770,4031493076173112093218096035650,127420809516101589174206572410345,93948401114530959937067930482450,134889933045017226030081272399800,56530709352336608629780127178770,14167427542919631188986251081450,81571173735443718831743752630125,63986352333622048866864096915175;\
36898589745489463987255675224529,127625286364503968106846913405256,136221463270598871916183866088890,20159857602523040067716001038735,7710275956268785385624707313535,10897252364793563867852227181475,63453309830245398743718619056415,109157423404125170925418404618935,109407760621770272811398320881840,11638661720672213579661413019650,121709644290280391886540265983700,79719512417654430025647615447500;\
102331458255533859142994192572766,36901648669879075827308231940102,82297715821622520708139080860658,51950026084347229547677152684565,72538191390164694451834504566225,28547461076968869667190432609765,4305728523094055073920082182395,77848666377173693298888179897005,71112444250644979834209689636240,8232262640600375526810583270000,107874350307107665781196201633425,15510319534379812993025736046975;\
26274719506071755202644798989587,125496599148433813056704183145057,112062006686879945027963023359099,1231208381942466174169356952605,29222485146508705183917335702830,130403806578114062391978562464145,44239074614276388557906464197400,131087685214026636822697665330590,51782434002018993641617655226555,21278313102566728482108248814950,29911809916689944594594068788100,115966186726810500028961022360075;\
3943987903781655360746555774527,82282241209428816932398756550897,16847405975639685712958564493241,28931880315349153309335474361020,43314352315925771349309884381790,111857144156536517278131994138765,4625909378915579809475826370395,115253453158065765647614538420075,35926653861703945355356727797245,63158245308237828018913334493225,3694705970969637313450607906825,111045340909582243090092614305375;\
13634982690627775689645742359435,38931747490705242710420610997610,103560191847696483372824116822298,46953070940299216852233293906435,19906979811948521080283712355165,15199493569920877613811338145730,86556440244705362893727212158005,108951475750743298451134800542715,93303939086715959534463405019060,31451733573370239504505271876250,93113598666003587457506630290650,115929276592761188043867089214450]
/* 
This should be the matrix of frobenius!
*/ 
B = A; 
/* Freed 128 lists. */
