/* Comments begin... 
Coefficient of   x^27                     = 1
Coefficient of   x^14 * y^8               = 0
Coefficient of   x^12 * y^7 * z^1         = 0
Coefficient of   x^10 * y^6 * z^2         = 0
Coefficient of   x^8 * y^5 * z^3         = 1
Coefficient of   x^6 * y^4 * z^4         = 1
Coefficient of   x^4 * y^3 * z^5         = 1
Coefficient of   x^2 * y^2 * z^6         = 0
Coefficient of   x^1 * y^16               = 2
Coefficient of   y^1 * z^7               = 1

Here is the polynomial we're using this time:

1*x^27 + 1*x^8*y^5*z^3 + 1*x^6*y^4*z^4 + 1*x^4*y^3*z^5 + 2*x^1*y^16 + 1*y^1*z^7

Allocate G_len 20 elements and old = 0.
Allocate M_len = 400 elements.
Allocate G_len 40 elements and old = 20.
Allocate M_len = 800 elements.
Allocate G_len 80 elements and old = 40.
Allocate M_len = 1600 elements.
Allocate M_len = 3200 elements.
Allocate G_len 160 elements and old = 80.
Allocate M_len = 6400 elements.
Allocate M_len = 12800 elements.
The final length of G is 133
[8, 5, 2, 0]  	187	4 
[26, 0, 0, 0]  	208	5  <--- 1
[6, 4, 4, 0]  	216	4 
[6, 3, 5, 0]  	232	6 
[4, 3, 6, 0]  	245	5 
[5, 17, 0, 0]  	261	6 
[24, 4, 3, 0]  	331	10 
[22, 3, 4, 0]  	331	10 
[18, 2, 6, 0]  	344	10 
[16, 2, 7, 0]  	357	9 
[19, 16, 0, 0]  	360	9 
[24, 2, 5, 0]  	363	8 
[22, 1, 6, 0]  	363	6 
[14, 2, 8, 0]  	370	8 
[5, 1, 11, 0]  	372	6 
[17, 16, 1, 0]  	373	8 
[20, 1, 7, 0]  	376	8 
[4, 2, 11, 0]  	377	5 
[23, 15, 0, 0]  	379	7 
[12, 2, 9, 0]  	383	8 
[4, 16, 5, 0]  	385	5 
[3, 1, 12, 0]  	385	5 
[14, 1, 9, 0]  	386	7 
[21, 15, 1, 0]  	392	7 
[6, 0, 12, 0]  	396	6 
[12, 1, 10, 0]  	399	6 
[10, 0, 11, 0]  	399	6 
[3, 29, 0, 0]  	401	5 
[14, 0, 10, 0]  	402	6 
[25, 0, 7, 0]  	403	6 
[18, 0, 9, 0]  	405	6 
[3, 16, 6, 0]  	406	5 
[4, 27, 1, 0]  	412	5 
[4, 25, 2, 0]  	415	5 
[3, 19, 5, 0]  	416	5 
[5, 0, 13, 0]  	417	4 
[3, 28, 1, 0]  	417	4 
[4, 23, 3, 0]  	418	5 
[3, 26, 2, 0]  	420	4 
[3, 15, 7, 0]  	422	5 
[3, 24, 3, 0]  	423	4 
[3, 13, 8, 0]  	425	4 
[3, 22, 4, 0]  	426	4 
[3, 11, 9, 0]  	428	4 
[3, 0, 14, 0]  	430	4 
[3, 9, 10, 0]  	431	4 
[3, 7, 11, 0]  	434	4 
[2, 30, 1, 0]  	435	5 
[2, 10, 10, 0]  	436	3 
[2, 8, 11, 0]  	439	3 
[2, 26, 3, 0]  	441	3 
[2, 6, 12, 0]  	442	4 
[2, 24, 4, 0]  	444	3 
[2, 33, 0, 0]  	445	5 
[1, 25, 4, 0]  	449	2 
[2, 20, 6, 0]  	450	4 
[2, 29, 2, 0]  	451	4 
[1, 23, 5, 0]  	452	2 
[1, 21, 6, 0]  	455	3 
[1, 10, 11, 0]  	457	2 
[1, 8, 12, 0]  	460	2 
[1, 35, 0, 0]  	463	3 
[2, 1, 15, 0]  	464	4 
[0, 9, 12, 0]  	465	1 
[0, 36, 0, 0]  	468	2  <--- 2
[1, 29, 3, 0]  	472	3 
[0, 23, 6, 0]  	473	1 
[2, 4, 14, 0]  	474	4 
[1, 7, 13, 0]  	476	2 
[1, 34, 1, 0]  	479	3 
[2, 0, 16, 0]  	480	3 
[0, 8, 13, 0]  	481	1 
[0, 35, 1, 0]  	484	2 
[0, 22, 7, 0]  	489	1 
[1, 6, 14, 0]  	492	2 
[1, 15, 10, 0]  	493	3 
[1, 33, 2, 0]  	495	3 
[0, 7, 14, 0]  	497	1 
[1, 20, 8, 0]  	500	2 
[0, 34, 2, 0]  	500	2 
[1, 0, 17, 0]  	501	2 
[0, 21, 8, 0]  	505	1 
[1, 5, 15, 0]  	508	2 
[0, 6, 15, 0]  	513	1 
[0, 20, 9, 0]  	521	1 
[1, 4, 16, 0]  	524	2 
[0, 5, 16, 0]  	529	1 
[0, 32, 4, 0]  	532	2 
[0, 19, 10, 0]  	537	1 
[0, 4, 17, 0]  	545	1 
[0, 0, 19, 0]  	551	1  <--- 3
[0, 18, 11, 0]  	553	1 
[0, 3, 18, 0]  	561	1 
[8, 4, 3, 1]  	203	5 
[7, 2, 9, 1]  	343	6 
[22, 2, 5, 1]  	347	9 
[5, 2, 10, 1]  	356	6 
[4, 17, 4, 1]  	369	5 
[18, 1, 8, 1]  	389	7 
[2, 12, 9, 1]  	433	3 
[2, 15, 8, 1]  	443	4 
[2, 22, 5, 1]  	447	3 
[2, 5, 13, 1]  	458	4 
[2, 19, 7, 1]  	466	4 
[1, 19, 8, 1]  	487	3 
[1, 18, 9, 1]  	503	3 
[0, 33, 3, 1]  	516	2 
[10, 1, 10, 2]  	383	7 
[4, 0, 13, 2]  	409	5 
[0, 29, 5, 2]  	522	2 
[1, 20, 7, 3]  	471	3 
[0, 34, 1, 47]  	471	2 
[8, 0, 11, 48]  	383	6 
[3, 14, 7, 48]  	409	4 
[0, 4, 16, 48]  	516	1 
[0, 0, 18, 48]  	522	1 
[6, 3, 4, 49]  	203	4 
[6, 16, 3, 49]  	343	4 
[20, 1, 6, 49]  	347	5 
[3, 1, 11, 49]  	356	4 
[5, 0, 11, 49]  	359	5 
[4, 15, 5, 49]  	372	4 
[16, 0, 9, 49]  	389	4 
[3, 13, 7, 49]  	396	3 
[3, 27, 1, 49]  	404	1 
[1, 26, 3, 49]  	433	2 
[1, 29, 2, 49]  	443	3 
[1, 7, 12, 49]  	447	2 
[0, 33, 1, 49]  	458	1 
[1, 0, 16, 49]  	472	2 
[1, 4, 15, 49]  	495	2 
[0, 32, 3, 49]  	503	2 
[0, 18, 10, 49]  	524	1 
------
The gap is between 4 and 46.
Lengths: 3 3 6 6 3 3.
For 490 = 5*d/2-d1-d2-d3 you get 3 in char 0.
1*x^1*y^17*z^9
1*y^31*z^3
1*y^2*z^16

For 274 = 3*d/2-d1-d2-d3 you get 6 in char 0.
1*x^18*y^10
1*x^16*y^9*z^1
1*x^3*y^17*z^1
1*x^2*y^2*z^8
1*x^1*y^16*z^2
1*y^1*z^9

For 58 = d/2-d1-d2-d3 you get 3 in char 0.
1*x^4*y^2
1*x^2*y^1*z^1
1*z^2

Extra powers of p used 0.
The invariant extra is equal to 4.
Start computing 5^3 Delta^1 (x1x2x3)^4... Done.
Start computing 5^4 Delta^2 (x1x2x3)^4... Done.
Start computing 5^5 Delta^3 (x1x2x3)^4... Done.
Start computing 5^6 Delta^4 (x1x2x3)^4... Done.
Start computing 5^7 Delta^5 (x1x2x3)^4... Done.
Start computing 5^8 Delta^6 (x1x2x3)^4... Done.
Start computing 5^9 Delta^7 (x1x2x3)^4... Done.
Start computing 5^10 Delta^8 (x1x2x3)^4... Done.
Start computing 5^11 Delta^9 (x1x2x3)^4... Done.
Start computing 5^12 Delta^10 (x1x2x3)^4... Done.
Start computing 5^13 Delta^11 (x1x2x3)^4... Done.
Start computing 5^14 Delta^12 (x1x2x3)^4... Done.
Start computing aa.
1 2 3 4 5 6 7 8 9 10 11 12 
*/
A = \
[79420999459019617069156060110778,12342415070494957049344502277278,78868978909205057572300019094918,39006229557006379780854320298075,92835393742936984986155116569090,65605969221524268453244193102215,120143029971667213681038446378435,14202102578533335629488143169740,97446344532151450358996510017260,136128645094343614871398049810800,132250247123807103865884618741425,123188005842081860151181563845975;\
132283155343081012329559062264092,14948315563348223287140387611635,37629061803643692676421600374499,91948777910491970889328570956585,125455337071355757198818644023605,36800965276531200933671672416995,48411908314659321056087005563210,82101344593775858349998362933830,78722957815423273284442483663915,25920475765205416275801928117900,140561242808329110606825211933675,39413191797769075343778170981275;\
68338798298634121489317005062507,27657007537922075731167299684252,74488619222624706155584397537192,99918678125057568431680228091870,107090375038816474952271163569590,140357834559987262675542037258585,44678555395801712366209912160475,74312626583274286826666415055770,109859566170189938029274369513120,93208018264348754755761234012600,69603081198855502492761232448475,6864499232758965113064060303950;\
37542715877072463959939610024025,49199084469177088916157895447583,107866489236388753072397383358396,30118062955771966913088940844285,93468380483112490663450737666735,38006496773313684697246315083865,68351319830372972762741389308580,27257027164973555311295329211670,15733380933723946019860082024840,38226338400526250353522027236175,7528611780876957760836111685450,31350330258554592101105820705350;\
108766748193647833566554229366720,124820524552279111409617716745067,99846097074812199272533356263109,23257110456908213172100890006040,36238313411755817741281561567365,129389570217869541863408922973010,136204814571012327630816203961670,54177899015094296298549266896980,58286749949062519478496598942985,58177323279872993139624562802850,52121994640013311466000963761800,81094753475226329148776271846400;\
67674555620682025239562396854827,38932344200085907448686382681676,45759382714362308313591390099867,5882531046871268105463119524945,30169151119821433710592906510885,61783108731453378254704890919575,91393026816386832582637479140155,108834774889197993821059443965595,123426032292496924547503388485190,55619983855512541511843189072750,140838146189021047232045606943650,41927088436723183829089483484125;\
1989103101134283270687364992758,28989821078461117123977082931669,78094509849630204577202428042118,132686270528565556815349128334785,56629711000960065404140095814580,21009543958907041592737947301840,54619562364898591026865389074480,60033157776316559604042897661130,112323243680227768341831852204755,19025809520308246836520350618500,16135971797851778686230480849600,39001726992810104708428260367025;\
71715430480951340277830975805206,92749972976850382000949674790532,66201289449053282195275020565559,107609626119694321901307727779670,17722782584521364389471420988010,119068910410277407200795892080210,62750225574010634090451510391645,7202183721253036006482390206260,60025902923901482281466519502770,108463220661646419016823275230775,94495902321246897355883843942675,108434277720174493151225131631425;\
105509581601685126793067794573467,18170961806119014910522713591387,81047221768635994090770695945406,667334739777912250723722259590,95880714455610837602419239488645,61607266375828530068177353702765,19636364839333324492853328281455,107790858688061173222855299155125,116732630494009578748378589255630,78631340612438088346100457225175,66993002069230714929209016363875,73922944884325615305088244251125;\
119774821903941827733930459992903,16005254316844476264087595817391,54023320187833007198688396949321,138926931246478317940145660837560,137162939937229584536697173561960,79918796861739692456108451164830,85011762576187240328777141332245,110547265284443932674668565339540,110011707628943525606765940808040,13587675232765248883732445191100,9515604925840510129093077462475,105299085129564879254659982581700;\
111274300040201987203797047123253,38027023131876904118716162140632,71623714916442357545026754373225,97706893148119232657189037788885,39386839461879525941754350165420,18680166588233517583850514552595,80756888869951624558346870484520,102144751234067937895868200447570,133875083389627730360710783821930,80390226923744151575067270758150,56970329993750285054240964833850,141442134165092582494458809691550;\
51592697266493215370762586070390,83859665376780395560729833106851,13473486976734027078860976512714,118490425933284734412136237173675,119297890144489439918027560740885,47049532171452275921510016144190,44455152323320299776641921946550,72178249190961319572586023425655,8010038041411336335675594288040,22533332144757740683682081620800,113483492777442099056676187557825,60091967048776539400674549254100]
/* 
This should be the matrix of frobenius!
*/ 
B = A; 
/* Freed 124 lists. */
