/* Comments begin... 
Coefficient of   x^27                     = 1
Coefficient of   x^14 * y^8               = 1
Coefficient of   x^12 * y^7 * z^1         = 0
Coefficient of   x^10 * y^6 * z^2         = 1
Coefficient of   x^8 * y^5 * z^3         = -1
Coefficient of   x^6 * y^4 * z^4         = -1
Coefficient of   x^4 * y^3 * z^5         = 2
Coefficient of   x^2 * y^2 * z^6         = 1
Coefficient of   x^1 * y^16               = 0
Coefficient of   y^1 * z^7               = -2

Here is the polynomial we're using this time:

1*x^27 + 1*x^14*y^8 + 1*x^10*y^6*z^2 + -1*x^8*y^5*z^3 + -1*x^6*y^4*z^4 + 2*x^4*y^3*z^5 + 1*x^2*y^2*z^6 + -2*y^1*z^7

Allocate G_len 20 elements and old = 0.
Allocate M_len = 400 elements.
Allocate G_len 40 elements and old = 20.
Allocate M_len = 800 elements.
Allocate G_len 80 elements and old = 40.
Allocate M_len = 1600 elements.
Not smooth!
Coefficient of   x^27                     = -1
Coefficient of   x^14 * y^8               = 2
Coefficient of   x^12 * y^7 * z^1         = -2
Coefficient of   x^10 * y^6 * z^2         = -1
Coefficient of   x^8 * y^5 * z^3         = 2
Coefficient of   x^6 * y^4 * z^4         = 1
Coefficient of   x^4 * y^3 * z^5         = 0
Coefficient of   x^2 * y^2 * z^6         = 2
Coefficient of   x^1 * y^16               = 2
Coefficient of   y^1 * z^7               = -1

Here is the polynomial we're using this time:

-1*x^27 + 2*x^14*y^8 + -2*x^12*y^7*z^1 + -1*x^10*y^6*z^2 + 2*x^8*y^5*z^3 + 1*x^6*y^4*z^4 + 2*x^2*y^2*z^6 + 2*x^1*y^16 + -1*y^1*z^7

Allocate M_len = 3200 elements.
Allocate G_len 160 elements and old = 80.
Allocate M_len = 6400 elements.
Allocate M_len = 12800 elements.
Allocate G_len 320 elements and old = 160.
Allocate M_len = 25600 elements.
The final length of G is 195
[12, 7, 0, 0]  	187	6 
[26, 0, 0, 0]  	208	8  <--- 1
[10, 6, 2, 0]  	216	7 
[10, 5, 3, 0]  	232	8 
[6, 4, 6, 0]  	274	7 
[24, 6, 1, 0]  	299	13 
[22, 5, 2, 0]  	299	13 
[22, 4, 3, 0]  	315	12 
[9, 19, 0, 0]  	319	9 
[16, 4, 5, 0]  	325	11 
[14, 3, 6, 0]  	325	11 
[11, 3, 7, 0]  	330	9 
[22, 3, 4, 0]  	331	12 
[11, 17, 1, 0]  	338	10 
[14, 2, 7, 0]  	341	10 
[10, 18, 1, 0]  	343	9 
[9, 3, 8, 0]  	343	9 
[20, 3, 5, 0]  	344	10 
[18, 2, 6, 0]  	344	10 
[11, 2, 8, 0]  	346	9 
[22, 2, 5, 0]  	347	10 
[10, 1, 9, 0]  	354	9 
[8, 18, 2, 0]  	356	8 
[7, 3, 9, 0]  	356	8 
[14, 1, 8, 0]  	357	10 
[9, 2, 9, 0]  	359	8 
[8, 16, 3, 0]  	359	8 
[18, 1, 7, 0]  	360	10 
[22, 1, 6, 0]  	363	10 
[7, 17, 3, 0]  	364	8 
[8, 1, 10, 0]  	367	8 
[7, 2, 10, 0]  	372	7 
[6, 16, 4, 0]  	372	7 
[14, 0, 9, 0]  	373	9 
[8, 15, 4, 0]  	375	8 
[18, 0, 8, 0]  	376	9 
[6, 3, 10, 0]  	377	8 
[22, 0, 7, 0]  	379	8 
[8, 0, 11, 0]  	383	8 
[5, 2, 11, 0]  	385	6 
[4, 16, 5, 0]  	385	6 
[12, 0, 10, 0]  	386	8 
[9, 13, 5, 0]  	386	8 
[7, 1, 11, 0]  	388	6 
[6, 15, 5, 0]  	388	7 
[8, 25, 0, 0]  	389	8 
[8, 14, 5, 0]  	391	7 
[8, 23, 1, 0]  	392	8 
[7, 26, 0, 0]  	394	7 
[6, 0, 12, 0]  	396	6 
[5, 14, 6, 0]  	396	6 
[7, 24, 1, 0]  	397	7 
[6, 27, 0, 0]  	399	6 
[5, 12, 7, 0]  	399	6 
[7, 22, 2, 0]  	400	7 
[5, 1, 12, 0]  	401	5 
[4, 15, 6, 0]  	401	5 
[3, 29, 0, 0]  	401	5 
[6, 25, 1, 0]  	402	6 
[5, 10, 8, 0]  	402	6 
[5, 28, 0, 0]  	404	5 
[4, 13, 7, 0]  	404	5 
[5, 8, 9, 0]  	405	6 
[4, 2, 12, 0]  	406	6 
[3, 16, 6, 0]  	406	6 
[4, 11, 8, 0]  	407	5 
[6, 21, 3, 0]  	408	6 
[5, 6, 10, 0]  	408	6 
[4, 0, 13, 0]  	409	5 
[5, 24, 2, 0]  	410	5 
[4, 9, 9, 0]  	410	5 
[3, 1, 13, 0]  	414	5 
[4, 25, 2, 0]  	415	5 
[5, 20, 4, 0]  	416	6 
[4, 5, 11, 0]  	416	6 
[3, 28, 1, 0]  	417	4 
[3, 26, 2, 0]  	420	4 
[4, 21, 4, 0]  	421	5 
[3, 15, 7, 0]  	422	5 
[3, 24, 3, 0]  	423	4 
[3, 13, 8, 0]  	425	4 
[5, 23, 3, 0]  	426	4 
[4, 8, 10, 0]  	426	4 
[3, 22, 4, 0]  	426	4 
[3, 11, 9, 0]  	428	4 
[3, 20, 5, 0]  	429	5 
[3, 0, 14, 0]  	430	4 
[3, 9, 10, 0]  	431	4 
[2, 12, 9, 0]  	433	3 
[3, 7, 11, 0]  	434	4 
[2, 10, 10, 0]  	436	3 
[3, 5, 12, 0]  	437	5 
[2, 8, 11, 0]  	439	3 
[2, 26, 3, 0]  	441	3 
[2, 6, 12, 0]  	442	4 
[2, 15, 8, 0]  	443	4 
[2, 24, 4, 0]  	444	3 
[2, 22, 5, 0]  	447	3 
[1, 25, 4, 0]  	449	2 
[2, 20, 6, 0]  	450	4 
[2, 29, 2, 0]  	451	4 
[1, 23, 5, 0]  	452	2 
[1, 21, 6, 0]  	455	3 
[1, 10, 11, 0]  	457	2 
[2, 34, 0, 0]  	458	4 
[2, 5, 13, 0]  	458	4 
[1, 35, 0, 0]  	463	3 
[2, 1, 15, 0]  	464	4 
[0, 9, 12, 0]  	465	1 
[2, 19, 7, 0]  	466	4 
[0, 36, 0, 0]  	468	2  <--- 2
[1, 29, 3, 0]  	472	3 
[0, 23, 6, 0]  	473	1 
[2, 4, 14, 0]  	474	4 
[1, 7, 13, 0]  	476	2 
[1, 34, 1, 0]  	479	3 
[2, 0, 16, 0]  	480	3 
[0, 8, 13, 0]  	481	1 
[0, 35, 1, 0]  	484	2 
[1, 19, 8, 0]  	487	3 
[0, 22, 7, 0]  	489	1 
[1, 6, 14, 0]  	492	2 
[1, 15, 10, 0]  	493	3 
[1, 33, 2, 0]  	495	3 
[0, 7, 14, 0]  	497	1 
[0, 34, 2, 0]  	500	2 
[1, 0, 17, 0]  	501	2 
[1, 18, 9, 0]  	503	3 
[0, 21, 8, 0]  	505	1 
[1, 5, 15, 0]  	508	2 
[0, 6, 15, 0]  	513	1 
[0, 33, 3, 0]  	516	2 
[0, 20, 9, 0]  	521	1 
[0, 29, 5, 0]  	522	2 
[1, 4, 16, 0]  	524	2 
[0, 5, 16, 0]  	529	1 
[0, 32, 4, 0]  	532	2 
[0, 19, 10, 0]  	537	1 
[0, 4, 17, 0]  	545	1 
[0, 0, 19, 0]  	551	1  <--- 3
[0, 18, 11, 0]  	553	1 
[0, 3, 18, 0]  	561	1 
[12, 6, 1, 1]  	203	8 
[8, 5, 4, 1]  	245	7 
[7, 19, 0, 1]  	303	7 
[18, 4, 4, 1]  	312	12 
[18, 3, 5, 1]  	328	11 
[10, 0, 10, 1]  	370	9 
[7, 0, 11, 1]  	375	7 
[5, 17, 4, 1]  	377	7 
[6, 1, 11, 1]  	380	7 
[7, 14, 5, 1]  	383	7 
[6, 26, 0, 1]  	386	7 
[5, 0, 12, 1]  	388	6 
[6, 24, 1, 1]  	389	7 
[5, 27, 0, 1]  	391	6 
[6, 22, 2, 1]  	392	7 
[4, 1, 12, 1]  	393	6 
[5, 25, 1, 1]  	394	6 
[5, 23, 2, 1]  	397	6 
[5, 21, 3, 1]  	400	6 
[4, 27, 1, 1]  	412	5 
[4, 23, 3, 1]  	418	5 
[2, 30, 1, 1]  	435	5 
[2, 33, 0, 1]  	445	5 
[1, 8, 12, 1]  	460	2 
[1, 20, 7, 1]  	471	3 
[8, 4, 5, 2]  	261	8 
[7, 18, 0, 2]  	290	8 
[9, 17, 2, 2]  	351	9 
[6, 18, 3, 2]  	369	7 
[4, 7, 10, 2]  	413	5 
[3, 21, 4, 47]  	413	4 
[6, 3, 6, 48]  	261	7 
[16, 2, 6, 48]  	328	10 
[5, 3, 10, 48]  	369	6 
[10, 5, 2, 49]  	203	7 
[4, 3, 6, 49]  	245	4 
[16, 3, 5, 49]  	312	9 
[8, 2, 9, 49]  	351	8 
[7, 16, 3, 49]  	351	5 
[7, 13, 5, 49]  	370	7 
[4, 2, 11, 49]  	377	4 
[5, 26, 0, 49]  	378	6 
[5, 15, 5, 49]  	380	4 
[3, 15, 6, 49]  	393	5 
[3, 7, 10, 49]  	405	4 
[3, 25, 2, 49]  	407	4 
[3, 12, 8, 49]  	412	4 
[2, 11, 9, 49]  	420	3 
[2, 1, 14, 49]  	435	4 
[2, 4, 13, 49]  	445	3 
[0, 22, 6, 49]  	460	1 
[0, 34, 1, 49]  	471	2 
[1, 18, 8, 49]  	474	2 
------
The gap is between 3 and 46.
Lengths: 3 3 6 7 3 3.
For 490 = 5*d/2-d1-d2-d3 you get 3 in char 0.
1*x^1*y^17*z^9
1*y^31*z^3
1*y^2*z^16

For 274 = 3*d/2-d1-d2-d3 you get 6 in char 0.
1*x^5*y^18
1*x^4*y^3*z^7
1*x^3*y^17*z^1
1*x^2*y^2*z^8
1*x^1*y^16*z^2
1*y^1*z^9

For 58 = d/2-d1-d2-d3 you get 3 in char 0.
1*x^4*y^2
1*x^2*y^1*z^1
1*z^2

Extra powers of p used 1.
The invariant extra is equal to 4.
Start computing 5^3 Delta^1 (x1x2x3)^4... Done.
Start computing 5^4 Delta^2 (x1x2x3)^4... Done.
Start computing 5^5 Delta^3 (x1x2x3)^4... Done.
Start computing 5^6 Delta^4 (x1x2x3)^4... Done.
Start computing 5^7 Delta^5 (x1x2x3)^4... Done.
Start computing 5^8 Delta^6 (x1x2x3)^4... Done.
Start computing 5^9 Delta^7 (x1x2x3)^4... Done.
Start computing 5^10 Delta^8 (x1x2x3)^4... Done.
Start computing 5^11 Delta^9 (x1x2x3)^4... Done.
Start computing 5^12 Delta^10 (x1x2x3)^4... Done.
Start computing 5^13 Delta^11 (x1x2x3)^4... Done.
Start computing 5^14 Delta^12 (x1x2x3)^4... Done.
Start computing aa.
1 2 3 4 5 6 7 8 9 10 11 12 
*/
A = \
[256916878887534773844380053454080,644701360772936022750837228625380,373358548881211208763149367420415,304437302536681722275707626407275,41589872177634994314134659618100,493808196540993973141274372027900,286057956963256211780385968198950,75014660453110380914091778692875,665313081625219771070758990297275,3175339215510314225478130368875,267655056149642463968224247941500,419115493484301111996852893273875;\
680014089492793364217703027619085,673834286279959946012528186825255,679171191643306610691855027605455,57686303029148203349438200636575,229329634414917188958197167573000,203178134935935415537938650989525,282613973633031341598639098134225,21995129116360756128429131889000,407133799613782864027432251543450,21664121856260217370638712915250,21552424717899742059936610993000,447732711401314182148492638096500;\
347515676211913055574331740343655,430271368175452895683282998040045,96103648221668257441396184772200,248072359345284480035234914515050,142150646516371383890631202161800,370536294751891035881836546196850,464851058943312567276966672973250,287542251288398907544014494776800,608778529205654978027081688284800,69890590130690545187453824602375,526047368948421774798035520740625,690981379833195969596099645071500;\
420520273181036758470900875239570,24013931133980297069429733329265,145596972802177854145165092801115,588227719313578370128986566104825,415405960913846261155396979807700,246838998528714349881575884975850,220943781868366814962072355936150,212306168024603537839088626492850,371257742038715894037929352558850,695466718748202345734398835641000,5253655089940004083337935599625,441354988968176317089751572018125;\
440483073456748509953287848728319,379089237289123697324553630104460,96134768920222012940620652031129,553967451168511181935939634483010,175784012827030646574536548622565,197274885345404682990588703751110,590029722024015376844034909557720,139591035885494722012066323038200,240575813587967414216846880291605,578899403495530619181116552200400,19811859336935225156093367775700,225985737237015676642254404357150;\
105552469439562802446082674683041,608057387050637914034838757857940,394411813388794095364341184399711,614221419705385420630003771138265,329170790692641288556936191911285,245605028953497975305286488421465,434102455806331796138570240979255,265685887298503360392604938616300,660460684649208923737899873218420,38032352150293161757009681437600,618450752160276761116389732782800,519399577589025309443811447701475;\
308827694238020441544395979307508,572600592109964739973923723924785,86817296510869599622444600807763,69511131770575425107889687590345,446925806880232706914128975409955,123477959684100026102044592621570,359878487037271979244900113518765,254449252446315543671203273696000,82889302571406073887110531267835,272576874024773830391676849695300,80846824191091674126702791165900,426815850330655118955408188234425;\
251238724278748471573610677585805,402667889426645742637774088269585,361313035478846343500185995269760,605931420804712223541897385878575,518688751650463772476199885850050,155207987122241299271365633054450,215340213116807246856706169413000,331546386962907856029469666945950,265120623039241689041429110877025,405000518354565592837641516011125,655828072222932925944960712507125,702377164581868578443234187451750;\
482619970458682986247192862634664,546700300193616476016238096020390,210939017431687338641362464336229,620062982175177421866991355768835,512600928159998537619566101394190,406278965029830786506924496820335,566673412307857336735787955906645,571577526449921437159667766798075,401991369803524740709093245421730,705034431521361692978314572682525,31699183393306649148930047264200,565967854952601717858395289152525;\
701364658469934000409869844412822,292617832479915990238721995520920,572812609143816714391213764817957,690006501613343698837028450598480,390088389328488100732320936313195,17996659196301157399471016938130,176818639824291694990454596326835,498089420739499766518140218334550,43039571314429413022363338794265,347903580762374357541422234883450,67039901829787595367668424174100,112038584974450210890780337073825;\
266794258695802674962605705680488,592836434672077991561692039029155,614386354864223048166897864999478,474515024723015628793812036502295,421496408852882351617996739812155,470507264766699347637098278489520,422135791521898488741557641001340,124190322698697126289852838252575,125952430562536889226085594468685,139729701641140626821429031499175,604880725848754239897888724266400,489196173092884123691193555332175;\
372312418157464673855549298748077,512208158389750756640676740293310,348161723448772389108733473023052,125377274664161795152430070404130,630969644313313954702209755147145,195234542003779154444100655419355,649608518300434497245022025716085,167079310609185376831509468133800,37871873750348128798486055078290,400177827816956585040644395295450,204311582244618644973923806048850,241708458536780541980441088325825]
/* 
This matrix times 5^(-1) should be the matrix of frobenius.
*/ 
B = 5^(-1) * A; 
/* Freed 130 lists. */
