/* Comments begin... 
Coefficient of   x^27                     = 2
Coefficient of   x^14 * y^8               = 0
Coefficient of   x^12 * y^7 * z^1         = 1
Coefficient of   x^10 * y^6 * z^2         = 2
Coefficient of   x^8 * y^5 * z^3         = 1
Coefficient of   x^6 * y^4 * z^4         = 2
Coefficient of   x^4 * y^3 * z^5         = 2
Coefficient of   x^2 * y^2 * z^6         = 0
Coefficient of   x^1 * y^16               = 1
Coefficient of   y^1 * z^7               = -1

Here is the polynomial we're using this time:

2*x^27 + 1*x^12*y^7*z^1 + 2*x^10*y^6*z^2 + 1*x^8*y^5*z^3 + 2*x^6*y^4*z^4 + 2*x^4*y^3*z^5 + 1*x^1*y^16 + -1*y^1*z^7

Allocate G_len 20 elements and old = 0.
Allocate M_len = 400 elements.
Allocate G_len 40 elements and old = 20.
Allocate M_len = 800 elements.
Allocate G_len 80 elements and old = 40.
Allocate M_len = 1600 elements.
Allocate M_len = 3200 elements.
Allocate G_len 160 elements and old = 80.
Allocate M_len = 6400 elements.
Allocate M_len = 12800 elements.
Allocate G_len 320 elements and old = 160.
Allocate M_len = 25600 elements.
The final length of G is 178
[12, 7, 0, 0]  	187	6 
[12, 6, 1, 0]  	203	7 
[26, 0, 0, 0]  	208	7  <--- 1
[10, 6, 2, 0]  	216	6 
[8, 5, 4, 0]  	245	7 
[8, 4, 5, 0]  	261	8 
[6, 4, 6, 0]  	274	6 
[7, 18, 0, 0]  	290	7 
[22, 5, 2, 0]  	299	13 
[20, 5, 3, 0]  	312	12 
[18, 4, 4, 0]  	312	12 
[22, 4, 3, 0]  	315	12 
[18, 3, 5, 0]  	328	11 
[11, 3, 7, 0]  	330	8 
[22, 3, 4, 0]  	331	11 
[11, 17, 1, 0]  	338	10 
[16, 3, 6, 0]  	341	10 
[14, 2, 7, 0]  	341	10 
[9, 3, 8, 0]  	343	8 
[11, 2, 8, 0]  	346	9 
[9, 17, 2, 0]  	351	9 
[10, 1, 9, 0]  	354	9 
[6, 17, 3, 0]  	356	5 
[9, 2, 9, 0]  	359	9 
[20, 2, 6, 0]  	360	9 
[18, 1, 7, 0]  	360	9 
[24, 2, 5, 0]  	363	9 
[22, 1, 6, 0]  	363	8 
[8, 3, 9, 0]  	364	8 
[9, 16, 3, 0]  	367	8 
[8, 1, 10, 0]  	367	8 
[7, 2, 10, 0]  	372	7 
[6, 16, 4, 0]  	372	7 
[16, 1, 8, 0]  	373	9 
[7, 0, 11, 0]  	375	7 
[18, 0, 8, 0]  	376	8 
[6, 3, 10, 0]  	377	7 
[5, 17, 4, 0]  	377	7 
[22, 0, 7, 0]  	379	8 
[6, 1, 11, 0]  	380	7 
[7, 14, 5, 0]  	383	7 
[5, 2, 11, 0]  	385	6 
[4, 16, 5, 0]  	385	6 
[6, 15, 5, 0]  	388	6 
[5, 0, 12, 0]  	388	6 
[16, 0, 9, 0]  	389	7 
[6, 24, 1, 0]  	389	7 
[5, 27, 0, 0]  	391	6 
[5, 25, 1, 0]  	394	6 
[5, 23, 2, 0]  	397	6 
[5, 21, 3, 0]  	400	6 
[4, 15, 6, 0]  	401	5 
[3, 29, 0, 0]  	401	5 
[14, 0, 10, 0]  	402	7 
[4, 13, 7, 0]  	404	5 
[5, 8, 9, 0]  	405	6 
[4, 2, 12, 0]  	406	6 
[3, 16, 6, 0]  	406	6 
[5, 6, 10, 0]  	408	6 
[4, 9, 9, 0]  	410	5 
[4, 27, 1, 0]  	412	5 
[3, 1, 13, 0]  	414	5 
[4, 25, 2, 0]  	415	5 
[4, 5, 11, 0]  	416	6 
[3, 28, 1, 0]  	417	4 
[4, 23, 3, 0]  	418	5 
[4, 12, 8, 0]  	420	4 
[3, 26, 2, 0]  	420	4 
[4, 21, 4, 0]  	421	5 
[3, 15, 7, 0]  	422	5 
[3, 24, 3, 0]  	423	4 
[3, 13, 8, 0]  	425	4 
[4, 8, 10, 0]  	426	4 
[3, 22, 4, 0]  	426	4 
[3, 11, 9, 0]  	428	4 
[3, 20, 5, 0]  	429	5 
[3, 0, 14, 0]  	430	4 
[3, 9, 10, 0]  	431	4 
[2, 12, 9, 0]  	433	3 
[3, 7, 11, 0]  	434	4 
[2, 30, 1, 0]  	435	5 
[2, 10, 10, 0]  	436	3 
[3, 5, 12, 0]  	437	5 
[2, 8, 11, 0]  	439	3 
[2, 26, 3, 0]  	441	3 
[2, 6, 12, 0]  	442	4 
[2, 15, 8, 0]  	443	4 
[2, 24, 4, 0]  	444	3 
[2, 33, 0, 0]  	445	5 
[2, 22, 5, 0]  	447	3 
[1, 25, 4, 0]  	449	2 
[2, 20, 6, 0]  	450	4 
[1, 23, 5, 0]  	452	2 
[1, 10, 11, 0]  	457	2 
[1, 8, 12, 0]  	460	2 
[1, 35, 0, 0]  	463	3 
[2, 1, 15, 0]  	464	4 
[0, 9, 12, 0]  	465	1 
[1, 22, 6, 0]  	468	2 
[0, 36, 0, 0]  	468	2  <--- 2
[1, 29, 3, 0]  	472	3 
[0, 23, 6, 0]  	473	1 
[2, 4, 14, 0]  	474	4 
[1, 7, 13, 0]  	476	2 
[2, 0, 16, 0]  	480	3 
[0, 8, 13, 0]  	481	1 
[0, 35, 1, 0]  	484	2 
[0, 22, 7, 0]  	489	1 
[1, 6, 14, 0]  	492	2 
[1, 15, 10, 0]  	493	3 
[0, 7, 14, 0]  	497	1 
[1, 20, 8, 0]  	500	3 
[1, 0, 17, 0]  	501	2 
[1, 18, 9, 0]  	503	3 
[0, 21, 8, 0]  	505	1 
[1, 34, 2, 0]  	508	2 
[1, 5, 15, 0]  	508	2 
[0, 6, 15, 0]  	513	1 
[0, 20, 9, 0]  	521	1 
[0, 29, 5, 0]  	522	2 
[1, 4, 16, 0]  	524	2 
[0, 34, 3, 0]  	529	1 
[0, 5, 16, 0]  	529	1 
[0, 32, 4, 0]  	532	2 
[0, 19, 10, 0]  	537	1 
[0, 4, 17, 0]  	545	1 
[0, 0, 19, 0]  	551	1  <--- 3
[0, 18, 11, 0]  	553	1 
[0, 3, 18, 0]  	561	1 
[10, 5, 3, 1]  	232	8 
[14, 3, 6, 1]  	325	11 
[18, 2, 6, 1]  	344	10 
[22, 2, 5, 1]  	347	10 
[14, 1, 8, 1]  	357	9 
[8, 16, 3, 1]  	359	8 
[10, 0, 10, 1]  	370	8 
[14, 0, 9, 1]  	373	8 
[6, 26, 0, 1]  	386	7 
[4, 1, 12, 1]  	393	6 
[5, 14, 6, 1]  	396	6 
[4, 0, 13, 1]  	409	5 
[4, 7, 10, 1]  	413	5 
[2, 29, 2, 1]  	451	4 
[1, 21, 6, 1]  	455	3 
[2, 5, 13, 1]  	458	4 
[1, 20, 7, 1]  	471	3 
[1, 19, 8, 1]  	487	3 
[0, 34, 2, 1]  	500	2 
[0, 33, 3, 1]  	516	2 
[6, 22, 2, 2]  	392	7 
[5, 12, 7, 2]  	399	6 
[5, 10, 8, 2]  	402	6 
[4, 11, 8, 2]  	407	5 
[1, 34, 1, 2]  	479	3 
[1, 33, 2, 2]  	495	3 
[2, 19, 7, 3]  	466	4 
[4, 25, 1, 48]  	386	5 
[5, 7, 9, 48]  	392	6 
[4, 24, 2, 48]  	402	4 
[3, 25, 2, 48]  	407	4 
[3, 10, 9, 48]  	415	4 
[1, 4, 14, 48]  	466	2 
[8, 4, 4, 49]  	232	6 
[12, 2, 7, 49]  	325	9 
[16, 1, 7, 49]  	344	9 
[20, 1, 6, 49]  	347	6 
[7, 12, 5, 49]  	357	4 
[7, 1, 10, 49]  	359	5 
[5, 25, 0, 49]  	365	6 
[5, 24, 1, 49]  	381	6 
[3, 15, 6, 49]  	393	3 
[3, 24, 2, 49]  	394	2 
[3, 13, 7, 49]  	396	3 
[3, 21, 4, 49]  	413	4 
[2, 0, 15, 49]  	451	3 
[0, 35, 0, 49]  	455	2 
[0, 4, 14, 49]  	458	1 
[1, 33, 1, 49]  	466	3 
------
The gap is between 4 and 47.
Lengths: 3 3 6 6 3 3.
For 490 = 5*d/2-d1-d2-d3 you get 3 in char 0.
1*x^1*y^17*z^9
1*y^31*z^3
1*y^2*z^16

For 274 = 3*d/2-d1-d2-d3 you get 6 in char 0.
1*x^5*y^18
1*x^4*y^3*z^7
1*x^3*y^17*z^1
1*x^2*y^2*z^8
1*x^1*y^16*z^2
1*y^1*z^9

For 58 = d/2-d1-d2-d3 you get 3 in char 0.
1*x^4*y^2
1*x^2*y^1*z^1
1*z^2

Extra powers of p used 0.
The invariant extra is equal to 4.
Start computing 5^3 Delta^1 (x1x2x3)^4... Done.
Start computing 5^4 Delta^2 (x1x2x3)^4... Done.
Start computing 5^5 Delta^3 (x1x2x3)^4... Done.
Start computing 5^6 Delta^4 (x1x2x3)^4... Done.
Start computing 5^7 Delta^5 (x1x2x3)^4... Done.
Start computing 5^8 Delta^6 (x1x2x3)^4... Done.
Start computing 5^9 Delta^7 (x1x2x3)^4... Done.
Start computing 5^10 Delta^8 (x1x2x3)^4... Done.
Start computing 5^11 Delta^9 (x1x2x3)^4... Done.
Start computing 5^12 Delta^10 (x1x2x3)^4... Done.
Start computing 5^13 Delta^11 (x1x2x3)^4... Done.
Start computing 5^14 Delta^12 (x1x2x3)^4... Done.
Start computing aa.
1 2 3 4 5 6 7 8 9 10 11 12 
*/
A = \
[30426917518099368067615529650944,101740125259784364204561901888778,33438702392629882566914240559787,42113320429511127657655535922915,111529945199553404090790386675995,39835831187366691023665667853555,26734948712861880637001088310070,102726887831570346269890084272240,84085498487164578541109616871910,36845617598223360381819886741775,70322167175440948031308458153500,103566846849613448030592361551675;\
119060111769523153441876030335803,22657709497652398922350600480770,137607462038832114350677500006056,58503194855167250856167144172740,131879474352290051870934251336375,126966286430908521027780894543295,28782480504224164208185807812210,40580333033118466308078875535160,78356021851975921725771407888995,78348518535507486992267571881350,99981533466694669236793224722225,70598753874788171923689784954875;\
88534748276596152733610353302274,12540146388119756932195466587243,48213026953766766726082303782524,103115153809884982333557333219815,73198213715412285279600590159000,84232306153594871242447017102930,119627100086444437360691890275150,92953586201570530966110301920850,68351020038163444417280606199380,114237008272775961546787307643950,90106597318382079718346366225700,29780478192867266625221397692000;\
116048379885248409320075990903334,132020437839925546221306845904251,41026876236425353173738894920262,119117732788020506243317600068975,138652694798821442720814718529810,1262929773672667599879883530225,1746085099977090791120439708485,18105829619883119764750534493270,132890968406695868065836644084885,101612914838039265818174818858025,15004301793414240416591843645600,5437705157405993655219430094000;\
4248186008480354520319584520747,54648523242246721016669742578630,105779921452833724732272964597323,66076766043523665686711422439765,65355416741063598238267457421145,2552423967593848456081841468295,65860825174342979013263646261520,104926708240878639597424008944860,38856339113962126222644391295155,40388628045719817861601378981325,32156399085441555542141676417425,34173794367375337836393603056825;\
87188642025278589756395093275961,91448530038714118553166378832439,136108850523257037140991080675706,106829017463130836981644086283105,137454186888575459473908645787740,77639368998495296847490168639180,128704010384219960420347825051925,122170186360069585725159829601465,130288710428019129137659339915240,44172604531450325716802741636800,64144416513556799803979763158800,27813411307580235569735353802025;\
21683846872775148570208397455549,76679659674116594617422637834268,80161890866744064987661533756868,113911971842917772111515637520775,4737892282465576548627500159105,50150189373744118073122777525175,37373767415919493732785216932795,47948515201784864477362317767755,43651078870182526211333406384995,69725769247160930018607496627550,12113260405836596075046451605600,17661711972498293218290426320400;\
15372963007434500391973278601400,25806709498032523622089888556525,19916248699409842886016479963916,25145448407825521211784804901740,104479367188495029027963563686960,116352683263737816721624955432610,41796459794070312903899493207910,115750581347556635832323019475745,35767767356093592588060220967930,24599383011157168759427504227975,63582103284974572422097466046575,33055307401527797694221457372325;\
24169879618541127813803260844145,35511365120435317163339602255771,82759289431046162616544194056807,46765782841058518436669577283520,75637579127334209598886532404225,96425911756922042049808935144495,114924402373845327027097798913330,75979299341501389667641937102990,112830104638025206186552509467520,26791413410842116898033739400125,88430180659059480847438527002300,113531170036254353283201311437175;\
16780092310816704547195980124358,118833049273320467023200892131404,107404426901286402361129654967337,119131122241893078894979692088660,88601850180485029992885733249710,1205826499601982255811877450510,39808357176780033058000872731980,122641425902719558775313527582830,127394118766022747284562514016575,81738492829207169413714057285425,11923024489724198736552181468300,68791241580442059066883890874975;\
84069960479098763969270216364052,43450740753057320534914166298463,4744503385654186813676265859949,116492277404253236333813887797450,89086897393383913430008072067320,89140842259418223779680039500655,13144601968339088765933747762410,118613639099136791453043101030255,103497391844191064069579496031115,24580614045743352155173045453550,40939410032449639388744637433700,84356132448380923931081339122875;\
34111908940365429557135880774204,8983534886777495156337455243009,70949829941551042446635760557487,44908335980938987291972050549915,104730044635370471051172018722335,29933359576358713230173544567045,10996080862365276654623247037080,56628693081908397061465525366125,34184556729329954792377402387365,57330703188621096695533609313150,46441939913667381096769878178775,74038847658464784048034731392525]
/* 
This should be the matrix of frobenius!
*/ 
B = A; 
/* Freed 130 lists. */
