/* Comments begin... 
Coefficient of   x^27                     = 2
Coefficient of   x^14 * y^8               = -2
Coefficient of   x^12 * y^7 * z^1         = -1
Coefficient of   x^10 * y^6 * z^2         = -1
Coefficient of   x^8 * y^5 * z^3         = -2
Coefficient of   x^6 * y^4 * z^4         = -1
Coefficient of   x^4 * y^3 * z^5         = 0
Coefficient of   x^2 * y^2 * z^6         = -2
Coefficient of   x^1 * y^16               = 2
Coefficient of   y^1 * z^7               = -2

Here is the polynomial we're using this time:

2*x^27 + -2*x^14*y^8 + -1*x^12*y^7*z^1 + -1*x^10*y^6*z^2 + -2*x^8*y^5*z^3 + -1*x^6*y^4*z^4 + -2*x^2*y^2*z^6 + 2*x^1*y^16 + -2*y^1*z^7

Allocate G_len 20 elements and old = 0.
Allocate M_len = 400 elements.
Allocate G_len 40 elements and old = 20.
Allocate M_len = 800 elements.
Allocate G_len 80 elements and old = 40.
Allocate M_len = 1600 elements.
Allocate M_len = 3200 elements.
Allocate G_len 160 elements and old = 80.
Allocate M_len = 6400 elements.
Allocate M_len = 12800 elements.
Allocate G_len 320 elements and old = 160.
Allocate M_len = 25600 elements.
The final length of G is 195
[12, 7, 0, 0]  	187	6 
[26, 0, 0, 0]  	208	8  <--- 1
[10, 6, 3, 0]  	245	7 
[8, 5, 4, 0]  	245	7 
[8, 4, 5, 0]  	261	8 
[6, 4, 6, 0]  	274	7 
[7, 18, 0, 0]  	290	8 
[24, 6, 1, 0]  	299	12 
[22, 6, 2, 0]  	312	12 
[20, 5, 3, 0]  	312	12 
[18, 4, 4, 0]  	312	12 
[24, 5, 2, 0]  	315	13 
[22, 4, 3, 0]  	315	13 
[14, 3, 6, 0]  	325	11 
[18, 3, 5, 0]  	328	12 
[11, 3, 7, 0]  	330	9 
[22, 3, 4, 0]  	331	11 
[11, 17, 1, 0]  	338	10 
[14, 2, 7, 0]  	341	10 
[9, 3, 8, 0]  	343	9 
[18, 2, 6, 0]  	344	10 
[11, 2, 8, 0]  	346	9 
[22, 2, 5, 0]  	347	9 
[9, 17, 2, 0]  	351	9 
[11, 16, 2, 0]  	354	10 
[7, 3, 9, 0]  	356	8 
[14, 1, 8, 0]  	357	9 
[8, 16, 3, 0]  	359	8 
[18, 1, 7, 0]  	360	9 
[11, 1, 9, 0]  	362	8 
[22, 1, 6, 0]  	363	9 
[10, 2, 9, 0]  	367	8 
[6, 18, 3, 0]  	369	7 
[10, 0, 10, 0]  	370	8 
[7, 2, 10, 0]  	372	7 
[6, 16, 4, 0]  	372	7 
[14, 0, 9, 0]  	373	8 
[7, 0, 11, 0]  	375	7 
[18, 0, 8, 0]  	376	8 
[6, 3, 10, 0]  	377	7 
[22, 0, 7, 0]  	379	8 
[6, 1, 11, 0]  	380	7 
[5, 2, 11, 0]  	385	7 
[6, 15, 5, 0]  	388	7 
[6, 22, 2, 0]  	392	7 
[5, 16, 5, 0]  	393	7 
[5, 25, 1, 0]  	394	6 
[5, 14, 6, 0]  	396	6 
[5, 23, 2, 0]  	397	6 
[5, 21, 3, 0]  	400	6 
[5, 1, 12, 0]  	401	5 
[4, 15, 6, 0]  	401	6 
[5, 10, 8, 0]  	402	6 
[5, 8, 9, 0]  	405	6 
[4, 2, 12, 0]  	406	6 
[3, 16, 6, 0]  	406	6 
[4, 11, 8, 0]  	407	5 
[4, 9, 9, 0]  	410	5 
[5, 13, 7, 0]  	412	5 
[4, 27, 1, 0]  	412	5 
[4, 7, 10, 0]  	413	5 
[3, 30, 0, 0]  	414	6 
[4, 25, 2, 0]  	415	5 
[5, 20, 4, 0]  	416	6 
[4, 5, 11, 0]  	416	6 
[5, 29, 0, 0]  	417	5 
[4, 14, 7, 0]  	417	4 
[3, 28, 1, 0]  	417	4 
[3, 26, 2, 0]  	420	4 
[4, 21, 4, 0]  	421	5 
[3, 15, 7, 0]  	422	5 
[3, 24, 3, 0]  	423	4 
[3, 13, 8, 0]  	425	4 
[3, 11, 9, 0]  	428	4 
[3, 20, 5, 0]  	429	5 
[3, 9, 10, 0]  	431	4 
[2, 12, 9, 0]  	433	3 
[2, 30, 1, 0]  	435	5 
[2, 10, 10, 0]  	436	3 
[3, 23, 4, 0]  	439	4 
[2, 26, 3, 0]  	441	3 
[2, 6, 12, 0]  	442	4 
[3, 1, 14, 0]  	443	4 
[2, 15, 8, 0]  	443	4 
[2, 24, 4, 0]  	444	3 
[2, 33, 0, 0]  	445	5 
[5, 0, 14, 0]  	446	3 
[3, 8, 11, 0]  	447	3 
[2, 22, 5, 0]  	447	3 
[1, 25, 4, 0]  	449	2 
[2, 20, 6, 0]  	450	4 
[2, 29, 2, 0]  	451	4 
[2, 9, 11, 0]  	452	2 
[1, 23, 5, 0]  	452	2 
[1, 21, 6, 0]  	455	3 
[1, 10, 11, 0]  	457	2 
[2, 5, 13, 0]  	458	4 
[3, 0, 15, 0]  	459	3 
[1, 35, 0, 0]  	463	3 
[2, 1, 15, 0]  	464	4 
[0, 9, 12, 0]  	465	1 
[2, 19, 7, 0]  	466	4 
[1, 20, 7, 0]  	471	3 
[1, 29, 3, 0]  	472	3 
[0, 23, 6, 0]  	473	1 
[2, 4, 14, 0]  	474	4 
[1, 7, 13, 0]  	476	2 
[2, 0, 16, 0]  	480	3 
[0, 37, 0, 0]  	481	1  <--- 2
[0, 8, 13, 0]  	481	1 
[0, 35, 1, 0]  	484	2 
[1, 19, 8, 0]  	487	3 
[0, 22, 7, 0]  	489	1 
[1, 6, 14, 0]  	492	2 
[1, 33, 2, 0]  	495	3 
[0, 7, 14, 0]  	497	1 
[0, 34, 2, 0]  	500	2 
[1, 0, 17, 0]  	501	2 
[1, 18, 9, 0]  	503	3 
[0, 21, 8, 0]  	505	1 
[1, 5, 15, 0]  	508	2 
[0, 6, 15, 0]  	513	1 
[0, 33, 3, 0]  	516	2 
[0, 20, 9, 0]  	521	1 
[0, 29, 5, 0]  	522	2 
[1, 4, 16, 0]  	524	2 
[0, 5, 16, 0]  	529	1 
[0, 32, 4, 0]  	532	2 
[0, 19, 10, 0]  	537	1 
[0, 4, 17, 0]  	545	1 
[0, 0, 19, 0]  	551	1  <--- 3
[0, 18, 11, 0]  	553	1 
[0, 3, 18, 0]  	561	1 
[10, 6, 2, 1]  	216	7 
[22, 5, 2, 1]  	299	13 
[10, 1, 9, 1]  	354	9 
[9, 2, 9, 1]  	359	8 
[7, 17, 3, 1]  	364	8 
[8, 1, 10, 1]  	367	8 
[5, 17, 4, 1]  	377	7 
[7, 14, 5, 1]  	383	7 
[4, 16, 5, 1]  	385	6 
[6, 26, 0, 1]  	386	7 
[5, 0, 12, 1]  	388	6 
[6, 24, 1, 1]  	389	7 
[4, 1, 12, 1]  	393	6 
[5, 12, 7, 1]  	399	6 
[5, 28, 0, 1]  	404	6 
[4, 13, 7, 1]  	404	5 
[5, 6, 10, 1]  	408	6 
[3, 1, 13, 1]  	414	5 
[4, 23, 3, 1]  	418	5 
[3, 22, 4, 1]  	426	4 
[3, 0, 14, 1]  	430	4 
[3, 7, 11, 1]  	434	4 
[3, 5, 12, 1]  	437	5 
[2, 8, 11, 1]  	439	3 
[1, 8, 12, 1]  	460	2 
[1, 34, 1, 1]  	479	3 
[1, 15, 10, 1]  	493	3 
[12, 6, 1, 2]  	203	8 
[10, 5, 3, 2]  	232	8 
[3, 29, 0, 2]  	401	5 
[4, 0, 13, 2]  	409	5 
[0, 36, 0, 2]  	468	2 
[5, 27, 0, 3]  	391	6 
[8, 4, 4, 47]  	232	7 
[3, 14, 7, 47]  	409	4 
[4, 12, 7, 48]  	391	5 
[4, 26, 1, 48]  	399	5 
[3, 27, 1, 48]  	404	4 
[0, 7, 13, 48]  	468	1 
[10, 5, 2, 49]  	203	7 
[8, 4, 3, 49]  	203	5 
[6, 15, 4, 49]  	359	6 
[6, 2, 10, 49]  	364	6 
[4, 13, 6, 49]  	375	4 
[4, 2, 11, 49]  	377	5 
[2, 15, 6, 49]  	385	3 
[5, 11, 7, 49]  	386	3 
[5, 9, 8, 49]  	389	6 
[3, 26, 1, 49]  	391	4 
[3, 13, 7, 49]  	396	4 
[3, 0, 13, 49]  	401	4 
[2, 14, 7, 49]  	401	3 
[4, 20, 4, 49]  	408	4 
[2, 28, 1, 49]  	409	3 
[3, 12, 8, 49]  	412	3 
[2, 13, 8, 49]  	417	3 
[3, 8, 10, 49]  	418	4 
[2, 27, 2, 49]  	425	3 
[1, 21, 5, 49]  	426	2 
[0, 22, 6, 49]  	460	1 
[1, 5, 14, 49]  	479	2 
[0, 29, 4, 49]  	493	2 
------
The gap is between 4 and 46.
Lengths: 3 3 6 6 3 3.
For 490 = 5*d/2-d1-d2-d3 you get 3 in char 0.
1*x^1*y^17*z^9
1*y^31*z^3
1*y^2*z^16

For 274 = 3*d/2-d1-d2-d3 you get 6 in char 0.
1*x^5*y^18
1*x^4*y^3*z^7
1*x^3*y^17*z^1
1*x^2*y^2*z^8
1*x^1*y^16*z^2
1*y^1*z^9

For 58 = d/2-d1-d2-d3 you get 3 in char 0.
1*x^4*y^2
1*x^2*y^1*z^1
1*z^2

Extra powers of p used 0.
The invariant extra is equal to 4.
Start computing 5^3 Delta^1 (x1x2x3)^4... Done.
Start computing 5^4 Delta^2 (x1x2x3)^4... Done.
Start computing 5^5 Delta^3 (x1x2x3)^4... Done.
Start computing 5^6 Delta^4 (x1x2x3)^4... Done.
Start computing 5^7 Delta^5 (x1x2x3)^4... Done.
Start computing 5^8 Delta^6 (x1x2x3)^4... Done.
Start computing 5^9 Delta^7 (x1x2x3)^4... Done.
Start computing 5^10 Delta^8 (x1x2x3)^4... Done.
Start computing 5^11 Delta^9 (x1x2x3)^4... Done.
Start computing 5^12 Delta^10 (x1x2x3)^4... Done.
Start computing 5^13 Delta^11 (x1x2x3)^4... Done.
Start computing 5^14 Delta^12 (x1x2x3)^4... Done.
Start computing aa.
1 2 3 4 5 6 7 8 9 10 11 12 
*/
A = \
[64288136710196132569434018201819,132029537509519869790042926544217,77983447667709588807190614461932,129048574036484803264410101900165,64403821260832716275779178136055,9534273738032982337295615309385,21192008202983009330628992011590,52945706746772227162719921599325,77262947723015321857849207849970,29572830711085203239760201211525,7944201071109403756978841309900,46634651502932201533434337372400;\
21846024881547509969997329558356,118043460298563414969689260995647,10527940161498492805827691869403,3963587625056859756168660669260,74090083797351618434042517715650,80578636308597549365792541366405,112942346393847047672089867249885,132584152765044264890309547948825,87933506035435620530899676243080,19633851898219771703386167213625,78721514600595890932246259940925,119992939695015922079159053504575;\
15812632755139681715208457868348,102135295883087199876037267393697,12579213095207641401948169558956,84166547138806082127420205947465,18813337399392272560028384196330,119870771049544368777112503334990,8128219726652965841550886097150,127643475530460239475850418039425,13638365310514124455854083725495,89176549692371732906524263380450,76344406130324143518608535866975,42738851056312651356037920194800;\
17113348071657251767468317689203,33540721116162294422014067354328,24092510072970742052630416480045,112380692571000462967901194646655,108140132255590558747327651193195,116225509376062202313354992847535,125102059701274867336247130748340,117287024611699151021310045255915,141792359703439224566664972992080,66064994139299445908418653092075,133681530666716680354508313528525,107239302767419095121341182338575;\
60050475795956441341475776449362,14019213499569541434902498567509,41355992046637383634705069216575,43258070486766429514602967419090,31672645552370956029601653967200,122078358872579914542852631485250,67791357267701467093581863146890,130452584857698552468704417641110,17769051851143051598570487871265,3996329601233997453336001606575,109965860618581203084335011012050,127234904878274726476197026810050;\
59019056965633795767323564153578,111380301764613035472345720243906,91330374328578254217250842316587,60923206096149921385320096965385,127690794782853482653860373901590,110143289405375447283676241231865,18191567485618471712162781169740,19081281273227222346686397241580,126495749705401209867036862027635,80365785856211734960478564449050,122314023215777940442712370873800,11842106699771091202312009276975;\
108039138537393053993683344299764,93288032310374769367597751819759,32496334327110400404211586389706,38938445990077876336469422081700,27167316957985417437590263492240,115951767594967238006761475019415,124572739967150332268692733123200,99364085074921406944717012443585,116455805767270492964200213957830,90807208400821072300840742358100,51583731645905720417504085453175,49658876640200472339896657461425;\
123260394797837049512977857352792,115234253077760377370841193443746,40190149501891868487885331804819,37720571023544375621903282986275,112938922468744058003418560501055,72213719825026483957835557751960,117794241418722151777990661255475,61309941706161602989665223877425,37181055024847351672206044737010,70471633473668859132397651276800,119325215646322039939305147162375,84055713211792189999567850666350;\
107226900407819152778878087553402,113231795569551288148138532940648,20505377208504084946455494919838,46514122111285392577521445352055,84014591606235526160508859880795,38698224570639495856665162345,49912609675954234716311128531745,71426279538762387725869394912205,42058357190577436060465912228235,93796010391579362575144397193950,52020852405816466918812573245175,119882732552003116242627334310725;\
59862666743126887520741492619330,54453566248791386276746116398630,62001032654040466487908096820040,57716360917004245579169741748375,52219738902201045253580290580975,93214659464718360976700839447325,114434130943770341005642190181600,66974046274033420416817236093300,138106232911546557105160823187875,7293554835622905411141476216100,32598705533506384669807497463000,15169013882743631516033987399625;\
63096255182184680348224484974031,5995140941944378270952926954715,4012911841853521842696940597987,109683440808864371903930659681565,58158485588013763536487645163580,24486629486035175110586751575980,125956792102994114829627689564130,5401265075455199863663981407435,21382450746463024585355627689790,24163335562156470343809547046725,112555834137416981641620464977900,48332316966064467705165865770950;\
67573842287543031611723544019201,100456290741370958862624287132824,51256866072744265522501296892974,117966318678144060037003190732140,122457870001145513369764391804935,42009256133730339641503282839885,39896694580604791296600363571535,20109182315414552885522805150065,121791960274553545616238396747580,101798954732719526800152709957975,29932222382345307283812926926875,98685430322277829405963943943750]
/* 
This should be the matrix of frobenius!
*/ 
B = A; 
/* Freed 130 lists. */
