/* Comments begin... 
Coefficient of   x^27                     = 2
Coefficient of   x^14 * y^8               = 2
Coefficient of   x^12 * y^7 * z^1         = 0
Coefficient of   x^10 * y^6 * z^2         = 2
Coefficient of   x^8 * y^5 * z^3         = 1
Coefficient of   x^6 * y^4 * z^4         = -2
Coefficient of   x^4 * y^3 * z^5         = 0
Coefficient of   x^2 * y^2 * z^6         = 0
Coefficient of   x^1 * y^16               = -2
Coefficient of   y^1 * z^7               = 0

Here is the polynomial we're using this time:

2*x^27 + 2*x^14*y^8 + 2*x^10*y^6*z^2 + 1*x^8*y^5*z^3 + -2*x^6*y^4*z^4 + -2*x^1*y^16

Allocate G_len 20 elements and old = 0.
Allocate M_len = 400 elements.
Allocate G_len 40 elements and old = 20.
Allocate M_len = 800 elements.
Allocate G_len 80 elements and old = 40.
Allocate M_len = 1600 elements.
Allocate M_len = 3200 elements.
Allocate G_len 160 elements and old = 80.
Not smooth!
Coefficient of   x^27                     = -1
Coefficient of   x^14 * y^8               = 1
Coefficient of   x^12 * y^7 * z^1         = -2
Coefficient of   x^10 * y^6 * z^2         = 0
Coefficient of   x^8 * y^5 * z^3         = 1
Coefficient of   x^6 * y^4 * z^4         = -1
Coefficient of   x^4 * y^3 * z^5         = 0
Coefficient of   x^2 * y^2 * z^6         = 2
Coefficient of   x^1 * y^16               = -1
Coefficient of   y^1 * z^7               = -2

Here is the polynomial we're using this time:

-1*x^27 + 1*x^14*y^8 + -2*x^12*y^7*z^1 + 1*x^8*y^5*z^3 + -1*x^6*y^4*z^4 + 2*x^2*y^2*z^6 + -1*x^1*y^16 + -2*y^1*z^7

Allocate M_len = 6400 elements.
Allocate M_len = 12800 elements.
Allocate G_len 320 elements and old = 160.
Allocate M_len = 25600 elements.
The final length of G is 191
[12, 7, 0, 0]  	187	5 
[12, 6, 1, 0]  	203	8 
[26, 0, 0, 0]  	208	8  <--- 1
[10, 6, 2, 0]  	216	7 
[10, 5, 3, 0]  	232	8 
[8, 4, 5, 0]  	261	8 
[6, 4, 6, 0]  	274	7 
[7, 18, 0, 0]  	290	8 
[22, 5, 2, 0]  	299	11 
[18, 4, 4, 0]  	312	12 
[14, 3, 6, 0]  	325	11 
[18, 3, 5, 0]  	328	11 
[24, 4, 3, 0]  	331	11 
[22, 3, 4, 0]  	331	12 
[12, 3, 7, 0]  	338	10 
[11, 17, 1, 0]  	338	10 
[14, 2, 7, 0]  	341	10 
[9, 3, 8, 0]  	343	9 
[11, 2, 8, 0]  	346	9 
[22, 2, 5, 0]  	347	9 
[10, 1, 9, 0]  	354	9 
[14, 1, 8, 0]  	357	10 
[9, 2, 9, 0]  	359	8 
[8, 16, 3, 0]  	359	8 
[20, 2, 6, 0]  	360	9 
[18, 1, 7, 0]  	360	9 
[22, 1, 6, 0]  	363	9 
[8, 3, 9, 0]  	364	8 
[7, 17, 3, 0]  	364	8 
[8, 1, 10, 0]  	367	8 
[6, 18, 3, 0]  	369	7 
[7, 2, 10, 0]  	372	8 
[14, 0, 9, 0]  	373	8 
[8, 15, 4, 0]  	375	8 
[18, 0, 8, 0]  	376	8 
[6, 3, 10, 0]  	377	8 
[22, 0, 7, 0]  	379	8 
[7, 16, 4, 0]  	380	7 
[6, 1, 11, 0]  	380	7 
[6, 17, 4, 0]  	385	6 
[5, 2, 11, 0]  	385	7 
[12, 0, 10, 0]  	386	7 
[6, 26, 0, 0]  	386	7 
[6, 15, 5, 0]  	388	6 
[9, 0, 11, 0]  	391	6 
[5, 27, 0, 0]  	391	6 
[6, 22, 2, 0]  	392	7 
[4, 1, 12, 0]  	393	6 
[5, 23, 2, 0]  	397	6 
[5, 21, 3, 0]  	400	6 
[4, 15, 6, 0]  	401	6 
[5, 10, 8, 0]  	402	6 
[7, 0, 12, 0]  	404	5 
[5, 8, 9, 0]  	405	6 
[5, 17, 5, 0]  	406	6 
[3, 16, 6, 0]  	406	6 
[5, 26, 1, 0]  	407	5 
[4, 11, 8, 0]  	407	5 
[4, 29, 0, 0]  	409	5 
[4, 0, 13, 0]  	409	5 
[4, 9, 9, 0]  	410	5 
[4, 27, 1, 0]  	412	5 
[4, 7, 10, 0]  	413	5 
[3, 30, 0, 0]  	414	5 
[3, 1, 13, 0]  	414	5 
[4, 25, 2, 0]  	415	5 
[4, 5, 11, 0]  	416	6 
[4, 14, 7, 0]  	417	4 
[3, 28, 1, 0]  	417	4 
[4, 23, 3, 0]  	418	5 
[3, 26, 2, 0]  	420	4 
[3, 15, 7, 0]  	422	5 
[3, 24, 3, 0]  	423	4 
[3, 13, 8, 0]  	425	4 
[3, 22, 4, 0]  	426	4 
[3, 11, 9, 0]  	428	4 
[3, 0, 14, 0]  	430	4 
[3, 9, 10, 0]  	431	4 
[2, 12, 9, 0]  	433	3 
[3, 7, 11, 0]  	434	4 
[2, 30, 1, 0]  	435	5 
[2, 10, 10, 0]  	436	3 
[3, 5, 12, 0]  	437	5 
[2, 8, 11, 0]  	439	3 
[2, 26, 3, 0]  	441	3 
[3, 21, 5, 0]  	442	4 
[2, 6, 12, 0]  	442	4 
[2, 15, 8, 0]  	443	4 
[2, 24, 4, 0]  	444	3 
[2, 22, 5, 0]  	447	3 
[1, 25, 4, 0]  	449	2 
[2, 20, 6, 0]  	450	4 
[2, 29, 2, 0]  	451	4 
[1, 23, 5, 0]  	452	2 
[2, 34, 0, 0]  	458	4 
[2, 5, 13, 0]  	458	4 
[1, 8, 12, 0]  	460	2 
[2, 1, 15, 0]  	464	4 
[0, 9, 12, 0]  	465	1 
[2, 19, 7, 0]  	466	4 
[1, 22, 6, 0]  	468	3 
[1, 20, 7, 0]  	471	3 
[0, 23, 6, 0]  	473	1 
[2, 4, 14, 0]  	474	4 
[1, 36, 0, 0]  	476	2 
[1, 7, 13, 0]  	476	2 
[1, 34, 1, 0]  	479	3 
[2, 0, 16, 0]  	480	3 
[0, 37, 0, 0]  	481	1  <--- 2
[0, 8, 13, 0]  	481	1 
[1, 19, 8, 0]  	487	3 
[0, 22, 7, 0]  	489	1 
[1, 6, 14, 0]  	492	2 
[1, 15, 10, 0]  	493	3 
[1, 33, 2, 0]  	495	3 
[0, 36, 1, 0]  	497	1 
[0, 7, 14, 0]  	497	1 
[0, 34, 2, 0]  	500	2 
[1, 0, 17, 0]  	501	2 
[1, 18, 9, 0]  	503	3 
[0, 21, 8, 0]  	505	1 
[1, 5, 15, 0]  	508	2 
[0, 6, 15, 0]  	513	1 
[0, 33, 3, 0]  	516	2 
[0, 20, 9, 0]  	521	1 
[0, 29, 5, 0]  	522	2 
[1, 4, 16, 0]  	524	2 
[0, 5, 16, 0]  	529	1 
[0, 32, 4, 0]  	532	2 
[0, 19, 10, 0]  	537	1 
[0, 4, 17, 0]  	545	1 
[0, 0, 19, 0]  	551	1  <--- 3
[0, 18, 11, 0]  	553	1 
[0, 3, 18, 0]  	561	1 
[8, 5, 4, 1]  	245	7 
[22, 4, 3, 1]  	315	11 
[11, 3, 7, 1]  	330	9 
[18, 2, 6, 1]  	344	11 
[9, 17, 2, 1]  	351	9 
[7, 3, 9, 1]  	356	8 
[10, 0, 10, 1]  	370	8 
[6, 16, 4, 1]  	372	7 
[7, 0, 11, 1]  	375	7 
[7, 14, 5, 1]  	383	7 
[4, 16, 5, 1]  	385	6 
[5, 0, 12, 1]  	388	6 
[6, 24, 1, 1]  	389	7 
[5, 25, 1, 1]  	394	6 
[5, 14, 6, 1]  	396	6 
[5, 12, 7, 1]  	399	6 
[3, 29, 0, 1]  	401	5 
[4, 13, 7, 1]  	404	5 
[5, 6, 10, 1]  	408	6 
[5, 20, 4, 1]  	416	6 
[4, 21, 4, 1]  	421	5 
[3, 20, 5, 1]  	429	5 
[1, 21, 6, 1]  	455	3 
[1, 10, 11, 1]  	457	2 
[1, 35, 0, 1]  	463	3 
[0, 36, 0, 1]  	468	2 
[0, 35, 1, 1]  	484	2 
[5, 17, 4, 2]  	377	7 
[2, 33, 0, 2]  	445	5 
[1, 29, 3, 2]  	472	3 
[4, 2, 11, 48]  	377	6 
[4, 28, 0, 48]  	396	5 
[2, 4, 13, 48]  	445	4 
[1, 0, 16, 48]  	472	2 
[6, 4, 5, 49]  	245	6 
[20, 3, 4, 49]  	315	8 
[10, 17, 1, 49]  	330	7 
[16, 1, 7, 49]  	344	9 
[8, 2, 9, 49]  	351	7 
[6, 17, 3, 49]  	356	7 
[4, 26, 0, 49]  	370	3 
[5, 1, 11, 49]  	372	5 
[5, 13, 6, 49]  	383	6 
[3, 1, 12, 49]  	385	3 
[4, 14, 6, 49]  	388	4 
[5, 9, 8, 49]  	389	6 
[3, 15, 6, 49]  	393	5 
[4, 10, 8, 49]  	394	4 
[3, 0, 13, 49]  	401	3 
[4, 24, 2, 49]  	402	5 
[3, 27, 1, 49]  	404	3 
[3, 5, 11, 49]  	408	4 
[3, 12, 8, 49]  	412	4 
[2, 4, 12, 49]  	416	3 
[2, 19, 6, 49]  	437	4 
[0, 6, 13, 49]  	455	1 
[0, 24, 5, 49]  	457	1 
------
The gap is between 3 and 47.
Lengths: 3 3 6 6 3 3.
For 490 = 5*d/2-d1-d2-d3 you get 3 in char 0.
1*x^1*y^17*z^9
1*y^31*z^3
1*y^2*z^16

For 274 = 3*d/2-d1-d2-d3 you get 6 in char 0.
1*x^5*y^18
1*x^4*y^3*z^7
1*x^3*y^17*z^1
1*x^2*y^2*z^8
1*x^1*y^16*z^2
1*y^1*z^9

For 58 = d/2-d1-d2-d3 you get 3 in char 0.
1*x^4*y^2
1*x^2*y^1*z^1
1*z^2

Extra powers of p used 0.
The invariant extra is equal to 4.
Start computing 5^3 Delta^1 (x1x2x3)^4... Done.
Start computing 5^4 Delta^2 (x1x2x3)^4... Done.
Start computing 5^5 Delta^3 (x1x2x3)^4... Done.
Start computing 5^6 Delta^4 (x1x2x3)^4... Done.
Start computing 5^7 Delta^5 (x1x2x3)^4... Done.
Start computing 5^8 Delta^6 (x1x2x3)^4... Done.
Start computing 5^9 Delta^7 (x1x2x3)^4... Done.
Start computing 5^10 Delta^8 (x1x2x3)^4... Done.
Start computing 5^11 Delta^9 (x1x2x3)^4... Done.
Start computing 5^12 Delta^10 (x1x2x3)^4... Done.
Start computing 5^13 Delta^11 (x1x2x3)^4... Done.
Start computing 5^14 Delta^12 (x1x2x3)^4... Done.
Start computing aa.
1 2 3 4 5 6 7 8 9 10 11 12 
*/
A = \
[139197147000387669876116023614227,138772681424740189710943518192529,80964315172989019896501550025820,111407522634076767880954736629710,54984707245647168613443276728220,57421160137149507811467182718245,59995178421559857849294110699595,43961083725603050293127537766955,135695366801302340114946081072555,46282429826828132282909859514400,28262045396133938189347303680750,92578328146742830594586610360500;\
50526874057700588668716615186018,85729276575976005839887053046181,44677695843921111066376270438240,99441386506085693675537233477105,126259577256995454869618606543635,136718425740456198130674485100290,63805616120554412352837942756210,53793164258035641046041451501385,22784702447992883165744799776960,70364960146579497420711004839050,138814090753179581309336154331000,123358282460867991595329902744275;\
67724770608831558865449810378982,90195480350860400960463276197673,18454342021439949973199739115739,27912727484243741336557509212335,12484707513814117917745097721025,88632911195284233199796291522035,91007898727436183529321856349530,84873612246030105166446983749405,176196465718334516403772473255,100132884422923769999026176689450,99685180453085747043041406306200,74210725253120003171853196920325;\
14941143141049388218740312744343,96641599154760736962358703973476,108163807539333470563712429655664,24746523891956639327358530934090,55967899852274465739049485964110,85151203273508266454702384789875,33459279343094133544926019038945,15218068886918294555495754043450,22476739016122214339950727233400,77429155860815024672435960152950,97934847451234897106714093386500,82080484202400932523605243718325;\
105498540129359785703325780805353,102957759718471605039597433518198,123443244457601967417927613131961,129314527783718615060509379728255,95204647674615411516767988701645,95513698091091786744558651330760,58657009030590539286921407975515,56612883637860061368984478320560,141900318776245356428702500263920,66159853715144962080513393002975,74270977929087244778116030325200,112692749164574666073140456879275;\
66337127453030365922998868214277,106446061030701891095801593675367,85349810489464711686745600278787,75811174268782382169816694703310,139554637785216356217189686821265,60329970030443839148778708161065,45192363733883892844782993241085,120445714837071093976931272915760,72044404335455857636015392650395,58160186630674853811591054103225,140347791694851130726607088641525,88530845614047409819469102349150;\
64336611160820944660145222043783,35565426868432335900434260890568,141620683226281301113281904889141,89576377729561184560668882630355,117714501555471899076222716406320,77665892808312688660222823414835,71603358266911740776052538409615,112860155485567472132759728911110,65190683878330742903947839240020,2687998535880858777029305116025,35487583261355777794574241280700,55682253543883910020915455684225;\
103598970708333055211154876102678,51808914234968200419824892524773,86970821579660261610469123194354,111358180313341482309289007218760,138814527385040363787069592007295,106796961552700419022365951604805,2750937688878654649657568552610,76180500037446273906264625097595,51549293542905676021434766184445,90243236449478144718516787522925,30202795578619384585836843928100,16929357533163793056027263394550;\
30483479748416984143559793640823,42666438181467054376538061802610,67752351342159511708958339462747,115779825197669083064807788402615,37293129152737073668742797379165,72481157840082492522220622362140,75206220668586226429568037932025,34434078859826740972545765325755,27180909021287644624898044514595,44927617649708605549239654502800,108367901825383611336946166859500,104538894145812882633898816255175;\
1972726889819924489897451729137,76386769782507362363472136964566,87302169663078999600294159334101,99998333969606512076545020281770,136896158605078897434745809013125,38420720468574087875992026890605,38113814110915441309087759231150,21646925960017997204703758917495,35464258144899951407680529354770,113479107756206100100386309829825,139385715480306699860813188858600,92308586772184571462714002385125;\
129183867252175673585072402309707,39642039258886159282197486506703,46697567751125447288462663672002,38456859338906838296198033374185,19662259254305165857790768885875,93856177119339530928996654219715,58547935911829169535352315666655,27724485967260411260626212554330,138753917405549572230179564989185,108940339751483557903659137498050,105951728658114273044940227511500,59025344275839156948163306910525;\
102105750079522213133618913094392,11639747691205969988097385428925,10938767429588278692398089304483,66283888880097203322140600873250,108635090274056723645970093115800,13542776863497596618177444253975,121348939069046649379423545969660,92965234762164071967537246181040,39385018752175259911195309120525,72421355352472420281857709299375,36507027476090748826876097383025,91690772570004720069818228642050]
/* 
This should be the matrix of frobenius!
*/ 
B = A; 
/* Freed 129 lists. */
