/* Comments begin... 
Coefficient of   x^27                     = 1
Coefficient of   x^14 * y^8               = 2
Coefficient of   x^12 * y^7 * z^1         = 1
Coefficient of   x^10 * y^6 * z^2         = -1
Coefficient of   x^8 * y^5 * z^3         = 1
Coefficient of   x^6 * y^4 * z^4         = -1
Coefficient of   x^4 * y^3 * z^5         = 2
Coefficient of   x^2 * y^2 * z^6         = -2
Coefficient of   x^1 * y^16               = 1
Coefficient of   y^1 * z^7               = 2

Here is the polynomial we're using this time:

1*x^27 + 2*x^14*y^8 + 1*x^12*y^7*z^1 + -1*x^10*y^6*z^2 + 1*x^8*y^5*z^3 + -1*x^6*y^4*z^4 + 2*x^4*y^3*z^5 + -2*x^2*y^2*z^6 + 1*x^1*y^16 + 2*y^1*z^7

Allocate G_len 20 elements and old = 0.
Allocate M_len = 400 elements.
Allocate G_len 40 elements and old = 20.
Allocate M_len = 800 elements.
Allocate G_len 80 elements and old = 40.
Allocate M_len = 1600 elements.
Allocate M_len = 3200 elements.
Allocate G_len 160 elements and old = 80.
Allocate M_len = 6400 elements.
Allocate M_len = 12800 elements.
Allocate G_len 320 elements and old = 160.
Allocate M_len = 25600 elements.
The final length of G is 177
[12, 7, 0, 0]  	187	7 
[12, 6, 1, 0]  	203	8 
[26, 0, 0, 0]  	208	8  <--- 1
[10, 6, 2, 0]  	216	7 
[10, 5, 3, 0]  	232	8 
[8, 4, 5, 0]  	261	8 
[6, 4, 6, 0]  	274	7 
[7, 18, 0, 0]  	290	8 
[22, 5, 2, 0]  	299	13 
[22, 4, 3, 0]  	315	12 
[18, 3, 5, 0]  	328	9 
[11, 3, 7, 0]  	330	10 
[22, 3, 4, 0]  	331	12 
[11, 17, 1, 0]  	338	10 
[12, 1, 8, 0]  	341	8 
[9, 3, 8, 0]  	343	9 
[11, 2, 8, 0]  	346	9 
[22, 2, 5, 0]  	347	10 
[9, 17, 2, 0]  	351	9 
[10, 1, 9, 0]  	354	9 
[7, 3, 9, 0]  	356	8 
[16, 2, 7, 0]  	357	9 
[9, 2, 9, 0]  	359	8 
[8, 16, 3, 0]  	359	8 
[20, 2, 6, 0]  	360	9 
[18, 1, 7, 0]  	360	9 
[22, 1, 6, 0]  	363	9 
[7, 17, 3, 0]  	364	8 
[8, 1, 10, 0]  	367	8 
[6, 18, 3, 0]  	369	7 
[10, 0, 10, 0]  	370	8 
[7, 2, 10, 0]  	372	7 
[6, 16, 4, 0]  	372	7 
[14, 0, 9, 0]  	373	8 
[8, 15, 4, 0]  	375	8 
[18, 0, 8, 0]  	376	8 
[6, 3, 10, 0]  	377	7 
[5, 17, 4, 0]  	377	7 
[22, 0, 7, 0]  	379	8 
[5, 2, 11, 0]  	385	6 
[4, 16, 5, 0]  	385	6 
[6, 26, 0, 0]  	386	7 
[7, 1, 11, 0]  	388	6 
[6, 15, 5, 0]  	388	6 
[5, 0, 12, 0]  	388	6 
[6, 24, 1, 0]  	389	7 
[9, 0, 11, 0]  	391	7 
[4, 1, 12, 0]  	393	6 
[5, 14, 6, 0]  	396	6 
[5, 23, 2, 0]  	397	6 
[5, 21, 3, 0]  	400	6 
[4, 15, 6, 0]  	401	5 
[3, 29, 0, 0]  	401	5 
[5, 10, 8, 0]  	402	6 
[5, 28, 0, 0]  	404	6 
[5, 8, 9, 0]  	405	6 
[4, 11, 8, 0]  	407	5 
[5, 6, 10, 0]  	408	6 
[4, 0, 13, 0]  	409	5 
[4, 9, 9, 0]  	410	5 
[5, 13, 7, 0]  	412	5 
[4, 7, 10, 0]  	413	5 
[4, 25, 2, 0]  	415	5 
[4, 5, 11, 0]  	416	6 
[4, 14, 7, 0]  	417	5 
[4, 23, 3, 0]  	418	5 
[3, 26, 2, 0]  	420	4 
[4, 21, 4, 0]  	421	5 
[3, 15, 7, 0]  	422	5 
[3, 24, 3, 0]  	423	4 
[4, 28, 1, 0]  	425	4 
[3, 13, 8, 0]  	425	4 
[3, 22, 4, 0]  	426	4 
[3, 11, 9, 0]  	428	4 
[3, 20, 5, 0]  	429	5 
[2, 12, 9, 0]  	433	3 
[2, 10, 10, 0]  	436	3 
[2, 8, 11, 0]  	439	3 
[2, 26, 3, 0]  	441	3 
[2, 6, 12, 0]  	442	4 
[2, 15, 8, 0]  	443	4 
[2, 24, 4, 0]  	444	3 
[3, 19, 6, 0]  	445	6 
[2, 22, 5, 0]  	447	3 
[1, 25, 4, 0]  	449	2 
[2, 20, 6, 0]  	450	4 
[2, 29, 2, 0]  	451	4 
[1, 23, 5, 0]  	452	2 
[1, 21, 6, 0]  	455	3 
[1, 10, 11, 0]  	457	2 
[2, 34, 0, 0]  	458	5 
[3, 0, 15, 0]  	459	3 
[1, 35, 0, 0]  	463	3 
[0, 9, 12, 0]  	465	1 
[2, 19, 7, 0]  	466	4 
[0, 36, 0, 0]  	468	2  <--- 2
[1, 20, 7, 0]  	471	3 
[1, 29, 3, 0]  	472	3 
[0, 23, 6, 0]  	473	1 
[2, 33, 1, 0]  	474	5 
[1, 7, 13, 0]  	476	2 
[1, 34, 1, 0]  	479	3 
[2, 0, 16, 0]  	480	3 
[0, 8, 13, 0]  	481	1 
[0, 35, 1, 0]  	484	2 
[0, 22, 7, 0]  	489	1 
[1, 6, 14, 0]  	492	2 
[1, 15, 10, 0]  	493	3 
[1, 33, 2, 0]  	495	3 
[0, 7, 14, 0]  	497	1 
[0, 34, 2, 0]  	500	2 
[1, 0, 17, 0]  	501	2 
[2, 4, 15, 0]  	503	3 
[1, 18, 9, 0]  	503	3 
[0, 21, 8, 0]  	505	1 
[1, 5, 15, 0]  	508	2 
[0, 6, 15, 0]  	513	1 
[0, 33, 3, 0]  	516	2 
[0, 20, 9, 0]  	521	1 
[0, 29, 5, 0]  	522	2 
[1, 4, 16, 0]  	524	2 
[0, 5, 16, 0]  	529	1 
[0, 32, 4, 0]  	532	2 
[0, 19, 10, 0]  	537	1 
[0, 4, 17, 0]  	545	1 
[0, 0, 19, 0]  	551	1  <--- 3
[0, 18, 11, 0]  	553	1 
[0, 3, 18, 0]  	561	1 
[8, 5, 4, 1]  	245	5 
[18, 4, 4, 1]  	312	9 
[14, 3, 6, 1]  	325	11 
[18, 2, 6, 1]  	344	10 
[7, 0, 11, 1]  	375	7 
[6, 1, 11, 1]  	380	7 
[7, 14, 5, 1]  	383	7 
[5, 27, 0, 1]  	391	6 
[5, 25, 1, 1]  	394	6 
[5, 12, 7, 1]  	399	6 
[4, 13, 7, 1]  	404	5 
[4, 27, 1, 1]  	412	5 
[3, 9, 10, 1]  	431	4 
[3, 7, 11, 1]  	434	4 
[2, 30, 1, 1]  	435	5 
[2, 33, 0, 1]  	445	5 
[1, 8, 12, 1]  	460	2 
[2, 1, 15, 1]  	464	4 
[3, 16, 6, 2]  	406	6 
[3, 1, 13, 2]  	414	5 
[3, 28, 1, 2]  	417	4 
[3, 0, 14, 2]  	430	4 
[3, 5, 12, 2]  	437	5 
[2, 5, 13, 2]  	458	4 
[2, 4, 14, 2]  	474	4 
[6, 22, 2, 3]  	392	7 
[1, 19, 8, 3]  	487	3 
[0, 33, 2, 45]  	487	2 
[5, 7, 9, 47]  	392	6 
[5, 13, 6, 48]  	383	6 
[2, 15, 7, 48]  	414	4 
[2, 13, 8, 48]  	417	3 
[2, 19, 6, 48]  	437	4 
[1, 29, 2, 48]  	443	3 
[1, 19, 7, 48]  	458	3 
[1, 33, 1, 48]  	466	3 
[1, 18, 8, 48]  	474	3 
[1, 4, 15, 48]  	495	2 
[6, 4, 5, 49]  	245	4 
[12, 1, 7, 49]  	312	7 
[4, 0, 12, 49]  	380	4 
[2, 11, 8, 49]  	391	3 
[4, 10, 8, 49]  	394	3 
[2, 30, 0, 49]  	406	5 
[1, 15, 7, 49]  	406	2 
[3, 25, 2, 49]  	407	2 
[2, 23, 4, 49]  	431	3 
[2, 21, 5, 49]  	434	3 
[0, 22, 6, 49]  	460	1 
------
The gap is between 4 and 44.
Lengths: 3 3 6 6 3 4.
For 490 = 5*d/2-d1-d2-d3 you get 3 in char 0.
1*x^1*y^17*z^9
1*y^31*z^3
1*y^2*z^16

For 274 = 3*d/2-d1-d2-d3 you get 6 in char 0.
1*x^5*y^18
1*x^4*y^3*z^7
1*x^3*y^17*z^1
1*x^2*y^2*z^8
1*x^1*y^16*z^2
1*y^1*z^9

For 58 = d/2-d1-d2-d3 you get 3 in char 0.
1*x^4*y^2
1*x^2*y^1*z^1
1*z^2

Extra powers of p used 1.
The invariant extra is equal to 4.
Start computing 5^3 Delta^1 (x1x2x3)^4... Done.
Start computing 5^4 Delta^2 (x1x2x3)^4... Done.
Start computing 5^5 Delta^3 (x1x2x3)^4... Done.
Start computing 5^6 Delta^4 (x1x2x3)^4... Done.
Start computing 5^7 Delta^5 (x1x2x3)^4... Done.
Start computing 5^8 Delta^6 (x1x2x3)^4... Done.
Start computing 5^9 Delta^7 (x1x2x3)^4... Done.
Start computing 5^10 Delta^8 (x1x2x3)^4... Done.
Start computing 5^11 Delta^9 (x1x2x3)^4... Done.
Start computing 5^12 Delta^10 (x1x2x3)^4... Done.
Start computing 5^13 Delta^11 (x1x2x3)^4... Done.
Start computing 5^14 Delta^12 (x1x2x3)^4... Done.
Start computing aa.
1 2 3 4 5 6 7 8 9 10 11 12 
*/
A = \
[309192533383128849987481023516927,656655260994278795409819995285534,205222382756348527754653986302512,339018495400491051340672513251665,400503854475178531564048658826725,60177284719791476536023092871120,175962884951183369932678947502400,158196356019476592368407208598725,598115836754628956547233205040015,526059241433147756887043308487100,297200878962216633773251668156650,419558026722811974864500876509900;\
596130311729057234740606960556640,277499124634520054226712261334930,141537500581238819278567794343865,78384630318649365157867415140850,340636065928830316017823920130675,632301648849820832792094652036175,160146521340975645096074234358850,664313917781763054808141404435050,241748824463564205729722954012550,255252593792824266329682604910875,53312263969690087447433430025250,626804160767105017684305194093500;\
372582447126765316942511981319148,152144558341761121399657970629936,35562749788593308528999599997913,28715584201015451608419005035210,256292612270671197403230026591650,246808876885352125165369063045805,490709002556829950615772613867250,600349537489295836213361233182050,562579154147939297360690742779410,105030880600958392049164064778025,78478900638459755035134817457100,365991343370575043906125305054725;\
29823721214132041107170977402885,150167821758259027331621594548265,107576728624773506589078894276485,103413900478937888598612001067325,250195775007867304316856892823200,284785935856904455252561819013025,491828085566518391379472668098925,291312853731046444013793311506175,137072622060926656357045663844675,591504708013346844048756833770125,691317534797756861573563178237625,141672843749592228897250606722500;\
242165038326375082031181076272860,364472275029947885583500017601605,530725019963340382123983070508210,49294555031291900323497056667675,187648720841409932414922867854600,107211272671577946549722220083650,696600439393544881528558241506200,150980302301839119889166916416575,669545541234704820850387145852025,404560457833681714740433218452875,659247934284547002538995703150750,347639969748150253870793167374125;\
162890850523403838723100331223289,329965059991110589093938492326383,688941760063771731385594613592209,625315496475912543087754908653005,555552758521418165238456109150100,327405944220281774694087375345690,633334363767588497898806710234025,49684732522126061947534597010250,47496275599584507761250363606905,590008333964410343281354491452825,3633531003417780552887714663925,81568211338981712976318971148800;\
334194679691418062377843824394808,395620218147550325536181454112841,488092443190805034371647461478723,467747817797251862269138533610410,417855164278858057484764997659900,464576431742829597956420437220855,667493290680190602372777094372250,654553933058574515850974364342800,324769025717113944926269058349560,31488739430397788786218224274650,203033377942037711096317457127350,529208432108193532643400144241350;\
683288508647991993810760130028143,480719495071139447272580798849961,514909037359855147052915511671808,616557704132191751773519905853185,242465459125573934308153456465975,599286205322675054231949622546655,276391110171979162465718346427775,591409202803084886630889936897225,521295272270179892385853111903735,673564566580078700265482290004150,183917065161343785454300040434475,708506556796976587057202807820225;\
295617408983723989953631323906888,282103831551374051114953453591691,608718771762965435860907798344278,75913913355525065809579088256410,166414936876695650280791203358925,312927393820724617032001965013855,175910705021170518083040728291300,668133529538632089391637236355725,580224671977466198628060912818085,475971271059244999372685226055275,430155027147485221961527143620225,70565456090469070736374044662475;\
7015062665327528724791615731158,253017287322585240615965541674006,284827103854572911504092453613648,312418230166786669779712646540185,29117399435696462359475991626050,119729989283122270255333822980930,69173401756338236514008333222925,536209584148947646945674676862850,430742012319331860447148927976735,542169672364888823260988221335525,6121369340987222021326389559600,312494720929650034292073571032600;\
21338364703542130630096178961591,248841331223770914459775492393717,67371974957421528721806468402121,127718173881636378097473718275620,489597347301544014606404414961325,633552084591576031410859356810710,95765224784701278915137127361950,705177527524709821093888423962175,47737233365946152939510065334470,119110242735224451192355134457175,189052284157088873504044109073325,287255228064317010221162888138700;\
392515688479761901544139625986453,513153860594108119886640911578566,261801857010798201255395619138993,3438675280860742336978663908835,604548250933598660449491264408450,479858745595092858178971534589780,449283907743576472825105248814450,391066834752502101490326256944375,379870297862844794155427740431260,370814694081888947780139582759525,320929531964602535010370005510100,298271379657599022308179235058100]
/* 
This matrix times 5^(-1) should be the matrix of frobenius.
*/ 
B = 5^(-1) * A; 
/* Freed 129 lists. */
