/* Comments begin... 
Coefficient of   x^27                     = 1
Coefficient of   x^14 * y^8               = 1
Coefficient of   x^12 * y^7 * z^1         = 2
Coefficient of   x^10 * y^6 * z^2         = -2
Coefficient of   x^8 * y^5 * z^3         = -1
Coefficient of   x^6 * y^4 * z^4         = 0
Coefficient of   x^4 * y^3 * z^5         = 2
Coefficient of   x^2 * y^2 * z^6         = 1
Coefficient of   x^1 * y^16               = -1
Coefficient of   y^1 * z^7               = -1

Here is the polynomial we're using this time:

1*x^27 + 1*x^14*y^8 + 2*x^12*y^7*z^1 + -2*x^10*y^6*z^2 + -1*x^8*y^5*z^3 + 2*x^4*y^3*z^5 + 1*x^2*y^2*z^6 + -1*x^1*y^16 + -1*y^1*z^7

Allocate G_len 20 elements and old = 0.
Allocate M_len = 400 elements.
Allocate G_len 40 elements and old = 20.
Allocate M_len = 800 elements.
Allocate G_len 80 elements and old = 40.
Allocate M_len = 1600 elements.
Allocate M_len = 3200 elements.
Allocate G_len 160 elements and old = 80.
Allocate M_len = 6400 elements.
Allocate M_len = 12800 elements.
Allocate G_len 320 elements and old = 160.
Allocate M_len = 25600 elements.
The final length of G is 200
[12, 7, 0, 0]  	187	6 
[26, 0, 0, 0]  	208	8  <--- 1
[8, 4, 5, 0]  	261	8 
[6, 4, 6, 0]  	274	7 
[24, 6, 1, 0]  	299	12 
[22, 6, 2, 0]  	312	13 
[24, 5, 2, 0]  	315	12 
[20, 6, 3, 0]  	325	12 
[14, 3, 6, 0]  	325	11 
[22, 5, 3, 0]  	328	11 
[18, 3, 5, 0]  	328	12 
[11, 3, 7, 0]  	330	10 
[9, 20, 0, 0]  	332	8 
[11, 17, 1, 0]  	338	10 
[20, 5, 4, 0]  	341	11 
[14, 2, 7, 0]  	341	11 
[9, 3, 8, 0]  	343	9 
[11, 2, 8, 0]  	346	10 
[22, 2, 5, 0]  	347	10 
[11, 16, 2, 0]  	354	10 
[8, 18, 2, 0]  	356	8 
[7, 3, 9, 0]  	356	8 
[14, 1, 8, 0]  	357	10 
[10, 17, 2, 0]  	359	8 
[9, 2, 9, 0]  	359	8 
[20, 2, 6, 0]  	360	10 
[18, 1, 7, 0]  	360	10 
[22, 1, 6, 0]  	363	9 
[8, 1, 10, 0]  	367	8 
[12, 1, 9, 0]  	370	10 
[11, 15, 3, 0]  	370	10 
[8, 17, 3, 0]  	372	8 
[7, 2, 10, 0]  	372	7 
[14, 0, 9, 0]  	373	9 
[10, 16, 3, 0]  	375	8 
[18, 0, 8, 0]  	376	8 
[7, 18, 3, 0]  	377	8 
[6, 3, 10, 0]  	377	7 
[11, 0, 10, 0]  	378	8 
[22, 0, 7, 0]  	379	9 
[7, 16, 4, 0]  	380	8 
[9, 15, 4, 0]  	383	8 
[7, 14, 5, 0]  	383	7 
[5, 2, 11, 0]  	385	6 
[4, 16, 5, 0]  	385	6 
[11, 14, 4, 0]  	386	8 
[7, 1, 11, 0]  	388	7 
[6, 15, 5, 0]  	388	6 
[8, 25, 0, 0]  	389	8 
[9, 0, 11, 0]  	391	7 
[8, 23, 1, 0]  	392	8 
[4, 1, 12, 0]  	393	6 
[7, 26, 0, 0]  	394	7 
[6, 0, 12, 0]  	396	6 
[5, 14, 6, 0]  	396	6 
[5, 23, 2, 0]  	397	6 
[6, 27, 0, 0]  	399	6 
[5, 12, 7, 0]  	399	6 
[4, 15, 6, 0]  	401	5 
[6, 25, 1, 0]  	402	6 
[5, 10, 8, 0]  	402	6 
[5, 28, 0, 0]  	404	5 
[4, 13, 7, 0]  	404	5 
[5, 8, 9, 0]  	405	6 
[5, 26, 1, 0]  	407	5 
[4, 11, 8, 0]  	407	5 
[5, 6, 10, 0]  	408	6 
[4, 29, 0, 0]  	409	5 
[4, 0, 13, 0]  	409	5 
[4, 9, 9, 0]  	410	5 
[4, 27, 1, 0]  	412	5 
[4, 7, 10, 0]  	413	5 
[3, 30, 0, 0]  	414	5 
[3, 1, 13, 0]  	414	5 
[4, 5, 11, 0]  	416	6 
[3, 28, 1, 0]  	417	4 
[4, 23, 3, 0]  	418	5 
[3, 15, 7, 0]  	422	5 
[3, 24, 3, 0]  	423	4 
[3, 13, 8, 0]  	425	4 
[3, 11, 9, 0]  	428	4 
[3, 20, 5, 0]  	429	5 
[3, 0, 14, 0]  	430	4 
[3, 9, 10, 0]  	431	4 
[3, 27, 2, 0]  	433	3 
[2, 12, 9, 0]  	433	3 
[3, 7, 11, 0]  	434	4 
[2, 30, 1, 0]  	435	5 
[3, 5, 12, 0]  	437	5 
[3, 23, 4, 0]  	439	4 
[2, 26, 3, 0]  	441	3 
[2, 6, 12, 0]  	442	4 
[2, 15, 8, 0]  	443	4 
[2, 24, 4, 0]  	444	3 
[3, 19, 6, 0]  	445	5 
[2, 33, 0, 0]  	445	5 
[2, 22, 5, 0]  	447	3 
[2, 11, 10, 0]  	449	2 
[1, 25, 4, 0]  	449	2 
[2, 20, 6, 0]  	450	4 
[2, 29, 2, 0]  	451	4 
[2, 9, 11, 0]  	452	2 
[1, 23, 5, 0]  	452	2 
[1, 21, 6, 0]  	455	3 
[1, 10, 11, 0]  	457	2 
[1, 8, 12, 0]  	460	2 
[1, 35, 0, 0]  	463	3 
[2, 1, 15, 0]  	464	4 
[0, 9, 12, 0]  	465	1 
[2, 19, 7, 0]  	466	4 
[0, 36, 0, 0]  	468	2  <--- 2
[1, 20, 7, 0]  	471	3 
[1, 29, 3, 0]  	472	3 
[0, 23, 6, 0]  	473	1 
[2, 4, 14, 0]  	474	4 
[1, 7, 13, 0]  	476	2 
[1, 34, 1, 0]  	479	3 
[2, 0, 16, 0]  	480	3 
[0, 8, 13, 0]  	481	1 
[0, 35, 1, 0]  	484	2 
[1, 19, 8, 0]  	487	3 
[0, 22, 7, 0]  	489	1 
[1, 6, 14, 0]  	492	2 
[1, 15, 10, 0]  	493	3 
[1, 33, 2, 0]  	495	3 
[0, 7, 14, 0]  	497	1 
[0, 34, 2, 0]  	500	2 
[1, 0, 17, 0]  	501	2 
[1, 18, 9, 0]  	503	3 
[0, 21, 8, 0]  	505	1 
[1, 5, 15, 0]  	508	2 
[0, 6, 15, 0]  	513	1 
[0, 33, 3, 0]  	516	2 
[0, 20, 9, 0]  	521	1 
[1, 4, 16, 0]  	524	2 
[0, 5, 16, 0]  	529	1 
[0, 32, 4, 0]  	532	2 
[0, 19, 10, 0]  	537	1 
[0, 4, 17, 0]  	545	1 
[0, 0, 19, 0]  	551	1  <--- 3
[0, 18, 11, 0]  	553	1 
[0, 3, 18, 0]  	561	1 
[12, 6, 1, 1]  	203	7 
[10, 6, 2, 1]  	216	7 
[10, 5, 3, 1]  	232	8 
[8, 5, 4, 1]  	245	7 
[7, 18, 0, 1]  	290	8 
[22, 5, 2, 1]  	299	13 
[18, 4, 4, 1]  	312	12 
[22, 4, 3, 1]  	315	12 
[22, 3, 4, 1]  	331	12 
[9, 17, 2, 1]  	351	9 
[8, 16, 3, 1]  	359	8 
[11, 1, 9, 1]  	362	10 
[7, 17, 3, 1]  	364	8 
[6, 18, 3, 1]  	369	7 
[10, 0, 10, 1]  	370	8 
[6, 16, 4, 1]  	372	7 
[7, 0, 11, 1]  	375	7 
[5, 17, 4, 1]  	377	7 
[6, 1, 11, 1]  	380	7 
[6, 26, 0, 1]  	386	7 
[5, 0, 12, 1]  	388	6 
[6, 24, 1, 1]  	389	7 
[5, 27, 0, 1]  	391	6 
[6, 22, 2, 1]  	392	7 
[3, 29, 0, 1]  	401	5 
[3, 16, 6, 1]  	406	6 
[5, 22, 3, 1]  	413	5 
[4, 25, 2, 1]  	415	5 
[3, 26, 2, 1]  	420	4 
[3, 22, 4, 1]  	426	4 
[2, 10, 10, 1]  	436	3 
[2, 8, 11, 1]  	439	3 
[2, 5, 13, 1]  	458	4 
[0, 29, 5, 1]  	522	2 
[18, 2, 6, 2]  	344	12 
[10, 1, 9, 2]  	354	9 
[5, 25, 1, 2]  	394	6 
[5, 21, 3, 2]  	400	6 
[4, 21, 4, 2]  	421	5 
[16, 1, 7, 47]  	344	9 
[4, 10, 8, 48]  	394	5 
[4, 6, 10, 48]  	400	4 
[3, 6, 11, 48]  	421	4 
[4, 2, 5, 49]  	203	3 
[18, 1, 6, 49]  	331	5 
[8, 15, 3, 49]  	346	7 
[16, 0, 8, 49]  	360	7 
[9, 0, 10, 49]  	362	7 
[3, 1, 12, 49]  	385	3 
[1, 19, 5, 49]  	400	2 
[3, 0, 13, 49]  	401	3 
[2, 30, 0, 49]  	406	3 
[3, 10, 9, 49]  	415	4 
[2, 11, 9, 49]  	420	3 
[2, 25, 3, 49]  	428	3 
[1, 24, 4, 49]  	436	2 
[1, 34, 0, 49]  	450	2 
[0, 0, 18, 49]  	522	1 
------
The gap is between 3 and 46.
Lengths: 3 3 6 7 3 3.
For 490 = 5*d/2-d1-d2-d3 you get 3 in char 0.
1*x^1*y^17*z^9
1*y^31*z^3
1*y^2*z^16

For 274 = 3*d/2-d1-d2-d3 you get 6 in char 0.
1*x^5*y^18
1*x^4*y^3*z^7
1*x^3*y^17*z^1
1*x^2*y^2*z^8
1*x^1*y^16*z^2
1*y^1*z^9

For 58 = d/2-d1-d2-d3 you get 3 in char 0.
1*x^4*y^2
1*x^2*y^1*z^1
1*z^2

Extra powers of p used 1.
The invariant extra is equal to 4.
Start computing 5^3 Delta^1 (x1x2x3)^4... Done.
Start computing 5^4 Delta^2 (x1x2x3)^4... Done.
Start computing 5^5 Delta^3 (x1x2x3)^4... Done.
Start computing 5^6 Delta^4 (x1x2x3)^4... Done.
Start computing 5^7 Delta^5 (x1x2x3)^4... Done.
Start computing 5^8 Delta^6 (x1x2x3)^4... Done.
Start computing 5^9 Delta^7 (x1x2x3)^4... Done.
Start computing 5^10 Delta^8 (x1x2x3)^4... Done.
Start computing 5^11 Delta^9 (x1x2x3)^4... Done.
Start computing 5^12 Delta^10 (x1x2x3)^4... Done.
Start computing 5^13 Delta^11 (x1x2x3)^4... Done.
Start computing 5^14 Delta^12 (x1x2x3)^4... Done.
Start computing aa.
1 2 3 4 5 6 7 8 9 10 11 12 
*/
A = \
[51972442639539626805874934756173,29562331705396739522219656761959,66495684644506869388417547245665,134809891971318370555116858014980,26831446696471033196468662492130,28852537715886994570191720610065,30155578779347542670480841613360,97509841897564946511001341223745,509472500477220902987779756615,44146225558000582852293893924700,59902565310654629056230049563800,34459024099436811446907089542575;\
6003071559029386753943250247207,6328578891119226303106581559187,46033449841791771679138136976189,30120358826728571132685545550945,138975494656016973623678554892505,112968999621007833839509703533180,9898014803213510290516666471725,3152040627209089124612546850030,74396715440825593539343958436355,92415384912534485573312281230775,57130937515329076479399913440375,59072152368177901250929921841275;\
29592452305527533868608426702277,44161450902053661021472314186366,56668093090741891980363552629235,140507554710214535847314598262525,18298256987611797681638067416565,134580759605322581919476110791865,141629437890333135749729259965665,126747799790218878038952763162625,68851598334695713881117549454930,43037483280342109298040086727500,12921144710320201696156448021300,136676061757086028453324289757325;\
56094413139721086552971260920343,127492719276052506421145122455136,81164508338657058759128263032584,48718419207055460241646083075675,7349421790582234287150488598590,132268215629132842585369893801020,15449737096133330021249721360510,5808750038521196933475647297880,74204582698505739040028391467325,79470871575034933309393025525725,12633374067589518903190980870725,49945767292510141007169461332250;\
43816919175290255493246188087628,123728791936328549871387222536874,90786143694862571894500354360892,87109673035408564711814568286800,82270873063220605525333341062915,46349633437131954558776644850060,44083585064330304770035665768625,128476099055516107109732947721890,81289607522296719669245305081540,79546255332627843331773015405095,100757078097293253519126338097550,106332714001071681969736988231550;\
24173160719165935037316203390214,10467453025877900783004983378031,29688457995464783347031512981191,57097892427899382254667724123220,75749208626992031643760523665590,14249749719272446467045574408075,117642265536871468161756223732140,51191991754895206743541144182520,53070495402898432773763168281685,38920305028433322502543440639100,7987985427681033298181530738025,66604328109339081061987022075100;\
126584977712259124087818050348373,133359240753850746906710495997516,13238743346263614011994043894003,8949755175631306252683574127965,121908077790931101229269170251175,141155627506997406881056461779625,2509152018382102642818297478700,67733208586166103865777306763280,42349478999742714417882666702845,67339270669822108661579870265500,59100108837827325232036955644975,38782659981190891633498181639425;\
81225008942463414775440003237317,134195131534553873354714966042958,33219629668948830295796522591786,113805602429408577549801614221835,118391023574392134365481248545690,84939336235756162153566200606040,5455158306173327682533298454360,128860151410502288403617751676235,4041860930185383436025468070545,40520698594720479632147482937165,68764466462934388190010645498000,96281575774565557959841278866725;\
103835418899499258284788290044761,152874399526293354597150256386,44701171224108773138568487114760,52572285057523219953783684310895,9118706362847170466257605874050,136476398352560086581272601260685,75953138825406593328955228910010,83290193524634224503467203879520,25089020793349711035989942334005,128286881760736002233389571517090,73250358770048561220378829414750,134858419385799485595994405721750;\
129822222193686811320131411692471,65752170141969369495250314823845,55721552032015686177493200340030,17135243941249728684652029683220,119286201549010679972558237499365,21017587288666466018214805259095,60031656955893232772535407696920,51898290257302703122914704366755,77065750040736094060492806822800,59770797558105534982571054008475,59133804344361408162946690764450,16651307349352386466342038919975;\
123170371064024955325531628891444,66847255971225847476612305477059,123655682025951180936981878817035,112178658329714665834729940829380,132988533534796126040078222675450,117044453162107215295293434979490,121277450481167603663145379397490,98339333083547622813758705835455,126825592830330671331930882339270,7525949207398314555258008352035,127865720608914784190673092978075,109252741781903947682678704556600;\
97955993572139780760005365764260,90551810312413022158773022257967,59396547758082622890623115942912,90629745195796375363005983670080,97220788372460151963139417683275,123528732053975971375958935804475,8591088706268412156468942600295,50837196387676412934873843137375,56516977812279960183592787313425,12458237384047424244689588333055,86725769556178432279062779902200,5283928752286249312833085048875]
/* 
This should be the matrix of frobenius!
*/ 
B = A; 
/* Freed 130 lists. */
