/* Comments begin... 
Coefficient of   x^27                     = 2
Coefficient of   x^14 * y^8               = -2
Coefficient of   x^12 * y^7 * z^1         = 2
Coefficient of   x^10 * y^6 * z^2         = 0
Coefficient of   x^8 * y^5 * z^3         = 0
Coefficient of   x^6 * y^4 * z^4         = -2
Coefficient of   x^4 * y^3 * z^5         = 0
Coefficient of   x^2 * y^2 * z^6         = -2
Coefficient of   x^1 * y^16               = -2
Coefficient of   y^1 * z^7               = 1

Here is the polynomial we're using this time:

2*x^27 + -2*x^14*y^8 + 2*x^12*y^7*z^1 + -2*x^6*y^4*z^4 + -2*x^2*y^2*z^6 + -2*x^1*y^16 + 1*y^1*z^7

Allocate G_len 20 elements and old = 0.
Allocate M_len = 400 elements.
Allocate G_len 40 elements and old = 20.
Allocate M_len = 800 elements.
Allocate G_len 80 elements and old = 40.
Allocate M_len = 1600 elements.
Allocate M_len = 3200 elements.
Allocate G_len 160 elements and old = 80.
Allocate M_len = 6400 elements.
Allocate M_len = 12800 elements.
Allocate G_len 320 elements and old = 160.
The final length of G is 157
[12, 7, 0, 0]  	187	4 
[12, 6, 1, 0]  	203	7 
[26, 0, 0, 0]  	208	7  <--- 1
[8, 5, 3, 0]  	216	6 
[8, 4, 5, 0]  	261	8 
[6, 4, 6, 0]  	274	7 
[7, 18, 0, 0]  	290	8 
[20, 4, 3, 0]  	299	9 
[18, 4, 4, 0]  	312	9 
[20, 3, 4, 0]  	315	10 
[14, 3, 6, 0]  	325	11 
[16, 2, 6, 0]  	328	9 
[11, 3, 7, 0]  	330	9 
[11, 17, 1, 0]  	338	10 
[9, 3, 8, 0]  	343	9 
[11, 2, 8, 0]  	346	9 
[22, 2, 5, 0]  	347	9 
[11, 16, 2, 0]  	354	9 
[7, 3, 9, 0]  	356	8 
[14, 1, 8, 0]  	357	9 
[10, 17, 2, 0]  	359	8 
[9, 2, 9, 0]  	359	8 
[11, 1, 9, 0]  	362	8 
[22, 1, 6, 0]  	363	9 
[7, 17, 3, 0]  	364	8 
[8, 1, 10, 0]  	367	8 
[6, 18, 3, 0]  	369	7 
[10, 0, 10, 0]  	370	8 
[7, 2, 10, 0]  	372	7 
[6, 16, 4, 0]  	372	7 
[14, 0, 9, 0]  	373	8 
[7, 0, 11, 0]  	375	7 
[20, 1, 7, 0]  	376	8 
[18, 0, 8, 0]  	376	8 
[6, 3, 10, 0]  	377	7 
[5, 17, 4, 0]  	377	7 
[22, 0, 7, 0]  	379	8 
[6, 1, 11, 0]  	380	7 
[7, 14, 5, 0]  	383	7 
[5, 2, 11, 0]  	385	6 
[4, 16, 5, 0]  	385	6 
[6, 15, 5, 0]  	388	6 
[5, 0, 12, 0]  	388	6 
[6, 24, 1, 0]  	389	7 
[5, 27, 0, 0]  	391	6 
[6, 22, 2, 0]  	392	7 
[4, 1, 12, 0]  	393	6 
[5, 23, 2, 0]  	397	6 
[5, 12, 7, 0]  	399	6 
[5, 21, 3, 0]  	400	6 
[4, 15, 6, 0]  	401	5 
[3, 29, 0, 0]  	401	5 
[5, 10, 8, 0]  	402	6 
[4, 13, 7, 0]  	404	5 
[5, 8, 9, 0]  	405	6 
[3, 16, 6, 0]  	406	6 
[5, 26, 1, 0]  	407	5 
[4, 11, 8, 0]  	407	5 
[5, 6, 10, 0]  	408	6 
[4, 0, 13, 0]  	409	5 
[4, 9, 9, 0]  	410	5 
[4, 27, 1, 0]  	412	5 
[4, 7, 10, 0]  	413	5 
[3, 1, 13, 0]  	414	5 
[4, 25, 2, 0]  	415	5 
[3, 28, 1, 0]  	417	4 
[3, 26, 2, 0]  	420	4 
[4, 21, 4, 0]  	421	5 
[3, 15, 7, 0]  	422	5 
[3, 24, 3, 0]  	423	4 
[3, 22, 4, 0]  	426	4 
[3, 11, 9, 0]  	428	4 
[4, 6, 11, 0]  	429	5 
[3, 20, 5, 0]  	429	5 
[3, 0, 14, 0]  	430	4 
[3, 9, 10, 0]  	431	4 
[2, 12, 9, 0]  	433	3 
[3, 7, 11, 0]  	434	4 
[2, 30, 1, 0]  	435	5 
[2, 10, 10, 0]  	436	3 
[3, 5, 12, 0]  	437	5 
[2, 26, 3, 0]  	441	3 
[2, 6, 12, 0]  	442	4 
[2, 15, 8, 0]  	443	4 
[2, 24, 4, 0]  	444	3 
[2, 33, 0, 0]  	445	5 
[2, 22, 5, 0]  	447	3 
[1, 25, 4, 0]  	449	2 
[2, 20, 6, 0]  	450	4 
[2, 29, 2, 0]  	451	4 
[1, 23, 5, 0]  	452	2 
[1, 21, 6, 0]  	455	3 
[1, 10, 11, 0]  	457	2 
[2, 5, 13, 0]  	458	4 
[1, 8, 12, 0]  	460	2 
[2, 1, 15, 0]  	464	4 
[0, 9, 12, 0]  	465	1 
[2, 19, 7, 0]  	466	4 
[0, 36, 0, 0]  	468	2  <--- 2
[1, 20, 7, 0]  	471	3 
[1, 29, 3, 0]  	472	3 
[0, 23, 6, 0]  	473	1 
[2, 4, 14, 0]  	474	4 
[1, 7, 13, 0]  	476	2 
[2, 0, 16, 0]  	480	3 
[0, 8, 13, 0]  	481	1 
[1, 19, 8, 0]  	487	3 
[0, 22, 7, 0]  	489	1 
[1, 6, 14, 0]  	492	2 
[1, 15, 10, 0]  	493	3 
[1, 33, 2, 0]  	495	3 
[0, 7, 14, 0]  	497	1 
[0, 34, 2, 0]  	500	2 
[1, 0, 17, 0]  	501	2 
[1, 18, 9, 0]  	503	3 
[0, 21, 8, 0]  	505	1 
[1, 5, 15, 0]  	508	2 
[0, 6, 15, 0]  	513	1 
[0, 33, 3, 0]  	516	2 
[0, 20, 9, 0]  	521	1 
[0, 29, 5, 0]  	522	2 
[1, 4, 16, 0]  	524	2 
[0, 5, 16, 0]  	529	1 
[0, 32, 4, 0]  	532	2 
[0, 19, 10, 0]  	537	1 
[0, 4, 17, 0]  	545	1 
[0, 0, 19, 0]  	551	1  <--- 3
[0, 18, 11, 0]  	553	1 
[0, 3, 18, 0]  	561	1 
[14, 2, 7, 1]  	341	10 
[9, 17, 2, 1]  	351	9 
[18, 1, 7, 1]  	360	9 
[6, 26, 0, 1]  	386	7 
[5, 25, 1, 1]  	394	6 
[5, 14, 6, 1]  	396	6 
[4, 23, 3, 1]  	418	5 
[3, 13, 8, 1]  	425	4 
[2, 8, 11, 1]  	439	3 
[1, 35, 0, 1]  	463	3 
[1, 34, 1, 1]  	479	3 
[0, 35, 1, 2]  	484	2 
[4, 5, 11, 3]  	416	6 
[3, 19, 5, 47]  	416	5 
[0, 6, 14, 48]  	484	1 
[12, 1, 8, 49]  	341	7 
[8, 2, 9, 49]  	351	6 
[16, 0, 8, 49]  	360	7 
[5, 11, 7, 49]  	386	5 
[4, 10, 8, 49]  	394	5 
[4, 28, 0, 49]  	396	5 
[3, 8, 10, 49]  	418	4 
[2, 27, 2, 49]  	425	2 
[1, 22, 5, 49]  	439	2 
[0, 8, 12, 49]  	452	1 
[1, 6, 13, 49]  	463	2 
[1, 5, 14, 49]  	479	2 
[0, 20, 8, 49]  	492	1 
------
The gap is between 4 and 46.
Lengths: 3 3 6 6 3 3.
For 490 = 5*d/2-d1-d2-d3 you get 3 in char 0.
1*x^1*y^17*z^9
1*y^31*z^3
1*y^2*z^16

For 274 = 3*d/2-d1-d2-d3 you get 6 in char 0.
1*x^5*y^18
1*x^4*y^3*z^7
1*x^3*y^17*z^1
1*x^2*y^2*z^8
1*x^1*y^16*z^2
1*y^1*z^9

For 58 = d/2-d1-d2-d3 you get 3 in char 0.
1*x^4*y^2
1*x^2*y^1*z^1
1*z^2

Extra powers of p used 0.
The invariant extra is equal to 4.
Start computing 5^3 Delta^1 (x1x2x3)^4... Done.
Start computing 5^4 Delta^2 (x1x2x3)^4... Done.
Start computing 5^5 Delta^3 (x1x2x3)^4... Done.
Start computing 5^6 Delta^4 (x1x2x3)^4... Done.
Start computing 5^7 Delta^5 (x1x2x3)^4... Done.
Start computing 5^8 Delta^6 (x1x2x3)^4... Done.
Start computing 5^9 Delta^7 (x1x2x3)^4... Done.
Start computing 5^10 Delta^8 (x1x2x3)^4... Done.
Start computing 5^11 Delta^9 (x1x2x3)^4... Done.
Start computing 5^12 Delta^10 (x1x2x3)^4... Done.
Start computing 5^13 Delta^11 (x1x2x3)^4... Done.
Start computing 5^14 Delta^12 (x1x2x3)^4... Done.
Start computing aa.
1 2 3 4 5 6 7 8 9 10 11 12 
*/
A = \
[20666111191419928781685732180323,34393036554815635050705292227621,59025602790956057092446865788719,140448773574092459574667790688655,85614087154769245188158964389410,84308538236390626212806867288255,9943986473354640524903935877725,30402115192021092646296285548355,58733016435123712393642609569995,108440784288446109113813733804650,117307931156438981269698766575150,110315237683656057466603610241825;\
93126225618522496527412095818102,28671046916968156046373420380129,68875202454256787821765118998171,66552571528608682771792745364630,131971000924370689539966890353245,59572028380628629898576054076965,107003264120616985086796027388115,24425472115561068263788659101525,35520334583377782740478879863265,131569272906603127952853252319275,28760518483863992182915805315875,81227055550767525395211223318275;\
78003754191573442821051433752408,25533469219916941879426218468988,24290708348979905193352685585923,124934371074745026166862457687925,115038486536745598312327661654815,9558212010931979406211968421875,123344605078275596591609298252905,30575726869644069635246713607635,11990722972228532627840095924210,78009618210858206620986498418025,60780781807605949325208941295250,86118583697005586618033700208800;\
25290914495071666986069423959309,138225021810265050823514347316253,140606497059209658331836082584046,90370554337537725261885097183725,139049607677247946070343543587425,76942730689787220355672249802535,122111943895652512902826364548780,95221170836342300245919317060285,20667992464022328987262555463800,140744021410866467945251627627475,7519410406483480022095908274650,50524268834241388966069145344350;\
462696097123954205943496443923,140820489127479797408171986559004,73127201669179022906998781161008,62043130342045890945368109577750,90180535148384601123903758970005,28055623672879457326361759184530,68444806532759645373616778875165,77797097393739548571279241798140,90542667365542955090327206448845,124994953941368965206611935706650,134059599466803490981595292960725,102411383199777436218809889867950;\
91585757931975281091032426431150,16778439726334577199880869071309,117943195161933801450741838700158,57710863512236059717579330078615,96302908460598016569188478363095,44503825889152303586501038289190,60258195901451879658224665405190,96487413777588665479373772051135,56794619985077850260897737347655,16841811685663179648279821164350,77704164133374974161007841717175,11577633850144958374949700491175;\
49007991603850718818512301497550,62169154799446051208118333122612,68634459334084261266329993296959,70821677492218246506190442568715,52450515100460199739581585588470,72976986740419968626726581198025,136884928429983103671451036089605,98051941689750470130419234483465,123676820808534035607518696432055,29647488202678070694822491443625,80806673786669009118184470322375,51953604520396960465705772706550;\
41511284124345171968855928474606,57074667554290734678435684065415,132652180889966150378421555225088,16752884888260250262868732411975,125319969114775454152110745501045,110512833835168352488383954148965,43015704990013536192392077040940,104087895035393750750319591608535,141050444069540573454789911633205,87680096842915609873201273619000,85554343015865578773128828228525,97476531207509770178597065922725;\
84494601101672446208709826331483,104382676302439657473907680662107,10801586383110030380839123960054,119832852399094223287086915379385,8523643497052626819472255240760,94133703272856360734075174800955,117476907582991789664110290888085,62931815739502479352466474027875,32123321782201419128897027644315,36273082209183623335908981277450,47264768130409120398080215572525,11847931523632070042565352705750;\
112377110636626703026662598069951,53737424884220470124676851370348,73048926785116897639513404386767,94745516270311546015337589309000,16714379349177080001101640002950,9812273417492587197480477218690,113483468184906747318734295631800,68441217125854001206429140045580,12738215054436329448275379545430,137031127879375998401928826475050,115776174044176157373207753321525,51044479885393073497749836253125;\
82126450947790462070756757937894,72842515924974440391125704650346,45005696153634022257025988994199,140994675073778281977638328330230,14605892236572734768506886135485,113512168067084913533881608943075,33467293743656240828927971234970,63268685515201379901453878604375,49873478676527290971383288405450,39601839120913046586866149853675,50030724540492258314683963602700,112652398021398953270797426335550;\
4248834682537135858700872416178,103433417742073083732397523091154,105829346828365817412610599697961,43618417792122782753715018873450,133378359788286489602974925216900,74474215437760270562011570265745,140962109415886049739462369433225,141687696132855069238554176905240,35106317381260880102012390781340,28004912611203991823754046071625,87894470164269636786306187864325,104182398742467604344718749724875]
/* 
This should be the matrix of frobenius!
*/ 
B = A; 
/* Freed 130 lists. */
