/* Comments begin... 
Coefficient of   x^27                     = -2
Coefficient of   x^14 * y^8               = 0
Coefficient of   x^12 * y^7 * z^1         = -1
Coefficient of   x^10 * y^6 * z^2         = 1
Coefficient of   x^8 * y^5 * z^3         = -1
Coefficient of   x^6 * y^4 * z^4         = 0
Coefficient of   x^4 * y^3 * z^5         = 0
Coefficient of   x^2 * y^2 * z^6         = -2
Coefficient of   x^1 * y^16               = 2
Coefficient of   y^1 * z^7               = -2

Here is the polynomial we're using this time:

-2*x^27 + -1*x^12*y^7*z^1 + 1*x^10*y^6*z^2 + -1*x^8*y^5*z^3 + -2*x^2*y^2*z^6 + 2*x^1*y^16 + -2*y^1*z^7

Allocate G_len 20 elements and old = 0.
Allocate M_len = 400 elements.
Allocate G_len 40 elements and old = 20.
Allocate M_len = 800 elements.
Allocate G_len 80 elements and old = 40.
Allocate M_len = 1600 elements.
Allocate M_len = 3200 elements.
Allocate G_len 160 elements and old = 80.
Allocate M_len = 6400 elements.
Allocate M_len = 12800 elements.
Allocate G_len 320 elements and old = 160.
The final length of G is 177
[12, 7, 0, 0]  	187	5 
[12, 6, 1, 0]  	203	6 
[26, 0, 0, 0]  	208	6  <--- 1
[10, 6, 2, 0]  	216	5 
[10, 5, 3, 0]  	232	7 
[8, 5, 4, 0]  	245	5 
[7, 18, 0, 0]  	290	8 
[22, 5, 2, 0]  	299	11 
[16, 4, 5, 0]  	325	11 
[18, 3, 5, 0]  	328	11 
[11, 3, 7, 0]  	330	9 
[20, 2, 5, 0]  	331	10 
[14, 4, 6, 0]  	338	9 
[11, 17, 1, 0]  	338	9 
[16, 3, 6, 0]  	341	10 
[14, 2, 7, 0]  	341	10 
[18, 2, 6, 0]  	344	9 
[11, 2, 8, 0]  	346	8 
[20, 1, 6, 0]  	347	10 
[10, 3, 8, 0]  	351	9 
[9, 17, 2, 0]  	351	9 
[10, 1, 9, 0]  	354	9 
[9, 4, 8, 0]  	356	9 
[14, 1, 8, 0]  	357	9 
[9, 2, 9, 0]  	359	8 
[8, 16, 3, 0]  	359	8 
[18, 1, 7, 0]  	360	9 
[8, 3, 9, 0]  	364	8 
[7, 17, 3, 0]  	364	8 
[8, 1, 10, 0]  	367	8 
[7, 4, 9, 0]  	369	7 
[6, 18, 3, 0]  	369	7 
[10, 0, 10, 0]  	370	8 
[7, 2, 10, 0]  	372	7 
[6, 16, 4, 0]  	372	7 
[14, 0, 9, 0]  	373	9 
[7, 0, 11, 0]  	375	7 
[18, 0, 8, 0]  	376	9 
[6, 3, 10, 0]  	377	7 
[5, 17, 4, 0]  	377	7 
[22, 0, 7, 0]  	379	9 
[6, 1, 11, 0]  	380	7 
[7, 14, 5, 0]  	383	7 
[5, 2, 11, 0]  	385	6 
[4, 16, 5, 0]  	385	6 
[7, 12, 6, 0]  	386	7 
[6, 26, 0, 0]  	386	7 
[6, 15, 5, 0]  	388	6 
[5, 0, 12, 0]  	388	6 
[7, 10, 7, 0]  	389	7 
[6, 24, 1, 0]  	389	7 
[5, 27, 0, 0]  	391	6 
[7, 8, 8, 0]  	392	7 
[6, 22, 2, 0]  	392	7 
[4, 1, 12, 0]  	393	6 
[6, 11, 7, 0]  	394	6 
[5, 25, 1, 0]  	394	6 
[5, 14, 6, 0]  	396	6 
[6, 9, 8, 0]  	397	6 
[5, 23, 2, 0]  	397	6 
[5, 12, 7, 0]  	399	6 
[6, 7, 9, 0]  	400	6 
[5, 21, 3, 0]  	400	6 
[4, 15, 6, 0]  	401	5 
[3, 29, 0, 0]  	401	5 
[5, 10, 8, 0]  	402	6 
[4, 13, 7, 0]  	404	5 
[5, 8, 9, 0]  	405	6 
[3, 16, 6, 0]  	406	6 
[4, 11, 8, 0]  	407	5 
[5, 6, 10, 0]  	408	6 
[4, 0, 13, 0]  	409	5 
[4, 9, 9, 0]  	410	5 
[4, 27, 1, 0]  	412	5 
[4, 7, 10, 0]  	413	5 
[3, 1, 13, 0]  	414	5 
[4, 25, 2, 0]  	415	5 
[4, 5, 11, 0]  	416	6 
[3, 28, 1, 0]  	417	4 
[4, 23, 3, 0]  	418	5 
[3, 15, 7, 0]  	422	5 
[3, 24, 3, 0]  	423	4 
[3, 22, 4, 0]  	426	4 
[3, 20, 5, 0]  	429	5 
[3, 0, 14, 0]  	430	4 
[3, 9, 10, 0]  	431	4 
[3, 27, 2, 0]  	433	4 
[3, 7, 11, 0]  	434	4 
[2, 10, 10, 0]  	436	3 
[3, 5, 12, 0]  	437	5 
[2, 8, 11, 0]  	439	3 
[2, 26, 3, 0]  	441	3 
[2, 6, 12, 0]  	442	4 
[2, 15, 8, 0]  	443	4 
[2, 24, 4, 0]  	444	3 
[2, 33, 0, 0]  	445	5 
[2, 22, 5, 0]  	447	3 
[2, 20, 6, 0]  	450	4 
[2, 29, 2, 0]  	451	4 
[1, 23, 5, 0]  	452	2 
[1, 21, 6, 0]  	455	3 
[1, 10, 11, 0]  	457	2 
[2, 5, 13, 0]  	458	4 
[1, 8, 12, 0]  	460	2 
[1, 35, 0, 0]  	463	3 
[2, 1, 15, 0]  	464	4 
[0, 9, 12, 0]  	465	1 
[2, 19, 7, 0]  	466	4 
[0, 36, 0, 0]  	468	2  <--- 2
[0, 23, 6, 0]  	473	1 
[2, 4, 14, 0]  	474	4 
[1, 7, 13, 0]  	476	2 
[1, 34, 1, 0]  	479	3 
[0, 8, 13, 0]  	481	1 
[0, 35, 1, 0]  	484	2 
[0, 22, 7, 0]  	489	1 
[1, 6, 14, 0]  	492	2 
[1, 15, 10, 0]  	493	3 
[1, 33, 2, 0]  	495	3 
[0, 7, 14, 0]  	497	1 
[0, 34, 2, 0]  	500	2 
[1, 18, 9, 0]  	503	3 
[0, 21, 8, 0]  	505	1 
[1, 5, 15, 0]  	508	2 
[2, 0, 17, 0]  	509	2 
[0, 6, 15, 0]  	513	1 
[0, 33, 3, 0]  	516	2 
[0, 20, 9, 0]  	521	1 
[0, 29, 5, 0]  	522	2 
[0, 5, 16, 0]  	529	1 
[1, 0, 18, 0]  	530	1 
[0, 19, 10, 0]  	537	1 
[0, 4, 17, 0]  	545	1 
[0, 0, 19, 0]  	551	1  <--- 3
[0, 18, 11, 0]  	553	1 
[0, 3, 18, 0]  	561	1 
[8, 4, 5, 1]  	261	8 
[6, 4, 6, 1]  	274	7 
[18, 4, 4, 1]  	312	11 
[22, 4, 3, 1]  	315	11 
[14, 3, 6, 1]  	325	10 
[9, 3, 8, 1]  	343	9 
[3, 26, 2, 1]  	420	4 
[4, 21, 4, 1]  	421	5 
[3, 13, 8, 1]  	425	4 
[3, 11, 9, 1]  	428	4 
[2, 12, 9, 1]  	433	3 
[2, 30, 1, 1]  	435	5 
[1, 20, 7, 1]  	471	3 
[2, 0, 16, 1]  	480	3 
[1, 19, 8, 1]  	487	3 
[1, 29, 4, 1]  	501	3 
[1, 0, 17, 1]  	501	2 
[1, 4, 16, 1]  	524	2 
[0, 32, 4, 1]  	532	2 
[7, 3, 9, 2]  	356	8 
[1, 25, 4, 2]  	449	2 
[1, 29, 3, 2]  	472	3 
[6, 17, 3, 48]  	356	7 
[0, 10, 11, 48]  	449	1 
[5, 17, 0, 49]  	261	6 
[16, 3, 5, 49]  	312	10 
[18, 2, 5, 49]  	315	9 
[11, 2, 7, 49]  	317	5 
[16, 2, 6, 49]  	328	9 
[18, 1, 6, 49]  	331	9 
[14, 0, 8, 49]  	344	7 
[4, 12, 7, 49]  	391	4 
[0, 10, 10, 49]  	420	1 
[3, 6, 11, 49]  	421	3 
[2, 27, 2, 49]  	425	3 
[2, 1, 14, 49]  	435	4 
[0, 34, 1, 49]  	471	2 
[1, 0, 16, 49]  	472	2 
[0, 33, 2, 49]  	487	2 
[0, 5, 15, 49]  	500	1 
[0, 3, 17, 49]  	532	1 
------
The gap is between 3 and 47.
Lengths: 3 3 6 7 3 3.
For 490 = 5*d/2-d1-d2-d3 you get 3 in char 0.
1*x^1*y^17*z^9
1*y^31*z^3
1*y^2*z^16

For 274 = 3*d/2-d1-d2-d3 you get 6 in char 0.
1*x^5*y^18
1*x^4*y^3*z^7
1*x^3*y^17*z^1
1*x^2*y^2*z^8
1*x^1*y^16*z^2
1*y^1*z^9

For 58 = d/2-d1-d2-d3 you get 3 in char 0.
1*x^4*y^2
1*x^2*y^1*z^1
1*z^2

Extra powers of p used 1.
The invariant extra is equal to 4.
Start computing 5^3 Delta^1 (x1x2x3)^4... Done.
Start computing 5^4 Delta^2 (x1x2x3)^4... Done.
Start computing 5^5 Delta^3 (x1x2x3)^4... Done.
Start computing 5^6 Delta^4 (x1x2x3)^4... Done.
Start computing 5^7 Delta^5 (x1x2x3)^4... Done.
Start computing 5^8 Delta^6 (x1x2x3)^4... Done.
Start computing 5^9 Delta^7 (x1x2x3)^4... Done.
Start computing 5^10 Delta^8 (x1x2x3)^4... Done.
Start computing 5^11 Delta^9 (x1x2x3)^4... Done.
Start computing 5^12 Delta^10 (x1x2x3)^4... Done.
Start computing 5^13 Delta^11 (x1x2x3)^4... Done.
Start computing 5^14 Delta^12 (x1x2x3)^4... Done.
Start computing aa.
1 2 3 4 5 6 7 8 9 10 11 12 
*/
A = \
[534804345776291537176434647586440,25031041027671446412315983824585,245618363222716211858903892095445,249205223481913169137202140899100,261232285841187188044980998292450,480746920591523961418083031789475,252195909272727735789226790361025,194500822718702232842852681575175,427857607194400388370955309911075,511562916635189099504157077875375,341485802889255383109549234641375,308869748590505335738839761691500;\
292069303207829492808854631474115,562810885905801149122397800444700,398659611952255769437844280100470,501786169178774324962819580916725,564084940086920400050516127679150,139049782840136234779187899567100,356966206615834906648678687830800,608985316573286117046895758655575,590208876993645870908883245479450,672642157731457487012857257871125,284895081075994137593069464975250,209125390892671121364032836354250;\
112663733916014289455835429559810,37742998497458907765120412608815,317265097617225936678884120099995,101529308886014512584858008548075,148041870841408827522888889568750,259905910453116760795323290705875,328998682241325298725322660021750,240638100323936297898529724327450,333859003357297111357251803225725,74936615693260845111614704129500,304855331463480218028881428037125,533251933038215470762858658954375;\
159828627189059819484507810239008,345290351230695226324322363525530,412581783165603676447139194028579,601730265940471455659897600790240,43723594784647772940211803702165,617819139179161779327190346515785,290569528894068054821790689089300,129943966933632042042476989588700,404181753822145731037607864941120,230677108903845128822305786228125,523881268167779621961922164410800,531645154646024632789788594827700;\
86704481415866530055533661615673,188981796714627872233887515779540,136424904085101899184855985622699,39827560225032644804450600569465,185422767103267978243153993220190,71185691239830727009826968884610,366623124980636314774192606940850,546771565237426689214418230843325,202925792284213042394629001650595,24689397511394003824541498654000,697478799293548194989158026523675,191208185133070455241098140483075;\
508563208682017973922839450720714,368694666140873152167472879076715,303351398820715064323101859473932,527106986106582964031976215563920,446699935699734185453604912355020,13103786600636993258019829743505,326225309711313955048413231441650,662556220017413325830077721152450,318184833640653842318172941999060,637298639450745077768291807024375,391150781663734461311537264897275,627908425144034455596659754134850;\
266444112346560278333266127398922,384233625521867068289132752013355,511217053783833632471216436511791,74220439981508653730021751147535,630161624489011849399700690073160,415777349128376530558628926455165,250294419930450957096334228081650,653832230913137646038125132169750,15368937417496823739680234402080,465938411318512821373727992493000,645619738609587824328203138220075,638282600315980612589019301694175;\
21077266889119223423578746775494,108444282202691582333861478445265,243005525055314827406462197354602,83644591039802325618114591663070,290357075551934786260414305057195,20224426929848996140064715190080,135295579379334671288027523010150,548864684046289841990793792269575,78200326166269802932831247866660,475789121265271759006729316071125,532435536273078922944705745102900,255974484992221026811835030647100;\
109835457173968442682583331227536,309374215572245942088415353510815,642176961602710097623572394121468,61017268595812428086250144050605,538901096453092311712583782317605,58766744627299992514615454803820,118458445840439630268354573455525,403419471905509867438601010625,115914038889892146249426123749540,552418243137617714699758604829875,408149154460100682093546476603225,503517383958589151082373264030150;\
17046679619301442007323449850752,346085099898449813036935056158085,29270239379391277826210117122176,698992207498644657572448531899285,405028214590613158829266447066060,482816677494877503013546897032265,245027326020614635018403256891775,616961552186587734000619624692050,570562059130952974590999729043030,78966120009501564287901852014625,302010013854661848599651180601700,374779720763947825318890195415175;\
374481340507723864120145991427911,313954030292949579471548663442720,74876441008313068732029207347328,136418270778144690019432987986180,649112704286393922330497687224455,458178297261288846908029341270645,80654567433112813462543402907700,603983235524102658665762758385550,276504227798785767250523052462415,236332932846834125269684373626750,34903599139398554458353695292850,593879595535386265881123906139275;\
701059379214156488242142892932486,622502641626559055039624214912185,514346275482113814379384763487638,39639471442515731880711163955230,350182895406811282056865460408955,635867464334471104556453855505020,539803892016435498286470650531200,300860517242242738438919864103575,324547792377038181589650148221665,52591314814515148415004955866000,654531641810180786413570194403225,391126768378088553394873263972275]
/* 
This matrix times 5^(-1) should be the matrix of frobenius.
*/ 
B = 5^(-1) * A; 
/* Freed 129 lists. */
