/* Comments begin... 
Coefficient of   x^27                     = 2
Coefficient of   x^14 * y^8               = -2
Coefficient of   x^12 * y^7 * z^1         = 0
Coefficient of   x^10 * y^6 * z^2         = -2
Coefficient of   x^8 * y^5 * z^3         = -1
Coefficient of   x^6 * y^4 * z^4         = -1
Coefficient of   x^4 * y^3 * z^5         = -2
Coefficient of   x^2 * y^2 * z^6         = 2
Coefficient of   x^1 * y^16               = -1
Coefficient of   y^1 * z^7               = 2

Here is the polynomial we're using this time:

2*x^27 + -2*x^14*y^8 + -2*x^10*y^6*z^2 + -1*x^8*y^5*z^3 + -1*x^6*y^4*z^4 + -2*x^4*y^3*z^5 + 2*x^2*y^2*z^6 + -1*x^1*y^16 + 2*y^1*z^7

Allocate G_len 20 elements and old = 0.
Allocate M_len = 400 elements.
Allocate G_len 40 elements and old = 20.
Allocate M_len = 800 elements.
Allocate G_len 80 elements and old = 40.
Allocate M_len = 1600 elements.
Allocate M_len = 3200 elements.
Allocate G_len 160 elements and old = 80.
Allocate M_len = 6400 elements.
Allocate M_len = 12800 elements.
Allocate G_len 320 elements and old = 160.
The final length of G is 151
[10, 6, 1, 0]  	187	6 
[14, 7, 0, 0]  	203	8 
[26, 0, 0, 0]  	208	8  <--- 1
[8, 5, 4, 0]  	245	6 
[8, 4, 5, 0]  	261	7 
[6, 4, 6, 0]  	274	6 
[6, 3, 7, 0]  	290	7 
[22, 5, 2, 0]  	299	13 
[5, 18, 1, 0]  	303	6 
[20, 5, 3, 0]  	312	12 
[18, 4, 4, 0]  	312	12 
[22, 4, 3, 0]  	315	12 
[14, 3, 6, 0]  	325	11 
[18, 3, 5, 0]  	328	11 
[22, 3, 4, 0]  	331	11 
[13, 18, 0, 0]  	338	10 
[14, 2, 7, 0]  	341	10 
[18, 2, 6, 0]  	344	10 
[22, 2, 5, 0]  	347	10 
[12, 2, 8, 0]  	354	9 
[10, 1, 9, 0]  	354	9 
[6, 17, 3, 0]  	356	7 
[14, 1, 8, 0]  	357	9 
[9, 2, 9, 0]  	359	8 
[8, 16, 3, 0]  	359	8 
[22, 1, 6, 0]  	363	9 
[5, 3, 10, 0]  	369	6 
[10, 0, 10, 0]  	370	8 
[7, 2, 10, 0]  	372	7 
[6, 16, 4, 0]  	372	7 
[14, 0, 9, 0]  	373	8 
[9, 1, 10, 0]  	375	7 
[7, 0, 11, 0]  	375	7 
[18, 0, 8, 0]  	376	8 
[5, 17, 4, 0]  	377	6 
[22, 0, 7, 0]  	379	8 
[5, 2, 11, 0]  	385	6 
[4, 16, 5, 0]  	385	6 
[6, 26, 0, 0]  	386	7 
[6, 15, 5, 0]  	388	6 
[5, 0, 12, 0]  	388	6 
[8, 25, 0, 0]  	389	7 
[5, 27, 0, 0]  	391	6 
[10, 24, 0, 0]  	392	7 
[4, 1, 12, 0]  	393	6 
[5, 14, 6, 0]  	396	6 
[5, 12, 7, 0]  	399	6 
[4, 15, 6, 0]  	401	5 
[3, 29, 0, 0]  	401	5 
[5, 10, 8, 0]  	402	6 
[4, 13, 7, 0]  	404	5 
[5, 8, 9, 0]  	405	6 
[3, 16, 6, 0]  	406	6 
[4, 11, 8, 0]  	407	5 
[4, 9, 9, 0]  	410	5 
[4, 27, 1, 0]  	412	5 
[4, 7, 10, 0]  	413	5 
[3, 1, 13, 0]  	414	5 
[4, 25, 2, 0]  	415	5 
[4, 5, 11, 0]  	416	6 
[3, 28, 1, 0]  	417	4 
[4, 23, 3, 0]  	418	5 
[3, 26, 2, 0]  	420	4 
[4, 21, 4, 0]  	421	5 
[3, 15, 7, 0]  	422	5 
[3, 24, 3, 0]  	423	4 
[3, 13, 8, 0]  	425	4 
[3, 22, 4, 0]  	426	4 
[3, 11, 9, 0]  	428	4 
[3, 20, 5, 0]  	429	5 
[3, 0, 14, 0]  	430	4 
[2, 12, 9, 0]  	433	3 
[3, 7, 11, 0]  	434	4 
[2, 30, 1, 0]  	435	5 
[2, 10, 10, 0]  	436	3 
[3, 5, 12, 0]  	437	5 
[2, 8, 11, 0]  	439	3 
[2, 26, 3, 0]  	441	3 
[2, 6, 12, 0]  	442	4 
[2, 15, 8, 0]  	443	4 
[2, 33, 0, 0]  	445	5 
[2, 22, 5, 0]  	447	3 
[1, 25, 4, 0]  	449	2 
[2, 20, 6, 0]  	450	4 
[2, 29, 2, 0]  	451	4 
[1, 23, 5, 0]  	452	2 
[1, 21, 6, 0]  	455	3 
[1, 10, 11, 0]  	457	2 
[2, 5, 13, 0]  	458	4 
[1, 8, 12, 0]  	460	2 
[1, 35, 0, 0]  	463	3 
[0, 9, 12, 0]  	465	1 
[2, 19, 7, 0]  	466	4 
[0, 36, 0, 0]  	468	2  <--- 2
[1, 20, 7, 0]  	471	3 
[1, 29, 3, 0]  	472	3 
[0, 23, 6, 0]  	473	1 
[2, 4, 14, 0]  	474	4 
[1, 7, 13, 0]  	476	2 
[1, 34, 1, 0]  	479	3 
[2, 0, 16, 0]  	480	3 
[0, 8, 13, 0]  	481	1 
[0, 35, 1, 0]  	484	2 
[0, 22, 7, 0]  	489	1 
[1, 6, 14, 0]  	492	2 
[0, 7, 14, 0]  	497	1 
[1, 0, 17, 0]  	501	2 
[0, 21, 8, 0]  	505	1 
[1, 5, 15, 0]  	508	2 
[0, 6, 15, 0]  	513	1 
[0, 33, 3, 0]  	516	2 
[0, 20, 9, 0]  	521	1 
[0, 29, 5, 0]  	522	2 
[1, 4, 16, 0]  	524	2 
[0, 5, 16, 0]  	529	1 
[1, 18, 10, 0]  	532	2 
[0, 32, 4, 0]  	532	2 
[0, 19, 10, 0]  	537	1 
[0, 4, 17, 0]  	545	1 
[0, 0, 19, 0]  	551	1  <--- 3
[0, 18, 11, 0]  	553	1 
[0, 3, 18, 0]  	561	1 
[10, 5, 3, 1]  	232	7 
[8, 17, 2, 1]  	343	8 
[11, 2, 8, 1]  	346	9 
[8, 1, 10, 1]  	367	8 
[20, 1, 7, 1]  	376	8 
[6, 1, 11, 1]  	380	7 
[7, 14, 5, 1]  	383	7 
[4, 0, 13, 1]  	409	5 
[3, 9, 10, 1]  	431	4 
[2, 24, 4, 1]  	444	3 
[2, 1, 15, 1]  	464	4 
[1, 19, 8, 1]  	487	3 
[1, 15, 10, 1]  	493	3 
[1, 33, 2, 1]  	495	3 
[0, 34, 2, 1]  	500	2 
[1, 18, 9, 1]  	503	3 
[18, 1, 7, 3]  	360	9 
[16, 0, 8, 47]  	360	8 
[8, 4, 4, 49]  	232	6 
[7, 2, 9, 49]  	343	5 
[9, 1, 9, 49]  	346	8 
[7, 15, 4, 49]  	367	6 
[8, 24, 0, 49]  	376	6 
[5, 15, 5, 49]  	380	6 
[5, 13, 6, 49]  	383	4 
[3, 14, 7, 49]  	409	4 
[1, 8, 11, 49]  	431	2 
[0, 29, 3, 49]  	464	2 
[0, 4, 15, 49]  	487	1 
------
The gap is between 4 and 46.
Lengths: 3 3 6 6 3 4.
For 490 = 5*d/2-d1-d2-d3 you get 3 in char 0.
1*x^1*y^17*z^9
1*y^31*z^3
1*y^2*z^16

For 274 = 3*d/2-d1-d2-d3 you get 6 in char 0.
1*x^5*y^18
1*x^4*y^3*z^7
1*x^3*y^17*z^1
1*x^2*y^2*z^8
1*x^1*y^16*z^2
1*y^1*z^9

For 58 = d/2-d1-d2-d3 you get 3 in char 0.
1*x^4*y^2
1*x^2*y^1*z^1
1*z^2

Extra powers of p used 1.
The invariant extra is equal to 4.
Start computing 5^3 Delta^1 (x1x2x3)^4... Done.
Start computing 5^4 Delta^2 (x1x2x3)^4... Done.
Start computing 5^5 Delta^3 (x1x2x3)^4... Done.
Start computing 5^6 Delta^4 (x1x2x3)^4... Done.
Start computing 5^7 Delta^5 (x1x2x3)^4... Done.
Start computing 5^8 Delta^6 (x1x2x3)^4... Done.
Start computing 5^9 Delta^7 (x1x2x3)^4... Done.
Start computing 5^10 Delta^8 (x1x2x3)^4... Done.
Start computing 5^11 Delta^9 (x1x2x3)^4... Done.
Start computing 5^12 Delta^10 (x1x2x3)^4... Done.
Start computing 5^13 Delta^11 (x1x2x3)^4... Done.
Start computing 5^14 Delta^12 (x1x2x3)^4... Done.
Start computing aa.
1 2 3 4 5 6 7 8 9 10 11 12 
*/
A = \
[367046133333173000024316708770470,559488267810752686764934323345770,455987210842924167665911391344885,198516940442222029056794871090075,391490929697488229635413870785550,621932493136173524562397193162625,607919465009448958121200921665775,329968820723589018608331769117600,229040363106909453777501342291200,546771568545006499313409923693625,597374009162178952800149327745750,76463842260308897440450335423875;\
419443024452310936404549241656913,302298148414204416031709113606706,641403341122539719759926405276628,218526173712487309122885383989680,650809071927063361765186086934405,67433517738699337871991582515780,454002334546275926543028981561390,337060670254519464815757593548160,137918673268198719708451398749225,573817315359791236783103613070950,277005731181991027583852712619075,187872795455187926752637853617375;\
85548099312696040926745822317229,547499321702859503666932820738278,127205915795718029095844975094214,42690132583777268855077640627215,25257387627146837688026030870790,660743981281140794201283128045290,180532496444791329349733201277620,628148778676392715183445225509105,21103751885320634369126996154100,509297803430506237088168955856100,656188809167291197842771700361975,159476001622762151593131271639625;\
517110824082028874668415925210997,91065770826428914027511631701169,184038300712931090217857701252147,42265979107092967438343979034520,558146374923015520871621374534770,362615769208487038778967118866970,84383008088262974876586404246285,416742131842479213001949241781140,309162219541822312185795325827100,115196983688995700380537773248425,287624658099027026545057261941800,479648341350557280428497373440125;\
8044856905437051112773895408621,450938169758388774155144747612982,196185907681254450808158866210241,543385874832275347192340865663385,367912978271903489833221734307960,233090087152658369296395706362310,84606729641305386915979991612055,230991379856780874337831353228695,81249902293311065534624605218700,261709991048239612488297027839775,451727594683295736157698439707525,708056217549803348055585262804625;\
504489125764325774775433197814455,128060316563808249645802198700510,229025589438479944735707019384430,474657612301025333283848231258625,384182381652170214012837336286375,45677875531272946942731428159200,449283624528420882400351259325775,1888822958421240034381338148200,685926918507724178616397181122375,306824883082971534103300730691750,418569530623381036770733221819125,611457051437577259074891715305125;\
171002061787991523989397382507344,507190261353551734346085403215933,38546203859480336565797897871104,676195153168323163156468674797440,289774751891333229311551704987590,190328235076137839409506089187815,61791337338008294305592846666820,127261780701882032726873309867105,401805091345947348050720780922225,90934452714685782999949711569975,342361080103654515252963571101100,639701868599400881165894983113000;\
476262169420566156381129956406367,9502335587570630442048464740934,13345417685784338469964341994792,356322582620953334683588500517395,7367989805966221673931720276570,278258823025548653057704466775245,187497820822259213311289726253635,346319679962003971934228751597290,185726846558315054881907043357250,661349056095914718420481843814425,624394506808543025436429919078300,406974214481001215000242586825625;\
140165272910787164504873863875450,6436554258197598418309558070660,136701766114782645737261023985180,388047018915049158437182507076925,632208427088095276135012271893125,94337041097760142886876222026925,617610117443923302436431017151550,311744367494908769953451083276525,176629844883606762993644117971125,368183614052099423056575382661000,86127298652481516060416594012250,287865073239297335292885901691125;\
289235098582496725900046911534885,334857554111401297174853006468995,635543010058846086246710357986035,293437073216049562961245373476725,706388124718397529648298659344250,46615734196882661953187727957900,133761174200870793796009801246050,102471304604758998449553127270675,357541488228522069729635391030675,506544954363709019073586317221250,361758609427360812682388280195000,255347915391462908995708959076125;\
481369744317050879549744925548422,269128275593775842221768667929194,364639011573398908696533358943922,385964072960395578327868279678420,356210261713784402830563179886845,220409789366222446764662751563520,184243679919257109864681327837235,471767465936896999842078820093040,260837071285964984953099202331650,386338903904728363810516034857425,557477063928451958323537561762300,596967363895620493505534881158375;\
30612783668457378259769987710264,649686946742565573549313583054528,555667931105823271691943421017314,228307544442640963197327470662540,632721088932735264297974046801115,353807086845428301554863541755065,608362059237640762623308587276695,140135987367176733200476098921630,362783124565279756289847730832500,143229731846122634206004150743350,46468595249259949150574869064725,20246714906536298152580844714375]
/* 
This matrix times 5^(-1) should be the matrix of frobenius.
*/ 
B = 5^(-1) * A; 
/* Freed 129 lists. */
