/* Comments begin... 
Coefficient of   x^27                     = -2
Coefficient of   x^14 * y^8               = 1
Coefficient of   x^12 * y^7 * z^1         = 1
Coefficient of   x^10 * y^6 * z^2         = -2
Coefficient of   x^8 * y^5 * z^3         = -2
Coefficient of   x^6 * y^4 * z^4         = 0
Coefficient of   x^4 * y^3 * z^5         = -2
Coefficient of   x^2 * y^2 * z^6         = 2
Coefficient of   x^1 * y^16               = -1
Coefficient of   y^1 * z^7               = 2

Here is the polynomial we're using this time:

-2*x^27 + 1*x^14*y^8 + 1*x^12*y^7*z^1 + -2*x^10*y^6*z^2 + -2*x^8*y^5*z^3 + -2*x^4*y^3*z^5 + 2*x^2*y^2*z^6 + -1*x^1*y^16 + 2*y^1*z^7

Allocate G_len 20 elements and old = 0.
Allocate M_len = 400 elements.
Allocate G_len 40 elements and old = 20.
Allocate M_len = 800 elements.
Allocate G_len 80 elements and old = 40.
Allocate M_len = 1600 elements.
Allocate M_len = 3200 elements.
Allocate G_len 160 elements and old = 80.
Allocate M_len = 6400 elements.
Allocate M_len = 12800 elements.
Allocate G_len 320 elements and old = 160.
Allocate M_len = 25600 elements.
The final length of G is 179
[12, 7, 0, 0]  	187	6 
[12, 6, 1, 0]  	203	8 
[26, 0, 0, 0]  	208	8  <--- 1
[10, 6, 2, 0]  	216	7 
[10, 5, 3, 0]  	232	8 
[8, 5, 4, 0]  	245	7 
[8, 4, 5, 0]  	261	8 
[6, 4, 6, 0]  	274	7 
[7, 18, 0, 0]  	290	8 
[24, 5, 2, 0]  	315	12 
[14, 3, 6, 0]  	325	11 
[11, 3, 7, 0]  	330	10 
[11, 17, 1, 0]  	338	10 
[14, 2, 7, 0]  	341	10 
[9, 3, 8, 0]  	343	9 
[20, 3, 5, 0]  	344	10 
[18, 2, 6, 0]  	344	10 
[11, 2, 8, 0]  	346	9 
[22, 2, 5, 0]  	347	10 
[10, 1, 9, 0]  	354	9 
[7, 3, 9, 0]  	356	8 
[14, 1, 8, 0]  	357	9 
[9, 2, 9, 0]  	359	8 
[8, 16, 3, 0]  	359	8 
[18, 1, 7, 0]  	360	9 
[22, 1, 6, 0]  	363	9 
[7, 17, 3, 0]  	364	8 
[8, 1, 10, 0]  	367	8 
[6, 18, 3, 0]  	369	7 
[10, 0, 10, 0]  	370	8 
[7, 2, 10, 0]  	372	7 
[6, 16, 4, 0]  	372	7 
[6, 3, 10, 0]  	377	8 
[22, 0, 7, 0]  	379	8 
[6, 1, 11, 0]  	380	7 
[8, 0, 11, 0]  	383	8 
[5, 2, 11, 0]  	385	7 
[6, 26, 0, 0]  	386	7 
[6, 15, 5, 0]  	388	7 
[6, 24, 1, 0]  	389	7 
[5, 27, 0, 0]  	391	6 
[20, 0, 8, 0]  	392	8 
[4, 1, 12, 0]  	393	6 
[5, 25, 1, 0]  	394	6 
[6, 0, 12, 0]  	396	7 
[5, 23, 2, 0]  	397	6 
[5, 12, 7, 0]  	399	6 
[5, 21, 3, 0]  	400	6 
[4, 15, 6, 0]  	401	5 
[3, 29, 0, 0]  	401	5 
[18, 0, 9, 0]  	405	6 
[5, 8, 9, 0]  	405	6 
[3, 16, 6, 0]  	406	6 
[4, 11, 8, 0]  	407	5 
[5, 6, 10, 0]  	408	6 
[4, 0, 13, 0]  	409	5 
[4, 9, 9, 0]  	410	5 
[4, 27, 1, 0]  	412	5 
[4, 7, 10, 0]  	413	5 
[3, 1, 13, 0]  	414	5 
[4, 25, 2, 0]  	415	5 
[5, 20, 4, 0]  	416	6 
[4, 5, 11, 0]  	416	6 
[4, 14, 7, 0]  	417	4 
[3, 28, 1, 0]  	417	4 
[4, 23, 3, 0]  	418	5 
[3, 26, 2, 0]  	420	4 
[4, 21, 4, 0]  	421	5 
[3, 15, 7, 0]  	422	5 
[3, 22, 4, 0]  	426	4 
[3, 20, 5, 0]  	429	5 
[3, 0, 14, 0]  	430	4 
[3, 9, 10, 0]  	431	4 
[3, 7, 11, 0]  	434	4 
[2, 30, 1, 0]  	435	5 
[2, 10, 10, 0]  	436	3 
[3, 5, 12, 0]  	437	5 
[2, 8, 11, 0]  	439	3 
[2, 26, 3, 0]  	441	3 
[2, 6, 12, 0]  	442	4 
[2, 15, 8, 0]  	443	4 
[2, 24, 4, 0]  	444	3 
[2, 33, 0, 0]  	445	5 
[2, 22, 5, 0]  	447	3 
[1, 25, 4, 0]  	449	2 
[1, 23, 5, 0]  	452	2 
[1, 21, 6, 0]  	455	3 
[1, 35, 0, 0]  	463	3 
[0, 9, 12, 0]  	465	1 
[0, 36, 0, 0]  	468	2  <--- 2
[1, 29, 3, 0]  	472	3 
[0, 23, 6, 0]  	473	1 
[2, 4, 14, 0]  	474	4 
[1, 7, 13, 0]  	476	2 
[1, 34, 1, 0]  	479	3 
[0, 8, 13, 0]  	481	1 
[0, 22, 7, 0]  	489	1 
[1, 6, 14, 0]  	492	2 
[2, 1, 16, 0]  	493	4 
[0, 7, 14, 0]  	497	1 
[1, 20, 8, 0]  	500	3 
[1, 0, 17, 0]  	501	2 
[0, 21, 8, 0]  	505	1 
[1, 5, 15, 0]  	508	2 
[0, 35, 2, 0]  	513	1 
[0, 6, 15, 0]  	513	1 
[0, 33, 3, 0]  	516	2 
[0, 20, 9, 0]  	521	1 
[1, 15, 11, 0]  	522	2 
[0, 29, 5, 0]  	522	2 
[1, 4, 16, 0]  	524	2 
[0, 5, 16, 0]  	529	1 
[1, 18, 10, 0]  	532	2 
[0, 32, 4, 0]  	532	2 
[0, 19, 10, 0]  	537	1 
[0, 4, 17, 0]  	545	1 
[0, 0, 19, 0]  	551	1  <--- 3
[0, 18, 11, 0]  	553	1 
[0, 3, 18, 0]  	561	1 
[22, 5, 2, 1]  	299	13 
[18, 4, 4, 1]  	312	12 
[22, 4, 3, 1]  	315	12 
[22, 3, 4, 1]  	331	10 
[14, 0, 9, 1]  	373	8 
[7, 0, 11, 1]  	375	7 
[18, 0, 8, 1]  	376	8 
[5, 17, 4, 1]  	377	7 
[7, 14, 5, 1]  	383	7 
[4, 16, 5, 1]  	385	6 
[5, 0, 12, 1]  	388	6 
[5, 14, 6, 1]  	396	6 
[5, 10, 8, 1]  	402	6 
[3, 24, 3, 1]  	423	4 
[3, 13, 8, 1]  	425	4 
[3, 11, 9, 1]  	428	4 
[2, 20, 6, 1]  	450	4 
[2, 29, 2, 1]  	451	4 
[1, 10, 11, 1]  	457	2 
[2, 5, 13, 1]  	458	4 
[2, 1, 15, 1]  	464	4 
[2, 19, 7, 1]  	466	4 
[1, 20, 7, 1]  	471	3 
[2, 0, 16, 1]  	480	3 
[0, 35, 1, 1]  	484	2 
[1, 19, 8, 1]  	487	3 
[0, 34, 2, 1]  	500	2 
[1, 18, 9, 1]  	503	3 
[18, 3, 5, 2]  	328	11 
[9, 17, 2, 2]  	351	9 
[6, 22, 2, 2]  	392	7 
[4, 13, 7, 2]  	404	5 
[2, 12, 9, 2]  	433	3 
[1, 8, 12, 2]  	460	2 
[1, 15, 10, 2]  	493	3 
[1, 33, 2, 2]  	495	3 
[16, 2, 6, 48]  	328	10 
[8, 2, 9, 48]  	351	8 
[5, 7, 9, 48]  	392	6 
[3, 27, 1, 48]  	404	4 
[1, 26, 3, 48]  	433	2 
[0, 22, 6, 48]  	460	1 
[0, 29, 4, 48]  	493	2 
[1, 4, 15, 48]  	495	2 
[14, 1, 6, 49]  	299	7 
[20, 2, 5, 49]  	331	9 
[6, 24, 0, 49]  	360	7 
[5, 23, 1, 49]  	368	6 
[3, 27, 0, 49]  	375	3 
[4, 2, 11, 49]  	377	5 
[4, 7, 9, 49]  	384	4 
[3, 1, 12, 49]  	385	4 
[4, 23, 2, 49]  	389	5 
[3, 15, 6, 49]  	393	4 
[2, 30, 0, 49]  	406	4 
[2, 9, 10, 49]  	423	3 
[0, 26, 3, 49]  	425	1 
[0, 24, 4, 49]  	428	1 
[1, 34, 0, 49]  	450	3 
[0, 4, 14, 49]  	458	1 
------
The gap is between 3 and 47.
Lengths: 3 3 6 6 3 4.
For 490 = 5*d/2-d1-d2-d3 you get 3 in char 0.
1*x^1*y^17*z^9
1*y^31*z^3
1*y^2*z^16

For 274 = 3*d/2-d1-d2-d3 you get 6 in char 0.
1*x^5*y^18
1*x^4*y^3*z^7
1*x^3*y^17*z^1
1*x^2*y^2*z^8
1*x^1*y^16*z^2
1*y^1*z^9

For 58 = d/2-d1-d2-d3 you get 3 in char 0.
1*x^4*y^2
1*x^2*y^1*z^1
1*z^2

Extra powers of p used 1.
The invariant extra is equal to 4.
Start computing 5^3 Delta^1 (x1x2x3)^4... Done.
Start computing 5^4 Delta^2 (x1x2x3)^4... Done.
Start computing 5^5 Delta^3 (x1x2x3)^4... Done.
Start computing 5^6 Delta^4 (x1x2x3)^4... Done.
Start computing 5^7 Delta^5 (x1x2x3)^4... Done.
Start computing 5^8 Delta^6 (x1x2x3)^4... Done.
Start computing 5^9 Delta^7 (x1x2x3)^4... Done.
Start computing 5^10 Delta^8 (x1x2x3)^4... Done.
Start computing 5^11 Delta^9 (x1x2x3)^4... Done.
Start computing 5^12 Delta^10 (x1x2x3)^4... Done.
Start computing 5^13 Delta^11 (x1x2x3)^4... Done.
Start computing 5^14 Delta^12 (x1x2x3)^4... Done.
Start computing aa.
1 2 3 4 5 6 7 8 9 10 11 12 
*/
A = \
[605586382383905336735982309531360,14400248392593881761416533162950,451006829531589447349574415680295,487489611755273166209893409675800,379501181492664887737304399227825,535032272697681532233795263461600,132912842693919751860450404078950,676038959877185109315894047757200,364371349746837603166657062275600,260823239855343118652983718358375,118313862477093885079387836213250,307005018717908774217522268745000;\
180858195245603930219969492777291,548110805672048497337575342306850,378068524178834305169975158177059,651587561883626988722649819340985,558437310830373618206838046528600,65669737327172144507303860146985,169880568586415404065523294592620,35440481915093883022297906692175,90288586748828991707598569877275,448171468927039767027335631947450,674846164442642793503304813797150,330942493004785072151827429935375;\
414324343824338578653594619471565,336336383923741069950555592359225,311422510232742588715805526542460,125415626615189849153845133771025,516847243829651081190464157130325,22840616782431165556537044326100,21219881244869567696824328498425,486186771971151407467683686452300,5979986473183358258060937442725,581657508747600480672776929318375,605943513763795732210802329132375,326481313297016743759732606726375;\
640078340861867001942252521888405,631233288260599491866409318823600,377737054994644672262557693909765,414455874745321625517811567904325,388672278369861165621735212785225,379984123169957989565333917352700,674052109144974648584168444573100,687288439603686835603167407927250,291835898128154089188379438834300,289920864537752470975668353248750,23796666409201216619078032560250,124859815924507332377934321120625;\
630342934201512575169145512359564,169547078082156939556610952635250,359442836582401727135351678224231,29550414435591009456076536921040,125658888075575284024675702909200,178642090096701345091764035153415,15444864252193657798171118637880,414531854802415502505414987386875,574571766502623337558017667094675,642935307976414135273508085807550,576790142711819796861789994913850,47689937179446407934643555975875;\
14501624550457425455429909369296,295125767483023772869887873356100,525723900834032904429750774429854,620142686476918766056270184796810,308038295945025947848205794159075,199209170500082499370347801269560,398618532611397801678885203948770,444546672207504679676150956058375,351724863026017425016444327535425,523757422771663554445665625382950,492369140368427125196998217593775,657153677629419422031293066644000;\
502358949023881758168141468253771,237453800323596996496554496464700,423959858432557846179837298013584,189736162517849304932803836533135,609172674817900407839641300475600,435266774105880097031869721758135,273867003535228761399870294736995,316482876422807239306164127755850,280447457155842683689500473011150,696168086825738988072981054542325,613436736374910484205847954217900,648876937371617803312811415319625;\
546881233616446596768360341567911,118101651607869248297689558834850,57996681312717712573073322284039,634102007905848918371266048763010,331998133637972309666010069018125,643318103389403120440598063121185,391971765087763433208664957902395,47078904561552290854052329095950,559408579909845710315627552119700,197057002176786094115369995455075,522616781193768992749375476839025,9005145167990336607020722886000;\
223593345837650483797709541147639,112992980280621203307935901287675,661076427460358417258488623484776,266993795206308013313322750919865,625607578038449824679786959254000,455327898120830485842295643207990,242656456440469307046224321262030,670808437050598525802874456277600,598739774101145435870427676414400,12924999729070513772352502285800,704396072188779823888951176235350,286408395521151923321890763673000;\
529370350006668484582486728399927,392179037036592987856708450187150,499190269851648024361051609006723,500051723039993148903144011747795,482884266956119386065701996014025,576962718788606433448357559684295,512697905604028162603333994304215,638665057482720594436002277797850,198597235432273242169562998534775,32600683908413247001020910398650,267541177038508858583584433542925,689014648500428198274640618463500;\
495182608244327762762854165329610,323706114381170566297631503495675,60583677939817360684901081497105,480166896001920625000364291122700,617122925114991741525544003055900,10662475323005455181997145324450,77666976374430255526968640320425,468860936366370599263028063236050,114988747483803117126334854672400,195750634802774818840650517830125,22100332320649225764540912631125,41681270354885298028888835754625;\
509181055442167884441956291486755,254255677124832615728091221301700,307226699332851857033128197541505,189007857573957854176094920802325,175810730169734589457946024365975,96699022792189118528638762070450,60477153228882879360028057543250,392542340483476427769205949371700,443860535613618070257559977745725,485788789891738454280105956131375,575430366056847024585791318009875,248674135968328391131171120399750]
/* 
This matrix times 5^(-1) should be the matrix of frobenius.
*/ 
B = 5^(-1) * A; 
/* Freed 130 lists. */
