/* Comments begin... 
Coefficient of   x^27                     = -2
Coefficient of   x^14 * y^8               = 0
Coefficient of   x^12 * y^7 * z^1         = 0
Coefficient of   x^10 * y^6 * z^2         = 0
Coefficient of   x^8 * y^5 * z^3         = -2
Coefficient of   x^6 * y^4 * z^4         = -1
Coefficient of   x^4 * y^3 * z^5         = -1
Coefficient of   x^2 * y^2 * z^6         = 2
Coefficient of   x^1 * y^16               = -2
Coefficient of   y^1 * z^7               = -1

Here is the polynomial we're using this time:

-2*x^27 + -2*x^8*y^5*z^3 + -1*x^6*y^4*z^4 + -1*x^4*y^3*z^5 + 2*x^2*y^2*z^6 + -2*x^1*y^16 + -1*y^1*z^7

Allocate G_len 20 elements and old = 0.
Allocate M_len = 400 elements.
Allocate G_len 40 elements and old = 20.
Allocate M_len = 800 elements.
Allocate G_len 80 elements and old = 40.
Allocate M_len = 1600 elements.
Allocate M_len = 3200 elements.
Allocate G_len 160 elements and old = 80.
Allocate M_len = 6400 elements.
Allocate M_len = 12800 elements.
Not smooth!
Coefficient of   x^27                     = 1
Coefficient of   x^14 * y^8               = -1
Coefficient of   x^12 * y^7 * z^1         = 0
Coefficient of   x^10 * y^6 * z^2         = 1
Coefficient of   x^8 * y^5 * z^3         = -1
Coefficient of   x^6 * y^4 * z^4         = 2
Coefficient of   x^4 * y^3 * z^5         = -1
Coefficient of   x^2 * y^2 * z^6         = -2
Coefficient of   x^1 * y^16               = 0
Coefficient of   y^1 * z^7               = -1

Here is the polynomial we're using this time:

1*x^27 + -1*x^14*y^8 + 1*x^10*y^6*z^2 + -1*x^8*y^5*z^3 + 2*x^6*y^4*z^4 + -1*x^4*y^3*z^5 + -2*x^2*y^2*z^6 + -1*y^1*z^7

Not smooth!
Coefficient of   x^27                     = 2
Coefficient of   x^14 * y^8               = 0
Coefficient of   x^12 * y^7 * z^1         = -2
Coefficient of   x^10 * y^6 * z^2         = -2
Coefficient of   x^8 * y^5 * z^3         = 2
Coefficient of   x^6 * y^4 * z^4         = -1
Coefficient of   x^4 * y^3 * z^5         = -1
Coefficient of   x^2 * y^2 * z^6         = -1
Coefficient of   x^1 * y^16               = 1
Coefficient of   y^1 * z^7               = -1

Here is the polynomial we're using this time:

2*x^27 + -2*x^12*y^7*z^1 + -2*x^10*y^6*z^2 + 2*x^8*y^5*z^3 + -1*x^6*y^4*z^4 + -1*x^4*y^3*z^5 + -1*x^2*y^2*z^6 + 1*x^1*y^16 + -1*y^1*z^7

Allocate G_len 320 elements and old = 160.
Allocate M_len = 25600 elements.
The final length of G is 182
[12, 7, 0, 0]  	187	7 
[12, 6, 1, 0]  	203	8 
[26, 0, 0, 0]  	208	8  <--- 1
[10, 6, 2, 0]  	216	7 
[8, 5, 4, 0]  	245	7 
[8, 4, 5, 0]  	261	8 
[6, 4, 6, 0]  	274	7 
[7, 18, 0, 0]  	290	8 
[22, 5, 2, 0]  	299	13 
[20, 5, 3, 0]  	312	12 
[18, 4, 4, 0]  	312	12 
[22, 4, 3, 0]  	315	12 
[14, 3, 6, 0]  	325	11 
[18, 3, 5, 0]  	328	11 
[22, 3, 4, 0]  	331	11 
[12, 3, 7, 0]  	338	10 
[11, 17, 1, 0]  	338	10 
[14, 2, 7, 0]  	341	10 
[9, 3, 8, 0]  	343	9 
[11, 2, 8, 0]  	346	9 
[22, 2, 5, 0]  	347	10 
[9, 17, 2, 0]  	351	9 
[7, 3, 9, 0]  	356	8 
[9, 2, 9, 0]  	359	8 
[8, 16, 3, 0]  	359	8 
[18, 1, 7, 0]  	360	8 
[22, 1, 6, 0]  	363	9 
[7, 17, 3, 0]  	364	8 
[8, 1, 10, 0]  	367	8 
[6, 18, 3, 0]  	369	7 
[12, 1, 9, 0]  	370	9 
[7, 2, 10, 0]  	372	7 
[6, 16, 4, 0]  	372	7 
[16, 1, 8, 0]  	373	8 
[14, 0, 9, 0]  	373	8 
[18, 0, 8, 0]  	376	8 
[6, 3, 10, 0]  	377	8 
[22, 0, 7, 0]  	379	8 
[6, 1, 11, 0]  	380	7 
[7, 14, 5, 0]  	383	7 
[5, 2, 11, 0]  	385	6 
[4, 16, 5, 0]  	385	6 
[12, 0, 10, 0]  	386	7 
[6, 26, 0, 0]  	386	7 
[6, 15, 5, 0]  	388	6 
[5, 0, 12, 0]  	388	6 
[6, 24, 1, 0]  	389	7 
[5, 27, 0, 0]  	391	6 
[6, 22, 2, 0]  	392	7 
[4, 1, 12, 0]  	393	6 
[5, 25, 1, 0]  	394	6 
[5, 14, 6, 0]  	396	6 
[10, 0, 11, 0]  	399	7 
[5, 21, 3, 0]  	400	6 
[4, 15, 6, 0]  	401	5 
[3, 29, 0, 0]  	401	5 
[5, 10, 8, 0]  	402	6 
[5, 8, 9, 0]  	405	6 
[3, 16, 6, 0]  	406	6 
[4, 11, 8, 0]  	407	5 
[5, 6, 10, 0]  	408	6 
[4, 0, 13, 0]  	409	5 
[5, 24, 2, 0]  	410	5 
[4, 9, 9, 0]  	410	5 
[5, 13, 7, 0]  	412	5 
[4, 27, 1, 0]  	412	5 
[4, 7, 10, 0]  	413	5 
[3, 1, 13, 0]  	414	5 
[4, 25, 2, 0]  	415	5 
[5, 20, 4, 0]  	416	6 
[3, 28, 1, 0]  	417	4 
[4, 23, 3, 0]  	418	5 
[3, 26, 2, 0]  	420	4 
[4, 21, 4, 0]  	421	5 
[3, 15, 7, 0]  	422	5 
[3, 24, 3, 0]  	423	4 
[3, 13, 8, 0]  	425	4 
[3, 22, 4, 0]  	426	4 
[3, 11, 9, 0]  	428	4 
[4, 6, 11, 0]  	429	5 
[3, 20, 5, 0]  	429	5 
[2, 12, 9, 0]  	433	3 
[2, 30, 1, 0]  	435	5 
[2, 10, 10, 0]  	436	3 
[3, 5, 12, 0]  	437	5 
[2, 26, 3, 0]  	441	3 
[2, 6, 12, 0]  	442	4 
[2, 15, 8, 0]  	443	4 
[2, 24, 4, 0]  	444	3 
[2, 22, 5, 0]  	447	3 
[1, 25, 4, 0]  	449	2 
[2, 20, 6, 0]  	450	4 
[2, 29, 2, 0]  	451	4 
[1, 21, 6, 0]  	455	3 
[1, 10, 11, 0]  	457	2 
[2, 34, 0, 0]  	458	4 
[2, 5, 13, 0]  	458	4 
[3, 0, 15, 0]  	459	3 
[1, 8, 12, 0]  	460	2 
[1, 24, 5, 0]  	465	1 
[0, 9, 12, 0]  	465	1 
[2, 19, 7, 0]  	466	4 
[0, 36, 0, 0]  	468	2  <--- 2
[0, 23, 6, 0]  	473	1 
[2, 4, 14, 0]  	474	4 
[1, 7, 13, 0]  	476	2 
[1, 34, 1, 0]  	479	3 
[2, 0, 16, 0]  	480	3 
[0, 8, 13, 0]  	481	1 
[0, 35, 1, 0]  	484	2 
[0, 22, 7, 0]  	489	1 
[1, 6, 14, 0]  	492	2 
[1, 15, 10, 0]  	493	3 
[0, 7, 14, 0]  	497	1 
[0, 34, 2, 0]  	500	2 
[1, 0, 17, 0]  	501	2 
[1, 18, 9, 0]  	503	3 
[0, 21, 8, 0]  	505	1 
[1, 5, 15, 0]  	508	2 
[0, 6, 15, 0]  	513	1 
[0, 20, 9, 0]  	521	1 
[1, 4, 16, 0]  	524	2 
[0, 5, 16, 0]  	529	1 
[0, 32, 4, 0]  	532	2 
[0, 19, 10, 0]  	537	1 
[0, 4, 17, 0]  	545	1 
[0, 0, 19, 0]  	551	1  <--- 3
[0, 18, 11, 0]  	553	1 
[0, 3, 18, 0]  	561	1 
[10, 5, 3, 1]  	232	8 
[18, 2, 6, 1]  	344	10 
[14, 1, 8, 1]  	357	9 
[5, 23, 2, 1]  	397	6 
[5, 12, 7, 1]  	399	6 
[4, 13, 7, 1]  	404	5 
[4, 5, 11, 1]  	416	6 
[3, 0, 14, 1]  	430	4 
[3, 9, 10, 1]  	431	4 
[3, 7, 11, 1]  	434	4 
[2, 8, 11, 1]  	439	3 
[1, 35, 0, 1]  	463	3 
[2, 1, 15, 1]  	464	4 
[1, 20, 7, 1]  	471	3 
[1, 19, 8, 1]  	487	3 
[1, 33, 2, 1]  	495	3 
[0, 33, 3, 1]  	516	2 
[0, 29, 5, 1]  	522	2 
[11, 3, 7, 2]  	330	10 
[10, 1, 9, 2]  	354	9 
[10, 0, 10, 2]  	370	8 
[7, 0, 11, 2]  	375	7 
[5, 17, 4, 2]  	377	7 
[2, 33, 0, 2]  	445	5 
[1, 23, 5, 2]  	452	2 
[1, 29, 3, 2]  	472	3 
[0, 8, 12, 47]  	452	1 
[10, 17, 1, 48]  	330	9 
[9, 15, 3, 48]  	354	7 
[6, 13, 5, 48]  	362	6 
[5, 26, 0, 48]  	378	6 
[5, 13, 6, 48]  	383	5 
[2, 4, 13, 48]  	445	4 
[1, 0, 16, 48]  	472	2 
[8, 4, 4, 49]  	232	6 
[16, 1, 7, 49]  	344	9 
[12, 0, 9, 49]  	357	6 
[16, 0, 8, 49]  	360	7 
[4, 2, 11, 49]  	377	6 
[3, 16, 5, 49]  	377	4 
[4, 12, 7, 49]  	391	5 
[3, 26, 1, 49]  	391	3 
[4, 8, 9, 49]  	397	5 
[2, 13, 8, 49]  	417	3 
[2, 23, 4, 49]  	431	3 
[1, 6, 12, 49]  	434	2 
[1, 22, 5, 49]  	439	1 
[0, 22, 6, 49]  	460	1 
[1, 15, 9, 49]  	464	3 
[0, 34, 1, 49]  	471	2 
[0, 4, 15, 49]  	487	1 
[0, 0, 18, 49]  	522	1 
[0, 18, 10, 49]  	524	1 
------
The gap is between 3 and 46.
Lengths: 3 3 6 6 3 4.
For 490 = 5*d/2-d1-d2-d3 you get 3 in char 0.
1*x^1*y^17*z^9
1*y^31*z^3
1*y^2*z^16

For 274 = 3*d/2-d1-d2-d3 you get 6 in char 0.
1*x^5*y^18
1*x^4*y^3*z^7
1*x^3*y^17*z^1
1*x^2*y^2*z^8
1*x^1*y^16*z^2
1*y^1*z^9

For 58 = d/2-d1-d2-d3 you get 3 in char 0.
1*x^4*y^2
1*x^2*y^1*z^1
1*z^2

Extra powers of p used 1.
The invariant extra is equal to 4.
Start computing 5^3 Delta^1 (x1x2x3)^4... Done.
Start computing 5^4 Delta^2 (x1x2x3)^4... Done.
Start computing 5^5 Delta^3 (x1x2x3)^4... Done.
Start computing 5^6 Delta^4 (x1x2x3)^4... Done.
Start computing 5^7 Delta^5 (x1x2x3)^4... Done.
Start computing 5^8 Delta^6 (x1x2x3)^4... Done.
Start computing 5^9 Delta^7 (x1x2x3)^4... Done.
Start computing 5^10 Delta^8 (x1x2x3)^4... Done.
Start computing 5^11 Delta^9 (x1x2x3)^4... Done.
Start computing 5^12 Delta^10 (x1x2x3)^4... Done.
Start computing 5^13 Delta^11 (x1x2x3)^4... Done.
Start computing 5^14 Delta^12 (x1x2x3)^4... Done.
Start computing aa.
1 2 3 4 5 6 7 8 9 10 11 12 
*/
A = \
[610286835504014903938483712586539,212519686744408949856598061949430,4779705058658016678010879572161,677562499326823242710685194731195,277809560347246271251932424137340,58158002122742637153470003757990,342248399250241759054924196384715,210560919741923296449726570883720,215854584480423141494983050861200,606752073744650161378502581648300,436049892372164016050461454867975,558514306406304460743229110863125;\
96744662366204862980079417249094,286445172146830351029145387374605,259637575177457643936273615400506,184643896990586609453999940816695,30106740263712443025415348608640,262385549077351838028242591813665,465755122944667824977524336983040,30714672729088919343746403970720,421137607944071565676409605711050,17535370559105022006518209541550,185991341452530301736714537132975,273719112960277896659621878847125;\
240435751123687942105901215534499,681535450468621693071184647919390,254472785237363812397482737437066,532441388757358441119733031044695,635842602722741563133549050686040,454265679983219291359330298859565,228963553804775138616907235617065,373593956890198155800688178763945,363617212724182425423953485645650,477792031668227470012495924975050,546829952293969899150530917286350,254072025177266560268077699028125;\
699507615354080638360876424653599,180045467880487368882330147403280,183896505710528078679708994151951,656373941143851097165853742145770,91350896035561985147138117880765,328181289008463637126774884831340,197380628335850332460486267860640,533372934779393711337947480144270,675540956580260409159956549271125,435849198974914045628523428943675,665680958974031963555467797797225,106979068193182041649146844628250;\
502029223379053264725140677894988,616107288461653306472754018259815,645032016059583078548533751120382,176783790167051778966461805844365,160033913284245867844529288191705,179615396606729412244591353083605,548539666962112023091737924572755,377146027879963708451127033515490,323376943841391181572377058593275,175876981051647701364467038441975,267955145069862311824716130715825,349242547005205122990442013794500;\
463500804959078871458155762716933,649038571888791842153825409404860,160881484512426382127191441187642,508937639899161632238222409081665,64348388059033052027993519644730,8090445233183431847256481396180,584300946100204372192828278323380,422262769645953744562631338015065,632537934302507453698132797839850,554480199371804716562203173359350,5589776290967054591943468285075,61560761969701309355588052210375;\
220718605206922387972711326636261,571702537895912878483104071237430,321638984711996421952283534454579,189618234716817836893195322938155,75721291278407165920127818763185,211814013267592730247518256614610,230389736688890610117539255805560,233408151845446842266655585573255,614321119254914953852542627640400,633816325120011758337186715273450,475086439708796578826566510213900,275537950654930243519562928288375;\
367021027664944215968364592019389,405120406516362857840840383918220,18236278009863296057441406644696,483564620903123858668709650742695,497130156477012779562403062835115,385256204095133237788249717964740,515166729076526580192630626888490,652080111054190240355295946681670,400983715567065550876537658061650,95971438667912164815158143551425,105830714254565454496853529759850,32810225905421728989776005777750;\
699964636155727032650864161543940,396848770218223883623406912985395,86443647957152180173347795211890,243500111248878776949733124282550,243919696134695464886112282477275,43733960219368060452110278560475,81832237992734766322889506683200,229777473359268180341690632585000,96009954297037426280584723218275,90469561385417939678511950581875,603201823411809940744497371531375,673363611989708814768623816794750;\
563419183838452183133697430588495,328816945998918220237706901431170,127262399002951811945269226846660,612371590185561844444334567155200,697784473131584563383977625300575,74994601855542533723105444505775,695958139187953594377941459537125,172232504798509596385117203889900,417598659708459828047219882950025,173038916789810722294199920667375,321036750541214320021982532768625,568137697879698799264587253539875;\
477754897297405160800941090904569,42808489974042148416040960206860,669489174144983179927294278390151,649647302244824710963944065914195,341612951016285641942580088613090,32859853278888091130309469731440,672899772375595649556007638070240,517874801653381061862272884971695,10057529930712349750684687787850,253949221484657443798271921950800,44507517830192880338411482219975,584721904185664505703729309133250;\
684791848675212098662298679689512,132832294347892496534805305672900,475778626008165834248223033221853,325553988453307385134097685339085,1193446419069094387361907060695,565982555244445849732108747167320,599626141126709755218671925699570,500572531062037087441790143120285,499810322182115569067061715925950,269929613379002736903153565265400,593293582761897676609663840798800,604157313177598484185964392587750]
/* 
This matrix times 5^(-1) should be the matrix of frobenius.
*/ 
B = 5^(-1) * A; 
/* Freed 130 lists. */
