/* Comments begin... 
Coefficient of   x^27                     = -2
Coefficient of   x^14 * y^8               = 1
Coefficient of   x^12 * y^7 * z^1         = 2
Coefficient of   x^10 * y^6 * z^2         = 2
Coefficient of   x^8 * y^5 * z^3         = 2
Coefficient of   x^6 * y^4 * z^4         = -1
Coefficient of   x^4 * y^3 * z^5         = -1
Coefficient of   x^2 * y^2 * z^6         = -2
Coefficient of   x^1 * y^16               = 2
Coefficient of   y^1 * z^7               = 1

Here is the polynomial we're using this time:

-2*x^27 + 1*x^14*y^8 + 2*x^12*y^7*z^1 + 2*x^10*y^6*z^2 + 2*x^8*y^5*z^3 + -1*x^6*y^4*z^4 + -1*x^4*y^3*z^5 + -2*x^2*y^2*z^6 + 2*x^1*y^16 + 1*y^1*z^7

Allocate G_len 20 elements and old = 0.
Allocate M_len = 400 elements.
Allocate G_len 40 elements and old = 20.
Allocate M_len = 800 elements.
Allocate G_len 80 elements and old = 40.
Allocate M_len = 1600 elements.
Allocate M_len = 3200 elements.
Allocate G_len 160 elements and old = 80.
Allocate M_len = 6400 elements.
Allocate M_len = 12800 elements.
Allocate G_len 320 elements and old = 160.
Allocate M_len = 25600 elements.
The final length of G is 178
[12, 7, 0, 0]  	187	7 
[12, 6, 1, 0]  	203	8 
[26, 0, 0, 0]  	208	8  <--- 1
[10, 6, 2, 0]  	216	7 
[8, 5, 4, 0]  	245	7 
[8, 4, 5, 0]  	261	8 
[6, 4, 6, 0]  	274	7 
[7, 18, 0, 0]  	290	8 
[22, 5, 2, 0]  	299	13 
[20, 5, 3, 0]  	312	11 
[18, 4, 4, 0]  	312	12 
[22, 4, 3, 0]  	315	12 
[14, 3, 6, 0]  	325	11 
[11, 3, 7, 0]  	330	10 
[22, 3, 4, 0]  	331	11 
[14, 2, 7, 0]  	341	10 
[9, 3, 8, 0]  	343	9 
[11, 2, 8, 0]  	346	9 
[22, 2, 5, 0]  	347	10 
[9, 17, 2, 0]  	351	9 
[10, 1, 9, 0]  	354	9 
[7, 3, 9, 0]  	356	8 
[14, 1, 8, 0]  	357	9 
[9, 2, 9, 0]  	359	8 
[8, 16, 3, 0]  	359	8 
[20, 2, 6, 0]  	360	9 
[18, 1, 7, 0]  	360	9 
[22, 1, 6, 0]  	363	9 
[7, 17, 3, 0]  	364	8 
[8, 1, 10, 0]  	367	8 
[6, 18, 3, 0]  	369	7 
[10, 0, 10, 0]  	370	8 
[7, 2, 10, 0]  	372	7 
[6, 16, 4, 0]  	372	7 
[14, 0, 9, 0]  	373	8 
[7, 0, 11, 0]  	375	7 
[18, 0, 8, 0]  	376	8 
[6, 3, 10, 0]  	377	7 
[22, 0, 7, 0]  	379	8 
[6, 1, 11, 0]  	380	7 
[7, 14, 5, 0]  	383	7 
[5, 2, 11, 0]  	385	6 
[4, 16, 5, 0]  	385	6 
[6, 26, 0, 0]  	386	7 
[5, 0, 12, 0]  	388	6 
[6, 24, 1, 0]  	389	7 
[5, 27, 0, 0]  	391	6 
[6, 22, 2, 0]  	392	7 
[4, 1, 12, 0]  	393	6 
[5, 25, 1, 0]  	394	6 
[5, 14, 6, 0]  	396	6 
[5, 23, 2, 0]  	397	6 
[5, 21, 3, 0]  	400	6 
[4, 15, 6, 0]  	401	5 
[3, 29, 0, 0]  	401	5 
[5, 10, 8, 0]  	402	6 
[5, 8, 9, 0]  	405	6 
[3, 16, 6, 0]  	406	6 
[4, 11, 8, 0]  	407	5 
[5, 6, 10, 0]  	408	6 
[4, 0, 13, 0]  	409	5 
[4, 27, 1, 0]  	412	5 
[4, 25, 2, 0]  	415	5 
[5, 20, 4, 0]  	416	6 
[4, 5, 11, 0]  	416	6 
[4, 14, 7, 0]  	417	4 
[3, 28, 1, 0]  	417	4 
[4, 23, 3, 0]  	418	5 
[3, 26, 2, 0]  	420	4 
[3, 15, 7, 0]  	422	5 
[4, 10, 9, 0]  	423	4 
[3, 24, 3, 0]  	423	4 
[3, 13, 8, 0]  	425	4 
[4, 8, 10, 0]  	426	4 
[3, 11, 9, 0]  	428	4 
[3, 20, 5, 0]  	429	5 
[3, 0, 14, 0]  	430	4 
[3, 9, 10, 0]  	431	4 
[2, 12, 9, 0]  	433	3 
[3, 7, 11, 0]  	434	4 
[2, 30, 1, 0]  	435	5 
[2, 10, 10, 0]  	436	3 
[3, 23, 4, 0]  	439	3 
[2, 8, 11, 0]  	439	3 
[2, 6, 12, 0]  	442	4 
[2, 15, 8, 0]  	443	4 
[2, 24, 4, 0]  	444	3 
[2, 33, 0, 0]  	445	5 
[1, 25, 4, 0]  	449	2 
[2, 29, 2, 0]  	451	4 
[1, 23, 5, 0]  	452	2 
[1, 10, 11, 0]  	457	2 
[1, 8, 12, 0]  	460	2 
[0, 9, 12, 0]  	465	1 
[0, 36, 0, 0]  	468	2  <--- 2
[1, 20, 7, 0]  	471	3 
[1, 29, 3, 0]  	472	3 
[0, 23, 6, 0]  	473	1 
[2, 4, 14, 0]  	474	4 
[1, 7, 13, 0]  	476	2 
[1, 34, 1, 0]  	479	3 
[0, 8, 13, 0]  	481	1 
[0, 35, 1, 0]  	484	2 
[1, 19, 8, 0]  	487	3 
[0, 22, 7, 0]  	489	1 
[1, 6, 14, 0]  	492	2 
[1, 15, 10, 0]  	493	3 
[1, 33, 2, 0]  	495	3 
[0, 7, 14, 0]  	497	1 
[0, 34, 2, 0]  	500	2 
[1, 0, 17, 0]  	501	2 
[1, 18, 9, 0]  	503	3 
[0, 21, 8, 0]  	505	1 
[1, 5, 15, 0]  	508	2 
[0, 6, 15, 0]  	513	1 
[0, 33, 3, 0]  	516	2 
[0, 20, 9, 0]  	521	1 
[1, 4, 16, 0]  	524	2 
[0, 5, 16, 0]  	529	1 
[0, 19, 10, 0]  	537	1 
[0, 4, 17, 0]  	545	1 
[0, 0, 19, 0]  	551	1  <--- 3
[0, 18, 11, 0]  	553	1 
[0, 32, 5, 0]  	561	1 
[0, 3, 18, 0]  	561	1 
[10, 5, 3, 1]  	232	8 
[18, 3, 5, 1]  	328	11 
[18, 2, 6, 1]  	344	9 
[5, 17, 4, 1]  	377	7 
[5, 12, 7, 1]  	399	6 
[4, 13, 7, 1]  	404	5 
[4, 9, 9, 1]  	410	5 
[4, 7, 10, 1]  	413	5 
[3, 1, 13, 1]  	414	5 
[4, 22, 4, 1]  	434	4 
[2, 26, 3, 1]  	441	3 
[2, 20, 6, 1]  	450	4 
[1, 21, 6, 1]  	455	3 
[2, 5, 13, 1]  	458	4 
[1, 35, 0, 1]  	463	3 
[2, 1, 15, 1]  	464	4 
[2, 19, 7, 1]  	466	4 
[2, 0, 16, 1]  	480	3 
[0, 29, 5, 1]  	522	2 
[0, 32, 4, 1]  	532	2 
[11, 17, 1, 2]  	338	10 
[6, 15, 5, 2]  	388	6 
[4, 21, 4, 2]  	421	5 
[3, 22, 4, 2]  	426	4 
[3, 5, 12, 2]  	437	5 
[2, 22, 5, 2]  	447	3 
[10, 2, 8, 48]  	338	8 
[16, 1, 7, 48]  	344	8 
[4, 14, 6, 48]  	388	4 
[3, 6, 11, 48]  	421	4 
[2, 7, 11, 48]  	426	2 
[1, 7, 12, 48]  	447	2 
[1, 6, 13, 48]  	463	2 
[1, 33, 1, 48]  	466	2 
[8, 4, 4, 49]  	232	7 
[16, 2, 6, 49]  	328	9 
[4, 2, 11, 49]  	377	4 
[4, 26, 1, 49]  	399	4 
[3, 27, 1, 49]  	404	2 
[3, 23, 3, 49]  	410	4 
[3, 12, 8, 49]  	412	4 
[2, 6, 11, 49]  	413	2 
[2, 15, 7, 49]  	414	3 
[1, 6, 12, 49]  	434	2 
[2, 19, 6, 49]  	437	4 
[1, 33, 0, 49]  	437	2 
[1, 11, 10, 49]  	441	2 
[0, 35, 0, 49]  	455	2 
[1, 19, 7, 49]  	458	3 
[1, 15, 9, 49]  	464	3 
[0, 7, 13, 49]  	468	1 
[0, 21, 7, 49]  	476	1 
[0, 0, 17, 49]  	493	1 
------
The gap is between 3 and 47.
Lengths: 3 3 6 6 3 4.
For 490 = 5*d/2-d1-d2-d3 you get 3 in char 0.
1*x^1*y^17*z^9
1*y^31*z^3
1*y^2*z^16

For 274 = 3*d/2-d1-d2-d3 you get 6 in char 0.
1*x^5*y^18
1*x^4*y^3*z^7
1*x^3*y^17*z^1
1*x^2*y^2*z^8
1*x^1*y^16*z^2
1*y^1*z^9

For 58 = d/2-d1-d2-d3 you get 3 in char 0.
1*x^4*y^2
1*x^2*y^1*z^1
1*z^2

Extra powers of p used 1.
The invariant extra is equal to 4.
Start computing 5^3 Delta^1 (x1x2x3)^4... Done.
Start computing 5^4 Delta^2 (x1x2x3)^4... Done.
Start computing 5^5 Delta^3 (x1x2x3)^4... Done.
Start computing 5^6 Delta^4 (x1x2x3)^4... Done.
Start computing 5^7 Delta^5 (x1x2x3)^4... Done.
Start computing 5^8 Delta^6 (x1x2x3)^4... Done.
Start computing 5^9 Delta^7 (x1x2x3)^4... Done.
Start computing 5^10 Delta^8 (x1x2x3)^4... Done.
Start computing 5^11 Delta^9 (x1x2x3)^4... Done.
Start computing 5^12 Delta^10 (x1x2x3)^4... Done.
Start computing 5^13 Delta^11 (x1x2x3)^4... Done.
Start computing 5^14 Delta^12 (x1x2x3)^4... Done.
Start computing aa.
1 2 3 4 5 6 7 8 9 10 11 12 
*/
A = \
[323174426535055907232716800346992,380137840483029006916999551037496,565218052837889758569408771074716,179045763723227592906637656316630,504038293694253641866652890482250,428543594293800868410505214495555,271740442156658997231805388375340,357672152026864686181552056809760,306864822955430369818504460855435,383006094849610240114230662636800,236851126570335633475807074686675,424802342745786661725812458966025;\
309761330500322016096582162924377,256525150722159422828541842746226,648494063392188907205204151981246,386485691900609323693402784649655,29403098138992718393585651147675,43447259338097164316381840991705,391141924322085642668597130016215,181252906100100939700750200206435,500686541107338551645525301458435,332393833208197552481547938815300,43761444904795140048500928791800,138895824521328092369407424931275;\
118556567626644496037867666542819,66085485335833997519982645385472,33662134161114512659409966164687,478706493292330439047117514916385,629165344761678886644821968986375,453507722898332983701938474914485,38645150834610810000273311271930,202660176325249849750657643080620,559744811199469570003672121526570,472997482964713034716710948224600,223335523974403998690961279989975,503633836740587890539119446369425;\
8695419057847465676616179695397,394031934289991673241180001309181,447303548817548487792904949653471,461455620005762447027510255380755,300565741319702514276728682728675,484669730364123288476260114738830,634678012377814698868748820029940,8436969319195174506733012030210,672713843009974146974146659700135,313625893972014794751485452271175,4997113998879716843526100081675,493245019701716003104546558241900;\
521677273026258233187334488299321,178715946488982917453003738791683,591778933796274205113790980398028,454559126466407104154583808140390,339627214198519533941636687359375,390152976212636173254975785582740,147745796634992541947726188774245,288405714261100034559336709114680,518483378012818503972771637394255,452741257058484841977356882529775,563399665501937094981302520588150,259773038067950525622551351644450;\
79506774637572280608877234983056,119379972771555486440880126586563,605473165982888139477859856070608,650448629709670874552916770834990,46344074397556767763431914524475,343360876627299501897794860503665,554632549331837127866311711481045,576240321596590408181638619320680,382478637113769836274908450542005,374988366957184590419409733613775,321996691564796193152456898852400,518330410906243832079344049720450;\
455878435290533841701034572196961,628928781861193754908850351236178,322310684710772136994607915348798,306982263273403173779168804165865,76274730197504194508853977869225,466314944595302433979222828907115,400213707506960029167154531214895,275716570448992881603784154407380,266642049772793548627408160123480,568121954013474237045380310137275,458605585845453468106277533083525,336095898626281352552320480503200;\
45915897273658521564499175851079,619058532416560043865082247877002,26984777849275343424812712606517,117995918342320653775914005787910,383576429132683972670049885912600,395198944587542977047460795816985,93039598277739394181605385004780,388107447516182188444905414010195,413716620018689941047112960354745,369735269637332530154754538790725,449088215509850372824180345976225,554163938569905695228208782601550;\
441287536546136599138236484597892,684876122128992041593077649413766,40438850938175971010727000198831,572167826511709964355082091326405,439120590318894843259378608991300,562141432542107510957770599271930,696493063215257345418891313703415,147140684803308770352881338097735,217022820736340995053525375100710,165274600216587577808023582435300,83889966298151367952830209449300,548291707517959007646349709668400;\
290378827237075764902600631619746,631808686103527401374688291549228,378992924442723781181534256011043,577004084141676483774581664582965,604583759374622447154838516658750,270849665231725745436337032953065,458529557663679912172202880509570,246699117188979792680107801834030,262578651388489153295696857640805,591240110491911620190700430879525,313962243444191667512632171656025,488651346824398007250277302504950;\
482343348933759963433142722760479,427836019955011644777514174145577,39080051721514941463588846255567,257291595545047524315898444900960,64915439987656846435945468216500,643498479713883892903309067008985,372433373584103108322573113608480,281869574192381787172553749850620,676244184820032914754631576056020,485843273533132803044778179035975,175479098468220851648800152840850,111308427223919236091802609825550;\
546670751971876313830575901264759,207324041270073615968512711874692,232237235457433658615487821320457,390601803327929974491444814834160,567791893702482959965375716479875,333954687986734105412843739752810,502146646196604537121672231422705,672453677334062620722849937611520,318513055434469623531666623622295,107440989598368120077336664318850,201536702707661902131644114390350,32500218130013982176535861186550]
/* 
This matrix times 5^(-1) should be the matrix of frobenius.
*/ 
B = 5^(-1) * A; 
/* Freed 131 lists. */
