/* Comments begin... 
Coefficient of   x^27                     = 0
Coefficient of   x^14 * y^8               = 2
Coefficient of   x^12 * y^7 * z^1         = -2
Coefficient of   x^10 * y^6 * z^2         = -1
Coefficient of   x^8 * y^5 * z^3         = -2
Coefficient of   x^6 * y^4 * z^4         = 2
Coefficient of   x^4 * y^3 * z^5         = 1
Coefficient of   x^2 * y^2 * z^6         = -1
Coefficient of   x^1 * y^16               = 1
Coefficient of   y^1 * z^7               = 2

Here is the polynomial we're using this time:

2*x^14*y^8 + -2*x^12*y^7*z^1 + -1*x^10*y^6*z^2 + -2*x^8*y^5*z^3 + 2*x^6*y^4*z^4 + 1*x^4*y^3*z^5 + -1*x^2*y^2*z^6 + 1*x^1*y^16 + 2*y^1*z^7

Allocate G_len 20 elements and old = 0.
Allocate M_len = 400 elements.
Allocate G_len 40 elements and old = 20.
Allocate M_len = 800 elements.
Allocate G_len 80 elements and old = 40.
Allocate M_len = 1600 elements.
Allocate M_len = 3200 elements.
Not smooth!
Coefficient of   x^27                     = 1
Coefficient of   x^14 * y^8               = -1
Coefficient of   x^12 * y^7 * z^1         = 0
Coefficient of   x^10 * y^6 * z^2         = 0
Coefficient of   x^8 * y^5 * z^3         = -2
Coefficient of   x^6 * y^4 * z^4         = -2
Coefficient of   x^4 * y^3 * z^5         = 2
Coefficient of   x^2 * y^2 * z^6         = -2
Coefficient of   x^1 * y^16               = 1
Coefficient of   y^1 * z^7               = 0

Here is the polynomial we're using this time:

1*x^27 + -1*x^14*y^8 + -2*x^8*y^5*z^3 + -2*x^6*y^4*z^4 + 2*x^4*y^3*z^5 + -2*x^2*y^2*z^6 + 1*x^1*y^16

Allocate G_len 160 elements and old = 80.
Allocate M_len = 6400 elements.
Not smooth!
Coefficient of   x^27                     = -1
Coefficient of   x^14 * y^8               = -1
Coefficient of   x^12 * y^7 * z^1         = -2
Coefficient of   x^10 * y^6 * z^2         = 2
Coefficient of   x^8 * y^5 * z^3         = -2
Coefficient of   x^6 * y^4 * z^4         = 0
Coefficient of   x^4 * y^3 * z^5         = 2
Coefficient of   x^2 * y^2 * z^6         = -1
Coefficient of   x^1 * y^16               = -1
Coefficient of   y^1 * z^7               = -2

Here is the polynomial we're using this time:

-1*x^27 + -1*x^14*y^8 + -2*x^12*y^7*z^1 + 2*x^10*y^6*z^2 + -2*x^8*y^5*z^3 + 2*x^4*y^3*z^5 + -1*x^2*y^2*z^6 + -1*x^1*y^16 + -2*y^1*z^7

Allocate M_len = 12800 elements.
Allocate G_len 320 elements and old = 160.
The final length of G is 168
[12, 7, 0, 0]  	187	6 
[26, 0, 0, 0]  	208	8  <--- 1
[10, 6, 2, 0]  	216	7 
[10, 5, 3, 0]  	232	8 
[8, 5, 4, 0]  	245	7 
[6, 4, 6, 0]  	274	7 
[24, 6, 1, 0]  	299	13 
[22, 5, 2, 0]  	299	13 
[7, 19, 0, 0]  	303	7 
[16, 4, 5, 0]  	325	11 
[14, 3, 6, 0]  	325	11 
[11, 3, 7, 0]  	330	10 
[11, 17, 1, 0]  	338	10 
[14, 2, 7, 0]  	341	10 
[10, 18, 1, 0]  	343	9 
[9, 3, 8, 0]  	343	9 
[20, 3, 5, 0]  	344	10 
[18, 2, 6, 0]  	344	10 
[11, 2, 8, 0]  	346	9 
[22, 2, 5, 0]  	347	10 
[9, 17, 2, 0]  	351	9 
[8, 18, 2, 0]  	356	8 
[7, 3, 9, 0]  	356	8 
[14, 1, 8, 0]  	357	9 
[9, 2, 9, 0]  	359	9 
[18, 1, 7, 0]  	360	9 
[22, 1, 6, 0]  	363	9 
[7, 17, 3, 0]  	364	8 
[8, 1, 10, 0]  	367	8 
[6, 18, 3, 0]  	369	7 
[12, 1, 9, 0]  	370	8 
[10, 0, 10, 0]  	370	8 
[7, 2, 10, 0]  	372	7 
[6, 16, 4, 0]  	372	7 
[14, 0, 9, 0]  	373	8 
[7, 0, 11, 0]  	375	7 
[18, 0, 8, 0]  	376	8 
[6, 3, 10, 0]  	377	7 
[5, 17, 4, 0]  	377	7 
[22, 0, 7, 0]  	379	8 
[6, 1, 11, 0]  	380	7 
[7, 14, 5, 0]  	383	7 
[5, 2, 11, 0]  	385	7 
[6, 26, 0, 0]  	386	7 
[6, 15, 5, 0]  	388	6 
[5, 0, 12, 0]  	388	6 
[6, 24, 1, 0]  	389	7 
[5, 27, 0, 0]  	391	6 
[6, 22, 2, 0]  	392	7 
[5, 16, 5, 0]  	393	6 
[4, 1, 12, 0]  	393	6 
[5, 25, 1, 0]  	394	6 
[5, 14, 6, 0]  	396	6 
[5, 23, 2, 0]  	397	6 
[5, 12, 7, 0]  	399	6 
[5, 21, 3, 0]  	400	6 
[4, 15, 6, 0]  	401	5 
[3, 29, 0, 0]  	401	5 
[5, 10, 8, 0]  	402	6 
[4, 13, 7, 0]  	404	5 
[5, 8, 9, 0]  	405	6 
[3, 16, 6, 0]  	406	6 
[4, 11, 8, 0]  	407	5 
[5, 6, 10, 0]  	408	6 
[4, 0, 13, 0]  	409	5 
[4, 9, 9, 0]  	410	5 
[4, 27, 1, 0]  	412	5 
[4, 7, 10, 0]  	413	5 
[3, 1, 13, 0]  	414	5 
[4, 25, 2, 0]  	415	5 
[4, 5, 11, 0]  	416	6 
[3, 28, 1, 0]  	417	4 
[4, 23, 3, 0]  	418	5 
[3, 26, 2, 0]  	420	4 
[4, 21, 4, 0]  	421	5 
[3, 15, 7, 0]  	422	5 
[3, 24, 3, 0]  	423	4 
[3, 13, 8, 0]  	425	4 
[3, 11, 9, 0]  	428	4 
[3, 20, 5, 0]  	429	5 
[3, 0, 14, 0]  	430	4 
[3, 9, 10, 0]  	431	4 
[2, 12, 9, 0]  	433	3 
[3, 7, 11, 0]  	434	4 
[2, 30, 1, 0]  	435	5 
[2, 10, 10, 0]  	436	3 
[3, 5, 12, 0]  	437	5 
[3, 23, 4, 0]  	439	3 
[2, 8, 11, 0]  	439	3 
[2, 26, 3, 0]  	441	3 
[2, 6, 12, 0]  	442	4 
[2, 15, 8, 0]  	443	4 
[2, 24, 4, 0]  	444	3 
[2, 33, 0, 0]  	445	5 
[2, 22, 5, 0]  	447	3 
[1, 25, 4, 0]  	449	2 
[2, 20, 6, 0]  	450	4 
[2, 29, 2, 0]  	451	4 
[1, 23, 5, 0]  	452	2 
[1, 21, 6, 0]  	455	3 
[1, 10, 11, 0]  	457	2 
[1, 8, 12, 0]  	460	2 
[2, 1, 15, 0]  	464	4 
[0, 9, 12, 0]  	465	1 
[2, 19, 7, 0]  	466	4 
[0, 36, 0, 0]  	468	2  <--- 2
[1, 20, 7, 0]  	471	3 
[0, 23, 6, 0]  	473	1 
[2, 4, 14, 0]  	474	4 
[1, 7, 13, 0]  	476	2 
[1, 34, 1, 0]  	479	3 
[2, 0, 16, 0]  	480	3 
[0, 8, 13, 0]  	481	1 
[0, 35, 1, 0]  	484	2 
[1, 19, 8, 0]  	487	3 
[0, 22, 7, 0]  	489	1 
[1, 6, 14, 0]  	492	2 
[1, 15, 10, 0]  	493	3 
[1, 33, 2, 0]  	495	3 
[0, 7, 14, 0]  	497	1 
[1, 0, 17, 0]  	501	2 
[1, 18, 9, 0]  	503	3 
[0, 21, 8, 0]  	505	1 
[1, 5, 15, 0]  	508	2 
[0, 6, 15, 0]  	513	1 
[0, 33, 3, 0]  	516	2 
[0, 20, 9, 0]  	521	1 
[0, 29, 5, 0]  	522	2 
[1, 4, 16, 0]  	524	2 
[0, 5, 16, 0]  	529	1 
[0, 32, 4, 0]  	532	2 
[0, 19, 10, 0]  	537	1 
[0, 4, 17, 0]  	545	1 
[0, 0, 19, 0]  	551	1  <--- 3
[0, 18, 11, 0]  	553	1 
[0, 3, 18, 0]  	561	1 
[12, 6, 1, 1]  	203	8 
[8, 4, 5, 1]  	261	8 
[7, 18, 0, 1]  	290	8 
[18, 4, 4, 1]  	312	12 
[22, 4, 3, 1]  	315	12 
[18, 3, 5, 1]  	328	11 
[22, 3, 4, 1]  	331	11 
[10, 1, 9, 1]  	354	9 
[8, 16, 3, 1]  	359	8 
[4, 16, 5, 1]  	385	6 
[3, 22, 4, 1]  	426	4 
[2, 5, 13, 1]  	458	4 
[1, 29, 3, 1]  	472	3 
[0, 34, 2, 1]  	500	2 
[1, 35, 0, 2]  	463	3 
[16, 2, 6, 48]  	328	10 
[1, 6, 13, 48]  	463	2 
[10, 5, 2, 49]  	203	4 
[6, 3, 6, 49]  	261	7 
[16, 3, 5, 49]  	312	9 
[18, 2, 5, 49]  	315	8 
[18, 1, 6, 49]  	331	7 
[16, 1, 7, 49]  	344	9 
[8, 0, 10, 49]  	354	5 
[7, 1, 10, 49]  	359	6 
[16, 0, 8, 49]  	360	6 
[6, 0, 11, 49]  	367	4 
[3, 1, 12, 49]  	385	5 
[2, 7, 11, 49]  	426	3 
[1, 19, 7, 49]  	458	3 
[1, 0, 16, 49]  	472	2 
[0, 5, 15, 49]  	500	1 
------
The gap is between 3 and 47.
Lengths: 3 3 6 6 3 3.
For 490 = 5*d/2-d1-d2-d3 you get 3 in char 0.
1*x^1*y^17*z^9
1*y^31*z^3
1*y^2*z^16

For 274 = 3*d/2-d1-d2-d3 you get 6 in char 0.
1*x^5*y^18
1*x^4*y^3*z^7
1*x^3*y^17*z^1
1*x^2*y^2*z^8
1*x^1*y^16*z^2
1*y^1*z^9

For 58 = d/2-d1-d2-d3 you get 3 in char 0.
1*x^4*y^2
1*x^2*y^1*z^1
1*z^2

Extra powers of p used 0.
The invariant extra is equal to 4.
Start computing 5^3 Delta^1 (x1x2x3)^4... Done.
Start computing 5^4 Delta^2 (x1x2x3)^4... Done.
Start computing 5^5 Delta^3 (x1x2x3)^4... Done.
Start computing 5^6 Delta^4 (x1x2x3)^4... Done.
Start computing 5^7 Delta^5 (x1x2x3)^4... Done.
Start computing 5^8 Delta^6 (x1x2x3)^4... Done.
Start computing 5^9 Delta^7 (x1x2x3)^4... Done.
Start computing 5^10 Delta^8 (x1x2x3)^4... Done.
Start computing 5^11 Delta^9 (x1x2x3)^4... Done.
Start computing 5^12 Delta^10 (x1x2x3)^4... Done.
Start computing 5^13 Delta^11 (x1x2x3)^4... Done.
Start computing 5^14 Delta^12 (x1x2x3)^4... Done.
Start computing aa.
1 2 3 4 5 6 7 8 9 10 11 12 
*/
A = \
[124881605352343257494965740141028,139011023431086440571167790126019,111603366273947916713974035770312,140785603728347847146113438271825,56797110350555497433424757376495,125219418544677374124999827050225,45018598142310393098605488648555,7424486944127488699600424624925,34217205303944824082653548500780,50427298744546352785485543597100,30578219676933254543583533011825,17651710960811834128295651421250;\
128812955682040122491450408591090,5364251442937716973376143070864,28500834930432014041119151177507,43854591231439745194557960511330,121426143872750784816040858144140,86256983018362035296941964524160,8086309447130591830507531942290,127514180881363993970331600885580,87198625861978116285820793835645,19689234148439038353449056736100,72315388418501907644170514953175,82427790981533471318843087464475;\
141052211890356264707473731159418,127085689155062488538539947051944,63586718558561789621484478711724,22142324538906801854797251323110,126212354236133644838469796819915,44724500904150377280750235397485,51849960189279909802861015333560,693144239080484130330274044505,773563451175370011360880893195,99192206088429988816385272540775,138033094261864027209250090230350,115217340606673510836077154507025;\
45370124173412095921245632042236,8873863723317701380119007227009,71427536660349017100783478028069,60255703325969995645621442956405,33072903630685676231117852350720,129536947025377256482386183271970,118529919097127057728244752311555,107313896580296153719162493794335,61154935280110045028721566492275,9086769680257846350831594186025,129517510093389831980952901084025,59440598568413295293647312736725;\
104725028238918400317294820281504,33078848095378955056909464839244,101318471501257513376267949286766,43643247590435800545717498193885,113713453521509677480180404994645,93912352198171515423787656072350,131635529321306504991213296654115,51809837466698195872365825010740,76122050952681246077027812412910,12482810448419926069590684576075,70751035983921404501796878040075,41098130590597451351251654856150;\
102951962078354315343392773934707,103914948336113123270536381262737,86974296370439018003333139793790,37898785587151333565293404617830,92927843788958590282696460560885,35913211089065719821160260264325,14475846408410421775888237486775,23212324773119639786980531384535,131831523506599801020635368465820,123108827412478249614555193703750,120805012915187233099555380759500,132324892423853330313324183061400;\
10802611726043745530864920822088,116150956573848860240566759671478,122640891063337116088680614480921,131827214202466971305343371580470,58953065542552880851353646526130,51162290462760841159147252724815,66308357838764758898432380390235,41682086583015797175144646466765,51299665575239891169146566358695,3411500866790683205490901747225,140627215559736311148260152490250,131490810068908301426106007853100;\
63297208250201336624448330368835,140209812330497472353609651300662,139793133724547165379507146051422,76922588200786512074424694611400,25132507045470783319977006619315,51335889891912674662185005265655,62529084031128159543889422344440,63027167125699980394475471256335,130858869454184259869090221066870,32485761047217863987283200987725,66144041514234553602858848778725,63269331127159509610482438007425;\
16711157579541105099891603803773,51501587266747671528917767658348,133447991555241447495197893414121,127647881302342965663540364168755,105340157505040836602821875483590,13360151689178424473410520269490,124432948493099976351572262610620,66614563950458155459011788606535,112617269060941329557766226431495,103356889512515193541057128063475,119908942450409188083323247094500,119820833293822023975508126315050;\
72573292475399931240536440888278,27419672274194813108329986123138,67697974860107344190868431099072,3683074153267872440567562125020,57125782544585954816575818498715,87677946928355314558454405794500,12772745905518372068299281329480,80129011363614913676142098209880,93937735549629269234810235327770,122427648008523871527404168827550,86826751889969345538758665962975,130549614433656514350469048045275;\
41478108218099413248399880018244,32434024583667684535061739974134,65705211913014281123500865082486,25085348810564745752598801018285,37124272205616344754700639391970,124891876503396813470570015470850,22469637906689698336901272057890,63642854826427758102821144805240,133394741785388487656208447881510,99765516515146208777540162946425,15377580118192766318850780274300,130137254664368138438532870191950;\
35816944689731812293973227834694,46616893517699284050200465083379,36627838949822136919564817145733,97722512510221491743026504502995,82071599928722941802107296586850,136212216610236348662856546349720,94745355482714228982141459778590,101398564765331739420583740843090,83943975581840148914667270908960,18375836414225871760500150169175,50331059242999599227176095764850,3788016328489676660052278071725]
/* 
This should be the matrix of frobenius!
*/ 
B = A; 
/* Freed 128 lists. */
