/* Comments begin... 
Coefficient of   x^27                     = 2
Coefficient of   x^14 * y^8               = 2
Coefficient of   x^12 * y^7 * z^1         = -1
Coefficient of   x^10 * y^6 * z^2         = 0
Coefficient of   x^8 * y^5 * z^3         = 1
Coefficient of   x^6 * y^4 * z^4         = 2
Coefficient of   x^4 * y^3 * z^5         = -2
Coefficient of   x^2 * y^2 * z^6         = 2
Coefficient of   x^1 * y^16               = -1
Coefficient of   y^1 * z^7               = 1

Here is the polynomial we're using this time:

2*x^27 + 2*x^14*y^8 + -1*x^12*y^7*z^1 + 1*x^8*y^5*z^3 + 2*x^6*y^4*z^4 + -2*x^4*y^3*z^5 + 2*x^2*y^2*z^6 + -1*x^1*y^16 + 1*y^1*z^7

Allocate G_len 20 elements and old = 0.
Allocate M_len = 400 elements.
Allocate G_len 40 elements and old = 20.
Allocate M_len = 800 elements.
Allocate G_len 80 elements and old = 40.
Allocate M_len = 1600 elements.
Allocate M_len = 3200 elements.
Allocate G_len 160 elements and old = 80.
Allocate M_len = 6400 elements.
Allocate M_len = 12800 elements.
Allocate G_len 320 elements and old = 160.
Allocate M_len = 25600 elements.
The final length of G is 176
[12, 7, 0, 0]  	187	6 
[12, 6, 1, 0]  	203	8 
[26, 0, 0, 0]  	208	8  <--- 1
[10, 6, 2, 0]  	216	7 
[10, 5, 3, 0]  	232	8 
[8, 5, 4, 0]  	245	7 
[8, 4, 5, 0]  	261	8 
[6, 4, 6, 0]  	274	7 
[7, 18, 0, 0]  	290	8 
[22, 5, 2, 0]  	299	12 
[18, 4, 4, 0]  	312	12 
[14, 3, 6, 0]  	325	11 
[18, 3, 5, 0]  	328	11 
[11, 3, 7, 0]  	330	10 
[24, 4, 3, 0]  	331	11 
[22, 3, 4, 0]  	331	11 
[14, 2, 7, 0]  	341	10 
[9, 3, 8, 0]  	343	9 
[18, 2, 6, 0]  	344	10 
[22, 2, 5, 0]  	347	10 
[9, 17, 2, 0]  	351	9 
[12, 2, 8, 0]  	354	9 
[10, 1, 9, 0]  	354	9 
[7, 3, 9, 0]  	356	8 
[14, 1, 8, 0]  	357	9 
[9, 2, 9, 0]  	359	8 
[8, 16, 3, 0]  	359	8 
[18, 1, 7, 0]  	360	9 
[7, 17, 3, 0]  	364	8 
[8, 1, 10, 0]  	367	8 
[6, 18, 3, 0]  	369	7 
[10, 0, 10, 0]  	370	8 
[7, 2, 10, 0]  	372	8 
[14, 0, 9, 0]  	373	8 
[7, 0, 11, 0]  	375	7 
[18, 0, 8, 0]  	376	8 
[6, 3, 10, 0]  	377	7 
[5, 17, 4, 0]  	377	7 
[24, 1, 6, 0]  	379	8 
[22, 0, 7, 0]  	379	8 
[7, 16, 4, 0]  	380	7 
[6, 1, 11, 0]  	380	7 
[7, 14, 5, 0]  	383	7 
[5, 2, 11, 0]  	385	7 
[6, 15, 5, 0]  	388	6 
[5, 0, 12, 0]  	388	6 
[6, 24, 1, 0]  	389	7 
[5, 27, 0, 0]  	391	6 
[5, 16, 5, 0]  	393	7 
[5, 25, 1, 0]  	394	6 
[5, 14, 6, 0]  	396	6 
[5, 23, 2, 0]  	397	6 
[4, 15, 6, 0]  	401	5 
[3, 29, 0, 0]  	401	5 
[5, 10, 8, 0]  	402	6 
[5, 8, 9, 0]  	405	6 
[3, 16, 6, 0]  	406	6 
[4, 11, 8, 0]  	407	5 
[5, 6, 10, 0]  	408	6 
[4, 0, 13, 0]  	409	5 
[4, 9, 9, 0]  	410	5 
[4, 27, 1, 0]  	412	5 
[5, 22, 3, 0]  	413	5 
[4, 7, 10, 0]  	413	5 
[4, 25, 2, 0]  	415	5 
[4, 5, 11, 0]  	416	6 
[4, 14, 7, 0]  	417	5 
[4, 23, 3, 0]  	418	5 
[3, 26, 2, 0]  	420	4 
[4, 21, 4, 0]  	421	5 
[3, 15, 7, 0]  	422	5 
[3, 24, 3, 0]  	423	4 
[3, 22, 4, 0]  	426	4 
[3, 11, 9, 0]  	428	4 
[3, 20, 5, 0]  	429	5 
[2, 30, 1, 0]  	435	5 
[2, 10, 10, 0]  	436	3 
[2, 8, 11, 0]  	439	3 
[2, 26, 3, 0]  	441	3 
[2, 6, 12, 0]  	442	4 
[2, 24, 4, 0]  	444	3 
[2, 33, 0, 0]  	445	5 
[2, 22, 5, 0]  	447	3 
[1, 25, 4, 0]  	449	2 
[2, 20, 6, 0]  	450	4 
[2, 29, 2, 0]  	451	4 
[1, 23, 5, 0]  	452	2 
[1, 21, 6, 0]  	455	3 
[2, 5, 13, 0]  	458	4 
[3, 0, 15, 0]  	459	4 
[1, 8, 12, 0]  	460	2 
[1, 35, 0, 0]  	463	3 
[2, 1, 15, 0]  	464	4 
[0, 9, 12, 0]  	465	1 
[2, 19, 7, 0]  	466	4 
[1, 20, 7, 0]  	471	3 
[2, 15, 9, 0]  	472	3 
[1, 29, 3, 0]  	472	3 
[0, 23, 6, 0]  	473	1 
[1, 7, 13, 0]  	476	2 
[1, 34, 1, 0]  	479	3 
[2, 0, 16, 0]  	480	3 
[0, 37, 0, 0]  	481	1  <--- 2
[0, 8, 13, 0]  	481	1 
[0, 35, 1, 0]  	484	2 
[1, 19, 8, 0]  	487	3 
[0, 22, 7, 0]  	489	1 
[1, 6, 14, 0]  	492	2 
[1, 33, 2, 0]  	495	3 
[0, 7, 14, 0]  	497	1 
[0, 34, 2, 0]  	500	2 
[1, 0, 17, 0]  	501	2 
[1, 18, 9, 0]  	503	3 
[0, 21, 8, 0]  	505	1 
[0, 6, 15, 0]  	513	1 
[0, 33, 3, 0]  	516	2 
[0, 20, 9, 0]  	521	1 
[1, 4, 16, 0]  	524	2 
[0, 5, 16, 0]  	529	1 
[0, 32, 4, 0]  	532	2 
[0, 19, 10, 0]  	537	1 
[0, 4, 17, 0]  	545	1 
[0, 0, 19, 0]  	551	1  <--- 3
[0, 18, 11, 0]  	553	1 
[0, 3, 18, 0]  	561	1 
[22, 4, 3, 1]  	315	12 
[11, 2, 8, 1]  	346	9 
[22, 1, 6, 1]  	363	9 
[6, 16, 4, 1]  	372	7 
[6, 22, 2, 1]  	392	7 
[4, 1, 12, 1]  	393	6 
[5, 12, 7, 1]  	399	6 
[5, 21, 3, 1]  	400	6 
[4, 13, 7, 1]  	404	5 
[3, 1, 13, 1]  	414	5 
[3, 13, 8, 1]  	425	4 
[3, 9, 10, 1]  	431	4 
[2, 12, 9, 1]  	433	3 
[3, 5, 12, 1]  	437	5 
[1, 10, 11, 1]  	457	2 
[0, 36, 0, 1]  	468	2 
[2, 4, 14, 1]  	474	4 
[1, 15, 10, 1]  	493	3 
[1, 5, 15, 1]  	508	2 
[0, 29, 5, 1]  	522	2 
[11, 17, 1, 2]  	338	10 
[4, 16, 5, 2]  	385	6 
[6, 26, 0, 2]  	386	7 
[3, 28, 1, 2]  	417	4 
[3, 0, 14, 2]  	430	4 
[2, 15, 8, 2]  	443	4 
[3, 7, 11, 3]  	434	4 
[2, 21, 5, 47]  	434	3 
[1, 29, 2, 47]  	443	3 
[0, 0, 18, 48]  	522	1 
[20, 3, 4, 49]  	315	10 
[10, 2, 8, 49]  	338	8 
[9, 16, 2, 49]  	338	7 
[9, 1, 9, 49]  	346	7 
[20, 0, 7, 49]  	363	7 
[5, 1, 11, 49]  	372	5 
[3, 1, 12, 49]  	385	5 
[2, 15, 6, 49]  	385	4 
[5, 11, 7, 49]  	386	5 
[4, 25, 1, 49]  	386	4 
[5, 7, 9, 49]  	392	5 
[4, 6, 10, 49]  	400	5 
[1, 26, 2, 49]  	404	2 
[2, 30, 0, 49]  	406	5 
[2, 13, 8, 49]  	417	3 
[2, 23, 4, 49]  	431	3 
[0, 24, 5, 49]  	457	1 
[0, 7, 13, 49]  	468	1 
[1, 18, 8, 49]  	474	3 
[0, 29, 4, 49]  	493	2 
[0, 19, 9, 49]  	508	1 
------
The gap is between 4 and 46.
Lengths: 3 3 6 6 3 3.
For 490 = 5*d/2-d1-d2-d3 you get 3 in char 0.
1*x^1*y^17*z^9
1*y^31*z^3
1*y^2*z^16

For 274 = 3*d/2-d1-d2-d3 you get 6 in char 0.
1*x^5*y^18
1*x^4*y^3*z^7
1*x^3*y^17*z^1
1*x^2*y^2*z^8
1*x^1*y^16*z^2
1*y^1*z^9

For 58 = d/2-d1-d2-d3 you get 3 in char 0.
1*x^4*y^2
1*x^2*y^1*z^1
1*z^2

Extra powers of p used 0.
The invariant extra is equal to 4.
Start computing 5^3 Delta^1 (x1x2x3)^4... Done.
Start computing 5^4 Delta^2 (x1x2x3)^4... Done.
Start computing 5^5 Delta^3 (x1x2x3)^4... Done.
Start computing 5^6 Delta^4 (x1x2x3)^4... Done.
Start computing 5^7 Delta^5 (x1x2x3)^4... Done.
Start computing 5^8 Delta^6 (x1x2x3)^4... Done.
Start computing 5^9 Delta^7 (x1x2x3)^4... Done.
Start computing 5^10 Delta^8 (x1x2x3)^4... Done.
Start computing 5^11 Delta^9 (x1x2x3)^4... Done.
Start computing 5^12 Delta^10 (x1x2x3)^4... Done.
Start computing 5^13 Delta^11 (x1x2x3)^4... Done.
Start computing 5^14 Delta^12 (x1x2x3)^4... Done.
Start computing aa.
1 2 3 4 5 6 7 8 9 10 11 12 
*/
A = \
[41958204090568141109427076690652,137155488520371976108125603104968,121347201431804042252271222439000,48135055298313854458503191417695,124277779605663610966191577142110,127127473785360125198943619574455,127788847504063346721356068014290,34705710326085822601483746587310,119527733354236250973376696050135,28529478435656466273829568748575,58906202616286333743445784617500,86441588634312303889939050509175;\
140587834782686094920431260085049,27991874718342716698564054658840,35192885862497010615959608896470,116616692914547684878366400125290,112373452953422412791601344502265,115161937914513718298626118824810,121087928703415667541632281217460,15739457018689274234524209968330,128273095224711942480018689854335,57279135650087962336582008079500,106388931909061171676455720645175,11578320657636238732279298652050;\
116206600943407397074353832503298,43393220082751885012454119508658,18441094517248833283469161147812,94183203911328340120621345132780,113131467985308937062221463497925,28106686009733647545638661232705,46978052477786211081796473407655,43115189185114404420330678322415,65608774587139434595241152780355,97364621551999995335533631086775,2675056635305214646789062653525,109163119145478022548334421004875;\
55110375491094835999418116055123,95061474211859842335602817194321,99932685027535578580092058793926,24814989256156863603226380648900,10076209420353606504873467457520,76232150167685608713523103235260,70691224786072246452620425202260,90382691292124830077594197961410,120395182709211769953191377127030,80496894919899152938919514820125,56251438406191822279390415950250,26591440104780669146840688400175;\
21771317754197123401847318445597,11589438770529145129909828854595,19788414799916195041766388875117,15452682599728083871635548788940,46963251531463860041260279404835,34721644595782337374014423682625,102252546630769069459257606933370,134877544846755923724191749698350,5096594971061875111936932867375,9463796532074385416038809834025,26195662022336793241296203884975,79037077315047746233686631498150;\
101053984229239846619165291990806,117104376971481356269343203963585,71825956544374167385149792946852,89770919893398910151804923792300,19707399400578665368775505685635,20888404577990513057343952295420,7129111062914884639071420031825,84650436561082921317874400684700,126032204303083704262701352002665,9806911821585505411457270698750,55937242524123197597307444131400,17989113095793957722800985909000;\
15659937883232438282275800191524,138166726299352518229831951568068,43896636322152546423065584808000,130659170334262089492354559711710,22208387965832062401219388387645,75861836139776998580699877665815,114311325073449003559219836211245,41173919257945067395953501137895,128356283487841839670657915337085,5947783074824949534531921758550,48652357385900303728844955915475,134961162147884731389624556579600;\
22510131447561699879461194666113,120416691149454633858645581189757,110921796399277881974118377728431,25103967181847207884897365617890,87231813234309004302204414381020,70463316955968742625848348063920,66097874823108074856892116413635,12071005465167567005579354205205,65187292848251435319651167794320,39654372118167350955870398041350,94622352317425269266196368808900,45666134830087560945847629260025;\
26398477925476133380139604443545,58283150317156681371555084536326,4947422350037716930274401831867,45739960141640320099931309537715,127292793808790450443288402620725,90628589494660803418729283401540,54748784942863259364975006074430,100036188041808566137102541855450,48574121223869866248187524089370,39190402614975386787494880529275,103637437232499455834568151891750,64251324933105392805951961853625;\
22844733392192359259764733955091,33194319691883931030980759502257,17974673994095456219559384780490,56997349179631007235189398109680,130609037944277110116075378169955,114632079930388904515793428596190,47613959297310453085639423222290,135003726464085502504622386562785,105778152216510494438023908759890,122785834115427422101064670171750,64567570403125257310749264868975,15182750629294285046689655558175;\
118247901305028196945353891026806,57358961641354006839633984312536,133450924733601453223037274672388,131577740758832358947599076711335,46033155911889074127404447107705,22429618359554531825018141637040,110610225793595555697002913326415,139005154578297552443143611282600,140506353826918140259495458894495,26933134096259433981459004975450,35450385656381017754479692087025,113466674793977133862860545580375;\
104252659041816726787053671019930,96462611013510561142186779245764,124577235320252153085250536651963,76090093788963543783010173697655,53134086525485881334290073588325,43363855453514058364179587011700,114812826619871337942902629715850,37260161224008561233704546068915,66322068703473379459893055388005,86382920246786677792753495989475,27008528494524835039442887944175,67167959093347849382970010576450]
/* 
This should be the matrix of frobenius!
*/ 
B = A; 
/* Freed 131 lists. */
