/* Comments begin... 
Coefficient of   x^21 * y^1               = 2
Coefficient of   x^10 * y^2 * z^6         = 3
Coefficient of   x^8 * y^5 * z^5         = -3
Coefficient of   x^6 * y^8 * z^4         = 1
Coefficient of   x^4 * y^11 * z^3         = -2
Coefficient of   x^2 * y^14 * z^2         = 0
Coefficient of   x^1 * z^13               = 1
Coefficient of   y^17 * z^1               = 2

Here is the polynomial we're using this time:

2*x^21*y^1 + 3*x^10*y^2*z^6 + -3*x^8*y^5*z^5 + 1*x^6*y^8*z^4 + -2*x^4*y^11*z^3 + 1*x^1*z^13 + 2*y^17*z^1

Allocate G_len 20 elements and old = 0.
Allocate M_len = 400 elements.
Allocate G_len 40 elements and old = 20.
Allocate M_len = 800 elements.
Allocate G_len 80 elements and old = 40.
Allocate M_len = 1600 elements.
Allocate M_len = 3200 elements.
Allocate G_len 160 elements and old = 80.
Allocate M_len = 6400 elements.
Allocate M_len = 12800 elements.
Allocate G_len 320 elements and old = 160.
Allocate M_len = 25600 elements.
Not smooth!
Coefficient of   x^21 * y^1               = -2
Coefficient of   x^10 * y^2 * z^6         = -1
Coefficient of   x^8 * y^5 * z^5         = 1
Coefficient of   x^6 * y^8 * z^4         = 2
Coefficient of   x^4 * y^11 * z^3         = -3
Coefficient of   x^2 * y^14 * z^2         = -1
Coefficient of   x^1 * z^13               = -2
Coefficient of   y^17 * z^1               = -3

Here is the polynomial we're using this time:

-2*x^21*y^1 + -1*x^10*y^2*z^6 + 1*x^8*y^5*z^5 + 2*x^6*y^8*z^4 + -3*x^4*y^11*z^3 + -1*x^2*y^14*z^2 + -2*x^1*z^13 + -3*y^17*z^1

Not smooth!
Coefficient of   x^21 * y^1               = -2
Coefficient of   x^10 * y^2 * z^6         = -1
Coefficient of   x^8 * y^5 * z^5         = 0
Coefficient of   x^6 * y^8 * z^4         = 2
Coefficient of   x^4 * y^11 * z^3         = 2
Coefficient of   x^2 * y^14 * z^2         = -1
Coefficient of   x^1 * z^13               = 3
Coefficient of   y^17 * z^1               = 1

Here is the polynomial we're using this time:

-2*x^21*y^1 + -1*x^10*y^2*z^6 + 2*x^6*y^8*z^4 + 2*x^4*y^11*z^3 + -1*x^2*y^14*z^2 + 3*x^1*z^13 + 1*y^17*z^1

The final length of G is 195
[10, 2, 5, 0]  	391	6 
[21, 0, 0, 0]  	399	6  <--- 1
[6, 8, 4, 0]  	422	5 
[6, 14, 3, 0]  	529	7 
[5, 0, 15, 0]  	560	6 
[17, 8, 3, 0]  	600	6 
[15, 11, 3, 0]  	631	5 
[12, 0, 14, 0]  	662	9 
[9, 3, 14, 0]  	674	9 
[19, 11, 2, 0]  	676	9 
[15, 0, 13, 0]  	688	9 
[13, 17, 2, 0]  	700	8 
[8, 5, 14, 0]  	701	8 
[7, 6, 14, 0]  	705	8 
[17, 14, 2, 0]  	707	8 
[11, 19, 2, 0]  	708	8 
[9, 6, 13, 0]  	712	8 
[19, 14, 1, 0]  	714	8 
[8, 22, 2, 0]  	720	8 
[7, 23, 2, 0]  	724	7 
[9, 23, 1, 0]  	731	7 
[5, 25, 2, 0]  	732	7 
[7, 25, 1, 0]  	739	7 
[6, 26, 1, 0]  	743	7 
[17, 17, 1, 0]  	745	7 
[11, 22, 1, 0]  	746	6 
[5, 11, 13, 0]  	751	7 
[20, 0, 12, 0]  	752	7 
[4, 12, 13, 0]  	755	6 
[5, 29, 0, 0]  	762	6 
[4, 11, 14, 0]  	763	6 
[4, 26, 3, 0]  	767	6 
[9, 26, 0, 0]  	769	6 
[5, 28, 1, 0]  	770	6 
[4, 14, 12, 0]  	770	6 
[20, 17, 0, 0]  	771	2 
[5, 24, 4, 0]  	771	6 
[14, 22, 0, 0]  	772	7 
[4, 29, 1, 0]  	774	6 
[13, 23, 0, 0]  	776	6 
[7, 28, 0, 0]  	777	6 
[5, 15, 11, 0]  	781	6 
[4, 28, 2, 0]  	782	6 
[3, 14, 13, 0]  	782	6 
[17, 20, 0, 0]  	783	6 
[11, 25, 0, 0]  	784	6 
[3, 29, 2, 0]  	786	5 
[5, 18, 9, 0]  	788	6 
[4, 31, 0, 0]  	789	6 
[3, 32, 0, 0]  	793	5 
[5, 21, 7, 0]  	795	6 
[5, 17, 10, 0]  	796	6 
[19, 19, 0, 0]  	798	6 
[4, 18, 10, 0]  	800	5 
[3, 31, 1, 0]  	801	5 
[3, 0, 24, 0]  	801	5 
[5, 20, 8, 0]  	803	6 
[2, 32, 1, 0]  	805	5 
[4, 25, 5, 0]  	806	6 
[4, 21, 8, 0]  	807	5 
[4, 17, 11, 0]  	808	5 
[5, 23, 6, 0]  	810	6 
[4, 24, 6, 0]  	814	5 
[4, 20, 9, 0]  	815	5 
[4, 4, 21, 0]  	819	5 
[3, 17, 12, 0]  	820	5 
[4, 23, 7, 0]  	822	5 
[2, 18, 12, 0]  	824	4 
[4, 7, 19, 0]  	826	5 
[4, 3, 22, 0]  	827	5 
[3, 12, 16, 0]  	829	5 
[4, 10, 17, 0]  	833	5 
[4, 6, 20, 0]  	834	5 
[3, 11, 17, 0]  	837	5 
[3, 7, 20, 0]  	838	4 
[3, 3, 23, 0]  	839	4 
[4, 9, 18, 0]  	841	5 
[3, 6, 21, 0]  	846	4 
[3, 9, 19, 0]  	853	4 
[3, 28, 5, 0]  	856	5 
[3, 24, 8, 0]  	857	4 
[2, 29, 5, 0]  	860	4 
[3, 27, 6, 0]  	864	4 
[2, 28, 6, 0]  	868	4 
[2, 24, 9, 0]  	869	3 
[2, 31, 4, 0]  	875	5 
[2, 27, 7, 0]  	876	3 
[2, 15, 16, 0]  	879	4 
[2, 7, 22, 0]  	881	3 
[2, 26, 8, 0]  	884	3 
[2, 14, 17, 0]  	887	4 
[2, 10, 20, 0]  	888	3 
[1, 15, 17, 0]  	891	3 
[2, 13, 18, 0]  	895	3 
[2, 9, 21, 0]  	896	3 
[2, 1, 27, 0]  	898	4 
[1, 10, 21, 0]  	900	2 
[2, 12, 19, 0]  	903	3 
[2, 0, 28, 0]  	906	4 
[1, 13, 19, 0]  	907	2 
[1, 32, 5, 0]  	910	3 
[1, 12, 20, 0]  	915	2 
[1, 31, 6, 0]  	918	3 
[0, 32, 6, 0]  	922	2 
[1, 30, 7, 0]  	926	2 
[1, 18, 16, 0]  	929	3 
[0, 31, 7, 0]  	930	2 
[0, 30, 8, 0]  	938	1 
[1, 1, 29, 0]  	941	2 
[1, 35, 4, 0]  	948	3 
[1, 0, 30, 0]  	949	2 
[0, 1, 30, 0]  	953	1 
[0, 16, 19, 0]  	957	1 
[0, 35, 5, 0]  	960	2 
[0, 0, 31, 0]  	961	1  <--- 3
[1, 41, 0, 0]  	962	2 
[0, 18, 18, 0]  	972	1 
[1, 4, 28, 0]  	979	2 
[0, 4, 29, 0]  	991	1 
[0, 21, 17, 0]  	1010	1 
[1, 27, 12, 0]  	1012	3 
[1, 7, 27, 0]  	1017	2 
[0, 7, 28, 0]  	1029	1 
[1, 24, 15, 0]  	1036	3 
[0, 24, 16, 0]  	1048	1 
[0, 41, 4, 0]  	1067	1 
[0, 10, 27, 0]  	1067	1 
[0, 47, 0, 0]  	1081	1  <--- 2
[0, 27, 15, 0]  	1086	1 
[0, 44, 3, 0]  	1105	1 
[0, 13, 26, 0]  	1105	1 
[20, 1, 0, 1]  	403	6 
[16, 8, 3, 1]  	581	10 
[14, 11, 3, 1]  	612	9 
[11, 0, 14, 1]  	643	10 
[18, 11, 2, 1]  	657	10 
[15, 14, 2, 1]  	669	9 
[12, 17, 2, 1]  	681	9 
[10, 19, 2, 1]  	689	9 
[18, 14, 1, 1]  	695	9 
[16, 17, 1, 1]  	726	8 
[10, 22, 1, 1]  	727	7 
[19, 0, 12, 1]  	733	8 
[14, 19, 1, 1]  	734	8 
[5, 9, 14, 1]  	736	7 
[13, 20, 1, 1]  	738	7 
[8, 26, 0, 1]  	750	7 
[12, 23, 0, 1]  	757	7 
[6, 28, 0, 1]  	758	7 
[16, 20, 0, 1]  	764	7 
[10, 25, 0, 1]  	765	7 
[19, 18, 0, 1]  	775	7 
[18, 19, 0, 1]  	779	7 
[3, 4, 22, 1]  	831	4 
[2, 35, 0, 1]  	843	4 
[3, 21, 10, 1]  	850	4 
[3, 20, 11, 1]  	858	4 
[2, 21, 11, 1]  	862	3 
[3, 23, 9, 1]  	865	4 
[2, 4, 24, 1]  	874	4 
[2, 23, 10, 1]  	877	3 
[1, 38, 0, 1]  	893	3 
[1, 14, 18, 1]  	899	3 
[1, 27, 9, 1]  	919	2 
[1, 29, 8, 1]  	934	2 
[1, 24, 12, 1]  	943	3 
[1, 21, 15, 1]  	967	3 
[0, 38, 4, 1]  	998	2 
[0, 44, 0, 1]  	1012	2 
[0, 41, 3, 1]  	1036	2 
[14, 14, 2, 2]  	650	10 
[9, 20, 2, 2]  	693	8 
[12, 20, 1, 2]  	719	8 
[4, 1, 23, 2]  	812	5 
[3, 10, 18, 2]  	845	4 
[3, 26, 7, 3]  	872	4 
[2, 12, 18, 22]  	872	3 
[8, 6, 13, 23]  	693	6 
[5, 18, 8, 23]  	757	6 
[2, 27, 6, 23]  	845	3 
[9, 2, 6, 24]  	403	5 
[5, 14, 4, 24]  	541	6 
[13, 0, 13, 24]  	650	7 
[7, 5, 14, 24]  	682	7 
[10, 22, 0, 24]  	696	7 
[8, 23, 1, 24]  	712	6 
[4, 25, 2, 24]  	713	5 
[4, 21, 7, 24]  	776	4 
[4, 7, 18, 24]  	795	5 
[3, 18, 11, 24]  	812	4 
[0, 7, 21, 24]  	812	1 
[2, 9, 20, 24]  	865	2 
[0, 12, 20, 24]  	896	1 
[0, 31, 6, 24]  	899	2 
[0, 15, 19, 24]  	934	1 
------
The gap is between 4 and 21.
Lengths: 3 3 5 5 3 4.
For 982 = 5*d/2-d1-d2-d3 you get 3 in char 0.
1*x^1*y^23*z^14
1*y^40*z^2
1*y^9*z^25

For 560 = 3*d/2-d1-d2-d3 you get 5 in char 0.
1*x^4*y^17*z^3
1*x^3*y^3*z^14
1*x^2*y^20*z^2
1*x^1*y^6*z^13
1*y^23*z^1

For 138 = d/2-d1-d2-d3 you get 3 in char 0.
1*x^4*z^2
1*x^2*y^3*z^1
1*y^6

Extra powers of p used 1.
The invariant extra is equal to 1.
Start computing 7^3 Delta^1 (x1x2x3)^6... Done.
Start computing 7^4 Delta^2 (x1x2x3)^6... Done.
Start computing 7^5 Delta^3 (x1x2x3)^6... Done.
Start computing 7^6 Delta^4 (x1x2x3)^6... Done.
Start computing 7^7 Delta^5 (x1x2x3)^6... Done.
Start computing 7^8 Delta^6 (x1x2x3)^6... Done.
Start computing aa.
1 2 3 4 5 6 7 8 9 10 11 
*/
A = \
[139545143824016994021,93587050190499938100,61396640397158809778,54576095739526623045,660090222713886965,149894369429580024949,29896560433258021895,89442114446634855353,93155983313387499463,117811741457916898000,131411202781896966061;\
180706288644072429735,138782708559844793955,167769301563320230354,63387267542347969080,170608414815540833544,145900406800234019647,56954058957814972723,134221581120208678901,14516184962954449439,170259633678187711763,156275544645264798481;\
87419898729884619874,82512472505732370696,145782344495054972208,86840598526365308926,15490583214768035010,177257288983394300338,186082697821362166475,106475765329476746924,45042273590379075787,136173483904043086977,76153615386651562480;\
173196904404144207511,160439675799434041388,146539679436698344391,83109756304519932715,127928610364221665922,134327722188829918966,165461049396430476948,102166899853094359731,28187746257413043588,173367631122924969318,648919139728528935;\
154810473511299021172,108208975530491185182,129866448978848596497,139621421977686366221,34850034461648146286,23105300111685324995,134473012077087468834,31415123895569035020,74265508101158265983,41189994458831319822,110719809020409432515;\
124087376710256643328,149780352198879059315,118592368297058293022,82962369355917427180,25304126219926700846,14744986705595985657,92229619609806000413,22468769925020526366,16708012011109650952,27058012717369551918,115789582859243231820;\
46728882647283497022,109065633914688320646,131017454769627960786,3580744084732457475,72645806137664262034,72255938170338338556,68342870857562083118,3657700864059972415,38879684614012592462,159980405471639011630,88014821351437438696;\
187502841254289128330,29613802187282199222,121818349321967622674,163844923307516434543,130464664551506721856,39123965820201912314,60528474345936800609,490103449316779088,139193642144776689064,133051467463963880188,50739122125905278898;\
87950040936304843991,189793683888445808052,72397064311810233611,48521244756120401440,21712077193005762801,6727055591748029510,160083786230970854210,185783039973536513389,175465411567297375181,168835763202662100846,2065539243553465666;\
160317919803312746830,46402147330564583292,43905593269638656255,138535964619520700477,154641697264661912844,31623772234315758924,152783304604625076130,163316967007917677115,144963551700438806272,84623350904489691203,99225643321765326688;\
76283392304325075337,62010823835712858554,10537718902313360303,31929236344032760684,165216344411010967123,57936681852635489449,166902386538591333308,52344666311842318414,57194005480822714595,166416479954024513171,75041856253391883289]
/* 
This matrix times 7^(-1) should be the matrix of frobenius.
*/ 
B = 7^(-1) * A; 
/* Freed 54 lists. */
