/* Comments begin... 
Coefficient of   x^21 * y^1               = -1
Coefficient of   x^10 * y^2 * z^6         = 1
Coefficient of   x^8 * y^5 * z^5         = 1
Coefficient of   x^6 * y^8 * z^4         = -3
Coefficient of   x^4 * y^11 * z^3         = 1
Coefficient of   x^2 * y^14 * z^2         = 2
Coefficient of   x^1 * z^13               = 1
Coefficient of   y^17 * z^1               = 2

Here is the polynomial we're using this time:

-1*x^21*y^1 + 1*x^10*y^2*z^6 + 1*x^8*y^5*z^5 + -3*x^6*y^8*z^4 + 1*x^4*y^11*z^3 + 2*x^2*y^14*z^2 + 1*x^1*z^13 + 2*y^17*z^1

Allocate G_len 20 elements and old = 0.
Allocate M_len = 400 elements.
Allocate G_len 40 elements and old = 20.
Allocate M_len = 800 elements.
Allocate G_len 80 elements and old = 40.
Allocate M_len = 1600 elements.
Allocate M_len = 3200 elements.
Allocate G_len 160 elements and old = 80.
Allocate M_len = 6400 elements.
Allocate M_len = 12800 elements.
Allocate G_len 320 elements and old = 160.
Allocate M_len = 25600 elements.
The final length of G is 197
[10, 2, 5, 0]  	391	7 
[21, 0, 0, 0]  	399	7  <--- 1
[8, 5, 5, 0]  	422	6 
[8, 8, 4, 0]  	460	7 
[6, 11, 4, 0]  	491	6 
[6, 14, 3, 0]  	529	7 
[5, 0, 15, 0]  	560	6 
[19, 5, 4, 0]  	600	7 
[15, 11, 3, 0]  	631	10 
[19, 8, 3, 0]  	638	7 
[12, 0, 14, 0]  	662	9 
[15, 14, 2, 0]  	669	9 
[9, 3, 14, 0]  	674	9 
[19, 11, 2, 0]  	676	9 
[9, 20, 2, 0]  	693	8 
[13, 17, 2, 0]  	700	8 
[7, 22, 2, 0]  	701	8 
[7, 6, 14, 0]  	705	8 
[16, 0, 13, 0]  	707	8 
[19, 14, 1, 0]  	714	8 
[7, 8, 13, 0]  	720	8 
[6, 9, 13, 0]  	724	7 
[6, 8, 14, 0]  	732	7 
[5, 25, 2, 0]  	732	7 
[5, 9, 14, 0]  	736	7 
[13, 20, 1, 0]  	738	7 
[7, 25, 1, 0]  	739	7 
[17, 17, 1, 0]  	745	7 
[8, 26, 0, 0]  	750	7 
[5, 11, 13, 0]  	751	7 
[20, 0, 12, 0]  	752	7 
[15, 19, 1, 0]  	753	7 
[4, 12, 13, 0]  	755	6 
[5, 29, 0, 0]  	762	6 
[4, 11, 14, 0]  	763	6 
[10, 25, 0, 0]  	765	7 
[4, 26, 3, 0]  	767	6 
[11, 23, 1, 0]  	769	6 
[5, 28, 1, 0]  	770	6 
[4, 14, 12, 0]  	770	6 
[20, 17, 0, 0]  	771	2 
[5, 24, 4, 0]  	771	6 
[4, 29, 1, 0]  	774	6 
[13, 23, 0, 0]  	776	6 
[7, 28, 0, 0]  	777	6 
[5, 15, 11, 0]  	781	6 
[4, 28, 2, 0]  	782	6 
[3, 14, 13, 0]  	782	6 
[17, 20, 0, 0]  	783	6 
[3, 29, 2, 0]  	786	5 
[5, 18, 9, 0]  	788	6 
[4, 31, 0, 0]  	789	6 
[15, 22, 0, 0]  	791	6 
[3, 32, 0, 0]  	793	5 
[5, 21, 7, 0]  	795	6 
[5, 17, 10, 0]  	796	6 
[19, 19, 0, 0]  	798	6 
[4, 18, 10, 0]  	800	5 
[3, 31, 1, 0]  	801	5 
[3, 0, 24, 0]  	801	5 
[5, 20, 8, 0]  	803	6 
[2, 32, 1, 0]  	805	5 
[4, 25, 5, 0]  	806	6 
[4, 17, 11, 0]  	808	5 
[5, 23, 6, 0]  	810	6 
[4, 1, 23, 0]  	812	5 
[4, 20, 9, 0]  	815	5 
[4, 4, 21, 0]  	819	5 
[3, 17, 12, 0]  	820	5 
[4, 23, 7, 0]  	822	5 
[2, 18, 12, 0]  	824	4 
[4, 3, 22, 0]  	827	5 
[3, 12, 16, 0]  	829	5 
[4, 10, 17, 0]  	833	5 
[4, 6, 20, 0]  	834	5 
[3, 11, 17, 0]  	837	5 
[3, 3, 23, 0]  	839	4 
[2, 35, 0, 0]  	843	4 
[3, 10, 18, 0]  	845	4 
[3, 6, 21, 0]  	846	4 
[3, 21, 10, 0]  	850	4 
[3, 28, 5, 0]  	856	5 
[3, 24, 8, 0]  	857	4 
[3, 20, 11, 0]  	858	4 
[2, 29, 5, 0]  	860	4 
[2, 21, 11, 0]  	862	3 
[3, 27, 6, 0]  	864	4 
[2, 28, 6, 0]  	868	4 
[2, 24, 9, 0]  	869	3 
[3, 26, 7, 0]  	872	4 
[2, 31, 4, 0]  	875	5 
[2, 27, 7, 0]  	876	3 
[2, 23, 10, 0]  	877	3 
[2, 7, 22, 0]  	881	3 
[3, 9, 20, 0]  	884	3 
[2, 26, 8, 0]  	884	3 
[2, 14, 17, 0]  	887	4 
[2, 10, 20, 0]  	888	3 
[1, 15, 17, 0]  	891	3 
[1, 38, 0, 0]  	893	3 
[2, 13, 18, 0]  	895	3 
[2, 9, 21, 0]  	896	3 
[2, 1, 27, 0]  	898	4 
[1, 14, 18, 0]  	899	3 
[1, 10, 21, 0]  	900	2 
[2, 12, 19, 0]  	903	3 
[2, 0, 28, 0]  	906	4 
[1, 32, 5, 0]  	910	3 
[1, 12, 20, 0]  	915	2 
[1, 27, 9, 0]  	919	2 
[0, 32, 6, 0]  	922	2 
[1, 30, 7, 0]  	926	2 
[1, 18, 16, 0]  	929	3 
[0, 31, 7, 0]  	930	2 
[1, 29, 8, 0]  	934	2 
[0, 30, 8, 0]  	938	1 
[1, 1, 29, 0]  	941	2 
[1, 24, 12, 0]  	943	3 
[1, 35, 4, 0]  	948	3 
[1, 0, 30, 0]  	949	2 
[0, 1, 30, 0]  	953	1 
[0, 16, 19, 0]  	957	1 
[0, 35, 5, 0]  	960	2 
[0, 0, 31, 0]  	961	1  <--- 3
[1, 21, 15, 0]  	967	3 
[0, 18, 18, 0]  	972	1 
[1, 4, 28, 0]  	979	2 
[0, 4, 29, 0]  	991	1 
[0, 38, 4, 0]  	998	2 
[0, 21, 17, 0]  	1010	1 
[0, 44, 0, 0]  	1012	2  <--- 2
[1, 7, 27, 0]  	1017	2 
[0, 7, 28, 0]  	1029	1 
[0, 24, 16, 0]  	1048	1 
[0, 10, 27, 0]  	1067	1 
[0, 27, 15, 0]  	1086	1 
[0, 13, 26, 0]  	1105	1 
[20, 1, 0, 1]  	403	7 
[18, 5, 4, 1]  	581	12 
[14, 11, 3, 1]  	612	11 
[18, 8, 3, 1]  	619	11 
[11, 0, 14, 1]  	643	10 
[14, 14, 2, 1]  	650	10 
[18, 11, 2, 1]  	657	10 
[12, 17, 2, 1]  	681	9 
[15, 0, 13, 1]  	688	9 
[18, 14, 1, 1]  	695	9 
[11, 19, 2, 1]  	708	8 
[12, 20, 1, 1]  	719	8 
[16, 17, 1, 1]  	726	8 
[10, 22, 1, 1]  	727	8 
[9, 23, 1, 1]  	731	7 
[19, 0, 12, 1]  	733	8 
[14, 19, 1, 1]  	734	8 
[6, 26, 1, 1]  	743	7 
[12, 23, 0, 1]  	757	7 
[6, 28, 0, 1]  	758	7 
[16, 20, 0, 1]  	764	7 
[14, 22, 0, 1]  	772	7 
[19, 18, 0, 1]  	775	7 
[18, 19, 0, 1]  	779	7 
[4, 21, 8, 1]  	807	5 
[4, 24, 6, 1]  	814	5 
[4, 7, 19, 1]  	826	5 
[3, 4, 22, 1]  	831	4 
[4, 9, 18, 1]  	841	5 
[3, 9, 19, 1]  	853	4 
[2, 4, 24, 1]  	874	4 
[2, 15, 16, 1]  	879	4 
[1, 13, 19, 1]  	907	2 
[1, 31, 6, 1]  	918	3 
[0, 41, 3, 1]  	1036	2 
[10, 19, 2, 2]  	689	9 
[8, 23, 1, 2]  	712	8 
[3, 7, 20, 2]  	838	4 
[3, 23, 9, 2]  	865	4 
[7, 8, 12, 23]  	689	7 
[2, 24, 8, 23]  	838	3 
[2, 9, 20, 23]  	865	3 
[9, 2, 6, 24]  	403	6 
[7, 8, 5, 24]  	472	6 
[5, 14, 4, 24]  	541	5 
[7, 5, 14, 24]  	682	7 
[7, 25, 0, 24]  	708	5 
[5, 8, 14, 24]  	713	7 
[5, 12, 12, 24]  	743	6 
[4, 25, 3, 24]  	744	5 
[2, 24, 7, 24]  	807	3 
[3, 10, 17, 24]  	814	3 
[2, 21, 10, 24]  	831	3 
[3, 26, 6, 24]  	841	4 
[2, 12, 18, 24]  	872	3 
[1, 21, 12, 24]  	874	3 
[1, 32, 4, 24]  	879	3 
[0, 30, 7, 24]  	907	1 
[1, 0, 29, 24]  	918	2 
[0, 10, 26, 24]  	1036	1 
------
The gap is between 3 and 22.
Lengths: 3 3 5 5 3 4.
For 982 = 5*d/2-d1-d2-d3 you get 3 in char 0.
1*x^1*y^23*z^14
1*y^40*z^2
1*y^9*z^25

For 560 = 3*d/2-d1-d2-d3 you get 5 in char 0.
1*x^4*y^17*z^3
1*x^3*y^3*z^14
1*x^2*y^20*z^2
1*x^1*y^6*z^13
1*y^23*z^1

For 138 = d/2-d1-d2-d3 you get 3 in char 0.
1*x^4*z^2
1*x^2*y^3*z^1
1*y^6

Extra powers of p used 1.
The invariant extra is equal to 1.
Start computing 7^3 Delta^1 (x1x2x3)^6... Done.
Start computing 7^4 Delta^2 (x1x2x3)^6... Done.
Start computing 7^5 Delta^3 (x1x2x3)^6... Done.
Start computing 7^6 Delta^4 (x1x2x3)^6... Done.
Start computing 7^7 Delta^5 (x1x2x3)^6... Done.
Start computing 7^8 Delta^6 (x1x2x3)^6... Done.
Start computing aa.
1 2 3 4 5 6 7 8 9 10 11 
*/
A = \
[7474371260165120557,8188214854498567402,30223226990989935933,29474679717433943818,86549281406994968233,60822978359968244280,80485070421641786033,162696534020612565043,62680667319643655184,99090281611500737880,169117256266316407007;\
144255985842633321177,105192718673514734859,50326955224224822513,155679887945213488948,27948337947613824496,166448033937590412693,138006217840955231957,93516987632371494366,21688805784866916423,103120945683848884603,109393714422762463001;\
170291918396013933913,105823981126301198130,32346807516161248149,123267543808202511676,58167725622956909631,102297492348504125624,185613595327763928626,49769777875473040371,110288490644586913253,156251005008794246712,136643084722200660289;\
93979448678288801136,110465073684892033101,73898249896048538971,71738348979740452800,179084941691503479485,144526858582146755575,191063153847937505134,173132642790736701366,157778481218204275961,135508416167882079700,140471524293584106182;\
160196208628655567050,115748601162593570526,40195527249586960455,9090521808502034341,174418237514872252559,131130525046868288655,13910085862452208226,1459545599814433369,60594233521603820717,45068678717157828348,58493121356230359687;\
145930690201259336983,136114246194489229698,94318415220652593987,53119114731589062282,188892470134141269580,52014906940910943603,179643590763587190296,127604988915183813796,179448336211934213858,43341886840464806398,3590186583513596136;\
1042245756806465276,117351006452507349934,42886180884184192153,153869109403831499888,161468651688519865452,149194447973014551898,81645874235496199720,50794690853554159820,160607375178371082822,177074532357402203804,138769906314228542577;\
24995383046129193307,24094558292884104805,35914925526540862251,32638471112071531623,55744159328168290266,87027519470044358506,29979901159274389547,31085067587263157272,137353607463918764387,34060659460595234439,50925513962929609430;\
23245912257318296901,115283436924115705708,51870919026882814659,145968760221743603088,60796435336149129974,73100654978083575780,188286326929870980496,65325343300998270637,183081424618009195152,170846664991075021984,95126687039531458668;\
176203110453574642261,134385464510972010386,38446790267757011234,131431687623251103536,115279142169985825829,21353875702055838445,80252652614789346909,28518345820423314310,168182534535469285146,77925554334207206788,151083343390975682001;\
3335941526239359783,47219213476553206737,178076794733027789670,31387877075314125135,35111662991349254996,80967214406076804743,80062308211500225100,181496591402339626154,3050678549915230052,79404801173782915726,116985819217457700671]
/* 
This matrix times 7^(-1) should be the matrix of frobenius.
*/ 
B = 7^(-1) * A; 
/* Freed 54 lists. */
