/* Comments begin... 
Coefficient of   x^21 * y^1               = -1
Coefficient of   x^10 * y^2 * z^6         = 0
Coefficient of   x^8 * y^5 * z^5         = 3
Coefficient of   x^6 * y^8 * z^4         = 0
Coefficient of   x^4 * y^11 * z^3         = 0
Coefficient of   x^2 * y^14 * z^2         = -2
Coefficient of   x^1 * z^13               = 2
Coefficient of   y^17 * z^1               = -1

Here is the polynomial we're using this time:

-1*x^21*y^1 + 3*x^8*y^5*z^5 + -2*x^2*y^14*z^2 + 2*x^1*z^13 + -1*y^17*z^1

Allocate G_len 20 elements and old = 0.
Allocate M_len = 400 elements.
Allocate G_len 40 elements and old = 20.
Allocate M_len = 800 elements.
Allocate G_len 80 elements and old = 40.
Allocate M_len = 1600 elements.
Allocate M_len = 3200 elements.
Allocate G_len 160 elements and old = 80.
Allocate M_len = 6400 elements.
Allocate M_len = 12800 elements.
The final length of G is 131
[8, 5, 4, 0]  	391	4 
[21, 0, 0, 0]  	399	4  <--- 1
[2, 14, 2, 0]  	422	3 
[7, 0, 15, 0]  	598	6 
[15, 14, 1, 0]  	638	4 
[14, 0, 13, 0]  	669	3 
[12, 3, 14, 0]  	731	6 
[6, 8, 14, 0]  	732	6 
[7, 9, 13, 0]  	743	6 
[20, 0, 12, 0]  	752	6 
[6, 11, 13, 0]  	770	6 
[20, 17, 0, 0]  	771	2 
[6, 7, 16, 0]  	771	5 
[5, 12, 13, 0]  	774	6 
[9, 25, 1, 0]  	777	6 
[2, 31, 1, 0]  	782	3 
[18, 3, 12, 0]  	783	6 
[13, 22, 1, 0]  	784	5 
[10, 26, 0, 0]  	788	6 
[6, 28, 1, 0]  	789	6 
[5, 29, 1, 0]  	793	5 
[7, 29, 0, 0]  	800	5 
[5, 8, 17, 0]  	806	5 
[5, 31, 0, 0]  	808	5 
[4, 32, 0, 0]  	812	5 
[15, 23, 0, 0]  	814	5 
[9, 28, 0, 0]  	815	5 
[6, 1, 22, 0]  	819	5 
[4, 0, 24, 0]  	820	5 
[13, 25, 0, 0]  	822	5 
[3, 1, 24, 0]  	824	4 
[6, 4, 20, 0]  	826	5 
[6, 0, 23, 0]  	827	5 
[17, 22, 0, 0]  	829	5 
[5, 1, 23, 0]  	831	4 
[6, 3, 21, 0]  	834	5 
[3, 34, 0, 0]  	839	4 
[6, 6, 19, 0]  	841	5 
[2, 35, 0, 0]  	843	4 
[5, 7, 19, 0]  	845	4 
[5, 3, 22, 0]  	846	4 
[4, 4, 22, 0]  	850	4 
[5, 6, 20, 0]  	853	4 
[4, 7, 20, 0]  	857	4 
[4, 3, 23, 0]  	858	4 
[3, 12, 17, 0]  	860	4 
[3, 4, 23, 0]  	862	3 
[4, 10, 18, 0]  	864	4 
[4, 6, 21, 0]  	865	4 
[3, 11, 18, 0]  	868	4 
[3, 7, 21, 0]  	869	3 
[4, 9, 19, 0]  	872	4 
[2, 4, 24, 0]  	874	4 
[3, 10, 19, 0]  	876	3 
[3, 6, 22, 0]  	877	3 
[2, 7, 22, 0]  	881	3 
[3, 9, 20, 0]  	884	3 
[2, 10, 20, 0]  	888	3 
[1, 15, 17, 0]  	891	3 
[1, 38, 0, 0]  	893	3 
[2, 13, 18, 0]  	895	3 
[2, 9, 21, 0]  	896	3 
[2, 1, 27, 0]  	898	4 
[1, 10, 21, 0]  	900	2 
[2, 0, 28, 0]  	906	4 
[1, 13, 19, 0]  	907	2 
[1, 32, 5, 0]  	910	3 
[1, 12, 20, 0]  	915	2 
[1, 31, 6, 0]  	918	3 
[0, 32, 6, 0]  	922	2 
[1, 18, 16, 0]  	929	3 
[0, 31, 7, 0]  	930	2 
[0, 30, 8, 0]  	938	1 
[1, 1, 29, 0]  	941	2 
[1, 24, 12, 0]  	943	3 
[1, 35, 4, 0]  	948	3 
[0, 1, 30, 0]  	953	1 
[0, 16, 19, 0]  	957	1 
[0, 35, 5, 0]  	960	2 
[0, 0, 31, 0]  	961	1  <--- 3
[1, 21, 15, 0]  	967	3 
[0, 18, 18, 0]  	972	1 
[1, 4, 28, 0]  	979	2 
[0, 4, 29, 0]  	991	1 
[0, 38, 4, 0]  	998	2 
[0, 21, 17, 0]  	1010	1 
[1, 7, 27, 0]  	1017	2 
[0, 7, 28, 0]  	1029	1 
[0, 41, 3, 0]  	1036	2 
[0, 24, 16, 0]  	1048	1 
[0, 10, 27, 0]  	1067	1 
[0, 47, 0, 0]  	1081	1  <--- 2
[0, 27, 15, 0]  	1086	1 
[0, 13, 26, 0]  	1105	1 
[20, 1, 0, 1]  	403	4 
[14, 14, 1, 1]  	619	6 
[13, 0, 13, 1]  	650	5 
[11, 3, 14, 1]  	712	7 
[19, 0, 12, 1]  	733	7 
[8, 25, 1, 1]  	758	7 
[7, 26, 1, 1]  	762	5 
[17, 3, 12, 1]  	764	7 
[12, 22, 1, 1]  	765	6 
[11, 23, 1, 1]  	769	6 
[19, 18, 0, 1]  	775	6 
[7, 12, 12, 1]  	781	6 
[14, 23, 0, 1]  	795	6 
[8, 28, 0, 1]  	796	6 
[12, 25, 0, 1]  	803	6 
[16, 22, 0, 1]  	810	6 
[5, 4, 21, 1]  	838	4 
[1, 14, 18, 1]  	899	3 
[2, 12, 19, 1]  	903	3 
[1, 30, 7, 1]  	926	2 
[1, 0, 30, 1]  	949	2 
[10, 23, 1, 2]  	750	7 
[1, 27, 9, 2]  	919	2 
[1, 29, 8, 2]  	934	2 
[0, 44, 0, 2]  	1012	2 
[6, 29, 0, 23]  	781	5 
[0, 13, 20, 23]  	919	1 
[0, 15, 19, 23]  	934	1 
[7, 5, 5, 24]  	403	3 
[6, 0, 16, 24]  	610	5 
[5, 8, 14, 24]  	713	6 
[8, 26, 0, 24]  	750	6 
[5, 11, 13, 24]  	751	5 
[6, 12, 12, 24]  	762	4 
[3, 7, 20, 24]  	838	3 
[0, 31, 6, 24]  	899	2 
[0, 15, 18, 24]  	903	1 
------
The gap is between 3 and 22.
Lengths: 3 3 5 5 3 3.
For 982 = 5*d/2-d1-d2-d3 you get 3 in char 0.
1*x^1*y^23*z^14
1*y^40*z^2
1*y^9*z^25

For 560 = 3*d/2-d1-d2-d3 you get 5 in char 0.
1*x^14*y^2*z^8
1*x^5*z^15
1*x^3*y^3*z^14
1*x^1*y^6*z^13
1*y^23*z^1

For 138 = d/2-d1-d2-d3 you get 3 in char 0.
1*x^4*z^2
1*x^2*y^3*z^1
1*y^6

Extra powers of p used 0.
The invariant extra is equal to 1.
Start computing 7^3 Delta^1 (x1x2x3)^6... Done.
Start computing 7^4 Delta^2 (x1x2x3)^6... Done.
Start computing 7^5 Delta^3 (x1x2x3)^6... Done.
Start computing 7^6 Delta^4 (x1x2x3)^6... Done.
Start computing 7^7 Delta^5 (x1x2x3)^6... Done.
Start computing 7^8 Delta^6 (x1x2x3)^6... Done.
Start computing aa.
1 2 3 4 5 6 7 8 9 10 11 
*/
A = \
[123727869458911338413,105051550521929453015,182037026671299222124,32348390353654068813,3813827012626701189,2926503678510243202,99157478149966352011,134545515726666367365,54666911742182076722,132622274896004652206,83099085199652935623;\
146265694928680414081,43914797469630380565,45575300930545836369,148052575793309880294,87181566700948896407,2377408083745259838,143432974581590561497,181628063930258521464,36658344292638089931,139417698217888806310,169926543383587060567;\
139602139742321796200,32115225572909102685,58099471904449350941,2666197662218641047,14584457746838867909,65837980949513854928,187084461105750575290,167293180065343788659,80215262066862143536,188742272334713203862,75875022994020218024;\
146098786792780024718,158287771195770023765,52482651498642333824,149942698318830152281,126366899425527417370,92177945287174220726,28751759962616048414,123963028703801100107,98359994096936168975,181125104649079713906,182357294703914484210;\
90043202125765211751,171161809630659275843,90099486995939329488,29249821243989593394,21805142831591688240,87182521065989087123,137434225262531417374,126359063101810245637,72768528412550345494,166909377613012558412,162804592146584912160;\
37841498947059019398,181009507315080535229,112868562440067409902,148656695195650299574,30496838444938017362,145263557471443837895,148043100211656723304,142989058317923681724,3959125094818898683,8092989568343391103,127932672137526907525;\
156154284142872383584,86709861535458961697,44641483588013513694,125906427349746675723,164487312167853486588,66583868305854242259,47513171935806957345,12607139967515532439,117961963156368688280,157571523665665960032,177204482946697956785;\
34332689473515233517,189657158323475543381,136547115916385536864,108311180786863183906,13320828848247523351,53790586857382303327,37627781811887246784,145620516951207978281,49974809114918426151,156333820396862863153,152808684624383956154;\
107253599616451730639,174671255932232963829,179050883203156558271,179162884509851789932,91862991266643753170,83099588680798673480,110539390292373594195,83133396415895357448,116145056725062411529,72712643153651246165,91389200584750004258;\
115297420881551762808,57673119357800265283,184075696879190464058,148834728367681519380,45111922306382241464,21531434221927895937,137483463521191045762,10595170201021315091,96531364032808108292,93298586490154205223,105220040028780823832;\
184853679236369198699,11697258406296616629,5108076255458487010,60510022301240831669,31416751344418321819,98548541415600241238,176903393549316168357,189676921670431008002,69855266260167831709,39066284422443145147,5467397792458880145]
/* 
This should be the matrix of frobenius!
*/ 
B = A; 
/* Freed 50 lists. */
