/* Comments begin... 
Coefficient of   x^21 * y^1               = 3
Coefficient of   x^10 * y^2 * z^6         = 3
Coefficient of   x^8 * y^5 * z^5         = 3
Coefficient of   x^6 * y^8 * z^4         = -2
Coefficient of   x^4 * y^11 * z^3         = -3
Coefficient of   x^2 * y^14 * z^2         = -2
Coefficient of   x^1 * z^13               = 0
Coefficient of   y^17 * z^1               = 0

Here is the polynomial we're using this time:

3*x^21*y^1 + 3*x^10*y^2*z^6 + 3*x^8*y^5*z^5 + -2*x^6*y^8*z^4 + -3*x^4*y^11*z^3 + -2*x^2*y^14*z^2

Allocate G_len 20 elements and old = 0.
Allocate M_len = 400 elements.
Allocate G_len 40 elements and old = 20.
Allocate M_len = 800 elements.
Allocate G_len 80 elements and old = 40.
Allocate M_len = 1600 elements.
Not smooth!
Coefficient of   x^21 * y^1               = 2
Coefficient of   x^10 * y^2 * z^6         = 3
Coefficient of   x^8 * y^5 * z^5         = 0
Coefficient of   x^6 * y^8 * z^4         = -2
Coefficient of   x^4 * y^11 * z^3         = 0
Coefficient of   x^2 * y^14 * z^2         = 1
Coefficient of   x^1 * z^13               = 0
Coefficient of   y^17 * z^1               = -1

Here is the polynomial we're using this time:

2*x^21*y^1 + 3*x^10*y^2*z^6 + -2*x^6*y^8*z^4 + 1*x^2*y^14*z^2 + -1*y^17*z^1

Not smooth!
Coefficient of   x^21 * y^1               = -3
Coefficient of   x^10 * y^2 * z^6         = -1
Coefficient of   x^8 * y^5 * z^5         = 0
Coefficient of   x^6 * y^8 * z^4         = -2
Coefficient of   x^4 * y^11 * z^3         = 0
Coefficient of   x^2 * y^14 * z^2         = 1
Coefficient of   x^1 * z^13               = 2
Coefficient of   y^17 * z^1               = 3

Here is the polynomial we're using this time:

-3*x^21*y^1 + -1*x^10*y^2*z^6 + -2*x^6*y^8*z^4 + 1*x^2*y^14*z^2 + 2*x^1*z^13 + 3*y^17*z^1

Allocate M_len = 3200 elements.
Allocate G_len 160 elements and old = 80.
Allocate M_len = 6400 elements.
Allocate M_len = 12800 elements.
Allocate G_len 320 elements and old = 160.
Allocate M_len = 25600 elements.
The final length of G is 201
[10, 2, 5, 0]  	391	5 
[21, 0, 0, 0]  	399	5  <--- 1
[6, 8, 4, 0]  	422	4 
[5, 0, 15, 0]  	560	5 
[17, 8, 3, 0]  	600	5 
[13, 14, 2, 0]  	631	4 
[11, 0, 14, 0]  	643	9 
[9, 3, 14, 0]  	674	8 
[17, 14, 1, 0]  	676	7 
[10, 19, 2, 0]  	689	9 
[11, 17, 3, 0]  	693	7 
[9, 20, 2, 0]  	693	7 
[9, 19, 3, 0]  	701	6 
[8, 5, 14, 0]  	701	8 
[8, 20, 3, 0]  	705	8 
[7, 6, 14, 0]  	705	8 
[16, 0, 13, 0]  	707	6 
[9, 6, 13, 0]  	712	8 
[8, 22, 2, 0]  	720	8 
[7, 23, 2, 0]  	724	7 
[7, 22, 3, 0]  	732	7 
[5, 25, 2, 0]  	732	7 
[6, 23, 3, 0]  	736	7 
[5, 9, 14, 0]  	736	7 
[13, 20, 1, 0]  	738	7 
[7, 25, 1, 0]  	739	7 
[6, 26, 1, 0]  	743	7 
[5, 11, 13, 0]  	751	7 
[20, 0, 12, 0]  	752	7 
[15, 19, 1, 0]  	753	6 
[4, 12, 13, 0]  	755	6 
[4, 11, 14, 0]  	763	6 
[10, 25, 0, 0]  	765	7 
[4, 26, 3, 0]  	767	6 
[5, 28, 1, 0]  	770	6 
[4, 14, 12, 0]  	770	6 
[20, 17, 0, 0]  	771	2 
[5, 24, 4, 0]  	771	5 
[4, 29, 1, 0]  	774	6 
[13, 23, 0, 0]  	776	6 
[5, 15, 11, 0]  	781	6 
[4, 28, 2, 0]  	782	7 
[17, 20, 0, 0]  	783	6 
[3, 29, 2, 0]  	786	5 
[5, 18, 9, 0]  	788	6 
[4, 31, 0, 0]  	789	6 
[15, 22, 0, 0]  	791	6 
[3, 32, 0, 0]  	793	5 
[5, 21, 7, 0]  	795	6 
[5, 17, 10, 0]  	796	6 
[19, 19, 0, 0]  	798	6 
[4, 18, 10, 0]  	800	5 
[3, 31, 1, 0]  	801	5 
[3, 0, 24, 0]  	801	5 
[5, 20, 8, 0]  	803	6 
[3, 15, 13, 0]  	805	5 
[2, 32, 1, 0]  	805	5 
[4, 25, 5, 0]  	806	6 
[4, 21, 8, 0]  	807	5 
[4, 17, 11, 0]  	808	5 
[5, 23, 6, 0]  	810	6 
[4, 1, 23, 0]  	812	5 
[4, 24, 6, 0]  	814	5 
[9, 28, 0, 0]  	815	5 
[4, 20, 9, 0]  	815	5 
[4, 4, 21, 0]  	819	5 
[3, 17, 12, 0]  	820	5 
[2, 18, 12, 0]  	824	4 
[4, 7, 19, 0]  	826	5 
[4, 3, 22, 0]  	827	5 
[3, 4, 22, 0]  	831	4 
[4, 10, 17, 0]  	833	5 
[3, 7, 20, 0]  	838	4 
[3, 3, 23, 0]  	839	4 
[4, 9, 18, 0]  	841	5 
[3, 10, 18, 0]  	845	4 
[3, 6, 21, 0]  	846	4 
[3, 21, 10, 0]  	850	4 
[3, 9, 19, 0]  	853	4 
[3, 28, 5, 0]  	856	5 
[3, 24, 8, 0]  	857	4 
[2, 29, 5, 0]  	860	4 
[2, 21, 11, 0]  	862	3 
[3, 27, 6, 0]  	864	4 
[3, 23, 9, 0]  	865	4 
[2, 28, 6, 0]  	868	4 
[2, 24, 9, 0]  	869	3 
[2, 4, 24, 0]  	874	4 
[2, 31, 4, 0]  	875	5 
[2, 27, 7, 0]  	876	3 
[2, 23, 10, 0]  	877	3 
[2, 15, 16, 0]  	879	4 
[2, 7, 22, 0]  	881	3 
[2, 26, 8, 0]  	884	3 
[2, 10, 20, 0]  	888	3 
[1, 15, 17, 0]  	891	3 
[1, 38, 0, 0]  	893	3 
[2, 13, 18, 0]  	895	3 
[2, 9, 21, 0]  	896	3 
[2, 1, 27, 0]  	898	4 
[1, 14, 18, 0]  	899	3 
[1, 10, 21, 0]  	900	2 
[2, 12, 19, 0]  	903	3 
[2, 0, 28, 0]  	906	4 
[1, 13, 19, 0]  	907	2 
[1, 32, 5, 0]  	910	3 
[1, 12, 20, 0]  	915	2 
[1, 31, 6, 0]  	918	3 
[1, 30, 7, 0]  	926	2 
[1, 18, 16, 0]  	929	3 
[0, 31, 7, 0]  	930	2 
[0, 30, 8, 0]  	938	1 
[1, 1, 29, 0]  	941	2 
[1, 24, 12, 0]  	943	3 
[1, 0, 30, 0]  	949	2 
[0, 1, 30, 0]  	953	1 
[0, 16, 19, 0]  	957	1 
[0, 35, 5, 0]  	960	2 
[0, 0, 31, 0]  	961	1  <--- 3
[1, 21, 15, 0]  	967	3 
[0, 18, 18, 0]  	972	1 
[1, 4, 28, 0]  	979	2 
[0, 4, 29, 0]  	991	1 
[0, 38, 4, 0]  	998	2 
[0, 21, 17, 0]  	1010	1 
[1, 7, 27, 0]  	1017	2 
[0, 7, 28, 0]  	1029	1 
[0, 41, 3, 0]  	1036	2 
[0, 24, 16, 0]  	1048	1 
[0, 10, 27, 0]  	1067	1 
[0, 47, 0, 0]  	1081	1  <--- 2
[0, 27, 15, 0]  	1086	1 
[0, 13, 26, 0]  	1105	1 
[20, 1, 0, 1]  	403	5 
[6, 14, 3, 1]  	529	6 
[16, 8, 3, 1]  	581	8 
[12, 14, 2, 1]  	612	7 
[16, 14, 1, 1]  	657	8 
[15, 0, 13, 1]  	688	7 
[12, 20, 1, 1]  	719	8 
[19, 0, 12, 1]  	733	8 
[14, 19, 1, 1]  	734	7 
[11, 22, 1, 1]  	746	7 
[8, 26, 0, 1]  	750	7 
[12, 23, 0, 1]  	757	7 
[16, 20, 0, 1]  	764	7 
[14, 22, 0, 1]  	772	7 
[19, 18, 0, 1]  	775	7 
[7, 28, 0, 1]  	777	6 
[18, 19, 0, 1]  	779	7 
[3, 14, 13, 1]  	782	6 
[4, 23, 7, 1]  	822	5 
[3, 11, 17, 1]  	837	5 
[2, 35, 0, 1]  	843	4 
[3, 20, 11, 1]  	858	4 
[3, 26, 7, 1]  	872	4 
[1, 27, 9, 1]  	919	2 
[0, 32, 6, 1]  	922	2 
[1, 29, 8, 1]  	934	2 
[1, 35, 4, 1]  	948	3 
[0, 44, 0, 1]  	1012	2 
[10, 22, 1, 2]  	727	8 
[9, 23, 1, 2]  	731	7 
[6, 28, 0, 2]  	758	7 
[3, 12, 16, 2]  	829	5 
[4, 6, 20, 2]  	834	5 
[2, 14, 17, 2]  	887	4 
[5, 29, 0, 4]  	762	6 
[4, 15, 11, 21]  	762	5 
[7, 5, 14, 23]  	682	7 
[5, 8, 14, 23]  	713	7 
[5, 15, 10, 23]  	750	6 
[5, 14, 11, 23]  	758	6 
[4, 18, 9, 23]  	769	5 
[4, 1, 22, 23]  	781	5 
[2, 29, 4, 23]  	829	4 
[3, 23, 8, 23]  	834	4 
[1, 31, 5, 23]  	887	3 
[9, 2, 6, 24]  	403	4 
[5, 0, 14, 24]  	529	5 
[5, 14, 4, 24]  	541	5 
[8, 19, 2, 24]  	651	5 
[8, 25, 0, 24]  	727	7 
[7, 26, 0, 24]  	731	6 
[4, 15, 10, 24]  	731	5 
[4, 25, 3, 24]  	744	6 
[4, 1, 21, 24]  	750	5 
[2, 31, 1, 24]  	782	5 
[3, 21, 8, 24]  	788	4 
[3, 4, 21, 24]  	800	3 
[3, 9, 18, 24]  	822	3 
[2, 28, 5, 24]  	837	4 
[2, 4, 23, 24]  	843	3 
[2, 6, 22, 24]  	858	3 
[1, 15, 16, 24]  	860	3 
[2, 12, 18, 24]  	872	3 
[2, 0, 27, 24]  	875	3 
[0, 13, 20, 24]  	919	1 
[0, 1, 29, 24]  	922	1 
[0, 15, 19, 24]  	934	1 
[1, 4, 27, 24]  	948	2 
------
The gap is between 5 and 20.
Lengths: 3 3 5 5 3 3.
For 982 = 5*d/2-d1-d2-d3 you get 3 in char 0.
1*x^1*y^23*z^14
1*y^40*z^2
1*y^9*z^25

For 560 = 3*d/2-d1-d2-d3 you get 5 in char 0.
1*x^4*y^17*z^3
1*x^3*y^3*z^14
1*x^2*y^20*z^2
1*x^1*y^6*z^13
1*y^23*z^1

For 138 = d/2-d1-d2-d3 you get 3 in char 0.
1*x^4*z^2
1*x^2*y^3*z^1
1*y^6

Extra powers of p used 0.
The invariant extra is equal to 1.
Start computing 7^3 Delta^1 (x1x2x3)^6... Done.
Start computing 7^4 Delta^2 (x1x2x3)^6... Done.
Start computing 7^5 Delta^3 (x1x2x3)^6... Done.
Start computing 7^6 Delta^4 (x1x2x3)^6... Done.
Start computing 7^7 Delta^5 (x1x2x3)^6... Done.
Start computing 7^8 Delta^6 (x1x2x3)^6... Done.
Start computing aa.
1 2 3 4 5 6 7 8 9 10 11 
*/
A = \
[156771493695484224898,102836813466313593817,99052680537268664963,177745795573722886594,168682966542674535728,14143889001156108985,64743936581158317441,73330459127979877446,172409174061657473682,155230145418018801396,89583950962506712901;\
16059405490715936660,71061835441432912626,42610626118521712081,15460481830014022235,103943650840244281605,56470308802871566288,67769808684969679295,148926662390112856081,132166727218000161309,38448775881970927508,63483159845770164444;\
102902314046460709387,31517899987779561153,52488973101185872542,447057937066463772,149463306065711613073,177348261808480557676,75727182574110467442,151984055127390051909,37036085223162632117,118878549939893201367,92311874879072058609;\
113512015048918108807,115656988802716990609,120384330296586084814,169658138103487543811,145682506261524521156,132398545337373304283,14191606639503193607,7234066251278632178,90671022134498365287,90816953125422785758,149422708096527702669;\
105049052814540186605,540691399791361030,158893435701760836270,133381845630139795248,140649261069354784558,85637617674096361615,45396519449607814887,93885690180393842472,118915767918702406750,27434278122051351425,8467276801919941544;\
43970083322873425539,184869635960212695788,31683637505469849452,185368130795140243937,137931288849818569490,96083924024229377509,153940262893678773211,120171323222622109522,40781702554620546365,143728575015683316253,111827960835137418172;\
177531738102924402548,15300963644679343802,80459888980397291287,166765598869381070244,28781407749658866869,26801272263949673399,179598179340424047119,187085227657416947894,158166010423349147219,122888069549120579284,5678341935981661604;\
148626597636491039482,130393329023310617288,44567528470019071123,39239572975664892089,27321255221220229129,112579691286555488394,69137393943313027360,136220980785307345144,170813829602411392663,71496996764181414013,137527917566010496931;\
126544113865717807780,96553083291497291036,156824716065268091007,188889211720915698622,76058047903099497914,48642695861869293996,117231128080683502375,98157168731823436249,80786298600704682741,23265382062954928554,43100031784231864960;\
111009686460266651796,39921239617916872907,24522619193067080712,18537651756762098499,161768315521101145780,112690613217490825874,34671730081644102209,189931627699907949583,187973363077758921670,179398805850899293274,70549368799725935721;\
75572352550498485943,62160779375221771321,82362342397334386774,103202039354478558074,183050265136888547727,119104814516877332276,49427453495360481135,154178298419968809665,96951866074207941433,37111679392224139815,106521000842740007713]
/* 
This should be the matrix of frobenius!
*/ 
B = A; 
/* Freed 54 lists. */
