/* Comments begin... 
Coefficient of   x^21 * y^1               = 3
Coefficient of   x^10 * y^2 * z^6         = -1
Coefficient of   x^8 * y^5 * z^5         = 0
Coefficient of   x^6 * y^8 * z^4         = -3
Coefficient of   x^4 * y^11 * z^3         = -3
Coefficient of   x^2 * y^14 * z^2         = 3
Coefficient of   x^1 * z^13               = 0
Coefficient of   y^17 * z^1               = 0

Here is the polynomial we're using this time:

3*x^21*y^1 + -1*x^10*y^2*z^6 + -3*x^6*y^8*z^4 + -3*x^4*y^11*z^3 + 3*x^2*y^14*z^2

Allocate G_len 20 elements and old = 0.
Allocate M_len = 400 elements.
Allocate G_len 40 elements and old = 20.
Allocate M_len = 800 elements.
Allocate G_len 80 elements and old = 40.
Not smooth!
Coefficient of   x^21 * y^1               = -2
Coefficient of   x^10 * y^2 * z^6         = 2
Coefficient of   x^8 * y^5 * z^5         = 0
Coefficient of   x^6 * y^8 * z^4         = -1
Coefficient of   x^4 * y^11 * z^3         = 3
Coefficient of   x^2 * y^14 * z^2         = 1
Coefficient of   x^1 * z^13               = 2
Coefficient of   y^17 * z^1               = -1

Here is the polynomial we're using this time:

-2*x^21*y^1 + 2*x^10*y^2*z^6 + -1*x^6*y^8*z^4 + 3*x^4*y^11*z^3 + 1*x^2*y^14*z^2 + 2*x^1*z^13 + -1*y^17*z^1

Allocate M_len = 1600 elements.
Allocate M_len = 3200 elements.
Allocate G_len 160 elements and old = 80.
Allocate M_len = 6400 elements.
Allocate M_len = 12800 elements.
Allocate G_len 320 elements and old = 160.
Allocate M_len = 25600 elements.
The final length of G is 188
[10, 2, 5, 0]  	391	6 
[21, 0, 0, 0]  	399	6  <--- 1
[6, 8, 4, 0]  	422	5 
[6, 14, 3, 0]  	529	7 
[5, 0, 15, 0]  	560	6 
[17, 8, 3, 0]  	600	6 
[15, 11, 3, 0]  	631	5 
[12, 0, 14, 0]  	662	9 
[9, 3, 14, 0]  	674	9 
[19, 11, 2, 0]  	676	9 
[15, 0, 13, 0]  	688	9 
[9, 20, 2, 0]  	693	8 
[13, 17, 2, 0]  	700	8 
[8, 5, 14, 0]  	701	8 
[7, 6, 14, 0]  	705	8 
[17, 14, 2, 0]  	707	8 
[11, 19, 2, 0]  	708	8 
[9, 6, 13, 0]  	712	8 
[19, 14, 1, 0]  	714	8 
[8, 22, 2, 0]  	720	8 
[7, 23, 2, 0]  	724	7 
[9, 23, 1, 0]  	731	7 
[5, 25, 2, 0]  	732	7 
[14, 19, 1, 0]  	734	8 
[5, 9, 14, 0]  	736	7 
[13, 20, 1, 0]  	738	7 
[7, 25, 1, 0]  	739	7 
[6, 26, 1, 0]  	743	7 
[17, 17, 1, 0]  	745	7 
[11, 22, 1, 0]  	746	7 
[5, 11, 13, 0]  	751	7 
[20, 0, 12, 0]  	752	7 
[4, 11, 14, 0]  	763	6 
[4, 26, 3, 0]  	767	6 
[9, 26, 0, 0]  	769	6 
[5, 28, 1, 0]  	770	6 
[4, 14, 12, 0]  	770	6 
[20, 17, 0, 0]  	771	2 
[5, 24, 4, 0]  	771	6 
[4, 29, 1, 0]  	774	6 
[13, 23, 0, 0]  	776	6 
[7, 28, 0, 0]  	777	6 
[5, 15, 11, 0]  	781	6 
[4, 28, 2, 0]  	782	6 
[3, 14, 13, 0]  	782	6 
[17, 20, 0, 0]  	783	6 
[3, 29, 2, 0]  	786	5 
[5, 18, 9, 0]  	788	6 
[4, 31, 0, 0]  	789	6 
[15, 22, 0, 0]  	791	6 
[3, 32, 0, 0]  	793	5 
[5, 21, 7, 0]  	795	6 
[5, 17, 10, 0]  	796	6 
[19, 19, 0, 0]  	798	6 
[4, 18, 10, 0]  	800	5 
[3, 31, 1, 0]  	801	5 
[3, 0, 24, 0]  	801	5 
[5, 20, 8, 0]  	803	6 
[2, 32, 1, 0]  	805	5 
[4, 25, 5, 0]  	806	6 
[4, 17, 11, 0]  	808	5 
[5, 23, 6, 0]  	810	6 
[4, 1, 23, 0]  	812	5 
[4, 24, 6, 0]  	814	5 
[4, 4, 21, 0]  	819	5 
[3, 17, 12, 0]  	820	5 
[4, 23, 7, 0]  	822	5 
[2, 18, 12, 0]  	824	4 
[4, 7, 19, 0]  	826	5 
[4, 3, 22, 0]  	827	5 
[3, 12, 16, 0]  	829	5 
[3, 4, 22, 0]  	831	4 
[4, 10, 17, 0]  	833	5 
[4, 6, 20, 0]  	834	5 
[3, 11, 17, 0]  	837	5 
[4, 21, 9, 0]  	838	4 
[3, 7, 20, 0]  	838	4 
[3, 3, 23, 0]  	839	4 
[2, 35, 0, 0]  	843	4 
[3, 10, 18, 0]  	845	4 
[3, 6, 21, 0]  	846	4 
[3, 21, 10, 0]  	850	4 
[3, 9, 19, 0]  	853	4 
[3, 28, 5, 0]  	856	5 
[3, 24, 8, 0]  	857	4 
[3, 20, 11, 0]  	858	4 
[2, 29, 5, 0]  	860	4 
[2, 21, 11, 0]  	862	3 
[3, 27, 6, 0]  	864	4 
[3, 23, 9, 0]  	865	4 
[2, 28, 6, 0]  	868	4 
[2, 24, 9, 0]  	869	3 
[3, 26, 7, 0]  	872	4 
[2, 4, 24, 0]  	874	4 
[2, 31, 4, 0]  	875	5 
[2, 27, 7, 0]  	876	3 
[2, 23, 10, 0]  	877	3 
[2, 15, 16, 0]  	879	4 
[2, 7, 22, 0]  	881	3 
[2, 26, 8, 0]  	884	3 
[2, 14, 17, 0]  	887	4 
[2, 10, 20, 0]  	888	3 
[1, 15, 17, 0]  	891	3 
[1, 38, 0, 0]  	893	3 
[2, 13, 18, 0]  	895	3 
[2, 9, 21, 0]  	896	3 
[2, 1, 27, 0]  	898	4 
[1, 14, 18, 0]  	899	3 
[1, 10, 21, 0]  	900	2 
[2, 12, 19, 0]  	903	3 
[2, 0, 28, 0]  	906	4 
[1, 32, 5, 0]  	910	3 
[1, 12, 20, 0]  	915	2 
[1, 31, 6, 0]  	918	3 
[1, 27, 9, 0]  	919	2 
[0, 32, 6, 0]  	922	2 
[1, 30, 7, 0]  	926	2 
[1, 18, 16, 0]  	929	3 
[0, 31, 7, 0]  	930	2 
[1, 29, 8, 0]  	934	2 
[0, 30, 8, 0]  	938	1 
[1, 24, 12, 0]  	943	3 
[1, 35, 4, 0]  	948	3 
[1, 0, 30, 0]  	949	2 
[0, 1, 30, 0]  	953	1 
[0, 16, 19, 0]  	957	1 
[0, 35, 5, 0]  	960	2 
[0, 0, 31, 0]  	961	1  <--- 3
[1, 21, 15, 0]  	967	3 
[0, 18, 18, 0]  	972	1 
[1, 4, 28, 0]  	979	2 
[0, 4, 29, 0]  	991	1 
[0, 38, 4, 0]  	998	2 
[0, 21, 17, 0]  	1010	1 
[0, 44, 0, 0]  	1012	2  <--- 2
[1, 7, 27, 0]  	1017	2 
[0, 7, 28, 0]  	1029	1 
[0, 41, 3, 0]  	1036	2 
[0, 24, 16, 0]  	1048	1 
[0, 10, 27, 0]  	1067	1 
[0, 27, 15, 0]  	1086	1 
[0, 13, 26, 0]  	1105	1 
[20, 1, 0, 1]  	403	6 
[16, 8, 3, 1]  	581	10 
[14, 11, 3, 1]  	612	9 
[11, 0, 14, 1]  	643	10 
[18, 11, 2, 1]  	657	10 
[15, 14, 2, 1]  	669	9 
[12, 17, 2, 1]  	681	9 
[10, 19, 2, 1]  	689	9 
[18, 14, 1, 1]  	695	9 
[12, 20, 1, 1]  	719	8 
[16, 17, 1, 1]  	726	8 
[10, 22, 1, 1]  	727	8 
[19, 0, 12, 1]  	733	8 
[8, 26, 0, 1]  	750	7 
[4, 12, 13, 1]  	755	6 
[12, 23, 0, 1]  	757	7 
[6, 28, 0, 1]  	758	7 
[5, 29, 0, 1]  	762	6 
[16, 20, 0, 1]  	764	7 
[14, 22, 0, 1]  	772	7 
[19, 18, 0, 1]  	775	7 
[18, 19, 0, 1]  	779	7 
[11, 25, 0, 1]  	784	6 
[4, 20, 9, 1]  	815	5 
[4, 9, 18, 1]  	841	5 
[1, 13, 19, 1]  	907	2 
[14, 14, 2, 2]  	650	10 
[10, 25, 0, 2]  	765	7 
[4, 21, 8, 2]  	807	5 
[1, 1, 29, 2]  	941	2 
[5, 17, 9, 23]  	765	6 
[3, 7, 19, 23]  	807	4 
[0, 18, 17, 23]  	941	1 
[9, 2, 6, 24]  	403	5 
[5, 14, 4, 24]  	541	6 
[13, 0, 13, 24]  	650	9 
[7, 5, 14, 24]  	682	7 
[12, 19, 1, 24]  	696	8 
[5, 8, 14, 24]  	713	7 
[4, 25, 3, 24]  	744	6 
[3, 29, 1, 24]  	755	4 
[4, 15, 11, 24]  	762	4 
[4, 1, 22, 24]  	781	5 
[3, 6, 19, 24]  	784	4 
[3, 26, 6, 24]  	841	4 
[0, 30, 7, 24]  	907	1 
------
The gap is between 3 and 22.
Lengths: 3 3 5 5 3 3.
For 982 = 5*d/2-d1-d2-d3 you get 3 in char 0.
1*x^1*y^23*z^14
1*y^40*z^2
1*y^9*z^25

For 560 = 3*d/2-d1-d2-d3 you get 5 in char 0.
1*x^4*y^17*z^3
1*x^3*y^3*z^14
1*x^2*y^20*z^2
1*x^1*y^6*z^13
1*y^23*z^1

For 138 = d/2-d1-d2-d3 you get 3 in char 0.
1*x^4*z^2
1*x^2*y^3*z^1
1*y^6

Extra powers of p used 0.
The invariant extra is equal to 1.
Start computing 7^3 Delta^1 (x1x2x3)^6... Done.
Start computing 7^4 Delta^2 (x1x2x3)^6... Done.
Start computing 7^5 Delta^3 (x1x2x3)^6... Done.
Start computing 7^6 Delta^4 (x1x2x3)^6... Done.
Start computing 7^7 Delta^5 (x1x2x3)^6... Done.
Start computing 7^8 Delta^6 (x1x2x3)^6... Done.
Start computing aa.
1 2 3 4 5 6 7 8 9 10 11 
*/
A = \
[130188833506477020528,72117139876487788709,69503870250806714784,17176652384787679133,82958214759560125867,123008881997186854480,93109594532816829555,37663817086648592,99530194080626036840,185438867912587962463,15668288377865371962;\
87830261916655997873,36208934126522399281,62038714705573035332,124994061536737354892,45219136569885459272,167486190953083055466,102927411527464002430,28250079232308665844,167002170048045507623,128400952741280092944,33739632643887354653;\
28102325098492534441,7948625794863914785,107224263665892333726,105960767354787556477,35410536870435756547,108061655607381435155,51923376888712018998,11273327536869732250,161923437691244673542,166206427866686056143,65001140104718127891;\
27196223590462688325,109330514444679805661,10382361448748503787,49921106722787719741,63666174632832637628,10944298717103824548,26708870733312757325,156365111477673070294,46427201469518731498,103632389507510075583,44649796110135686484;\
141830342182932425865,53676978433827240442,92383888586832766360,104545228105129359002,168796750950565263344,172339777399733999433,42068127855506940250,23015088938835891506,157616613476224051772,69677869503933698805,144211618138536408670;\
18772824084850723541,138263956314760941700,132571016019644892304,159496656325540334003,82643495093073672149,104314296091135373299,174140390901217706140,69301757172192187034,177949868787769758239,110720387705092748863,72887930084053440776;\
64172402836117663906,181525769069308925434,183316252797016213822,34158721417807850178,187558096206493255789,32075386697498937877,17905989262439488056,169097224657979586010,22398792941853462757,137745629227929964654,32647529323967303893;\
81060465555928452634,166034063664084137706,15168386310617408736,131714034125895228623,140550676942473624414,162698567440036377799,150437332991236292218,120464669634335450732,50041139611421630931,163713713946670716276,39112795224352237234;\
116119593659696594843,131827615790526657203,115182901873314316456,122774966088170001410,67779080384169465220,137097617092065417452,184485101568201530411,12537269517577350413,20423543925607770745,74850225892598010120,175465840879787816078;\
23406774141346292517,113334350869094961844,154896027409985185087,167961887806296063025,84716076165088233810,14932756678089658989,183451165614959124351,188162257033621271807,105706152101011498932,120615622126578073089,21689109940637588708;\
183248795320808759826,79491531114498934952,93864767264264372945,177528388605603983486,189937160077324615333,111976918470758525261,81465045501843796345,191127090393037203874,108276530859594847680,178997200110194282677,158601678948093515638]
/* 
This should be the matrix of frobenius!
*/ 
B = A; 
/* Freed 54 lists. */
