/* Comments begin... 
Coefficient of   x^21 * y^1               = -2
Coefficient of   x^10 * y^2 * z^6         = -2
Coefficient of   x^8 * y^5 * z^5         = -3
Coefficient of   x^6 * y^8 * z^4         = 1
Coefficient of   x^4 * y^11 * z^3         = 1
Coefficient of   x^2 * y^14 * z^2         = 2
Coefficient of   x^1 * z^13               = 1
Coefficient of   y^17 * z^1               = 2

Here is the polynomial we're using this time:

-2*x^21*y^1 + -2*x^10*y^2*z^6 + -3*x^8*y^5*z^5 + 1*x^6*y^8*z^4 + 1*x^4*y^11*z^3 + 2*x^2*y^14*z^2 + 1*x^1*z^13 + 2*y^17*z^1

Allocate G_len 20 elements and old = 0.
Allocate M_len = 400 elements.
Allocate G_len 40 elements and old = 20.
Allocate M_len = 800 elements.
Allocate G_len 80 elements and old = 40.
Allocate M_len = 1600 elements.
Allocate M_len = 3200 elements.
Allocate G_len 160 elements and old = 80.
Allocate M_len = 6400 elements.
Allocate M_len = 12800 elements.
Allocate G_len 320 elements and old = 160.
Allocate M_len = 25600 elements.
The final length of G is 200
[10, 2, 5, 0]  	391	7 
[21, 0, 0, 0]  	399	7  <--- 1
[8, 5, 5, 0]  	422	6 
[8, 8, 4, 0]  	460	7 
[6, 14, 3, 0]  	529	7 
[7, 0, 15, 0]  	598	7 
[19, 5, 4, 0]  	600	7 
[15, 11, 3, 0]  	631	10 
[19, 8, 3, 0]  	638	7 
[12, 0, 14, 0]  	662	9 
[15, 14, 2, 0]  	669	10 
[9, 3, 14, 0]  	674	9 
[19, 11, 2, 0]  	676	7 
[9, 20, 2, 0]  	693	8 
[13, 17, 2, 0]  	700	9 
[7, 22, 2, 0]  	701	8 
[7, 6, 14, 0]  	705	8 
[16, 0, 13, 0]  	707	9 
[11, 19, 2, 0]  	708	9 
[19, 14, 1, 0]  	714	9 
[6, 9, 13, 0]  	724	7 
[9, 23, 1, 0]  	731	8 
[6, 8, 14, 0]  	732	7 
[5, 25, 2, 0]  	732	7 
[5, 9, 14, 0]  	736	7 
[7, 25, 1, 0]  	739	8 
[17, 17, 1, 0]  	745	8 
[11, 22, 1, 0]  	746	8 
[20, 0, 12, 0]  	752	8 
[15, 19, 1, 0]  	753	8 
[4, 12, 13, 0]  	755	6 
[12, 23, 0, 0]  	757	7 
[5, 29, 0, 0]  	762	6 
[4, 26, 3, 0]  	767	6 
[9, 26, 0, 0]  	769	7 
[5, 28, 1, 0]  	770	6 
[4, 14, 12, 0]  	770	6 
[20, 17, 0, 0]  	771	2 
[5, 24, 4, 0]  	771	6 
[7, 28, 0, 0]  	777	7 
[5, 15, 11, 0]  	781	6 
[4, 28, 2, 0]  	782	6 
[3, 14, 13, 0]  	782	6 
[17, 20, 0, 0]  	783	7 
[11, 25, 0, 0]  	784	6 
[3, 29, 2, 0]  	786	5 
[5, 18, 9, 0]  	788	6 
[15, 22, 0, 0]  	791	7 
[3, 32, 0, 0]  	793	5 
[5, 21, 7, 0]  	795	6 
[5, 17, 10, 0]  	796	6 
[19, 19, 0, 0]  	798	6 
[5, 1, 22, 0]  	800	5 
[4, 18, 10, 0]  	800	5 
[3, 31, 1, 0]  	801	5 
[3, 0, 24, 0]  	801	5 
[5, 20, 8, 0]  	803	6 
[5, 8, 17, 0]  	806	6 
[4, 25, 5, 0]  	806	6 
[5, 4, 20, 0]  	807	5 
[4, 21, 8, 0]  	807	5 
[4, 17, 11, 0]  	808	5 
[5, 23, 6, 0]  	810	6 
[5, 7, 18, 0]  	814	5 
[4, 24, 6, 0]  	814	5 
[4, 20, 9, 0]  	815	5 
[3, 17, 12, 0]  	820	5 
[5, 6, 19, 0]  	822	5 
[4, 23, 7, 0]  	822	5 
[2, 18, 12, 0]  	824	4 
[4, 3, 22, 0]  	827	5 
[3, 12, 16, 0]  	829	5 
[3, 4, 22, 0]  	831	4 
[4, 6, 20, 0]  	834	5 
[3, 11, 17, 0]  	837	5 
[3, 7, 20, 0]  	838	4 
[3, 3, 23, 0]  	839	4 
[2, 35, 0, 0]  	843	4 
[3, 6, 21, 0]  	846	4 
[3, 21, 10, 0]  	850	4 
[3, 9, 19, 0]  	853	4 
[3, 28, 5, 0]  	856	5 
[3, 24, 8, 0]  	857	4 
[3, 20, 11, 0]  	858	4 
[2, 29, 5, 0]  	860	4 
[2, 21, 11, 0]  	862	3 
[3, 27, 6, 0]  	864	4 
[3, 23, 9, 0]  	865	4 
[2, 28, 6, 0]  	868	4 
[3, 26, 7, 0]  	872	4 
[2, 4, 24, 0]  	874	4 
[2, 31, 4, 0]  	875	5 
[2, 27, 7, 0]  	876	3 
[2, 23, 10, 0]  	877	3 
[2, 15, 16, 0]  	879	4 
[2, 7, 22, 0]  	881	3 
[2, 26, 8, 0]  	884	3 
[2, 14, 17, 0]  	887	4 
[2, 10, 20, 0]  	888	3 
[1, 15, 17, 0]  	891	3 
[1, 38, 0, 0]  	893	3 
[2, 13, 18, 0]  	895	3 
[2, 9, 21, 0]  	896	3 
[2, 1, 27, 0]  	898	4 
[1, 14, 18, 0]  	899	3 
[1, 10, 21, 0]  	900	2 
[2, 12, 19, 0]  	903	3 
[2, 0, 28, 0]  	906	4 
[1, 32, 5, 0]  	910	3 
[1, 12, 20, 0]  	915	2 
[1, 31, 6, 0]  	918	3 
[1, 27, 9, 0]  	919	2 
[0, 32, 6, 0]  	922	2 
[1, 30, 7, 0]  	926	2 
[1, 18, 16, 0]  	929	3 
[0, 31, 7, 0]  	930	2 
[1, 29, 8, 0]  	934	2 
[0, 30, 8, 0]  	938	1 
[1, 1, 29, 0]  	941	2 
[1, 24, 12, 0]  	943	3 
[1, 35, 4, 0]  	948	3 
[1, 0, 30, 0]  	949	2 
[0, 1, 30, 0]  	953	1 
[0, 16, 19, 0]  	957	1 
[0, 35, 5, 0]  	960	2 
[0, 0, 31, 0]  	961	1  <--- 3
[1, 21, 15, 0]  	967	3 
[0, 18, 18, 0]  	972	1 
[1, 4, 28, 0]  	979	2 
[0, 4, 29, 0]  	991	1 
[0, 21, 17, 0]  	1010	1 
[0, 44, 0, 0]  	1012	2  <--- 2
[1, 7, 27, 0]  	1017	2 
[0, 7, 28, 0]  	1029	1 
[0, 41, 3, 0]  	1036	2 
[0, 24, 16, 0]  	1048	1 
[0, 10, 27, 0]  	1067	1 
[0, 27, 15, 0]  	1086	1 
[0, 13, 26, 0]  	1105	1 
[20, 1, 0, 1]  	403	7 
[6, 11, 4, 1]  	491	6 
[5, 0, 15, 1]  	560	6 
[18, 5, 4, 1]  	581	12 
[14, 11, 3, 1]  	612	11 
[18, 8, 3, 1]  	619	11 
[11, 0, 14, 1]  	643	10 
[14, 14, 2, 1]  	650	10 
[18, 11, 2, 1]  	657	10 
[12, 17, 2, 1]  	681	9 
[15, 0, 13, 1]  	688	9 
[10, 19, 2, 1]  	689	9 
[18, 14, 1, 1]  	695	9 
[8, 23, 1, 1]  	712	8 
[7, 8, 13, 1]  	720	8 
[16, 17, 1, 1]  	726	8 
[10, 22, 1, 1]  	727	8 
[19, 0, 12, 1]  	733	8 
[14, 19, 1, 1]  	734	8 
[13, 20, 1, 1]  	738	7 
[8, 26, 0, 1]  	750	7 
[5, 11, 13, 1]  	751	7 
[6, 28, 0, 1]  	758	7 
[4, 11, 14, 1]  	763	6 
[16, 20, 0, 1]  	764	7 
[10, 25, 0, 1]  	765	7 
[14, 22, 0, 1]  	772	7 
[4, 29, 1, 1]  	774	6 
[19, 18, 0, 1]  	775	8 
[18, 19, 0, 1]  	779	7 
[4, 31, 0, 1]  	789	6 
[2, 32, 1, 1]  	805	5 
[4, 1, 23, 1]  	812	5 
[4, 4, 21, 1]  	819	5 
[4, 7, 19, 1]  	826	5 
[3, 10, 18, 1]  	845	4 
[2, 24, 9, 1]  	869	3 
[1, 13, 19, 1]  	907	2 
[0, 38, 4, 1]  	998	2 
[12, 20, 1, 2]  	719	8 
[6, 26, 1, 2]  	743	7 
[4, 10, 17, 2]  	833	5 
[4, 9, 18, 2]  	841	5 
[4, 25, 3, 23]  	744	6 
[3, 27, 5, 23]  	833	4 
[3, 26, 6, 23]  	841	4 
[9, 2, 6, 24]  	403	6 
[3, 14, 3, 24]  	472	4 
[7, 5, 14, 24]  	682	8 
[5, 8, 14, 24]  	713	6 
[10, 23, 0, 24]  	719	7 
[5, 12, 12, 24]  	743	6 
[3, 28, 2, 24]  	763	4 
[2, 1, 24, 24]  	805	4 
[3, 3, 22, 24]  	808	4 
[3, 6, 20, 24]  	815	3 
[2, 27, 6, 24]  	845	3 
[2, 13, 17, 24]  	864	3 
[1, 10, 20, 24]  	869	2 
[0, 30, 7, 24]  	907	1 
[0, 7, 27, 24]  	998	1 
------
The gap is between 3 and 22.
Lengths: 3 3 5 6 3 3.
For 982 = 5*d/2-d1-d2-d3 you get 3 in char 0.
1*x^1*y^23*z^14
1*y^40*z^2
1*y^9*z^25

For 560 = 3*d/2-d1-d2-d3 you get 5 in char 0.
1*x^4*y^17*z^3
1*x^3*y^3*z^14
1*x^2*y^20*z^2
1*x^1*y^6*z^13
1*y^23*z^1

For 138 = d/2-d1-d2-d3 you get 3 in char 0.
1*x^4*z^2
1*x^2*y^3*z^1
1*y^6

Extra powers of p used 1.
The invariant extra is equal to 1.
Start computing 7^3 Delta^1 (x1x2x3)^6... Done.
Start computing 7^4 Delta^2 (x1x2x3)^6... Done.
Start computing 7^5 Delta^3 (x1x2x3)^6... Done.
Start computing 7^6 Delta^4 (x1x2x3)^6... Done.
Start computing 7^7 Delta^5 (x1x2x3)^6... Done.
Start computing 7^8 Delta^6 (x1x2x3)^6... Done.
Start computing aa.
1 2 3 4 5 6 7 8 9 10 11 
*/
A = \
[128664682905569311865,80141551713255873582,36408871882714200772,46852589331586791753,183926443928961714162,26709588780491724681,83640553894453668308,107650388872196769655,102614973713108931165,49408764350004036635,170516926430599772443;\
62119328374232784830,114927335202391871719,181983426638274921709,32271382357768580474,108108072568071901696,61323986336043608828,48768294066509587598,33058695042368620688,119988462322769645682,154062367096422640408,105354734946798217734;\
149896553663020900736,172043454537331514291,51452929576206859337,35860519196697489133,109632602805752013624,90018852018300373812,123247151868573495021,152716003068147345015,10293942661206860208,59372276475117574444,142912033826004055403;\
121248678026656288282,161420540961458902797,166857601996268479712,125244595092734142886,175079821198454765173,44581041423886817969,146027831389538842653,32619066456686984463,153115480900078535853,44199269706519249091,148406628450746917594;\
150089061094306163143,7318615965220196394,176925299749204898489,166202983568732939969,22767224977297900519,23091117468363674772,4445001456177395813,152940314708786420900,121400054447283570427,110715084326707242669,106664591462972681488;\
31766100866424490147,178422969951906563119,21911605213527354581,122098396144933611424,19603769969763326515,128676509678506298992,44336997443121597473,103280092376191419143,93704290986932764474,78569984116152679507,102799317172719520787;\
179507193351204076053,80652583565129429792,120452194649634442810,119578645765085725407,93718221914645556634,83912237576386304141,139935480995531458377,24837483446904302804,182688151783120354,36042065627296728048,172297572379324893704;\
94856115111197397685,158843812786584212581,128084173354868255749,52930162087010355567,126088407061738382758,97759335169770506827,14573465348109662582,53269502333155046645,38947500442952316845,131813688925961062706,134264842525185559152;\
176806543237228597175,81739937179772462066,70181847903874172480,61324737844833998836,75583227598072909834,45261567619388249591,12602110968923114058,1415699263761680695,40255518072271366907,57280884679414980038,85349434647644990018;\
80006735961723116222,8143681946032245582,7964935613849398078,157280565676303625794,157517104060367137177,2156894811824550014,3128102340306418713,163142256709363726893,499802084912462374,15935202767682257647,148223155817459326149;\
46955097474279950579,152728129972397553418,18938469333768981196,64475737894908789911,77173237548041187798,12207114705237287878,56929467470052539621,106338512492452499728,39638895333920187466,8165350735149495377,29040013462115224751]
/* 
This matrix times 7^(-1) should be the matrix of frobenius.
*/ 
B = 7^(-1) * A; 
/* Freed 54 lists. */
