/* Comments begin... 
Coefficient of   x^21 * y^1               = -2
Coefficient of   x^10 * y^2 * z^6         = -2
Coefficient of   x^8 * y^5 * z^5         = -3
Coefficient of   x^6 * y^8 * z^4         = 2
Coefficient of   x^4 * y^11 * z^3         = 1
Coefficient of   x^2 * y^14 * z^2         = 2
Coefficient of   x^1 * z^13               = -2
Coefficient of   y^17 * z^1               = -3

Here is the polynomial we're using this time:

-2*x^21*y^1 + -2*x^10*y^2*z^6 + -3*x^8*y^5*z^5 + 2*x^6*y^8*z^4 + 1*x^4*y^11*z^3 + 2*x^2*y^14*z^2 + -2*x^1*z^13 + -3*y^17*z^1

Allocate G_len 20 elements and old = 0.
Allocate M_len = 400 elements.
Allocate G_len 40 elements and old = 20.
Allocate M_len = 800 elements.
Allocate G_len 80 elements and old = 40.
Allocate M_len = 1600 elements.
Allocate M_len = 3200 elements.
Allocate G_len 160 elements and old = 80.
Allocate M_len = 6400 elements.
Allocate M_len = 12800 elements.
Allocate G_len 320 elements and old = 160.
Allocate M_len = 25600 elements.
The final length of G is 195
[10, 2, 5, 0]  	391	7 
[21, 0, 0, 0]  	399	7  <--- 1
[8, 5, 5, 0]  	422	6 
[8, 8, 4, 0]  	460	7 
[6, 11, 4, 0]  	491	6 
[6, 14, 3, 0]  	529	7 
[5, 0, 15, 0]  	560	6 
[19, 5, 4, 0]  	600	7 
[15, 11, 3, 0]  	631	10 
[19, 8, 3, 0]  	638	7 
[12, 0, 14, 0]  	662	9 
[15, 14, 2, 0]  	669	9 
[9, 3, 14, 0]  	674	9 
[19, 11, 2, 0]  	676	9 
[9, 20, 2, 0]  	693	8 
[13, 17, 2, 0]  	700	8 
[7, 22, 2, 0]  	701	8 
[7, 6, 14, 0]  	705	8 
[16, 0, 13, 0]  	707	8 
[11, 19, 2, 0]  	708	8 
[19, 14, 1, 0]  	714	8 
[7, 8, 13, 0]  	720	8 
[6, 9, 13, 0]  	724	7 
[9, 23, 1, 0]  	731	7 
[6, 8, 14, 0]  	732	7 
[5, 25, 2, 0]  	732	7 
[5, 9, 14, 0]  	736	7 
[13, 20, 1, 0]  	738	7 
[6, 26, 1, 0]  	743	7 
[17, 17, 1, 0]  	745	7 
[11, 22, 1, 0]  	746	7 
[20, 0, 12, 0]  	752	7 
[15, 19, 1, 0]  	753	7 
[6, 28, 0, 0]  	758	7 
[5, 29, 0, 0]  	762	6 
[4, 11, 14, 0]  	763	6 
[4, 26, 3, 0]  	767	6 
[9, 26, 0, 0]  	769	6 
[5, 28, 1, 0]  	770	6 
[4, 14, 12, 0]  	770	6 
[20, 17, 0, 0]  	771	2 
[5, 24, 4, 0]  	771	6 
[4, 29, 1, 0]  	774	6 
[13, 23, 0, 0]  	776	6 
[5, 15, 11, 0]  	781	6 
[4, 28, 2, 0]  	782	6 
[3, 14, 13, 0]  	782	6 
[17, 20, 0, 0]  	783	6 
[11, 25, 0, 0]  	784	6 
[3, 29, 2, 0]  	786	5 
[5, 18, 9, 0]  	788	6 
[4, 31, 0, 0]  	789	6 
[15, 22, 0, 0]  	791	6 
[3, 32, 0, 0]  	793	5 
[5, 21, 7, 0]  	795	6 
[5, 17, 10, 0]  	796	6 
[19, 19, 0, 0]  	798	6 
[4, 18, 10, 0]  	800	5 
[3, 31, 1, 0]  	801	5 
[3, 0, 24, 0]  	801	5 
[5, 20, 8, 0]  	803	6 
[4, 25, 5, 0]  	806	6 
[4, 21, 8, 0]  	807	5 
[4, 17, 11, 0]  	808	5 
[5, 23, 6, 0]  	810	6 
[4, 1, 23, 0]  	812	5 
[4, 24, 6, 0]  	814	5 
[4, 20, 9, 0]  	815	5 
[3, 17, 12, 0]  	820	5 
[4, 7, 19, 0]  	826	5 
[4, 3, 22, 0]  	827	5 
[3, 12, 16, 0]  	829	5 
[3, 4, 22, 0]  	831	4 
[4, 10, 17, 0]  	833	5 
[4, 6, 20, 0]  	834	5 
[3, 11, 17, 0]  	837	5 
[3, 7, 20, 0]  	838	4 
[3, 3, 23, 0]  	839	4 
[4, 9, 18, 0]  	841	5 
[2, 35, 0, 0]  	843	4 
[3, 10, 18, 0]  	845	4 
[3, 6, 21, 0]  	846	4 
[3, 21, 10, 0]  	850	4 
[3, 9, 19, 0]  	853	4 
[3, 20, 11, 0]  	858	4 
[2, 29, 5, 0]  	860	4 
[2, 21, 11, 0]  	862	3 
[3, 27, 6, 0]  	864	4 
[3, 23, 9, 0]  	865	4 
[2, 28, 6, 0]  	868	4 
[2, 24, 9, 0]  	869	3 
[3, 26, 7, 0]  	872	4 
[2, 4, 24, 0]  	874	4 
[2, 31, 4, 0]  	875	5 
[2, 23, 10, 0]  	877	3 
[2, 15, 16, 0]  	879	4 
[2, 7, 22, 0]  	881	3 
[2, 26, 8, 0]  	884	3 
[2, 14, 17, 0]  	887	4 
[2, 10, 20, 0]  	888	3 
[1, 15, 17, 0]  	891	3 
[1, 38, 0, 0]  	893	3 
[2, 13, 18, 0]  	895	3 
[2, 9, 21, 0]  	896	3 
[2, 1, 27, 0]  	898	4 
[1, 14, 18, 0]  	899	3 
[1, 10, 21, 0]  	900	2 
[2, 12, 19, 0]  	903	3 
[2, 0, 28, 0]  	906	4 
[1, 13, 19, 0]  	907	2 
[1, 32, 5, 0]  	910	3 
[1, 12, 20, 0]  	915	2 
[1, 31, 6, 0]  	918	3 
[1, 27, 9, 0]  	919	2 
[0, 32, 6, 0]  	922	2 
[1, 18, 16, 0]  	929	3 
[0, 31, 7, 0]  	930	2 
[1, 29, 8, 0]  	934	2 
[0, 30, 8, 0]  	938	1 
[1, 1, 29, 0]  	941	2 
[1, 24, 12, 0]  	943	3 
[1, 35, 4, 0]  	948	3 
[0, 1, 30, 0]  	953	1 
[0, 16, 19, 0]  	957	1 
[0, 35, 5, 0]  	960	2 
[0, 0, 31, 0]  	961	1  <--- 3
[1, 21, 15, 0]  	967	3 
[0, 18, 18, 0]  	972	1 
[1, 4, 28, 0]  	979	2 
[0, 4, 29, 0]  	991	1 
[0, 21, 17, 0]  	1010	1 
[0, 44, 0, 0]  	1012	2  <--- 2
[1, 7, 27, 0]  	1017	2 
[0, 7, 28, 0]  	1029	1 
[0, 41, 3, 0]  	1036	2 
[0, 24, 16, 0]  	1048	1 
[0, 10, 27, 0]  	1067	1 
[0, 27, 15, 0]  	1086	1 
[0, 13, 26, 0]  	1105	1 
[20, 1, 0, 1]  	403	7 
[18, 5, 4, 1]  	581	12 
[14, 11, 3, 1]  	612	11 
[18, 8, 3, 1]  	619	11 
[11, 0, 14, 1]  	643	10 
[14, 14, 2, 1]  	650	10 
[18, 11, 2, 1]  	657	10 
[12, 17, 2, 1]  	681	9 
[15, 0, 13, 1]  	688	9 
[10, 19, 2, 1]  	689	9 
[18, 14, 1, 1]  	695	9 
[8, 23, 1, 1]  	712	8 
[12, 20, 1, 1]  	719	8 
[16, 17, 1, 1]  	726	8 
[10, 22, 1, 1]  	727	8 
[19, 0, 12, 1]  	733	8 
[14, 19, 1, 1]  	734	8 
[7, 25, 1, 1]  	739	7 
[8, 26, 0, 1]  	750	7 
[5, 11, 13, 1]  	751	7 
[4, 12, 13, 1]  	755	6 
[12, 23, 0, 1]  	757	7 
[16, 20, 0, 1]  	764	7 
[10, 25, 0, 1]  	765	7 
[14, 22, 0, 1]  	772	7 
[19, 18, 0, 1]  	775	7 
[18, 19, 0, 1]  	779	7 
[2, 32, 1, 1]  	805	5 
[4, 4, 21, 1]  	819	5 
[4, 23, 7, 1]  	822	5 
[3, 28, 5, 1]  	856	5 
[2, 27, 7, 1]  	876	3 
[0, 38, 4, 1]  	998	2 
[3, 24, 8, 2]  	857	4 
[1, 30, 7, 2]  	926	2 
[1, 0, 30, 2]  	949	2 
[2, 18, 12, 3]  	824	4 
[1, 35, 0, 22]  	824	3 
[2, 10, 19, 23]  	857	3 
[0, 16, 18, 23]  	926	1 
[9, 2, 6, 24]  	403	6 
[7, 8, 5, 24]  	472	6 
[5, 14, 4, 24]  	541	5 
[7, 5, 14, 24]  	682	8 
[5, 8, 14, 24]  	713	7 
[5, 28, 0, 24]  	739	6 
[4, 25, 3, 24]  	744	5 
[4, 28, 1, 24]  	751	6 
[3, 29, 1, 24]  	755	5 
[3, 15, 12, 24]  	774	5 
[2, 1, 24, 24]  	805	4 
[3, 21, 9, 24]  	819	4 
[3, 9, 18, 24]  	822	1 
[2, 14, 16, 24]  	856	4 
[1, 13, 18, 24]  	876	1 
[0, 7, 27, 24]  	998	1 
------
The gap is between 4 and 21.
Lengths: 3 3 5 5 3 3.
For 982 = 5*d/2-d1-d2-d3 you get 3 in char 0.
1*x^1*y^23*z^14
1*y^40*z^2
1*y^9*z^25

For 560 = 3*d/2-d1-d2-d3 you get 5 in char 0.
1*x^4*y^17*z^3
1*x^3*y^3*z^14
1*x^2*y^20*z^2
1*x^1*y^6*z^13
1*y^23*z^1

For 138 = d/2-d1-d2-d3 you get 3 in char 0.
1*x^4*z^2
1*x^2*y^3*z^1
1*y^6

Extra powers of p used 0.
The invariant extra is equal to 1.
Start computing 7^3 Delta^1 (x1x2x3)^6... Done.
Start computing 7^4 Delta^2 (x1x2x3)^6... Done.
Start computing 7^5 Delta^3 (x1x2x3)^6... Done.
Start computing 7^6 Delta^4 (x1x2x3)^6... Done.
Start computing 7^7 Delta^5 (x1x2x3)^6... Done.
Start computing 7^8 Delta^6 (x1x2x3)^6... Done.
Start computing aa.
1 2 3 4 5 6 7 8 9 10 11 
*/
A = \
[103919587581860008251,21556858011574167008,99248624053474226290,51091141613091718663,53373589453398642050,64571236013793569795,126689824020845119643,137219107429173831145,61699080938726345996,181036656510930454640,124406593943159762388;\
174172069262399835890,180405641163191219964,19113753173938539505,129626655312543143104,111928798624905217389,120305063779507674634,47521768413576110997,161466597332509646401,95187303968359670333,105586917684120980506,169710277960956490667;\
61461612977341894475,33369025910552931948,108352388574078372158,76416874641730840546,73595210288985622230,12664665034914173617,149080402767232064009,148365937396848756347,112682155888346099846,67089127293571108985,74789222993782882102;\
86180446676501942179,92722182583067127645,103013697445259450373,157084934652646894733,35708733733425352677,187279008009440683,84522569457819060722,27946870836210064613,130807236526388172219,44900892532130930197,12557461519070190471;\
150003242954222438165,84108767218315133486,20733124293746086297,12065794260190972063,182021048475031069437,161806241624022921933,96456768768069270001,103689681805113890367,37100678199311252792,168247393052169679710,45417358088969012181;\
134262712879726950026,91365978736952322999,8639469105909002847,35487814047173889912,83779947461356369013,101618735032516119565,158402436806995982825,130230800304399772285,18111475847385689545,140947716976165918658,107222329058299884786;\
64500863887937506474,113777999168322215949,189550424266753350124,160030912244729025262,108138189484513991264,19322832158909787557,163432133652575596326,51487345461532300964,172989419617767511682,115665520767042278095,98216150376635094972;\
132783564126567087376,49762427225246452025,188156525911882232647,62225631237567637602,145456763040834917840,78714463178707091918,18552069482379915097,70427795281114315177,124055228560329697246,47179035872647342720,42251595572678618616;\
12628654595640651374,95926272342612600153,100173078846146452399,23935454380011029744,159401422558688203558,133112791321884249442,179732741508277899984,68152695973808674431,153049850080563575454,168406939625656714787,15671735731891525363;\
59712656441870175183,60680189787687994707,178270830890849299160,89874212932053456291,59897009864802310732,132463433813975222063,8222403492884311213,44625175528545458091,26943197970453982217,133578560001355151452,185468796149641501112;\
104876662001533654685,183061185977243455311,51646422912078438495,112321865745275525619,108309950934800133890,143604603170927660545,173402534364557029021,174358946687269130682,52798501355774816684,43110782961088310244,80541771052415889559]
/* 
This should be the matrix of frobenius!
*/ 
B = A; 
/* Freed 54 lists. */
