/* Comments begin... 
Coefficient of   x^21 * y^1               = 3
Coefficient of   x^10 * y^2 * z^6         = -2
Coefficient of   x^8 * y^5 * z^5         = 2
Coefficient of   x^6 * y^8 * z^4         = 3
Coefficient of   x^4 * y^11 * z^3         = -2
Coefficient of   x^2 * y^14 * z^2         = 0
Coefficient of   x^1 * z^13               = 1
Coefficient of   y^17 * z^1               = -1

Here is the polynomial we're using this time:

3*x^21*y^1 + -2*x^10*y^2*z^6 + 2*x^8*y^5*z^5 + 3*x^6*y^8*z^4 + -2*x^4*y^11*z^3 + 1*x^1*z^13 + -1*y^17*z^1

Allocate G_len 20 elements and old = 0.
Allocate M_len = 400 elements.
Allocate G_len 40 elements and old = 20.
Allocate M_len = 800 elements.
Allocate G_len 80 elements and old = 40.
Allocate M_len = 1600 elements.
Allocate M_len = 3200 elements.
Allocate G_len 160 elements and old = 80.
Allocate M_len = 6400 elements.
Allocate M_len = 12800 elements.
Allocate G_len 320 elements and old = 160.
Allocate M_len = 25600 elements.
The final length of G is 189
[10, 2, 5, 0]  	391	6 
[21, 0, 0, 0]  	399	6  <--- 1
[8, 5, 5, 0]  	422	5 
[8, 8, 4, 0]  	460	7 
[6, 11, 4, 0]  	491	6 
[5, 0, 15, 0]  	560	6 
[19, 5, 4, 0]  	600	6 
[19, 8, 3, 0]  	638	6 
[11, 0, 14, 0]  	643	9 
[14, 14, 2, 0]  	650	10 
[13, 14, 3, 0]  	662	8 
[17, 11, 3, 0]  	669	5 
[9, 3, 14, 0]  	674	8 
[19, 11, 2, 0]  	676	8 
[13, 17, 2, 0]  	700	8 
[7, 22, 2, 0]  	701	7 
[7, 6, 14, 0]  	705	7 
[8, 23, 1, 0]  	712	8 
[18, 0, 12, 0]  	714	7 
[7, 8, 13, 0]  	720	8 
[6, 9, 13, 0]  	724	6 
[16, 17, 1, 0]  	726	7 
[10, 22, 1, 0]  	727	8 
[6, 8, 14, 0]  	732	7 
[5, 25, 2, 0]  	732	5 
[6, 23, 3, 0]  	736	7 
[5, 9, 14, 0]  	736	7 
[13, 20, 1, 0]  	738	7 
[7, 25, 1, 0]  	739	7 
[6, 26, 1, 0]  	743	7 
[8, 26, 0, 0]  	750	7 
[5, 11, 13, 0]  	751	7 
[15, 19, 1, 0]  	753	6 
[4, 12, 13, 0]  	755	6 
[6, 28, 0, 0]  	758	7 
[17, 19, 0, 0]  	760	6 
[5, 29, 0, 0]  	762	6 
[4, 11, 14, 0]  	763	6 
[4, 26, 3, 0]  	767	6 
[5, 28, 1, 0]  	770	6 
[4, 14, 12, 0]  	770	6 
[20, 17, 0, 0]  	771	2 
[5, 24, 4, 0]  	771	6 
[5, 20, 7, 0]  	772	6 
[4, 29, 1, 0]  	774	6 
[13, 23, 0, 0]  	776	6 
[5, 15, 11, 0]  	781	6 
[4, 28, 2, 0]  	782	6 
[3, 14, 13, 0]  	782	6 
[11, 25, 0, 0]  	784	6 
[3, 29, 2, 0]  	786	5 
[5, 18, 9, 0]  	788	6 
[4, 31, 0, 0]  	789	6 
[4, 23, 6, 0]  	791	5 
[3, 32, 0, 0]  	793	5 
[5, 17, 10, 0]  	796	6 
[3, 31, 1, 0]  	801	5 
[3, 0, 24, 0]  	801	5 
[2, 32, 1, 0]  	805	5 
[4, 25, 5, 0]  	806	6 
[4, 21, 8, 0]  	807	5 
[4, 17, 11, 0]  	808	5 
[4, 1, 23, 0]  	812	5 
[4, 20, 9, 0]  	815	5 
[4, 4, 21, 0]  	819	5 
[3, 17, 12, 0]  	820	5 
[2, 18, 12, 0]  	824	4 
[4, 7, 19, 0]  	826	5 
[4, 3, 22, 0]  	827	5 
[3, 12, 16, 0]  	829	5 
[3, 4, 22, 0]  	831	4 
[4, 10, 17, 0]  	833	5 
[4, 6, 20, 0]  	834	5 
[3, 11, 17, 0]  	837	5 
[3, 3, 23, 0]  	839	4 
[4, 9, 18, 0]  	841	5 
[2, 35, 0, 0]  	843	4 
[3, 6, 21, 0]  	846	4 
[3, 21, 10, 0]  	850	4 
[3, 9, 19, 0]  	853	4 
[3, 28, 5, 0]  	856	5 
[3, 24, 8, 0]  	857	4 
[3, 20, 11, 0]  	858	4 
[2, 29, 5, 0]  	860	4 
[2, 21, 11, 0]  	862	3 
[3, 27, 6, 0]  	864	4 
[3, 23, 9, 0]  	865	4 
[2, 28, 6, 0]  	868	4 
[2, 24, 9, 0]  	869	3 
[3, 26, 7, 0]  	872	4 
[2, 4, 24, 0]  	874	4 
[2, 31, 4, 0]  	875	5 
[2, 27, 7, 0]  	876	3 
[2, 23, 10, 0]  	877	3 
[2, 15, 16, 0]  	879	4 
[2, 7, 22, 0]  	881	3 
[2, 26, 8, 0]  	884	3 
[2, 14, 17, 0]  	887	4 
[2, 10, 20, 0]  	888	3 
[1, 15, 17, 0]  	891	3 
[1, 38, 0, 0]  	893	3 
[2, 13, 18, 0]  	895	3 
[2, 9, 21, 0]  	896	3 
[2, 1, 27, 0]  	898	4 
[1, 14, 18, 0]  	899	3 
[1, 10, 21, 0]  	900	2 
[2, 12, 19, 0]  	903	3 
[2, 0, 28, 0]  	906	4 
[1, 13, 19, 0]  	907	2 
[1, 32, 5, 0]  	910	3 
[1, 12, 20, 0]  	915	2 
[1, 31, 6, 0]  	918	3 
[1, 27, 9, 0]  	919	2 
[1, 18, 16, 0]  	929	3 
[0, 31, 7, 0]  	930	2 
[1, 29, 8, 0]  	934	2 
[0, 30, 8, 0]  	938	1 
[1, 1, 29, 0]  	941	2 
[1, 24, 12, 0]  	943	3 
[1, 35, 4, 0]  	948	3 
[0, 1, 30, 0]  	953	1 
[0, 16, 19, 0]  	957	1 
[0, 35, 5, 0]  	960	2 
[0, 0, 31, 0]  	961	1  <--- 3
[1, 21, 15, 0]  	967	3 
[0, 18, 18, 0]  	972	1 
[0, 4, 29, 0]  	991	1 
[0, 38, 4, 0]  	998	2 
[0, 21, 17, 0]  	1010	1 
[0, 44, 0, 0]  	1012	2  <--- 2
[1, 7, 27, 0]  	1017	2 
[0, 7, 28, 0]  	1029	1 
[0, 24, 16, 0]  	1048	1 
[0, 10, 27, 0]  	1067	1 
[0, 27, 15, 0]  	1086	1 
[0, 13, 26, 0]  	1105	1 
[20, 1, 0, 1]  	403	6 
[6, 14, 3, 1]  	529	7 
[18, 5, 4, 1]  	581	10 
[18, 8, 3, 1]  	619	10 
[15, 11, 3, 1]  	631	9 
[18, 11, 2, 1]  	657	9 
[12, 17, 2, 1]  	681	9 
[10, 19, 2, 1]  	689	9 
[9, 20, 2, 1]  	693	7 
[17, 0, 12, 1]  	695	8 
[16, 0, 13, 1]  	707	7 
[12, 20, 1, 1]  	719	8 
[14, 19, 1, 1]  	734	7 
[16, 19, 0, 1]  	741	7 
[12, 23, 0, 1]  	757	7 
[10, 25, 0, 1]  	765	7 
[19, 18, 0, 1]  	775	7 
[4, 18, 10, 1]  	800	5 
[3, 7, 20, 1]  	838	4 
[3, 10, 18, 1]  	845	4 
[1, 4, 28, 1]  	979	2 
[0, 41, 3, 1]  	1036	2 
[14, 11, 3, 2]  	612	10 
[15, 0, 13, 2]  	688	8 
[1, 30, 7, 2]  	926	2 
[1, 0, 30, 2]  	949	2 
[0, 32, 6, 3]  	922	2 
[0, 1, 29, 22]  	922	1 
[5, 8, 14, 23]  	713	6 
[0, 16, 18, 23]  	926	1 
[9, 2, 6, 24]  	403	5 
[7, 8, 5, 24]  	472	5 
[5, 0, 14, 24]  	529	5 
[5, 14, 4, 24]  	541	6 
[12, 14, 2, 24]  	612	9 
[7, 5, 13, 24]  	651	6 
[7, 22, 1, 24]  	670	6 
[6, 22, 2, 24]  	682	5 
[14, 17, 1, 24]  	688	7 
[6, 9, 12, 24]  	693	5 
[5, 25, 1, 24]  	701	5 
[6, 26, 0, 24]  	712	5 
[5, 28, 0, 24]  	739	6 
[4, 29, 0, 24]  	743	5 
[4, 25, 3, 24]  	744	5 
[4, 15, 11, 24]  	762	5 
[4, 1, 22, 24]  	781	4 
[3, 4, 21, 24]  	800	4 
[4, 9, 17, 24]  	810	5 
[2, 24, 8, 24]  	838	3 
[2, 27, 6, 24]  	845	3 
[0, 21, 16, 24]  	979	1 
[0, 10, 26, 24]  	1036	1 
------
The gap is between 4 and 21.
Lengths: 3 3 5 5 3 3.
For 982 = 5*d/2-d1-d2-d3 you get 3 in char 0.
1*x^1*y^23*z^14
1*y^40*z^2
1*y^9*z^25

For 560 = 3*d/2-d1-d2-d3 you get 5 in char 0.
1*x^4*y^17*z^3
1*x^3*y^3*z^14
1*x^2*y^20*z^2
1*x^1*y^6*z^13
1*y^23*z^1

For 138 = d/2-d1-d2-d3 you get 3 in char 0.
1*x^4*z^2
1*x^2*y^3*z^1
1*y^6

Extra powers of p used 0.
The invariant extra is equal to 1.
Start computing 7^3 Delta^1 (x1x2x3)^6... Done.
Start computing 7^4 Delta^2 (x1x2x3)^6... Done.
Start computing 7^5 Delta^3 (x1x2x3)^6... Done.
Start computing 7^6 Delta^4 (x1x2x3)^6... Done.
Start computing 7^7 Delta^5 (x1x2x3)^6... Done.
Start computing 7^8 Delta^6 (x1x2x3)^6... Done.
Start computing aa.
1 2 3 4 5 6 7 8 9 10 11 
*/
A = \
[132526172379906211494,61243033765978340521,181830829380932983873,172989159949053216405,81098328576714748264,167783315033153812055,22228216987185768748,161416200604277009384,74946400928235407774,115209970181175393384,161589489259117204089;\
83818475325561109882,99870785294878802222,125773407755401469433,123977617449174048567,79852026988000158206,95451101840920240121,151150128780209969823,122307521248922776753,161082104323814671753,164738100922569888070,170778462649460682457;\
90598271249467832022,1813018372647369830,130495596942281742054,144376012145300363722,38919777265975813333,85403277344793831115,46222198142440216589,55535760157569782916,41108763314928674239,109045953985088815121,41009647371583003078;\
64817383837290310341,132966032981512084191,118234073317668863770,101635606129358994875,31313310100274013966,30554496757153336016,189132974945577780936,101560895205019651324,108839750960079018110,32391839040256403589,185238006072101321948;\
11083168195057157999,31961817907584229150,120842425917626249425,177498830176746664453,190756499255543460015,58088717230551110257,180529511390633850326,11758721201997209734,124417360944164407868,45463628348638314010,149803612825881276640;\
99955270471437646070,98666983249869648821,42460120855833446413,75603697973178378787,150182170515802269803,129205101569741275722,5049425680487934788,163495569600681369037,17195053988949818408,30902033943712633450,68084321447549915746;\
132453426276192248360,185036273913615519974,77034413423472497210,98744330187245563730,113458379532002788850,180507134529476335329,68227336079830427311,14206681612339737815,69358774669209191033,25660401033498576835,7100298857577954119;\
74419907836903333059,44860870434450017920,36672997702048137265,132409660387159483629,7375947966074299976,50621973243006178230,118372322421668265034,120041935458899343736,190531285351482020463,178277579712314054721,50997149435180142054;\
70581696481181655672,117719772738417625723,167353521033731549126,19258055478686712310,70568144890718072101,37387372713531097628,161068257019266569777,136676569066520078498,169017549023971681803,185866204952024842308,142919998028183594659;\
177718535345476993669,170028081409614688007,5089509320421430095,96549353905501529018,184988065540014255435,45209166587585935165,179129331891099515324,87365884305552475217,165825870035949281816,155332620848677104098,161738361401769991020;\
34648057000763187937,108639694849304484513,167383764792823705495,80298677206582825914,14273680227794958166,93086933281367334204,76089182311310733341,26251777664973087920,15322833920525012007,29547026247850625766,39483284948629235112]
/* 
This should be the matrix of frobenius!
*/ 
B = A; 
/* Freed 53 lists. */
