/* Comments begin... 
Coefficient of   x^21 * y^1               = -2
Coefficient of   x^10 * y^2 * z^6         = -2
Coefficient of   x^8 * y^5 * z^5         = 2
Coefficient of   x^6 * y^8 * z^4         = 0
Coefficient of   x^4 * y^11 * z^3         = 0
Coefficient of   x^2 * y^14 * z^2         = 2
Coefficient of   x^1 * z^13               = -1
Coefficient of   y^17 * z^1               = 3

Here is the polynomial we're using this time:

-2*x^21*y^1 + -2*x^10*y^2*z^6 + 2*x^8*y^5*z^5 + 2*x^2*y^14*z^2 + -1*x^1*z^13 + 3*y^17*z^1

Allocate G_len 20 elements and old = 0.
Allocate M_len = 400 elements.
Allocate G_len 40 elements and old = 20.
Allocate M_len = 800 elements.
Allocate G_len 80 elements and old = 40.
Allocate M_len = 1600 elements.
Allocate M_len = 3200 elements.
Allocate G_len 160 elements and old = 80.
Allocate M_len = 6400 elements.
Allocate M_len = 12800 elements.
Allocate G_len 320 elements and old = 160.
Allocate M_len = 25600 elements.
The final length of G is 180
[10, 2, 5, 0]  	391	5 
[21, 0, 0, 0]  	399	5  <--- 1
[8, 5, 5, 0]  	422	4 
[8, 8, 4, 0]  	460	6 
[4, 14, 3, 0]  	491	5 
[7, 0, 15, 0]  	598	7 
[19, 5, 4, 0]  	600	5 
[13, 14, 2, 0]  	631	4 
[15, 14, 1, 0]  	638	5 
[12, 0, 14, 0]  	662	6 
[14, 0, 13, 0]  	669	4 
[9, 3, 14, 0]  	674	8 
[9, 20, 2, 0]  	693	7 
[7, 22, 2, 0]  	701	8 
[13, 19, 1, 0]  	715	6 
[7, 8, 13, 0]  	720	8 
[6, 9, 13, 0]  	724	7 
[10, 22, 1, 0]  	727	7 
[9, 23, 1, 0]  	731	6 
[6, 8, 14, 0]  	732	7 
[5, 25, 2, 0]  	732	7 
[5, 9, 14, 0]  	736	7 
[7, 25, 1, 0]  	739	7 
[6, 26, 1, 0]  	743	7 
[20, 0, 12, 0]  	752	7 
[13, 22, 0, 0]  	753	6 
[4, 12, 13, 0]  	755	6 
[7, 11, 12, 0]  	758	7 
[6, 12, 12, 0]  	762	6 
[4, 11, 14, 0]  	763	6 
[6, 0, 21, 0]  	765	6 
[9, 26, 0, 0]  	769	6 
[5, 28, 1, 0]  	770	6 
[20, 17, 0, 0]  	771	2 
[6, 7, 16, 0]  	771	6 
[4, 29, 1, 0]  	774	6 
[7, 28, 0, 0]  	777	6 
[6, 29, 0, 0]  	781	6 
[4, 28, 2, 0]  	782	6 
[3, 14, 13, 0]  	782	6 
[17, 20, 0, 0]  	783	6 
[5, 3, 20, 0]  	784	5 
[4, 31, 0, 0]  	789	6 
[3, 32, 0, 0]  	793	5 
[6, 4, 19, 0]  	795	6 
[19, 19, 0, 0]  	798	6 
[5, 1, 22, 0]  	800	5 
[3, 31, 1, 0]  	801	6 
[2, 32, 1, 0]  	805	5 
[5, 8, 17, 0]  	806	6 
[5, 0, 23, 0]  	808	5 
[6, 6, 18, 0]  	810	6 
[4, 1, 23, 0]  	812	5 
[5, 7, 18, 0]  	814	5 
[4, 4, 21, 0]  	819	5 
[4, 0, 24, 0]  	820	6 
[5, 6, 19, 0]  	822	5 
[3, 1, 24, 0]  	824	5 
[4, 7, 19, 0]  	826	5 
[4, 3, 22, 0]  	827	5 
[3, 12, 16, 0]  	829	5 
[3, 4, 22, 0]  	831	4 
[4, 10, 17, 0]  	833	5 
[4, 6, 20, 0]  	834	5 
[3, 11, 17, 0]  	837	5 
[3, 7, 20, 0]  	838	4 
[3, 3, 23, 0]  	839	4 
[4, 9, 18, 0]  	841	5 
[3, 18, 12, 0]  	843	4 
[2, 35, 0, 0]  	843	4 
[3, 10, 18, 0]  	845	4 
[3, 21, 10, 0]  	850	4 
[3, 9, 19, 0]  	853	4 
[3, 20, 11, 0]  	858	4 
[2, 21, 11, 0]  	862	3 
[3, 27, 6, 0]  	864	4 
[3, 23, 9, 0]  	865	4 
[2, 28, 6, 0]  	868	4 
[2, 24, 9, 0]  	869	3 
[3, 26, 7, 0]  	872	4 
[2, 4, 24, 0]  	874	4 
[2, 31, 4, 0]  	875	5 
[2, 27, 7, 0]  	876	3 
[2, 23, 10, 0]  	877	3 
[2, 26, 8, 0]  	884	3 
[2, 14, 17, 0]  	887	4 
[2, 10, 20, 0]  	888	3 
[1, 15, 17, 0]  	891	3 
[1, 38, 0, 0]  	893	3 
[2, 13, 18, 0]  	895	3 
[2, 1, 27, 0]  	898	4 
[1, 14, 18, 0]  	899	3 
[1, 10, 21, 0]  	900	2 
[2, 12, 19, 0]  	903	3 
[1, 13, 19, 0]  	907	2 
[1, 32, 5, 0]  	910	3 
[1, 12, 20, 0]  	915	2 
[1, 31, 6, 0]  	918	3 
[1, 27, 9, 0]  	919	2 
[0, 32, 6, 0]  	922	2 
[1, 30, 7, 0]  	926	2 
[1, 18, 16, 0]  	929	3 
[0, 31, 7, 0]  	930	2 
[1, 29, 8, 0]  	934	2 
[2, 0, 29, 0]  	937	3 
[0, 30, 8, 0]  	938	1 
[1, 1, 29, 0]  	941	2 
[1, 24, 12, 0]  	943	3 
[1, 35, 4, 0]  	948	3 
[1, 0, 30, 0]  	949	2 
[0, 1, 30, 0]  	953	1 
[0, 16, 19, 0]  	957	1 
[0, 35, 5, 0]  	960	2 
[0, 0, 31, 0]  	961	1  <--- 3
[1, 21, 15, 0]  	967	3 
[0, 18, 18, 0]  	972	1 
[1, 4, 28, 0]  	979	2 
[0, 4, 29, 0]  	991	1 
[0, 38, 4, 0]  	998	2 
[0, 21, 17, 0]  	1010	1 
[0, 44, 0, 0]  	1012	2  <--- 2
[0, 7, 28, 0]  	1029	1 
[0, 24, 16, 0]  	1048	1 
[0, 10, 27, 0]  	1067	1 
[0, 27, 15, 0]  	1086	1 
[0, 13, 26, 0]  	1105	1 
[20, 1, 0, 1]  	403	5 
[18, 5, 4, 1]  	581	8 
[12, 14, 2, 1]  	612	7 
[14, 14, 1, 1]  	619	8 
[11, 0, 14, 1]  	643	7 
[13, 0, 13, 1]  	650	7 
[12, 19, 1, 1]  	696	7 
[11, 19, 2, 1]  	708	6 
[8, 23, 1, 1]  	712	7 
[19, 0, 12, 1]  	733	8 
[12, 22, 0, 1]  	734	7 
[8, 26, 0, 1]  	750	7 
[5, 11, 13, 1]  	751	7 
[16, 20, 0, 1]  	764	7 
[19, 18, 0, 1]  	775	7 
[18, 19, 0, 1]  	779	7 
[3, 17, 12, 1]  	820	5 
[2, 18, 12, 1]  	824	4 
[3, 6, 21, 1]  	846	4 
[3, 28, 5, 1]  	856	5 
[3, 24, 8, 1]  	857	4 
[2, 29, 5, 1]  	860	4 
[2, 15, 16, 1]  	879	4 
[2, 7, 22, 1]  	881	3 
[2, 9, 21, 1]  	896	3 
[2, 0, 28, 1]  	906	4 
[1, 7, 27, 1]  	1017	2 
[0, 41, 3, 1]  	1036	2 
[10, 19, 2, 2]  	689	7 
[7, 6, 14, 2]  	705	8 
[3, 29, 2, 2]  	786	5 
[3, 0, 24, 2]  	801	5 
[6, 23, 2, 23]  	705	7 
[1, 32, 4, 23]  	879	3 
[9, 2, 6, 24]  	403	4 
[7, 8, 5, 24]  	472	4 
[6, 0, 16, 24]  	610	5 
[6, 22, 2, 24]  	682	7 
[8, 22, 1, 24]  	689	5 
[5, 8, 14, 24]  	713	5 
[4, 28, 1, 24]  	751	6 
[2, 15, 13, 24]  	786	4 
[1, 32, 1, 24]  	786	3 
[2, 17, 12, 24]  	801	4 
[1, 34, 0, 24]  	801	3 
[4, 6, 19, 24]  	803	5 
[2, 23, 9, 24]  	846	2 
[2, 14, 16, 24]  	856	4 
[2, 10, 19, 24]  	857	3 
[1, 15, 16, 24]  	860	3 
[1, 24, 10, 24]  	881	2 
[1, 26, 9, 24]  	896	2 
[0, 24, 15, 24]  	1017	1 
[0, 10, 26, 24]  	1036	1 
------
The gap is between 3 and 22.
Lengths: 3 3 5 5 3 3.
For 982 = 5*d/2-d1-d2-d3 you get 3 in char 0.
1*x^1*y^23*z^14
1*y^40*z^2
1*y^9*z^25

For 560 = 3*d/2-d1-d2-d3 you get 5 in char 0.
1*x^5*z^15
1*x^3*y^3*z^14
1*x^2*y^20*z^2
1*x^1*y^6*z^13
1*y^23*z^1

For 138 = d/2-d1-d2-d3 you get 3 in char 0.
1*x^4*z^2
1*x^2*y^3*z^1
1*y^6

Extra powers of p used 0.
The invariant extra is equal to 1.
Start computing 7^3 Delta^1 (x1x2x3)^6... Done.
Start computing 7^4 Delta^2 (x1x2x3)^6... Done.
Start computing 7^5 Delta^3 (x1x2x3)^6... Done.
Start computing 7^6 Delta^4 (x1x2x3)^6... Done.
Start computing 7^7 Delta^5 (x1x2x3)^6... Done.
Start computing 7^8 Delta^6 (x1x2x3)^6... Done.
Start computing aa.
1 2 3 4 5 6 7 8 9 10 11 
*/
A = \
[137662905683207427824,173145598607587706588,69957441338263704092,3505959903449294578,9314208439217577504,94644749735145238069,185253042554018845014,178775267032171282410,169255664744208524216,41729927004584740005,82989054036255168676;\
19805171671234557852,51962559897578075042,3598497244067599450,8618984025477544957,58990689845477339502,93449535853439896669,100035719155388327528,134158815055223056119,87220881494539319051,12748257735696811034,85523542990110352470;\
122325171497608937817,82431137264180476397,113771740143786952809,174878668487393612504,170169544727427234171,179723530760639413485,166640328063184609788,57762819283026196437,143852485471857544200,144567371597754879739,69512470843707153535;\
79882673363124847910,2652105031549880236,45246254090832054328,152624927566705304543,19101142575776561181,158905746201510074690,171828489379298708873,54186819533883523942,119861521382055307981,127587631676792638190,117036811492686442091;\
76748804180364564381,107167052070750721032,107145073629838211326,142919970859057021483,12409525398990669845,8302787975484869531,107501321181103933202,29927932918731031835,80036938214979422768,109880466906242634000,187660262853173048337;\
149339066473727514214,102863952767879029118,176505169325973588372,111670064169864438168,173252088410054991183,180177130862338615691,74448475353002653854,110918639615078052051,165859999256789530434,113590906108948679397,133905666044411856413;\
16613996357079869587,116203906462226568602,168384310832074539445,18514232984318454061,150076366349592941027,31028494335566775173,20246554309756238065,175693429128356702038,92803166026215461362,63096174866926229014,168355795458560860675;\
133858983452533776307,92514665170415251633,187167125152002053847,130237574793172897134,82022081141990706206,14094535205869440014,180019090089983665717,3956210129282673521,62509465315500123886,97124783612042058866,75809281740499201363;\
54776100355846505364,140053536652234179772,98277466311254548786,85902704145355031515,112394090488525669593,32513714520088378871,42916645159739248520,97629549380076869442,127093772536866044574,53776452501735406891,145293384630664584517;\
129408153479487936543,11653757392642655193,38697350316420673006,126980939042128148376,90222334994441841324,5334457633785254107,71719400344177929616,35479588820743609150,18152683619562891910,155758324862160142080,96281927341842161885;\
45293979268116149910,105766968875093478133,28259919544969558963,128324637483198586206,139782407165211701989,77401500369465838321,81825000965774818472,40354392762939319736,83921129809889046486,98647935252266981973,85646759204486123868]
/* 
This should be the matrix of frobenius!
*/ 
B = A; 
/* Freed 53 lists. */
