/* Comments begin... 
Coefficient of   x^21 * y^1               = -3
Coefficient of   x^10 * y^2 * z^6         = 0
Coefficient of   x^8 * y^5 * z^5         = 1
Coefficient of   x^6 * y^8 * z^4         = -3
Coefficient of   x^4 * y^11 * z^3         = 2
Coefficient of   x^2 * y^14 * z^2         = -3
Coefficient of   x^1 * z^13               = -3
Coefficient of   y^17 * z^1               = -3

Here is the polynomial we're using this time:

-3*x^21*y^1 + 1*x^8*y^5*z^5 + -3*x^6*y^8*z^4 + 2*x^4*y^11*z^3 + -3*x^2*y^14*z^2 + -3*x^1*z^13 + -3*y^17*z^1

Allocate G_len 20 elements and old = 0.
Allocate M_len = 400 elements.
Allocate G_len 40 elements and old = 20.
Allocate M_len = 800 elements.
Allocate G_len 80 elements and old = 40.
Allocate M_len = 1600 elements.
Allocate M_len = 3200 elements.
Allocate G_len 160 elements and old = 80.
Allocate M_len = 6400 elements.
Allocate M_len = 12800 elements.
Allocate G_len 320 elements and old = 160.
The final length of G is 159
[8, 5, 4, 0]  	391	6 
[21, 0, 0, 0]  	399	6  <--- 1
[6, 8, 4, 0]  	422	5 
[6, 11, 3, 0]  	460	6 
[4, 14, 3, 0]  	491	5 
[5, 0, 14, 0]  	529	6 
[19, 8, 3, 0]  	638	6 
[15, 14, 2, 0]  	669	6 
[19, 11, 2, 0]  	676	6 
[13, 17, 2, 0]  	700	8 
[7, 22, 2, 0]  	701	7 
[16, 0, 13, 0]  	707	5 
[19, 14, 1, 0]  	714	7 
[5, 25, 2, 0]  	732	6 
[4, 11, 13, 0]  	732	6 
[17, 17, 1, 0]  	745	7 
[10, 23, 1, 0]  	750	7 
[20, 0, 12, 0]  	752	6 
[14, 20, 1, 0]  	757	7 
[7, 26, 1, 0]  	762	6 
[3, 28, 2, 0]  	763	5 
[5, 28, 1, 0]  	770	6 
[20, 17, 0, 0]  	771	2 
[4, 10, 15, 0]  	771	5 
[4, 29, 1, 0]  	774	6 
[9, 25, 1, 0]  	777	6 
[3, 14, 13, 0]  	782	5 
[18, 3, 12, 0]  	783	6 
[13, 22, 1, 0]  	784	6 
[3, 32, 0, 0]  	793	5 
[7, 29, 0, 0]  	800	5 
[3, 31, 1, 0]  	801	5 
[3, 0, 24, 0]  	801	5 
[3, 11, 16, 0]  	806	5 
[11, 26, 0, 0]  	807	5 
[4, 1, 23, 0]  	812	5 
[15, 23, 0, 0]  	814	5 
[9, 28, 0, 0]  	815	5 
[4, 4, 21, 0]  	819	5 
[3, 17, 12, 0]  	820	5 
[13, 25, 0, 0]  	822	5 
[2, 18, 12, 0]  	824	4 
[4, 7, 19, 0]  	826	5 
[4, 3, 22, 0]  	827	5 
[17, 22, 0, 0]  	829	5 
[3, 4, 22, 0]  	831	4 
[4, 6, 20, 0]  	834	5 
[3, 7, 20, 0]  	838	4 
[3, 3, 23, 0]  	839	4 
[4, 9, 18, 0]  	841	5 
[2, 35, 0, 0]  	843	4 
[3, 10, 18, 0]  	845	4 
[3, 6, 21, 0]  	846	4 
[3, 21, 10, 0]  	850	4 
[3, 9, 19, 0]  	853	4 
[3, 24, 8, 0]  	857	4 
[3, 20, 11, 0]  	858	4 
[2, 29, 5, 0]  	860	4 
[2, 21, 11, 0]  	862	3 
[3, 27, 6, 0]  	864	4 
[3, 23, 9, 0]  	865	4 
[2, 28, 6, 0]  	868	4 
[2, 24, 9, 0]  	869	3 
[3, 26, 7, 0]  	872	4 
[2, 4, 24, 0]  	874	4 
[2, 27, 7, 0]  	876	3 
[2, 23, 10, 0]  	877	3 
[2, 15, 16, 0]  	879	4 
[2, 7, 22, 0]  	881	3 
[2, 14, 17, 0]  	887	4 
[2, 10, 20, 0]  	888	3 
[1, 15, 17, 0]  	891	3 
[1, 38, 0, 0]  	893	3 
[2, 13, 18, 0]  	895	3 
[2, 9, 21, 0]  	896	3 
[2, 32, 4, 0]  	898	4 
[2, 1, 27, 0]  	898	4 
[1, 14, 18, 0]  	899	3 
[1, 10, 21, 0]  	900	2 
[2, 12, 19, 0]  	903	3 
[2, 0, 28, 0]  	906	4 
[1, 13, 19, 0]  	907	2 
[1, 32, 5, 0]  	910	3 
[1, 12, 20, 0]  	915	2 
[1, 31, 6, 0]  	918	3 
[1, 27, 9, 0]  	919	2 
[0, 32, 6, 0]  	922	2 
[1, 30, 7, 0]  	926	2 
[0, 31, 7, 0]  	930	2 
[1, 29, 8, 0]  	934	2 
[0, 30, 8, 0]  	938	1 
[1, 1, 29, 0]  	941	2 
[1, 24, 12, 0]  	943	3 
[1, 0, 30, 0]  	949	2 
[0, 1, 30, 0]  	953	1 
[0, 16, 19, 0]  	957	1 
[0, 0, 31, 0]  	961	1  <--- 3
[1, 21, 15, 0]  	967	3 
[0, 18, 18, 0]  	972	1 
[1, 4, 28, 0]  	979	2 
[0, 4, 29, 0]  	991	1 
[0, 21, 17, 0]  	1010	1 
[0, 44, 0, 0]  	1012	2  <--- 2
[1, 7, 27, 0]  	1017	2 
[0, 38, 5, 0]  	1029	1 
[0, 7, 28, 0]  	1029	1 
[0, 41, 3, 0]  	1036	2 
[0, 24, 16, 0]  	1048	1 
[0, 10, 27, 0]  	1067	1 
[0, 27, 15, 0]  	1086	1 
[0, 13, 26, 0]  	1105	1 
[20, 1, 0, 1]  	403	6 
[18, 8, 3, 1]  	619	10 
[14, 14, 2, 1]  	650	10 
[18, 11, 2, 1]  	657	9 
[12, 17, 2, 1]  	681	9 
[15, 0, 13, 1]  	688	8 
[18, 14, 1, 1]  	695	8 
[16, 17, 1, 1]  	726	8 
[11, 20, 2, 1]  	731	7 
[19, 0, 12, 1]  	733	7 
[14, 3, 13, 1]  	738	7 
[6, 26, 1, 1]  	743	7 
[8, 25, 1, 1]  	758	7 
[17, 3, 12, 1]  	764	7 
[12, 22, 1, 1]  	765	7 
[19, 18, 0, 1]  	775	6 
[6, 29, 0, 1]  	781	6 
[10, 26, 0, 1]  	788	6 
[14, 23, 0, 1]  	795	6 
[8, 28, 0, 1]  	796	6 
[12, 25, 0, 1]  	803	6 
[2, 32, 1, 1]  	805	5 
[5, 31, 0, 1]  	808	5 
[16, 22, 0, 1]  	810	6 
[2, 31, 4, 1]  	875	5 
[2, 26, 8, 1]  	884	3 
[1, 18, 16, 1]  	929	3 
[1, 35, 4, 1]  	948	3 
[0, 35, 5, 1]  	960	2 
[0, 38, 4, 1]  	998	2 
[10, 20, 2, 2]  	712	8 
[13, 3, 13, 2]  	719	8 
[4, 31, 0, 2]  	789	6 
[4, 0, 23, 23]  	789	4 
[7, 5, 5, 24]  	403	5 
[5, 11, 4, 24]  	472	5 
[4, 0, 15, 24]  	541	4 
[6, 22, 2, 24]  	682	6 
[8, 23, 1, 24]  	712	7 
[4, 25, 2, 24]  	713	6 
[12, 20, 1, 24]  	719	7 
[3, 11, 14, 24]  	744	5 
[4, 28, 1, 24]  	751	6 
[2, 0, 24, 24]  	782	4 
[3, 3, 22, 24]  	808	4 
[3, 20, 10, 24]  	827	4 
[1, 12, 19, 24]  	884	2 
[0, 4, 27, 24]  	929	1 
------
The gap is between 3 and 22.
Lengths: 3 3 5 5 3 3.
For 982 = 5*d/2-d1-d2-d3 you get 3 in char 0.
1*x^1*y^23*z^14
1*y^40*z^2
1*y^9*z^25

For 560 = 3*d/2-d1-d2-d3 you get 5 in char 0.
1*x^14*y^2*z^8
1*x^3*y^3*z^14
1*x^2*y^20*z^2
1*x^1*y^6*z^13
1*y^23*z^1

For 138 = d/2-d1-d2-d3 you get 3 in char 0.
1*x^4*z^2
1*x^2*y^3*z^1
1*y^6

Extra powers of p used 0.
The invariant extra is equal to 1.
Start computing 7^3 Delta^1 (x1x2x3)^6... Done.
Start computing 7^4 Delta^2 (x1x2x3)^6... Done.
Start computing 7^5 Delta^3 (x1x2x3)^6... Done.
Start computing 7^6 Delta^4 (x1x2x3)^6... Done.
Start computing 7^7 Delta^5 (x1x2x3)^6... Done.
Start computing 7^8 Delta^6 (x1x2x3)^6... Done.
Start computing aa.
1 2 3 4 5 6 7 8 9 10 11 
*/
A = \
[54081287078097852953,122448431624785548926,90259551778621813727,153893208163072490049,54204597764323706266,62951780593501319576,11235325494882121458,44734675293567051674,20609093901947011874,53838687887692561490,28058005992693760503;\
65321605894730539710,193388758290336289,175715183654494181122,74203135621863271639,44556377666632107395,73298159278397377870,63810728033153873835,29647894679410025256,95332733393140250007,43670022958854923078,78143263868962690734;\
61713681747703147773,65091998926921257930,149714894795054639819,46421791242239333585,222196059419320329,83997491902794430163,19964833866863266794,23036370662944815505,90332067778309480277,68028466630036875844,154855894832452317420;\
23304870945792105383,105880373623722026474,62719629049728297482,129779900878772187897,389289620483503327,179361107773916795279,126151558865245835264,143229642826971951180,35348255666331750723,19493296947674689342,149403023131320724353;\
31447739014382528559,49447268044638775966,168906583824125262550,182821578421925612785,150932229108885861238,174013943622702404893,21160371706647685085,161098996046297733256,6956743965861674838,113326777036594684822,132057511694914170176;\
108247364218028646405,86702608863093330817,52308755196613342241,123717665979860380344,59171379502752747356,71458321475296661185,44613322176805981466,134223004682560191755,134301795602298057832,171702010038473878957,56623152393424929704;\
103887860615571808537,41259836988022646404,146819426151398804436,164405473233769678001,182093481919522512941,106296899741413083136,42539660065211515675,125694529858920324456,163312114465303941431,138013660275827007518,111163441717758897299;\
130444396088236639615,43388590212235392902,119332573203490533906,173913312018171871824,24196605719264889680,73648937812473052288,281247785309126223,95287074056094963504,188068520105697572880,182188943022055013415,57657221988591817158;\
33907672507269511391,162085670053452453938,11303061267088690778,88595199503720298739,151969776701417352454,133259942165305595822,102232954538502846233,117344172560010267662,158499426571926763904,172062441928478531255,2471307638690122281;\
55643554128011049835,86772098724279168244,42508961414238487953,139284439781460164681,111778554260024406468,155366884686731056115,131426238472231414173,7420065139869454394,3644835757063198404,11744537719562049640,25137547821905484364;\
60580258051773726058,94463075908625995514,168531425420491371981,185478226962281280265,90036686843760979259,170924862177692532854,32160389052909051704,75377947866277598269,67410126057576367352,35042167625836360675,169318408539677686576]
/* 
This should be the matrix of frobenius!
*/ 
B = A; 
/* Freed 52 lists. */
