/* Comments begin... 
Coefficient of   x^21 * y^1               = -2
Coefficient of   x^10 * y^2 * z^6         = -3
Coefficient of   x^8 * y^5 * z^5         = -2
Coefficient of   x^6 * y^8 * z^4         = 3
Coefficient of   x^4 * y^11 * z^3         = 3
Coefficient of   x^2 * y^14 * z^2         = -1
Coefficient of   x^1 * z^13               = 1
Coefficient of   y^17 * z^1               = -2

Here is the polynomial we're using this time:

-2*x^21*y^1 + -3*x^10*y^2*z^6 + -2*x^8*y^5*z^5 + 3*x^6*y^8*z^4 + 3*x^4*y^11*z^3 + -1*x^2*y^14*z^2 + 1*x^1*z^13 + -2*y^17*z^1

Allocate G_len 20 elements and old = 0.
Allocate M_len = 400 elements.
Allocate G_len 40 elements and old = 20.
Allocate M_len = 800 elements.
Allocate G_len 80 elements and old = 40.
Allocate M_len = 1600 elements.
Allocate M_len = 3200 elements.
Allocate G_len 160 elements and old = 80.
Allocate M_len = 6400 elements.
Allocate M_len = 12800 elements.
Allocate G_len 320 elements and old = 160.
Allocate M_len = 25600 elements.
The final length of G is 198
[10, 2, 5, 0]  	391	7 
[21, 0, 0, 0]  	399	7  <--- 1
[8, 5, 5, 0]  	422	6 
[8, 8, 4, 0]  	460	7 
[6, 11, 4, 0]  	491	6 
[5, 0, 15, 0]  	560	6 
[19, 5, 4, 0]  	600	7 
[15, 11, 3, 0]  	631	10 
[19, 8, 3, 0]  	638	7 
[11, 0, 14, 0]  	643	10 
[13, 14, 3, 0]  	662	9 
[15, 14, 2, 0]  	669	9 
[9, 3, 14, 0]  	674	9 
[19, 11, 2, 0]  	676	9 
[11, 17, 3, 0]  	693	9 
[7, 22, 2, 0]  	701	8 
[16, 0, 13, 0]  	707	8 
[8, 23, 1, 0]  	712	8 
[19, 14, 1, 0]  	714	8 
[12, 20, 1, 0]  	719	8 
[7, 8, 13, 0]  	720	8 
[9, 20, 3, 0]  	724	7 
[6, 9, 13, 0]  	724	7 
[10, 22, 1, 0]  	727	8 
[11, 20, 2, 0]  	731	7 
[6, 8, 14, 0]  	732	7 
[5, 25, 2, 0]  	732	7 
[6, 23, 3, 0]  	736	7 
[5, 9, 14, 0]  	736	7 
[7, 25, 1, 0]  	739	7 
[6, 26, 1, 0]  	743	7 
[17, 17, 1, 0]  	745	7 
[5, 11, 13, 0]  	751	7 
[20, 0, 12, 0]  	752	7 
[15, 19, 1, 0]  	753	7 
[4, 12, 13, 0]  	755	6 
[5, 29, 0, 0]  	762	6 
[4, 11, 14, 0]  	763	6 
[10, 25, 0, 0]  	765	7 
[4, 26, 3, 0]  	767	6 
[9, 26, 0, 0]  	769	6 
[5, 28, 1, 0]  	770	6 
[4, 14, 12, 0]  	770	6 
[20, 17, 0, 0]  	771	2 
[5, 24, 4, 0]  	771	6 
[4, 29, 1, 0]  	774	6 
[13, 23, 0, 0]  	776	6 
[7, 28, 0, 0]  	777	6 
[5, 15, 11, 0]  	781	6 
[4, 28, 2, 0]  	782	6 
[3, 14, 13, 0]  	782	6 
[17, 20, 0, 0]  	783	6 
[3, 29, 2, 0]  	786	5 
[5, 18, 9, 0]  	788	6 
[4, 31, 0, 0]  	789	6 
[15, 22, 0, 0]  	791	6 
[3, 32, 0, 0]  	793	5 
[5, 21, 7, 0]  	795	6 
[5, 17, 10, 0]  	796	6 
[19, 19, 0, 0]  	798	6 
[4, 18, 10, 0]  	800	5 
[3, 31, 1, 0]  	801	5 
[3, 0, 24, 0]  	801	5 
[5, 20, 8, 0]  	803	6 
[2, 32, 1, 0]  	805	5 
[4, 25, 5, 0]  	806	6 
[4, 21, 8, 0]  	807	5 
[4, 17, 11, 0]  	808	5 
[5, 23, 6, 0]  	810	6 
[4, 1, 23, 0]  	812	5 
[4, 24, 6, 0]  	814	5 
[4, 4, 21, 0]  	819	5 
[3, 17, 12, 0]  	820	5 
[4, 23, 7, 0]  	822	5 
[2, 18, 12, 0]  	824	4 
[4, 3, 22, 0]  	827	5 
[3, 12, 16, 0]  	829	5 
[3, 4, 22, 0]  	831	4 
[4, 6, 20, 0]  	834	5 
[3, 11, 17, 0]  	837	5 
[3, 7, 20, 0]  	838	4 
[3, 3, 23, 0]  	839	4 
[4, 9, 18, 0]  	841	5 
[2, 35, 0, 0]  	843	4 
[3, 10, 18, 0]  	845	4 
[3, 6, 21, 0]  	846	4 
[3, 21, 10, 0]  	850	4 
[3, 9, 19, 0]  	853	4 
[3, 28, 5, 0]  	856	5 
[3, 24, 8, 0]  	857	4 
[3, 20, 11, 0]  	858	4 
[2, 29, 5, 0]  	860	4 
[2, 21, 11, 0]  	862	3 
[3, 27, 6, 0]  	864	4 
[3, 23, 9, 0]  	865	4 
[2, 28, 6, 0]  	868	4 
[2, 24, 9, 0]  	869	3 
[3, 26, 7, 0]  	872	4 
[2, 4, 24, 0]  	874	4 
[2, 31, 4, 0]  	875	5 
[2, 27, 7, 0]  	876	3 
[2, 23, 10, 0]  	877	3 
[2, 15, 16, 0]  	879	4 
[2, 7, 22, 0]  	881	3 
[2, 10, 20, 0]  	888	3 
[1, 15, 17, 0]  	891	3 
[1, 38, 0, 0]  	893	3 
[2, 13, 18, 0]  	895	3 
[2, 9, 21, 0]  	896	3 
[2, 1, 27, 0]  	898	4 
[1, 14, 18, 0]  	899	3 
[1, 10, 21, 0]  	900	2 
[2, 12, 19, 0]  	903	3 
[2, 0, 28, 0]  	906	4 
[1, 13, 19, 0]  	907	2 
[1, 32, 5, 0]  	910	3 
[1, 12, 20, 0]  	915	2 
[1, 31, 6, 0]  	918	3 
[1, 27, 9, 0]  	919	2 
[0, 32, 6, 0]  	922	2 
[1, 30, 7, 0]  	926	2 
[1, 18, 16, 0]  	929	3 
[0, 31, 7, 0]  	930	2 
[1, 29, 8, 0]  	934	2 
[0, 30, 8, 0]  	938	1 
[1, 1, 29, 0]  	941	2 
[1, 24, 12, 0]  	943	3 
[1, 35, 4, 0]  	948	3 
[1, 0, 30, 0]  	949	2 
[0, 1, 30, 0]  	953	1 
[0, 16, 19, 0]  	957	1 
[0, 35, 5, 0]  	960	2 
[0, 0, 31, 0]  	961	1  <--- 3
[0, 18, 18, 0]  	972	1 
[1, 4, 28, 0]  	979	2 
[0, 4, 29, 0]  	991	1 
[0, 38, 4, 0]  	998	2 
[0, 21, 17, 0]  	1010	1 
[0, 44, 0, 0]  	1012	2  <--- 2
[0, 7, 28, 0]  	1029	1 
[0, 41, 3, 0]  	1036	2 
[0, 24, 16, 0]  	1048	1 
[0, 10, 27, 0]  	1067	1 
[0, 27, 15, 0]  	1086	1 
[0, 13, 26, 0]  	1105	1 
[20, 1, 0, 1]  	403	7 
[6, 14, 3, 1]  	529	7 
[18, 5, 4, 1]  	581	12 
[14, 11, 3, 1]  	612	11 
[18, 8, 3, 1]  	619	11 
[14, 14, 2, 1]  	650	10 
[18, 11, 2, 1]  	657	10 
[15, 0, 13, 1]  	688	9 
[9, 20, 2, 1]  	693	8 
[18, 14, 1, 1]  	695	9 
[13, 17, 2, 1]  	700	8 
[7, 6, 14, 1]  	705	8 
[16, 17, 1, 1]  	726	8 
[19, 0, 12, 1]  	733	8 
[14, 19, 1, 1]  	734	8 
[8, 26, 0, 1]  	750	7 
[12, 23, 0, 1]  	757	7 
[6, 28, 0, 1]  	758	7 
[16, 20, 0, 1]  	764	7 
[14, 22, 0, 1]  	772	7 
[19, 18, 0, 1]  	775	7 
[18, 19, 0, 1]  	779	7 
[4, 20, 9, 1]  	815	5 
[4, 7, 19, 1]  	826	5 
[2, 26, 8, 1]  	884	3 
[2, 14, 17, 1]  	887	4 
[1, 7, 27, 1]  	1017	2 
[12, 17, 2, 2]  	681	9 
[10, 19, 2, 2]  	689	9 
[4, 10, 17, 2]  	833	5 
[1, 21, 15, 3]  	967	3 
[0, 38, 3, 22]  	967	2 
[8, 22, 1, 23]  	689	8 
[6, 23, 2, 23]  	705	7 
[5, 8, 14, 23]  	713	7 
[3, 27, 5, 23]  	833	4 
[9, 2, 6, 24]  	403	6 
[7, 8, 5, 24]  	472	6 
[5, 0, 14, 24]  	529	5 
[5, 14, 4, 24]  	541	6 
[7, 5, 13, 24]  	651	7 
[7, 22, 1, 24]  	670	7 
[10, 20, 1, 24]  	681	7 
[6, 22, 2, 24]  	682	6 
[6, 8, 13, 24]  	701	7 
[6, 25, 1, 24]  	720	6 
[8, 25, 0, 24]  	727	7 
[4, 25, 3, 24]  	744	4 
[3, 6, 20, 24]  	815	3 
[3, 24, 7, 24]  	826	3 
[1, 12, 19, 24]  	884	2 
[1, 31, 5, 24]  	887	3 
[0, 24, 15, 24]  	1017	1 
------
The gap is between 4 and 21.
Lengths: 3 3 5 5 3 3.
For 982 = 5*d/2-d1-d2-d3 you get 3 in char 0.
1*x^1*y^23*z^14
1*y^40*z^2
1*y^9*z^25

For 560 = 3*d/2-d1-d2-d3 you get 5 in char 0.
1*x^4*y^17*z^3
1*x^3*y^3*z^14
1*x^2*y^20*z^2
1*x^1*y^6*z^13
1*y^23*z^1

For 138 = d/2-d1-d2-d3 you get 3 in char 0.
1*x^4*z^2
1*x^2*y^3*z^1
1*y^6

Extra powers of p used 0.
The invariant extra is equal to 1.
Start computing 7^3 Delta^1 (x1x2x3)^6... Done.
Start computing 7^4 Delta^2 (x1x2x3)^6... Done.
Start computing 7^5 Delta^3 (x1x2x3)^6... Done.
Start computing 7^6 Delta^4 (x1x2x3)^6... Done.
Start computing 7^7 Delta^5 (x1x2x3)^6... Done.
Start computing 7^8 Delta^6 (x1x2x3)^6... Done.
Start computing aa.
1 2 3 4 5 6 7 8 9 10 11 
*/
A = \
[41454356222701362385,18994761217971488614,121398128009063539768,63370327901593160560,143238938643377143504,109442535005658677291,104094132499038320226,86993674871159052801,61913134237449985028,20000607480265895749,165387366544891388359;\
114216386635215914026,76681061597621390810,73991542331699154690,104443088117399835286,78734918119763355387,73037455474302941076,42611158924625131372,102258863631395164372,180103312813901499617,118518744237523802403,52246967609217161039;\
12973599477049503145,167528196472593263461,36377454127612873660,61223485563626987713,64290313379458634846,141416080089971253252,27385282862251224365,97179081835610171355,189805957227528397301,9764667559982531826,110001025815800848288;\
185117182012539884384,183689198554299799349,48522103660962964120,18139861942748671237,105981297459295971188,163963040967981877853,55799958641104316107,158099837026875794757,71601620978466978441,64462064938278536543,53416941310505645012;\
73151002148842144528,119681543569635042242,72774320268813907557,169965267627148798812,94658777138613256786,179889961242584756261,46866372898291022811,84550113893331383507,39564314043073969121,176241279746777988246,27642955329533265708;\
10885511990338863075,118636003082277891854,76421061274530154471,8926694103042022622,183267149214962471064,143139705700209770958,180272611551472476358,154388652756330055777,146123443960556887258,128613897398945577220,156322700261009514918;\
110797905501859399446,132638776522736041251,15585098079909388705,146559844783063181638,60956821569736042461,153843633252269984597,65489974472584428508,8564810345041361243,86785230980699653157,3509164596593046069,8978784795030008567;\
70908508694498883093,185594401775896653797,181349254084929044350,177335013947993531448,22216390739366930099,65587027508403730889,128990086105130201742,29594487147411574122,79651053057322396405,172253357513552628586,17018461807542488405;\
89079133945709301172,82967190871582157827,61617757832405698781,73885771635490625258,145106532728658819822,90914655891196008711,113589671135231589928,116577356412073441983,124337185565255560702,715216085923901163,71218857034841948040;\
58329782347893572202,29153203435415408062,121105543797398901239,132637359022960496243,176518407845974957959,85103330789188388859,12425947148990828537,89026831593021874419,40207978929374758460,164904359508872927454,62104581875144973185;\
99869978730161551659,46245129671658423333,114764499762570465862,124799208908969945532,94264662504170503653,183818684210816403378,163892286254696000183,31255448058870213920,50129546517387106833,124001563643655770198,127887660684926839844]
/* 
This should be the matrix of frobenius!
*/ 
B = A; 
/* Freed 54 lists. */
