/* Comments begin... 
Coefficient of   x^21 * y^1               = -1
Coefficient of   x^10 * y^2 * z^6         = 0
Coefficient of   x^8 * y^5 * z^5         = 0
Coefficient of   x^6 * y^8 * z^4         = 2
Coefficient of   x^4 * y^11 * z^3         = 0
Coefficient of   x^2 * y^14 * z^2         = 1
Coefficient of   x^1 * z^13               = 1
Coefficient of   y^17 * z^1               = -3

Here is the polynomial we're using this time:

-1*x^21*y^1 + 2*x^6*y^8*z^4 + 1*x^2*y^14*z^2 + 1*x^1*z^13 + -3*y^17*z^1

Allocate G_len 20 elements and old = 0.
Allocate M_len = 400 elements.
Allocate G_len 40 elements and old = 20.
Allocate M_len = 800 elements.
Allocate G_len 80 elements and old = 40.
Allocate M_len = 1600 elements.
Allocate M_len = 3200 elements.
Allocate G_len 160 elements and old = 80.
Allocate M_len = 6400 elements.
Allocate M_len = 12800 elements.
The final length of G is 118
[6, 8, 3, 0]  	391	4 
[21, 0, 0, 0]  	399	4  <--- 1
[2, 14, 2, 0]  	422	3 
[5, 0, 14, 0]  	529	5 
[17, 14, 1, 0]  	676	4 
[16, 0, 13, 0]  	707	3 
[4, 11, 13, 0]  	732	5 
[14, 3, 13, 0]  	738	5 
[20, 0, 12, 0]  	752	5 
[12, 6, 13, 0]  	769	6 
[5, 28, 1, 0]  	770	5 
[20, 17, 0, 0]  	771	2 
[4, 10, 15, 0]  	771	4 
[15, 20, 1, 0]  	776	5 
[2, 31, 1, 0]  	782	3 
[18, 3, 12, 0]  	783	5 
[9, 26, 1, 0]  	800	5 
[3, 0, 24, 0]  	801	4 
[3, 11, 16, 0]  	806	4 
[13, 23, 1, 0]  	807	5 
[16, 6, 12, 0]  	814	5 
[11, 25, 1, 0]  	815	5 
[5, 32, 0, 0]  	831	4 
[9, 29, 0, 0]  	838	4 
[13, 26, 0, 0]  	845	4 
[7, 31, 0, 0]  	846	4 
[4, 4, 22, 0]  	850	4 
[4, 7, 20, 0]  	857	4 
[4, 3, 23, 0]  	858	4 
[15, 25, 0, 0]  	860	4 
[3, 35, 0, 0]  	862	3 
[3, 4, 23, 0]  	862	3 
[4, 6, 21, 0]  	865	4 
[3, 7, 21, 0]  	869	3 
[2, 4, 24, 0]  	874	4 
[2, 0, 27, 0]  	875	4 
[3, 6, 22, 0]  	877	3 
[2, 7, 22, 0]  	881	3 
[2, 10, 20, 0]  	888	3 
[1, 15, 17, 0]  	891	3 
[1, 38, 0, 0]  	893	3 
[2, 13, 18, 0]  	895	3 
[2, 9, 21, 0]  	896	3 
[1, 14, 18, 0]  	899	3 
[1, 10, 21, 0]  	900	2 
[2, 12, 19, 0]  	903	3 
[1, 13, 19, 0]  	907	2 
[1, 32, 5, 0]  	910	3 
[1, 12, 20, 0]  	915	2 
[1, 31, 6, 0]  	918	3 
[1, 27, 9, 0]  	919	2 
[0, 32, 6, 0]  	922	2 
[1, 30, 7, 0]  	926	2 
[0, 31, 7, 0]  	930	2 
[1, 29, 8, 0]  	934	2 
[0, 30, 8, 0]  	938	1 
[1, 24, 12, 0]  	943	3 
[1, 35, 4, 0]  	948	3 
[1, 0, 30, 0]  	949	2 
[0, 1, 30, 0]  	953	1 
[0, 16, 19, 0]  	957	1 
[0, 35, 5, 0]  	960	2 
[0, 0, 31, 0]  	961	1  <--- 3
[1, 21, 15, 0]  	967	3 
[0, 18, 18, 0]  	972	1 
[1, 4, 28, 0]  	979	2 
[0, 4, 29, 0]  	991	1 
[0, 38, 4, 0]  	998	2 
[0, 21, 17, 0]  	1010	1 
[0, 44, 0, 0]  	1012	2  <--- 2
[1, 7, 27, 0]  	1017	2 
[0, 7, 28, 0]  	1029	1 
[0, 41, 3, 0]  	1036	2 
[0, 24, 16, 0]  	1048	1 
[0, 10, 27, 0]  	1067	1 
[0, 27, 15, 0]  	1086	1 
[0, 13, 26, 0]  	1105	1 
[20, 1, 0, 1]  	403	4 
[16, 14, 1, 1]  	657	7 
[15, 0, 13, 1]  	688	6 
[13, 3, 13, 1]  	719	8 
[19, 0, 12, 1]  	733	6 
[11, 6, 13, 1]  	750	7 
[14, 20, 1, 1]  	757	7 
[17, 3, 12, 1]  	764	6 
[19, 18, 0, 1]  	775	5 
[8, 26, 1, 1]  	781	6 
[12, 23, 1, 1]  	788	6 
[15, 6, 12, 1]  	795	6 
[10, 25, 1, 1]  	796	6 
[4, 32, 0, 1]  	812	5 
[8, 29, 0, 1]  	819	5 
[12, 26, 0, 1]  	826	5 
[6, 31, 0, 1]  	827	5 
[14, 25, 0, 1]  	841	5 
[2, 35, 0, 1]  	843	4 
[3, 10, 19, 1]  	876	3 
[3, 9, 20, 1]  	884	3 
[1, 18, 16, 1]  	929	3 
[1, 1, 29, 1]  	941	2 
[3, 34, 0, 2]  	839	4 
[11, 28, 0, 2]  	853	4 
[4, 9, 19, 2]  	872	4 
[10, 28, 0, 3]  	834	5 
[4, 6, 20, 22]  	834	4 
[2, 12, 18, 22]  	872	3 
[3, 3, 23, 23]  	839	3 
[5, 8, 4, 24]  	403	3 
[4, 0, 15, 24]  	541	3 
[3, 11, 13, 24]  	713	5 
[4, 28, 1, 24]  	751	5 
[2, 0, 24, 24]  	782	3 
[2, 3, 23, 24]  	820	3 
[3, 9, 19, 24]  	853	3 
[1, 12, 18, 24]  	853	2 
[2, 6, 22, 24]  	858	3 
[0, 35, 4, 24]  	929	2 
[0, 18, 17, 24]  	941	1 
------
The gap is between 4 and 21.
Lengths: 3 3 5 5 3 3.
For 982 = 5*d/2-d1-d2-d3 you get 3 in char 0.
1*x^1*y^23*z^14
1*y^40*z^2
1*y^9*z^25

For 560 = 3*d/2-d1-d2-d3 you get 5 in char 0.
1*x^14*y^2*z^8
1*x^12*y^5*z^7
1*x^3*y^3*z^14
1*x^1*y^6*z^13
1*y^23*z^1

For 138 = d/2-d1-d2-d3 you get 3 in char 0.
1*x^4*z^2
1*x^2*y^3*z^1
1*y^6

Extra powers of p used 0.
The invariant extra is equal to 1.
Start computing 7^3 Delta^1 (x1x2x3)^6... Done.
Start computing 7^4 Delta^2 (x1x2x3)^6... Done.
Start computing 7^5 Delta^3 (x1x2x3)^6... Done.
Start computing 7^6 Delta^4 (x1x2x3)^6... Done.
Start computing 7^7 Delta^5 (x1x2x3)^6... Done.
Start computing 7^8 Delta^6 (x1x2x3)^6... Done.
Start computing aa.
1 2 3 4 5 6 7 8 9 10 11 
*/
A = \
[72252423467159777170,171143484193532771551,141355565046515941698,167347561734055224480,171804231445062687541,21114835709806473656,27153686864093307994,113775276813037479682,74899658967701491728,42038653378166743487,75123302109794360653;\
167777586169714716316,163959432669047074279,144350759225174301642,95745595311005315333,112829937184847664474,109120547420614734858,153645987782215665058,116777627362592499065,146718044240815456206,41571282637269130410,25257903510095109420;\
40349524593010766014,164889771264135059428,39349693807730393994,118234793130960537759,158288766068693362774,17284638415047312498,186587921484201830705,71363423079469124793,125572913423132540106,62119110046461754818,28747208356930985929;\
48125136320276489849,38109237210536869210,19641251781689021638,10956183330975242892,187811249542299372094,93083493346841509918,22606714096609720966,72665465560445956394,68179417341855313935,47121629895201274462,156229343409068143683;\
139103420040382467012,145281596536384132342,23697720148052406064,94886715302580162612,17433538935905072561,184074299762595465818,26004700588089338787,112501442292371241228,136014203463852109424,24747355205552726208,147377009149023048892;\
48153824763099217669,91101502890017079600,52875686691849772736,66086427766536860536,128585341664010084007,103658841238262002084,45309387928146212808,10737823330859124626,90786785572572120535,40899399970932453363,156798754442929284420;\
164332084324192519273,403342603976041400,59686245668437658596,183351814878357475007,87116814281478002672,145578651916250361207,25698578697185141832,131787764267396110090,105419347799819994878,110762444753001847134,24210558964408921608;\
34417267717050772489,133624516958919670504,81110871515591913579,112883522814215096181,151643814642189711492,51988390385825607658,123031298105460885931,184698153284122847313,41232127774855207239,58075335413032622468,182020247770201733732;\
96995127428157105704,52986010066602168571,75159872078214718214,149542803138755560856,26857121439491179907,30759763396477101112,63783420138719876826,27260056317887359638,164083944926355009976,40677277482867282922,7678577562508179495;\
64710325631991319636,55922700456451880427,23764395570797187236,134592753411246739168,172596659817404000815,39924100662180922712,171109005229270376184,115937863037003807520,112604646639504835606,154954107189880604095,41985486459296874655;\
174712446326969323813,113454031284719465962,187641443223064427301,141278228732341607445,448526902333134660,85422496663128600794,136333372439733337337,30420657904905216011,62545035002380539448,82240613534478833413,66756426866200891015]
/* 
This should be the matrix of frobenius!
*/ 
B = A; 
/* Freed 49 lists. */
