/* Comments begin... 
Coefficient of   x^21 * y^1               = 1
Coefficient of   x^10 * y^2 * z^6         = -1
Coefficient of   x^8 * y^5 * z^5         = -3
Coefficient of   x^6 * y^8 * z^4         = 1
Coefficient of   x^4 * y^11 * z^3         = 3
Coefficient of   x^2 * y^14 * z^2         = -1
Coefficient of   x^1 * z^13               = -2
Coefficient of   y^17 * z^1               = 0

Here is the polynomial we're using this time:

1*x^21*y^1 + -1*x^10*y^2*z^6 + -3*x^8*y^5*z^5 + 1*x^6*y^8*z^4 + 3*x^4*y^11*z^3 + -1*x^2*y^14*z^2 + -2*x^1*z^13

Allocate G_len 20 elements and old = 0.
Allocate M_len = 400 elements.
Allocate G_len 40 elements and old = 20.
Allocate M_len = 800 elements.
Allocate G_len 80 elements and old = 40.
Allocate M_len = 1600 elements.
Allocate M_len = 3200 elements.
Allocate G_len 160 elements and old = 80.
Allocate M_len = 6400 elements.
Allocate M_len = 12800 elements.
Allocate G_len 320 elements and old = 160.
Not smooth!
Coefficient of   x^21 * y^1               = -1
Coefficient of   x^10 * y^2 * z^6         = 3
Coefficient of   x^8 * y^5 * z^5         = -2
Coefficient of   x^6 * y^8 * z^4         = 3
Coefficient of   x^4 * y^11 * z^3         = -1
Coefficient of   x^2 * y^14 * z^2         = -2
Coefficient of   x^1 * z^13               = -2
Coefficient of   y^17 * z^1               = -1

Here is the polynomial we're using this time:

-1*x^21*y^1 + 3*x^10*y^2*z^6 + -2*x^8*y^5*z^5 + 3*x^6*y^8*z^4 + -1*x^4*y^11*z^3 + -2*x^2*y^14*z^2 + -2*x^1*z^13 + -1*y^17*z^1

Allocate M_len = 25600 elements.
The final length of G is 197
[10, 2, 5, 0]  	391	7 
[21, 0, 0, 0]  	399	7  <--- 1
[8, 5, 5, 0]  	422	6 
[8, 8, 4, 0]  	460	7 
[6, 11, 4, 0]  	491	6 
[6, 14, 3, 0]  	529	7 
[5, 0, 15, 0]  	560	6 
[19, 5, 4, 0]  	600	7 
[15, 11, 3, 0]  	631	10 
[19, 8, 3, 0]  	638	7 
[12, 0, 14, 0]  	662	9 
[9, 3, 14, 0]  	674	9 
[19, 11, 2, 0]  	676	9 
[15, 0, 13, 0]  	688	9 
[9, 20, 2, 0]  	693	8 
[13, 17, 2, 0]  	700	8 
[7, 22, 2, 0]  	701	8 
[7, 6, 14, 0]  	705	8 
[17, 14, 2, 0]  	707	8 
[11, 19, 2, 0]  	708	8 
[19, 14, 1, 0]  	714	8 
[7, 8, 13, 0]  	720	8 
[6, 9, 13, 0]  	724	7 
[9, 23, 1, 0]  	731	7 
[6, 8, 14, 0]  	732	7 
[5, 25, 2, 0]  	732	7 
[14, 19, 1, 0]  	734	8 
[5, 9, 14, 0]  	736	7 
[13, 20, 1, 0]  	738	7 
[7, 25, 1, 0]  	739	7 
[6, 26, 1, 0]  	743	7 
[17, 17, 1, 0]  	745	7 
[11, 22, 1, 0]  	746	7 
[5, 11, 13, 0]  	751	7 
[20, 0, 12, 0]  	752	7 
[4, 12, 13, 0]  	755	6 
[5, 29, 0, 0]  	762	6 
[4, 11, 14, 0]  	763	6 
[4, 26, 3, 0]  	767	6 
[9, 26, 0, 0]  	769	6 
[5, 28, 1, 0]  	770	6 
[4, 14, 12, 0]  	770	6 
[20, 17, 0, 0]  	771	2 
[5, 24, 4, 0]  	771	6 
[4, 29, 1, 0]  	774	6 
[7, 28, 0, 0]  	777	6 
[5, 15, 11, 0]  	781	6 
[4, 28, 2, 0]  	782	6 
[3, 14, 13, 0]  	782	6 
[17, 20, 0, 0]  	783	6 
[11, 25, 0, 0]  	784	6 
[3, 29, 2, 0]  	786	5 
[5, 18, 9, 0]  	788	6 
[4, 31, 0, 0]  	789	6 
[15, 22, 0, 0]  	791	6 
[3, 32, 0, 0]  	793	5 
[5, 21, 7, 0]  	795	6 
[5, 17, 10, 0]  	796	6 
[19, 19, 0, 0]  	798	6 
[4, 18, 10, 0]  	800	5 
[3, 31, 1, 0]  	801	5 
[3, 0, 24, 0]  	801	5 
[5, 20, 8, 0]  	803	6 
[2, 32, 1, 0]  	805	5 
[4, 25, 5, 0]  	806	6 
[4, 21, 8, 0]  	807	5 
[4, 17, 11, 0]  	808	5 
[5, 23, 6, 0]  	810	6 
[4, 1, 23, 0]  	812	5 
[4, 4, 21, 0]  	819	5 
[4, 23, 7, 0]  	822	5 
[2, 18, 12, 0]  	824	4 
[4, 7, 19, 0]  	826	5 
[4, 3, 22, 0]  	827	5 
[3, 4, 22, 0]  	831	4 
[4, 10, 17, 0]  	833	5 
[4, 6, 20, 0]  	834	5 
[3, 11, 17, 0]  	837	5 
[3, 7, 20, 0]  	838	4 
[3, 3, 23, 0]  	839	4 
[4, 9, 18, 0]  	841	5 
[2, 35, 0, 0]  	843	4 
[3, 10, 18, 0]  	845	4 
[3, 6, 21, 0]  	846	4 
[3, 21, 10, 0]  	850	4 
[3, 9, 19, 0]  	853	4 
[3, 28, 5, 0]  	856	5 
[3, 20, 11, 0]  	858	4 
[2, 29, 5, 0]  	860	4 
[2, 21, 11, 0]  	862	3 
[3, 27, 6, 0]  	864	4 
[3, 23, 9, 0]  	865	4 
[2, 28, 6, 0]  	868	4 
[2, 24, 9, 0]  	869	3 
[3, 26, 7, 0]  	872	4 
[2, 4, 24, 0]  	874	4 
[2, 31, 4, 0]  	875	5 
[2, 27, 7, 0]  	876	3 
[2, 23, 10, 0]  	877	3 
[2, 15, 16, 0]  	879	4 
[2, 7, 22, 0]  	881	3 
[2, 26, 8, 0]  	884	3 
[2, 14, 17, 0]  	887	4 
[2, 10, 20, 0]  	888	3 
[1, 15, 17, 0]  	891	3 
[1, 38, 0, 0]  	893	3 
[2, 13, 18, 0]  	895	3 
[2, 9, 21, 0]  	896	3 
[2, 1, 27, 0]  	898	4 
[1, 14, 18, 0]  	899	3 
[2, 12, 19, 0]  	903	3 
[2, 0, 28, 0]  	906	4 
[1, 13, 19, 0]  	907	2 
[1, 32, 5, 0]  	910	3 
[1, 31, 6, 0]  	918	3 
[1, 27, 9, 0]  	919	2 
[0, 32, 6, 0]  	922	2 
[1, 18, 16, 0]  	929	3 
[0, 31, 7, 0]  	930	2 
[1, 29, 8, 0]  	934	2 
[0, 30, 8, 0]  	938	1 
[1, 1, 29, 0]  	941	2 
[1, 24, 12, 0]  	943	3 
[1, 35, 4, 0]  	948	3 
[0, 1, 30, 0]  	953	1 
[0, 16, 19, 0]  	957	1 
[0, 0, 31, 0]  	961	1  <--- 3
[0, 18, 18, 0]  	972	1 
[1, 4, 28, 0]  	979	2 
[0, 4, 29, 0]  	991	1 
[0, 38, 4, 0]  	998	2 
[0, 21, 17, 0]  	1010	1 
[0, 44, 0, 0]  	1012	2  <--- 2
[1, 7, 27, 0]  	1017	2 
[0, 7, 28, 0]  	1029	1 
[0, 41, 3, 0]  	1036	2 
[0, 24, 16, 0]  	1048	1 
[0, 10, 27, 0]  	1067	1 
[0, 27, 15, 0]  	1086	1 
[0, 13, 26, 0]  	1105	1 
[20, 1, 0, 1]  	403	7 
[18, 5, 4, 1]  	581	12 
[14, 11, 3, 1]  	612	11 
[18, 8, 3, 1]  	619	11 
[11, 0, 14, 1]  	643	10 
[18, 11, 2, 1]  	657	10 
[15, 14, 2, 1]  	669	9 
[12, 17, 2, 1]  	681	9 
[10, 19, 2, 1]  	689	9 
[18, 14, 1, 1]  	695	9 
[8, 23, 1, 1]  	712	8 
[12, 20, 1, 1]  	719	8 
[16, 17, 1, 1]  	726	8 
[10, 22, 1, 1]  	727	8 
[19, 0, 12, 1]  	733	8 
[8, 26, 0, 1]  	750	7 
[6, 28, 0, 1]  	758	7 
[16, 20, 0, 1]  	764	7 
[10, 25, 0, 1]  	765	7 
[14, 22, 0, 1]  	772	7 
[19, 18, 0, 1]  	775	7 
[13, 23, 0, 1]  	776	6 
[18, 19, 0, 1]  	779	7 
[4, 20, 9, 1]  	815	5 
[3, 17, 12, 1]  	820	5 
[3, 12, 16, 1]  	829	5 
[3, 24, 8, 1]  	857	4 
[1, 10, 21, 1]  	900	2 
[1, 12, 20, 1]  	915	2 
[1, 30, 7, 1]  	926	2 
[1, 0, 30, 1]  	949	2 
[0, 35, 5, 1]  	960	2 
[1, 21, 15, 1]  	967	3 
[14, 14, 2, 2]  	650	10 
[12, 23, 0, 2]  	757	7 
[4, 24, 6, 3]  	814	5 
[3, 10, 17, 22]  	814	4 
[5, 18, 8, 23]  	757	6 
[9, 2, 6, 24]  	403	6 
[7, 8, 5, 24]  	472	6 
[5, 14, 4, 24]  	541	4 
[13, 0, 13, 24]  	650	9 
[7, 5, 14, 24]  	682	8 
[12, 19, 1, 24]  	696	7 
[5, 8, 14, 24]  	713	6 
[4, 25, 3, 24]  	744	6 
[4, 21, 7, 24]  	776	3 
[4, 7, 18, 24]  	795	4 
[3, 6, 20, 24]  	815	4 
[2, 34, 0, 24]  	820	4 
[2, 29, 4, 24]  	829	4 
[2, 10, 19, 24]  	857	3 
[0, 27, 9, 24]  	900	1 
[0, 29, 8, 24]  	915	1 
[0, 16, 18, 24]  	926	1 
[0, 4, 28, 24]  	960	1 
[0, 38, 3, 24]  	967	1 
------
The gap is between 4 and 21.
Lengths: 3 3 5 5 3 3.
For 982 = 5*d/2-d1-d2-d3 you get 3 in char 0.
1*x^1*y^23*z^14
1*y^40*z^2
1*y^9*z^25

For 560 = 3*d/2-d1-d2-d3 you get 5 in char 0.
1*x^4*y^17*z^3
1*x^3*y^3*z^14
1*x^2*y^20*z^2
1*x^1*y^6*z^13
1*y^23*z^1

For 138 = d/2-d1-d2-d3 you get 3 in char 0.
1*x^4*z^2
1*x^2*y^3*z^1
1*y^6

Extra powers of p used 0.
The invariant extra is equal to 1.
Start computing 7^3 Delta^1 (x1x2x3)^6... Done.
Start computing 7^4 Delta^2 (x1x2x3)^6... Done.
Start computing 7^5 Delta^3 (x1x2x3)^6... Done.
Start computing 7^6 Delta^4 (x1x2x3)^6... Done.
Start computing 7^7 Delta^5 (x1x2x3)^6... Done.
Start computing 7^8 Delta^6 (x1x2x3)^6... Done.
Start computing aa.
1 2 3 4 5 6 7 8 9 10 11 
*/
A = \
[43734535792471921808,67642783515012859378,175641457726608379462,119612627579171574043,75611303196895396042,50646048091622532255,90510512923100990279,177639006284252709889,176935207380086240064,89102667959621958859,175078406588145890767;\
163113001996878316044,172645173560588823268,185109244220730363655,72694311756246122481,158881918891501036287,73252595683439094748,126318628719149723458,157119208225852281038,123157627987576936033,34729952514590883389,120130070248571503659;\
48410672434826613415,37660566584642813887,146227198114670465225,43564102203940289748,171108514315036399661,154790336970371473441,84782164976238316398,72948681089451722044,81481210992639174731,69297470042108189630,46834854502361540405;\
77840680035698994300,131245181825211177628,12273486421075816712,107131818194075100538,45962647618043431527,11753740116732985476,174237572593031794602,118681717950458378611,128935417343624533341,135484778347130250913,143439453304039823217;\
109527397039723387451,16600898457261749760,74957025377437642329,70922176652231595740,71684040595749147510,53369737919138888394,111999307847164942925,190418475539354792716,35667863618440809707,36147383126031144457,26893669177496275686;\
31768099772609162161,103098553742727718740,99898447930474888783,34178570645362374749,168013931576528856434,135529850758638179592,118592468025021751964,45905394818092101768,71915493060835842404,157478485525912629470,45671576729176537391;\
152581861499827176225,20678260460335927576,86247177574381723221,153798745946782663272,30312426731262787335,87513847420811981708,130534412750102524268,93616120260307133944,42879408354985005139,115213824187543267823,125092283091193089833;\
36524274580830766726,97203231551365261059,75612799705773099371,131275202495340457834,60838079241881274795,155269250320189808327,78167156615153107495,117568062474991227253,45106274378246686367,40384558383331315440,92351235938368920212;\
147976151747066770481,17434853949317618157,24424624627302435822,162827253794604397628,13919547567140995479,20981919359768573633,8998882372757083079,75224716317643123882,174990107721433565015,98375784798819700830,77627904764298820288;\
85646176922106607285,38070654666776182816,176451143964388101040,166962296195477238624,93664782148352846837,128692238012243123092,42759700332073706590,184032104630387828591,37564158118210195136,81156190982147312857,108254889195586258860;\
131382343608222129737,66791435706157541353,34803617798262500396,90524338234354202087,87645669690257606781,146834034022341841301,188356862023798097826,128834511093088131723,77082408239231586793,74840346469209236251,100267250717611670560]
/* 
This should be the matrix of frobenius!
*/ 
B = A; 
/* Freed 54 lists. */
