/* Comments begin... 
Coefficient of   x^21 * y^1               = 3
Coefficient of   x^10 * y^2 * z^6         = -2
Coefficient of   x^8 * y^5 * z^5         = 2
Coefficient of   x^6 * y^8 * z^4         = 0
Coefficient of   x^4 * y^11 * z^3         = 2
Coefficient of   x^2 * y^14 * z^2         = -3
Coefficient of   x^1 * z^13               = -3
Coefficient of   y^17 * z^1               = 0

Here is the polynomial we're using this time:

3*x^21*y^1 + -2*x^10*y^2*z^6 + 2*x^8*y^5*z^5 + 2*x^4*y^11*z^3 + -3*x^2*y^14*z^2 + -3*x^1*z^13

Allocate G_len 20 elements and old = 0.
Allocate M_len = 400 elements.
Allocate G_len 40 elements and old = 20.
Allocate M_len = 800 elements.
Allocate G_len 80 elements and old = 40.
Allocate M_len = 1600 elements.
Allocate M_len = 3200 elements.
Allocate G_len 160 elements and old = 80.
Allocate M_len = 6400 elements.
Allocate M_len = 12800 elements.
Allocate G_len 320 elements and old = 160.
Not smooth!
Coefficient of   x^21 * y^1               = -1
Coefficient of   x^10 * y^2 * z^6         = -2
Coefficient of   x^8 * y^5 * z^5         = -1
Coefficient of   x^6 * y^8 * z^4         = 0
Coefficient of   x^4 * y^11 * z^3         = -3
Coefficient of   x^2 * y^14 * z^2         = 2
Coefficient of   x^1 * z^13               = -3
Coefficient of   y^17 * z^1               = 2

Here is the polynomial we're using this time:

-1*x^21*y^1 + -2*x^10*y^2*z^6 + -1*x^8*y^5*z^5 + -3*x^4*y^11*z^3 + 2*x^2*y^14*z^2 + -3*x^1*z^13 + 2*y^17*z^1

Allocate M_len = 25600 elements.
The final length of G is 199
[10, 2, 5, 0]  	391	6 
[21, 0, 0, 0]  	399	6  <--- 1
[8, 5, 5, 0]  	422	5 
[8, 8, 4, 0]  	460	7 
[6, 11, 4, 0]  	491	6 
[6, 14, 3, 0]  	529	7 
[5, 0, 15, 0]  	560	6 
[19, 5, 4, 0]  	600	6 
[15, 11, 3, 0]  	631	5 
[17, 11, 2, 0]  	638	6 
[12, 0, 14, 0]  	662	8 
[15, 14, 2, 0]  	669	5 
[9, 3, 14, 0]  	674	9 
[9, 20, 2, 0]  	693	8 
[13, 17, 2, 0]  	700	8 
[7, 22, 2, 0]  	701	8 
[11, 19, 2, 0]  	708	8 
[19, 14, 1, 0]  	714	8 
[7, 8, 13, 0]  	720	8 
[6, 9, 13, 0]  	724	7 
[16, 17, 1, 0]  	726	8 
[9, 23, 1, 0]  	731	7 
[6, 8, 14, 0]  	732	7 
[5, 25, 2, 0]  	732	7 
[5, 9, 14, 0]  	736	7 
[7, 25, 1, 0]  	739	7 
[6, 26, 1, 0]  	743	7 
[18, 0, 13, 0]  	745	7 
[11, 22, 1, 0]  	746	7 
[5, 11, 13, 0]  	751	7 
[20, 0, 12, 0]  	752	7 
[15, 19, 1, 0]  	753	7 
[4, 12, 13, 0]  	755	6 
[5, 29, 0, 0]  	762	6 
[4, 11, 14, 0]  	763	6 
[4, 26, 3, 0]  	767	6 
[5, 28, 1, 0]  	770	7 
[20, 17, 0, 0]  	771	2 
[5, 24, 4, 0]  	771	6 
[4, 29, 1, 0]  	774	6 
[7, 28, 0, 0]  	777	6 
[5, 15, 11, 0]  	781	6 
[4, 28, 2, 0]  	782	6 
[3, 14, 13, 0]  	782	6 
[17, 20, 0, 0]  	783	6 
[3, 29, 2, 0]  	786	5 
[5, 18, 9, 0]  	788	6 
[5, 14, 12, 0]  	789	6 
[4, 31, 0, 0]  	789	6 
[15, 22, 0, 0]  	791	6 
[4, 15, 12, 0]  	793	5 
[3, 32, 0, 0]  	793	5 
[5, 21, 7, 0]  	795	6 
[5, 17, 10, 0]  	796	6 
[19, 19, 0, 0]  	798	6 
[4, 18, 10, 0]  	800	5 
[3, 31, 1, 0]  	801	5 
[3, 0, 24, 0]  	801	5 
[5, 20, 8, 0]  	803	6 
[2, 32, 1, 0]  	805	5 
[4, 25, 5, 0]  	806	6 
[4, 21, 8, 0]  	807	5 
[4, 17, 11, 0]  	808	5 
[5, 23, 6, 0]  	810	6 
[4, 24, 6, 0]  	814	5 
[4, 20, 9, 0]  	815	5 
[4, 4, 21, 0]  	819	5 
[3, 17, 12, 0]  	820	5 
[13, 25, 0, 0]  	822	5 
[4, 23, 7, 0]  	822	5 
[2, 18, 12, 0]  	824	4 
[4, 7, 19, 0]  	826	5 
[4, 3, 22, 0]  	827	5 
[3, 12, 16, 0]  	829	5 
[4, 10, 17, 0]  	833	5 
[4, 6, 20, 0]  	834	5 
[3, 11, 17, 0]  	837	5 
[3, 7, 20, 0]  	838	4 
[3, 3, 23, 0]  	839	4 
[4, 9, 18, 0]  	841	5 
[2, 35, 0, 0]  	843	4 
[3, 10, 18, 0]  	845	4 
[3, 6, 21, 0]  	846	4 
[3, 21, 10, 0]  	850	4 
[3, 9, 19, 0]  	853	4 
[3, 28, 5, 0]  	856	5 
[3, 24, 8, 0]  	857	4 
[3, 20, 11, 0]  	858	4 
[2, 21, 11, 0]  	862	3 
[3, 27, 6, 0]  	864	4 
[3, 23, 9, 0]  	865	4 
[2, 28, 6, 0]  	868	4 
[2, 24, 9, 0]  	869	3 
[3, 26, 7, 0]  	872	4 
[2, 4, 24, 0]  	874	4 
[2, 23, 10, 0]  	877	3 
[2, 15, 16, 0]  	879	4 
[2, 7, 22, 0]  	881	3 
[2, 26, 8, 0]  	884	3 
[2, 14, 17, 0]  	887	4 
[2, 10, 20, 0]  	888	3 
[1, 15, 17, 0]  	891	3 
[1, 38, 0, 0]  	893	3 
[2, 13, 18, 0]  	895	3 
[2, 9, 21, 0]  	896	3 
[2, 1, 27, 0]  	898	4 
[1, 14, 18, 0]  	899	3 
[1, 10, 21, 0]  	900	2 
[2, 12, 19, 0]  	903	3 
[2, 0, 28, 0]  	906	4 
[1, 13, 19, 0]  	907	2 
[1, 32, 5, 0]  	910	3 
[1, 12, 20, 0]  	915	2 
[1, 31, 6, 0]  	918	3 
[1, 27, 9, 0]  	919	2 
[0, 32, 6, 0]  	922	2 
[1, 18, 16, 0]  	929	3 
[0, 31, 7, 0]  	930	2 
[1, 29, 8, 0]  	934	2 
[0, 30, 8, 0]  	938	1 
[1, 1, 29, 0]  	941	2 
[1, 24, 12, 0]  	943	3 
[1, 35, 4, 0]  	948	3 
[0, 1, 30, 0]  	953	1 
[0, 16, 19, 0]  	957	1 
[0, 35, 5, 0]  	960	2 
[0, 0, 31, 0]  	961	1  <--- 3
[0, 18, 18, 0]  	972	1 
[1, 4, 28, 0]  	979	2 
[0, 4, 29, 0]  	991	1 
[0, 38, 4, 0]  	998	2 
[0, 21, 17, 0]  	1010	1 
[0, 44, 0, 0]  	1012	2  <--- 2
[1, 7, 27, 0]  	1017	2 
[0, 7, 28, 0]  	1029	1 
[0, 41, 3, 0]  	1036	2 
[0, 24, 16, 0]  	1048	1 
[0, 10, 27, 0]  	1067	1 
[0, 27, 15, 0]  	1086	1 
[0, 13, 26, 0]  	1105	1 
[20, 1, 0, 1]  	403	6 
[18, 5, 4, 1]  	581	10 
[14, 11, 3, 1]  	612	9 
[16, 11, 2, 1]  	619	10 
[11, 0, 14, 1]  	643	9 
[14, 14, 2, 1]  	650	9 
[12, 17, 2, 1]  	681	9 
[10, 19, 2, 1]  	689	9 
[18, 14, 1, 1]  	695	9 
[7, 6, 14, 1]  	705	8 
[16, 0, 13, 1]  	707	8 
[8, 23, 1, 1]  	712	8 
[10, 22, 1, 1]  	727	8 
[19, 0, 12, 1]  	733	8 
[14, 19, 1, 1]  	734	8 
[13, 20, 1, 1]  	738	7 
[12, 23, 0, 1]  	757	7 
[6, 28, 0, 1]  	758	7 
[16, 20, 0, 1]  	764	7 
[9, 26, 0, 1]  	769	6 
[14, 22, 0, 1]  	772	7 
[19, 18, 0, 1]  	775	7 
[18, 19, 0, 1]  	779	7 
[11, 25, 0, 1]  	784	6 
[4, 1, 23, 1]  	812	5 
[3, 4, 22, 1]  	831	4 
[2, 29, 5, 1]  	860	4 
[2, 31, 4, 1]  	875	5 
[2, 27, 7, 1]  	876	3 
[1, 30, 7, 1]  	926	2 
[1, 0, 30, 1]  	949	2 
[1, 21, 15, 1]  	967	3 
[15, 0, 13, 2]  	688	9 
[12, 20, 1, 2]  	719	8 
[8, 26, 0, 2]  	750	7 
[10, 25, 0, 2]  	765	7 
[4, 14, 12, 2]  	770	6 
[5, 15, 9, 23]  	719	6 
[3, 31, 0, 23]  	770	5 
[9, 2, 6, 24]  	403	5 
[7, 8, 5, 24]  	472	5 
[5, 14, 4, 24]  	541	5 
[6, 22, 2, 24]  	682	5 
[14, 17, 1, 24]  	688	8 
[5, 8, 14, 24]  	713	6 
[4, 18, 8, 24]  	738	5 
[4, 25, 3, 24]  	744	5 
[4, 4, 19, 24]  	757	5 
[4, 21, 7, 24]  	776	5 
[4, 7, 18, 24]  	795	4 
[3, 7, 19, 24]  	807	3 
[3, 18, 11, 24]  	812	4 
[3, 24, 7, 24]  	826	4 
[2, 21, 10, 24]  	831	2 
[1, 15, 16, 24]  	860	2 
[2, 0, 27, 24]  	875	4 
[1, 13, 18, 24]  	876	2 
[0, 16, 18, 24]  	926	1 
[0, 38, 3, 24]  	967	2 
------
The gap is between 3 and 22.
Lengths: 3 3 5 5 3 3.
For 982 = 5*d/2-d1-d2-d3 you get 3 in char 0.
1*x^1*y^23*z^14
1*y^40*z^2
1*y^9*z^25

For 560 = 3*d/2-d1-d2-d3 you get 5 in char 0.
1*x^4*y^17*z^3
1*x^3*y^3*z^14
1*x^2*y^20*z^2
1*x^1*y^6*z^13
1*y^23*z^1

For 138 = d/2-d1-d2-d3 you get 3 in char 0.
1*x^4*z^2
1*x^2*y^3*z^1
1*y^6

Extra powers of p used 0.
The invariant extra is equal to 1.
Start computing 7^3 Delta^1 (x1x2x3)^6... Done.
Start computing 7^4 Delta^2 (x1x2x3)^6... Done.
Start computing 7^5 Delta^3 (x1x2x3)^6... Done.
Start computing 7^6 Delta^4 (x1x2x3)^6... Done.
Start computing 7^7 Delta^5 (x1x2x3)^6... Done.
Start computing 7^8 Delta^6 (x1x2x3)^6... Done.
Start computing aa.
1 2 3 4 5 6 7 8 9 10 11 
*/
A = \
[189765115896500021505,31126368716917576598,134687603885080165424,53175433811094294427,136090233028753633378,113642884633843777520,6882587261168199238,142402348411228056550,10953166228275768154,62665168602902052250,82699182040441443022;\
1633621586953600901,153720631350685763013,112045432615687666844,17463480859178595052,92404202929708815124,156372483483573132615,110310703199215286474,140281081475141409523,92753228648853252473,27414861454302647920,50093845276098611043;\
183911184104474651477,59125569347083075808,42765416447958945049,6530562229267202266,136580607394187307596,110775995739461960250,5514126510252309992,113620133899137980821,188095161123282145971,152276166943763437295,165470790381051737015;\
21491414642065946810,122665721140830764448,188466727076529341521,189842210100700211915,48485169939999143155,143304844323643253832,33151910003582467447,137889296865363762257,70457394906441764284,7238385084373605085,3648827091949722557;\
24434008684796983355,161709837715259693266,29182836372954210747,107567756685539205146,70254003840683277664,1761103214970504769,119118127322846862098,173780486975818533867,67092219065138596959,26220359553633825622,47560631433133749777;\
159480899733859658458,62353848137858039035,41707992328807136165,33957347061792031108,146090189711584774985,61096472938330148340,118433784328786584917,10102138413807620495,174549508215496066499,76253001654044872538,167580257932229872625;\
19118565256871473008,145377479479237915420,75942147724088626769,170421627298929513997,106918465079254091291,170550230797782895171,144855562031452022254,74210645981678307682,52726107902964942579,187837580302631540659,97834422276658998987;\
96105157377196696774,149372824689646210394,36001877750286333452,153826812298314597701,9339235715899265008,177736255258073795395,144105283912081212224,53288369489945768241,39373354156495171120,145646375064246194670,32301645406288632619;\
111525677786904197397,112805188152416197804,23134957733623367421,134143426666184913866,186605356581292851468,110849175972380633893,29640956377695535803,46920350667587027645,120619295064689359932,124798002710517994662,158331010702516407532;\
97041672374617187101,121167539743444723138,39142811708212257818,116815931942246757122,187479442075235912630,62802794516916275976,130135178274581919250,70830436371226708722,86731062628534486526,146169944998523609835,110786945390277931411;\
141652084012629481241,71160850364267164459,29359967206319656297,107283377580484078106,165506526249344236166,54971784107714244057,142963207315979020264,127740093816112662318,184553765854841505465,58500158666365350501,27180855442095877900]
/* 
This should be the matrix of frobenius!
*/ 
B = A; 
/* Freed 54 lists. */
