/* Comments begin... 
Coefficient of   x^21 * y^1               = -2
Coefficient of   x^10 * y^2 * z^6         = 3
Coefficient of   x^8 * y^5 * z^5         = -2
Coefficient of   x^6 * y^8 * z^4         = 1
Coefficient of   x^4 * y^11 * z^3         = 1
Coefficient of   x^2 * y^14 * z^2         = -1
Coefficient of   x^1 * z^13               = 0
Coefficient of   y^17 * z^1               = 3

Here is the polynomial we're using this time:

-2*x^21*y^1 + 3*x^10*y^2*z^6 + -2*x^8*y^5*z^5 + 1*x^6*y^8*z^4 + 1*x^4*y^11*z^3 + -1*x^2*y^14*z^2 + 3*y^17*z^1

Allocate G_len 20 elements and old = 0.
Allocate M_len = 400 elements.
Allocate G_len 40 elements and old = 20.
Allocate M_len = 800 elements.
Allocate G_len 80 elements and old = 40.
Allocate M_len = 1600 elements.
Not smooth!
Coefficient of   x^21 * y^1               = 1
Coefficient of   x^10 * y^2 * z^6         = 1
Coefficient of   x^8 * y^5 * z^5         = 3
Coefficient of   x^6 * y^8 * z^4         = 2
Coefficient of   x^4 * y^11 * z^3         = -3
Coefficient of   x^2 * y^14 * z^2         = 0
Coefficient of   x^1 * z^13               = -2
Coefficient of   y^17 * z^1               = 3

Here is the polynomial we're using this time:

1*x^21*y^1 + 1*x^10*y^2*z^6 + 3*x^8*y^5*z^5 + 2*x^6*y^8*z^4 + -3*x^4*y^11*z^3 + -2*x^1*z^13 + 3*y^17*z^1

Allocate M_len = 3200 elements.
Allocate G_len 160 elements and old = 80.
Allocate M_len = 6400 elements.
Allocate M_len = 12800 elements.
Allocate G_len 320 elements and old = 160.
Allocate M_len = 25600 elements.
The final length of G is 194
[10, 2, 5, 0]  	391	6 
[21, 0, 0, 0]  	399	6  <--- 1
[8, 5, 5, 0]  	422	5 
[6, 11, 4, 0]  	491	6 
[6, 14, 3, 0]  	529	7 
[5, 0, 15, 0]  	560	6 
[19, 5, 4, 0]  	600	6 
[14, 11, 3, 0]  	612	10 
[17, 8, 4, 0]  	631	9 
[19, 8, 3, 0]  	638	6 
[15, 14, 2, 0]  	669	9 
[9, 3, 14, 0]  	674	8 
[19, 11, 2, 0]  	676	8 
[12, 17, 2, 0]  	681	9 
[9, 20, 2, 0]  	693	7 
[14, 0, 14, 0]  	700	8 
[7, 22, 2, 0]  	701	7 
[11, 19, 2, 0]  	708	8 
[18, 0, 12, 0]  	714	7 
[7, 8, 13, 0]  	720	8 
[6, 9, 13, 0]  	724	6 
[16, 17, 1, 0]  	726	7 
[9, 23, 1, 0]  	731	7 
[6, 8, 14, 0]  	732	7 
[5, 25, 2, 0]  	732	7 
[5, 9, 14, 0]  	736	7 
[13, 20, 1, 0]  	738	7 
[7, 25, 1, 0]  	739	7 
[6, 26, 1, 0]  	743	7 
[5, 11, 13, 0]  	751	7 
[15, 19, 1, 0]  	753	6 
[4, 12, 13, 0]  	755	6 
[17, 19, 0, 0]  	760	6 
[5, 29, 0, 0]  	762	6 
[4, 11, 14, 0]  	763	6 
[10, 25, 0, 0]  	765	7 
[4, 26, 3, 0]  	767	6 
[9, 26, 0, 0]  	769	6 
[5, 28, 1, 0]  	770	6 
[4, 14, 12, 0]  	770	6 
[20, 17, 0, 0]  	771	2 
[5, 24, 4, 0]  	771	6 
[5, 20, 7, 0]  	772	6 
[4, 29, 1, 0]  	774	6 
[13, 23, 0, 0]  	776	6 
[7, 28, 0, 0]  	777	6 
[5, 15, 11, 0]  	781	6 
[4, 28, 2, 0]  	782	6 
[3, 14, 13, 0]  	782	6 
[3, 29, 2, 0]  	786	5 
[5, 18, 9, 0]  	788	6 
[4, 31, 0, 0]  	789	6 
[5, 17, 10, 0]  	796	6 
[4, 18, 10, 0]  	800	5 
[3, 31, 1, 0]  	801	5 
[3, 0, 24, 0]  	801	5 
[2, 32, 1, 0]  	805	5 
[4, 25, 5, 0]  	806	6 
[4, 21, 8, 0]  	807	5 
[4, 17, 11, 0]  	808	5 
[4, 1, 23, 0]  	812	5 
[4, 4, 21, 0]  	819	5 
[3, 17, 12, 0]  	820	5 
[2, 18, 12, 0]  	824	4 
[4, 3, 22, 0]  	827	5 
[3, 12, 16, 0]  	829	5 
[4, 10, 17, 0]  	833	5 
[4, 6, 20, 0]  	834	5 
[3, 11, 17, 0]  	837	5 
[3, 7, 20, 0]  	838	4 
[3, 34, 0, 0]  	839	4 
[3, 3, 23, 0]  	839	4 
[4, 9, 18, 0]  	841	5 
[2, 35, 0, 0]  	843	4 
[4, 24, 7, 0]  	845	4 
[3, 10, 18, 0]  	845	4 
[3, 6, 21, 0]  	846	4 
[3, 21, 10, 0]  	850	4 
[3, 9, 19, 0]  	853	4 
[3, 28, 5, 0]  	856	5 
[3, 24, 8, 0]  	857	4 
[3, 20, 11, 0]  	858	4 
[2, 29, 5, 0]  	860	4 
[2, 21, 11, 0]  	862	3 
[3, 27, 6, 0]  	864	4 
[3, 23, 9, 0]  	865	4 
[2, 28, 6, 0]  	868	4 
[2, 24, 9, 0]  	869	3 
[3, 26, 7, 0]  	872	4 
[2, 4, 24, 0]  	874	4 
[2, 27, 7, 0]  	876	3 
[2, 23, 10, 0]  	877	3 
[2, 15, 16, 0]  	879	4 
[2, 7, 22, 0]  	881	3 
[2, 26, 8, 0]  	884	3 
[2, 14, 17, 0]  	887	4 
[2, 10, 20, 0]  	888	3 
[1, 15, 17, 0]  	891	3 
[1, 38, 0, 0]  	893	3 
[2, 13, 18, 0]  	895	3 
[2, 9, 21, 0]  	896	3 
[2, 1, 27, 0]  	898	4 
[1, 14, 18, 0]  	899	3 
[1, 10, 21, 0]  	900	2 
[2, 12, 19, 0]  	903	3 
[2, 0, 28, 0]  	906	4 
[1, 12, 20, 0]  	915	2 
[1, 31, 6, 0]  	918	3 
[0, 32, 6, 0]  	922	2 
[1, 30, 7, 0]  	926	2 
[1, 18, 16, 0]  	929	3 
[0, 31, 7, 0]  	930	2 
[0, 30, 8, 0]  	938	1 
[1, 1, 29, 0]  	941	2 
[1, 24, 12, 0]  	943	3 
[1, 0, 30, 0]  	949	2 
[0, 1, 30, 0]  	953	1 
[0, 16, 19, 0]  	957	1 
[0, 0, 31, 0]  	961	1  <--- 3
[0, 18, 18, 0]  	972	1 
[1, 4, 28, 0]  	979	2 
[0, 4, 29, 0]  	991	1 
[0, 38, 4, 0]  	998	2 
[0, 21, 17, 0]  	1010	1 
[1, 7, 27, 0]  	1017	2 
[0, 7, 28, 0]  	1029	1 
[0, 41, 3, 0]  	1036	2 
[0, 24, 16, 0]  	1048	1 
[0, 10, 27, 0]  	1067	1 
[0, 47, 0, 0]  	1081	1  <--- 2
[0, 27, 15, 0]  	1086	1 
[0, 13, 26, 0]  	1105	1 
[20, 1, 0, 1]  	403	6 
[8, 8, 4, 1]  	460	7 
[18, 5, 4, 1]  	581	10 
[18, 8, 3, 1]  	619	10 
[14, 14, 2, 1]  	650	10 
[18, 11, 2, 1]  	657	9 
[12, 0, 14, 1]  	662	8 
[10, 19, 2, 1]  	689	9 
[17, 0, 12, 1]  	695	8 
[7, 6, 14, 1]  	705	7 
[16, 0, 13, 1]  	707	7 
[8, 23, 1, 1]  	712	8 
[12, 20, 1, 1]  	719	8 
[14, 19, 1, 1]  	734	7 
[16, 19, 0, 1]  	741	7 
[11, 22, 1, 1]  	746	7 
[8, 26, 0, 1]  	750	7 
[12, 23, 0, 1]  	757	7 
[6, 28, 0, 1]  	758	7 
[19, 18, 0, 1]  	775	7 
[4, 23, 6, 1]  	791	5 
[3, 32, 0, 1]  	793	5 
[4, 20, 9, 1]  	815	5 
[4, 7, 19, 1]  	826	5 
[3, 4, 22, 1]  	831	4 
[1, 32, 5, 1]  	910	3 
[1, 27, 9, 1]  	919	2 
[1, 29, 8, 1]  	934	2 
[1, 35, 4, 1]  	948	3 
[0, 35, 5, 1]  	960	2 
[1, 21, 15, 1]  	967	3 
[0, 44, 0, 1]  	1012	2 
[11, 0, 14, 2]  	643	9 
[15, 0, 13, 2]  	688	8 
[10, 22, 1, 2]  	727	8 
[2, 31, 4, 2]  	875	5 
[1, 13, 19, 2]  	907	2 
[4, 9, 17, 23]  	810	5 
[2, 0, 27, 23]  	875	4 
[0, 30, 7, 23]  	907	1 
[9, 2, 6, 24]  	403	5 
[6, 11, 3, 24]  	460	6 
[7, 8, 5, 24]  	472	5 
[5, 14, 4, 24]  	541	6 
[10, 17, 2, 24]  	643	8 
[6, 22, 2, 24]  	682	6 
[14, 17, 1, 24]  	688	7 
[5, 8, 14, 24]  	713	6 
[8, 25, 0, 24]  	727	7 
[4, 25, 3, 24]  	744	6 
[3, 9, 17, 24]  	791	4 
[3, 1, 23, 24]  	793	4 
[3, 6, 20, 24]  	815	4 
[3, 24, 7, 24]  	826	4 
[2, 21, 10, 24]  	831	3 
[1, 1, 28, 24]  	910	2 
[0, 13, 20, 24]  	919	1 
[0, 15, 19, 24]  	934	1 
[1, 4, 27, 24]  	948	2 
[0, 4, 28, 24]  	960	1 
[0, 38, 3, 24]  	967	2 
[0, 21, 16, 24]  	979	1 
------
The gap is between 3 and 22.
Lengths: 3 3 5 5 3 3.
For 982 = 5*d/2-d1-d2-d3 you get 3 in char 0.
1*x^1*y^23*z^14
1*y^40*z^2
1*y^9*z^25

For 560 = 3*d/2-d1-d2-d3 you get 5 in char 0.
1*x^4*y^17*z^3
1*x^3*y^3*z^14
1*x^2*y^20*z^2
1*x^1*y^6*z^13
1*y^23*z^1

For 138 = d/2-d1-d2-d3 you get 3 in char 0.
1*x^4*z^2
1*x^2*y^3*z^1
1*y^6

Extra powers of p used 0.
The invariant extra is equal to 1.
Start computing 7^3 Delta^1 (x1x2x3)^6... Done.
Start computing 7^4 Delta^2 (x1x2x3)^6... Done.
Start computing 7^5 Delta^3 (x1x2x3)^6... Done.
Start computing 7^6 Delta^4 (x1x2x3)^6... Done.
Start computing 7^7 Delta^5 (x1x2x3)^6... Done.
Start computing 7^8 Delta^6 (x1x2x3)^6... Done.
Start computing aa.
1 2 3 4 5 6 7 8 9 10 11 
*/
A = \
[88936268346975298755,44528861241755744667,67510999553768333053,158147533511689932756,79798023138312239397,8650540540960588949,122770910073839665904,9095441053384435512,155736251790915344395,80777260472098325611,71652979738575713093;\
77622426494015671153,90420694350488623859,71329718987175895788,189769517719438758164,23260755808365401893,46574009238383481967,59998141353380899536,183837112341650569690,89133125823137536735,91191978140109989478,8690575230037987195;\
127500678684522553777,101276476082973168716,84555871518735139679,22555402506227384052,166134899097033774173,34656350175661069751,39540991319151502264,89545635556200415900,92186778348743940169,102827731067696013561,38913844952563411418;\
35805434170940248215,16780453103023571863,50045167404666661426,116687931829637933954,132091593939596620966,34294327063324436360,29667558783816513532,167987492692316265010,69649080284203982429,173838701399396434317,38154206814864868966;\
156107054632600470084,139137002738807029570,91469024578526040318,53423918050212828573,76517340773236294666,77332781957586061774,128412298598272741773,83358166964468830175,118706933539077852570,79406531667100810361,89549833947611450154;\
70897310404494790074,80868683950521605608,16237891916018133317,59942560412951740307,126725680650309437431,35925667034005085596,66549814362210690728,143131288768794223191,78060714717154665013,162206205837127692051,22045421879399901374;\
111019640389330363220,89767718668716661819,38781243821604122171,149540080982442509562,6009750076109105942,91317367121264989040,110729728414912110686,51170966997829886291,189720459677690290629,48824615483908749058,112027770269383519341;\
83983320896326249811,147159569522041760124,133042577011777028108,121826922387677752315,51476831266101826060,103066213447078168910,183818052794270702353,85599601008965784461,9002895511472423708,36454803169689049691,95470797946567965607;\
184926980208383653767,99933097686605599119,60579897549845996900,87926922221765259766,102350525921570598007,148329455320132337342,127392184118008835914,161518138477535375809,16970293174193530899,91846086790503990658,140730498637416174606;\
82016954723200967757,154293003342387170088,180089875424331523415,122526928511821058162,179825330213835859021,131331927506425398207,179265455054823918494,145924771995157780261,185211854591355688152,110466798333536090768,28039456581552651249;\
79669153002486526865,54836674855089650128,87834262300850238790,30498435120984940011,32286782296017206650,150080109923688608244,169894867344790167230,22736864442032599159,178753023128349675411,175396728751433636713,140373484594103605586]
/* 
This should be the matrix of frobenius!
*/ 
B = A; 
/* Freed 54 lists. */
