/* Comments begin... 
Coefficient of   x^21 * y^1               = 0
Coefficient of   x^10 * y^2 * z^6         = 0
Coefficient of   x^8 * y^5 * z^5         = 2
Coefficient of   x^6 * y^8 * z^4         = 3
Coefficient of   x^4 * y^11 * z^3         = 1
Coefficient of   x^2 * y^14 * z^2         = 0
Coefficient of   x^1 * z^13               = 3
Coefficient of   y^17 * z^1               = 2

Here is the polynomial we're using this time:

2*x^8*y^5*z^5 + 3*x^6*y^8*z^4 + 1*x^4*y^11*z^3 + 3*x^1*z^13 + 2*y^17*z^1

Allocate G_len 20 elements and old = 0.
Allocate M_len = 400 elements.
Allocate G_len 40 elements and old = 20.
Allocate M_len = 800 elements.
Allocate G_len 80 elements and old = 40.
Allocate M_len = 1600 elements.
Not smooth!
Coefficient of   x^21 * y^1               = -1
Coefficient of   x^10 * y^2 * z^6         = 2
Coefficient of   x^8 * y^5 * z^5         = 0
Coefficient of   x^6 * y^8 * z^4         = -3
Coefficient of   x^4 * y^11 * z^3         = 1
Coefficient of   x^2 * y^14 * z^2         = -1
Coefficient of   x^1 * z^13               = -1
Coefficient of   y^17 * z^1               = 3

Here is the polynomial we're using this time:

-1*x^21*y^1 + 2*x^10*y^2*z^6 + -3*x^6*y^8*z^4 + 1*x^4*y^11*z^3 + -1*x^2*y^14*z^2 + -1*x^1*z^13 + 3*y^17*z^1

Allocate M_len = 3200 elements.
Allocate G_len 160 elements and old = 80.
Allocate M_len = 6400 elements.
Allocate M_len = 12800 elements.
Allocate G_len 320 elements and old = 160.
Allocate M_len = 25600 elements.
The final length of G is 189
[10, 2, 5, 0]  	391	6 
[21, 0, 0, 0]  	399	6  <--- 1
[6, 8, 4, 0]  	422	5 
[6, 14, 3, 0]  	529	7 
[5, 0, 15, 0]  	560	6 
[17, 8, 3, 0]  	600	6 
[15, 11, 3, 0]  	631	5 
[12, 0, 14, 0]  	662	9 
[9, 3, 14, 0]  	674	9 
[19, 11, 2, 0]  	676	9 
[15, 0, 13, 0]  	688	9 
[9, 20, 2, 0]  	693	8 
[13, 17, 2, 0]  	700	8 
[8, 5, 14, 0]  	701	8 
[7, 6, 14, 0]  	705	8 
[17, 14, 2, 0]  	707	8 
[11, 19, 2, 0]  	708	8 
[9, 6, 13, 0]  	712	8 
[19, 14, 1, 0]  	714	8 
[8, 22, 2, 0]  	720	8 
[5, 25, 2, 0]  	732	7 
[14, 19, 1, 0]  	734	8 
[5, 9, 14, 0]  	736	7 
[13, 20, 1, 0]  	738	7 
[7, 25, 1, 0]  	739	7 
[6, 26, 1, 0]  	743	7 
[17, 17, 1, 0]  	745	7 
[11, 22, 1, 0]  	746	7 
[8, 26, 0, 0]  	750	7 
[5, 11, 13, 0]  	751	7 
[20, 0, 12, 0]  	752	7 
[4, 12, 13, 0]  	755	6 
[4, 11, 14, 0]  	763	6 
[4, 26, 3, 0]  	767	6 
[5, 28, 1, 0]  	770	6 
[4, 14, 12, 0]  	770	6 
[20, 17, 0, 0]  	771	2 
[5, 24, 4, 0]  	771	6 
[4, 29, 1, 0]  	774	6 
[13, 23, 0, 0]  	776	6 
[7, 28, 0, 0]  	777	6 
[5, 15, 11, 0]  	781	6 
[4, 28, 2, 0]  	782	6 
[3, 14, 13, 0]  	782	6 
[17, 20, 0, 0]  	783	6 
[11, 25, 0, 0]  	784	6 
[3, 29, 2, 0]  	786	5 
[5, 18, 9, 0]  	788	6 
[4, 31, 0, 0]  	789	6 
[15, 22, 0, 0]  	791	6 
[3, 32, 0, 0]  	793	5 
[5, 21, 7, 0]  	795	6 
[5, 17, 10, 0]  	796	6 
[19, 19, 0, 0]  	798	6 
[4, 18, 10, 0]  	800	5 
[3, 31, 1, 0]  	801	5 
[3, 0, 24, 0]  	801	5 
[5, 20, 8, 0]  	803	6 
[2, 32, 1, 0]  	805	5 
[4, 25, 5, 0]  	806	6 
[4, 21, 8, 0]  	807	5 
[4, 17, 11, 0]  	808	5 
[5, 23, 6, 0]  	810	6 
[4, 1, 23, 0]  	812	5 
[4, 24, 6, 0]  	814	5 
[4, 4, 21, 0]  	819	5 
[4, 23, 7, 0]  	822	5 
[2, 18, 12, 0]  	824	4 
[4, 7, 19, 0]  	826	5 
[4, 3, 22, 0]  	827	5 
[3, 12, 16, 0]  	829	5 
[3, 4, 22, 0]  	831	4 
[4, 10, 17, 0]  	833	5 
[4, 6, 20, 0]  	834	5 
[3, 11, 17, 0]  	837	5 
[3, 7, 20, 0]  	838	4 
[3, 3, 23, 0]  	839	4 
[4, 9, 18, 0]  	841	5 
[2, 35, 0, 0]  	843	4 
[3, 10, 18, 0]  	845	4 
[3, 6, 21, 0]  	846	4 
[3, 21, 10, 0]  	850	4 
[3, 9, 19, 0]  	853	4 
[3, 28, 5, 0]  	856	5 
[3, 24, 8, 0]  	857	4 
[3, 20, 11, 0]  	858	4 
[2, 29, 5, 0]  	860	4 
[2, 21, 11, 0]  	862	3 
[3, 27, 6, 0]  	864	4 
[3, 23, 9, 0]  	865	4 
[2, 24, 9, 0]  	869	3 
[3, 26, 7, 0]  	872	4 
[2, 4, 24, 0]  	874	4 
[2, 31, 4, 0]  	875	5 
[2, 27, 7, 0]  	876	3 
[2, 23, 10, 0]  	877	3 
[2, 15, 16, 0]  	879	4 
[2, 26, 8, 0]  	884	3 
[2, 14, 17, 0]  	887	4 
[2, 10, 20, 0]  	888	3 
[1, 15, 17, 0]  	891	3 
[1, 38, 0, 0]  	893	3 
[2, 13, 18, 0]  	895	3 
[2, 1, 27, 0]  	898	4 
[1, 14, 18, 0]  	899	3 
[1, 10, 21, 0]  	900	2 
[2, 12, 19, 0]  	903	3 
[2, 0, 28, 0]  	906	4 
[1, 32, 5, 0]  	910	3 
[1, 12, 20, 0]  	915	2 
[1, 31, 6, 0]  	918	3 
[1, 27, 9, 0]  	919	2 
[0, 32, 6, 0]  	922	2 
[1, 30, 7, 0]  	926	2 
[1, 18, 16, 0]  	929	3 
[0, 31, 7, 0]  	930	2 
[1, 29, 8, 0]  	934	2 
[0, 30, 8, 0]  	938	1 
[1, 1, 29, 0]  	941	2 
[1, 24, 12, 0]  	943	3 
[1, 35, 4, 0]  	948	3 
[1, 0, 30, 0]  	949	2 
[0, 1, 30, 0]  	953	1 
[0, 16, 19, 0]  	957	1 
[0, 35, 5, 0]  	960	2 
[0, 0, 31, 0]  	961	1  <--- 3
[0, 18, 18, 0]  	972	1 
[0, 4, 29, 0]  	991	1 
[0, 38, 4, 0]  	998	2 
[0, 21, 17, 0]  	1010	1 
[0, 44, 0, 0]  	1012	2  <--- 2
[1, 7, 27, 0]  	1017	2 
[0, 7, 28, 0]  	1029	1 
[0, 41, 3, 0]  	1036	2 
[0, 24, 16, 0]  	1048	1 
[0, 10, 27, 0]  	1067	1 
[0, 27, 15, 0]  	1086	1 
[0, 13, 26, 0]  	1105	1 
[20, 1, 0, 1]  	403	6 
[16, 8, 3, 1]  	581	10 
[14, 11, 3, 1]  	612	9 
[11, 0, 14, 1]  	643	10 
[18, 11, 2, 1]  	657	10 
[15, 14, 2, 1]  	669	9 
[12, 17, 2, 1]  	681	9 
[10, 19, 2, 1]  	689	9 
[18, 14, 1, 1]  	695	9 
[12, 20, 1, 1]  	719	8 
[7, 23, 2, 1]  	724	7 
[16, 17, 1, 1]  	726	8 
[10, 22, 1, 1]  	727	8 
[9, 23, 1, 1]  	731	7 
[19, 0, 12, 1]  	733	8 
[12, 23, 0, 1]  	757	7 
[6, 28, 0, 1]  	758	7 
[16, 20, 0, 1]  	764	7 
[10, 25, 0, 1]  	765	7 
[14, 22, 0, 1]  	772	7 
[19, 18, 0, 1]  	775	7 
[18, 19, 0, 1]  	779	7 
[4, 20, 9, 1]  	815	5 
[3, 17, 12, 1]  	820	5 
[2, 7, 22, 1]  	881	3 
[2, 9, 21, 1]  	896	3 
[1, 13, 19, 1]  	907	2 
[1, 21, 15, 1]  	967	3 
[1, 4, 28, 1]  	979	2 
[14, 14, 2, 2]  	650	10 
[5, 29, 0, 2]  	762	6 
[2, 28, 6, 4]  	868	4 
[1, 14, 17, 21]  	868	3 
[4, 15, 11, 23]  	762	5 
[9, 2, 6, 24]  	403	5 
[5, 14, 4, 24]  	541	6 
[13, 0, 13, 24]  	650	9 
[7, 5, 14, 24]  	682	8 
[12, 19, 1, 24]  	696	8 
[5, 8, 14, 24]  	713	7 
[5, 26, 1, 24]  	724	4 
[7, 26, 0, 24]  	731	6 
[4, 25, 3, 24]  	744	5 
[4, 1, 22, 24]  	781	4 
[3, 6, 20, 24]  	815	4 
[2, 34, 0, 24]  	820	4 
[1, 24, 10, 24]  	881	2 
[1, 26, 9, 24]  	896	2 
[0, 30, 7, 24]  	907	1 
[0, 38, 3, 24]  	967	2 
[0, 21, 16, 24]  	979	1 
------
The gap is between 5 and 20.
Lengths: 3 3 5 5 3 3.
For 982 = 5*d/2-d1-d2-d3 you get 3 in char 0.
1*x^1*y^23*z^14
1*y^40*z^2
1*y^9*z^25

For 560 = 3*d/2-d1-d2-d3 you get 5 in char 0.
1*x^4*y^17*z^3
1*x^3*y^3*z^14
1*x^2*y^20*z^2
1*x^1*y^6*z^13
1*y^23*z^1

For 138 = d/2-d1-d2-d3 you get 3 in char 0.
1*x^4*z^2
1*x^2*y^3*z^1
1*y^6

Extra powers of p used 0.
The invariant extra is equal to 1.
Start computing 7^3 Delta^1 (x1x2x3)^6... Done.
Start computing 7^4 Delta^2 (x1x2x3)^6... Done.
Start computing 7^5 Delta^3 (x1x2x3)^6... Done.
Start computing 7^6 Delta^4 (x1x2x3)^6... Done.
Start computing 7^7 Delta^5 (x1x2x3)^6... Done.
Start computing 7^8 Delta^6 (x1x2x3)^6... Done.
Start computing aa.
1 2 3 4 5 6 7 8 9 10 11 
*/
A = \
[125918796085073239041,68518019685186128329,98078867914777178886,6439739508267062298,13086215818624044565,182958853110047755517,33008825940173927382,36999686236635909507,51622628707971436521,146482477736527939139,116821249136721674356;\
49403168411171519499,162481981006300961287,133434973485768410600,86156579249297575529,85093745890871679290,21241464337642695559,31610585025039112379,105740047445655510713,167789614039965290548,153943171368986325844,94286670719201605106;\
15658813837855959677,164984860940757733672,79867407619317041383,132482665899665853191,120598767570087407797,22503855809381911657,153786639874067453001,9473427622099655501,16173566072674228596,180376203744922108,139825722111879319019;\
7689495364994051530,190541911902972466759,9881322556774698404,161829180864608382398,169229083368598609069,59380025372348395491,5398166161659614042,53355830384033460899,150616253073701019549,164396575156075064691,79664461856193994969;\
123756286319307246315,187630908382972668304,182612174401820073008,157158372356335955598,145593556481810528679,158809574153927275572,114642573900520874614,179613035655643228170,125060248808071490326,43036947227337161756,150883731264210609385;\
112978383077942920977,159178072061863032372,153208234683134079510,47168461722905704748,66069151281692155506,47449810317042823900,149524206429786973841,48096828537864813217,34355132086777100949,6445522512425191090,158610343896281330886;\
7192541694684348066,29034329423475651007,95151352495724870007,137278522396340046918,127118283766551576499,155265459680337322659,31176003986910905773,98749628750936333863,147427353699383592100,90032434805647233760,158283394304593496043;\
109049974047741537119,146737584804103398241,186913548687521065841,63925984063460425039,95677480101111447490,188113310970698240008,93413528623274460090,37427731440123036810,77905136921598142198,158597944351428592311,85204229767095043647;\
66020260165683210426,50500604224829278569,173885874457944968811,190418293465850922787,129507041003898287233,81502753699090867521,174219951309302038567,133197371917049558629,122039397415239834705,1474934987492955863,150379083786440336702;\
113846827766026176228,17552134045989482923,174507489219467652291,22376103276702177618,81210107120245144083,166661745327528416812,29405351835769048965,17211907686343719034,9530165474154480624,8516525554581100581,172415458103541692914;\
122867102733807009409,119082246679996548592,67548867052557997382,150816675578059910062,10786690043600988790,175786069099971052100,73284595381884253731,101789972366098472757,7255990297886809486,149005358073533686172,185837192516940564397]
/* 
This should be the matrix of frobenius!
*/ 
B = A; 
/* Freed 53 lists. */
