/* Comments begin... 
Coefficient of   x^21 * y^1               = 3
Coefficient of   x^10 * y^2 * z^6         = -1
Coefficient of   x^8 * y^5 * z^5         = -2
Coefficient of   x^6 * y^8 * z^4         = 0
Coefficient of   x^4 * y^11 * z^3         = 3
Coefficient of   x^2 * y^14 * z^2         = 1
Coefficient of   x^1 * z^13               = 2
Coefficient of   y^17 * z^1               = -3

Here is the polynomial we're using this time:

3*x^21*y^1 + -1*x^10*y^2*z^6 + -2*x^8*y^5*z^5 + 3*x^4*y^11*z^3 + 1*x^2*y^14*z^2 + 2*x^1*z^13 + -3*y^17*z^1

Allocate G_len 20 elements and old = 0.
Allocate M_len = 400 elements.
Allocate G_len 40 elements and old = 20.
Allocate M_len = 800 elements.
Allocate G_len 80 elements and old = 40.
Allocate M_len = 1600 elements.
Allocate M_len = 3200 elements.
Allocate G_len 160 elements and old = 80.
Allocate M_len = 6400 elements.
Allocate M_len = 12800 elements.
Allocate G_len 320 elements and old = 160.
Allocate M_len = 25600 elements.
The final length of G is 196
[10, 2, 5, 0]  	391	6 
[21, 0, 0, 0]  	399	6  <--- 1
[8, 5, 5, 0]  	422	5 
[8, 8, 4, 0]  	460	7 
[6, 11, 4, 0]  	491	6 
[6, 14, 3, 0]  	529	7 
[5, 0, 15, 0]  	560	6 
[19, 5, 4, 0]  	600	6 
[15, 11, 3, 0]  	631	5 
[17, 11, 2, 0]  	638	6 
[12, 0, 14, 0]  	662	8 
[15, 14, 2, 0]  	669	5 
[9, 3, 14, 0]  	674	9 
[9, 20, 2, 0]  	693	8 
[13, 17, 2, 0]  	700	8 
[7, 6, 14, 0]  	705	8 
[19, 14, 1, 0]  	714	8 
[7, 23, 2, 0]  	724	7 
[6, 9, 13, 0]  	724	7 
[10, 22, 1, 0]  	727	8 
[9, 23, 1, 0]  	731	7 
[6, 8, 14, 0]  	732	7 
[5, 25, 2, 0]  	732	7 
[5, 9, 14, 0]  	736	7 
[13, 20, 1, 0]  	738	7 
[7, 25, 1, 0]  	739	7 
[6, 26, 1, 0]  	743	7 
[18, 0, 13, 0]  	745	8 
[20, 0, 12, 0]  	752	7 
[4, 12, 13, 0]  	755	6 
[5, 29, 0, 0]  	762	6 
[4, 11, 14, 0]  	763	6 
[16, 20, 0, 0]  	764	7 
[4, 26, 3, 0]  	767	6 
[9, 26, 0, 0]  	769	6 
[5, 28, 1, 0]  	770	7 
[20, 17, 0, 0]  	771	2 
[5, 24, 4, 0]  	771	6 
[14, 22, 0, 0]  	772	7 
[4, 29, 1, 0]  	774	6 
[13, 23, 0, 0]  	776	6 
[7, 28, 0, 0]  	777	6 
[5, 15, 11, 0]  	781	6 
[4, 28, 2, 0]  	782	6 
[3, 14, 13, 0]  	782	6 
[11, 25, 0, 0]  	784	6 
[3, 29, 2, 0]  	786	5 
[5, 18, 9, 0]  	788	6 
[5, 14, 12, 0]  	789	6 
[4, 31, 0, 0]  	789	6 
[17, 19, 1, 0]  	791	6 
[4, 15, 12, 0]  	793	5 
[3, 32, 0, 0]  	793	5 
[5, 21, 7, 0]  	795	6 
[5, 17, 10, 0]  	796	6 
[19, 19, 0, 0]  	798	6 
[3, 31, 1, 0]  	801	5 
[3, 0, 24, 0]  	801	5 
[5, 20, 8, 0]  	803	6 
[2, 32, 1, 0]  	805	5 
[4, 25, 5, 0]  	806	6 
[4, 21, 8, 0]  	807	5 
[5, 23, 6, 0]  	810	6 
[4, 1, 23, 0]  	812	5 
[4, 24, 6, 0]  	814	5 
[4, 20, 9, 0]  	815	5 
[4, 4, 21, 0]  	819	5 
[4, 23, 7, 0]  	822	5 
[2, 18, 12, 0]  	824	4 
[4, 3, 22, 0]  	827	5 
[3, 12, 16, 0]  	829	5 
[3, 4, 22, 0]  	831	4 
[4, 10, 17, 0]  	833	5 
[4, 6, 20, 0]  	834	5 
[3, 11, 17, 0]  	837	5 
[3, 7, 20, 0]  	838	4 
[3, 3, 23, 0]  	839	4 
[4, 9, 18, 0]  	841	5 
[2, 35, 0, 0]  	843	4 
[3, 10, 18, 0]  	845	4 
[3, 6, 21, 0]  	846	4 
[3, 21, 10, 0]  	850	4 
[3, 9, 19, 0]  	853	4 
[3, 28, 5, 0]  	856	5 
[3, 24, 8, 0]  	857	4 
[3, 20, 11, 0]  	858	4 
[2, 29, 5, 0]  	860	4 
[2, 21, 11, 0]  	862	3 
[3, 27, 6, 0]  	864	4 
[3, 23, 9, 0]  	865	4 
[2, 28, 6, 0]  	868	4 
[2, 24, 9, 0]  	869	3 
[3, 26, 7, 0]  	872	4 
[2, 4, 24, 0]  	874	4 
[2, 31, 4, 0]  	875	5 
[2, 23, 10, 0]  	877	3 
[2, 15, 16, 0]  	879	4 
[2, 7, 22, 0]  	881	3 
[2, 26, 8, 0]  	884	3 
[2, 14, 17, 0]  	887	4 
[2, 10, 20, 0]  	888	3 
[1, 15, 17, 0]  	891	3 
[1, 38, 0, 0]  	893	3 
[2, 13, 18, 0]  	895	3 
[2, 9, 21, 0]  	896	3 
[2, 1, 27, 0]  	898	4 
[1, 14, 18, 0]  	899	3 
[1, 10, 21, 0]  	900	2 
[2, 12, 19, 0]  	903	3 
[2, 0, 28, 0]  	906	4 
[1, 13, 19, 0]  	907	2 
[1, 32, 5, 0]  	910	3 
[1, 12, 20, 0]  	915	2 
[1, 31, 6, 0]  	918	3 
[1, 27, 9, 0]  	919	2 
[0, 32, 6, 0]  	922	2 
[1, 30, 7, 0]  	926	2 
[1, 18, 16, 0]  	929	3 
[0, 31, 7, 0]  	930	2 
[1, 29, 8, 0]  	934	2 
[0, 30, 8, 0]  	938	1 
[1, 1, 29, 0]  	941	2 
[1, 24, 12, 0]  	943	3 
[1, 35, 4, 0]  	948	3 
[1, 0, 30, 0]  	949	2 
[0, 1, 30, 0]  	953	1 
[0, 16, 19, 0]  	957	1 
[0, 35, 5, 0]  	960	2 
[0, 0, 31, 0]  	961	1  <--- 3
[0, 18, 18, 0]  	972	1 
[0, 4, 29, 0]  	991	1 
[0, 38, 4, 0]  	998	2 
[0, 21, 17, 0]  	1010	1 
[0, 44, 0, 0]  	1012	2  <--- 2
[1, 7, 27, 0]  	1017	2 
[0, 7, 28, 0]  	1029	1 
[0, 41, 3, 0]  	1036	2 
[0, 24, 16, 0]  	1048	1 
[0, 10, 27, 0]  	1067	1 
[0, 27, 15, 0]  	1086	1 
[0, 13, 26, 0]  	1105	1 
[20, 1, 0, 1]  	403	6 
[18, 5, 4, 1]  	581	10 
[14, 11, 3, 1]  	612	9 
[16, 11, 2, 1]  	619	10 
[11, 0, 14, 1]  	643	9 
[14, 14, 2, 1]  	650	9 
[12, 17, 2, 1]  	681	9 
[18, 14, 1, 1]  	695	9 
[7, 22, 2, 1]  	701	8 
[16, 0, 13, 1]  	707	8 
[11, 19, 2, 1]  	708	8 
[8, 23, 1, 1]  	712	8 
[12, 20, 1, 1]  	719	8 
[16, 17, 1, 1]  	726	8 
[19, 0, 12, 1]  	733	8 
[8, 26, 0, 1]  	750	7 
[5, 11, 13, 1]  	751	7 
[15, 19, 1, 1]  	753	7 
[12, 23, 0, 1]  	757	7 
[6, 28, 0, 1]  	758	7 
[10, 25, 0, 1]  	765	7 
[4, 14, 12, 1]  	770	6 
[19, 18, 0, 1]  	775	7 
[18, 19, 0, 1]  	779	7 
[4, 17, 11, 1]  	808	5 
[4, 7, 19, 1]  	826	5 
[2, 27, 7, 1]  	876	3 
[1, 21, 15, 1]  	967	3 
[15, 0, 13, 2]  	688	9 
[10, 19, 2, 2]  	689	9 
[7, 8, 13, 2]  	720	8 
[14, 19, 1, 2]  	734	8 
[4, 18, 10, 2]  	800	5 
[3, 17, 12, 2]  	820	5 
[1, 4, 28, 2]  	979	2 
[6, 25, 1, 22]  	720	7 
[3, 4, 21, 23]  	800	4 
[2, 34, 0, 23]  	820	4 
[0, 21, 16, 23]  	979	1 
[9, 2, 6, 24]  	403	5 
[7, 8, 5, 24]  	472	5 
[5, 14, 4, 24]  	541	6 
[7, 5, 14, 24]  	682	7 
[12, 20, 0, 24]  	688	7 
[8, 22, 1, 24]  	689	8 
[6, 8, 13, 24]  	701	7 
[5, 8, 14, 24]  	713	7 
[4, 25, 3, 24]  	744	6 
[4, 28, 1, 24]  	751	6 
[3, 31, 0, 24]  	770	4 
[3, 3, 22, 24]  	808	4 
[3, 24, 7, 24]  	826	4 
[2, 21, 10, 24]  	831	3 
[1, 13, 18, 24]  	876	2 
[0, 38, 3, 24]  	967	2 
------
The gap is between 3 and 21.
Lengths: 3 3 5 5 3 3.
For 982 = 5*d/2-d1-d2-d3 you get 3 in char 0.
1*x^1*y^23*z^14
1*y^40*z^2
1*y^9*z^25

For 560 = 3*d/2-d1-d2-d3 you get 5 in char 0.
1*x^4*y^17*z^3
1*x^3*y^3*z^14
1*x^2*y^20*z^2
1*x^1*y^6*z^13
1*y^23*z^1

For 138 = d/2-d1-d2-d3 you get 3 in char 0.
1*x^4*z^2
1*x^2*y^3*z^1
1*y^6

Extra powers of p used 0.
The invariant extra is equal to 1.
Start computing 7^3 Delta^1 (x1x2x3)^6... Done.
Start computing 7^4 Delta^2 (x1x2x3)^6... Done.
Start computing 7^5 Delta^3 (x1x2x3)^6... Done.
Start computing 7^6 Delta^4 (x1x2x3)^6... Done.
Start computing 7^7 Delta^5 (x1x2x3)^6... Done.
Start computing 7^8 Delta^6 (x1x2x3)^6... Done.
Start computing aa.
1 2 3 4 5 6 7 8 9 10 11 
*/
A = \
[110232453042153608940,91773125812425355785,36203438729488457519,117504637106238191299,186757368399227348275,111268037677181519414,70360763358030562249,44409016613089427698,34792632891245016459,37648440363556947183,79085724837740219697;\
72521656866746883678,47492432686281363458,78815373598991518535,162625595168647192148,118785654388897578656,141099052484098340527,19416014547587142856,118262797877461852020,144334887624917861403,7530171693676609334,151815929614330178274;\
94142294991721716412,39320320370648293906,138634436397358225515,163541852567908249022,146177106529066457719,172775212937943914634,175412955348642340399,175965654249464836183,50657818158553218858,122384911065042254762,50239460501315954477;\
24593617031309799888,152990662437907354001,48425509780943205631,111278699104810384693,34578637996820284745,188210279049547631793,27902958122499485900,155125607197568763035,34474520231608173850,21046275321154820086,34816553483503276079;\
131127501517173964928,35904862330520570124,173118199545526581390,120908170028376689399,191031928817126013603,11851679195035753430,20282810518104384628,143561937292759186166,140904038681047681956,20609625367070913131,131240675183002077973;\
454339222781519441,4820218202503431029,74118933669132770111,61189186213171612211,33670836652260404667,139047592904450742162,108320325605733494708,157172244477984540413,108689563086637857646,48774130241159008623,72567889783556230427;\
30344826486337778335,89416632424166264518,4476002503940309679,63695055700850728322,73280631411325390381,150614753786624584737,27352197001390117892,64726993503142080887,27810201275658437706,140511007850598566846,105157973241624866759;\
174422726091880409267,160395824772388331539,63953710004042657203,64020179854120326893,168625930553801054180,20120073930991437284,59621095064589148328,97906617610774081865,189095798637310076519,155755387635133037059,95235564267772074335;\
112725140638951680234,19299386072996568735,80223956043627037924,140947059033729394600,28278669655259921436,70576579133934531574,131950165896385481603,187806340178228289833,172062861988277571843,8557009338922028873,129888254336789086908;\
179322465310962110246,142602797530766990728,19611980470772672937,70149726788372278537,32098459674919025773,123672423192762467604,145219225056162320987,39071031743547308498,140214384017323675276,110885171521914904513,78399432793219458186;\
151433356347208310045,76418342367798957946,36832754997709805943,171994361143316953192,163418556796557727952,159459723953981506265,91269910700484315037,33360870433759658566,188975984430711423694,159439873850043005394,50383322673756078209]
/* 
This should be the matrix of frobenius!
*/ 
B = A; 
/* Freed 54 lists. */
