/* Comments begin... 
Coefficient of   x^21 * y^1               = 3
Coefficient of   x^10 * y^2 * z^6         = -2
Coefficient of   x^8 * y^5 * z^5         = 1
Coefficient of   x^6 * y^8 * z^4         = -1
Coefficient of   x^4 * y^11 * z^3         = 2
Coefficient of   x^2 * y^14 * z^2         = 2
Coefficient of   x^1 * z^13               = -2
Coefficient of   y^17 * z^1               = 3

Here is the polynomial we're using this time:

3*x^21*y^1 + -2*x^10*y^2*z^6 + 1*x^8*y^5*z^5 + -1*x^6*y^8*z^4 + 2*x^4*y^11*z^3 + 2*x^2*y^14*z^2 + -2*x^1*z^13 + 3*y^17*z^1

Allocate G_len 20 elements and old = 0.
Allocate M_len = 400 elements.
Allocate G_len 40 elements and old = 20.
Allocate M_len = 800 elements.
Allocate G_len 80 elements and old = 40.
Allocate M_len = 1600 elements.
Allocate M_len = 3200 elements.
Allocate G_len 160 elements and old = 80.
Allocate M_len = 6400 elements.
Allocate M_len = 12800 elements.
Allocate G_len 320 elements and old = 160.
Allocate M_len = 25600 elements.
The final length of G is 197
[10, 2, 5, 0]  	391	7 
[21, 0, 0, 0]  	399	7  <--- 1
[8, 5, 5, 0]  	422	6 
[8, 8, 4, 0]  	460	7 
[6, 11, 4, 0]  	491	6 
[6, 14, 3, 0]  	529	7 
[5, 0, 15, 0]  	560	6 
[19, 5, 4, 0]  	600	7 
[15, 11, 3, 0]  	631	10 
[19, 8, 3, 0]  	638	7 
[12, 0, 14, 0]  	662	9 
[15, 14, 2, 0]  	669	9 
[9, 3, 14, 0]  	674	9 
[19, 11, 2, 0]  	676	9 
[9, 20, 2, 0]  	693	8 
[13, 17, 2, 0]  	700	8 
[7, 22, 2, 0]  	701	8 
[7, 6, 14, 0]  	705	8 
[16, 0, 13, 0]  	707	8 
[11, 19, 2, 0]  	708	8 
[19, 14, 1, 0]  	714	8 
[7, 8, 13, 0]  	720	8 
[6, 9, 13, 0]  	724	7 
[6, 8, 14, 0]  	732	7 
[5, 25, 2, 0]  	732	7 
[13, 20, 1, 0]  	738	7 
[7, 25, 1, 0]  	739	7 
[6, 26, 1, 0]  	743	7 
[11, 22, 1, 0]  	746	7 
[8, 26, 0, 0]  	750	7 
[5, 11, 13, 0]  	751	7 
[20, 0, 12, 0]  	752	7 
[15, 19, 1, 0]  	753	7 
[4, 12, 13, 0]  	755	6 
[5, 29, 0, 0]  	762	6 
[4, 11, 14, 0]  	763	6 
[16, 20, 0, 0]  	764	7 
[4, 26, 3, 0]  	767	6 
[5, 28, 1, 0]  	770	6 
[4, 14, 12, 0]  	770	6 
[20, 17, 0, 0]  	771	2 
[4, 29, 1, 0]  	774	6 
[13, 23, 0, 0]  	776	6 
[7, 28, 0, 0]  	777	6 
[4, 28, 2, 0]  	782	6 
[3, 14, 13, 0]  	782	6 
[11, 25, 0, 0]  	784	6 
[3, 29, 2, 0]  	786	5 
[15, 22, 0, 0]  	791	6 
[3, 32, 0, 0]  	793	5 
[19, 19, 0, 0]  	798	6 
[4, 18, 10, 0]  	800	5 
[3, 31, 1, 0]  	801	5 
[3, 0, 24, 0]  	801	5 
[2, 32, 1, 0]  	805	5 
[4, 25, 5, 0]  	806	6 
[4, 21, 8, 0]  	807	5 
[4, 17, 11, 0]  	808	5 
[4, 1, 23, 0]  	812	5 
[4, 24, 6, 0]  	814	5 
[4, 20, 9, 0]  	815	5 
[4, 4, 21, 0]  	819	5 
[4, 23, 7, 0]  	822	5 
[2, 18, 12, 0]  	824	4 
[4, 7, 19, 0]  	826	5 
[4, 3, 22, 0]  	827	5 
[3, 12, 16, 0]  	829	5 
[3, 4, 22, 0]  	831	4 
[4, 10, 17, 0]  	833	5 
[4, 6, 20, 0]  	834	5 
[3, 11, 17, 0]  	837	5 
[3, 7, 20, 0]  	838	4 
[3, 3, 23, 0]  	839	4 
[4, 9, 18, 0]  	841	5 
[2, 35, 0, 0]  	843	4 
[3, 6, 21, 0]  	846	4 
[3, 21, 10, 0]  	850	4 
[3, 9, 19, 0]  	853	4 
[3, 28, 5, 0]  	856	5 
[3, 20, 11, 0]  	858	4 
[2, 29, 5, 0]  	860	4 
[2, 21, 11, 0]  	862	3 
[3, 27, 6, 0]  	864	4 
[3, 23, 9, 0]  	865	4 
[2, 28, 6, 0]  	868	4 
[2, 24, 9, 0]  	869	3 
[3, 26, 7, 0]  	872	4 
[2, 4, 24, 0]  	874	4 
[2, 31, 4, 0]  	875	5 
[2, 27, 7, 0]  	876	3 
[2, 23, 10, 0]  	877	3 
[2, 15, 16, 0]  	879	4 
[2, 26, 8, 0]  	884	3 
[2, 14, 17, 0]  	887	4 
[2, 10, 20, 0]  	888	3 
[1, 38, 0, 0]  	893	3 
[1, 14, 18, 0]  	899	3 
[1, 10, 21, 0]  	900	2 
[2, 12, 19, 0]  	903	3 
[2, 0, 28, 0]  	906	4 
[1, 13, 19, 0]  	907	2 
[1, 32, 5, 0]  	910	3 
[1, 12, 20, 0]  	915	2 
[1, 31, 6, 0]  	918	3 
[0, 32, 6, 0]  	922	2 
[1, 30, 7, 0]  	926	2 
[1, 18, 16, 0]  	929	3 
[0, 31, 7, 0]  	930	2 
[0, 30, 8, 0]  	938	1 
[1, 0, 30, 0]  	949	2 
[0, 1, 30, 0]  	953	1 
[0, 16, 19, 0]  	957	1 
[0, 35, 5, 0]  	960	2 
[0, 0, 31, 0]  	961	1  <--- 3
[1, 21, 15, 0]  	967	3 
[0, 18, 18, 0]  	972	1 
[1, 4, 28, 0]  	979	2 
[0, 4, 29, 0]  	991	1 
[0, 38, 4, 0]  	998	2 
[0, 21, 17, 0]  	1010	1 
[1, 27, 12, 0]  	1012	3 
[1, 7, 27, 0]  	1017	2 
[0, 7, 28, 0]  	1029	1 
[0, 24, 16, 0]  	1048	1 
[0, 10, 27, 0]  	1067	1 
[0, 47, 0, 0]  	1081	1  <--- 2
[0, 27, 15, 0]  	1086	1 
[0, 44, 3, 0]  	1105	1 
[0, 13, 26, 0]  	1105	1 
[20, 1, 0, 1]  	403	7 
[18, 5, 4, 1]  	581	12 
[14, 11, 3, 1]  	612	11 
[18, 8, 3, 1]  	619	11 
[11, 0, 14, 1]  	643	10 
[14, 14, 2, 1]  	650	10 
[18, 11, 2, 1]  	657	10 
[12, 17, 2, 1]  	681	9 
[15, 0, 13, 1]  	688	9 
[10, 19, 2, 1]  	689	9 
[18, 14, 1, 1]  	695	9 
[12, 20, 1, 1]  	719	8 
[10, 22, 1, 1]  	727	8 
[19, 0, 12, 1]  	733	8 
[14, 19, 1, 1]  	734	8 
[5, 9, 14, 1]  	736	7 
[17, 17, 1, 1]  	745	7 
[12, 23, 0, 1]  	757	7 
[6, 28, 0, 1]  	758	7 
[10, 25, 0, 1]  	765	7 
[5, 24, 4, 1]  	771	6 
[14, 22, 0, 1]  	772	7 
[19, 18, 0, 1]  	775	7 
[18, 19, 0, 1]  	779	7 
[5, 15, 11, 1]  	781	6 
[5, 18, 9, 1]  	788	6 
[4, 31, 0, 1]  	789	6 
[5, 21, 7, 1]  	795	6 
[5, 17, 10, 1]  	796	6 
[5, 20, 8, 1]  	803	6 
[5, 23, 6, 1]  	810	6 
[3, 17, 12, 1]  	820	5 
[3, 10, 18, 1]  	845	4 
[3, 24, 8, 1]  	857	4 
[2, 7, 22, 1]  	881	3 
[2, 9, 21, 1]  	896	3 
[1, 27, 9, 1]  	919	2 
[1, 29, 8, 1]  	934	2 
[1, 1, 29, 1]  	941	2 
[1, 24, 12, 1]  	943	3 
[1, 35, 4, 1]  	948	3 
[0, 44, 0, 1]  	1012	2 
[0, 41, 3, 1]  	1036	2 
[16, 17, 1, 2]  	726	8 
[1, 15, 17, 2]  	891	3 
[2, 13, 18, 2]  	895	3 
[2, 1, 27, 2]  	898	4 
[9, 23, 1, 3]  	731	7 
[8, 23, 1, 4]  	712	8 
[7, 9, 12, 21]  	712	7 
[7, 26, 0, 22]  	731	6 
[0, 32, 5, 23]  	891	2 
[1, 30, 6, 23]  	895	2 
[1, 18, 15, 23]  	898	3 
[9, 2, 6, 24]  	403	6 
[7, 8, 5, 24]  	472	5 
[4, 0, 15, 24]  	541	4 
[7, 5, 14, 24]  	682	6 
[4, 25, 2, 24]  	713	5 
[14, 20, 0, 24]  	726	7 
[2, 34, 0, 24]  	820	4 
[2, 27, 6, 24]  	845	3 
[2, 10, 19, 24]  	857	2 
[0, 10, 21, 24]  	881	1 
[0, 12, 20, 24]  	896	1 
[0, 15, 19, 24]  	934	1 
[0, 18, 17, 24]  	941	1 
[1, 4, 27, 24]  	948	2 
------
The gap is between 5 and 20.
Lengths: 3 3 5 5 3 3.
For 982 = 5*d/2-d1-d2-d3 you get 3 in char 0.
1*x^1*y^23*z^14
1*y^40*z^2
1*y^9*z^25

For 560 = 3*d/2-d1-d2-d3 you get 5 in char 0.
1*x^4*y^17*z^3
1*x^3*y^3*z^14
1*x^2*y^20*z^2
1*x^1*y^6*z^13
1*y^23*z^1

For 138 = d/2-d1-d2-d3 you get 3 in char 0.
1*x^4*z^2
1*x^2*y^3*z^1
1*y^6

Extra powers of p used 0.
The invariant extra is equal to 1.
Start computing 7^3 Delta^1 (x1x2x3)^6... Done.
Start computing 7^4 Delta^2 (x1x2x3)^6... Done.
Start computing 7^5 Delta^3 (x1x2x3)^6... Done.
Start computing 7^6 Delta^4 (x1x2x3)^6... Done.
Start computing 7^7 Delta^5 (x1x2x3)^6... Done.
Start computing 7^8 Delta^6 (x1x2x3)^6... Done.
Start computing aa.
1 2 3 4 5 6 7 8 9 10 11 
*/
A = \
[48393917899430306511,70702977139238272972,17371937073800029398,176054076032650613231,20204233019783559117,117650944823552271243,54226706892486064328,141705485019879614708,143482500120220065315,189044254159006891596,60446454203666804427;\
140621272376658770301,77778822597819549858,83489602907937696493,114656676303458990106,104670390505120507697,120620476183097145857,69512717613820191144,60760353028208116962,138591291248620910154,161580852392395906421,101890580496058074483;\
171221530124003440375,34816029660741599440,49238941014973048675,115253973716108776311,55414057338384095218,25371298875438689082,58661789155661390209,188151978327214665876,157504421133718568371,89692723428033004951,163575269162876754652;\
77521168260251178337,131797009717015412738,10241233002467298717,185153232513576753839,94032740138324303036,134434555630415489855,4991470550103732786,139917369186560773878,150642323698877360973,94125622585293375146,137940930166972024939;\
67521079549518698131,125548258435345030450,62431320839663537661,156540919533169581571,100790697925618293831,182937939741267279660,57712030224604880229,158159039144367853774,164798408609678542650,137296229709882481133,52347676726749375111;\
147283896541445640944,182666069289881445843,180956957060863501592,77842641806738261432,66974979352027465383,69539098810430485516,30419884144562422517,176989310423406813395,79337660770301906637,154140407225012353362,65364739010228616133;\
164474986372980922173,75410862789326502051,77395312524129247707,1190825433793566060,72967986372206936073,80565486904976238613,127757809364617158384,47916937924478395395,43739713565639849646,134567696607236397330,139895596018113617171;\
85773006472323680335,96031545525027402753,51096758152238206933,68922280971692484231,105803363040499459433,40545095524882886924,62849897317357264457,21272372228849129675,98911274936703826555,79770393044549300940,21370090210440775188;\
35134044351228570265,77903412279350238447,47685323505486511477,181207265256720551576,23891179551439835285,120625038341940819638,15400442897766032568,55778671557871696910,105191146356653759192,172187984507145393591,182573529476603752368;\
34169711385520697336,55411425927073543805,73859915431968494464,139658381701807016671,16469727714696566520,74782887693326194592,101644241454219490768,32710840634602363170,164535342508194417466,99562196886878660536,177593633191943860171;\
171305183188845879416,185200258930973309694,47343766866673173393,128290475184276211800,81315826290994711976,125303628988207754343,68367739169617059620,180894248497088059521,99270220482249055498,175133896988272503491,179773337073538612775]
/* 
This should be the matrix of frobenius!
*/ 
B = A; 
/* Freed 54 lists. */
