/* Comments begin... 
Coefficient of   x^21 * y^1               = -3
Coefficient of   x^10 * y^2 * z^6         = 3
Coefficient of   x^8 * y^5 * z^5         = 0
Coefficient of   x^6 * y^8 * z^4         = -3
Coefficient of   x^4 * y^11 * z^3         = 0
Coefficient of   x^2 * y^14 * z^2         = -2
Coefficient of   x^1 * z^13               = 1
Coefficient of   y^17 * z^1               = -2

Here is the polynomial we're using this time:

-3*x^21*y^1 + 3*x^10*y^2*z^6 + -3*x^6*y^8*z^4 + -2*x^2*y^14*z^2 + 1*x^1*z^13 + -2*y^17*z^1

Allocate G_len 20 elements and old = 0.
Allocate M_len = 400 elements.
Allocate G_len 40 elements and old = 20.
Allocate M_len = 800 elements.
Allocate G_len 80 elements and old = 40.
Allocate M_len = 1600 elements.
Allocate M_len = 3200 elements.
Allocate G_len 160 elements and old = 80.
Allocate M_len = 6400 elements.
Allocate M_len = 12800 elements.
Allocate G_len 320 elements and old = 160.
Allocate M_len = 25600 elements.
The final length of G is 191
[10, 2, 5, 0]  	391	5 
[21, 0, 0, 0]  	399	5  <--- 1
[6, 8, 4, 0]  	422	4 
[6, 14, 3, 0]  	529	6 
[5, 0, 15, 0]  	560	5 
[17, 8, 3, 0]  	600	5 
[13, 14, 2, 0]  	631	4 
[9, 3, 14, 0]  	674	8 
[17, 14, 1, 0]  	676	7 
[9, 20, 2, 0]  	693	7 
[8, 5, 14, 0]  	701	8 
[7, 6, 14, 0]  	705	8 
[16, 0, 13, 0]  	707	6 
[11, 19, 2, 0]  	708	7 
[9, 6, 13, 0]  	712	8 
[12, 20, 1, 0]  	719	8 
[8, 22, 2, 0]  	720	8 
[7, 23, 2, 0]  	724	7 
[9, 23, 1, 0]  	731	7 
[5, 25, 2, 0]  	732	7 
[7, 25, 1, 0]  	739	7 
[6, 26, 1, 0]  	743	7 
[11, 22, 1, 0]  	746	7 
[5, 11, 13, 0]  	751	7 
[20, 0, 12, 0]  	752	7 
[15, 19, 1, 0]  	753	6 
[4, 12, 13, 0]  	755	6 
[5, 29, 0, 0]  	762	6 
[4, 11, 14, 0]  	763	6 
[4, 26, 3, 0]  	767	6 
[9, 26, 0, 0]  	769	6 
[5, 28, 1, 0]  	770	7 
[20, 17, 0, 0]  	771	2 
[5, 24, 4, 0]  	771	5 
[4, 29, 1, 0]  	774	6 
[13, 23, 0, 0]  	776	6 
[5, 15, 11, 0]  	781	6 
[4, 28, 2, 0]  	782	6 
[3, 14, 13, 0]  	782	6 
[17, 20, 0, 0]  	783	6 
[11, 25, 0, 0]  	784	6 
[5, 18, 9, 0]  	788	6 
[5, 14, 12, 0]  	789	6 
[4, 31, 0, 0]  	789	6 
[15, 22, 0, 0]  	791	6 
[4, 15, 12, 0]  	793	5 
[3, 32, 0, 0]  	793	5 
[5, 21, 7, 0]  	795	6 
[5, 17, 10, 0]  	796	6 
[19, 19, 0, 0]  	798	6 
[4, 18, 10, 0]  	800	5 
[3, 31, 1, 0]  	801	6 
[5, 20, 8, 0]  	803	6 
[2, 32, 1, 0]  	805	5 
[4, 25, 5, 0]  	806	6 
[4, 21, 8, 0]  	807	5 
[4, 17, 11, 0]  	808	5 
[5, 23, 6, 0]  	810	6 
[4, 1, 23, 0]  	812	5 
[4, 24, 6, 0]  	814	5 
[4, 20, 9, 0]  	815	5 
[4, 4, 21, 0]  	819	5 
[4, 0, 24, 0]  	820	5 
[3, 17, 12, 0]  	820	5 
[4, 23, 7, 0]  	822	5 
[3, 1, 24, 0]  	824	4 
[2, 18, 12, 0]  	824	4 
[4, 7, 19, 0]  	826	5 
[4, 3, 22, 0]  	827	5 
[3, 12, 16, 0]  	829	5 
[4, 10, 17, 0]  	833	5 
[4, 6, 20, 0]  	834	5 
[3, 11, 17, 0]  	837	5 
[3, 7, 20, 0]  	838	4 
[3, 3, 23, 0]  	839	4 
[2, 35, 0, 0]  	843	4 
[3, 10, 18, 0]  	845	4 
[3, 6, 21, 0]  	846	4 
[3, 21, 10, 0]  	850	4 
[3, 9, 19, 0]  	853	4 
[3, 28, 5, 0]  	856	5 
[3, 24, 8, 0]  	857	4 
[3, 20, 11, 0]  	858	4 
[2, 29, 5, 0]  	860	4 
[2, 21, 11, 0]  	862	3 
[2, 28, 6, 0]  	868	4 
[2, 24, 9, 0]  	869	3 
[2, 4, 24, 0]  	874	4 
[2, 31, 4, 0]  	875	5 
[2, 27, 7, 0]  	876	3 
[2, 23, 10, 0]  	877	3 
[2, 15, 16, 0]  	879	4 
[2, 26, 8, 0]  	884	3 
[1, 15, 17, 0]  	891	3 
[1, 38, 0, 0]  	893	3 
[2, 1, 27, 0]  	898	4 
[1, 14, 18, 0]  	899	3 
[2, 0, 28, 0]  	906	4 
[1, 13, 19, 0]  	907	2 
[1, 32, 5, 0]  	910	3 
[1, 31, 6, 0]  	918	3 
[1, 27, 9, 0]  	919	2 
[0, 32, 6, 0]  	922	2 
[1, 30, 7, 0]  	926	2 
[0, 31, 7, 0]  	930	2 
[1, 29, 8, 0]  	934	2 
[0, 30, 8, 0]  	938	1 
[1, 24, 12, 0]  	943	3 
[1, 35, 4, 0]  	948	3 
[1, 0, 30, 0]  	949	2 
[0, 1, 30, 0]  	953	1 
[0, 16, 19, 0]  	957	1 
[0, 35, 5, 0]  	960	2 
[0, 0, 31, 0]  	961	1  <--- 3
[1, 21, 15, 0]  	967	3 
[0, 18, 18, 0]  	972	1 
[1, 4, 28, 0]  	979	2 
[0, 4, 29, 0]  	991	1 
[0, 38, 4, 0]  	998	2 
[0, 21, 17, 0]  	1010	1 
[1, 7, 27, 0]  	1017	2 
[0, 7, 28, 0]  	1029	1 
[0, 41, 3, 0]  	1036	2 
[0, 24, 16, 0]  	1048	1 
[0, 10, 27, 0]  	1067	1 
[0, 47, 0, 0]  	1081	1  <--- 2
[0, 27, 15, 0]  	1086	1 
[0, 13, 26, 0]  	1105	1 
[20, 1, 0, 1]  	403	5 
[16, 8, 3, 1]  	581	8 
[12, 14, 2, 1]  	612	7 
[16, 14, 1, 1]  	657	8 
[12, 0, 14, 1]  	662	6 
[15, 0, 13, 1]  	688	7 
[10, 19, 2, 1]  	689	9 
[10, 22, 1, 1]  	727	8 
[19, 0, 12, 1]  	733	8 
[14, 19, 1, 1]  	734	7 
[5, 9, 14, 1]  	736	7 
[8, 26, 0, 1]  	750	7 
[12, 23, 0, 1]  	757	7 
[16, 20, 0, 1]  	764	7 
[10, 25, 0, 1]  	765	7 
[4, 14, 12, 1]  	770	6 
[14, 22, 0, 1]  	772	7 
[19, 18, 0, 1]  	775	7 
[7, 28, 0, 1]  	777	6 
[18, 19, 0, 1]  	779	7 
[3, 29, 2, 1]  	786	5 
[3, 0, 24, 1]  	801	5 
[4, 9, 18, 1]  	841	5 
[3, 27, 6, 1]  	864	4 
[3, 23, 9, 1]  	865	4 
[3, 26, 7, 1]  	872	4 
[2, 7, 22, 1]  	881	3 
[2, 10, 20, 1]  	888	3 
[2, 13, 18, 1]  	895	3 
[2, 9, 21, 1]  	896	3 
[1, 10, 21, 1]  	900	2 
[2, 12, 19, 1]  	903	3 
[1, 12, 20, 1]  	915	2 
[1, 18, 16, 1]  	929	3 
[1, 1, 29, 1]  	941	2 
[0, 44, 0, 1]  	1012	2 
[11, 0, 14, 2]  	643	9 
[6, 28, 0, 2]  	758	7 
[3, 4, 22, 2]  	831	4 
[2, 14, 17, 3]  	887	4 
[1, 31, 5, 22]  	887	3 
[5, 14, 11, 23]  	758	6 
[2, 21, 10, 23]  	831	3 
[9, 2, 6, 24]  	403	4 
[5, 14, 4, 24]  	541	5 
[10, 17, 2, 24]  	643	8 
[10, 20, 1, 24]  	681	7 
[7, 5, 14, 24]  	682	8 
[4, 25, 2, 24]  	713	5 
[3, 31, 0, 24]  	770	5 
[4, 17, 10, 24]  	777	5 
[2, 15, 13, 24]  	786	4 
[4, 3, 21, 24]  	796	4 
[2, 17, 12, 24]  	801	4 
[1, 29, 5, 24]  	841	2 
[1, 26, 8, 24]  	865	2 
[1, 24, 10, 24]  	881	2 
[0, 27, 9, 24]  	900	1 
[0, 29, 8, 24]  	915	1 
[0, 13, 20, 24]  	919	1 
[0, 35, 4, 24]  	929	2 
[0, 15, 19, 24]  	934	1 
[0, 18, 17, 24]  	941	1 
------
The gap is between 4 and 21.
Lengths: 3 3 5 5 3 3.
For 982 = 5*d/2-d1-d2-d3 you get 3 in char 0.
1*x^1*y^23*z^14
1*y^40*z^2
1*y^9*z^25

For 560 = 3*d/2-d1-d2-d3 you get 5 in char 0.
1*x^4*y^17*z^3
1*x^3*y^3*z^14
1*x^2*y^20*z^2
1*x^1*y^6*z^13
1*y^23*z^1

For 138 = d/2-d1-d2-d3 you get 3 in char 0.
1*x^4*z^2
1*x^2*y^3*z^1
1*y^6

Extra powers of p used 0.
The invariant extra is equal to 1.
Start computing 7^3 Delta^1 (x1x2x3)^6... Done.
Start computing 7^4 Delta^2 (x1x2x3)^6... Done.
Start computing 7^5 Delta^3 (x1x2x3)^6... Done.
Start computing 7^6 Delta^4 (x1x2x3)^6... Done.
Start computing 7^7 Delta^5 (x1x2x3)^6... Done.
Start computing 7^8 Delta^6 (x1x2x3)^6... Done.
Start computing aa.
1 2 3 4 5 6 7 8 9 10 11 
*/
A = \
[159014088574176055058,115532768075622796751,132006127971011260060,3502962926033576775,2809191323954199317,112667574890976321377,150599626623549039251,174494039827421699595,152804555167286004283,170649294189178943446,182962585735552515298;\
100575195329527197871,170189879852911825065,104977551981707111290,1024219909113777705,58909994527093455823,155684617583097286110,191313473812895604877,158503069274184759334,132713728557841223317,80229328603996944232,150065704899516776377;\
47301909707839350312,121574658838532751984,69119105973237464274,184909356386890192288,81523421046864117069,93377269756088231004,94151221175902487695,137363673747456693705,63036071380792169807,2514369986573130441,186239984312445510020;\
130322634623777752999,184161616942231853188,139430750454147361671,84449647393695687404,149879273534617011735,86691051222349287889,14252372527341020989,135696866225591890023,127084058384430652624,18567654363683079109,4930422074008121334;\
28600360924899241799,64534336857951867845,14736182811937502105,180692284818387397062,22383865263803418102,109018812557034407300,88350573757540566997,151050719644973027950,92783095794753245497,69917216281070122825,150917186416864980784;\
11627280284125097723,175873866552853352228,182466462367969921443,88751416592970915413,125303472951865519465,125356004319134001812,149930178385283969435,78980542219069496817,165576425529182100951,19007482833726984191,177213929192392261029;\
125642368653656699032,150205819651947907951,156624809887486716671,189769904141143885209,129898736125251771979,116623120566313790079,190035933892585277700,175675641991202844491,16527806449242199426,151854875797045921689,189132323837554941515;\
110256472907255672881,52401265251393308532,77294767614060702635,22366682770224012829,16511336081817626819,19210309114423187159,91026535035831478132,106740873161261521028,142665473881675675567,21982149956145251145,2436275277626735335;\
76126453807005062481,4778285837520800197,11518005827363277248,110768802205826908948,82062039402530711244,6129847381031472938,166870125360442880369,97660176932153896046,83732225871635623695,107970128630744818466,130512027253868731807;\
188058773271729542925,74902654955795361990,46584623507233568608,104550491307155682103,71555318122929775127,41505455436466411411,26506228576949542624,163305675349953715572,87083399214630821240,37155327917321538344,26831594763096978855;\
22822875802778782080,23803678580758575655,25489556206559737925,31804937849936628965,70548651688034603804,104560489662898150854,123050836976240341770,81724736759049715772,118713469019900607608,41697792634640335508,38653728343332225543]
/* 
This should be the matrix of frobenius!
*/ 
B = A; 
/* Freed 54 lists. */
