/* Comments begin... 
Coefficient of   x^21 * y^1               = -1
Coefficient of   x^10 * y^2 * z^6         = 2
Coefficient of   x^8 * y^5 * z^5         = 3
Coefficient of   x^6 * y^8 * z^4         = -3
Coefficient of   x^4 * y^11 * z^3         = 3
Coefficient of   x^2 * y^14 * z^2         = -3
Coefficient of   x^1 * z^13               = 0
Coefficient of   y^17 * z^1               = 1

Here is the polynomial we're using this time:

-1*x^21*y^1 + 2*x^10*y^2*z^6 + 3*x^8*y^5*z^5 + -3*x^6*y^8*z^4 + 3*x^4*y^11*z^3 + -3*x^2*y^14*z^2 + 1*y^17*z^1

Allocate G_len 20 elements and old = 0.
Allocate M_len = 400 elements.
Allocate G_len 40 elements and old = 20.
Allocate M_len = 800 elements.
Allocate G_len 80 elements and old = 40.
Allocate M_len = 1600 elements.
Not smooth!
Coefficient of   x^21 * y^1               = 2
Coefficient of   x^10 * y^2 * z^6         = -1
Coefficient of   x^8 * y^5 * z^5         = 1
Coefficient of   x^6 * y^8 * z^4         = -1
Coefficient of   x^4 * y^11 * z^3         = 3
Coefficient of   x^2 * y^14 * z^2         = 1
Coefficient of   x^1 * z^13               = -1
Coefficient of   y^17 * z^1               = -1

Here is the polynomial we're using this time:

2*x^21*y^1 + -1*x^10*y^2*z^6 + 1*x^8*y^5*z^5 + -1*x^6*y^8*z^4 + 3*x^4*y^11*z^3 + 1*x^2*y^14*z^2 + -1*x^1*z^13 + -1*y^17*z^1

Allocate M_len = 3200 elements.
Allocate G_len 160 elements and old = 80.
Allocate M_len = 6400 elements.
Allocate M_len = 12800 elements.
Allocate G_len 320 elements and old = 160.
Allocate M_len = 25600 elements.
Not smooth!
Coefficient of   x^21 * y^1               = -2
Coefficient of   x^10 * y^2 * z^6         = 0
Coefficient of   x^8 * y^5 * z^5         = 2
Coefficient of   x^6 * y^8 * z^4         = 1
Coefficient of   x^4 * y^11 * z^3         = 1
Coefficient of   x^2 * y^14 * z^2         = -2
Coefficient of   x^1 * z^13               = 2
Coefficient of   y^17 * z^1               = -2

Here is the polynomial we're using this time:

-2*x^21*y^1 + 2*x^8*y^5*z^5 + 1*x^6*y^8*z^4 + 1*x^4*y^11*z^3 + -2*x^2*y^14*z^2 + 2*x^1*z^13 + -2*y^17*z^1

The final length of G is 174
[8, 5, 4, 0]  	391	6 
[21, 0, 0, 0]  	399	6  <--- 1
[6, 8, 4, 0]  	422	5 
[6, 11, 3, 0]  	460	6 
[4, 14, 3, 0]  	491	5 
[5, 0, 14, 0]  	529	6 
[19, 8, 3, 0]  	638	6 
[15, 14, 2, 0]  	669	6 
[19, 11, 2, 0]  	676	6 
[13, 17, 2, 0]  	700	8 
[7, 22, 2, 0]  	701	7 
[16, 0, 13, 0]  	707	6 
[19, 14, 1, 0]  	714	7 
[11, 20, 2, 0]  	731	7 
[5, 25, 2, 0]  	732	6 
[4, 11, 13, 0]  	732	6 
[14, 3, 13, 0]  	738	7 
[17, 17, 1, 0]  	745	7 
[20, 0, 12, 0]  	752	6 
[7, 26, 1, 0]  	762	6 
[11, 23, 1, 0]  	769	6 
[5, 28, 1, 0]  	770	6 
[20, 17, 0, 0]  	771	2 
[4, 10, 15, 0]  	771	5 
[4, 29, 1, 0]  	774	6 
[15, 20, 1, 0]  	776	6 
[9, 25, 1, 0]  	777	6 
[4, 28, 2, 0]  	782	6 
[18, 3, 12, 0]  	783	6 
[13, 22, 1, 0]  	784	6 
[3, 32, 0, 0]  	793	5 
[7, 29, 0, 0]  	800	5 
[3, 31, 1, 0]  	801	6 
[3, 15, 13, 0]  	805	5 
[2, 32, 1, 0]  	805	5 
[3, 11, 16, 0]  	806	5 
[11, 26, 0, 0]  	807	5 
[5, 31, 0, 0]  	808	5 
[4, 1, 23, 0]  	812	5 
[15, 23, 0, 0]  	814	5 
[4, 4, 21, 0]  	819	5 
[4, 0, 24, 0]  	820	6 
[13, 25, 0, 0]  	822	5 
[3, 1, 24, 0]  	824	5 
[4, 7, 19, 0]  	826	5 
[4, 3, 22, 0]  	827	5 
[17, 22, 0, 0]  	829	5 
[3, 4, 22, 0]  	831	4 
[4, 6, 20, 0]  	834	5 
[3, 7, 20, 0]  	838	4 
[3, 3, 23, 0]  	839	4 
[4, 9, 18, 0]  	841	5 
[2, 35, 0, 0]  	843	4 
[3, 10, 18, 0]  	845	4 
[3, 6, 21, 0]  	846	4 
[3, 21, 10, 0]  	850	4 
[3, 9, 19, 0]  	853	4 
[3, 24, 8, 0]  	857	4 
[2, 29, 5, 0]  	860	4 
[2, 21, 11, 0]  	862	3 
[3, 23, 9, 0]  	865	4 
[2, 24, 9, 0]  	869	3 
[2, 4, 24, 0]  	874	4 
[2, 31, 4, 0]  	875	5 
[2, 23, 10, 0]  	877	3 
[2, 7, 22, 0]  	881	3 
[2, 26, 8, 0]  	884	3 
[2, 14, 17, 0]  	887	4 
[2, 10, 20, 0]  	888	3 
[1, 15, 17, 0]  	891	3 
[1, 38, 0, 0]  	893	3 
[2, 13, 18, 0]  	895	3 
[2, 9, 21, 0]  	896	3 
[2, 1, 27, 0]  	898	4 
[1, 14, 18, 0]  	899	3 
[2, 12, 19, 0]  	903	3 
[2, 0, 28, 0]  	906	4 
[1, 13, 19, 0]  	907	2 
[1, 32, 5, 0]  	910	3 
[1, 31, 6, 0]  	918	3 
[1, 27, 9, 0]  	919	2 
[0, 32, 6, 0]  	922	2 
[1, 30, 7, 0]  	926	2 
[0, 31, 7, 0]  	930	2 
[1, 29, 8, 0]  	934	2 
[0, 30, 8, 0]  	938	1 
[1, 1, 29, 0]  	941	2 
[1, 24, 12, 0]  	943	3 
[1, 35, 4, 0]  	948	3 
[1, 0, 30, 0]  	949	2 
[0, 1, 30, 0]  	953	1 
[0, 16, 19, 0]  	957	1 
[0, 35, 5, 0]  	960	2 
[0, 0, 31, 0]  	961	1  <--- 3
[1, 21, 15, 0]  	967	3 
[0, 18, 18, 0]  	972	1 
[1, 4, 28, 0]  	979	2 
[0, 4, 29, 0]  	991	1 
[0, 38, 4, 0]  	998	2 
[0, 21, 17, 0]  	1010	1 
[0, 44, 0, 0]  	1012	2  <--- 2
[1, 7, 27, 0]  	1017	2 
[0, 7, 28, 0]  	1029	1 
[0, 41, 3, 0]  	1036	2 
[0, 24, 16, 0]  	1048	1 
[0, 10, 27, 0]  	1067	1 
[0, 27, 15, 0]  	1086	1 
[0, 13, 26, 0]  	1105	1 
[20, 1, 0, 1]  	403	6 
[18, 8, 3, 1]  	619	10 
[14, 14, 2, 1]  	650	10 
[18, 11, 2, 1]  	657	9 
[12, 17, 2, 1]  	681	9 
[15, 0, 13, 1]  	688	9 
[18, 14, 1, 1]  	695	8 
[10, 20, 2, 1]  	712	8 
[13, 3, 13, 1]  	719	8 
[16, 17, 1, 1]  	726	8 
[19, 0, 12, 1]  	733	7 
[6, 26, 1, 1]  	743	7 
[10, 23, 1, 1]  	750	7 
[14, 20, 1, 1]  	757	7 
[8, 25, 1, 1]  	758	7 
[3, 28, 2, 1]  	763	5 
[17, 3, 12, 1]  	764	7 
[12, 22, 1, 1]  	765	7 
[19, 18, 0, 1]  	775	6 
[6, 29, 0, 1]  	781	6 
[3, 14, 13, 1]  	782	5 
[10, 26, 0, 1]  	788	6 
[4, 31, 0, 1]  	789	6 
[14, 23, 0, 1]  	795	6 
[3, 0, 24, 1]  	801	5 
[12, 25, 0, 1]  	803	6 
[16, 22, 0, 1]  	810	6 
[9, 28, 0, 1]  	815	5 
[3, 17, 12, 1]  	820	5 
[2, 18, 12, 1]  	824	4 
[3, 20, 11, 1]  	858	4 
[3, 27, 6, 1]  	864	4 
[2, 28, 6, 1]  	868	4 
[3, 26, 7, 1]  	872	4 
[2, 15, 16, 1]  	879	4 
[1, 10, 21, 1]  	900	2 
[1, 12, 20, 1]  	915	2 
[1, 18, 16, 1]  	929	3 
[8, 28, 0, 2]  	796	6 
[2, 27, 7, 2]  	876	3 
[2, 31, 1, 23]  	782	5 
[4, 3, 21, 23]  	796	5 
[1, 13, 18, 23]  	876	2 
[7, 5, 5, 24]  	403	5 
[5, 11, 4, 24]  	472	5 
[4, 0, 15, 24]  	541	4 
[6, 22, 2, 24]  	682	7 
[4, 25, 2, 24]  	713	5 
[3, 11, 14, 24]  	744	5 
[4, 28, 1, 24]  	751	5 
[1, 31, 1, 24]  	763	3 
[1, 34, 0, 24]  	801	3 
[3, 6, 20, 24]  	815	3 
[3, 23, 8, 24]  	834	3 
[2, 4, 23, 24]  	843	2 
[2, 6, 22, 24]  	858	2 
[2, 13, 17, 24]  	864	2 
[1, 14, 17, 24]  	868	3 
[2, 12, 18, 24]  	872	3 
[1, 30, 6, 24]  	895	2 
[0, 31, 6, 24]  	899	2 
[0, 27, 9, 24]  	900	1 
[0, 29, 8, 24]  	915	1 
[1, 0, 29, 24]  	918	2 
[0, 35, 4, 24]  	929	2 
[1, 4, 27, 24]  	948	2 
------
The gap is between 3 and 22.
Lengths: 3 3 5 5 3 3.
For 982 = 5*d/2-d1-d2-d3 you get 3 in char 0.
1*x^1*y^23*z^14
1*y^40*z^2
1*y^9*z^25

For 560 = 3*d/2-d1-d2-d3 you get 5 in char 0.
1*x^14*y^2*z^8
1*x^3*y^3*z^14
1*x^2*y^20*z^2
1*x^1*y^6*z^13
1*y^23*z^1

For 138 = d/2-d1-d2-d3 you get 3 in char 0.
1*x^4*z^2
1*x^2*y^3*z^1
1*y^6

Extra powers of p used 0.
The invariant extra is equal to 1.
Start computing 7^3 Delta^1 (x1x2x3)^6... Done.
Start computing 7^4 Delta^2 (x1x2x3)^6... Done.
Start computing 7^5 Delta^3 (x1x2x3)^6... Done.
Start computing 7^6 Delta^4 (x1x2x3)^6... Done.
Start computing 7^7 Delta^5 (x1x2x3)^6... Done.
Start computing 7^8 Delta^6 (x1x2x3)^6... Done.
Start computing aa.
1 2 3 4 5 6 7 8 9 10 11 
*/
A = \
[83824846591688064517,49614227312648390636,13606838079951911794,87601868379216696078,165848637658381912962,78349563469668565550,62269024479526304818,188383186039736132410,127124670282159080209,18750770722765255874,156492596253569541707;\
77221084212087448348,181519036145110863540,115902485161133186525,79696987166374453827,163294464545096519068,109598708424906448664,159391886168194484112,18453839469929907064,599525880127265175,24910476414749011170,184253597969791323862;\
25226278307392033439,21125705402621123313,102521535108889541017,165509229644368776068,15902294847656444514,73229766505265689676,110984005063802909626,12354733752469986339,133795253535932639714,117162757625342682386,129473004991454228531;\
19857804361058155690,146279809388829067024,37762842301105692724,1489408126198235208,190347670706885086304,103527145547330763762,36826607625232653235,41360182438093042041,150162701961776170695,27565329520482275004,136997487599156061563;\
114955659868207664909,81947309773941537680,148283107207591662691,21341602590455064484,73124062414293485707,10729576650761265710,97987824754377130377,88001484494763359436,46172635222152388922,78233534032848325068,52611063835142512385;\
21785384685423193614,157145672793111636603,177934034003322981535,181979827962292620491,97731104393580638358,61676740348107608850,125629534221600716062,49530684692399226771,93133542821753350168,12528719910351053661,159091700136388555599;\
19032791960326021209,59475611954460092293,144451949892234161677,126126904948703802850,73119395808807264084,32118104573330770862,19081098979794705014,175980110977153122220,54526708142159652875,174714351442029627249,145549361168689166213;\
43460073256852670833,146521427865799409088,19602649749612837047,60490166288125330631,93289220685570301637,8525399012753582218,50700469640340571681,51156180261439773919,60454005931677429113,158691335406641183776,112186062663569073557;\
179330123963365168276,38139269909267792629,120272832139865628776,172006862282419305855,108686728992750185270,135213272414142330016,126182807775165172164,121973311031196453451,150687856300972414501,25747341265736644911,169527251573418475765;\
55046314992827757410,124354077808591030860,7986152887728434285,53741796661036222326,136735369316761218080,39502319475584107933,8627142141936721165,147071941856608210701,160298531894406458672,17231813919268744341,191273260740320086125;\
48628972662027299903,148429274876387788819,7752639532233527340,12360336510134430587,174301394953655643877,123448145817047611476,117855109778906080952,94004622627380182613,58886090653110677460,176345543940874241150,909757121183056692]
/* 
This should be the matrix of frobenius!
*/ 
B = A; 
/* Freed 52 lists. */
