/* Comments begin... 
Coefficient of   x^21 * y^1               = -2
Coefficient of   x^10 * y^2 * z^6         = 2
Coefficient of   x^8 * y^5 * z^5         = -1
Coefficient of   x^6 * y^8 * z^4         = -3
Coefficient of   x^4 * y^11 * z^3         = 2
Coefficient of   x^2 * y^14 * z^2         = 1
Coefficient of   x^1 * z^13               = 3
Coefficient of   y^17 * z^1               = -1

Here is the polynomial we're using this time:

-2*x^21*y^1 + 2*x^10*y^2*z^6 + -1*x^8*y^5*z^5 + -3*x^6*y^8*z^4 + 2*x^4*y^11*z^3 + 1*x^2*y^14*z^2 + 3*x^1*z^13 + -1*y^17*z^1

Allocate G_len 20 elements and old = 0.
Allocate M_len = 400 elements.
Allocate G_len 40 elements and old = 20.
Allocate M_len = 800 elements.
Allocate G_len 80 elements and old = 40.
Allocate M_len = 1600 elements.
Allocate M_len = 3200 elements.
Allocate G_len 160 elements and old = 80.
Allocate M_len = 6400 elements.
Allocate M_len = 12800 elements.
Allocate G_len 320 elements and old = 160.
Allocate M_len = 25600 elements.
The final length of G is 192
[10, 2, 5, 0]  	391	7 
[21, 0, 0, 0]  	399	7  <--- 1
[8, 5, 5, 0]  	422	6 
[6, 11, 4, 0]  	491	6 
[6, 14, 3, 0]  	529	7 
[5, 0, 15, 0]  	560	6 
[19, 5, 4, 0]  	600	7 
[14, 11, 3, 0]  	612	11 
[17, 8, 4, 0]  	631	10 
[19, 8, 3, 0]  	638	7 
[15, 14, 2, 0]  	669	9 
[9, 3, 14, 0]  	674	9 
[19, 11, 2, 0]  	676	9 
[9, 20, 2, 0]  	693	8 
[14, 0, 14, 0]  	700	9 
[7, 22, 2, 0]  	701	8 
[7, 6, 14, 0]  	705	8 
[16, 0, 13, 0]  	707	8 
[19, 14, 1, 0]  	714	8 
[12, 20, 1, 0]  	719	8 
[7, 8, 13, 0]  	720	8 
[6, 9, 13, 0]  	724	7 
[10, 22, 1, 0]  	727	8 
[9, 23, 1, 0]  	731	7 
[6, 8, 14, 0]  	732	7 
[5, 25, 2, 0]  	732	7 
[5, 9, 14, 0]  	736	7 
[7, 25, 1, 0]  	739	7 
[6, 26, 1, 0]  	743	7 
[13, 19, 2, 0]  	746	7 
[5, 11, 13, 0]  	751	7 
[20, 0, 12, 0]  	752	7 
[15, 19, 1, 0]  	753	7 
[4, 12, 13, 0]  	755	6 
[5, 29, 0, 0]  	762	6 
[4, 11, 14, 0]  	763	6 
[16, 20, 0, 0]  	764	7 
[4, 26, 3, 0]  	767	6 
[9, 26, 0, 0]  	769	6 
[5, 28, 1, 0]  	770	6 
[4, 14, 12, 0]  	770	6 
[20, 17, 0, 0]  	771	2 
[5, 24, 4, 0]  	771	6 
[4, 29, 1, 0]  	774	6 
[13, 23, 0, 0]  	776	6 
[7, 28, 0, 0]  	777	6 
[5, 15, 11, 0]  	781	6 
[4, 28, 2, 0]  	782	6 
[3, 14, 13, 0]  	782	6 
[11, 25, 0, 0]  	784	6 
[3, 29, 2, 0]  	786	5 
[5, 18, 9, 0]  	788	6 
[4, 31, 0, 0]  	789	6 
[15, 22, 0, 0]  	791	6 
[3, 32, 0, 0]  	793	5 
[5, 21, 7, 0]  	795	6 
[5, 17, 10, 0]  	796	6 
[19, 19, 0, 0]  	798	6 
[3, 31, 1, 0]  	801	5 
[3, 0, 24, 0]  	801	5 
[5, 20, 8, 0]  	803	6 
[2, 32, 1, 0]  	805	5 
[4, 25, 5, 0]  	806	6 
[4, 21, 8, 0]  	807	5 
[4, 17, 11, 0]  	808	5 
[5, 23, 6, 0]  	810	6 
[4, 1, 23, 0]  	812	5 
[4, 24, 6, 0]  	814	5 
[4, 20, 9, 0]  	815	5 
[4, 4, 21, 0]  	819	5 
[3, 17, 12, 0]  	820	5 
[4, 23, 7, 0]  	822	5 
[2, 18, 12, 0]  	824	4 
[4, 7, 19, 0]  	826	5 
[4, 3, 22, 0]  	827	5 
[3, 12, 16, 0]  	829	5 
[3, 4, 22, 0]  	831	4 
[4, 10, 17, 0]  	833	5 
[4, 6, 20, 0]  	834	5 
[3, 11, 17, 0]  	837	5 
[3, 7, 20, 0]  	838	4 
[4, 9, 18, 0]  	841	5 
[2, 35, 0, 0]  	843	4 
[3, 10, 18, 0]  	845	4 
[3, 6, 21, 0]  	846	4 
[3, 21, 10, 0]  	850	4 
[3, 9, 19, 0]  	853	4 
[3, 24, 8, 0]  	857	4 
[3, 20, 11, 0]  	858	4 
[2, 29, 5, 0]  	860	4 
[2, 21, 11, 0]  	862	3 
[3, 27, 6, 0]  	864	4 
[3, 23, 9, 0]  	865	4 
[2, 28, 6, 0]  	868	4 
[3, 26, 7, 0]  	872	4 
[2, 4, 24, 0]  	874	4 
[2, 31, 4, 0]  	875	5 
[2, 27, 7, 0]  	876	3 
[2, 23, 10, 0]  	877	3 
[2, 15, 16, 0]  	879	4 
[2, 7, 22, 0]  	881	3 
[2, 26, 8, 0]  	884	3 
[2, 14, 17, 0]  	887	4 
[2, 10, 20, 0]  	888	3 
[1, 15, 17, 0]  	891	3 
[1, 38, 0, 0]  	893	3 
[2, 13, 18, 0]  	895	3 
[2, 9, 21, 0]  	896	3 
[2, 1, 27, 0]  	898	4 
[1, 14, 18, 0]  	899	3 
[1, 10, 21, 0]  	900	2 
[2, 12, 19, 0]  	903	3 
[2, 0, 28, 0]  	906	4 
[1, 32, 5, 0]  	910	3 
[1, 12, 20, 0]  	915	2 
[1, 31, 6, 0]  	918	3 
[1, 27, 9, 0]  	919	2 
[0, 32, 6, 0]  	922	2 
[1, 30, 7, 0]  	926	2 
[1, 18, 16, 0]  	929	3 
[0, 31, 7, 0]  	930	2 
[1, 29, 8, 0]  	934	2 
[0, 30, 8, 0]  	938	1 
[1, 1, 29, 0]  	941	2 
[1, 24, 12, 0]  	943	3 
[1, 35, 4, 0]  	948	3 
[1, 0, 30, 0]  	949	2 
[0, 1, 30, 0]  	953	1 
[0, 16, 19, 0]  	957	1 
[0, 35, 5, 0]  	960	2 
[0, 0, 31, 0]  	961	1  <--- 3
[1, 21, 15, 0]  	967	3 
[0, 18, 18, 0]  	972	1 
[1, 4, 28, 0]  	979	2 
[0, 4, 29, 0]  	991	1 
[0, 38, 4, 0]  	998	2 
[0, 21, 17, 0]  	1010	1 
[0, 44, 0, 0]  	1012	2  <--- 2
[1, 7, 27, 0]  	1017	2 
[0, 7, 28, 0]  	1029	1 
[0, 41, 3, 0]  	1036	2 
[0, 24, 16, 0]  	1048	1 
[0, 10, 27, 0]  	1067	1 
[0, 27, 15, 0]  	1086	1 
[0, 13, 26, 0]  	1105	1 
[20, 1, 0, 1]  	403	7 
[8, 8, 4, 1]  	460	7 
[18, 5, 4, 1]  	581	12 
[18, 8, 3, 1]  	619	11 
[14, 14, 2, 1]  	650	10 
[18, 11, 2, 1]  	657	10 
[12, 0, 14, 1]  	662	9 
[15, 0, 13, 1]  	688	9 
[18, 14, 1, 1]  	695	9 
[11, 19, 2, 1]  	708	8 
[8, 23, 1, 1]  	712	8 
[19, 0, 12, 1]  	733	8 
[14, 19, 1, 1]  	734	8 
[17, 17, 1, 1]  	745	7 
[8, 26, 0, 1]  	750	7 
[12, 23, 0, 1]  	757	7 
[6, 28, 0, 1]  	758	7 
[10, 25, 0, 1]  	765	7 
[14, 22, 0, 1]  	772	7 
[19, 18, 0, 1]  	775	7 
[18, 19, 0, 1]  	779	7 
[4, 18, 10, 1]  	800	5 
[3, 3, 23, 1]  	839	4 
[3, 28, 5, 1]  	856	5 
[1, 13, 19, 1]  	907	2 
[11, 0, 14, 2]  	643	10 
[12, 17, 2, 2]  	681	9 
[10, 19, 2, 2]  	689	9 
[16, 17, 1, 2]  	726	8 
[2, 24, 9, 2]  	869	3 
[9, 3, 13, 23]  	643	8 
[10, 20, 1, 23]  	681	8 
[1, 10, 20, 23]  	869	2 
[9, 2, 6, 24]  	403	6 
[6, 11, 3, 24]  	460	6 
[7, 8, 5, 24]  	472	5 
[5, 14, 4, 24]  	541	6 
[9, 20, 1, 24]  	662	7 
[7, 5, 14, 24]  	682	8 
[8, 22, 1, 24]  	689	7 
[5, 8, 14, 24]  	713	5 
[14, 20, 0, 24]  	726	7 
[4, 25, 3, 24]  	744	5 
[3, 4, 21, 24]  	800	4 
[2, 20, 11, 24]  	839	3 
[2, 14, 16, 24]  	856	4 
[0, 30, 7, 24]  	907	1 
------
The gap is between 3 and 22.
Lengths: 3 3 5 5 3 3.
For 982 = 5*d/2-d1-d2-d3 you get 3 in char 0.
1*x^1*y^23*z^14
1*y^40*z^2
1*y^9*z^25

For 560 = 3*d/2-d1-d2-d3 you get 5 in char 0.
1*x^4*y^17*z^3
1*x^3*y^3*z^14
1*x^2*y^20*z^2
1*x^1*y^6*z^13
1*y^23*z^1

For 138 = d/2-d1-d2-d3 you get 3 in char 0.
1*x^4*z^2
1*x^2*y^3*z^1
1*y^6

Extra powers of p used 0.
The invariant extra is equal to 1.
Start computing 7^3 Delta^1 (x1x2x3)^6... Done.
Start computing 7^4 Delta^2 (x1x2x3)^6... Done.
Start computing 7^5 Delta^3 (x1x2x3)^6... Done.
Start computing 7^6 Delta^4 (x1x2x3)^6... Done.
Start computing 7^7 Delta^5 (x1x2x3)^6... Done.
Start computing 7^8 Delta^6 (x1x2x3)^6... Done.
Start computing aa.
1 2 3 4 5 6 7 8 9 10 11 
*/
A = \
[67159138503694503109,172781268947686024749,149514427813955756106,144932671117242914661,93522300761413478997,49557075124891844125,157638497859685360896,138087165774236855029,15342292248024255794,20513643406436519521,110653252690497517798;\
55074085653948343940,23071879171053575338,44065225575920610001,163217468019339703249,124576560166084008997,93274412318912548171,139778040566213617890,70519335934459184927,85244968156698824831,165136043611072230312,56025589355040456963;\
1999651897835218882,36771211366801781688,121752754600893034042,83190013843308899583,137000063284953828526,84002386174016955645,87686094460281469817,128104295799994900379,39064950423992080833,74699000404967863631,53194972377925347452;\
165517921539530180377,181002891769232406810,14119282742664754556,168967239286944166558,11162751721260087151,145145381455023213173,184950785669231180109,50489585884356914071,2753087096272794554,175398506602175848460,188369296840007439079;\
170583084949952345538,75769788462892444495,152233140002892329341,82626074735952055112,42656683595162431536,127194041182601124018,39070065765219397510,36742711613598830357,181337521212699457837,30524487166471520593,190402313143071275729;\
108508275524927012917,90931069371679709169,69396477297780358875,7182574993177296720,5622584124817512860,75494155050636724857,138359734974895574126,167916983052899150588,127729105688418829756,172741562819692281786,137848706955121076362;\
567878331164903172,23790051533253385336,68881584848689559985,92238885173163308321,133860848947670980667,185668137381521603816,20324132143719113283,114701888949365159918,101207232815976942942,112024703509131814779,27265775894320750423;\
73057368012475518727,153468264801317750871,63361136368967498441,132459893056173478152,146830229549745033509,59352064250598192647,154778832218031092617,103040504693300422150,171266083868947036963,71494416726890429699,128459707296865067284;\
123729434865329076607,110529838938306876389,117833767763653836250,137127054448693326983,86640345249555636273,188930764185774158387,157570913331127537108,58075023771285423644,188180772101685245666,23931251389167351789,166375607559350315819;\
149217976012493607315,187607500044272948643,88640129787957017184,28114316305448196257,125320274081158525292,95297467841184526897,100180788836616282025,159401023812501741242,84203455108239598215,152979264849576334365,110821968211213317177;\
185651044517341639467,170620947623633974205,74626835615878885222,54382823039568393678,165386728882445632807,83309511792501403885,127961840700477600516,701884454771021865,163471915140878355277,108556440895018761036,172958873815827968631]
/* 
This should be the matrix of frobenius!
*/ 
B = A; 
/* Freed 54 lists. */
