/* Comments begin... 
Coefficient of   x^21 * y^1               = 2
Coefficient of   x^10 * y^2 * z^6         = 2
Coefficient of   x^8 * y^5 * z^5         = 1
Coefficient of   x^6 * y^8 * z^4         = -3
Coefficient of   x^4 * y^11 * z^3         = 1
Coefficient of   x^2 * y^14 * z^2         = 2
Coefficient of   x^1 * z^13               = -2
Coefficient of   y^17 * z^1               = 1

Here is the polynomial we're using this time:

2*x^21*y^1 + 2*x^10*y^2*z^6 + 1*x^8*y^5*z^5 + -3*x^6*y^8*z^4 + 1*x^4*y^11*z^3 + 2*x^2*y^14*z^2 + -2*x^1*z^13 + 1*y^17*z^1

Allocate G_len 20 elements and old = 0.
Allocate M_len = 400 elements.
Allocate G_len 40 elements and old = 20.
Allocate M_len = 800 elements.
Allocate G_len 80 elements and old = 40.
Allocate M_len = 1600 elements.
Allocate M_len = 3200 elements.
Allocate G_len 160 elements and old = 80.
Allocate M_len = 6400 elements.
Allocate M_len = 12800 elements.
Allocate G_len 320 elements and old = 160.
Allocate M_len = 25600 elements.
The final length of G is 198
[10, 2, 5, 0]  	391	7 
[21, 0, 0, 0]  	399	7  <--- 1
[8, 5, 5, 0]  	422	6 
[6, 11, 4, 0]  	491	6 
[6, 14, 3, 0]  	529	7 
[5, 0, 15, 0]  	560	6 
[19, 5, 4, 0]  	600	7 
[14, 11, 3, 0]  	612	11 
[17, 8, 4, 0]  	631	10 
[19, 8, 3, 0]  	638	7 
[15, 14, 2, 0]  	669	9 
[9, 3, 14, 0]  	674	9 
[19, 11, 2, 0]  	676	9 
[12, 17, 2, 0]  	681	9 
[9, 20, 2, 0]  	693	8 
[14, 0, 14, 0]  	700	8 
[7, 22, 2, 0]  	701	8 
[7, 6, 14, 0]  	705	8 
[16, 0, 13, 0]  	707	8 
[11, 19, 2, 0]  	708	8 
[19, 14, 1, 0]  	714	8 
[7, 8, 13, 0]  	720	8 
[6, 9, 13, 0]  	724	7 
[9, 23, 1, 0]  	731	7 
[6, 8, 14, 0]  	732	7 
[5, 25, 2, 0]  	732	7 
[5, 9, 14, 0]  	736	7 
[13, 20, 1, 0]  	738	7 
[7, 25, 1, 0]  	739	7 
[6, 26, 1, 0]  	743	7 
[17, 17, 1, 0]  	745	7 
[11, 22, 1, 0]  	746	7 
[5, 11, 13, 0]  	751	7 
[20, 0, 12, 0]  	752	7 
[15, 19, 1, 0]  	753	7 
[5, 29, 0, 0]  	762	6 
[4, 11, 14, 0]  	763	6 
[4, 26, 3, 0]  	767	6 
[9, 26, 0, 0]  	769	6 
[5, 28, 1, 0]  	770	6 
[4, 14, 12, 0]  	770	6 
[20, 17, 0, 0]  	771	2 
[5, 24, 4, 0]  	771	6 
[7, 28, 0, 0]  	777	6 
[5, 15, 11, 0]  	781	6 
[4, 28, 2, 0]  	782	7 
[17, 20, 0, 0]  	783	6 
[11, 25, 0, 0]  	784	6 
[5, 18, 9, 0]  	788	6 
[4, 31, 0, 0]  	789	6 
[15, 22, 0, 0]  	791	6 
[3, 32, 0, 0]  	793	5 
[5, 21, 7, 0]  	795	6 
[5, 17, 10, 0]  	796	6 
[19, 19, 0, 0]  	798	6 
[4, 18, 10, 0]  	800	5 
[3, 0, 24, 0]  	801	5 
[5, 20, 8, 0]  	803	6 
[3, 15, 13, 0]  	805	6 
[4, 25, 5, 0]  	806	6 
[4, 21, 8, 0]  	807	5 
[4, 17, 11, 0]  	808	5 
[5, 23, 6, 0]  	810	6 
[4, 24, 6, 0]  	814	5 
[4, 20, 9, 0]  	815	5 
[4, 4, 21, 0]  	819	5 
[3, 17, 12, 0]  	820	5 
[4, 23, 7, 0]  	822	5 
[2, 18, 12, 0]  	824	4 
[4, 3, 22, 0]  	827	5 
[3, 12, 16, 0]  	829	5 
[3, 4, 22, 0]  	831	4 
[4, 10, 17, 0]  	833	5 
[4, 6, 20, 0]  	834	5 
[3, 11, 17, 0]  	837	5 
[3, 7, 20, 0]  	838	4 
[3, 3, 23, 0]  	839	4 
[2, 35, 0, 0]  	843	4 
[3, 10, 18, 0]  	845	4 
[3, 6, 21, 0]  	846	4 
[3, 21, 10, 0]  	850	4 
[3, 9, 19, 0]  	853	4 
[3, 28, 5, 0]  	856	5 
[3, 24, 8, 0]  	857	4 
[3, 20, 11, 0]  	858	4 
[2, 29, 5, 0]  	860	4 
[2, 21, 11, 0]  	862	3 
[3, 27, 6, 0]  	864	4 
[3, 23, 9, 0]  	865	4 
[2, 28, 6, 0]  	868	4 
[3, 26, 7, 0]  	872	4 
[2, 4, 24, 0]  	874	4 
[2, 27, 7, 0]  	876	3 
[2, 23, 10, 0]  	877	3 
[2, 15, 16, 0]  	879	4 
[2, 7, 22, 0]  	881	3 
[2, 26, 8, 0]  	884	3 
[2, 14, 17, 0]  	887	4 
[2, 10, 20, 0]  	888	3 
[1, 15, 17, 0]  	891	3 
[1, 38, 0, 0]  	893	3 
[2, 13, 18, 0]  	895	3 
[2, 9, 21, 0]  	896	3 
[2, 32, 4, 0]  	898	4 
[2, 1, 27, 0]  	898	4 
[1, 14, 18, 0]  	899	3 
[1, 10, 21, 0]  	900	2 
[2, 12, 19, 0]  	903	3 
[2, 0, 28, 0]  	906	4 
[1, 13, 19, 0]  	907	2 
[1, 32, 5, 0]  	910	3 
[1, 12, 20, 0]  	915	2 
[1, 31, 6, 0]  	918	3 
[0, 32, 6, 0]  	922	2 
[1, 30, 7, 0]  	926	2 
[1, 18, 16, 0]  	929	3 
[0, 31, 7, 0]  	930	2 
[0, 30, 8, 0]  	938	1 
[1, 1, 29, 0]  	941	2 
[1, 24, 12, 0]  	943	3 
[1, 35, 4, 0]  	948	3 
[1, 0, 30, 0]  	949	2 
[0, 1, 30, 0]  	953	1 
[0, 16, 19, 0]  	957	1 
[0, 35, 5, 0]  	960	2 
[0, 0, 31, 0]  	961	1  <--- 3
[1, 21, 15, 0]  	967	3 
[0, 18, 18, 0]  	972	1 
[1, 4, 28, 0]  	979	2 
[0, 4, 29, 0]  	991	1 
[0, 38, 4, 0]  	998	2 
[0, 21, 17, 0]  	1010	1 
[1, 7, 27, 0]  	1017	2 
[0, 7, 28, 0]  	1029	1 
[0, 41, 3, 0]  	1036	2 
[0, 24, 16, 0]  	1048	1 
[0, 10, 27, 0]  	1067	1 
[0, 47, 0, 0]  	1081	1  <--- 2
[0, 27, 15, 0]  	1086	1 
[0, 13, 26, 0]  	1105	1 
[20, 1, 0, 1]  	403	7 
[8, 8, 4, 1]  	460	7 
[18, 5, 4, 1]  	581	12 
[18, 8, 3, 1]  	619	11 
[14, 14, 2, 1]  	650	10 
[18, 11, 2, 1]  	657	10 
[13, 0, 14, 1]  	681	9 
[15, 0, 13, 1]  	688	9 
[10, 19, 2, 1]  	689	9 
[18, 14, 1, 1]  	695	9 
[8, 23, 1, 1]  	712	8 
[12, 20, 1, 1]  	719	8 
[16, 17, 1, 1]  	726	8 
[10, 22, 1, 1]  	727	8 
[19, 0, 12, 1]  	733	8 
[14, 19, 1, 1]  	734	8 
[8, 26, 0, 1]  	750	7 
[4, 12, 13, 1]  	755	6 
[6, 28, 0, 1]  	758	7 
[16, 20, 0, 1]  	764	7 
[10, 25, 0, 1]  	765	7 
[14, 22, 0, 1]  	772	7 
[4, 29, 1, 1]  	774	6 
[19, 18, 0, 1]  	775	7 
[13, 23, 0, 1]  	776	6 
[18, 19, 0, 1]  	779	7 
[3, 14, 13, 1]  	782	6 
[3, 29, 2, 1]  	786	5 
[3, 31, 1, 1]  	801	5 
[2, 32, 1, 1]  	805	5 
[4, 7, 19, 1]  	826	5 
[4, 9, 18, 1]  	841	5 
[2, 24, 9, 1]  	869	3 
[2, 31, 4, 1]  	875	5 
[1, 27, 9, 1]  	919	2 
[1, 29, 8, 1]  	934	2 
[0, 44, 0, 1]  	1012	2 
[12, 0, 14, 2]  	662	9 
[12, 23, 0, 2]  	757	7 
[4, 1, 23, 2]  	812	5 
[11, 0, 14, 3]  	643	10 
[10, 17, 2, 23]  	643	9 
[5, 18, 8, 23]  	757	6 
[3, 18, 11, 23]  	812	4 
[9, 2, 6, 24]  	403	6 
[6, 11, 3, 24]  	460	5 
[7, 8, 5, 24]  	472	6 
[5, 14, 4, 24]  	541	5 
[7, 5, 14, 24]  	682	8 
[5, 8, 14, 24]  	713	7 
[4, 25, 3, 24]  	744	5 
[2, 15, 12, 24]  	755	4 
[4, 21, 7, 24]  	776	5 
[2, 0, 24, 24]  	782	3 
[3, 24, 6, 24]  	795	3 
[1, 10, 20, 24]  	869	2 
[0, 13, 20, 24]  	919	1 
[0, 15, 19, 24]  	934	1 
------
The gap is between 4 and 22.
Lengths: 3 3 5 5 3 3.
For 982 = 5*d/2-d1-d2-d3 you get 3 in char 0.
1*x^1*y^23*z^14
1*y^40*z^2
1*y^9*z^25

For 560 = 3*d/2-d1-d2-d3 you get 5 in char 0.
1*x^4*y^17*z^3
1*x^3*y^3*z^14
1*x^2*y^20*z^2
1*x^1*y^6*z^13
1*y^23*z^1

For 138 = d/2-d1-d2-d3 you get 3 in char 0.
1*x^4*z^2
1*x^2*y^3*z^1
1*y^6

Extra powers of p used 0.
The invariant extra is equal to 1.
Start computing 7^3 Delta^1 (x1x2x3)^6... Done.
Start computing 7^4 Delta^2 (x1x2x3)^6... Done.
Start computing 7^5 Delta^3 (x1x2x3)^6... Done.
Start computing 7^6 Delta^4 (x1x2x3)^6... Done.
Start computing 7^7 Delta^5 (x1x2x3)^6... Done.
Start computing 7^8 Delta^6 (x1x2x3)^6... Done.
Start computing aa.
1 2 3 4 5 6 7 8 9 10 11 
*/
A = \
[121616658129572549858,143178694140787358765,770469214756134325,157587473857054854655,5456135364699607819,119500321764170949448,159620411829201094912,47192331260843393912,5672070113836414764,93829474008154794749,176726565578843240352;\
27234681615349502091,154785544976394696765,150086073859181009443,138817838346719708687,44711427098181521524,81587252655807021585,174951079024937198508,188942096830213432727,121586318951942615806,171245009413533737934,108847604329689868286;\
70679048217656025082,110102973502577090281,31942901424557518829,26147960142768383577,94782476214620493712,69250472678967863346,138065225397576246357,183992614558904507237,144957731517951932272,47999059230438628914,53009170651807306377;\
58258961267339603864,74263050634207067066,100311062283174398248,59553550532830087118,111386485025146522436,41946482801338756298,69454826578319517370,24838359540455827723,49640393949433627487,126770665907677644076,58176869968802482828;\
181030477646755026326,176545690185666582639,137425150994904694450,110346129839371045102,185738596801949710428,145369454790899967103,23630361396217986326,71453673532068256625,187633663333650230844,113025491709738615210,18675341484927927625;\
122651798261616231158,57829042851614664520,179411527375210056514,39766373489187198189,135015576264556975008,185594388560702784754,130703969672607734487,166210790179780913378,105405940730394733898,98265018614565944470,93079768541700368365;\
8085913775303908200,103095967489630972095,115550580465004178025,110479500787567836652,129808978752957445648,30782063903256244558,175819410499565543347,183333880600624749114,68413333088124390401,164621040999921263604,142603264255231609767;\
185291421880696533997,132342255366144040097,158473813322736373588,153739476594343619931,153694846424031559374,49646591589277912908,191084857110070737219,65053281683566633422,157752310561712297697,40566890972226499629,168299448077977240829;\
60097376088889227609,439427173809154826,80956822867173897790,172895080867355695198,168088207451702202231,54147543576158997230,96998562180664906223,92374459847766991825,83760877687548061861,77265998386927033061,168298270473118165604;\
159465925580011313807,26978932749995452412,98955785297314458584,136309482319943726332,72933908705115906147,69423411184825022045,147122665334924909938,183735866900346485102,3928854158172839203,117867917774350308901,148394932427087168438;\
125041716157504489963,49077921719722760808,154762535503046438471,69134915820094192908,182032798330552840062,64215901279520936316,55358012249478244194,35504272350846355833,168516486939711153047,81683677331661533660,91246999095926414776]
/* 
This should be the matrix of frobenius!
*/ 
B = A; 
/* Freed 54 lists. */
