/* Comments begin... 
Coefficient of   x^21 * y^1               = -3
Coefficient of   x^10 * y^2 * z^6         = -3
Coefficient of   x^8 * y^5 * z^5         = -2
Coefficient of   x^6 * y^8 * z^4         = -2
Coefficient of   x^4 * y^11 * z^3         = -3
Coefficient of   x^2 * y^14 * z^2         = -2
Coefficient of   x^1 * z^13               = 3
Coefficient of   y^17 * z^1               = 1

Here is the polynomial we're using this time:

-3*x^21*y^1 + -3*x^10*y^2*z^6 + -2*x^8*y^5*z^5 + -2*x^6*y^8*z^4 + -3*x^4*y^11*z^3 + -2*x^2*y^14*z^2 + 3*x^1*z^13 + 1*y^17*z^1

Allocate G_len 20 elements and old = 0.
Allocate M_len = 400 elements.
Allocate G_len 40 elements and old = 20.
Allocate M_len = 800 elements.
Allocate G_len 80 elements and old = 40.
Allocate M_len = 1600 elements.
Allocate M_len = 3200 elements.
Allocate G_len 160 elements and old = 80.
Allocate M_len = 6400 elements.
Allocate M_len = 12800 elements.
Allocate G_len 320 elements and old = 160.
Allocate M_len = 25600 elements.
The final length of G is 206
[10, 2, 5, 0]  	391	7 
[21, 0, 0, 0]  	399	7  <--- 1
[8, 5, 5, 0]  	422	6 
[8, 8, 4, 0]  	460	7 
[6, 14, 3, 0]  	529	7 
[7, 0, 15, 0]  	598	7 
[19, 5, 4, 0]  	600	7 
[15, 11, 3, 0]  	631	10 
[19, 8, 3, 0]  	638	7 
[12, 0, 14, 0]  	662	9 
[15, 14, 2, 0]  	669	10 
[9, 3, 14, 0]  	674	9 
[19, 11, 2, 0]  	676	7 
[9, 20, 2, 0]  	693	8 
[13, 17, 2, 0]  	700	9 
[7, 22, 2, 0]  	701	8 
[7, 6, 14, 0]  	705	8 
[16, 0, 13, 0]  	707	9 
[11, 19, 2, 0]  	708	8 
[19, 14, 1, 0]  	714	9 
[7, 8, 13, 0]  	720	8 
[6, 9, 13, 0]  	724	7 
[9, 23, 1, 0]  	731	7 
[6, 8, 14, 0]  	732	7 
[5, 25, 2, 0]  	732	7 
[5, 9, 14, 0]  	736	7 
[13, 20, 1, 0]  	738	7 
[7, 25, 1, 0]  	739	8 
[6, 26, 1, 0]  	743	7 
[17, 17, 1, 0]  	745	8 
[11, 22, 1, 0]  	746	8 
[5, 11, 13, 0]  	751	7 
[20, 0, 12, 0]  	752	7 
[15, 19, 1, 0]  	753	7 
[4, 12, 13, 0]  	755	6 
[7, 11, 12, 0]  	758	8 
[6, 12, 12, 0]  	762	7 
[4, 11, 14, 0]  	763	6 
[4, 26, 3, 0]  	767	6 
[9, 26, 0, 0]  	769	6 
[5, 28, 1, 0]  	770	6 
[4, 14, 12, 0]  	770	6 
[20, 17, 0, 0]  	771	2 
[6, 7, 16, 0]  	771	6 
[5, 24, 4, 0]  	771	6 
[4, 29, 1, 0]  	774	6 
[13, 23, 0, 0]  	776	7 
[7, 28, 0, 0]  	777	7 
[6, 29, 0, 0]  	781	6 
[5, 15, 11, 0]  	781	6 
[4, 28, 2, 0]  	782	6 
[3, 14, 13, 0]  	782	6 
[17, 20, 0, 0]  	783	7 
[11, 25, 0, 0]  	784	6 
[3, 29, 2, 0]  	786	5 
[6, 1, 21, 0]  	788	6 
[5, 18, 9, 0]  	788	6 
[4, 31, 0, 0]  	789	6 
[15, 22, 0, 0]  	791	7 
[3, 32, 0, 0]  	793	5 
[6, 4, 19, 0]  	795	6 
[5, 21, 7, 0]  	795	6 
[6, 0, 22, 0]  	796	6 
[5, 17, 10, 0]  	796	6 
[19, 19, 0, 0]  	798	6 
[5, 1, 22, 0]  	800	5 
[4, 18, 10, 0]  	800	5 
[3, 31, 1, 0]  	801	5 
[3, 0, 24, 0]  	801	5 
[6, 3, 20, 0]  	803	6 
[5, 20, 8, 0]  	803	6 
[2, 32, 1, 0]  	805	5 
[5, 8, 17, 0]  	806	6 
[4, 25, 5, 0]  	806	6 
[5, 4, 20, 0]  	807	5 
[4, 21, 8, 0]  	807	5 
[5, 0, 23, 0]  	808	5 
[4, 17, 11, 0]  	808	5 
[6, 6, 18, 0]  	810	6 
[5, 23, 6, 0]  	810	6 
[5, 3, 21, 0]  	815	5 
[4, 20, 9, 0]  	815	5 
[4, 4, 21, 0]  	819	5 
[3, 17, 12, 0]  	820	5 
[5, 6, 19, 0]  	822	5 
[4, 23, 7, 0]  	822	5 
[2, 18, 12, 0]  	824	4 
[4, 7, 19, 0]  	826	5 
[4, 3, 22, 0]  	827	5 
[3, 12, 16, 0]  	829	5 
[3, 4, 22, 0]  	831	4 
[4, 10, 17, 0]  	833	5 
[4, 6, 20, 0]  	834	5 
[3, 11, 17, 0]  	837	5 
[3, 7, 20, 0]  	838	4 
[3, 3, 23, 0]  	839	4 
[4, 9, 18, 0]  	841	5 
[2, 35, 0, 0]  	843	4 
[3, 10, 18, 0]  	845	4 
[3, 6, 21, 0]  	846	4 
[3, 9, 19, 0]  	853	4 
[3, 28, 5, 0]  	856	5 
[3, 20, 11, 0]  	858	4 
[2, 29, 5, 0]  	860	4 
[2, 21, 11, 0]  	862	3 
[3, 23, 9, 0]  	865	4 
[2, 28, 6, 0]  	868	4 
[2, 24, 9, 0]  	869	3 
[3, 26, 7, 0]  	872	4 
[2, 4, 24, 0]  	874	4 
[2, 31, 4, 0]  	875	5 
[2, 27, 7, 0]  	876	3 
[2, 23, 10, 0]  	877	3 
[2, 15, 16, 0]  	879	4 
[2, 7, 22, 0]  	881	3 
[2, 26, 8, 0]  	884	3 
[2, 14, 17, 0]  	887	4 
[2, 10, 20, 0]  	888	3 
[1, 15, 17, 0]  	891	3 
[1, 38, 0, 0]  	893	3 
[2, 13, 18, 0]  	895	3 
[2, 9, 21, 0]  	896	3 
[2, 1, 27, 0]  	898	4 
[1, 14, 18, 0]  	899	3 
[1, 10, 21, 0]  	900	2 
[2, 12, 19, 0]  	903	3 
[2, 0, 28, 0]  	906	4 
[1, 13, 19, 0]  	907	2 
[1, 32, 5, 0]  	910	3 
[1, 12, 20, 0]  	915	2 
[1, 27, 9, 0]  	919	2 
[0, 32, 6, 0]  	922	2 
[1, 30, 7, 0]  	926	2 
[1, 18, 16, 0]  	929	3 
[0, 31, 7, 0]  	930	2 
[1, 29, 8, 0]  	934	2 
[0, 30, 8, 0]  	938	1 
[1, 1, 29, 0]  	941	2 
[1, 24, 12, 0]  	943	3 
[1, 35, 4, 0]  	948	3 
[1, 0, 30, 0]  	949	2 
[0, 1, 30, 0]  	953	1 
[0, 16, 19, 0]  	957	1 
[0, 35, 5, 0]  	960	2 
[0, 0, 31, 0]  	961	1  <--- 3
[1, 21, 15, 0]  	967	3 
[0, 18, 18, 0]  	972	1 
[1, 4, 28, 0]  	979	2 
[0, 4, 29, 0]  	991	1 
[0, 38, 4, 0]  	998	2 
[0, 21, 17, 0]  	1010	1 
[0, 44, 0, 0]  	1012	2  <--- 2
[1, 7, 27, 0]  	1017	2 
[0, 7, 28, 0]  	1029	1 
[0, 41, 3, 0]  	1036	2 
[0, 24, 16, 0]  	1048	1 
[0, 10, 27, 0]  	1067	1 
[0, 27, 15, 0]  	1086	1 
[0, 13, 26, 0]  	1105	1 
[20, 1, 0, 1]  	403	7 
[6, 11, 4, 1]  	491	5 
[5, 0, 15, 1]  	560	6 
[18, 5, 4, 1]  	581	12 
[14, 11, 3, 1]  	612	11 
[18, 8, 3, 1]  	619	11 
[11, 0, 14, 1]  	643	10 
[14, 14, 2, 1]  	650	10 
[18, 11, 2, 1]  	657	11 
[12, 17, 2, 1]  	681	9 
[15, 0, 13, 1]  	688	10 
[10, 19, 2, 1]  	689	9 
[18, 14, 1, 1]  	695	10 
[8, 23, 1, 1]  	712	8 
[12, 20, 1, 1]  	719	9 
[16, 17, 1, 1]  	726	9 
[10, 22, 1, 1]  	727	9 
[19, 0, 12, 1]  	733	9 
[14, 19, 1, 1]  	734	9 
[8, 26, 0, 1]  	750	8 
[12, 23, 0, 1]  	757	8 
[5, 29, 0, 1]  	762	6 
[16, 20, 0, 1]  	764	8 
[10, 25, 0, 1]  	765	8 
[14, 22, 0, 1]  	772	8 
[19, 18, 0, 1]  	775	8 
[18, 19, 0, 1]  	779	8 
[4, 1, 23, 1]  	812	5 
[4, 24, 6, 1]  	814	5 
[3, 21, 10, 1]  	850	4 
[3, 24, 8, 1]  	857	4 
[1, 31, 6, 1]  	918	3 
[6, 28, 0, 2]  	758	7 
[3, 27, 6, 2]  	864	4 
[5, 14, 4, 23]  	541	6 
[4, 25, 3, 23]  	744	5 
[3, 10, 17, 23]  	814	3 
[2, 13, 17, 23]  	864	3 
[9, 2, 6, 24]  	403	6 
[7, 8, 5, 24]  	472	6 
[4, 14, 3, 24]  	491	4 
[7, 5, 14, 24]  	682	8 
[5, 8, 14, 24]  	713	4 
[3, 18, 11, 24]  	812	4 
[2, 7, 21, 24]  	850	3 
[2, 10, 19, 24]  	857	2 
[1, 0, 29, 24]  	918	2 
------
The gap is between 3 and 22.
Lengths: 3 3 5 6 3 3.
For 982 = 5*d/2-d1-d2-d3 you get 3 in char 0.
1*x^1*y^23*z^14
1*y^40*z^2
1*y^9*z^25

For 560 = 3*d/2-d1-d2-d3 you get 5 in char 0.
1*x^4*y^17*z^3
1*x^3*y^3*z^14
1*x^2*y^20*z^2
1*x^1*y^6*z^13
1*y^23*z^1

For 138 = d/2-d1-d2-d3 you get 3 in char 0.
1*x^4*z^2
1*x^2*y^3*z^1
1*y^6

Extra powers of p used 1.
The invariant extra is equal to 1.
Start computing 7^3 Delta^1 (x1x2x3)^6... Done.
Start computing 7^4 Delta^2 (x1x2x3)^6... Done.
Start computing 7^5 Delta^3 (x1x2x3)^6... Done.
Start computing 7^6 Delta^4 (x1x2x3)^6... Done.
Start computing 7^7 Delta^5 (x1x2x3)^6... Done.
Start computing 7^8 Delta^6 (x1x2x3)^6... Done.
Start computing aa.
1 2 3 4 5 6 7 8 9 10 11 
*/
A = \
[90909569761623007206,121433428460140865474,88354438342071116194,119643704451393362331,88206140360527279734,118398740056425671668,68480875544628531551,110259835989120228894,43860710642812895776,52114677270001578428,138425373768538040387;\
128717964513217304365,183114897378297317069,63323004212850432694,93131985526825277214,58202352109885845400,187221170377331902623,105276073809040457295,176385745368012920229,43779804171992912716,51330653622969867328,57963806786289773663;\
190459723612515703381,53178083312448800034,18126668314519545725,117057099442799582584,171411111789187371031,165009687230578487507,131625240263178154122,82514959411196595577,65544909862680065769,168697665350431318668,128260996280085816175;\
70734168360486226994,58638782265221816449,119365843342050098215,10844129526865088902,166893497581567194424,122441673404921447640,65404946138613609605,76531092762651118753,10199250848152768703,96228479083944053322,63802996131848894123;\
8133972852652283900,62386703620443039701,77433149639995350067,77576272450609779007,94024583797046157738,2234885416691578784,140481397122665195478,1020975698932893228,132173697724434472470,182256553624667959185,132102721328627011081;\
58291954459041363000,128461845770528216118,178477978447679185073,168133434864429470198,191111919388476376367,66616882811962810810,142748636889343766729,71887067876358249522,74488910667270899366,63829839048909567431,79729560545418650230;\
17850283146710135926,32650597374311883232,5220599349081602941,10667470434876109358,26478143997158500521,83914082086455081321,157202210729399343291,157018809769941420126,183845749071158672792,96928452331889590447,14702889017601602209;\
60659385563732726801,24408095168549772797,28267476075233748482,1878380926926114513,101800157022952556259,9024424855570814067,170108797268594810003,61794530933452284163,79639933532943155554,69247391909033288881,111647222748606103468;\
100375942507765943655,187189210351081690941,150560968341654602760,59174186800485771693,190775208979423029318,133910023781574051347,144275965299216560544,134159303120559256540,25533660744166482159,60123829188910256749,177182542329288688990;\
15870718040424304594,72242290037068390185,62193775729195836583,11889760451154234152,91356345060898782116,161949894255146175717,103938691419839939474,22448395658940654683,91770156730730825907,10238467453629179954,159422977417516558648;\
44425754341999524591,184714053935880617422,62499972863784900782,159433755233568923422,42203665778131800782,136503391692648774451,44905431937553757073,153750310993600609386,31329128600681772056,34549678497927064570,35696812088873077989]
/* 
This matrix times 7^(-1) should be the matrix of frobenius.
*/ 
B = 7^(-1) * A; 
/* Freed 54 lists. */
