/* Comments begin... 
Coefficient of   x^21 * y^1               = -3
Coefficient of   x^10 * y^2 * z^6         = 1
Coefficient of   x^8 * y^5 * z^5         = 1
Coefficient of   x^6 * y^8 * z^4         = 0
Coefficient of   x^4 * y^11 * z^3         = -2
Coefficient of   x^2 * y^14 * z^2         = -2
Coefficient of   x^1 * z^13               = 2
Coefficient of   y^17 * z^1               = -2

Here is the polynomial we're using this time:

-3*x^21*y^1 + 1*x^10*y^2*z^6 + 1*x^8*y^5*z^5 + -2*x^4*y^11*z^3 + -2*x^2*y^14*z^2 + 2*x^1*z^13 + -2*y^17*z^1

Allocate G_len 20 elements and old = 0.
Allocate M_len = 400 elements.
Allocate G_len 40 elements and old = 20.
Allocate M_len = 800 elements.
Allocate G_len 80 elements and old = 40.
Allocate M_len = 1600 elements.
Allocate M_len = 3200 elements.
Allocate G_len 160 elements and old = 80.
Allocate M_len = 6400 elements.
Allocate M_len = 12800 elements.
Allocate G_len 320 elements and old = 160.
Allocate M_len = 25600 elements.
The final length of G is 195
[10, 2, 5, 0]  	391	6 
[21, 0, 0, 0]  	399	6  <--- 1
[8, 5, 5, 0]  	422	5 
[8, 8, 4, 0]  	460	7 
[6, 11, 4, 0]  	491	6 
[6, 14, 3, 0]  	529	7 
[5, 0, 15, 0]  	560	5 
[19, 5, 4, 0]  	600	6 
[15, 11, 3, 0]  	631	5 
[17, 11, 2, 0]  	638	6 
[12, 0, 14, 0]  	662	8 
[15, 14, 2, 0]  	669	5 
[9, 3, 14, 0]  	674	9 
[9, 20, 2, 0]  	693	8 
[13, 17, 2, 0]  	700	8 
[7, 22, 2, 0]  	701	8 
[7, 6, 14, 0]  	705	8 
[11, 19, 2, 0]  	708	8 
[19, 14, 1, 0]  	714	8 
[7, 8, 13, 0]  	720	8 
[6, 9, 13, 0]  	724	7 
[16, 17, 1, 0]  	726	8 
[9, 23, 1, 0]  	731	7 
[6, 8, 14, 0]  	732	7 
[5, 25, 2, 0]  	732	6 
[5, 9, 14, 0]  	736	7 
[13, 20, 1, 0]  	738	7 
[18, 0, 13, 0]  	745	7 
[11, 22, 1, 0]  	746	7 
[5, 11, 13, 0]  	751	7 
[20, 0, 12, 0]  	752	7 
[15, 19, 1, 0]  	753	7 
[4, 12, 13, 0]  	755	6 
[6, 28, 0, 0]  	758	7 
[5, 29, 0, 0]  	762	6 
[4, 26, 3, 0]  	767	6 
[9, 26, 0, 0]  	769	6 
[5, 28, 1, 0]  	770	6 
[4, 14, 12, 0]  	770	6 
[20, 17, 0, 0]  	771	2 
[5, 24, 4, 0]  	771	6 
[4, 29, 1, 0]  	774	6 
[13, 23, 0, 0]  	776	6 
[5, 15, 11, 0]  	781	6 
[4, 28, 2, 0]  	782	6 
[3, 14, 13, 0]  	782	6 
[17, 20, 0, 0]  	783	6 
[11, 25, 0, 0]  	784	6 
[5, 18, 9, 0]  	788	6 
[4, 31, 0, 0]  	789	6 
[15, 22, 0, 0]  	791	6 
[3, 32, 0, 0]  	793	5 
[5, 21, 7, 0]  	795	6 
[5, 17, 10, 0]  	796	6 
[19, 19, 0, 0]  	798	6 
[4, 18, 10, 0]  	800	5 
[3, 31, 1, 0]  	801	6 
[5, 20, 8, 0]  	803	6 
[2, 32, 1, 0]  	805	5 
[4, 25, 5, 0]  	806	6 
[4, 21, 8, 0]  	807	5 
[4, 17, 11, 0]  	808	5 
[5, 23, 6, 0]  	810	6 
[4, 1, 23, 0]  	812	5 
[4, 24, 6, 0]  	814	5 
[4, 20, 9, 0]  	815	5 
[4, 4, 21, 0]  	819	5 
[4, 0, 24, 0]  	820	5 
[3, 17, 12, 0]  	820	5 
[4, 23, 7, 0]  	822	5 
[3, 1, 24, 0]  	824	4 
[2, 18, 12, 0]  	824	4 
[4, 3, 22, 0]  	827	5 
[3, 12, 16, 0]  	829	5 
[3, 4, 22, 0]  	831	4 
[4, 10, 17, 0]  	833	5 
[4, 6, 20, 0]  	834	5 
[3, 11, 17, 0]  	837	5 
[3, 7, 20, 0]  	838	4 
[3, 3, 23, 0]  	839	4 
[4, 9, 18, 0]  	841	5 
[2, 35, 0, 0]  	843	4 
[3, 10, 18, 0]  	845	4 
[3, 6, 21, 0]  	846	4 
[3, 21, 10, 0]  	850	4 
[3, 9, 19, 0]  	853	4 
[3, 24, 8, 0]  	857	4 
[3, 20, 11, 0]  	858	4 
[2, 29, 5, 0]  	860	4 
[2, 21, 11, 0]  	862	3 
[3, 27, 6, 0]  	864	4 
[3, 23, 9, 0]  	865	4 
[2, 28, 6, 0]  	868	4 
[2, 24, 9, 0]  	869	3 
[3, 26, 7, 0]  	872	4 
[2, 4, 24, 0]  	874	4 
[2, 31, 4, 0]  	875	5 
[2, 27, 7, 0]  	876	3 
[2, 23, 10, 0]  	877	3 
[2, 15, 16, 0]  	879	4 
[2, 7, 22, 0]  	881	3 
[2, 26, 8, 0]  	884	3 
[2, 14, 17, 0]  	887	4 
[1, 15, 17, 0]  	891	3 
[1, 38, 0, 0]  	893	3 
[2, 9, 21, 0]  	896	3 
[2, 1, 27, 0]  	898	4 
[1, 14, 18, 0]  	899	3 
[1, 10, 21, 0]  	900	2 
[2, 12, 19, 0]  	903	3 
[2, 0, 28, 0]  	906	4 
[1, 13, 19, 0]  	907	2 
[1, 32, 5, 0]  	910	3 
[1, 12, 20, 0]  	915	2 
[1, 27, 9, 0]  	919	2 
[0, 32, 6, 0]  	922	2 
[0, 31, 7, 0]  	930	2 
[1, 29, 8, 0]  	934	2 
[0, 30, 8, 0]  	938	1 
[1, 24, 12, 0]  	943	3 
[1, 35, 4, 0]  	948	3 
[0, 1, 30, 0]  	953	1 
[0, 16, 19, 0]  	957	1 
[0, 35, 5, 0]  	960	2 
[0, 0, 31, 0]  	961	1  <--- 3
[1, 21, 15, 0]  	967	3 
[0, 18, 18, 0]  	972	1 
[1, 4, 28, 0]  	979	2 
[0, 4, 29, 0]  	991	1 
[0, 38, 4, 0]  	998	2 
[0, 21, 17, 0]  	1010	1 
[0, 44, 0, 0]  	1012	2  <--- 2
[1, 7, 27, 0]  	1017	2 
[0, 7, 28, 0]  	1029	1 
[0, 41, 3, 0]  	1036	2 
[0, 24, 16, 0]  	1048	1 
[0, 10, 27, 0]  	1067	1 
[0, 27, 15, 0]  	1086	1 
[0, 13, 26, 0]  	1105	1 
[20, 1, 0, 1]  	403	6 
[18, 5, 4, 1]  	581	10 
[14, 11, 3, 1]  	612	9 
[16, 11, 2, 1]  	619	10 
[11, 0, 14, 1]  	643	9 
[14, 14, 2, 1]  	650	9 
[12, 17, 2, 1]  	681	9 
[10, 19, 2, 1]  	689	9 
[18, 14, 1, 1]  	695	9 
[16, 0, 13, 1]  	707	8 
[8, 23, 1, 1]  	712	8 
[12, 20, 1, 1]  	719	8 
[10, 22, 1, 1]  	727	8 
[19, 0, 12, 1]  	733	8 
[14, 19, 1, 1]  	734	8 
[7, 25, 1, 1]  	739	7 
[6, 26, 1, 1]  	743	7 
[8, 26, 0, 1]  	750	7 
[12, 23, 0, 1]  	757	7 
[16, 20, 0, 1]  	764	7 
[10, 25, 0, 1]  	765	7 
[14, 22, 0, 1]  	772	7 
[19, 18, 0, 1]  	775	7 
[18, 19, 0, 1]  	779	7 
[3, 29, 2, 1]  	786	5 
[3, 0, 24, 1]  	801	5 
[4, 7, 19, 1]  	826	5 
[3, 28, 5, 1]  	856	5 
[2, 10, 20, 1]  	888	3 
[1, 31, 6, 1]  	918	3 
[1, 30, 7, 1]  	926	2 
[1, 1, 29, 1]  	941	2 
[1, 0, 30, 1]  	949	2 
[15, 0, 13, 2]  	688	9 
[4, 11, 14, 2]  	763	6 
[2, 13, 18, 2]  	895	3 
[1, 18, 16, 2]  	929	3 
[0, 35, 4, 23]  	929	2 
[9, 2, 6, 24]  	403	5 
[7, 8, 5, 24]  	472	6 
[5, 14, 4, 24]  	541	6 
[7, 5, 14, 24]  	682	6 
[14, 17, 1, 24]  	688	8 
[5, 8, 14, 24]  	713	7 
[5, 28, 0, 24]  	739	6 
[5, 12, 12, 24]  	743	6 
[4, 25, 3, 24]  	744	6 
[4, 15, 11, 24]  	762	4 
[3, 28, 2, 24]  	763	5 
[2, 14, 13, 24]  	763	4 
[4, 1, 22, 24]  	781	4 
[2, 17, 12, 24]  	801	4 
[3, 24, 7, 24]  	826	4 
[1, 27, 8, 24]  	888	2 
[1, 30, 6, 24]  	895	2 
[0, 16, 17, 24]  	895	1 
------
The gap is between 3 and 22.
Lengths: 3 3 5 5 3 3.
For 982 = 5*d/2-d1-d2-d3 you get 3 in char 0.
1*x^1*y^23*z^14
1*y^40*z^2
1*y^9*z^25

For 560 = 3*d/2-d1-d2-d3 you get 5 in char 0.
1*x^4*y^17*z^3
1*x^3*y^3*z^14
1*x^2*y^20*z^2
1*x^1*y^6*z^13
1*y^23*z^1

For 138 = d/2-d1-d2-d3 you get 3 in char 0.
1*x^4*z^2
1*x^2*y^3*z^1
1*y^6

Extra powers of p used 0.
The invariant extra is equal to 1.
Start computing 7^3 Delta^1 (x1x2x3)^6... Done.
Start computing 7^4 Delta^2 (x1x2x3)^6... Done.
Start computing 7^5 Delta^3 (x1x2x3)^6... Done.
Start computing 7^6 Delta^4 (x1x2x3)^6... Done.
Start computing 7^7 Delta^5 (x1x2x3)^6... Done.
Start computing 7^8 Delta^6 (x1x2x3)^6... Done.
Start computing aa.
1 2 3 4 5 6 7 8 9 10 11 
*/
A = \
[92627420520675875755,9859413345240354902,40654804718419693109,24777527366357799691,101762394628048688436,38232976080822378786,184017630701886074317,97715369751285137250,84314624335630549392,52887572869218948091,79875234107968985014;\
35735342993573734560,99354197513632170012,167522158283472350295,174577359692651103741,92790962667956447202,168024902471891558282,42826807174557691257,183759639862349358318,55518621782253223734,97755345413378103983,57269657678826494391;\
179534115674991994839,191277454383259023327,126197789169339614737,5501827765848087856,4486640007470797064,163575988573184008395,47570464883133882179,70827844543070446867,16265467068479108543,58068775125661202532,19364428446736715615;\
90850832517013272963,183208594922329706692,23260359707593056418,72683672108554642380,98123406940427869217,152066120185393441916,179541373752529168667,101554588600447003742,33091827040759806900,152150805621212759039,64651221377290033983;\
6874927644073823583,29856683842216452755,163057538832282779023,81457468508045436282,116055473479820478835,117919252579755175780,159635306628120334809,83958647803270724456,34527310083670483821,8267812224571057795,82897426797042893742;\
25875412559956503434,174502263071594322978,99041518317760154698,173916869521431782795,171225471897511465987,23412675395774313817,90938555498517017627,101978132322491533199,41776114284522311204,33675974300053372112,122400181970007599238;\
147644831073888969080,63133041133997946682,137552951830032045030,138185591778321256967,81387885943936334483,94458374495662454130,75447074035842609996,164758590493810253990,188461881415056562236,61560640360090604607,31476685796131416722;\
46811033085987280850,185930487447340376708,48165071976784412815,154367671785746206368,4346425864452717675,185806525941196412343,48119405772702415942,137436505137741616324,108500953838489624965,65049814185179596493,5006028568409960840;\
13875334324807006006,40749647109681941895,25752482050912601071,46476103068955254100,37048427497062627310,38990399061864149347,29586647588926446046,163101028841430702911,95827804451210244756,132229473731148241805,603674926768305994;\
102609069773970912345,161633056667015841700,143991991324168703537,60723878014570461600,139227700081116800111,155258403174015201011,49542277000843171993,69124319965476049785,65226358778051788254,54494534912147412474,176920002773431892793;\
190363390086375399684,114838279474094209040,27223298240049192081,153938086143408066703,177246993347882556504,189959860177350870957,54951198373640619008,92118859150367812084,68541712291375205694,30687456760178740053,12691427307373186442]
/* 
This should be the matrix of frobenius!
*/ 
B = A; 
/* Freed 54 lists. */
