/* Comments begin... 
Coefficient of   x^21 * y^1               = 1
Coefficient of   x^10 * y^2 * z^6         = 1
Coefficient of   x^8 * y^5 * z^5         = 1
Coefficient of   x^6 * y^8 * z^4         = 3
Coefficient of   x^4 * y^11 * z^3         = -2
Coefficient of   x^2 * y^14 * z^2         = 2
Coefficient of   x^1 * z^13               = 2
Coefficient of   y^17 * z^1               = -3

Here is the polynomial we're using this time:

1*x^21*y^1 + 1*x^10*y^2*z^6 + 1*x^8*y^5*z^5 + 3*x^6*y^8*z^4 + -2*x^4*y^11*z^3 + 2*x^2*y^14*z^2 + 2*x^1*z^13 + -3*y^17*z^1

Allocate G_len 20 elements and old = 0.
Allocate M_len = 400 elements.
Allocate G_len 40 elements and old = 20.
Allocate M_len = 800 elements.
Allocate G_len 80 elements and old = 40.
Allocate M_len = 1600 elements.
Allocate M_len = 3200 elements.
Allocate G_len 160 elements and old = 80.
Allocate M_len = 6400 elements.
Allocate M_len = 12800 elements.
Allocate G_len 320 elements and old = 160.
Allocate M_len = 25600 elements.
Not smooth!
Coefficient of   x^21 * y^1               = -1
Coefficient of   x^10 * y^2 * z^6         = 3
Coefficient of   x^8 * y^5 * z^5         = -2
Coefficient of   x^6 * y^8 * z^4         = 2
Coefficient of   x^4 * y^11 * z^3         = 3
Coefficient of   x^2 * y^14 * z^2         = 0
Coefficient of   x^1 * z^13               = -2
Coefficient of   y^17 * z^1               = 0

Here is the polynomial we're using this time:

-1*x^21*y^1 + 3*x^10*y^2*z^6 + -2*x^8*y^5*z^5 + 2*x^6*y^8*z^4 + 3*x^4*y^11*z^3 + -2*x^1*z^13

Not smooth!
Coefficient of   x^21 * y^1               = -3
Coefficient of   x^10 * y^2 * z^6         = 1
Coefficient of   x^8 * y^5 * z^5         = -3
Coefficient of   x^6 * y^8 * z^4         = -1
Coefficient of   x^4 * y^11 * z^3         = -3
Coefficient of   x^2 * y^14 * z^2         = 3
Coefficient of   x^1 * z^13               = -3
Coefficient of   y^17 * z^1               = -2

Here is the polynomial we're using this time:

-3*x^21*y^1 + 1*x^10*y^2*z^6 + -3*x^8*y^5*z^5 + -1*x^6*y^8*z^4 + -3*x^4*y^11*z^3 + 3*x^2*y^14*z^2 + -3*x^1*z^13 + -2*y^17*z^1

The final length of G is 222
[10, 2, 5, 0]  	391	7 
[21, 0, 0, 0]  	399	7  <--- 1
[8, 5, 5, 0]  	422	6 
[8, 8, 4, 0]  	460	7 
[6, 14, 3, 0]  	529	7 
[7, 0, 15, 0]  	598	7 
[19, 5, 4, 0]  	600	7 
[15, 11, 3, 0]  	631	10 
[19, 8, 3, 0]  	638	7 
[12, 0, 14, 0]  	662	9 
[9, 3, 14, 0]  	674	9 
[19, 11, 2, 0]  	676	7 
[15, 0, 13, 0]  	688	10 
[9, 20, 2, 0]  	693	8 
[13, 17, 2, 0]  	700	8 
[7, 22, 2, 0]  	701	8 
[7, 6, 14, 0]  	705	8 
[17, 14, 2, 0]  	707	9 
[19, 14, 1, 0]  	714	8 
[7, 8, 13, 0]  	720	8 
[6, 9, 13, 0]  	724	7 
[10, 22, 1, 0]  	727	9 
[9, 23, 1, 0]  	731	8 
[6, 8, 14, 0]  	732	7 
[5, 25, 2, 0]  	732	7 
[14, 19, 1, 0]  	734	9 
[13, 20, 1, 0]  	738	8 
[6, 26, 1, 0]  	743	7 
[17, 17, 1, 0]  	745	8 
[5, 11, 13, 0]  	751	7 
[20, 0, 12, 0]  	752	8 
[4, 12, 13, 0]  	755	6 
[7, 11, 12, 0]  	758	8 
[6, 12, 12, 0]  	762	7 
[4, 11, 14, 0]  	763	6 
[4, 26, 3, 0]  	767	6 
[9, 26, 0, 0]  	769	7 
[5, 28, 1, 0]  	770	6 
[4, 14, 12, 0]  	770	6 
[20, 17, 0, 0]  	771	2 
[6, 7, 16, 0]  	771	6 
[5, 24, 4, 0]  	771	6 
[4, 29, 1, 0]  	774	6 
[13, 23, 0, 0]  	776	7 
[7, 28, 0, 0]  	777	7 
[6, 29, 0, 0]  	781	6 
[5, 15, 11, 0]  	781	6 
[4, 28, 2, 0]  	782	6 
[3, 14, 13, 0]  	782	6 
[17, 20, 0, 0]  	783	7 
[6, 1, 21, 0]  	788	6 
[5, 18, 9, 0]  	788	6 
[15, 22, 0, 0]  	791	7 
[3, 32, 0, 0]  	793	5 
[6, 4, 19, 0]  	795	6 
[5, 21, 7, 0]  	795	6 
[6, 0, 22, 0]  	796	6 
[5, 17, 10, 0]  	796	6 
[19, 19, 0, 0]  	798	7 
[5, 1, 22, 0]  	800	5 
[4, 18, 10, 0]  	800	5 
[3, 31, 1, 0]  	801	6 
[6, 3, 20, 0]  	803	6 
[5, 20, 8, 0]  	803	6 
[2, 32, 1, 0]  	805	5 
[4, 25, 5, 0]  	806	6 
[5, 4, 20, 0]  	807	5 
[4, 21, 8, 0]  	807	5 
[5, 31, 0, 0]  	808	5 
[5, 0, 23, 0]  	808	5 
[4, 17, 11, 0]  	808	5 
[6, 6, 18, 0]  	810	6 
[5, 23, 6, 0]  	810	6 
[4, 1, 23, 0]  	812	5 
[5, 7, 18, 0]  	814	5 
[4, 24, 6, 0]  	814	5 
[5, 3, 21, 0]  	815	5 
[4, 20, 9, 0]  	815	5 
[4, 4, 21, 0]  	819	5 
[4, 0, 24, 0]  	820	5 
[3, 17, 12, 0]  	820	5 
[4, 23, 7, 0]  	822	5 
[4, 3, 22, 0]  	827	5 
[5, 9, 17, 0]  	829	5 
[3, 12, 16, 0]  	829	5 
[3, 4, 22, 0]  	831	4 
[4, 10, 17, 0]  	833	5 
[3, 11, 17, 0]  	837	5 
[3, 7, 20, 0]  	838	4 
[4, 9, 18, 0]  	841	5 
[2, 35, 0, 0]  	843	4 
[3, 10, 18, 0]  	845	4 
[3, 6, 21, 0]  	846	4 
[3, 21, 10, 0]  	850	4 
[3, 9, 19, 0]  	853	4 
[3, 28, 5, 0]  	856	5 
[3, 24, 8, 0]  	857	4 
[3, 20, 11, 0]  	858	4 
[2, 29, 5, 0]  	860	4 
[2, 21, 11, 0]  	862	3 
[3, 27, 6, 0]  	864	4 
[3, 23, 9, 0]  	865	4 
[2, 28, 6, 0]  	868	4 
[2, 24, 9, 0]  	869	3 
[3, 26, 7, 0]  	872	4 
[2, 4, 24, 0]  	874	4 
[2, 31, 4, 0]  	875	5 
[2, 23, 10, 0]  	877	3 
[2, 15, 16, 0]  	879	4 
[2, 7, 22, 0]  	881	3 
[2, 26, 8, 0]  	884	3 
[2, 10, 20, 0]  	888	3 
[1, 15, 17, 0]  	891	3 
[1, 38, 0, 0]  	893	3 
[2, 13, 18, 0]  	895	3 
[2, 9, 21, 0]  	896	3 
[1, 14, 18, 0]  	899	3 
[1, 10, 21, 0]  	900	2 
[2, 12, 19, 0]  	903	3 
[2, 0, 28, 0]  	906	4 
[1, 13, 19, 0]  	907	2 
[1, 12, 20, 0]  	915	2 
[0, 32, 6, 0]  	922	2 
[1, 30, 7, 0]  	926	2 
[0, 31, 7, 0]  	930	2 
[0, 30, 8, 0]  	938	1 
[1, 1, 29, 0]  	941	2 
[1, 24, 12, 0]  	943	3 
[1, 35, 4, 0]  	948	3 
[1, 0, 30, 0]  	949	2 
[0, 1, 30, 0]  	953	1 
[0, 16, 19, 0]  	957	1 
[0, 35, 5, 0]  	960	2 
[0, 0, 31, 0]  	961	1  <--- 3
[0, 18, 18, 0]  	972	1 
[1, 4, 28, 0]  	979	2 
[0, 4, 29, 0]  	991	1 
[0, 38, 4, 0]  	998	2 
[0, 21, 17, 0]  	1010	1 
[1, 7, 27, 0]  	1017	2 
[0, 7, 28, 0]  	1029	1 
[0, 41, 3, 0]  	1036	2 
[0, 24, 16, 0]  	1048	1 
[0, 10, 27, 0]  	1067	1 
[0, 47, 0, 0]  	1081	1  <--- 2
[0, 27, 15, 0]  	1086	1 
[0, 13, 26, 0]  	1105	1 
[20, 1, 0, 1]  	403	7 
[6, 11, 4, 1]  	491	6 
[5, 0, 15, 1]  	560	6 
[18, 5, 4, 1]  	581	12 
[14, 11, 3, 1]  	612	11 
[18, 8, 3, 1]  	619	11 
[11, 0, 14, 1]  	643	10 
[18, 11, 2, 1]  	657	11 
[15, 14, 2, 1]  	669	10 
[12, 17, 2, 1]  	681	9 
[18, 14, 1, 1]  	695	10 
[11, 19, 2, 1]  	708	9 
[8, 23, 1, 1]  	712	8 
[12, 20, 1, 1]  	719	9 
[16, 17, 1, 1]  	726	9 
[19, 0, 12, 1]  	733	9 
[5, 9, 14, 1]  	736	7 
[7, 25, 1, 1]  	739	8 
[8, 26, 0, 1]  	750	8 
[12, 23, 0, 1]  	757	8 
[6, 28, 0, 1]  	758	7 
[5, 29, 0, 1]  	762	6 
[16, 20, 0, 1]  	764	8 
[14, 22, 0, 1]  	772	8 
[19, 18, 0, 1]  	775	7 
[18, 19, 0, 1]  	779	8 
[11, 25, 0, 1]  	784	7 
[3, 29, 2, 1]  	786	5 
[4, 31, 0, 1]  	789	6 
[3, 0, 24, 1]  	801	5 
[2, 18, 12, 1]  	824	4 
[4, 7, 19, 1]  	826	5 
[4, 6, 20, 1]  	834	5 
[3, 3, 23, 1]  	839	4 
[2, 27, 7, 1]  	876	3 
[1, 32, 5, 1]  	910	3 
[1, 31, 6, 1]  	918	3 
[1, 27, 9, 1]  	919	2 
[1, 18, 16, 1]  	929	3 
[1, 29, 8, 1]  	934	2 
[1, 21, 15, 1]  	967	3 
[0, 44, 0, 1]  	1012	2 
[14, 14, 2, 2]  	650	10 
[10, 19, 2, 2]  	689	9 
[10, 25, 0, 2]  	765	8 
[2, 14, 17, 2]  	887	4 
[2, 1, 27, 2]  	898	4 
[5, 17, 9, 22]  	765	6 
[5, 14, 4, 23]  	541	6 
[4, 20, 8, 23]  	784	5 
[1, 35, 0, 23]  	824	3 
[9, 2, 6, 24]  	403	6 
[7, 8, 5, 24]  	472	5 
[4, 14, 3, 24]  	491	5 
[13, 0, 13, 24]  	650	9 
[7, 5, 14, 24]  	682	7 
[8, 22, 1, 24]  	689	8 
[12, 19, 1, 24]  	696	8 
[4, 25, 2, 24]  	713	6 
[5, 28, 0, 24]  	739	6 
[3, 11, 14, 24]  	744	5 
[2, 15, 13, 24]  	786	4 
[4, 0, 23, 24]  	789	5 
[2, 17, 12, 24]  	801	4 
[3, 23, 7, 24]  	803	3 
[3, 9, 18, 24]  	822	4 
[2, 20, 11, 24]  	839	2 
[1, 13, 18, 24]  	876	2 
[1, 31, 5, 24]  	887	3 
[1, 0, 28, 24]  	887	2 
[1, 18, 15, 24]  	898	3 
[0, 35, 3, 24]  	898	2 
[0, 13, 20, 24]  	919	1 
[0, 15, 19, 24]  	934	1 
[0, 7, 27, 24]  	998	1 
------
The gap is between 3 and 21.
Lengths: 3 3 5 6 3 3.
For 982 = 5*d/2-d1-d2-d3 you get 3 in char 0.
1*x^1*y^23*z^14
1*y^40*z^2
1*y^9*z^25

For 560 = 3*d/2-d1-d2-d3 you get 5 in char 0.
1*x^4*y^17*z^3
1*x^3*y^3*z^14
1*x^2*y^20*z^2
1*x^1*y^6*z^13
1*y^23*z^1

For 138 = d/2-d1-d2-d3 you get 3 in char 0.
1*x^4*z^2
1*x^2*y^3*z^1
1*y^6

Extra powers of p used 1.
The invariant extra is equal to 1.
Start computing 7^3 Delta^1 (x1x2x3)^6... Done.
Start computing 7^4 Delta^2 (x1x2x3)^6... Done.
Start computing 7^5 Delta^3 (x1x2x3)^6... Done.
Start computing 7^6 Delta^4 (x1x2x3)^6... Done.
Start computing 7^7 Delta^5 (x1x2x3)^6... Done.
Start computing 7^8 Delta^6 (x1x2x3)^6... Done.
Start computing aa.
1 2 3 4 5 6 7 8 9 10 11 
*/
A = \
[158746743653588904065,166532099895708707314,119024872121371814913,183567062053975871376,138894097622096071206,8799238705537419048,131656106471595599334,8431227800784463388,15440438071939620250,136898377009197439531,90888714926360410024;\
150785350816817310405,22062051323796270269,140371267773779614159,114122701993022483740,189937531619304158221,56025869329421081769,44098757999432861270,82217852097843486395,39799433052429443365,111095466413680333998,91475787250750390838;\
137175535485005875207,57740033241157982050,59929796040858869573,22184814732078810189,185819597030426907744,150602975079397261449,34593023355936940706,122593739915476244653,166636234918119826531,50978528719960896929,190346154509336903721;\
44545258485808018688,67495626041895968993,141227247634694827985,62582349092681457865,78918119717451422646,179283158900400794148,75499721683038023889,136149571380621708231,76523519682710007257,60172312435619342903,76373724733995466806;\
64947550135121643174,118242777270057090081,69417167307350079717,60091699503184944259,164236671066901833092,103100094530769422835,48514857203715483721,109601034255284565119,188793739308824143718,68775546035960993985,45491088288546453651;\
92110430224633003250,92193866309610811987,79517943753948923570,169765692265241849357,123716907152518346877,175527788716123930653,45831343212747535107,53351098219758063865,142207450804229661032,180491431806625948701,45874304478543234820;\
134237692836598570015,181098286407661383433,56819665342394826598,58593556265982138072,118747207342288385007,14704009186361412624,159580546230962910564,44207716924616184044,106336231360517346657,180406513728957328008,183307683307396760042;\
89530200524331982952,91454512692317065825,150457596266201839921,89268082077447053865,37536686494708542715,9429379182043346869,2279299501691803101,2097517728085960789,98820145613349867770,61137072964221510872,112246342465999493353;\
64858356342735474631,178355415965607608791,35677175958296169101,161918704428621450058,31760848963952637956,28210576313580426675,116488105368567253762,99217615592621556947,37568604165142452171,152954323814385523724,109733014521617560808;\
71475394350755971742,125575965642355582083,84693003337761589524,91632306559216128482,58524257381830553908,41648371600237038693,158385816624383989319,37555322087150800380,115674304937229848523,91548360791767328533,160716806407955339416;\
47064779833492423842,149325977424142995924,114857810072455928079,19412324898930416243,107231069055593478345,8052790756102527680,170696251778214022602,37776095663034957942,13844520524350339691,75853996433453623434,89439495749752828897]
/* 
This matrix times 7^(-1) should be the matrix of frobenius.
*/ 
B = 7^(-1) * A; 
/* Freed 55 lists. */
