/* Comments begin... 
Coefficient of   x^21 * y^1               = 0
Coefficient of   x^10 * y^2 * z^6         = 0
Coefficient of   x^8 * y^5 * z^5         = 1
Coefficient of   x^6 * y^8 * z^4         = 1
Coefficient of   x^4 * y^11 * z^3         = 0
Coefficient of   x^2 * y^14 * z^2         = -3
Coefficient of   x^1 * z^13               = 0
Coefficient of   y^17 * z^1               = -3

Here is the polynomial we're using this time:

1*x^8*y^5*z^5 + 1*x^6*y^8*z^4 + -3*x^2*y^14*z^2 + -3*y^17*z^1

Allocate G_len 20 elements and old = 0.
Allocate M_len = 400 elements.
Not smooth!
Coefficient of   x^21 * y^1               = 3
Coefficient of   x^10 * y^2 * z^6         = -1
Coefficient of   x^8 * y^5 * z^5         = 2
Coefficient of   x^6 * y^8 * z^4         = 1
Coefficient of   x^4 * y^11 * z^3         = 0
Coefficient of   x^2 * y^14 * z^2         = 0
Coefficient of   x^1 * z^13               = -3
Coefficient of   y^17 * z^1               = -2

Here is the polynomial we're using this time:

3*x^21*y^1 + -1*x^10*y^2*z^6 + 2*x^8*y^5*z^5 + 1*x^6*y^8*z^4 + -3*x^1*z^13 + -2*y^17*z^1

Allocate G_len 40 elements and old = 20.
Allocate M_len = 800 elements.
Allocate G_len 80 elements and old = 40.
Allocate M_len = 1600 elements.
Allocate M_len = 3200 elements.
Allocate G_len 160 elements and old = 80.
Allocate M_len = 6400 elements.
Allocate M_len = 12800 elements.
Allocate G_len 320 elements and old = 160.
The final length of G is 172
[10, 2, 5, 0]  	391	5 
[21, 0, 0, 0]  	399	5  <--- 1
[8, 5, 5, 0]  	422	4 
[8, 8, 4, 0]  	460	6 
[6, 11, 4, 0]  	491	5 
[6, 14, 3, 0]  	529	7 
[5, 0, 15, 0]  	560	6 
[19, 5, 4, 0]  	600	5 
[15, 11, 3, 0]  	631	7 
[19, 8, 3, 0]  	638	5 
[12, 0, 14, 0]  	662	6 
[14, 0, 13, 0]  	669	4 
[9, 3, 14, 0]  	674	7 
[16, 0, 12, 0]  	676	7 
[9, 20, 2, 0]  	693	6 
[13, 17, 2, 0]  	700	6 
[15, 17, 1, 0]  	707	4 
[11, 19, 2, 0]  	708	6 
[13, 19, 1, 0]  	715	6 
[15, 19, 0, 0]  	722	6 
[7, 23, 2, 0]  	724	6 
[6, 9, 13, 0]  	724	6 
[9, 23, 1, 0]  	731	6 
[6, 8, 14, 0]  	732	7 
[5, 25, 2, 0]  	732	7 
[5, 17, 8, 0]  	734	6 
[5, 9, 14, 0]  	736	7 
[7, 25, 1, 0]  	739	6 
[6, 26, 1, 0]  	743	6 
[11, 22, 1, 0]  	746	6 
[5, 11, 13, 0]  	751	7 
[4, 12, 13, 0]  	755	6 
[5, 29, 0, 0]  	762	5 
[4, 11, 14, 0]  	763	6 
[4, 26, 3, 0]  	767	6 
[9, 26, 0, 0]  	769	6 
[5, 28, 1, 0]  	770	5 
[4, 14, 12, 0]  	770	6 
[20, 17, 0, 0]  	771	2 
[5, 24, 4, 0]  	771	6 
[4, 29, 1, 0]  	774	6 
[7, 28, 0, 0]  	777	6 
[5, 15, 11, 0]  	781	6 
[4, 28, 2, 0]  	782	6 
[3, 14, 13, 0]  	782	6 
[4, 31, 0, 0]  	789	6 
[4, 23, 6, 0]  	791	5 
[4, 18, 10, 0]  	800	5 
[3, 31, 1, 0]  	801	6 
[4, 6, 19, 0]  	803	5 
[2, 32, 1, 0]  	805	5 
[4, 25, 5, 0]  	806	6 
[4, 17, 11, 0]  	808	5 
[4, 4, 21, 0]  	819	5 
[4, 0, 24, 0]  	820	5 
[3, 17, 12, 0]  	820	5 
[3, 9, 18, 0]  	822	4 
[2, 18, 12, 0]  	824	4 
[4, 3, 22, 0]  	827	5 
[3, 12, 16, 0]  	829	5 
[3, 4, 22, 0]  	831	4 
[4, 10, 17, 0]  	833	5 
[3, 11, 17, 0]  	837	5 
[4, 21, 9, 0]  	838	4 
[3, 7, 20, 0]  	838	4 
[3, 34, 0, 0]  	839	5 
[2, 35, 0, 0]  	843	4 
[3, 6, 21, 0]  	846	4 
[3, 21, 10, 0]  	850	4 
[3, 28, 5, 0]  	856	5 
[3, 24, 8, 0]  	857	4 
[3, 20, 11, 0]  	858	4 
[2, 29, 5, 0]  	860	4 
[2, 21, 11, 0]  	862	3 
[3, 27, 6, 0]  	864	4 
[3, 23, 9, 0]  	865	4 
[2, 28, 6, 0]  	868	4 
[3, 26, 7, 0]  	872	4 
[2, 4, 24, 0]  	874	4 
[2, 31, 4, 0]  	875	5 
[2, 27, 7, 0]  	876	3 
[2, 23, 10, 0]  	877	3 
[2, 15, 16, 0]  	879	4 
[2, 7, 22, 0]  	881	3 
[2, 26, 8, 0]  	884	3 
[2, 14, 17, 0]  	887	4 
[2, 10, 20, 0]  	888	3 
[1, 15, 17, 0]  	891	3 
[1, 38, 0, 0]  	893	3 
[2, 13, 18, 0]  	895	3 
[2, 9, 21, 0]  	896	3 
[1, 14, 18, 0]  	899	3 
[1, 10, 21, 0]  	900	2 
[2, 12, 19, 0]  	903	3 
[2, 0, 28, 0]  	906	4 
[1, 13, 19, 0]  	907	2 
[1, 32, 5, 0]  	910	3 
[1, 12, 20, 0]  	915	2 
[1, 31, 6, 0]  	918	3 
[1, 27, 9, 0]  	919	2 
[0, 32, 6, 0]  	922	2 
[1, 30, 7, 0]  	926	2 
[1, 18, 16, 0]  	929	3 
[1, 29, 8, 0]  	934	2 
[0, 30, 8, 0]  	938	1 
[1, 1, 29, 0]  	941	2 
[1, 24, 12, 0]  	943	3 
[1, 35, 4, 0]  	948	3 
[1, 0, 30, 0]  	949	2 
[0, 1, 30, 0]  	953	1 
[0, 16, 19, 0]  	957	1 
[0, 35, 5, 0]  	960	2 
[0, 0, 31, 0]  	961	1  <--- 3
[1, 21, 15, 0]  	967	3 
[0, 18, 18, 0]  	972	1 
[1, 4, 28, 0]  	979	2 
[0, 4, 29, 0]  	991	1 
[0, 38, 4, 0]  	998	2 
[0, 21, 17, 0]  	1010	1 
[0, 44, 0, 0]  	1012	2  <--- 2
[1, 7, 27, 0]  	1017	2 
[0, 7, 28, 0]  	1029	1 
[0, 41, 3, 0]  	1036	2 
[0, 24, 16, 0]  	1048	1 
[0, 10, 27, 0]  	1067	1 
[0, 27, 15, 0]  	1086	1 
[0, 13, 26, 0]  	1105	1 
[20, 1, 0, 1]  	403	5 
[18, 5, 4, 1]  	581	8 
[14, 11, 3, 1]  	612	8 
[18, 8, 3, 1]  	619	8 
[11, 0, 14, 1]  	643	7 
[13, 0, 13, 1]  	650	7 
[15, 0, 12, 1]  	657	8 
[12, 17, 2, 1]  	681	7 
[14, 17, 1, 1]  	688	7 
[10, 19, 2, 1]  	689	7 
[12, 19, 1, 1]  	696	7 
[7, 22, 2, 1]  	701	7 
[14, 19, 0, 1]  	703	7 
[8, 23, 1, 1]  	712	7 
[7, 8, 13, 1]  	720	7 
[10, 22, 1, 1]  	727	7 
[8, 26, 0, 1]  	750	7 
[4, 20, 7, 1]  	753	5 
[6, 28, 0, 1]  	758	7 
[19, 18, 0, 1]  	775	7 
[3, 29, 2, 1]  	786	5 
[3, 1, 23, 1]  	793	4 
[3, 0, 24, 1]  	801	5 
[2, 24, 9, 1]  	869	3 
[2, 1, 27, 1]  	898	4 
[7, 6, 14, 2]  	705	7 
[0, 31, 7, 3]  	930	2 
[0, 0, 30, 22]  	930	1 
[6, 25, 1, 23]  	720	6 
[4, 6, 18, 23]  	772	5 
[9, 2, 6, 24]  	403	4 
[7, 8, 5, 24]  	472	5 
[5, 14, 4, 24]  	541	5 
[5, 8, 13, 24]  	682	5 
[6, 23, 2, 24]  	705	6 
[4, 25, 3, 24]  	744	5 
[3, 6, 18, 24]  	753	4 
[2, 15, 13, 24]  	786	4 
[2, 18, 11, 24]  	793	2 
[2, 17, 12, 24]  	801	4 
[4, 9, 17, 24]  	810	4 
[1, 35, 0, 24]  	824	3 
[3, 26, 6, 24]  	841	4 
[1, 10, 20, 24]  	869	2 
[1, 18, 15, 24]  	898	2 
------
The gap is between 4 and 21.
Lengths: 3 3 5 5 3 3.
For 982 = 5*d/2-d1-d2-d3 you get 3 in char 0.
1*x^1*y^23*z^14
1*y^40*z^2
1*y^9*z^25

For 560 = 3*d/2-d1-d2-d3 you get 5 in char 0.
1*x^4*y^17*z^3
1*x^3*y^3*z^14
1*x^2*y^20*z^2
1*x^1*y^6*z^13
1*y^23*z^1

For 138 = d/2-d1-d2-d3 you get 3 in char 0.
1*x^4*z^2
1*x^2*y^3*z^1
1*y^6

Extra powers of p used 0.
The invariant extra is equal to 1.
Start computing 7^3 Delta^1 (x1x2x3)^6... Done.
Start computing 7^4 Delta^2 (x1x2x3)^6... Done.
Start computing 7^5 Delta^3 (x1x2x3)^6... Done.
Start computing 7^6 Delta^4 (x1x2x3)^6... Done.
Start computing 7^7 Delta^5 (x1x2x3)^6... Done.
Start computing 7^8 Delta^6 (x1x2x3)^6... Done.
Start computing aa.
1 2 3 4 5 6 7 8 9 10 11 
*/
A = \
[131800789822074473430,157025734131470744511,25907307875173461056,66421922489326803560,173797190826958715422,156359663266937913069,130807562875144495823,5008392743498649148,144682771475654264552,27044393898152949038,73259789724171694623;\
41775674935204976951,156570849651287231295,52028737424012939427,120115423946441375263,23503431178609040946,66121388197326362929,150258742530901830504,170126436019298438134,97247589277548526698,72633796035127990950,187604252770244340541;\
48563429662100742523,51852741201375704679,125412160977858467057,38920408361283238489,61553758553147690109,184923896228329808004,3249151115946389843,175079465921857592935,78801284940205212959,167478580780690001634,139616520455189191561;\
94254960171552229994,77418013814603394130,112821050862710708600,84853479104491013875,75360293992828351262,105851794746041200080,19315812638711018675,117738165286284841410,100125080965802834683,19345027809102723910,45683084981501422252;\
89498084311344815708,100202924942319179524,56418716047186699198,41785790189228124424,161484603047228374669,147463803789128576169,69783143744145570473,186954326830865613992,142599464984759156010,160182392774134808336,20239698259635038303;\
111826642380873623923,119266602410565019754,27278120801246300612,99445740247322171115,116232655605754765420,171085274030596651208,187240969994342395964,166564071877192425737,143568042656930751734,171463709701871873440,77486255101840958044;\
139035589504244500683,181556008765130832726,14839346696152719118,161866765963717891181,40028539103457610069,152907125677583848578,120022977508269960523,21324835878284807883,41735588990352746097,125083600225619079737,52744762944289852779;\
29010203474613768422,191340511115434290993,154375202001039691138,12977924242733538851,142824427454820344345,33532703050798796068,172454441678819500907,42922398636549081370,150027016786466684522,16828503547242313297,70563494340939033070;\
96381492227529017966,103860316706227474938,137325933061381506536,95074053093199992672,107424284809160062268,30601748119462236423,16328486690257510447,4235240751661501274,184411285715752518682,164785985234163027735,46810373505112069615;\
46749038433444557955,107775292142812576458,142689831721781584993,11247538638519615768,35516376407784566623,185750872661397820903,147715078888377743652,115452278299080406453,100487481465071590953,100990000795147753520,28525126944674360105;\
164226781731308321693,102615999847752524796,30499823309323707692,7729813769312110581,77314930781383601712,64506424044185823,69652993199081827591,63548618797529589332,82801934963579130740,150415585943207395615,121182425383729428194]
/* 
This should be the matrix of frobenius!
*/ 
B = A; 
/* Freed 53 lists. */
