/* Comments begin... 
Coefficient of   x^21 * y^1               = 3
Coefficient of   x^10 * y^2 * z^6         = 3
Coefficient of   x^8 * y^5 * z^5         = 1
Coefficient of   x^6 * y^8 * z^4         = 1
Coefficient of   x^4 * y^11 * z^3         = 0
Coefficient of   x^2 * y^14 * z^2         = 2
Coefficient of   x^1 * z^13               = -3
Coefficient of   y^17 * z^1               = -3

Here is the polynomial we're using this time:

3*x^21*y^1 + 3*x^10*y^2*z^6 + 1*x^8*y^5*z^5 + 1*x^6*y^8*z^4 + 2*x^2*y^14*z^2 + -3*x^1*z^13 + -3*y^17*z^1

Allocate G_len 20 elements and old = 0.
Allocate M_len = 400 elements.
Allocate G_len 40 elements and old = 20.
Allocate M_len = 800 elements.
Allocate G_len 80 elements and old = 40.
Allocate M_len = 1600 elements.
Allocate M_len = 3200 elements.
Allocate G_len 160 elements and old = 80.
Allocate M_len = 6400 elements.
Allocate M_len = 12800 elements.
Allocate G_len 320 elements and old = 160.
Allocate M_len = 25600 elements.
Not smooth!
Coefficient of   x^21 * y^1               = 3
Coefficient of   x^10 * y^2 * z^6         = -1
Coefficient of   x^8 * y^5 * z^5         = 3
Coefficient of   x^6 * y^8 * z^4         = 1
Coefficient of   x^4 * y^11 * z^3         = 3
Coefficient of   x^2 * y^14 * z^2         = 2
Coefficient of   x^1 * z^13               = 1
Coefficient of   y^17 * z^1               = 2

Here is the polynomial we're using this time:

3*x^21*y^1 + -1*x^10*y^2*z^6 + 3*x^8*y^5*z^5 + 1*x^6*y^8*z^4 + 3*x^4*y^11*z^3 + 2*x^2*y^14*z^2 + 1*x^1*z^13 + 2*y^17*z^1

The final length of G is 212
[10, 2, 5, 0]  	391	7 
[21, 0, 0, 0]  	399	7  <--- 1
[8, 5, 5, 0]  	422	6 
[8, 8, 4, 0]  	460	7 
[6, 14, 3, 0]  	529	7 
[7, 0, 15, 0]  	598	7 
[19, 5, 4, 0]  	600	7 
[15, 11, 3, 0]  	631	10 
[19, 8, 3, 0]  	638	7 
[15, 14, 2, 0]  	669	10 
[9, 3, 14, 0]  	674	9 
[19, 11, 2, 0]  	676	7 
[9, 20, 2, 0]  	693	8 
[14, 0, 14, 0]  	700	10 
[7, 22, 2, 0]  	701	8 
[7, 6, 14, 0]  	705	8 
[16, 0, 13, 0]  	707	8 
[19, 14, 1, 0]  	714	9 
[12, 20, 1, 0]  	719	9 
[7, 8, 13, 0]  	720	8 
[6, 9, 13, 0]  	724	7 
[10, 22, 1, 0]  	727	8 
[9, 23, 1, 0]  	731	7 
[6, 8, 14, 0]  	732	7 
[5, 25, 2, 0]  	732	7 
[5, 9, 14, 0]  	736	7 
[7, 25, 1, 0]  	739	7 
[6, 26, 1, 0]  	743	7 
[13, 19, 2, 0]  	746	7 
[5, 11, 13, 0]  	751	7 
[20, 0, 12, 0]  	752	8 
[15, 19, 1, 0]  	753	8 
[4, 12, 13, 0]  	755	6 
[7, 11, 12, 0]  	758	8 
[6, 12, 12, 0]  	762	7 
[4, 11, 14, 0]  	763	6 
[16, 20, 0, 0]  	764	8 
[4, 26, 3, 0]  	767	6 
[9, 26, 0, 0]  	769	7 
[5, 28, 1, 0]  	770	6 
[4, 14, 12, 0]  	770	6 
[20, 17, 0, 0]  	771	2 
[6, 7, 16, 0]  	771	6 
[5, 24, 4, 0]  	771	6 
[4, 29, 1, 0]  	774	6 
[13, 23, 0, 0]  	776	7 
[7, 28, 0, 0]  	777	7 
[6, 29, 0, 0]  	781	6 
[5, 15, 11, 0]  	781	6 
[4, 28, 2, 0]  	782	7 
[11, 25, 0, 0]  	784	6 
[3, 29, 2, 0]  	786	5 
[6, 1, 21, 0]  	788	6 
[5, 18, 9, 0]  	788	6 
[4, 31, 0, 0]  	789	6 
[15, 22, 0, 0]  	791	7 
[3, 32, 0, 0]  	793	5 
[6, 4, 19, 0]  	795	6 
[5, 21, 7, 0]  	795	6 
[6, 0, 22, 0]  	796	6 
[5, 17, 10, 0]  	796	6 
[19, 19, 0, 0]  	798	6 
[5, 1, 22, 0]  	800	5 
[4, 18, 10, 0]  	800	5 
[3, 31, 1, 0]  	801	5 
[3, 0, 24, 0]  	801	5 
[6, 3, 20, 0]  	803	6 
[5, 20, 8, 0]  	803	6 
[3, 15, 13, 0]  	805	5 
[2, 32, 1, 0]  	805	5 
[5, 8, 17, 0]  	806	6 
[4, 25, 5, 0]  	806	6 
[4, 17, 11, 0]  	808	5 
[6, 6, 18, 0]  	810	6 
[5, 23, 6, 0]  	810	6 
[4, 1, 23, 0]  	812	5 
[5, 7, 18, 0]  	814	5 
[4, 24, 6, 0]  	814	5 
[5, 3, 21, 0]  	815	5 
[4, 20, 9, 0]  	815	5 
[4, 4, 21, 0]  	819	5 
[3, 17, 12, 0]  	820	5 
[5, 6, 19, 0]  	822	5 
[4, 23, 7, 0]  	822	5 
[2, 18, 12, 0]  	824	4 
[4, 7, 19, 0]  	826	5 
[4, 3, 22, 0]  	827	5 
[3, 12, 16, 0]  	829	5 
[3, 4, 22, 0]  	831	4 
[4, 10, 17, 0]  	833	5 
[4, 6, 20, 0]  	834	5 
[3, 11, 17, 0]  	837	5 
[3, 7, 20, 0]  	838	4 
[3, 3, 23, 0]  	839	4 
[4, 9, 18, 0]  	841	5 
[2, 35, 0, 0]  	843	4 
[3, 10, 18, 0]  	845	4 
[3, 6, 21, 0]  	846	4 
[3, 21, 10, 0]  	850	4 
[3, 9, 19, 0]  	853	4 
[3, 28, 5, 0]  	856	5 
[3, 24, 8, 0]  	857	4 
[3, 20, 11, 0]  	858	4 
[2, 29, 5, 0]  	860	4 
[2, 21, 11, 0]  	862	3 
[3, 27, 6, 0]  	864	4 
[3, 23, 9, 0]  	865	4 
[2, 28, 6, 0]  	868	4 
[2, 24, 9, 0]  	869	3 
[3, 26, 7, 0]  	872	4 
[2, 4, 24, 0]  	874	4 
[2, 31, 4, 0]  	875	5 
[2, 27, 7, 0]  	876	3 
[2, 23, 10, 0]  	877	3 
[2, 15, 16, 0]  	879	4 
[2, 7, 22, 0]  	881	3 
[2, 26, 8, 0]  	884	3 
[2, 14, 17, 0]  	887	4 
[2, 10, 20, 0]  	888	3 
[1, 15, 17, 0]  	891	3 
[1, 38, 0, 0]  	893	3 
[2, 13, 18, 0]  	895	3 
[2, 9, 21, 0]  	896	3 
[2, 1, 27, 0]  	898	4 
[1, 10, 21, 0]  	900	2 
[2, 12, 19, 0]  	903	3 
[2, 0, 28, 0]  	906	4 
[1, 32, 5, 0]  	910	3 
[1, 12, 20, 0]  	915	2 
[1, 31, 6, 0]  	918	3 
[1, 27, 9, 0]  	919	2 
[0, 32, 6, 0]  	922	2 
[1, 30, 7, 0]  	926	2 
[1, 18, 16, 0]  	929	3 
[0, 31, 7, 0]  	930	2 
[1, 29, 8, 0]  	934	2 
[0, 30, 8, 0]  	938	1 
[1, 24, 12, 0]  	943	3 
[1, 35, 4, 0]  	948	3 
[1, 0, 30, 0]  	949	2 
[0, 1, 30, 0]  	953	1 
[0, 16, 19, 0]  	957	1 
[0, 0, 31, 0]  	961	1  <--- 3
[1, 21, 15, 0]  	967	3 
[0, 18, 18, 0]  	972	1 
[1, 4, 28, 0]  	979	2 
[0, 4, 29, 0]  	991	1 
[0, 38, 4, 0]  	998	2 
[0, 21, 17, 0]  	1010	1 
[0, 44, 0, 0]  	1012	2  <--- 2
[1, 7, 27, 0]  	1017	2 
[0, 7, 28, 0]  	1029	1 
[0, 41, 3, 0]  	1036	2 
[0, 24, 16, 0]  	1048	1 
[0, 10, 27, 0]  	1067	1 
[0, 27, 15, 0]  	1086	1 
[0, 13, 26, 0]  	1105	1 
[20, 1, 0, 1]  	403	7 
[6, 11, 4, 1]  	491	6 
[5, 0, 15, 1]  	560	6 
[18, 5, 4, 1]  	581	12 
[14, 11, 3, 1]  	612	11 
[18, 8, 3, 1]  	619	11 
[14, 14, 2, 1]  	650	10 
[18, 11, 2, 1]  	657	11 
[13, 0, 14, 1]  	681	10 
[15, 0, 13, 1]  	688	10 
[18, 14, 1, 1]  	695	10 
[8, 23, 1, 1]  	712	8 
[12, 19, 2, 1]  	727	9 
[19, 0, 12, 1]  	733	9 
[14, 19, 1, 1]  	734	9 
[17, 17, 1, 1]  	745	8 
[8, 26, 0, 1]  	750	8 
[12, 23, 0, 1]  	757	8 
[5, 29, 0, 1]  	762	6 
[10, 25, 0, 1]  	765	8 
[14, 22, 0, 1]  	772	8 
[19, 18, 0, 1]  	775	8 
[18, 19, 0, 1]  	779	8 
[4, 21, 8, 1]  	807	5 
[1, 14, 18, 1]  	899	3 
[1, 13, 19, 1]  	907	2 
[0, 35, 5, 1]  	960	2 
[12, 0, 14, 2]  	662	9 
[12, 17, 2, 2]  	681	9 
[11, 19, 2, 2]  	708	8 
[16, 17, 1, 2]  	726	9 
[6, 28, 0, 2]  	758	7 
[3, 14, 13, 2]  	782	6 
[1, 1, 29, 2]  	941	2 
[11, 0, 14, 3]  	643	10 
[10, 19, 2, 3]  	689	9 
[9, 3, 13, 22]  	643	8 
[5, 14, 4, 23]  	541	6 
[9, 20, 1, 23]  	662	7 
[8, 22, 1, 23]  	689	8 
[4, 25, 3, 23]  	744	6 
[2, 31, 1, 23]  	782	4 
[3, 7, 19, 23]  	807	4 
[0, 18, 17, 23]  	941	1 
[9, 2, 6, 24]  	403	6 
[7, 8, 5, 24]  	472	5 
[4, 14, 3, 24]  	491	5 
[7, 5, 14, 24]  	682	8 
[5, 8, 14, 24]  	713	6 
[14, 20, 0, 24]  	726	7 
[3, 3, 22, 24]  	808	4 
[0, 31, 6, 24]  	899	2 
[0, 30, 7, 24]  	907	1 
[0, 0, 30, 24]  	930	1 
[0, 4, 28, 24]  	960	1 
------
The gap is between 4 and 21.
Lengths: 3 3 5 6 3 3.
For 982 = 5*d/2-d1-d2-d3 you get 3 in char 0.
1*x^1*y^23*z^14
1*y^40*z^2
1*y^9*z^25

For 560 = 3*d/2-d1-d2-d3 you get 5 in char 0.
1*x^4*y^17*z^3
1*x^3*y^3*z^14
1*x^2*y^20*z^2
1*x^1*y^6*z^13
1*y^23*z^1

For 138 = d/2-d1-d2-d3 you get 3 in char 0.
1*x^4*z^2
1*x^2*y^3*z^1
1*y^6

Extra powers of p used 1.
The invariant extra is equal to 1.
Start computing 7^3 Delta^1 (x1x2x3)^6... Done.
Start computing 7^4 Delta^2 (x1x2x3)^6... Done.
Start computing 7^5 Delta^3 (x1x2x3)^6... Done.
Start computing 7^6 Delta^4 (x1x2x3)^6... Done.
Start computing 7^7 Delta^5 (x1x2x3)^6... Done.
Start computing 7^8 Delta^6 (x1x2x3)^6... Done.
Start computing aa.
1 2 3 4 5 6 7 8 9 10 11 
*/
A = \
[103114918904562702921,108705273519238830063,55860916457656374680,148646655882339176625,47285850614438140453,46274798600667580916,64885066929002219172,125856786345565802751,184209631130381149104,151451217445131674147,127521172301395369567;\
91228685071324613834,175000829578837002748,146396198111355123421,69874660776153496620,176150597605767188901,9375719106134756263,3193627091862839429,32930362542909983368,143342902031591918264,60968926102414300488,147091824018206837175;\
79442298581492903147,67915338036957915231,153724458242449691142,38484768294959872102,179756415348233473421,75537440988038998696,46137696740934767325,119831894406151214119,93930389361457643953,101163098250416214397,79813379460570176883;\
107683645929653111401,176067340701463392629,96305086472366915952,19008004064960301818,111459751460859933075,129264279437911570162,131168997800461092773,22900139924981029270,59996672331416646119,154173885798489077430,23025605165415816432;\
165308660629787395024,143223818118959503450,14479662375776202915,46887424359917127497,152686082852193295097,57107071580454058002,60565047433883881959,161764504039862629255,84261440028985390598,170947551311035911685,125113382307807531449;\
20719166869725311209,159533041753818887728,154775662134989306734,58457158001294612028,5155617283480169765,119267831347771398523,163510325707831512368,169760041575530046158,98531272720549496324,154312409615322939904,85206463885441964422;\
165312694542805284754,96047881225632755965,33678477372633053461,13086765695805033351,184815579622554756827,155896962213009978849,72690293401780164796,139065058294516828831,9526843257824487049,29309543661907229196,53038530028851493672;\
108776858409624376308,138591537207759548549,88727843007114918008,72506807343678755971,34096428775206098693,178638513209080393623,6543906210028796091,101381982107824089434,28798835553442414992,131313252238018674565,150465783653206159159;\
51586362655987448989,130633735258663157955,42370505622097295048,112930139955132000067,115458059146868319714,185709574348638136559,190958832851306242254,130455387692377528578,107058916566508194498,14663942598233039860,122009267018907513742;\
172267261442102494926,184161430006568213269,98807024461330152069,86755171846487817694,50881224955559451243,77567016555397430628,138084544286831636466,100668139186867439292,185194750987307404819,80504379910171012250,112115675465303821199;\
125095526782575124699,33749235681424878398,45806634216070935781,176780652056533029547,134264827875557258047,155113286590699833851,113326910015315802001,181591734174050488449,51663198051128361173,120723157562805803943,90513826906653659390]
/* 
This matrix times 7^(-1) should be the matrix of frobenius.
*/ 
B = 7^(-1) * A; 
/* Freed 54 lists. */
