/* Comments begin... 
Coefficient of   x^21 * y^1               = 1
Coefficient of   x^10 * y^2 * z^6         = -2
Coefficient of   x^8 * y^5 * z^5         = 2
Coefficient of   x^6 * y^8 * z^4         = -2
Coefficient of   x^4 * y^11 * z^3         = 2
Coefficient of   x^2 * y^14 * z^2         = -1
Coefficient of   x^1 * z^13               = 3
Coefficient of   y^17 * z^1               = -3

Here is the polynomial we're using this time:

1*x^21*y^1 + -2*x^10*y^2*z^6 + 2*x^8*y^5*z^5 + -2*x^6*y^8*z^4 + 2*x^4*y^11*z^3 + -1*x^2*y^14*z^2 + 3*x^1*z^13 + -3*y^17*z^1

Allocate G_len 20 elements and old = 0.
Allocate M_len = 400 elements.
Allocate G_len 40 elements and old = 20.
Allocate M_len = 800 elements.
Allocate G_len 80 elements and old = 40.
Allocate M_len = 1600 elements.
Allocate M_len = 3200 elements.
Allocate G_len 160 elements and old = 80.
Allocate M_len = 6400 elements.
Allocate M_len = 12800 elements.
Allocate G_len 320 elements and old = 160.
Allocate M_len = 25600 elements.
The final length of G is 194
[10, 2, 5, 0]  	391	7 
[21, 0, 0, 0]  	399	7  <--- 1
[8, 5, 5, 0]  	422	6 
[4, 14, 3, 0]  	491	5 
[19, 5, 4, 0]  	600	7 
[12, 14, 2, 0]  	612	10 
[7, 0, 16, 0]  	629	6 
[17, 8, 4, 0]  	631	10 
[19, 8, 3, 0]  	638	7 
[12, 0, 14, 0]  	662	8 
[17, 11, 3, 0]  	669	8 
[9, 3, 14, 0]  	674	9 
[19, 11, 2, 0]  	676	7 
[9, 20, 2, 0]  	693	8 
[7, 22, 2, 0]  	701	8 
[16, 0, 13, 0]  	707	8 
[11, 19, 2, 0]  	708	7 
[19, 14, 1, 0]  	714	8 
[7, 8, 13, 0]  	720	8 
[6, 9, 13, 0]  	724	7 
[10, 22, 1, 0]  	727	8 
[9, 23, 1, 0]  	731	7 
[5, 25, 2, 0]  	732	7 
[13, 20, 1, 0]  	738	7 
[7, 25, 1, 0]  	739	7 
[6, 26, 1, 0]  	743	7 
[17, 17, 1, 0]  	745	7 
[5, 11, 13, 0]  	751	7 
[20, 0, 12, 0]  	752	7 
[15, 19, 1, 0]  	753	7 
[4, 12, 13, 0]  	755	6 
[7, 11, 12, 0]  	758	7 
[6, 12, 12, 0]  	762	6 
[6, 8, 15, 0]  	763	6 
[4, 11, 14, 0]  	763	6 
[9, 26, 0, 0]  	769	6 
[5, 28, 1, 0]  	770	6 
[20, 17, 0, 0]  	771	2 
[6, 7, 16, 0]  	771	6 
[4, 29, 1, 0]  	774	6 
[13, 23, 0, 0]  	776	6 
[6, 29, 0, 0]  	781	6 
[4, 28, 2, 0]  	782	6 
[3, 14, 13, 0]  	782	6 
[17, 20, 0, 0]  	783	6 
[11, 25, 0, 0]  	784	6 
[3, 29, 2, 0]  	786	5 
[6, 1, 21, 0]  	788	6 
[4, 31, 0, 0]  	789	6 
[15, 22, 0, 0]  	791	6 
[3, 32, 0, 0]  	793	5 
[6, 4, 19, 0]  	795	6 
[6, 0, 22, 0]  	796	6 
[19, 19, 0, 0]  	798	6 
[5, 1, 22, 0]  	800	5 
[3, 31, 1, 0]  	801	5 
[3, 0, 24, 0]  	801	5 
[6, 3, 20, 0]  	803	6 
[2, 32, 1, 0]  	805	5 
[5, 4, 20, 0]  	807	5 
[5, 0, 23, 0]  	808	5 
[6, 6, 18, 0]  	810	6 
[4, 1, 23, 0]  	812	5 
[3, 17, 12, 0]  	820	5 
[5, 6, 19, 0]  	822	5 
[2, 18, 12, 0]  	824	4 
[4, 7, 19, 0]  	826	5 
[5, 9, 17, 0]  	829	5 
[3, 12, 16, 0]  	829	5 
[3, 4, 22, 0]  	831	4 
[4, 10, 17, 0]  	833	5 
[4, 6, 20, 0]  	834	5 
[3, 11, 17, 0]  	837	5 
[3, 7, 20, 0]  	838	4 
[3, 3, 23, 0]  	839	4 
[4, 9, 18, 0]  	841	5 
[2, 35, 0, 0]  	843	4 
[3, 10, 18, 0]  	845	4 
[3, 6, 21, 0]  	846	4 
[3, 21, 10, 0]  	850	4 
[3, 9, 19, 0]  	853	4 
[3, 24, 8, 0]  	857	4 
[3, 20, 11, 0]  	858	4 
[2, 21, 11, 0]  	862	3 
[3, 27, 6, 0]  	864	4 
[3, 23, 9, 0]  	865	4 
[2, 24, 9, 0]  	869	3 
[3, 26, 7, 0]  	872	4 
[2, 4, 24, 0]  	874	4 
[2, 31, 4, 0]  	875	5 
[2, 27, 7, 0]  	876	3 
[2, 23, 10, 0]  	877	3 
[2, 15, 16, 0]  	879	4 
[2, 7, 22, 0]  	881	3 
[2, 26, 8, 0]  	884	3 
[2, 14, 17, 0]  	887	4 
[2, 29, 6, 0]  	891	3 
[1, 15, 17, 0]  	891	3 
[1, 38, 0, 0]  	893	3 
[2, 13, 18, 0]  	895	3 
[2, 9, 21, 0]  	896	3 
[2, 1, 27, 0]  	898	4 
[1, 14, 18, 0]  	899	3 
[1, 10, 21, 0]  	900	2 
[2, 12, 19, 0]  	903	3 
[1, 13, 19, 0]  	907	2 
[1, 32, 5, 0]  	910	3 
[1, 12, 20, 0]  	915	2 
[1, 31, 6, 0]  	918	3 
[1, 30, 7, 0]  	926	2 
[1, 18, 16, 0]  	929	3 
[0, 31, 7, 0]  	930	2 
[2, 0, 29, 0]  	937	3 
[0, 30, 8, 0]  	938	1 
[1, 1, 29, 0]  	941	2 
[1, 35, 4, 0]  	948	3 
[1, 0, 30, 0]  	949	2 
[0, 1, 30, 0]  	953	1 
[0, 16, 19, 0]  	957	1 
[0, 35, 5, 0]  	960	2 
[0, 0, 31, 0]  	961	1  <--- 3
[1, 21, 15, 0]  	967	3 
[0, 18, 18, 0]  	972	1 
[1, 4, 28, 0]  	979	2 
[0, 4, 29, 0]  	991	1 
[0, 38, 4, 0]  	998	2 
[0, 21, 17, 0]  	1010	1 
[1, 7, 27, 0]  	1017	2 
[0, 7, 28, 0]  	1029	1 
[0, 41, 3, 0]  	1036	2 
[0, 24, 16, 0]  	1048	1 
[0, 10, 27, 0]  	1067	1 
[0, 47, 0, 0]  	1081	1  <--- 2
[0, 27, 15, 0]  	1086	1 
[0, 13, 26, 0]  	1105	1 
[20, 1, 0, 1]  	403	7 
[8, 8, 4, 1]  	460	7 
[18, 5, 4, 1]  	581	12 
[7, 0, 15, 1]  	598	7 
[18, 8, 3, 1]  	619	11 
[11, 0, 14, 1]  	643	9 
[16, 11, 3, 1]  	650	10 
[18, 11, 2, 1]  	657	10 
[15, 0, 13, 1]  	688	9 
[10, 19, 2, 1]  	689	8 
[18, 14, 1, 1]  	695	9 
[8, 23, 1, 1]  	712	8 
[12, 20, 1, 1]  	719	8 
[16, 17, 1, 1]  	726	8 
[6, 8, 14, 1]  	732	7 
[19, 0, 12, 1]  	733	8 
[14, 19, 1, 1]  	734	8 
[5, 9, 14, 1]  	736	7 
[8, 26, 0, 1]  	750	7 
[12, 23, 0, 1]  	757	7 
[16, 20, 0, 1]  	764	7 
[10, 25, 0, 1]  	765	7 
[14, 22, 0, 1]  	772	7 
[19, 18, 0, 1]  	775	7 
[7, 28, 0, 1]  	777	6 
[18, 19, 0, 1]  	779	7 
[5, 8, 17, 1]  	806	6 
[5, 7, 18, 1]  	814	5 
[5, 3, 21, 1]  	815	5 
[4, 4, 21, 1]  	819	5 
[4, 3, 22, 1]  	827	5 
[3, 28, 5, 1]  	856	5 
[2, 29, 5, 1]  	860	4 
[2, 28, 6, 1]  	868	4 
[2, 10, 20, 1]  	888	3 
[2, 0, 28, 1]  	906	4 
[0, 32, 6, 1]  	922	2 
[1, 24, 12, 1]  	943	3 
[0, 44, 0, 1]  	1012	2 
[7, 6, 14, 2]  	705	8 
[1, 27, 9, 2]  	919	2 
[1, 29, 8, 2]  	934	2 
[6, 22, 2, 23]  	682	7 
[0, 13, 20, 23]  	919	1 
[0, 15, 19, 23]  	934	1 
[9, 2, 6, 24]  	403	6 
[4, 14, 2, 24]  	460	5 
[7, 8, 5, 24]  	472	6 
[6, 0, 16, 24]  	610	5 
[8, 22, 1, 24]  	689	8 
[3, 11, 13, 24]  	713	5 
[5, 0, 22, 24]  	777	4 
[3, 20, 9, 24]  	796	4 
[3, 10, 17, 24]  	814	4 
[3, 6, 20, 24]  	815	4 
[1, 14, 16, 24]  	837	3 
[0, 13, 19, 24]  	888	1 
[0, 1, 29, 24]  	922	1 
[0, 41, 0, 24]  	943	2 
------
The gap is between 3 and 22.
Lengths: 3 3 5 5 3 3.
For 982 = 5*d/2-d1-d2-d3 you get 3 in char 0.
1*x^1*y^23*z^14
1*y^40*z^2
1*y^9*z^25

For 560 = 3*d/2-d1-d2-d3 you get 5 in char 0.
1*x^5*z^15
1*x^3*y^3*z^14
1*x^2*y^20*z^2
1*x^1*y^6*z^13
1*y^23*z^1

For 138 = d/2-d1-d2-d3 you get 3 in char 0.
1*x^4*z^2
1*x^2*y^3*z^1
1*y^6

Extra powers of p used 0.
The invariant extra is equal to 1.
Start computing 7^3 Delta^1 (x1x2x3)^6... Done.
Start computing 7^4 Delta^2 (x1x2x3)^6... Done.
Start computing 7^5 Delta^3 (x1x2x3)^6... Done.
Start computing 7^6 Delta^4 (x1x2x3)^6... Done.
Start computing 7^7 Delta^5 (x1x2x3)^6... Done.
Start computing 7^8 Delta^6 (x1x2x3)^6... Done.
Start computing aa.
1 2 3 4 5 6 7 8 9 10 11 
*/
A = \
[17224639786463943619,169816000629437533987,131870098618145210967,106561825582361007859,70328119769699251474,99546614532764967925,62917895268661738774,74876592689203001081,145628766962175517475,101645642118286702177,53271052136751461012;\
153756916217975826026,61567292598304951589,50872723642686752488,3921670682399940071,47594982685109915874,87872984703321302247,2414181097609610504,36622022575514434772,72363120524985686816,15393911865815156100,38441551218924858165;\
173965524052668837761,88914564641236172192,181254931697644841274,4820013865056570117,94098971500598185065,47281647575496047511,180193623292825290148,91185524502744686175,104046865953076262426,190514266902751651524,167448494768679881967;\
37733012630966513994,154008799446158107467,167873945176284360458,104625863094906478339,135443046190517924677,138832280980077668487,175330748003484462508,114559776626298729859,125649707023765078252,39127660534468536590,36353860550523725251;\
139534712519376108490,123242669807161587205,1341703537753771013,43408986242457762199,159026973047434641072,142795292330709407725,12874919561343158340,17104562676518231187,187413034349239546911,168374651619613434590,96794187451996841191;\
111975462599744660093,152328286434111685212,92270456393260428753,38564705498407778186,107060957479029149778,179969060683367182493,86545454137716835219,104090423396151207869,20178973746098868253,44420439253142293369,57395688151636047654;\
66990548730423921726,86563602850107321452,116184888601234647970,4758012422430067486,84777088132830078727,35946088444536804030,3880361888686749060,31144789384629691036,42600515132832271713,35072400271423190858,143884773112352844943;\
98823730721420839056,150202991369892606278,42215197316981357171,162524670090636678321,187317912464222518762,77749326724288735313,187029054056310047757,16882950511962957303,110203560433303728139,156907177033363562064,140367803996649604277;\
184623986958011709057,99267839109464441292,118235292397356368706,127875352614977257948,161309504062642550741,122103014129500880959,58883474064077049352,99085928865110577152,166440028522191967767,116889155086096598247,53231071223087001657;\
97548349489262357933,164677532361621377842,53858686899141076698,58828855693072019471,9204814552850306201,33426200794346782807,11070855240356815106,28978304414002285314,156488387179627037920,164359486670637041791,161415740884642042435;\
186200038984667984868,95867309353641684566,130723584028933915479,158116133005613623813,40580094996856141356,175320121408802634236,133972248871108836965,21666622394777776983,15246271280435791491,24437753899739262054,56052951940573023247]
/* 
This should be the matrix of frobenius!
*/ 
B = A; 
/* Freed 54 lists. */
