/* Comments begin... 
Coefficient of   x^21 * y^1               = -2
Coefficient of   x^10 * y^2 * z^6         = -1
Coefficient of   x^8 * y^5 * z^5         = 1
Coefficient of   x^6 * y^8 * z^4         = 2
Coefficient of   x^4 * y^11 * z^3         = -3
Coefficient of   x^2 * y^14 * z^2         = -3
Coefficient of   x^1 * z^13               = -1
Coefficient of   y^17 * z^1               = -2

Here is the polynomial we're using this time:

-2*x^21*y^1 + -1*x^10*y^2*z^6 + 1*x^8*y^5*z^5 + 2*x^6*y^8*z^4 + -3*x^4*y^11*z^3 + -3*x^2*y^14*z^2 + -1*x^1*z^13 + -2*y^17*z^1

Allocate G_len 20 elements and old = 0.
Allocate M_len = 400 elements.
Allocate G_len 40 elements and old = 20.
Allocate M_len = 800 elements.
Allocate G_len 80 elements and old = 40.
Allocate M_len = 1600 elements.
Allocate M_len = 3200 elements.
Allocate G_len 160 elements and old = 80.
Allocate M_len = 6400 elements.
Allocate M_len = 12800 elements.
Allocate G_len 320 elements and old = 160.
Allocate M_len = 25600 elements.
The final length of G is 203
[10, 2, 5, 0]  	391	7 
[21, 0, 0, 0]  	399	7  <--- 1
[8, 5, 5, 0]  	422	6 
[8, 8, 4, 0]  	460	7 
[6, 11, 4, 0]  	491	6 
[6, 14, 3, 0]  	529	7 
[5, 0, 15, 0]  	560	6 
[19, 5, 4, 0]  	600	7 
[15, 11, 3, 0]  	631	10 
[19, 8, 3, 0]  	638	7 
[12, 0, 14, 0]  	662	9 
[15, 14, 2, 0]  	669	9 
[9, 3, 14, 0]  	674	9 
[19, 11, 2, 0]  	676	9 
[9, 20, 2, 0]  	693	8 
[13, 17, 2, 0]  	700	8 
[7, 22, 2, 0]  	701	8 
[7, 6, 14, 0]  	705	8 
[16, 0, 13, 0]  	707	8 
[11, 19, 2, 0]  	708	8 
[19, 14, 1, 0]  	714	8 
[7, 8, 13, 0]  	720	8 
[6, 9, 13, 0]  	724	7 
[9, 23, 1, 0]  	731	7 
[6, 8, 14, 0]  	732	7 
[5, 25, 2, 0]  	732	7 
[5, 9, 14, 0]  	736	7 
[13, 20, 1, 0]  	738	7 
[6, 26, 1, 0]  	743	7 
[17, 17, 1, 0]  	745	7 
[11, 22, 1, 0]  	746	7 
[5, 11, 13, 0]  	751	7 
[20, 0, 12, 0]  	752	7 
[15, 19, 1, 0]  	753	7 
[6, 28, 0, 0]  	758	7 
[5, 29, 0, 0]  	762	6 
[4, 11, 14, 0]  	763	6 
[4, 26, 3, 0]  	767	6 
[5, 28, 1, 0]  	770	7 
[20, 17, 0, 0]  	771	2 
[5, 24, 4, 0]  	771	6 
[4, 29, 1, 0]  	774	6 
[13, 23, 0, 0]  	776	6 
[5, 15, 11, 0]  	781	6 
[4, 28, 2, 0]  	782	6 
[3, 14, 13, 0]  	782	6 
[17, 20, 0, 0]  	783	6 
[11, 25, 0, 0]  	784	6 
[3, 29, 2, 0]  	786	5 
[5, 18, 9, 0]  	788	6 
[5, 14, 12, 0]  	789	6 
[4, 31, 0, 0]  	789	6 
[15, 22, 0, 0]  	791	6 
[4, 15, 12, 0]  	793	5 
[3, 32, 0, 0]  	793	5 
[5, 21, 7, 0]  	795	6 
[5, 17, 10, 0]  	796	6 
[19, 19, 0, 0]  	798	6 
[4, 18, 10, 0]  	800	5 
[3, 31, 1, 0]  	801	5 
[3, 0, 24, 0]  	801	5 
[5, 20, 8, 0]  	803	6 
[2, 32, 1, 0]  	805	5 
[4, 25, 5, 0]  	806	6 
[4, 21, 8, 0]  	807	5 
[4, 17, 11, 0]  	808	5 
[5, 23, 6, 0]  	810	6 
[4, 1, 23, 0]  	812	5 
[4, 24, 6, 0]  	814	5 
[4, 20, 9, 0]  	815	5 
[4, 4, 21, 0]  	819	5 
[3, 17, 12, 0]  	820	5 
[4, 23, 7, 0]  	822	5 
[2, 18, 12, 0]  	824	4 
[4, 7, 19, 0]  	826	5 
[4, 3, 22, 0]  	827	5 
[3, 12, 16, 0]  	829	5 
[3, 4, 22, 0]  	831	4 
[4, 10, 17, 0]  	833	5 
[4, 6, 20, 0]  	834	5 
[3, 7, 20, 0]  	838	4 
[4, 9, 18, 0]  	841	5 
[2, 35, 0, 0]  	843	4 
[3, 10, 18, 0]  	845	4 
[3, 6, 21, 0]  	846	4 
[3, 21, 10, 0]  	850	4 
[3, 24, 8, 0]  	857	4 
[3, 20, 11, 0]  	858	4 
[2, 21, 11, 0]  	862	3 
[3, 27, 6, 0]  	864	4 
[3, 23, 9, 0]  	865	4 
[2, 24, 9, 0]  	869	3 
[2, 4, 24, 0]  	874	4 
[2, 31, 4, 0]  	875	5 
[2, 23, 10, 0]  	877	3 
[2, 7, 22, 0]  	881	3 
[2, 10, 20, 0]  	888	3 
[2, 29, 6, 0]  	891	4 
[1, 38, 0, 0]  	893	3 
[2, 13, 18, 0]  	895	3 
[2, 9, 21, 0]  	896	3 
[2, 1, 27, 0]  	898	4 
[1, 14, 18, 0]  	899	3 
[1, 10, 21, 0]  	900	2 
[2, 12, 19, 0]  	903	3 
[2, 27, 8, 0]  	907	2 
[1, 13, 19, 0]  	907	2 
[1, 32, 5, 0]  	910	3 
[1, 12, 20, 0]  	915	2 
[1, 31, 6, 0]  	918	3 
[0, 32, 6, 0]  	922	2 
[1, 30, 7, 0]  	926	2 
[0, 31, 7, 0]  	930	2 
[2, 0, 29, 0]  	937	4 
[0, 30, 8, 0]  	938	1 
[1, 1, 29, 0]  	941	2 
[1, 24, 12, 0]  	943	3 
[1, 35, 4, 0]  	948	3 
[1, 0, 30, 0]  	949	2 
[0, 1, 30, 0]  	953	1 
[0, 16, 19, 0]  	957	1 
[1, 18, 17, 0]  	960	2 
[0, 35, 5, 0]  	960	2 
[0, 0, 31, 0]  	961	1  <--- 3
[1, 21, 15, 0]  	967	3 
[0, 18, 18, 0]  	972	1 
[1, 4, 28, 0]  	979	2 
[0, 4, 29, 0]  	991	1 
[0, 38, 4, 0]  	998	2 
[0, 21, 17, 0]  	1010	1 
[1, 7, 27, 0]  	1017	2 
[0, 7, 28, 0]  	1029	1 
[0, 41, 3, 0]  	1036	2 
[0, 24, 16, 0]  	1048	1 
[0, 10, 27, 0]  	1067	1 
[0, 47, 0, 0]  	1081	1  <--- 2
[0, 27, 15, 0]  	1086	1 
[0, 13, 26, 0]  	1105	1 
[20, 1, 0, 1]  	403	7 
[18, 5, 4, 1]  	581	12 
[14, 11, 3, 1]  	612	11 
[18, 8, 3, 1]  	619	11 
[11, 0, 14, 1]  	643	10 
[14, 14, 2, 1]  	650	10 
[18, 11, 2, 1]  	657	10 
[12, 17, 2, 1]  	681	9 
[15, 0, 13, 1]  	688	9 
[10, 19, 2, 1]  	689	9 
[18, 14, 1, 1]  	695	9 
[8, 23, 1, 1]  	712	8 
[12, 20, 1, 1]  	719	8 
[16, 17, 1, 1]  	726	8 
[10, 22, 1, 1]  	727	8 
[19, 0, 12, 1]  	733	8 
[14, 19, 1, 1]  	734	8 
[7, 25, 1, 1]  	739	7 
[4, 12, 13, 1]  	755	6 
[12, 23, 0, 1]  	757	7 
[16, 20, 0, 1]  	764	7 
[10, 25, 0, 1]  	765	7 
[9, 26, 0, 1]  	769	6 
[4, 14, 12, 1]  	770	6 
[14, 22, 0, 1]  	772	7 
[19, 18, 0, 1]  	775	7 
[18, 19, 0, 1]  	779	7 
[3, 3, 23, 1]  	839	4 
[3, 28, 5, 1]  	856	5 
[2, 29, 5, 1]  	860	4 
[2, 28, 6, 1]  	868	4 
[3, 26, 7, 1]  	872	4 
[2, 27, 7, 1]  	876	3 
[2, 15, 16, 1]  	879	4 
[2, 26, 8, 1]  	884	3 
[2, 14, 17, 1]  	887	4 
[1, 15, 17, 1]  	891	3 
[2, 0, 28, 1]  	906	4 
[1, 27, 9, 1]  	919	2 
[1, 18, 16, 1]  	929	3 
[1, 29, 8, 1]  	934	2 
[0, 44, 0, 1]  	1012	2 
[8, 26, 0, 2]  	750	7 
[3, 11, 17, 2]  	837	5 
[3, 9, 19, 2]  	853	4 
[5, 15, 10, 23]  	750	6 
[9, 2, 6, 24]  	403	6 
[7, 8, 5, 24]  	472	6 
[5, 14, 4, 24]  	541	6 
[7, 5, 14, 24]  	682	7 
[5, 8, 14, 24]  	713	6 
[5, 28, 0, 24]  	739	6 
[4, 25, 3, 24]  	744	5 
[3, 29, 1, 24]  	755	5 
[4, 18, 9, 24]  	769	5 
[3, 31, 0, 24]  	770	2 
[4, 4, 20, 24]  	788	5 
[2, 28, 5, 24]  	837	4 
[0, 31, 4, 24]  	837	2 
[2, 20, 11, 24]  	839	3 
[2, 26, 7, 24]  	853	3 
[1, 12, 18, 24]  	853	2 
[1, 1, 28, 24]  	910	2 
[0, 13, 20, 24]  	919	1 
[0, 15, 19, 24]  	934	1 
------
The gap is between 3 and 22.
Lengths: 3 3 5 5 3 3.
For 982 = 5*d/2-d1-d2-d3 you get 3 in char 0.
1*x^1*y^23*z^14
1*y^40*z^2
1*y^9*z^25

For 560 = 3*d/2-d1-d2-d3 you get 5 in char 0.
1*x^4*y^17*z^3
1*x^3*y^3*z^14
1*x^2*y^20*z^2
1*x^1*y^6*z^13
1*y^23*z^1

For 138 = d/2-d1-d2-d3 you get 3 in char 0.
1*x^4*z^2
1*x^2*y^3*z^1
1*y^6

Extra powers of p used 0.
The invariant extra is equal to 1.
Start computing 7^3 Delta^1 (x1x2x3)^6... Done.
Start computing 7^4 Delta^2 (x1x2x3)^6... Done.
Start computing 7^5 Delta^3 (x1x2x3)^6... Done.
Start computing 7^6 Delta^4 (x1x2x3)^6... Done.
Start computing 7^7 Delta^5 (x1x2x3)^6... Done.
Start computing 7^8 Delta^6 (x1x2x3)^6... Done.
Start computing aa.
1 2 3 4 5 6 7 8 9 10 11 
*/
A = \
[152678996102589962959,20058947449837488739,136764401347298031160,165900684899756288272,32020707469911829123,185612152845532462301,141180450549091269834,104097875032710200656,50309386797739433966,10325055201674904075,38359321441321622707;\
142205898109247119991,129794195975138417605,112907754339653366057,39878776899444358323,113220800100345677390,151212146309417336535,166012567782908263032,173644681289219163044,135932560656395853203,45761428854943985883,41143821793544860369;\
85607175372885362884,190514727036328762251,31589596777727641086,118727278207837492284,22089112746156030764,55112409518620065493,140750505473235895125,56305484998460646368,89195268696880498271,186561205325776355060,79923712129536400223;\
167280873456277492771,176652764507802036558,48328341432763716452,148138843022782989104,111799493230055340528,12388039267513136507,93827632720034296293,186666306626890127849,4974550472332921795,69128531945443494349,13093545131044581973;\
106138074752892580614,15624922226333044403,63757535821459303432,99733105706383484979,122701843615232190043,133726057993770568907,37062123124315310378,53303627449661371601,105636758442865704789,166138701178252122334,44889596765153163660;\
29589375944281330816,178268623150346560372,73008732284824446038,176518232198565076183,13942163874881536728,187173377624300963231,93184801463214326642,116863952766233210335,35214497637680017489,19156266168496417793,16532046550398672167;\
162682114836012038593,160371527758188749847,64048805970527144534,65113286672294987007,157058322905925835457,167800569157907787164,142583061244253484106,88298020576390759743,155391657058860619145,124837595924808152127,160391494582824026025;\
60492736201964499382,52510976496219510189,39943730142878704371,117003862011928046239,102888027355654740696,133912879746793955080,114712585981060112759,105159303102302149211,119824455982539008715,154946317205650442199,53805803596126931300;\
65202367608094930103,177579880372970595444,42468471707243494625,10698672881277979871,156768809993935308050,121723637988637522166,176857232003767971705,174496357830427710749,72564269024807670719,123482232866188324688,19328309930573407995;\
170491743720026970806,129777254296890529442,177932409283073296308,119783009971762842236,81771691611199929171,186707143523974361785,15583502882622944885,54946570855211372876,84760649504113621878,33803690500580713062,148704249401747048450;\
33781383961423653786,10528052210497986876,67314227568540007715,26291827636477118268,91139227734254942333,73787746842358090780,37593390823172092804,92551947261764181212,142009077452806969909,23757480032778307256,169698910569777149071]
/* 
This should be the matrix of frobenius!
*/ 
B = A; 
/* Freed 54 lists. */
