/* Comments begin... 
Coefficient of   x^21 * y^1               = -3
Coefficient of   x^10 * y^2 * z^6         = -1
Coefficient of   x^8 * y^5 * z^5         = -1
Coefficient of   x^6 * y^8 * z^4         = 1
Coefficient of   x^4 * y^11 * z^3         = -3
Coefficient of   x^2 * y^14 * z^2         = -3
Coefficient of   x^1 * z^13               = 3
Coefficient of   y^17 * z^1               = 2

Here is the polynomial we're using this time:

-3*x^21*y^1 + -1*x^10*y^2*z^6 + -1*x^8*y^5*z^5 + 1*x^6*y^8*z^4 + -3*x^4*y^11*z^3 + -3*x^2*y^14*z^2 + 3*x^1*z^13 + 2*y^17*z^1

Allocate G_len 20 elements and old = 0.
Allocate M_len = 400 elements.
Allocate G_len 40 elements and old = 20.
Allocate M_len = 800 elements.
Allocate G_len 80 elements and old = 40.
Allocate M_len = 1600 elements.
Allocate M_len = 3200 elements.
Allocate G_len 160 elements and old = 80.
Allocate M_len = 6400 elements.
Allocate M_len = 12800 elements.
Allocate G_len 320 elements and old = 160.
Allocate M_len = 25600 elements.
Not smooth!
Coefficient of   x^21 * y^1               = -2
Coefficient of   x^10 * y^2 * z^6         = -1
Coefficient of   x^8 * y^5 * z^5         = 3
Coefficient of   x^6 * y^8 * z^4         = 2
Coefficient of   x^4 * y^11 * z^3         = 2
Coefficient of   x^2 * y^14 * z^2         = 3
Coefficient of   x^1 * z^13               = -3
Coefficient of   y^17 * z^1               = -1

Here is the polynomial we're using this time:

-2*x^21*y^1 + -1*x^10*y^2*z^6 + 3*x^8*y^5*z^5 + 2*x^6*y^8*z^4 + 2*x^4*y^11*z^3 + 3*x^2*y^14*z^2 + -3*x^1*z^13 + -1*y^17*z^1

The final length of G is 201
[10, 2, 5, 0]  	391	7 
[21, 0, 0, 0]  	399	7  <--- 1
[8, 5, 5, 0]  	422	6 
[8, 8, 4, 0]  	460	7 
[6, 11, 4, 0]  	491	6 
[6, 14, 3, 0]  	529	7 
[5, 0, 15, 0]  	560	6 
[19, 5, 4, 0]  	600	7 
[15, 11, 3, 0]  	631	10 
[19, 8, 3, 0]  	638	7 
[12, 0, 14, 0]  	662	9 
[15, 14, 2, 0]  	669	9 
[9, 3, 14, 0]  	674	9 
[19, 11, 2, 0]  	676	9 
[9, 20, 2, 0]  	693	8 
[13, 17, 2, 0]  	700	8 
[7, 22, 2, 0]  	701	8 
[7, 6, 14, 0]  	705	8 
[16, 0, 13, 0]  	707	8 
[11, 19, 2, 0]  	708	8 
[19, 14, 1, 0]  	714	8 
[6, 9, 13, 0]  	724	7 
[9, 23, 1, 0]  	731	7 
[6, 8, 14, 0]  	732	7 
[5, 25, 2, 0]  	732	7 
[5, 9, 14, 0]  	736	7 
[13, 20, 1, 0]  	738	7 
[17, 17, 1, 0]  	745	7 
[5, 11, 13, 0]  	751	7 
[20, 0, 12, 0]  	752	7 
[15, 19, 1, 0]  	753	7 
[6, 28, 0, 0]  	758	7 
[7, 26, 1, 0]  	762	6 
[5, 29, 0, 0]  	762	6 
[10, 25, 0, 0]  	765	7 
[9, 26, 0, 0]  	769	6 
[5, 28, 1, 0]  	770	6 
[4, 14, 12, 0]  	770	6 
[20, 17, 0, 0]  	771	2 
[5, 24, 4, 0]  	771	6 
[13, 23, 0, 0]  	776	6 
[5, 15, 11, 0]  	781	6 
[4, 28, 2, 0]  	782	7 
[17, 20, 0, 0]  	783	6 
[3, 29, 2, 0]  	786	5 
[5, 18, 9, 0]  	788	6 
[15, 22, 0, 0]  	791	6 
[3, 32, 0, 0]  	793	5 
[5, 21, 7, 0]  	795	6 
[5, 17, 10, 0]  	796	6 
[19, 19, 0, 0]  	798	6 
[4, 18, 10, 0]  	800	5 
[3, 31, 1, 0]  	801	5 
[5, 20, 8, 0]  	803	6 
[3, 15, 13, 0]  	805	5 
[2, 32, 1, 0]  	805	5 
[4, 17, 11, 0]  	808	5 
[5, 23, 6, 0]  	810	6 
[4, 1, 23, 0]  	812	5 
[4, 24, 6, 0]  	814	5 
[4, 20, 9, 0]  	815	5 
[4, 4, 21, 0]  	819	5 
[4, 0, 24, 0]  	820	5 
[3, 17, 12, 0]  	820	5 
[4, 23, 7, 0]  	822	5 
[3, 1, 24, 0]  	824	4 
[2, 18, 12, 0]  	824	4 
[4, 3, 22, 0]  	827	5 
[4, 26, 5, 0]  	829	5 
[3, 4, 22, 0]  	831	4 
[4, 10, 17, 0]  	833	5 
[3, 3, 23, 0]  	839	4 
[4, 9, 18, 0]  	841	5 
[2, 35, 0, 0]  	843	4 
[3, 10, 18, 0]  	845	4 
[3, 6, 21, 0]  	846	4 
[3, 28, 5, 0]  	856	5 
[3, 24, 8, 0]  	857	4 
[3, 20, 11, 0]  	858	4 
[3, 12, 17, 0]  	860	4 
[2, 29, 5, 0]  	860	4 
[2, 21, 11, 0]  	862	3 
[3, 23, 9, 0]  	865	4 
[2, 28, 6, 0]  	868	4 
[2, 24, 9, 0]  	869	3 
[3, 26, 7, 0]  	872	4 
[2, 4, 24, 0]  	874	4 
[3, 14, 16, 0]  	875	5 
[2, 31, 4, 0]  	875	5 
[2, 27, 7, 0]  	876	3 
[2, 23, 10, 0]  	877	3 
[2, 15, 16, 0]  	879	4 
[2, 7, 22, 0]  	881	3 
[3, 9, 20, 0]  	884	3 
[2, 26, 8, 0]  	884	3 
[2, 14, 17, 0]  	887	4 
[2, 10, 20, 0]  	888	3 
[1, 15, 17, 0]  	891	3 
[1, 38, 0, 0]  	893	3 
[2, 13, 18, 0]  	895	3 
[2, 9, 21, 0]  	896	3 
[2, 1, 27, 0]  	898	4 
[1, 14, 18, 0]  	899	3 
[1, 10, 21, 0]  	900	2 
[2, 12, 19, 0]  	903	3 
[2, 0, 28, 0]  	906	4 
[1, 13, 19, 0]  	907	2 
[1, 32, 5, 0]  	910	3 
[1, 12, 20, 0]  	915	2 
[1, 31, 6, 0]  	918	3 
[1, 27, 9, 0]  	919	2 
[1, 30, 7, 0]  	926	2 
[1, 18, 16, 0]  	929	3 
[0, 31, 7, 0]  	930	2 
[1, 29, 8, 0]  	934	2 
[0, 30, 8, 0]  	938	1 
[1, 1, 29, 0]  	941	2 
[1, 24, 12, 0]  	943	3 
[1, 35, 4, 0]  	948	3 
[1, 0, 30, 0]  	949	2 
[0, 1, 30, 0]  	953	1 
[0, 16, 19, 0]  	957	1 
[0, 35, 5, 0]  	960	2 
[0, 0, 31, 0]  	961	1  <--- 3
[1, 21, 15, 0]  	967	3 
[0, 18, 18, 0]  	972	1 
[1, 4, 28, 0]  	979	2 
[0, 4, 29, 0]  	991	1 
[0, 21, 17, 0]  	1010	1 
[0, 44, 0, 0]  	1012	2  <--- 2
[1, 7, 27, 0]  	1017	2 
[0, 7, 28, 0]  	1029	1 
[0, 41, 3, 0]  	1036	2 
[0, 24, 16, 0]  	1048	1 
[0, 10, 27, 0]  	1067	1 
[0, 27, 15, 0]  	1086	1 
[0, 13, 26, 0]  	1105	1 
[20, 1, 0, 1]  	403	7 
[18, 5, 4, 1]  	581	12 
[14, 11, 3, 1]  	612	11 
[18, 8, 3, 1]  	619	11 
[11, 0, 14, 1]  	643	10 
[14, 14, 2, 1]  	650	10 
[18, 11, 2, 1]  	657	10 
[12, 17, 2, 1]  	681	9 
[15, 0, 13, 1]  	688	9 
[10, 19, 2, 1]  	689	9 
[18, 14, 1, 1]  	695	9 
[8, 23, 1, 1]  	712	8 
[12, 20, 1, 1]  	719	8 
[7, 8, 13, 1]  	720	8 
[16, 17, 1, 1]  	726	8 
[19, 0, 12, 1]  	733	8 
[14, 19, 1, 1]  	734	8 
[7, 25, 1, 1]  	739	7 
[6, 26, 1, 1]  	743	7 
[11, 22, 1, 1]  	746	7 
[8, 26, 0, 1]  	750	7 
[4, 12, 13, 1]  	755	6 
[12, 23, 0, 1]  	757	7 
[4, 11, 14, 1]  	763	6 
[16, 20, 0, 1]  	764	7 
[4, 26, 3, 1]  	767	6 
[14, 22, 0, 1]  	772	7 
[4, 29, 1, 1]  	774	6 
[19, 18, 0, 1]  	775	7 
[18, 19, 0, 1]  	779	7 
[3, 14, 13, 1]  	782	6 
[4, 31, 0, 1]  	789	6 
[3, 0, 24, 1]  	801	5 
[4, 25, 5, 1]  	806	6 
[4, 21, 8, 1]  	807	5 
[4, 7, 19, 1]  	826	5 
[3, 12, 16, 1]  	829	5 
[4, 6, 20, 1]  	834	5 
[3, 7, 20, 1]  	838	4 
[3, 21, 10, 1]  	850	4 
[3, 9, 19, 1]  	853	4 
[3, 27, 6, 1]  	864	4 
[0, 32, 6, 1]  	922	2 
[0, 38, 4, 1]  	998	2 
[10, 22, 1, 2]  	727	8 
[3, 11, 17, 3]  	837	5 
[2, 28, 5, 22]  	837	4 
[9, 2, 6, 24]  	403	6 
[5, 11, 4, 24]  	472	5 
[7, 5, 14, 24]  	682	8 
[5, 8, 14, 24]  	713	5 
[8, 25, 0, 24]  	727	7 
[5, 28, 0, 24]  	739	5 
[2, 28, 2, 24]  	744	4 
[2, 15, 12, 24]  	755	3 
[2, 31, 1, 24]  	782	4 
[4, 0, 23, 24]  	789	4 
[2, 24, 7, 24]  	807	2 
[3, 23, 8, 24]  	834	4 
[2, 7, 21, 24]  	850	3 
[2, 10, 19, 24]  	857	3 
[2, 13, 17, 24]  	864	3 
[0, 1, 29, 24]  	922	1 
[0, 7, 27, 24]  	998	1 
------
The gap is between 4 and 21.
Lengths: 3 3 5 5 3 3.
For 982 = 5*d/2-d1-d2-d3 you get 3 in char 0.
1*x^1*y^23*z^14
1*y^40*z^2
1*y^9*z^25

For 560 = 3*d/2-d1-d2-d3 you get 5 in char 0.
1*x^4*y^17*z^3
1*x^3*y^3*z^14
1*x^2*y^20*z^2
1*x^1*y^6*z^13
1*y^23*z^1

For 138 = d/2-d1-d2-d3 you get 3 in char 0.
1*x^4*z^2
1*x^2*y^3*z^1
1*y^6

Extra powers of p used 0.
The invariant extra is equal to 1.
Start computing 7^3 Delta^1 (x1x2x3)^6... Done.
Start computing 7^4 Delta^2 (x1x2x3)^6... Done.
Start computing 7^5 Delta^3 (x1x2x3)^6... Done.
Start computing 7^6 Delta^4 (x1x2x3)^6... Done.
Start computing 7^7 Delta^5 (x1x2x3)^6... Done.
Start computing 7^8 Delta^6 (x1x2x3)^6... Done.
Start computing aa.
1 2 3 4 5 6 7 8 9 10 11 
*/
A = \
[182833939835055379874,132927995177147826962,67798964717531790776,24646753588870616455,125957540281986546679,84498714608165868052,129837032657652802601,158881558917289604907,172259245078684484791,30460070990413622383,155923838106766409820;\
45027189091842392158,47627779343950504289,134461406877560075113,133351990098904737209,52004287149533494314,86634928415665395192,153975501272010943294,38021179136197963706,145539779215518659874,126201618567243549463,137217028861798302263;\
178410871998196869083,189448398998905975241,75013501612380397960,21579803084718247740,105998707619926837723,148270461918169245025,56920431138694772481,53562716838406390384,11026256589282340707,138949338352151904507,53364288837046003621;\
66070405234713914968,105066705099310710647,107331147426598163546,163537293947491510354,31845119688461272564,35279647178066369113,68030080279504676095,56100510742813706855,82991103601147773311,111533492506427748540,36018376220226578262;\
111280266767700707145,147422808548293913808,146140603559286325505,47504864707313344261,103320846213700987998,144488391802433338492,181609168685084595413,83344375644855412577,151544983423406138384,70854643653472489846,151631387425535352132;\
15910561316332604326,136359438329948367914,106578272579128024816,84155748774807325245,167023016266503596563,74514785269759505125,139881659240056443045,49213454596941518940,89495197327385605665,63671089278894183975,174769637244069738955;\
4264445864676744583,5544304947040235312,44539843007495559242,145693427096581485758,153912398558529266712,40293412643520389801,149557890305405505469,82591716798164840994,65016313321618576484,165615621345202982891,21603929046928581416;\
40571405975178417413,12624199239717659932,170761969977828331929,90932372073086611760,14935702706952167245,44120012151610531710,101141486224339190714,66784893573629969395,41273789203827211766,94266990036046906211,57205051284418412389;\
106501864351066283127,5033315460424165207,41226408463063694953,54388638405276539567,181392531908628310067,26598722720767777573,74181898656669733769,36434385177694045591,179419800806529764509,80375807093318962974,59248414172327322341;\
139866257203811579007,100388049096001232717,76387846530147343550,100512781505075817283,19077603192767702772,185685494325762272170,104497840449054846388,79941948539843619383,129167228830871316561,39068772975993288220,186723009726542855104;\
104520751099870231194,88034854555056676019,185595015163739143047,68031044444772695041,159708045611740212839,142622336554796475825,99945778760280620979,170809463935948808978,34191659711439682438,136648996674246243026,174205933262850821724]
/* 
This should be the matrix of frobenius!
*/ 
B = A; 
/* Freed 54 lists. */
