/* Comments begin... 
Coefficient of   x^21 * y^1               = 3
Coefficient of   x^10 * y^2 * z^6         = 2
Coefficient of   x^8 * y^5 * z^5         = 1
Coefficient of   x^6 * y^8 * z^4         = -1
Coefficient of   x^4 * y^11 * z^3         = -2
Coefficient of   x^2 * y^14 * z^2         = -2
Coefficient of   x^1 * z^13               = 3
Coefficient of   y^17 * z^1               = -3

Here is the polynomial we're using this time:

3*x^21*y^1 + 2*x^10*y^2*z^6 + 1*x^8*y^5*z^5 + -1*x^6*y^8*z^4 + -2*x^4*y^11*z^3 + -2*x^2*y^14*z^2 + 3*x^1*z^13 + -3*y^17*z^1

Allocate G_len 20 elements and old = 0.
Allocate M_len = 400 elements.
Allocate G_len 40 elements and old = 20.
Allocate M_len = 800 elements.
Allocate G_len 80 elements and old = 40.
Allocate M_len = 1600 elements.
Allocate M_len = 3200 elements.
Allocate G_len 160 elements and old = 80.
Allocate M_len = 6400 elements.
Allocate M_len = 12800 elements.
Allocate G_len 320 elements and old = 160.
Allocate M_len = 25600 elements.
The final length of G is 211
[10, 2, 5, 0]  	391	7 
[21, 0, 0, 0]  	399	7  <--- 1
[8, 5, 5, 0]  	422	6 
[8, 8, 4, 0]  	460	7 
[6, 14, 3, 0]  	529	7 
[7, 0, 15, 0]  	598	7 
[19, 5, 4, 0]  	600	7 
[15, 11, 3, 0]  	631	10 
[19, 8, 3, 0]  	638	7 
[15, 14, 2, 0]  	669	10 
[9, 3, 14, 0]  	674	9 
[19, 11, 2, 0]  	676	7 
[12, 17, 2, 0]  	681	9 
[14, 0, 14, 0]  	700	9 
[7, 22, 2, 0]  	701	8 
[16, 0, 13, 0]  	707	9 
[11, 19, 2, 0]  	708	9 
[8, 23, 1, 0]  	712	8 
[19, 14, 1, 0]  	714	9 
[7, 8, 13, 0]  	720	8 
[6, 9, 13, 0]  	724	7 
[6, 8, 14, 0]  	732	7 
[5, 25, 2, 0]  	732	7 
[7, 25, 1, 0]  	739	8 
[6, 26, 1, 0]  	743	7 
[11, 22, 1, 0]  	746	8 
[5, 11, 13, 0]  	751	7 
[20, 0, 12, 0]  	752	8 
[15, 19, 1, 0]  	753	8 
[4, 12, 13, 0]  	755	6 
[12, 23, 0, 0]  	757	8 
[7, 11, 12, 0]  	758	8 
[5, 29, 0, 0]  	762	6 
[4, 11, 14, 0]  	763	6 
[16, 20, 0, 0]  	764	8 
[4, 26, 3, 0]  	767	6 
[5, 28, 1, 0]  	770	6 
[4, 14, 12, 0]  	770	6 
[20, 17, 0, 0]  	771	2 
[6, 7, 16, 0]  	771	6 
[5, 24, 4, 0]  	771	6 
[4, 29, 1, 0]  	774	6 
[7, 28, 0, 0]  	777	7 
[5, 15, 11, 0]  	781	6 
[4, 28, 2, 0]  	782	6 
[3, 14, 13, 0]  	782	6 
[11, 25, 0, 0]  	784	6 
[3, 29, 2, 0]  	786	5 
[6, 1, 21, 0]  	788	6 
[5, 18, 9, 0]  	788	6 
[15, 22, 0, 0]  	791	7 
[3, 32, 0, 0]  	793	5 
[6, 4, 19, 0]  	795	6 
[5, 21, 7, 0]  	795	6 
[6, 0, 22, 0]  	796	6 
[5, 17, 10, 0]  	796	6 
[19, 19, 0, 0]  	798	7 
[5, 1, 22, 0]  	800	5 
[4, 18, 10, 0]  	800	5 
[3, 31, 1, 0]  	801	5 
[3, 0, 24, 0]  	801	5 
[6, 3, 20, 0]  	803	6 
[5, 20, 8, 0]  	803	6 
[2, 32, 1, 0]  	805	5 
[4, 25, 5, 0]  	806	6 
[5, 4, 20, 0]  	807	5 
[4, 21, 8, 0]  	807	5 
[5, 0, 23, 0]  	808	5 
[4, 17, 11, 0]  	808	5 
[6, 6, 18, 0]  	810	6 
[5, 23, 6, 0]  	810	6 
[4, 1, 23, 0]  	812	5 
[5, 3, 21, 0]  	815	5 
[4, 20, 9, 0]  	815	5 
[4, 4, 21, 0]  	819	5 
[3, 17, 12, 0]  	820	5 
[5, 6, 19, 0]  	822	5 
[4, 23, 7, 0]  	822	5 
[2, 18, 12, 0]  	824	4 
[4, 7, 19, 0]  	826	5 
[4, 3, 22, 0]  	827	5 
[5, 9, 17, 0]  	829	5 
[3, 12, 16, 0]  	829	5 
[3, 4, 22, 0]  	831	4 
[4, 10, 17, 0]  	833	5 
[4, 6, 20, 0]  	834	5 
[3, 11, 17, 0]  	837	5 
[3, 7, 20, 0]  	838	4 
[3, 3, 23, 0]  	839	4 
[4, 9, 18, 0]  	841	5 
[3, 10, 18, 0]  	845	4 
[3, 6, 21, 0]  	846	4 
[3, 21, 10, 0]  	850	4 
[3, 9, 19, 0]  	853	4 
[3, 28, 5, 0]  	856	5 
[3, 24, 8, 0]  	857	4 
[2, 29, 5, 0]  	860	4 
[2, 21, 11, 0]  	862	3 
[3, 23, 9, 0]  	865	4 
[2, 28, 6, 0]  	868	4 
[2, 24, 9, 0]  	869	3 
[3, 26, 7, 0]  	872	4 
[2, 4, 24, 0]  	874	4 
[2, 31, 4, 0]  	875	5 
[2, 27, 7, 0]  	876	3 
[2, 23, 10, 0]  	877	3 
[2, 15, 16, 0]  	879	4 
[2, 7, 22, 0]  	881	3 
[2, 26, 8, 0]  	884	3 
[2, 14, 17, 0]  	887	4 
[2, 10, 20, 0]  	888	3 
[1, 15, 17, 0]  	891	3 
[1, 38, 0, 0]  	893	3 
[2, 13, 18, 0]  	895	3 
[2, 9, 21, 0]  	896	3 
[2, 1, 27, 0]  	898	4 
[1, 14, 18, 0]  	899	3 
[1, 10, 21, 0]  	900	2 
[2, 12, 19, 0]  	903	3 
[2, 0, 28, 0]  	906	4 
[1, 32, 5, 0]  	910	3 
[1, 12, 20, 0]  	915	2 
[1, 27, 9, 0]  	919	2 
[0, 32, 6, 0]  	922	2 
[1, 30, 7, 0]  	926	2 
[1, 18, 16, 0]  	929	3 
[0, 31, 7, 0]  	930	2 
[1, 29, 8, 0]  	934	2 
[0, 30, 8, 0]  	938	1 
[1, 1, 29, 0]  	941	2 
[1, 24, 12, 0]  	943	3 
[1, 0, 30, 0]  	949	2 
[0, 1, 30, 0]  	953	1 
[0, 16, 19, 0]  	957	1 
[0, 35, 5, 0]  	960	2 
[0, 0, 31, 0]  	961	1  <--- 3
[1, 21, 15, 0]  	967	3 
[0, 18, 18, 0]  	972	1 
[1, 4, 28, 0]  	979	2 
[0, 4, 29, 0]  	991	1 
[0, 38, 4, 0]  	998	2 
[0, 21, 17, 0]  	1010	1 
[0, 44, 0, 0]  	1012	2  <--- 2
[1, 7, 27, 0]  	1017	2 
[0, 7, 28, 0]  	1029	1 
[0, 41, 3, 0]  	1036	2 
[0, 24, 16, 0]  	1048	1 
[0, 10, 27, 0]  	1067	1 
[0, 27, 15, 0]  	1086	1 
[0, 13, 26, 0]  	1105	1 
[20, 1, 0, 1]  	403	7 
[6, 11, 4, 1]  	491	6 
[5, 0, 15, 1]  	560	6 
[18, 5, 4, 1]  	581	12 
[14, 11, 3, 1]  	612	11 
[18, 8, 3, 1]  	619	11 
[14, 14, 2, 1]  	650	10 
[18, 11, 2, 1]  	657	11 
[12, 0, 14, 1]  	662	9 
[15, 0, 13, 1]  	688	10 
[10, 19, 2, 1]  	689	9 
[9, 20, 2, 1]  	693	8 
[18, 14, 1, 1]  	695	10 
[7, 6, 14, 1]  	705	8 
[10, 22, 1, 1]  	727	9 
[19, 0, 12, 1]  	733	9 
[14, 19, 1, 1]  	734	9 
[5, 9, 14, 1]  	736	7 
[13, 20, 1, 1]  	738	7 
[17, 17, 1, 1]  	745	8 
[10, 25, 0, 1]  	765	8 
[14, 22, 0, 1]  	772	8 
[19, 18, 0, 1]  	775	7 
[18, 19, 0, 1]  	779	8 
[4, 31, 0, 1]  	789	6 
[2, 35, 0, 1]  	843	4 
[3, 20, 11, 1]  	858	4 
[3, 27, 6, 1]  	864	4 
[1, 13, 19, 1]  	907	2 
[1, 31, 6, 1]  	918	3 
[1, 35, 4, 1]  	948	3 
[11, 0, 14, 2]  	643	10 
[12, 20, 1, 2]  	719	9 
[16, 17, 1, 2]  	726	9 
[6, 28, 0, 2]  	758	7 
[4, 24, 6, 2]  	814	5 
[9, 26, 0, 3]  	769	7 
[8, 26, 0, 4]  	750	8 
[5, 15, 10, 20]  	750	6 
[4, 18, 9, 21]  	769	5 
[3, 10, 17, 22]  	814	4 
[5, 14, 4, 23]  	541	6 
[9, 2, 6, 24]  	403	6 
[7, 8, 5, 24]  	472	6 
[4, 14, 3, 24]  	491	4 
[10, 17, 2, 24]  	643	9 
[6, 22, 2, 24]  	682	6 
[7, 23, 1, 24]  	693	6 
[4, 25, 2, 24]  	713	3 
[10, 23, 0, 24]  	719	7 
[14, 20, 0, 24]  	726	7 
[3, 11, 14, 24]  	744	5 
[4, 4, 20, 24]  	788	5 
[4, 0, 23, 24]  	789	5 
[2, 28, 5, 24]  	837	4 
[2, 4, 23, 24]  	843	3 
[2, 6, 22, 24]  	858	3 
[2, 13, 17, 24]  	864	3 
[0, 30, 7, 24]  	907	1 
[1, 0, 29, 24]  	918	2 
[1, 4, 27, 24]  	948	2 
------
The gap is between 5 and 19.
Lengths: 3 3 5 6 3 3.
For 982 = 5*d/2-d1-d2-d3 you get 3 in char 0.
1*x^1*y^23*z^14
1*y^40*z^2
1*y^9*z^25

For 560 = 3*d/2-d1-d2-d3 you get 5 in char 0.
1*x^4*y^17*z^3
1*x^3*y^3*z^14
1*x^2*y^20*z^2
1*x^1*y^6*z^13
1*y^23*z^1

For 138 = d/2-d1-d2-d3 you get 3 in char 0.
1*x^4*z^2
1*x^2*y^3*z^1
1*y^6

Extra powers of p used 1.
The invariant extra is equal to 1.
Start computing 7^3 Delta^1 (x1x2x3)^6... Done.
Start computing 7^4 Delta^2 (x1x2x3)^6... Done.
Start computing 7^5 Delta^3 (x1x2x3)^6... Done.
Start computing 7^6 Delta^4 (x1x2x3)^6... Done.
Start computing 7^7 Delta^5 (x1x2x3)^6... Done.
Start computing 7^8 Delta^6 (x1x2x3)^6... Done.
Start computing aa.
1 2 3 4 5 6 7 8 9 10 11 
*/
A = \
[175590560501254283987,103670300604292443637,131060059617123829360,139118157659962719966,78589248627948694027,71364234871432009325,54238427635439695102,157112719329991613363,174885741403327982713,79893584783603117366,70652047879736759744;\
155731620393459012665,104704852952981984367,45632718128146969757,170434094501003054358,35107629194802864861,81660446390530847763,109239548423485798584,71218381371495698522,31571060633909643490,13658828106381773161,116006983877055685148;\
148983509325831597844,87740723282371239087,93338496582239723668,67764884881252053355,166894569597995299242,160989204442209301263,96602541238472025400,95712260258001160816,71252820358773031461,181888145362267225448,37860804077228312733;\
115568931092179851749,15852080086117005678,25469890644797250172,105734639363551743279,67810830253271660863,119923557071170594721,160076438246244589209,117929554198996885954,118855151192656071837,127030653197747980744,5667890487706354523;\
59640878614676785366,86726101917318001210,75139424593064959668,13751958723357072001,107212644081793755827,78924549761360423715,51483704200596784935,165651531464416537225,162155333779561385781,143777897700032387792,14623774851420687771;\
68759757614661851723,158815499167507959711,12963082782898183646,23494146024772078705,157324753679931060195,156435023212900221027,103292225691714457377,130957393498562486450,147478921392111758246,141866323744101692953,86977473199807156134;\
69001101577736992895,60571149009824842872,14316064387833964210,36004193543714073629,169052923598527251297,516021587854746771,165168218944473120390,157345163838200064160,29922492069171561552,13753233886644618303,86286688794461280468;\
64052865406790845369,81529519359496042593,66826784442207685087,29381726876110923188,173777398179473369575,13433644130635076271,75455806054880687758,67150239036030864980,61097970197716435641,44023221544500221569,112958799005658919733;\
107429854612630606210,73537517822912586856,24825616147403430702,87452333321898338682,187279588520633979342,58684957350272460109,171602649914206554568,133190078393854592530,173451204351919951114,176029367440515000405,143067818705165677876;\
73569066597342426329,41329564979667421729,92022248491179227759,22347507313268116735,25994300503765531028,23433820057939902464,58037547066522903817,165401053759392100188,55010723448147047182,166046274816157837598,51606212422974990781;\
92428925034490498467,52841600400767832973,55330740072574395069,134440380642151951570,18916468132741687214,119843896115745605405,164389630530648087243,161337118434811348981,49593191573184151158,83164859309027496826,27590802651321937762]
/* 
This matrix times 7^(-1) should be the matrix of frobenius.
*/ 
B = 7^(-1) * A; 
/* Freed 54 lists. */
