/* Comments begin... 
Coefficient of   x^21 * y^1               = 1
Coefficient of   x^10 * y^2 * z^6         = 2
Coefficient of   x^8 * y^5 * z^5         = 3
Coefficient of   x^6 * y^8 * z^4         = -3
Coefficient of   x^4 * y^11 * z^3         = 0
Coefficient of   x^2 * y^14 * z^2         = 0
Coefficient of   x^1 * z^13               = 2
Coefficient of   y^17 * z^1               = 3

Here is the polynomial we're using this time:

1*x^21*y^1 + 2*x^10*y^2*z^6 + 3*x^8*y^5*z^5 + -3*x^6*y^8*z^4 + 2*x^1*z^13 + 3*y^17*z^1

Allocate G_len 20 elements and old = 0.
Allocate M_len = 400 elements.
Allocate G_len 40 elements and old = 20.
Allocate M_len = 800 elements.
Allocate G_len 80 elements and old = 40.
Allocate M_len = 1600 elements.
Allocate M_len = 3200 elements.
Allocate G_len 160 elements and old = 80.
Allocate M_len = 6400 elements.
Allocate M_len = 12800 elements.
Allocate G_len 320 elements and old = 160.
The final length of G is 168
[10, 2, 5, 0]  	391	5 
[21, 0, 0, 0]  	399	5  <--- 1
[8, 5, 5, 0]  	422	4 
[8, 8, 4, 0]  	460	6 
[6, 11, 4, 0]  	491	5 
[6, 14, 3, 0]  	529	7 
[5, 0, 15, 0]  	560	6 
[19, 5, 4, 0]  	600	5 
[15, 11, 3, 0]  	631	7 
[19, 8, 3, 0]  	638	5 
[12, 0, 14, 0]  	662	6 
[14, 0, 13, 0]  	669	4 
[9, 3, 14, 0]  	674	7 
[16, 0, 12, 0]  	676	7 
[9, 20, 2, 0]  	693	6 
[13, 17, 2, 0]  	700	6 
[7, 22, 2, 0]  	701	7 
[7, 6, 14, 0]  	705	7 
[15, 17, 1, 0]  	707	4 
[11, 19, 2, 0]  	708	6 
[13, 19, 1, 0]  	715	6 
[7, 8, 13, 0]  	720	7 
[15, 19, 0, 0]  	722	6 
[6, 9, 13, 0]  	724	6 
[6, 8, 14, 0]  	732	7 
[5, 25, 2, 0]  	732	7 
[5, 17, 8, 0]  	734	6 
[5, 9, 14, 0]  	736	7 
[7, 25, 1, 0]  	739	6 
[6, 26, 1, 0]  	743	6 
[11, 22, 1, 0]  	746	6 
[8, 26, 0, 0]  	750	7 
[5, 11, 13, 0]  	751	7 
[4, 20, 7, 0]  	753	5 
[4, 12, 13, 0]  	755	6 
[4, 11, 14, 0]  	763	6 
[5, 28, 1, 0]  	770	5 
[4, 14, 12, 0]  	770	6 
[20, 17, 0, 0]  	771	2 
[5, 24, 4, 0]  	771	6 
[4, 29, 1, 0]  	774	6 
[7, 28, 0, 0]  	777	6 
[5, 15, 11, 0]  	781	6 
[4, 28, 2, 0]  	782	6 
[3, 14, 13, 0]  	782	6 
[3, 29, 2, 0]  	786	5 
[4, 31, 0, 0]  	789	6 
[4, 23, 6, 0]  	791	5 
[3, 1, 23, 0]  	793	4 
[4, 18, 10, 0]  	800	5 
[3, 31, 1, 0]  	801	5 
[3, 0, 24, 0]  	801	5 
[4, 6, 19, 0]  	803	5 
[2, 32, 1, 0]  	805	5 
[4, 4, 21, 0]  	819	5 
[3, 17, 12, 0]  	820	5 
[3, 9, 18, 0]  	822	4 
[2, 18, 12, 0]  	824	4 
[4, 3, 22, 0]  	827	5 
[4, 26, 5, 0]  	829	5 
[3, 12, 16, 0]  	829	5 
[3, 4, 22, 0]  	831	4 
[4, 10, 17, 0]  	833	5 
[3, 11, 17, 0]  	837	5 
[3, 7, 20, 0]  	838	4 
[3, 34, 0, 0]  	839	4 
[2, 35, 0, 0]  	843	4 
[3, 6, 21, 0]  	846	4 
[3, 21, 10, 0]  	850	4 
[3, 28, 5, 0]  	856	5 
[3, 24, 8, 0]  	857	4 
[3, 20, 11, 0]  	858	4 
[2, 29, 5, 0]  	860	4 
[2, 21, 11, 0]  	862	3 
[3, 23, 9, 0]  	865	4 
[2, 28, 6, 0]  	868	4 
[2, 24, 9, 0]  	869	3 
[2, 4, 24, 0]  	874	4 
[2, 31, 4, 0]  	875	5 
[2, 27, 7, 0]  	876	3 
[2, 23, 10, 0]  	877	3 
[2, 7, 22, 0]  	881	3 
[2, 26, 8, 0]  	884	3 
[2, 14, 17, 0]  	887	4 
[1, 15, 17, 0]  	891	3 
[1, 38, 0, 0]  	893	3 
[2, 13, 18, 0]  	895	3 
[2, 9, 21, 0]  	896	3 
[2, 1, 27, 0]  	898	4 
[1, 10, 21, 0]  	900	2 
[2, 12, 19, 0]  	903	3 
[2, 0, 28, 0]  	906	4 
[1, 13, 19, 0]  	907	2 
[1, 32, 5, 0]  	910	3 
[1, 12, 20, 0]  	915	2 
[1, 31, 6, 0]  	918	3 
[1, 27, 9, 0]  	919	2 
[0, 32, 6, 0]  	922	2 
[1, 30, 7, 0]  	926	2 
[1, 18, 16, 0]  	929	3 
[0, 31, 7, 0]  	930	2 
[1, 29, 8, 0]  	934	2 
[0, 30, 8, 0]  	938	1 
[1, 1, 29, 0]  	941	2 
[1, 24, 12, 0]  	943	3 
[1, 35, 4, 0]  	948	3 
[1, 0, 30, 0]  	949	2 
[0, 1, 30, 0]  	953	1 
[0, 16, 19, 0]  	957	1 
[0, 0, 31, 0]  	961	1  <--- 3
[1, 21, 15, 0]  	967	3 
[0, 18, 18, 0]  	972	1 
[1, 4, 28, 0]  	979	2 
[0, 4, 29, 0]  	991	1 
[0, 38, 4, 0]  	998	2 
[0, 21, 17, 0]  	1010	1 
[0, 44, 0, 0]  	1012	2  <--- 2
[1, 7, 27, 0]  	1017	2 
[0, 7, 28, 0]  	1029	1 
[0, 24, 16, 0]  	1048	1 
[0, 10, 27, 0]  	1067	1 
[0, 27, 15, 0]  	1086	1 
[0, 13, 26, 0]  	1105	1 
[20, 1, 0, 1]  	403	5 
[18, 5, 4, 1]  	581	8 
[14, 11, 3, 1]  	612	8 
[18, 8, 3, 1]  	619	8 
[11, 0, 14, 1]  	643	7 
[13, 0, 13, 1]  	650	7 
[15, 0, 12, 1]  	657	8 
[12, 17, 2, 1]  	681	7 
[14, 17, 1, 1]  	688	7 
[10, 19, 2, 1]  	689	7 
[12, 19, 1, 1]  	696	7 
[14, 19, 0, 1]  	703	7 
[10, 22, 1, 1]  	727	7 
[9, 23, 1, 1]  	731	6 
[6, 28, 0, 1]  	758	7 
[5, 29, 0, 1]  	762	5 
[4, 26, 3, 1]  	767	6 
[19, 18, 0, 1]  	775	7 
[4, 25, 5, 1]  	806	6 
[4, 17, 11, 1]  	808	5 
[3, 27, 6, 1]  	864	4 
[3, 26, 7, 1]  	872	4 
[2, 15, 16, 1]  	879	4 
[2, 10, 20, 1]  	888	3 
[0, 35, 5, 1]  	960	2 
[0, 41, 3, 1]  	1036	2 
[8, 23, 1, 2]  	712	7 
[1, 14, 18, 2]  	899	3 
[7, 9, 12, 23]  	712	6 
[0, 31, 6, 23]  	899	2 
[9, 2, 6, 24]  	403	4 
[7, 8, 5, 24]  	472	5 
[5, 14, 4, 24]  	541	6 
[7, 5, 14, 24]  	682	6 
[5, 8, 14, 24]  	713	5 
[7, 26, 0, 24]  	731	4 
[3, 11, 14, 24]  	744	5 
[3, 1, 22, 24]  	762	4 
[4, 6, 18, 24]  	772	5 
[4, 9, 17, 24]  	810	5 
[2, 12, 17, 24]  	841	3 
[1, 32, 4, 24]  	879	2 
[1, 27, 8, 24]  	888	2 
[0, 4, 28, 24]  	960	1 
[0, 10, 26, 24]  	1036	1 
------
The gap is between 3 and 22.
Lengths: 3 3 5 5 3 3.
For 982 = 5*d/2-d1-d2-d3 you get 3 in char 0.
1*x^1*y^23*z^14
1*y^40*z^2
1*y^9*z^25

For 560 = 3*d/2-d1-d2-d3 you get 5 in char 0.
1*x^4*y^17*z^3
1*x^3*y^3*z^14
1*x^2*y^20*z^2
1*x^1*y^6*z^13
1*y^23*z^1

For 138 = d/2-d1-d2-d3 you get 3 in char 0.
1*x^4*z^2
1*x^2*y^3*z^1
1*y^6

Extra powers of p used 0.
The invariant extra is equal to 1.
Start computing 7^3 Delta^1 (x1x2x3)^6... Done.
Start computing 7^4 Delta^2 (x1x2x3)^6... Done.
Start computing 7^5 Delta^3 (x1x2x3)^6... Done.
Start computing 7^6 Delta^4 (x1x2x3)^6... Done.
Start computing 7^7 Delta^5 (x1x2x3)^6... Done.
Start computing 7^8 Delta^6 (x1x2x3)^6... Done.
Start computing aa.
1 2 3 4 5 6 7 8 9 10 11 
*/
A = \
[81106639203934185859,21382599601640767791,49378954865754181367,57756200284488321329,172433822383847372649,147275287372677151975,8607103669848677770,169344737377131792721,17695952512555152703,21188516349742757631,56698880946215559821;\
189818204954423197999,40570891505361496261,142869193716458095010,73006777014117451120,20699410064852042860,87229118529718254026,97770937534819783745,22959854020359425554,129187409255326375688,148074434246294236345,35431551574220486748;\
184339130273254972690,18521456710306558356,51615099899098241257,159012138423823096461,5957913224154260691,15880583757807707309,32432021797106078504,114657026480872745226,84340869022849728933,161664613473157721017,63725268755213346715;\
96891893800959259152,19944011359078307403,9461744317471782327,168528114607860568106,47168418780046350010,12511166549833469287,36441185737547405430,142771628059034331000,28201507167527610210,148658256748658226220,43371715086373594893;\
31685642582308755020,152718056530753932337,138704142892749874686,75294876622095117253,146066915131292625722,39010840216817844410,128367704821438198046,96457899508625174695,31505742584072243844,171051594410766336155,104853525356091989204;\
22539117646595844193,110076235707816242538,168151225861502338880,7169129066962087897,127418451886144222020,132371985431715175335,66272255808629293521,151286825383913125480,125696044226530001896,93266537056065955932,79860492646256919653;\
361136078283276197,63879225797423773946,34391157257620457965,139943470739234061746,74032648520039930609,78123159121113593109,143116386163456046495,48985376844718156388,77226602828387435248,6854530521838785786,57939755912130679685;\
122986984830945605372,121320706916935708014,24906414968485180449,97501651344313470443,2108384599846654521,11473755704777507407,25764814382277811428,59511585732019307194,41172600752329741450,94101470970796440032,13680329324882147942;\
190105984756657915342,117617164100909335619,165040126239456017480,34254977984137998878,92020644306177363861,52271355679209886786,74021275701629366957,150597256487937384034,86735309953207094186,188747154907030840323,35895177999038069691;\
31680155313465243690,82970701225232280989,191392091391786824071,44931320437172522493,98290714620223871361,165863185768674992584,137509200530105851986,121577541354214360912,106677292084123969747,68422332753581070929,154984185285998775679;\
22594540087185624276,114483665272453976334,51299338905495656655,75609120216325061198,32582471900885205530,31885972856452817144,152639417146566129374,47109697950025205887,54566569641025189146,66652532170705537994,110814998508574443398]
/* 
This should be the matrix of frobenius!
*/ 
B = A; 
/* Freed 52 lists. */
