/* Comments begin... 
Coefficient of   x^21 * y^1               = 0
Coefficient of   x^10 * y^2 * z^6         = -1
Coefficient of   x^8 * y^5 * z^5         = 0
Coefficient of   x^6 * y^8 * z^4         = -3
Coefficient of   x^4 * y^11 * z^3         = 3
Coefficient of   x^2 * y^14 * z^2         = 1
Coefficient of   x^1 * z^13               = -1
Coefficient of   y^17 * z^1               = 0

Here is the polynomial we're using this time:

-1*x^10*y^2*z^6 + -3*x^6*y^8*z^4 + 3*x^4*y^11*z^3 + 1*x^2*y^14*z^2 + -1*x^1*z^13

Allocate G_len 20 elements and old = 0.
Allocate M_len = 400 elements.
Allocate G_len 40 elements and old = 20.
Allocate M_len = 800 elements.
Allocate G_len 80 elements and old = 40.
Allocate M_len = 1600 elements.
Not smooth!
Coefficient of   x^21 * y^1               = -1
Coefficient of   x^10 * y^2 * z^6         = -3
Coefficient of   x^8 * y^5 * z^5         = -3
Coefficient of   x^6 * y^8 * z^4         = 0
Coefficient of   x^4 * y^11 * z^3         = -1
Coefficient of   x^2 * y^14 * z^2         = 3
Coefficient of   x^1 * z^13               = 0
Coefficient of   y^17 * z^1               = 3

Here is the polynomial we're using this time:

-1*x^21*y^1 + -3*x^10*y^2*z^6 + -3*x^8*y^5*z^5 + -1*x^4*y^11*z^3 + 3*x^2*y^14*z^2 + 3*y^17*z^1

Not smooth!
Coefficient of   x^21 * y^1               = 3
Coefficient of   x^10 * y^2 * z^6         = -2
Coefficient of   x^8 * y^5 * z^5         = -2
Coefficient of   x^6 * y^8 * z^4         = -2
Coefficient of   x^4 * y^11 * z^3         = 3
Coefficient of   x^2 * y^14 * z^2         = 1
Coefficient of   x^1 * z^13               = -3
Coefficient of   y^17 * z^1               = 3

Here is the polynomial we're using this time:

3*x^21*y^1 + -2*x^10*y^2*z^6 + -2*x^8*y^5*z^5 + -2*x^6*y^8*z^4 + 3*x^4*y^11*z^3 + 1*x^2*y^14*z^2 + -3*x^1*z^13 + 3*y^17*z^1

Allocate M_len = 3200 elements.
Allocate G_len 160 elements and old = 80.
Allocate M_len = 6400 elements.
Allocate M_len = 12800 elements.
Allocate G_len 320 elements and old = 160.
Allocate M_len = 25600 elements.
Not smooth!
Coefficient of   x^21 * y^1               = -2
Coefficient of   x^10 * y^2 * z^6         = -1
Coefficient of   x^8 * y^5 * z^5         = 2
Coefficient of   x^6 * y^8 * z^4         = -3
Coefficient of   x^4 * y^11 * z^3         = -3
Coefficient of   x^2 * y^14 * z^2         = 1
Coefficient of   x^1 * z^13               = 1
Coefficient of   y^17 * z^1               = -3

Here is the polynomial we're using this time:

-2*x^21*y^1 + -1*x^10*y^2*z^6 + 2*x^8*y^5*z^5 + -3*x^6*y^8*z^4 + -3*x^4*y^11*z^3 + 1*x^2*y^14*z^2 + 1*x^1*z^13 + -3*y^17*z^1

The final length of G is 217
[10, 2, 5, 0]  	391	7 
[21, 0, 0, 0]  	399	7  <--- 1
[8, 5, 5, 0]  	422	6 
[8, 8, 4, 0]  	460	7 
[6, 14, 3, 0]  	529	7 
[7, 0, 15, 0]  	598	7 
[19, 5, 4, 0]  	600	7 
[15, 11, 3, 0]  	631	10 
[19, 8, 3, 0]  	638	7 
[12, 0, 14, 0]  	662	9 
[15, 14, 2, 0]  	669	10 
[9, 3, 14, 0]  	674	9 
[19, 11, 2, 0]  	676	7 
[9, 20, 2, 0]  	693	8 
[13, 17, 2, 0]  	700	9 
[7, 22, 2, 0]  	701	8 
[16, 0, 13, 0]  	707	9 
[11, 19, 2, 0]  	708	9 
[19, 14, 1, 0]  	714	9 
[6, 9, 13, 0]  	724	7 
[9, 23, 1, 0]  	731	8 
[5, 25, 2, 0]  	732	7 
[13, 20, 1, 0]  	738	8 
[17, 17, 1, 0]  	745	8 
[20, 0, 12, 0]  	752	7 
[15, 19, 1, 0]  	753	8 
[7, 11, 12, 0]  	758	8 
[7, 26, 1, 0]  	762	7 
[6, 12, 12, 0]  	762	7 
[10, 25, 0, 0]  	765	8 
[4, 26, 3, 0]  	767	6 
[9, 26, 0, 0]  	769	7 
[5, 28, 1, 0]  	770	6 
[4, 14, 12, 0]  	770	6 
[20, 17, 0, 0]  	771	2 
[5, 24, 4, 0]  	771	6 
[4, 29, 1, 0]  	774	6 
[7, 28, 0, 0]  	777	7 
[5, 15, 11, 0]  	781	6 
[4, 28, 2, 0]  	782	6 
[3, 14, 13, 0]  	782	6 
[17, 20, 0, 0]  	783	6 
[3, 29, 2, 0]  	786	5 
[5, 18, 9, 0]  	788	6 
[15, 22, 0, 0]  	791	7 
[3, 32, 0, 0]  	793	5 
[6, 4, 19, 0]  	795	6 
[5, 21, 7, 0]  	795	6 
[19, 19, 0, 0]  	798	7 
[5, 1, 22, 0]  	800	5 
[4, 18, 10, 0]  	800	5 
[3, 31, 1, 0]  	801	5 
[5, 20, 8, 0]  	803	6 
[5, 12, 14, 0]  	805	6 
[4, 25, 5, 0]  	806	6 
[5, 4, 20, 0]  	807	5 
[4, 21, 8, 0]  	807	5 
[5, 31, 0, 0]  	808	5 
[5, 0, 23, 0]  	808	5 
[4, 17, 11, 0]  	808	5 
[5, 23, 6, 0]  	810	6 
[5, 7, 18, 0]  	814	5 
[4, 24, 6, 0]  	814	5 
[4, 20, 9, 0]  	815	5 
[3, 17, 12, 0]  	820	5 
[5, 6, 19, 0]  	822	5 
[4, 23, 7, 0]  	822	5 
[2, 18, 12, 0]  	824	4 
[5, 9, 17, 0]  	829	6 
[3, 4, 22, 0]  	831	4 
[4, 6, 20, 0]  	834	5 
[3, 7, 20, 0]  	838	4 
[2, 35, 0, 0]  	843	4 
[3, 6, 21, 0]  	846	4 
[3, 21, 10, 0]  	850	4 
[4, 0, 25, 0]  	851	6 
[3, 9, 19, 0]  	853	4 
[3, 28, 5, 0]  	856	5 
[3, 24, 8, 0]  	857	4 
[3, 20, 11, 0]  	858	4 
[3, 12, 17, 0]  	860	4 
[2, 21, 11, 0]  	862	3 
[3, 27, 6, 0]  	864	4 
[3, 23, 9, 0]  	865	4 
[2, 28, 6, 0]  	868	4 
[2, 24, 9, 0]  	869	3 
[3, 26, 7, 0]  	872	4 
[2, 27, 7, 0]  	876	3 
[2, 23, 10, 0]  	877	3 
[2, 15, 16, 0]  	879	4 
[2, 26, 8, 0]  	884	3 
[2, 14, 17, 0]  	887	4 
[2, 10, 20, 0]  	888	3 
[1, 15, 17, 0]  	891	3 
[1, 38, 0, 0]  	893	3 
[2, 13, 18, 0]  	895	3 
[2, 32, 4, 0]  	898	4 
[1, 14, 18, 0]  	899	3 
[1, 10, 21, 0]  	900	2 
[2, 12, 19, 0]  	903	3 
[2, 0, 28, 0]  	906	4 
[1, 12, 20, 0]  	915	2 
[1, 27, 9, 0]  	919	2 
[0, 32, 6, 0]  	922	2 
[1, 30, 7, 0]  	926	2 
[1, 18, 16, 0]  	929	3 
[0, 31, 7, 0]  	930	2 
[1, 29, 8, 0]  	934	2 
[0, 30, 8, 0]  	938	1 
[1, 1, 29, 0]  	941	2 
[2, 7, 24, 0]  	943	3 
[1, 24, 12, 0]  	943	3 
[1, 35, 4, 0]  	948	3 
[1, 0, 30, 0]  	949	2 
[0, 1, 30, 0]  	953	1 
[0, 16, 19, 0]  	957	1 
[0, 35, 5, 0]  	960	2 
[0, 0, 31, 0]  	961	1  <--- 3
[2, 4, 27, 0]  	967	3 
[1, 21, 15, 0]  	967	3 
[0, 18, 18, 0]  	972	1 
[1, 4, 28, 0]  	979	2 
[0, 4, 29, 0]  	991	1 
[0, 38, 4, 0]  	998	2 
[0, 21, 17, 0]  	1010	1 
[0, 44, 0, 0]  	1012	2  <--- 2
[1, 7, 27, 0]  	1017	2 
[0, 7, 28, 0]  	1029	1 
[0, 41, 3, 0]  	1036	2 
[0, 24, 16, 0]  	1048	1 
[0, 10, 27, 0]  	1067	1 
[0, 27, 15, 0]  	1086	1 
[0, 13, 26, 0]  	1105	1 
[20, 1, 0, 1]  	403	7 
[6, 11, 4, 1]  	491	6 
[5, 0, 15, 1]  	560	6 
[18, 5, 4, 1]  	581	12 
[14, 11, 3, 1]  	612	11 
[18, 8, 3, 1]  	619	11 
[11, 0, 14, 1]  	643	10 
[14, 14, 2, 1]  	650	10 
[18, 11, 2, 1]  	657	10 
[12, 17, 2, 1]  	681	9 
[15, 0, 13, 1]  	688	9 
[10, 19, 2, 1]  	689	9 
[18, 14, 1, 1]  	695	9 
[7, 6, 14, 1]  	705	8 
[8, 23, 1, 1]  	712	8 
[12, 20, 1, 1]  	719	8 
[7, 8, 13, 1]  	720	8 
[16, 17, 1, 1]  	726	8 
[19, 0, 12, 1]  	733	8 
[14, 19, 1, 1]  	734	8 
[5, 9, 14, 1]  	736	7 
[6, 26, 1, 1]  	743	7 
[11, 22, 1, 1]  	746	8 
[8, 26, 0, 1]  	750	7 
[5, 11, 13, 1]  	751	7 
[4, 12, 13, 1]  	755	6 
[6, 28, 0, 1]  	758	7 
[5, 29, 0, 1]  	762	6 
[4, 11, 14, 1]  	763	6 
[16, 20, 0, 1]  	764	7 
[14, 22, 0, 1]  	772	7 
[19, 18, 0, 1]  	775	7 
[13, 23, 0, 1]  	776	7 
[18, 19, 0, 1]  	779	7 
[4, 31, 0, 1]  	789	6 
[5, 17, 10, 1]  	796	6 
[3, 0, 24, 1]  	801	5 
[4, 1, 23, 1]  	812	5 
[4, 4, 21, 1]  	819	5 
[4, 7, 19, 1]  	826	5 
[4, 3, 22, 1]  	827	5 
[3, 12, 16, 1]  	829	5 
[4, 10, 17, 1]  	833	5 
[3, 11, 17, 1]  	837	5 
[3, 3, 23, 1]  	839	4 
[4, 9, 18, 1]  	841	5 
[3, 10, 18, 1]  	845	4 
[2, 29, 5, 1]  	860	4 
[2, 4, 24, 1]  	874	4 
[2, 31, 4, 1]  	875	5 
[2, 7, 22, 1]  	881	3 
[2, 9, 21, 1]  	896	3 
[2, 1, 27, 1]  	898	4 
[1, 13, 19, 1]  	907	2 
[1, 32, 5, 1]  	910	3 
[1, 31, 6, 1]  	918	3 
[10, 22, 1, 2]  	727	8 
[6, 8, 14, 2]  	732	7 
[7, 25, 1, 2]  	739	8 
[12, 23, 0, 2]  	757	7 
[2, 32, 1, 2]  	805	5 
[5, 28, 0, 23]  	739	6 
[5, 18, 8, 23]  	757	5 
[4, 21, 7, 23]  	776	5 
[9, 2, 6, 24]  	403	6 
[3, 14, 3, 24]  	472	4 
[6, 22, 2, 24]  	682	7 
[4, 25, 2, 24]  	713	5 
[8, 25, 0, 24]  	727	7 
[4, 11, 13, 24]  	732	6 
[3, 28, 1, 24]  	732	5 
[1, 14, 13, 24]  	744	2 
[1, 17, 12, 24]  	782	2 
[4, 3, 21, 24]  	796	5 
[2, 1, 24, 24]  	805	4 
[3, 6, 20, 24]  	815	4 
[1, 20, 11, 24]  	820	2 
[1, 35, 0, 24]  	824	3 
[2, 27, 6, 24]  	845	3 
[1, 23, 10, 24]  	858	2 
[2, 13, 17, 24]  	864	2 
[1, 0, 28, 24]  	887	2 
[1, 26, 9, 24]  	896	2 
[0, 30, 7, 24]  	907	1 
------
The gap is between 3 and 22.
Lengths: 3 3 5 6 3 4.
For 982 = 5*d/2-d1-d2-d3 you get 3 in char 0.
1*x^1*y^23*z^14
1*y^40*z^2
1*y^9*z^25

For 560 = 3*d/2-d1-d2-d3 you get 5 in char 0.
1*x^4*y^17*z^3
1*x^3*y^3*z^14
1*x^2*y^20*z^2
1*x^1*y^6*z^13
1*y^23*z^1

For 138 = d/2-d1-d2-d3 you get 3 in char 0.
1*x^4*z^2
1*x^2*y^3*z^1
1*y^6

Extra powers of p used 2.
The invariant extra is equal to 1.
Start computing 7^3 Delta^1 (x1x2x3)^6... Done.
Start computing 7^4 Delta^2 (x1x2x3)^6... Done.
Start computing 7^5 Delta^3 (x1x2x3)^6... Done.
Start computing 7^6 Delta^4 (x1x2x3)^6... Done.
Start computing 7^7 Delta^5 (x1x2x3)^6... Done.
Start computing 7^8 Delta^6 (x1x2x3)^6... Done.
Start computing aa.
1 2 3 4 5 6 7 8 9 10 11 
*/
A = \
[6421399212894760507,25779931314644160143,119004413481659495090,159786086025156615878,25841043600046808252,82786336289042434069,76726727580075954290,177472576090885473734,171218798495009435387,107645048315684101383,141284217223158582391;\
145351294795398721036,143095218270350961755,190837249040283071156,13111033115990025692,43198562750408334563,33676055698457898649,182202695462051139106,15656418266221167743,171902469592068865293,91095853308725008247,188263062647016049105;\
57895281880514684466,59914353205503269676,95270791942443674473,71548533153565896750,70702695002159249281,27617735165424090127,68185530423821803223,130192471809721994631,98372189201432482980,67121146558995076779,124559668722864869690;\
12593066453795191519,75220985549971636762,101561629632394485319,118574961097695593610,166863748238830921747,131353185512214062985,189096131107037407204,40016570168913113286,112748393738219523529,24315057063139810597,171191435120022368639;\
87719973209782461130,143953261036933139460,177193962709312036298,44788278456155675056,149931759740622645471,43380438944166240063,68057136049652545285,37601762029719161967,148850692036174501058,182330104082306629372,71459703524920875801;\
125705118415996066525,27110231220617175100,107773099292713493546,86990488488370342680,43552903487287431475,120870587532227051260,38333478505908853939,56296042867957213174,156711749698094717756,8130936794921002888,172838422593228616588;\
169855834352821387485,17181342065830220749,82321037838987238406,85177205957120722851,26371858780260896938,25502025037523549893,114302155882516434560,190631927497496523017,149204244377546720803,103324076582504400238,143422669528001383331;\
158475531387590042843,189526400587624553586,175220173612838598846,171735195695633425114,27827457884562523292,48827348718137203977,54792794453818833685,173606591378295081769,124274662992319182126,13696284515090942744,87245736691972533395;\
121003273461204973440,18469001948271616049,36945900057004797026,76083574453263829956,29653289956884588862,70404633875509241476,131766366318633265072,106920721597195148951,87840518364077704295,72498867809163708248,18993593330532265011;\
175890003727190790293,128047475026588475303,157616754528550519998,157353108249802590342,136921646501775247546,138772196121750322047,129369195319521631376,59540685363644316944,120135234924399332890,171508428445358386536,149768370509391619993;\
149876716443073289640,6563320465773000660,38608576178722291932,21007964981112524485,142832794826110054253,84526977839059776594,82622504452692960742,23663190968532360084,144376009207132663464,878587527552272139,174057914946168449070]
/* 
This matrix times 7^(-2) should be the matrix of frobenius.
*/ 
B = 7^(-2) * A; 
/* Freed 55 lists. */
