/* Comments begin... 
Coefficient of   x^21 * y^1               = 2
Coefficient of   x^10 * y^2 * z^6         = 2
Coefficient of   x^8 * y^5 * z^5         = 3
Coefficient of   x^6 * y^8 * z^4         = 2
Coefficient of   x^4 * y^11 * z^3         = -1
Coefficient of   x^2 * y^14 * z^2         = 0
Coefficient of   x^1 * z^13               = 0
Coefficient of   y^17 * z^1               = 1

Here is the polynomial we're using this time:

2*x^21*y^1 + 2*x^10*y^2*z^6 + 3*x^8*y^5*z^5 + 2*x^6*y^8*z^4 + -1*x^4*y^11*z^3 + 1*y^17*z^1

Allocate G_len 20 elements and old = 0.
Allocate M_len = 400 elements.
Allocate G_len 40 elements and old = 20.
Allocate M_len = 800 elements.
Allocate G_len 80 elements and old = 40.
Allocate M_len = 1600 elements.
Not smooth!
Coefficient of   x^21 * y^1               = 2
Coefficient of   x^10 * y^2 * z^6         = 0
Coefficient of   x^8 * y^5 * z^5         = 0
Coefficient of   x^6 * y^8 * z^4         = 1
Coefficient of   x^4 * y^11 * z^3         = 3
Coefficient of   x^2 * y^14 * z^2         = 3
Coefficient of   x^1 * z^13               = 0
Coefficient of   y^17 * z^1               = -1

Here is the polynomial we're using this time:

2*x^21*y^1 + 1*x^6*y^8*z^4 + 3*x^4*y^11*z^3 + 3*x^2*y^14*z^2 + -1*y^17*z^1

Not smooth!
Coefficient of   x^21 * y^1               = -1
Coefficient of   x^10 * y^2 * z^6         = -2
Coefficient of   x^8 * y^5 * z^5         = 3
Coefficient of   x^6 * y^8 * z^4         = 1
Coefficient of   x^4 * y^11 * z^3         = -2
Coefficient of   x^2 * y^14 * z^2         = 0
Coefficient of   x^1 * z^13               = 2
Coefficient of   y^17 * z^1               = -3

Here is the polynomial we're using this time:

-1*x^21*y^1 + -2*x^10*y^2*z^6 + 3*x^8*y^5*z^5 + 1*x^6*y^8*z^4 + -2*x^4*y^11*z^3 + 2*x^1*z^13 + -3*y^17*z^1

Allocate M_len = 3200 elements.
Allocate G_len 160 elements and old = 80.
Allocate M_len = 6400 elements.
Allocate M_len = 12800 elements.
Allocate G_len 320 elements and old = 160.
Allocate M_len = 25600 elements.
The final length of G is 190
[10, 2, 5, 0]  	391	6 
[21, 0, 0, 0]  	399	6  <--- 1
[8, 5, 5, 0]  	422	5 
[8, 8, 4, 0]  	460	7 
[6, 11, 4, 0]  	491	6 
[6, 14, 3, 0]  	529	7 
[5, 0, 15, 0]  	560	6 
[19, 5, 4, 0]  	600	6 
[15, 11, 3, 0]  	631	9 
[19, 8, 3, 0]  	638	6 
[12, 0, 14, 0]  	662	8 
[15, 14, 2, 0]  	669	9 
[9, 3, 14, 0]  	674	8 
[19, 11, 2, 0]  	676	8 
[9, 20, 2, 0]  	693	7 
[13, 17, 2, 0]  	700	8 
[7, 22, 2, 0]  	701	7 
[7, 6, 14, 0]  	705	7 
[11, 19, 2, 0]  	708	8 
[18, 0, 12, 0]  	714	7 
[6, 9, 13, 0]  	724	6 
[16, 17, 1, 0]  	726	7 
[9, 23, 1, 0]  	731	7 
[6, 8, 14, 0]  	732	7 
[5, 25, 2, 0]  	732	7 
[5, 9, 14, 0]  	736	7 
[13, 20, 1, 0]  	738	7 
[7, 25, 1, 0]  	739	7 
[11, 22, 1, 0]  	746	7 
[5, 11, 13, 0]  	751	7 
[15, 19, 1, 0]  	753	6 
[4, 12, 13, 0]  	755	6 
[17, 19, 0, 0]  	760	6 
[5, 29, 0, 0]  	762	6 
[4, 11, 14, 0]  	763	6 
[9, 26, 0, 0]  	769	6 
[5, 28, 1, 0]  	770	6 
[4, 14, 12, 0]  	770	6 
[20, 17, 0, 0]  	771	2 
[5, 24, 4, 0]  	771	6 
[5, 20, 7, 0]  	772	6 
[13, 23, 0, 0]  	776	6 
[5, 15, 11, 0]  	781	6 
[4, 28, 2, 0]  	782	6 
[3, 14, 13, 0]  	782	6 
[11, 25, 0, 0]  	784	6 
[3, 29, 2, 0]  	786	5 
[5, 18, 9, 0]  	788	6 
[4, 31, 0, 0]  	789	6 
[5, 17, 10, 0]  	796	6 
[3, 31, 1, 0]  	801	5 
[3, 0, 24, 0]  	801	5 
[2, 32, 1, 0]  	805	5 
[4, 21, 8, 0]  	807	5 
[4, 1, 23, 0]  	812	5 
[4, 20, 9, 0]  	815	5 
[4, 4, 21, 0]  	819	5 
[3, 17, 12, 0]  	820	5 
[2, 18, 12, 0]  	824	4 
[4, 7, 19, 0]  	826	5 
[4, 3, 22, 0]  	827	5 
[4, 26, 5, 0]  	829	5 
[3, 12, 16, 0]  	829	5 
[4, 18, 11, 0]  	831	4 
[3, 4, 22, 0]  	831	4 
[4, 6, 20, 0]  	834	5 
[3, 11, 17, 0]  	837	5 
[3, 7, 20, 0]  	838	4 
[3, 3, 23, 0]  	839	4 
[2, 35, 0, 0]  	843	4 
[4, 24, 7, 0]  	845	5 
[3, 6, 21, 0]  	846	4 
[3, 21, 10, 0]  	850	4 
[3, 28, 5, 0]  	856	5 
[3, 24, 8, 0]  	857	4 
[3, 20, 11, 0]  	858	4 
[2, 29, 5, 0]  	860	4 
[2, 21, 11, 0]  	862	3 
[4, 10, 18, 0]  	864	4 
[3, 27, 6, 0]  	864	4 
[3, 23, 9, 0]  	865	4 
[2, 28, 6, 0]  	868	4 
[2, 24, 9, 0]  	869	3 
[3, 26, 7, 0]  	872	4 
[2, 4, 24, 0]  	874	4 
[2, 31, 4, 0]  	875	5 
[2, 27, 7, 0]  	876	3 
[2, 23, 10, 0]  	877	3 
[2, 15, 16, 0]  	879	4 
[2, 7, 22, 0]  	881	3 
[2, 26, 8, 0]  	884	3 
[2, 14, 17, 0]  	887	4 
[2, 10, 20, 0]  	888	3 
[1, 15, 17, 0]  	891	3 
[1, 38, 0, 0]  	893	3 
[2, 13, 18, 0]  	895	3 
[2, 9, 21, 0]  	896	3 
[2, 1, 27, 0]  	898	4 
[1, 14, 18, 0]  	899	3 
[1, 10, 21, 0]  	900	2 
[2, 12, 19, 0]  	903	3 
[2, 0, 28, 0]  	906	4 
[1, 13, 19, 0]  	907	2 
[1, 32, 5, 0]  	910	3 
[1, 12, 20, 0]  	915	2 
[1, 31, 6, 0]  	918	3 
[1, 27, 9, 0]  	919	2 
[0, 32, 6, 0]  	922	2 
[1, 30, 7, 0]  	926	2 
[1, 18, 16, 0]  	929	3 
[0, 31, 7, 0]  	930	2 
[1, 29, 8, 0]  	934	2 
[0, 30, 8, 0]  	938	1 
[1, 1, 29, 0]  	941	2 
[1, 35, 4, 0]  	948	3 
[1, 0, 30, 0]  	949	2 
[0, 1, 30, 0]  	953	1 
[0, 16, 19, 0]  	957	1 
[0, 35, 5, 0]  	960	2 
[0, 0, 31, 0]  	961	1  <--- 3
[0, 18, 18, 0]  	972	1 
[0, 4, 29, 0]  	991	1 
[0, 38, 4, 0]  	998	2 
[0, 21, 17, 0]  	1010	1 
[0, 44, 0, 0]  	1012	2  <--- 2
[1, 7, 27, 0]  	1017	2 
[0, 7, 28, 0]  	1029	1 
[0, 41, 3, 0]  	1036	2 
[0, 24, 16, 0]  	1048	1 
[0, 10, 27, 0]  	1067	1 
[0, 27, 15, 0]  	1086	1 
[0, 13, 26, 0]  	1105	1 
[20, 1, 0, 1]  	403	6 
[18, 5, 4, 1]  	581	10 
[14, 11, 3, 1]  	612	10 
[18, 8, 3, 1]  	619	10 
[11, 0, 14, 1]  	643	9 
[14, 14, 2, 1]  	650	10 
[18, 11, 2, 1]  	657	9 
[12, 17, 2, 1]  	681	9 
[10, 19, 2, 1]  	689	9 
[17, 0, 12, 1]  	695	8 
[16, 0, 13, 1]  	707	7 
[8, 23, 1, 1]  	712	8 
[12, 20, 1, 1]  	719	8 
[7, 8, 13, 1]  	720	8 
[10, 22, 1, 1]  	727	8 
[14, 19, 1, 1]  	734	7 
[16, 19, 0, 1]  	741	7 
[6, 26, 1, 1]  	743	7 
[8, 26, 0, 1]  	750	7 
[12, 23, 0, 1]  	757	7 
[10, 25, 0, 1]  	765	7 
[4, 26, 3, 1]  	767	6 
[4, 29, 1, 1]  	774	6 
[19, 18, 0, 1]  	775	7 
[7, 28, 0, 1]  	777	6 
[4, 23, 6, 1]  	791	5 
[3, 32, 0, 1]  	793	5 
[4, 18, 10, 1]  	800	5 
[4, 25, 5, 1]  	806	6 
[4, 10, 17, 1]  	833	5 
[4, 9, 18, 1]  	841	5 
[3, 10, 18, 1]  	845	4 
[3, 9, 19, 1]  	853	4 
[1, 24, 12, 1]  	943	3 
[1, 21, 15, 1]  	967	3 
[1, 4, 28, 1]  	979	2 
[15, 0, 13, 2]  	688	8 
[6, 28, 0, 2]  	758	7 
[4, 17, 11, 2]  	808	5 
[5, 14, 11, 23]  	758	6 
[3, 3, 22, 23]  	808	4 
[9, 2, 6, 24]  	403	5 
[5, 11, 4, 24]  	472	5 
[7, 5, 14, 24]  	682	7 
[14, 17, 1, 24]  	688	7 
[5, 8, 14, 24]  	713	7 
[3, 11, 14, 24]  	744	5 
[3, 15, 12, 24]  	774	5 
[3, 3, 21, 24]  	777	3 
[2, 26, 5, 24]  	791	3 
[3, 1, 23, 24]  	793	4 
[4, 9, 17, 24]  	810	5 
[2, 20, 11, 24]  	839	3 
[1, 13, 18, 24]  	876	2 
[0, 41, 0, 24]  	943	2 
[0, 38, 3, 24]  	967	2 
[0, 21, 16, 24]  	979	1 
[0, 10, 26, 24]  	1036	1 
------
The gap is between 3 and 22.
Lengths: 3 3 5 5 3 3.
For 982 = 5*d/2-d1-d2-d3 you get 3 in char 0.
1*x^1*y^23*z^14
1*y^40*z^2
1*y^9*z^25

For 560 = 3*d/2-d1-d2-d3 you get 5 in char 0.
1*x^4*y^17*z^3
1*x^3*y^3*z^14
1*x^2*y^20*z^2
1*x^1*y^6*z^13
1*y^23*z^1

For 138 = d/2-d1-d2-d3 you get 3 in char 0.
1*x^4*z^2
1*x^2*y^3*z^1
1*y^6

Extra powers of p used 0.
The invariant extra is equal to 1.
Start computing 7^3 Delta^1 (x1x2x3)^6... Done.
Start computing 7^4 Delta^2 (x1x2x3)^6... Done.
Start computing 7^5 Delta^3 (x1x2x3)^6... Done.
Start computing 7^6 Delta^4 (x1x2x3)^6... Done.
Start computing 7^7 Delta^5 (x1x2x3)^6... Done.
Start computing 7^8 Delta^6 (x1x2x3)^6... Done.
Start computing aa.
1 2 3 4 5 6 7 8 9 10 11 
*/
A = \
[63337578239432962512,116767645049031950854,96591776710030579667,122129190638550948027,121634050798704826480,155862583437954364986,49634515322481659052,41108618796993912465,99394290611368530050,30913553847076064696,148458912490731565800;\
135843339497943740730,73798901424204409139,182597945065859065449,160401366799843390830,96062343814765737192,50845697004693402364,72913054674377358469,43669533871166671013,26061863552367712720,30607248197716307824,131702577534851676101;\
124763568840024731779,29372298025218869690,36804156074083310442,70855900642369500077,8098449765370256327,117541071307954205527,94051340662683357982,121402888471660810805,54117821562690779656,111050943035507837817,5052583710775719125;\
88347676390904718355,107180673486958120891,189626346807897172011,1555551170239381777,79588327144016655468,165104960235179493284,22365093832731179537,32917382724030156205,17564322513773756581,163046388199050977768,119545186831032164307;\
167714540027263544980,76172768554526445907,1133241712068656096,92042483982930544105,6195668317098445850,182630322903006501964,161335802013487337985,110120873750121422643,67260999923947561872,71781717225059894871,60613625659041752206;\
119920941277749173966,95970138906116757681,148219751531479446600,157408764691648820,21037140836175425703,153168188737906466530,96645296597790085852,100779880453103425490,190467676828733201450,140510514065540833683,146200084442832158669;\
52903269726782968832,156011562335442450423,141057724172343627554,55445196885760438680,20644185584653340367,89968769257614656311,37030669723520327981,16777714784584635007,64020891777905928313,104259775199641502686,116652841703010309214;\
88134828203898451122,109747523228189969189,118940157155731951627,17458476640421698875,189742016269465615186,130497521290571517621,93056127992488376618,87016263968936528863,180115372322249112364,180594285775535613296,14564158028123678247;\
51451567982122794005,77187596780925913672,88825954185468747489,78226422503179661067,156422073223560732742,150438152373315806622,39557045591272716010,59768562484485908291,9378259925091388968,22563442751324044724,15416909953569881967;\
93387979552264031641,182567718285984737847,25607326180501337911,106914069184803104784,68631922866015434562,21106612625301181013,69326773164441152969,125416269452153377117,142809282470045051833,75152834707694004779,110668763056810708253;\
148421244025022809364,9205167231079211868,55534857969215017058,35080063588741223094,106003135680820712712,30372688441273910298,107845753856025647945,76945688342061790454,139620840399088601637,161602864746056647508,66547975644859001412]
/* 
This should be the matrix of frobenius!
*/ 
B = A; 
/* Freed 53 lists. */
