/* Comments begin... 
Coefficient of   x^21 * y^1               = 0
Coefficient of   x^10 * y^2 * z^6         = -2
Coefficient of   x^8 * y^5 * z^5         = 3
Coefficient of   x^6 * y^8 * z^4         = 0
Coefficient of   x^4 * y^11 * z^3         = 0
Coefficient of   x^2 * y^14 * z^2         = 2
Coefficient of   x^1 * z^13               = 1
Coefficient of   y^17 * z^1               = 1

Here is the polynomial we're using this time:

-2*x^10*y^2*z^6 + 3*x^8*y^5*z^5 + 2*x^2*y^14*z^2 + 1*x^1*z^13 + 1*y^17*z^1

Allocate G_len 20 elements and old = 0.
Allocate M_len = 400 elements.
Allocate G_len 40 elements and old = 20.
Allocate M_len = 800 elements.
Allocate G_len 80 elements and old = 40.
Allocate M_len = 1600 elements.
Not smooth!
Coefficient of   x^21 * y^1               = 3
Coefficient of   x^10 * y^2 * z^6         = 2
Coefficient of   x^8 * y^5 * z^5         = 0
Coefficient of   x^6 * y^8 * z^4         = -1
Coefficient of   x^4 * y^11 * z^3         = 3
Coefficient of   x^2 * y^14 * z^2         = 1
Coefficient of   x^1 * z^13               = -3
Coefficient of   y^17 * z^1               = -1

Here is the polynomial we're using this time:

3*x^21*y^1 + 2*x^10*y^2*z^6 + -1*x^6*y^8*z^4 + 3*x^4*y^11*z^3 + 1*x^2*y^14*z^2 + -3*x^1*z^13 + -1*y^17*z^1

Allocate M_len = 3200 elements.
Allocate G_len 160 elements and old = 80.
Allocate M_len = 6400 elements.
Allocate M_len = 12800 elements.
Allocate G_len 320 elements and old = 160.
Allocate M_len = 25600 elements.
The final length of G is 198
[10, 2, 5, 0]  	391	6 
[21, 0, 0, 0]  	399	6  <--- 1
[6, 8, 4, 0]  	422	5 
[6, 14, 3, 0]  	529	7 
[5, 0, 15, 0]  	560	6 
[17, 8, 3, 0]  	600	6 
[15, 11, 3, 0]  	631	5 
[12, 0, 14, 0]  	662	9 
[9, 3, 14, 0]  	674	9 
[19, 11, 2, 0]  	676	9 
[15, 0, 13, 0]  	688	9 
[9, 20, 2, 0]  	693	8 
[13, 17, 2, 0]  	700	8 
[8, 5, 14, 0]  	701	8 
[7, 6, 14, 0]  	705	8 
[17, 14, 2, 0]  	707	8 
[11, 19, 2, 0]  	708	8 
[9, 6, 13, 0]  	712	8 
[19, 14, 1, 0]  	714	8 
[8, 22, 2, 0]  	720	8 
[7, 23, 2, 0]  	724	7 
[9, 23, 1, 0]  	731	7 
[5, 25, 2, 0]  	732	7 
[14, 19, 1, 0]  	734	8 
[5, 9, 14, 0]  	736	7 
[13, 20, 1, 0]  	738	7 
[7, 25, 1, 0]  	739	7 
[6, 26, 1, 0]  	743	7 
[17, 17, 1, 0]  	745	7 
[11, 22, 1, 0]  	746	7 
[5, 11, 13, 0]  	751	7 
[20, 0, 12, 0]  	752	7 
[4, 11, 14, 0]  	763	6 
[4, 26, 3, 0]  	767	6 
[9, 26, 0, 0]  	769	6 
[5, 28, 1, 0]  	770	6 
[4, 14, 12, 0]  	770	6 
[20, 17, 0, 0]  	771	2 
[5, 24, 4, 0]  	771	6 
[4, 29, 1, 0]  	774	6 
[13, 23, 0, 0]  	776	6 
[7, 28, 0, 0]  	777	6 
[5, 15, 11, 0]  	781	6 
[4, 28, 2, 0]  	782	6 
[3, 14, 13, 0]  	782	6 
[17, 20, 0, 0]  	783	6 
[3, 29, 2, 0]  	786	5 
[5, 18, 9, 0]  	788	6 
[4, 31, 0, 0]  	789	6 
[15, 22, 0, 0]  	791	6 
[3, 32, 0, 0]  	793	5 
[5, 21, 7, 0]  	795	6 
[5, 17, 10, 0]  	796	6 
[19, 19, 0, 0]  	798	6 
[4, 18, 10, 0]  	800	5 
[3, 31, 1, 0]  	801	5 
[3, 0, 24, 0]  	801	5 
[5, 20, 8, 0]  	803	6 
[2, 32, 1, 0]  	805	5 
[4, 25, 5, 0]  	806	6 
[4, 17, 11, 0]  	808	5 
[5, 23, 6, 0]  	810	6 
[4, 1, 23, 0]  	812	5 
[4, 24, 6, 0]  	814	5 
[4, 4, 21, 0]  	819	5 
[3, 17, 12, 0]  	820	5 
[4, 23, 7, 0]  	822	5 
[2, 18, 12, 0]  	824	4 
[4, 7, 19, 0]  	826	5 
[4, 3, 22, 0]  	827	5 
[3, 12, 16, 0]  	829	5 
[3, 4, 22, 0]  	831	4 
[4, 10, 17, 0]  	833	5 
[4, 6, 20, 0]  	834	5 
[4, 21, 9, 0]  	838	4 
[3, 7, 20, 0]  	838	4 
[2, 35, 0, 0]  	843	4 
[3, 10, 18, 0]  	845	4 
[3, 6, 21, 0]  	846	4 
[3, 21, 10, 0]  	850	4 
[3, 9, 19, 0]  	853	4 
[3, 28, 5, 0]  	856	5 
[3, 24, 8, 0]  	857	4 
[3, 20, 11, 0]  	858	4 
[2, 29, 5, 0]  	860	4 
[2, 21, 11, 0]  	862	3 
[3, 27, 6, 0]  	864	4 
[2, 28, 6, 0]  	868	4 
[2, 24, 9, 0]  	869	3 
[3, 26, 7, 0]  	872	4 
[2, 4, 24, 0]  	874	4 
[2, 31, 4, 0]  	875	5 
[2, 27, 7, 0]  	876	3 
[2, 23, 10, 0]  	877	3 
[2, 15, 16, 0]  	879	4 
[2, 14, 17, 0]  	887	4 
[1, 15, 17, 0]  	891	3 
[1, 38, 0, 0]  	893	3 
[2, 1, 27, 0]  	898	4 
[1, 14, 18, 0]  	899	3 
[1, 10, 21, 0]  	900	2 
[2, 12, 19, 0]  	903	3 
[2, 0, 28, 0]  	906	4 
[1, 13, 19, 0]  	907	2 
[1, 32, 5, 0]  	910	3 
[1, 12, 20, 0]  	915	2 
[1, 31, 6, 0]  	918	3 
[0, 32, 6, 0]  	922	2 
[1, 30, 7, 0]  	926	2 
[1, 18, 16, 0]  	929	3 
[0, 31, 7, 0]  	930	2 
[0, 30, 8, 0]  	938	1 
[1, 1, 29, 0]  	941	2 
[1, 35, 4, 0]  	948	3 
[1, 0, 30, 0]  	949	2 
[0, 1, 30, 0]  	953	1 
[0, 16, 19, 0]  	957	1 
[0, 35, 5, 0]  	960	2 
[0, 0, 31, 0]  	961	1  <--- 3
[0, 18, 18, 0]  	972	1 
[1, 4, 28, 0]  	979	2 
[0, 4, 29, 0]  	991	1 
[0, 38, 4, 0]  	998	2 
[0, 21, 17, 0]  	1010	1 
[1, 27, 12, 0]  	1012	3 
[1, 7, 27, 0]  	1017	2 
[0, 7, 28, 0]  	1029	1 
[0, 24, 16, 0]  	1048	1 
[0, 10, 27, 0]  	1067	1 
[0, 47, 0, 0]  	1081	1  <--- 2
[0, 27, 15, 0]  	1086	1 
[0, 44, 3, 0]  	1105	1 
[0, 13, 26, 0]  	1105	1 
[20, 1, 0, 1]  	403	6 
[16, 8, 3, 1]  	581	10 
[14, 11, 3, 1]  	612	9 
[11, 0, 14, 1]  	643	10 
[18, 11, 2, 1]  	657	10 
[15, 14, 2, 1]  	669	9 
[12, 17, 2, 1]  	681	9 
[10, 19, 2, 1]  	689	9 
[18, 14, 1, 1]  	695	9 
[12, 20, 1, 1]  	719	8 
[16, 17, 1, 1]  	726	8 
[10, 22, 1, 1]  	727	8 
[19, 0, 12, 1]  	733	8 
[8, 26, 0, 1]  	750	7 
[4, 12, 13, 1]  	755	6 
[12, 23, 0, 1]  	757	7 
[6, 28, 0, 1]  	758	7 
[5, 29, 0, 1]  	762	6 
[16, 20, 0, 1]  	764	7 
[14, 22, 0, 1]  	772	7 
[19, 18, 0, 1]  	775	7 
[18, 19, 0, 1]  	779	7 
[11, 25, 0, 1]  	784	6 
[4, 20, 9, 1]  	815	5 
[3, 11, 17, 1]  	837	5 
[3, 3, 23, 1]  	839	4 
[3, 23, 9, 1]  	865	4 
[2, 7, 22, 1]  	881	3 
[2, 26, 8, 1]  	884	3 
[2, 13, 18, 1]  	895	3 
[2, 9, 21, 1]  	896	3 
[1, 27, 9, 1]  	919	2 
[1, 29, 8, 1]  	934	2 
[1, 21, 15, 1]  	967	3 
[0, 44, 0, 1]  	1012	2 
[14, 14, 2, 2]  	650	10 
[10, 25, 0, 2]  	765	7 
[4, 21, 8, 2]  	807	5 
[4, 9, 18, 2]  	841	5 
[2, 10, 20, 2]  	888	3 
[1, 24, 12, 2]  	943	3 
[0, 41, 3, 2]  	1036	2 
[0, 10, 26, 22]  	1036	1 
[5, 17, 9, 23]  	765	6 
[3, 7, 19, 23]  	807	4 
[3, 26, 6, 23]  	841	4 
[9, 2, 6, 24]  	403	5 
[5, 14, 4, 24]  	541	6 
[13, 0, 13, 24]  	650	9 
[7, 5, 14, 24]  	682	7 
[12, 19, 1, 24]  	696	8 
[5, 8, 14, 24]  	713	7 
[4, 25, 3, 24]  	744	6 
[3, 29, 1, 24]  	755	4 
[4, 15, 11, 24]  	762	3 
[4, 1, 22, 24]  	781	5 
[3, 6, 19, 24]  	784	4 
[2, 28, 5, 24]  	837	4 
[2, 20, 11, 24]  	839	3 
[0, 12, 19, 24]  	865	1 
[0, 10, 21, 24]  	881	1 
[1, 27, 8, 24]  	888	2 
[1, 30, 6, 24]  	895	2 
[0, 41, 0, 24]  	943	2 
[0, 38, 3, 24]  	967	2 
------
The gap is between 3 and 21.
Lengths: 3 3 5 5 3 3.
For 982 = 5*d/2-d1-d2-d3 you get 3 in char 0.
1*x^1*y^23*z^14
1*y^40*z^2
1*y^9*z^25

For 560 = 3*d/2-d1-d2-d3 you get 5 in char 0.
1*x^4*y^17*z^3
1*x^3*y^3*z^14
1*x^2*y^20*z^2
1*x^1*y^6*z^13
1*y^23*z^1

For 138 = d/2-d1-d2-d3 you get 3 in char 0.
1*x^4*z^2
1*x^2*y^3*z^1
1*y^6

Extra powers of p used 0.
The invariant extra is equal to 1.
Start computing 7^3 Delta^1 (x1x2x3)^6... Done.
Start computing 7^4 Delta^2 (x1x2x3)^6... Done.
Start computing 7^5 Delta^3 (x1x2x3)^6... Done.
Start computing 7^6 Delta^4 (x1x2x3)^6... Done.
Start computing 7^7 Delta^5 (x1x2x3)^6... Done.
Start computing 7^8 Delta^6 (x1x2x3)^6... Done.
Start computing aa.
1 2 3 4 5 6 7 8 9 10 11 
*/
A = \
[28902252673356685695,82774220336021925371,156408197415418456152,73966766482469854308,183250508979567202432,31270809031077297024,90198745992555254894,161445541659983269395,179195202210899555681,186480093092465643072,101918963378842386497;\
141405332508015964134,4753518863640865735,63877374140852944624,55732528481040092682,101403451418694656385,142854394047052865884,147680492968622221678,64551807864454867383,178653883166994621050,136630990215602177057,145426131311009805592;\
60281505914117360624,1942615272759539965,191493661819247492581,104550221111535975041,1476692657766253431,97107109027306988974,21559667628316619991,28841819457366577004,27227259647154985831,78694357110228934445,118724362698769711226;\
19497714391090776686,163771689202995639006,153524170570791800562,112003301215540278530,97235238130935331980,130877443847305861895,25625611583505566423,182096776474055246447,181231982226696568363,87789696170484078358,54653856485295308745;\
90545611707510421753,82839140984641562906,80869499459077335336,185613516404281315532,151551790163968971273,176416622202550766449,106466474865723812511,56367707485472933025,171421414095793455909,142007936423716877528,46797304410879161720;\
114107294424130099221,146235419005423840439,21950851462174976907,101542773551543478658,114755879490960107050,128413435485566183960,162674565915636014968,57918197218092434454,31797527863902489213,113627505203361482116,9290807729428066940;\
5430381187530124140,184847359752195738585,42130053714539830935,122535124851390444536,24535748230565541410,123959983793607102652,24323511199290464714,116406265460130368534,3321661208111681379,48514537426248478515,162244824994991583425;\
187222431544440045425,11641568232196922426,60616171247470341077,132007840506838414286,82413747181575059236,94874912702536014972,83783229849082980118,168800465062035332939,43340206920503983616,158936486148621301743,72358578473498416162;\
74884722494023476339,182419873930588142989,89442179589361588616,67442528828756647734,146126015016463996885,10787594921045678799,120257898589704539601,129084761717263146599,134551021107594608559,69040566893041786217,60296284285912027409;\
130296692082918763326,89427203718130662461,87191086223807617824,99602637702801634653,105348998927197395762,28494844620225681824,57725965346467715759,89953631623203360285,48250620985096046160,126837946040766964941,35903727956303497304;\
108141080555840215982,148169891457633402274,79014537688764966398,724265800685752934,13710110362770650339,42101835653400117259,111641830421130249128,79973199340104993377,72894830896668829636,176873561147623690294,99040533773803760936]
/* 
This should be the matrix of frobenius!
*/ 
B = A; 
/* Freed 54 lists. */
