/* Comments begin... 
Coefficient of   x^21 * y^1               = -2
Coefficient of   x^10 * y^2 * z^6         = 0
Coefficient of   x^8 * y^5 * z^5         = 1
Coefficient of   x^6 * y^8 * z^4         = 1
Coefficient of   x^4 * y^11 * z^3         = 0
Coefficient of   x^2 * y^14 * z^2         = -1
Coefficient of   x^1 * z^13               = 0
Coefficient of   y^17 * z^1               = -1

Here is the polynomial we're using this time:

-2*x^21*y^1 + 1*x^8*y^5*z^5 + 1*x^6*y^8*z^4 + -1*x^2*y^14*z^2 + -1*y^17*z^1

Allocate G_len 20 elements and old = 0.
Allocate M_len = 400 elements.
Allocate G_len 40 elements and old = 20.
Not smooth!
Coefficient of   x^21 * y^1               = -2
Coefficient of   x^10 * y^2 * z^6         = 0
Coefficient of   x^8 * y^5 * z^5         = -1
Coefficient of   x^6 * y^8 * z^4         = 1
Coefficient of   x^4 * y^11 * z^3         = 1
Coefficient of   x^2 * y^14 * z^2         = 2
Coefficient of   x^1 * z^13               = -1
Coefficient of   y^17 * z^1               = -3

Here is the polynomial we're using this time:

-2*x^21*y^1 + -1*x^8*y^5*z^5 + 1*x^6*y^8*z^4 + 1*x^4*y^11*z^3 + 2*x^2*y^14*z^2 + -1*x^1*z^13 + -3*y^17*z^1

Allocate M_len = 800 elements.
Allocate G_len 80 elements and old = 40.
Allocate M_len = 1600 elements.
Allocate M_len = 3200 elements.
Allocate G_len 160 elements and old = 80.
Allocate M_len = 6400 elements.
Allocate M_len = 12800 elements.
Allocate G_len 320 elements and old = 160.
The final length of G is 163
[8, 5, 4, 0]  	391	6 
[21, 0, 0, 0]  	399	6  <--- 1
[6, 8, 4, 0]  	422	5 
[4, 14, 3, 0]  	491	5 
[5, 0, 15, 0]  	560	5 
[19, 8, 3, 0]  	638	6 
[14, 14, 2, 0]  	650	10 
[17, 11, 3, 0]  	669	6 
[19, 11, 2, 0]  	676	6 
[12, 17, 2, 0]  	681	9 
[14, 0, 14, 0]  	700	8 
[7, 22, 2, 0]  	701	7 
[16, 0, 13, 0]  	707	6 
[10, 20, 2, 0]  	712	8 
[19, 14, 1, 0]  	714	7 
[12, 3, 14, 0]  	731	7 
[5, 25, 2, 0]  	732	6 
[4, 11, 13, 0]  	732	6 
[14, 3, 13, 0]  	738	7 
[17, 17, 1, 0]  	745	7 
[20, 0, 12, 0]  	752	6 
[7, 26, 1, 0]  	762	6 
[3, 28, 2, 0]  	763	5 
[11, 23, 1, 0]  	769	6 
[5, 28, 1, 0]  	770	6 
[20, 17, 0, 0]  	771	2 
[4, 10, 15, 0]  	771	5 
[4, 29, 1, 0]  	774	6 
[9, 25, 1, 0]  	777	6 
[18, 3, 12, 0]  	783	6 
[13, 22, 1, 0]  	784	6 
[3, 32, 0, 0]  	793	5 
[14, 23, 0, 0]  	795	6 
[7, 29, 0, 0]  	800	5 
[3, 31, 1, 0]  	801	5 
[3, 0, 24, 0]  	801	5 
[2, 32, 1, 0]  	805	5 
[5, 31, 0, 0]  	808	5 
[4, 1, 23, 0]  	812	5 
[9, 28, 0, 0]  	815	5 
[4, 4, 21, 0]  	819	5 
[13, 25, 0, 0]  	822	5 
[2, 18, 12, 0]  	824	4 
[4, 7, 19, 0]  	826	5 
[4, 3, 22, 0]  	827	5 
[17, 22, 0, 0]  	829	5 
[4, 6, 20, 0]  	834	5 
[3, 7, 20, 0]  	838	4 
[3, 3, 23, 0]  	839	4 
[4, 9, 18, 0]  	841	5 
[2, 35, 0, 0]  	843	4 
[3, 10, 18, 0]  	845	4 
[3, 6, 21, 0]  	846	4 
[3, 21, 10, 0]  	850	4 
[3, 9, 19, 0]  	853	4 
[3, 24, 8, 0]  	857	4 
[3, 20, 11, 0]  	858	4 
[2, 29, 5, 0]  	860	4 
[2, 21, 11, 0]  	862	3 
[3, 23, 9, 0]  	865	4 
[2, 28, 6, 0]  	868	4 
[2, 24, 9, 0]  	869	3 
[3, 26, 7, 0]  	872	4 
[2, 4, 24, 0]  	874	4 
[2, 31, 4, 0]  	875	5 
[2, 27, 7, 0]  	876	3 
[2, 23, 10, 0]  	877	3 
[2, 15, 16, 0]  	879	4 
[2, 7, 22, 0]  	881	3 
[2, 26, 8, 0]  	884	3 
[2, 10, 20, 0]  	888	3 
[1, 15, 17, 0]  	891	3 
[1, 38, 0, 0]  	893	3 
[2, 9, 21, 0]  	896	3 
[2, 1, 27, 0]  	898	4 
[1, 14, 18, 0]  	899	3 
[1, 10, 21, 0]  	900	2 
[2, 12, 19, 0]  	903	3 
[2, 0, 28, 0]  	906	4 
[1, 13, 19, 0]  	907	2 
[1, 12, 20, 0]  	915	2 
[1, 27, 9, 0]  	919	2 
[0, 32, 6, 0]  	922	2 
[1, 18, 16, 0]  	929	3 
[0, 31, 7, 0]  	930	2 
[1, 29, 8, 0]  	934	2 
[0, 30, 8, 0]  	938	1 
[1, 24, 12, 0]  	943	3 
[1, 35, 4, 0]  	948	3 
[0, 1, 30, 0]  	953	1 
[0, 16, 19, 0]  	957	1 
[0, 35, 5, 0]  	960	2 
[0, 0, 31, 0]  	961	1  <--- 3
[1, 21, 15, 0]  	967	3 
[0, 18, 18, 0]  	972	1 
[0, 4, 29, 0]  	991	1 
[0, 38, 4, 0]  	998	2 
[0, 21, 17, 0]  	1010	1 
[0, 44, 0, 0]  	1012	2  <--- 2
[1, 7, 27, 0]  	1017	2 
[0, 7, 28, 0]  	1029	1 
[0, 41, 3, 0]  	1036	2 
[0, 24, 16, 0]  	1048	1 
[0, 10, 27, 0]  	1067	1 
[0, 27, 15, 0]  	1086	1 
[0, 13, 26, 0]  	1105	1 
[20, 1, 0, 1]  	403	6 
[6, 11, 3, 1]  	460	6 
[5, 0, 14, 1]  	529	6 
[18, 8, 3, 1]  	619	10 
[18, 11, 2, 1]  	657	9 
[15, 0, 13, 1]  	688	9 
[18, 14, 1, 1]  	695	8 
[13, 3, 13, 1]  	719	8 
[16, 17, 1, 1]  	726	8 
[19, 0, 12, 1]  	733	7 
[6, 26, 1, 1]  	743	7 
[10, 23, 1, 1]  	750	7 
[8, 25, 1, 1]  	758	7 
[17, 3, 12, 1]  	764	7 
[12, 22, 1, 1]  	765	7 
[19, 18, 0, 1]  	775	6 
[15, 20, 1, 1]  	776	6 
[6, 29, 0, 1]  	781	6 
[3, 14, 13, 1]  	782	5 
[4, 31, 0, 1]  	789	6 
[8, 28, 0, 1]  	796	6 
[12, 25, 0, 1]  	803	6 
[3, 11, 16, 1]  	806	5 
[11, 26, 0, 1]  	807	5 
[16, 22, 0, 1]  	810	6 
[3, 17, 12, 1]  	820	5 
[3, 4, 22, 1]  	831	4 
[3, 27, 6, 1]  	864	4 
[2, 14, 17, 1]  	887	4 
[2, 13, 18, 1]  	895	3 
[1, 32, 5, 1]  	910	3 
[1, 30, 7, 1]  	926	2 
[1, 1, 29, 1]  	941	2 
[1, 0, 30, 1]  	949	2 
[1, 4, 28, 1]  	979	2 
[14, 20, 1, 2]  	757	7 
[10, 26, 0, 2]  	788	6 
[1, 31, 6, 3]  	918	3 
[6, 22, 2, 23]  	682	7 
[4, 25, 2, 23]  	713	6 
[4, 4, 20, 23]  	788	5 
[1, 0, 29, 23]  	918	2 
[7, 5, 5, 24]  	403	5 
[4, 14, 2, 24]  	460	4 
[5, 11, 4, 24]  	472	5 
[4, 0, 15, 24]  	541	4 
[2, 28, 2, 24]  	744	4 
[4, 28, 1, 24]  	751	6 
[12, 23, 0, 24]  	757	6 
[2, 31, 1, 24]  	782	4 
[2, 0, 24, 24]  	782	4 
[3, 7, 19, 24]  	807	4 
[2, 34, 0, 24]  	820	4 
[3, 24, 7, 24]  	826	4 
[2, 21, 10, 24]  	831	3 
[1, 15, 16, 24]  	860	1 
[0, 16, 16, 24]  	864	1 
------
The gap is between 4 and 22.
Lengths: 3 3 5 5 3 3.
For 982 = 5*d/2-d1-d2-d3 you get 3 in char 0.
1*x^1*y^23*z^14
1*y^40*z^2
1*y^9*z^25

For 560 = 3*d/2-d1-d2-d3 you get 5 in char 0.
1*x^14*y^2*z^8
1*x^3*y^3*z^14
1*x^2*y^20*z^2
1*x^1*y^6*z^13
1*y^23*z^1

For 138 = d/2-d1-d2-d3 you get 3 in char 0.
1*x^4*z^2
1*x^2*y^3*z^1
1*y^6

Extra powers of p used 0.
The invariant extra is equal to 1.
Start computing 7^3 Delta^1 (x1x2x3)^6... Done.
Start computing 7^4 Delta^2 (x1x2x3)^6... Done.
Start computing 7^5 Delta^3 (x1x2x3)^6... Done.
Start computing 7^6 Delta^4 (x1x2x3)^6... Done.
Start computing 7^7 Delta^5 (x1x2x3)^6... Done.
Start computing 7^8 Delta^6 (x1x2x3)^6... Done.
Start computing aa.
1 2 3 4 5 6 7 8 9 10 11 
*/
A = \
[135086743400376779485,130884796471926843939,154842731985468167391,37109801092719194224,155209400466742621783,136818696244308944047,55669925093231816129,166022699666705157892,38255262571178209081,168470442282230661419,152670705164000535540;\
42208171805399264734,23283909597106011582,98649224081743178097,86279563537433567616,11788372699899718874,107300799925214079520,39760173247100648300,131327451525636128000,18941035783536073438,156718203222839952512,71752156588691639326;\
179454209603565738651,186228912376674600355,80607604535894689179,4555381593867707757,37061975543633165132,94045750172184080067,143284022010347602013,62101057376810954061,105070178754308348952,161895049382018258565,32980128548555843312;\
176734158248314093139,41484332263975036711,166291583340274429756,169086129359600502714,174212955639613802128,173761231053497696336,165963151023592400135,163459001103233970778,56646263272904687445,6252014841970931131,77748454515324850068;\
8096592030116101616,120247153349909889481,172566598424834521065,93287863309662234080,40841801241886724856,121107369867336342385,109550792023514882530,7419580712416772179,103348790887071154810,20025606120495610922,80283443442910849218;\
94640395259222383936,172760783818844212626,74765849603346138521,87914047089756975024,179629054099580188733,53397585096022653941,62153336223198361491,52834777552420358726,142515287788884021410,71262973534835916064,13685960635346352332;\
170167612168090871849,6811812331939562245,140574396086246284882,107828812161306380634,73644030323870659947,77030975861151031951,159883400023836488944,60395674799707129988,94020291427516450052,162288736602364963318,164363881742852706250;\
3615260496751495446,67921460686468818624,43822567420835868562,173638899665628812198,32077588093257310044,127914171170241769488,139383441721076787388,68418602521288865482,137742175013558671717,140086173585177424269,151839061816466064299;\
166331492762742553057,179891753069145933585,182960121654961848449,137610265332807205057,172602891432351219882,122308018742959422653,181224501883175011079,28736806905334417379,103492934789049007265,58489279614884240710,149799296073096456416;\
131857636500112848050,75217803879451398211,121349002097006091061,115899781710106749733,141691739964775540498,174802032180343623601,161270183028203394649,3097154480034616736,131841332128618939561,187926591120197701275,114572171542712591008;\
77157665710816061741,96723413057640944826,5268475502711936457,185287409116419883364,74994454394730068205,131373196657291298983,91498375435668806101,65447831375580697638,101709163504615845290,10504942845945300564,180623145992409972236]
/* 
This should be the matrix of frobenius!
*/ 
B = A; 
/* Freed 52 lists. */
