/* Comments begin... 
Coefficient of   x^21 * y^1               = -1
Coefficient of   x^10 * y^2 * z^6         = -2
Coefficient of   x^8 * y^5 * z^5         = -1
Coefficient of   x^6 * y^8 * z^4         = 1
Coefficient of   x^4 * y^11 * z^3         = -3
Coefficient of   x^2 * y^14 * z^2         = -1
Coefficient of   x^1 * z^13               = -1
Coefficient of   y^17 * z^1               = 2

Here is the polynomial we're using this time:

-1*x^21*y^1 + -2*x^10*y^2*z^6 + -1*x^8*y^5*z^5 + 1*x^6*y^8*z^4 + -3*x^4*y^11*z^3 + -1*x^2*y^14*z^2 + -1*x^1*z^13 + 2*y^17*z^1

Allocate G_len 20 elements and old = 0.
Allocate M_len = 400 elements.
Allocate G_len 40 elements and old = 20.
Allocate M_len = 800 elements.
Allocate G_len 80 elements and old = 40.
Allocate M_len = 1600 elements.
Allocate M_len = 3200 elements.
Allocate G_len 160 elements and old = 80.
Allocate M_len = 6400 elements.
Allocate M_len = 12800 elements.
Allocate G_len 320 elements and old = 160.
Allocate M_len = 25600 elements.
The final length of G is 209
[10, 2, 5, 0]  	391	7 
[21, 0, 0, 0]  	399	7  <--- 1
[8, 5, 5, 0]  	422	6 
[8, 8, 4, 0]  	460	7 
[6, 11, 4, 0]  	491	6 
[6, 14, 3, 0]  	529	7 
[5, 0, 15, 0]  	560	6 
[19, 5, 4, 0]  	600	7 
[15, 11, 3, 0]  	631	10 
[19, 8, 3, 0]  	638	7 
[15, 14, 2, 0]  	669	9 
[9, 3, 14, 0]  	674	9 
[19, 11, 2, 0]  	676	9 
[12, 17, 2, 0]  	681	9 
[9, 20, 2, 0]  	693	8 
[14, 0, 14, 0]  	700	8 
[7, 22, 2, 0]  	701	8 
[7, 6, 14, 0]  	705	8 
[16, 0, 13, 0]  	707	8 
[11, 19, 2, 0]  	708	8 
[19, 14, 1, 0]  	714	8 
[7, 8, 13, 0]  	720	8 
[6, 8, 14, 0]  	732	7 
[5, 25, 2, 0]  	732	7 
[5, 9, 14, 0]  	736	7 
[13, 20, 1, 0]  	738	7 
[7, 25, 1, 0]  	739	7 
[6, 26, 1, 0]  	743	7 
[17, 17, 1, 0]  	745	7 
[11, 22, 1, 0]  	746	7 
[8, 26, 0, 0]  	750	7 
[5, 11, 13, 0]  	751	7 
[20, 0, 12, 0]  	752	7 
[15, 19, 1, 0]  	753	7 
[4, 12, 13, 0]  	755	6 
[4, 11, 14, 0]  	763	6 
[4, 26, 3, 0]  	767	6 
[5, 28, 1, 0]  	770	6 
[4, 14, 12, 0]  	770	6 
[20, 17, 0, 0]  	771	2 
[4, 29, 1, 0]  	774	6 
[13, 23, 0, 0]  	776	6 
[7, 28, 0, 0]  	777	6 
[5, 15, 11, 0]  	781	6 
[4, 28, 2, 0]  	782	6 
[3, 14, 13, 0]  	782	6 
[17, 20, 0, 0]  	783	6 
[11, 25, 0, 0]  	784	6 
[15, 22, 0, 0]  	791	6 
[3, 32, 0, 0]  	793	5 
[19, 19, 0, 0]  	798	6 
[4, 18, 10, 0]  	800	5 
[3, 31, 1, 0]  	801	6 
[2, 32, 1, 0]  	805	5 
[4, 25, 5, 0]  	806	6 
[4, 21, 8, 0]  	807	5 
[5, 31, 0, 0]  	808	5 
[4, 17, 11, 0]  	808	5 
[4, 1, 23, 0]  	812	5 
[4, 24, 6, 0]  	814	5 
[4, 20, 9, 0]  	815	5 
[4, 4, 21, 0]  	819	5 
[4, 0, 24, 0]  	820	5 
[3, 17, 12, 0]  	820	5 
[4, 23, 7, 0]  	822	5 
[3, 1, 24, 0]  	824	4 
[2, 18, 12, 0]  	824	4 
[4, 7, 19, 0]  	826	5 
[4, 3, 22, 0]  	827	5 
[3, 4, 22, 0]  	831	4 
[4, 10, 17, 0]  	833	5 
[4, 6, 20, 0]  	834	5 
[3, 11, 17, 0]  	837	5 
[3, 7, 20, 0]  	838	4 
[4, 9, 18, 0]  	841	5 
[2, 35, 0, 0]  	843	4 
[3, 10, 18, 0]  	845	4 
[3, 6, 21, 0]  	846	4 
[3, 21, 10, 0]  	850	4 
[3, 9, 19, 0]  	853	4 
[3, 28, 5, 0]  	856	5 
[3, 20, 11, 0]  	858	4 
[2, 21, 11, 0]  	862	3 
[3, 27, 6, 0]  	864	4 
[3, 23, 9, 0]  	865	4 
[2, 28, 6, 0]  	868	4 
[2, 24, 9, 0]  	869	3 
[3, 26, 7, 0]  	872	4 
[2, 4, 24, 0]  	874	4 
[2, 23, 10, 0]  	877	3 
[2, 15, 16, 0]  	879	4 
[2, 26, 8, 0]  	884	3 
[2, 14, 17, 0]  	887	4 
[2, 10, 20, 0]  	888	3 
[1, 15, 17, 0]  	891	3 
[1, 38, 0, 0]  	893	3 
[2, 13, 18, 0]  	895	3 
[1, 14, 18, 0]  	899	3 
[1, 10, 21, 0]  	900	2 
[2, 12, 19, 0]  	903	3 
[2, 31, 5, 0]  	906	5 
[1, 13, 19, 0]  	907	2 
[1, 32, 5, 0]  	910	3 
[1, 12, 20, 0]  	915	2 
[1, 31, 6, 0]  	918	3 
[0, 32, 6, 0]  	922	2 
[3, 0, 28, 0]  	925	4 
[1, 30, 7, 0]  	926	2 
[2, 1, 28, 0]  	929	3 
[1, 18, 16, 0]  	929	3 
[0, 31, 7, 0]  	930	2 
[2, 0, 29, 0]  	937	3 
[0, 30, 8, 0]  	938	1 
[1, 1, 29, 0]  	941	2 
[1, 35, 4, 0]  	948	3 
[1, 0, 30, 0]  	949	2 
[0, 1, 30, 0]  	953	1 
[0, 16, 19, 0]  	957	1 
[0, 35, 5, 0]  	960	2 
[0, 0, 31, 0]  	961	1  <--- 3
[1, 21, 15, 0]  	967	3 
[0, 18, 18, 0]  	972	1 
[1, 4, 28, 0]  	979	2 
[0, 4, 29, 0]  	991	1 
[0, 38, 4, 0]  	998	2 
[0, 21, 17, 0]  	1010	1 
[1, 27, 12, 0]  	1012	3 
[0, 7, 28, 0]  	1029	1 
[0, 24, 16, 0]  	1048	1 
[0, 10, 27, 0]  	1067	1 
[0, 47, 0, 0]  	1081	1  <--- 2
[0, 27, 15, 0]  	1086	1 
[0, 44, 3, 0]  	1105	1 
[0, 13, 26, 0]  	1105	1 
[20, 1, 0, 1]  	403	7 
[18, 5, 4, 1]  	581	12 
[14, 11, 3, 1]  	612	11 
[18, 8, 3, 1]  	619	11 
[14, 14, 2, 1]  	650	10 
[18, 11, 2, 1]  	657	10 
[13, 0, 14, 1]  	681	9 
[15, 0, 13, 1]  	688	9 
[10, 19, 2, 1]  	689	9 
[18, 14, 1, 1]  	695	9 
[12, 20, 1, 1]  	719	8 
[16, 17, 1, 1]  	726	8 
[10, 22, 1, 1]  	727	8 
[9, 23, 1, 1]  	731	7 
[19, 0, 12, 1]  	733	8 
[14, 19, 1, 1]  	734	8 
[12, 23, 0, 1]  	757	7 
[6, 28, 0, 1]  	758	7 
[5, 29, 0, 1]  	762	6 
[16, 20, 0, 1]  	764	7 
[10, 25, 0, 1]  	765	7 
[5, 24, 4, 1]  	771	6 
[14, 22, 0, 1]  	772	7 
[19, 18, 0, 1]  	775	7 
[18, 19, 0, 1]  	779	7 
[3, 29, 2, 1]  	786	5 
[5, 18, 9, 1]  	788	6 
[4, 31, 0, 1]  	789	6 
[5, 21, 7, 1]  	795	6 
[5, 17, 10, 1]  	796	6 
[3, 0, 24, 1]  	801	5 
[5, 20, 8, 1]  	803	6 
[5, 23, 6, 1]  	810	6 
[3, 3, 23, 1]  	839	4 
[3, 24, 8, 1]  	857	4 
[2, 29, 5, 1]  	860	4 
[2, 31, 4, 1]  	875	5 
[2, 27, 7, 1]  	876	3 
[2, 7, 22, 1]  	881	3 
[2, 9, 21, 1]  	896	3 
[2, 1, 27, 1]  	898	4 
[2, 0, 28, 1]  	906	4 
[1, 27, 9, 1]  	919	2 
[1, 29, 8, 1]  	934	2 
[1, 24, 12, 1]  	943	3 
[0, 44, 0, 1]  	1012	2 
[1, 7, 27, 1]  	1017	2 
[0, 41, 3, 1]  	1036	2 
[12, 0, 14, 2]  	662	9 
[8, 23, 1, 2]  	712	8 
[6, 9, 13, 2]  	724	7 
[3, 12, 16, 2]  	829	5 
[11, 0, 14, 3]  	643	10 
[10, 17, 2, 23]  	643	9 
[7, 9, 12, 23]  	712	7 
[5, 26, 1, 23]  	724	5 
[9, 2, 6, 24]  	403	6 
[7, 8, 5, 24]  	472	6 
[4, 0, 15, 24]  	541	5 
[7, 5, 14, 24]  	682	8 
[5, 8, 14, 24]  	713	6 
[7, 26, 0, 24]  	731	5 
[4, 25, 3, 24]  	744	6 
[4, 15, 11, 24]  	762	4 
[2, 15, 13, 24]  	786	2 
[2, 17, 12, 24]  	801	2 
[2, 29, 4, 24]  	829	4 
[1, 15, 15, 24]  	829	2 
[2, 20, 11, 24]  	839	2 
[2, 10, 19, 24]  	857	2 
[1, 13, 18, 24]  	876	2 
[0, 10, 21, 24]  	881	1 
[0, 12, 20, 24]  	896	1 
[0, 15, 19, 24]  	934	1 
[0, 24, 15, 24]  	1017	1 
------
The gap is between 4 and 22.
Lengths: 3 3 5 5 3 3.
For 982 = 5*d/2-d1-d2-d3 you get 3 in char 0.
1*x^1*y^23*z^14
1*y^40*z^2
1*y^9*z^25

For 560 = 3*d/2-d1-d2-d3 you get 5 in char 0.
1*x^4*y^17*z^3
1*x^3*y^3*z^14
1*x^2*y^20*z^2
1*x^1*y^6*z^13
1*y^23*z^1

For 138 = d/2-d1-d2-d3 you get 3 in char 0.
1*x^4*z^2
1*x^2*y^3*z^1
1*y^6

Extra powers of p used 0.
The invariant extra is equal to 1.
Start computing 7^3 Delta^1 (x1x2x3)^6... Done.
Start computing 7^4 Delta^2 (x1x2x3)^6... Done.
Start computing 7^5 Delta^3 (x1x2x3)^6... Done.
Start computing 7^6 Delta^4 (x1x2x3)^6... Done.
Start computing 7^7 Delta^5 (x1x2x3)^6... Done.
Start computing 7^8 Delta^6 (x1x2x3)^6... Done.
Start computing aa.
1 2 3 4 5 6 7 8 9 10 11 
*/
A = \
[162806058795803831870,13577596800194531039,156095953503370123693,191129242752094124030,39222915100423683580,41415070055791599650,68020400845453902552,120606785198190860618,9269709076830012265,23497636733622890090,77138977686292216667;\
147281909195336952753,92626843810891232807,145112220163705268344,92589429817443772801,20874401501380312011,181055456130285909200,88364740485248498775,54978485427679519874,187997195024167531485,70408692538385091345,41651433199018730227;\
8860940137096736386,135107589905866749990,7536173473003441816,126292126513934658893,73031546555748140654,165088519484794507147,85803466817578504043,89102558182781017966,87584064488869645452,54130978396030538240,123479182846472817364;\
142597428685582274506,22588699793638726538,112794409574021084242,176909993672590888815,64250873096712317820,179460008014917638561,145825209083510532751,67738587931294478254,26110864137451250801,52892552899685423120,3438576641211823209;\
59564872625727654066,45565557956310595508,10775024606417019637,166561580697491832895,161718858231562470223,98584388072568670762,57344271601270870552,28963798091354468013,43741355955284860565,39790933633898263551,28404343043773577972;\
29905054904659370968,79908710536436986753,123954200633102047324,169884652457855139476,44234495671977697408,117641304068663530190,177121228674538502725,18471548949473262965,71009610222905762275,155999474927625929334,110594425049183736416;\
63815645271491711504,149894294206809213962,146003810127573357586,48432339859533277123,124995033840752639893,99161706156017549723,163263130462435999142,35518817952762264302,188174893203892497959,102266041827924253909,35055529666655694819;\
2892573939164330991,85391642244173893936,98577760739936623884,160905380931752060282,181692484600036326903,190475495409028734765,61441502195137109017,46901134118242340790,58617563704236759194,32614010355128874567,42240338038950825459;\
60755867069724157368,183387348335246221644,132814768219090838960,145769287453976860240,61239001802219121167,50481688487742623104,44096235418795294707,60377687833645625856,97937760452302605289,94784448981849743319,140746865593157429291;\
18182774868214458684,75182950645213674325,48237592318014651000,173230952302657983230,6625857799928479630,61974175405066619520,11265456877129752157,159746105853382361250,168707234390327216703,126502128250793436246,10043556749300341596;\
32363312704704232734,130332076630636544384,169885634261475633105,84705205496727867499,129902582909137899742,51596958792224349098,50893981129705612507,183610224987876834399,123820468521325698339,52145164868098822044,94098013086769528095]
/* 
This should be the matrix of frobenius!
*/ 
B = A; 
/* Freed 54 lists. */
