/* Comments begin... 
Coefficient of   x^21 * y^1               = 3
Coefficient of   x^10 * y^2 * z^6         = 3
Coefficient of   x^8 * y^5 * z^5         = 1
Coefficient of   x^6 * y^8 * z^4         = -2
Coefficient of   x^4 * y^11 * z^3         = 1
Coefficient of   x^2 * y^14 * z^2         = 3
Coefficient of   x^1 * z^13               = 1
Coefficient of   y^17 * z^1               = -1

Here is the polynomial we're using this time:

3*x^21*y^1 + 3*x^10*y^2*z^6 + 1*x^8*y^5*z^5 + -2*x^6*y^8*z^4 + 1*x^4*y^11*z^3 + 3*x^2*y^14*z^2 + 1*x^1*z^13 + -1*y^17*z^1

Allocate G_len 20 elements and old = 0.
Allocate M_len = 400 elements.
Allocate G_len 40 elements and old = 20.
Allocate M_len = 800 elements.
Allocate G_len 80 elements and old = 40.
Allocate M_len = 1600 elements.
Allocate M_len = 3200 elements.
Allocate G_len 160 elements and old = 80.
Allocate M_len = 6400 elements.
Allocate M_len = 12800 elements.
Allocate G_len 320 elements and old = 160.
Allocate M_len = 25600 elements.
Not smooth!
Coefficient of   x^21 * y^1               = -1
Coefficient of   x^10 * y^2 * z^6         = -3
Coefficient of   x^8 * y^5 * z^5         = -3
Coefficient of   x^6 * y^8 * z^4         = 0
Coefficient of   x^4 * y^11 * z^3         = -2
Coefficient of   x^2 * y^14 * z^2         = -2
Coefficient of   x^1 * z^13               = 2
Coefficient of   y^17 * z^1               = 2

Here is the polynomial we're using this time:

-1*x^21*y^1 + -3*x^10*y^2*z^6 + -3*x^8*y^5*z^5 + -2*x^4*y^11*z^3 + -2*x^2*y^14*z^2 + 2*x^1*z^13 + 2*y^17*z^1

The final length of G is 195
[10, 2, 5, 0]  	391	6 
[21, 0, 0, 0]  	399	6  <--- 1
[8, 5, 5, 0]  	422	5 
[8, 8, 4, 0]  	460	7 
[6, 11, 4, 0]  	491	6 
[6, 14, 3, 0]  	529	7 
[5, 0, 15, 0]  	560	6 
[19, 5, 4, 0]  	600	6 
[15, 11, 3, 0]  	631	5 
[17, 11, 2, 0]  	638	6 
[12, 0, 14, 0]  	662	8 
[15, 14, 2, 0]  	669	5 
[9, 3, 14, 0]  	674	9 
[9, 20, 2, 0]  	693	8 
[7, 6, 14, 0]  	705	8 
[11, 19, 2, 0]  	708	8 
[19, 14, 1, 0]  	714	8 
[12, 20, 1, 0]  	719	8 
[7, 8, 13, 0]  	720	8 
[6, 9, 13, 0]  	724	7 
[16, 17, 1, 0]  	726	8 
[9, 23, 1, 0]  	731	7 
[6, 8, 14, 0]  	732	7 
[5, 25, 2, 0]  	732	7 
[5, 9, 14, 0]  	736	7 
[7, 25, 1, 0]  	739	7 
[6, 26, 1, 0]  	743	7 
[18, 0, 13, 0]  	745	7 
[11, 22, 1, 0]  	746	7 
[5, 11, 13, 0]  	751	7 
[20, 0, 12, 0]  	752	7 
[15, 19, 1, 0]  	753	7 
[4, 12, 13, 0]  	755	6 
[5, 29, 0, 0]  	762	6 
[4, 11, 14, 0]  	763	6 
[4, 26, 3, 0]  	767	6 
[9, 26, 0, 0]  	769	6 
[5, 28, 1, 0]  	770	6 
[4, 14, 12, 0]  	770	6 
[20, 17, 0, 0]  	771	2 
[5, 24, 4, 0]  	771	6 
[4, 29, 1, 0]  	774	6 
[13, 23, 0, 0]  	776	6 
[7, 28, 0, 0]  	777	6 
[5, 15, 11, 0]  	781	6 
[4, 28, 2, 0]  	782	6 
[3, 14, 13, 0]  	782	6 
[17, 20, 0, 0]  	783	6 
[11, 25, 0, 0]  	784	6 
[3, 29, 2, 0]  	786	5 
[5, 18, 9, 0]  	788	6 
[4, 31, 0, 0]  	789	6 
[15, 22, 0, 0]  	791	6 
[3, 32, 0, 0]  	793	5 
[5, 21, 7, 0]  	795	6 
[5, 17, 10, 0]  	796	6 
[19, 19, 0, 0]  	798	6 
[4, 18, 10, 0]  	800	5 
[3, 31, 1, 0]  	801	5 
[3, 0, 24, 0]  	801	5 
[5, 20, 8, 0]  	803	6 
[2, 32, 1, 0]  	805	5 
[4, 25, 5, 0]  	806	6 
[4, 17, 11, 0]  	808	5 
[5, 23, 6, 0]  	810	6 
[4, 1, 23, 0]  	812	5 
[4, 24, 6, 0]  	814	5 
[4, 20, 9, 0]  	815	5 
[4, 4, 21, 0]  	819	5 
[3, 17, 12, 0]  	820	5 
[4, 23, 7, 0]  	822	5 
[4, 7, 19, 0]  	826	5 
[4, 3, 22, 0]  	827	5 
[3, 12, 16, 0]  	829	5 
[3, 4, 22, 0]  	831	4 
[4, 10, 17, 0]  	833	5 
[4, 6, 20, 0]  	834	5 
[3, 7, 20, 0]  	838	4 
[3, 3, 23, 0]  	839	4 
[2, 35, 0, 0]  	843	4 
[3, 10, 18, 0]  	845	4 
[3, 9, 19, 0]  	853	4 
[3, 28, 5, 0]  	856	5 
[3, 24, 8, 0]  	857	4 
[3, 20, 11, 0]  	858	4 
[2, 29, 5, 0]  	860	4 
[2, 21, 11, 0]  	862	3 
[3, 27, 6, 0]  	864	4 
[3, 23, 9, 0]  	865	4 
[2, 28, 6, 0]  	868	4 
[2, 24, 9, 0]  	869	3 
[3, 26, 7, 0]  	872	4 
[2, 4, 24, 0]  	874	4 
[2, 31, 4, 0]  	875	5 
[2, 27, 7, 0]  	876	3 
[2, 23, 10, 0]  	877	3 
[2, 15, 16, 0]  	879	4 
[2, 7, 22, 0]  	881	3 
[2, 14, 17, 0]  	887	4 
[2, 10, 20, 0]  	888	3 
[1, 15, 17, 0]  	891	3 
[1, 38, 0, 0]  	893	3 
[2, 13, 18, 0]  	895	3 
[2, 9, 21, 0]  	896	3 
[2, 1, 27, 0]  	898	4 
[1, 14, 18, 0]  	899	3 
[2, 0, 28, 0]  	906	4 
[1, 32, 5, 0]  	910	3 
[1, 31, 6, 0]  	918	3 
[1, 27, 9, 0]  	919	2 
[0, 32, 6, 0]  	922	2 
[1, 30, 7, 0]  	926	2 
[1, 18, 16, 0]  	929	3 
[0, 31, 7, 0]  	930	2 
[1, 29, 8, 0]  	934	2 
[1, 13, 20, 0]  	938	1 
[0, 30, 8, 0]  	938	1 
[1, 1, 29, 0]  	941	2 
[1, 24, 12, 0]  	943	3 
[1, 35, 4, 0]  	948	3 
[1, 0, 30, 0]  	949	2 
[0, 1, 30, 0]  	953	1 
[0, 16, 19, 0]  	957	1 
[0, 35, 5, 0]  	960	2 
[0, 0, 31, 0]  	961	1  <--- 3
[1, 21, 15, 0]  	967	3 
[0, 18, 18, 0]  	972	1 
[1, 4, 28, 0]  	979	2 
[0, 4, 29, 0]  	991	1 
[0, 38, 4, 0]  	998	2 
[0, 21, 17, 0]  	1010	1 
[0, 44, 0, 0]  	1012	2  <--- 2
[1, 7, 27, 0]  	1017	2 
[0, 7, 28, 0]  	1029	1 
[0, 41, 3, 0]  	1036	2 
[0, 24, 16, 0]  	1048	1 
[0, 10, 27, 0]  	1067	1 
[0, 27, 15, 0]  	1086	1 
[0, 13, 26, 0]  	1105	1 
[20, 1, 0, 1]  	403	6 
[18, 5, 4, 1]  	581	10 
[14, 11, 3, 1]  	612	9 
[16, 11, 2, 1]  	619	10 
[11, 0, 14, 1]  	643	9 
[14, 14, 2, 1]  	650	9 
[10, 19, 2, 1]  	689	9 
[18, 14, 1, 1]  	695	9 
[13, 17, 2, 1]  	700	8 
[7, 22, 2, 1]  	701	8 
[16, 0, 13, 1]  	707	8 
[8, 23, 1, 1]  	712	8 
[10, 22, 1, 1]  	727	8 
[19, 0, 12, 1]  	733	8 
[14, 19, 1, 1]  	734	8 
[8, 26, 0, 1]  	750	7 
[12, 23, 0, 1]  	757	7 
[6, 28, 0, 1]  	758	7 
[16, 20, 0, 1]  	764	7 
[10, 25, 0, 1]  	765	7 
[14, 22, 0, 1]  	772	7 
[19, 18, 0, 1]  	775	7 
[18, 19, 0, 1]  	779	7 
[4, 21, 8, 1]  	807	5 
[2, 18, 12, 1]  	824	4 
[3, 11, 17, 1]  	837	5 
[4, 9, 18, 1]  	841	5 
[3, 6, 21, 1]  	846	4 
[3, 21, 10, 1]  	850	4 
[2, 26, 8, 1]  	884	3 
[1, 10, 21, 1]  	900	2 
[2, 12, 19, 1]  	903	3 
[1, 13, 19, 1]  	907	2 
[1, 12, 20, 1]  	915	2 
[12, 17, 2, 2]  	681	9 
[15, 0, 13, 2]  	688	9 
[9, 2, 6, 24]  	403	5 
[7, 8, 5, 24]  	472	6 
[5, 14, 4, 24]  	541	5 
[10, 20, 1, 24]  	681	7 
[7, 5, 14, 24]  	682	7 
[14, 17, 1, 24]  	688	8 
[6, 8, 13, 24]  	701	7 
[5, 8, 14, 24]  	713	7 
[6, 25, 1, 24]  	720	7 
[5, 26, 1, 24]  	724	5 
[4, 29, 0, 24]  	743	4 
[4, 25, 3, 24]  	744	5 
[3, 7, 19, 24]  	807	4 
[1, 35, 0, 24]  	824	3 
[2, 28, 5, 24]  	837	4 
[3, 26, 6, 24]  	841	4 
[2, 23, 9, 24]  	846	3 
[2, 7, 21, 24]  	850	2 
[0, 29, 7, 24]  	884	1 
[0, 27, 9, 24]  	900	1 
------
The gap is between 3 and 23.
Lengths: 3 3 5 5 3 3.
For 982 = 5*d/2-d1-d2-d3 you get 3 in char 0.
1*x^1*y^23*z^14
1*y^40*z^2
1*y^9*z^25

For 560 = 3*d/2-d1-d2-d3 you get 5 in char 0.
1*x^4*y^17*z^3
1*x^3*y^3*z^14
1*x^2*y^20*z^2
1*x^1*y^6*z^13
1*y^23*z^1

For 138 = d/2-d1-d2-d3 you get 3 in char 0.
1*x^4*z^2
1*x^2*y^3*z^1
1*y^6

Extra powers of p used 0.
The invariant extra is equal to 1.
Start computing 7^3 Delta^1 (x1x2x3)^6... Done.
Start computing 7^4 Delta^2 (x1x2x3)^6... Done.
Start computing 7^5 Delta^3 (x1x2x3)^6... Done.
Start computing 7^6 Delta^4 (x1x2x3)^6... Done.
Start computing 7^7 Delta^5 (x1x2x3)^6... Done.
Start computing 7^8 Delta^6 (x1x2x3)^6... Done.
Start computing aa.
1 2 3 4 5 6 7 8 9 10 11 
*/
A = \
[123847393766535531570,69030603213728921597,12338080315849749682,66854035791664481913,38107877243620112558,25312684248542947095,48046821163097060367,1314880632198318787,56862106644854312893,106458123125016074426,28673466157373566774;\
69453824656007502504,58172558447187574739,9978930711287197500,51919970979855189631,39064915603944823243,85304747825038966119,185067558091150115892,128346943150886714793,58455346641537749680,30220141590524831792,189845311889794069530;\
128236783407635235288,6822579695728043630,96467252694394629148,158122596396087807162,12973285169314413713,61244987032716981522,180441989959858547529,83368999724316154380,56661166277056013547,166512451278243174405,182228567867218898522;\
159862022478578320103,24767554187965543361,33452946624194848058,113449195244924558390,74345937462328970942,115430311663040055318,164522762498865685019,168105818374626467825,168328896416018907961,40225310858352175346,146194132337420213459;\
93360375452710799091,176376169259289627994,69799955578207296392,120085967276764453531,186789803213540016798,130905587426933484907,22485093421803426988,78061643423421982933,161411340300417124197,70729336028719302312,88457293539039350422;\
52304396912122035925,151149923790096233766,59976748741380041033,190791378074076124688,181233822632831497851,74129353341139346215,122891362619572730869,50421941363491370043,88667928213990093374,82148887757393364145,17946605294319618490;\
34592922723270597501,16789511627277152994,113718644994470642962,138900488115248567974,136405736534221409577,1752584154549333658,156042327064797789301,93924301390047522569,129085629664373813550,30435148944975457186,155283450961979900091;\
132908455329991256531,10191918111785656720,94570372911399943446,54210418475296283662,22655464767105231754,185031214117180271939,122707418230561808784,113869775493345602983,77339173515828724178,83941896227476488887,67486003580754553480;\
138469843492727811795,28745828493846397656,51070102903488770868,183858235046190965848,95591716517309259625,8792005513885623393,68274768969728079591,49790006377260587018,71593654522363942052,84761881116934807184,189669630759724566822;\
187912207847241867593,151903946869697211957,85152065133980622048,149550322569380489904,63114885675092707050,168511255958572325540,44498848622721320541,66141057073764576764,184958312253763966519,172661726945628246291,133398814426234114030;\
167089377403222420623,92128641917864154257,98145706199506642648,16332827117540840991,10833415701004489208,139278646218552964907,171091720705856682228,88659256429762599917,177142520247799262541,81412543132705791048,151870986684698664852]
/* 
This should be the matrix of frobenius!
*/ 
B = A; 
/* Freed 54 lists. */
