/* Comments begin... 
Coefficient of   x^21 * y^1               = 0
Coefficient of   x^10 * y^2 * z^6         = 1
Coefficient of   x^8 * y^5 * z^5         = 2
Coefficient of   x^6 * y^8 * z^4         = 2
Coefficient of   x^4 * y^11 * z^3         = -2
Coefficient of   x^2 * y^14 * z^2         = -3
Coefficient of   x^1 * z^13               = -1
Coefficient of   y^17 * z^1               = 3

Here is the polynomial we're using this time:

1*x^10*y^2*z^6 + 2*x^8*y^5*z^5 + 2*x^6*y^8*z^4 + -2*x^4*y^11*z^3 + -3*x^2*y^14*z^2 + -1*x^1*z^13 + 3*y^17*z^1

Allocate G_len 20 elements and old = 0.
Allocate M_len = 400 elements.
Allocate G_len 40 elements and old = 20.
Allocate M_len = 800 elements.
Allocate G_len 80 elements and old = 40.
Allocate M_len = 1600 elements.
Allocate M_len = 3200 elements.
Allocate G_len 160 elements and old = 80.
Not smooth!
Coefficient of   x^21 * y^1               = 0
Coefficient of   x^10 * y^2 * z^6         = -2
Coefficient of   x^8 * y^5 * z^5         = 3
Coefficient of   x^6 * y^8 * z^4         = -3
Coefficient of   x^4 * y^11 * z^3         = -1
Coefficient of   x^2 * y^14 * z^2         = 1
Coefficient of   x^1 * z^13               = -3
Coefficient of   y^17 * z^1               = -3

Here is the polynomial we're using this time:

-2*x^10*y^2*z^6 + 3*x^8*y^5*z^5 + -3*x^6*y^8*z^4 + -1*x^4*y^11*z^3 + 1*x^2*y^14*z^2 + -3*x^1*z^13 + -3*y^17*z^1

Not smooth!
Coefficient of   x^21 * y^1               = -3
Coefficient of   x^10 * y^2 * z^6         = -3
Coefficient of   x^8 * y^5 * z^5         = -3
Coefficient of   x^6 * y^8 * z^4         = -1
Coefficient of   x^4 * y^11 * z^3         = -1
Coefficient of   x^2 * y^14 * z^2         = 0
Coefficient of   x^1 * z^13               = -1
Coefficient of   y^17 * z^1               = -1

Here is the polynomial we're using this time:

-3*x^21*y^1 + -3*x^10*y^2*z^6 + -3*x^8*y^5*z^5 + -1*x^6*y^8*z^4 + -1*x^4*y^11*z^3 + -1*x^1*z^13 + -1*y^17*z^1

Allocate M_len = 6400 elements.
Allocate M_len = 12800 elements.
Allocate G_len 320 elements and old = 160.
Allocate M_len = 25600 elements.
The final length of G is 186
[10, 2, 5, 0]  	391	6 
[21, 0, 0, 0]  	399	6  <--- 1
[8, 5, 5, 0]  	422	5 
[8, 8, 4, 0]  	460	7 
[6, 11, 4, 0]  	491	5 
[5, 0, 15, 0]  	560	6 
[19, 5, 4, 0]  	600	6 
[15, 11, 3, 0]  	631	9 
[19, 8, 3, 0]  	638	6 
[11, 0, 14, 0]  	643	9 
[13, 14, 3, 0]  	662	8 
[15, 14, 2, 0]  	669	9 
[9, 3, 14, 0]  	674	8 
[19, 11, 2, 0]  	676	8 
[11, 17, 3, 0]  	693	8 
[13, 17, 2, 0]  	700	8 
[7, 22, 2, 0]  	701	7 
[7, 6, 14, 0]  	705	7 
[18, 0, 12, 0]  	714	7 
[7, 8, 13, 0]  	720	8 
[9, 20, 3, 0]  	724	7 
[16, 17, 1, 0]  	726	7 
[10, 22, 1, 0]  	727	8 
[9, 23, 1, 0]  	731	7 
[6, 8, 14, 0]  	732	7 
[5, 25, 2, 0]  	732	7 
[6, 23, 3, 0]  	736	7 
[5, 9, 14, 0]  	736	7 
[13, 20, 1, 0]  	738	7 
[7, 25, 1, 0]  	739	7 
[6, 26, 1, 0]  	743	7 
[8, 26, 0, 0]  	750	7 
[5, 11, 13, 0]  	751	7 
[15, 19, 1, 0]  	753	6 
[4, 12, 13, 0]  	755	6 
[17, 19, 0, 0]  	760	6 
[5, 29, 0, 0]  	762	6 
[4, 26, 3, 0]  	767	6 
[5, 28, 1, 0]  	770	6 
[4, 14, 12, 0]  	770	6 
[20, 17, 0, 0]  	771	2 
[5, 24, 4, 0]  	771	6 
[5, 20, 7, 0]  	772	6 
[4, 29, 1, 0]  	774	6 
[13, 23, 0, 0]  	776	6 
[7, 28, 0, 0]  	777	6 
[5, 15, 11, 0]  	781	6 
[4, 28, 2, 0]  	782	6 
[3, 14, 13, 0]  	782	6 
[11, 25, 0, 0]  	784	6 
[3, 29, 2, 0]  	786	5 
[5, 18, 9, 0]  	788	6 
[4, 23, 6, 0]  	791	5 
[3, 32, 0, 0]  	793	5 
[5, 17, 10, 0]  	796	6 
[4, 18, 10, 0]  	800	5 
[3, 31, 1, 0]  	801	5 
[3, 0, 24, 0]  	801	5 
[2, 32, 1, 0]  	805	5 
[4, 25, 5, 0]  	806	6 
[4, 21, 8, 0]  	807	5 
[4, 1, 23, 0]  	812	5 
[4, 20, 9, 0]  	815	5 
[4, 4, 21, 0]  	819	5 
[3, 17, 12, 0]  	820	5 
[2, 18, 12, 0]  	824	4 
[4, 7, 19, 0]  	826	5 
[4, 3, 22, 0]  	827	5 
[3, 12, 16, 0]  	829	5 
[3, 4, 22, 0]  	831	4 
[4, 10, 17, 0]  	833	5 
[4, 6, 20, 0]  	834	5 
[3, 11, 17, 0]  	837	5 
[3, 7, 20, 0]  	838	4 
[3, 3, 23, 0]  	839	4 
[4, 9, 18, 0]  	841	5 
[2, 35, 0, 0]  	843	4 
[3, 10, 18, 0]  	845	4 
[3, 6, 21, 0]  	846	4 
[3, 21, 10, 0]  	850	4 
[3, 9, 19, 0]  	853	4 
[3, 28, 5, 0]  	856	5 
[3, 24, 8, 0]  	857	4 
[3, 20, 11, 0]  	858	4 
[2, 29, 5, 0]  	860	4 
[2, 21, 11, 0]  	862	3 
[3, 27, 6, 0]  	864	4 
[3, 23, 9, 0]  	865	4 
[2, 28, 6, 0]  	868	4 
[2, 24, 9, 0]  	869	3 
[2, 4, 24, 0]  	874	4 
[2, 31, 4, 0]  	875	5 
[2, 27, 7, 0]  	876	3 
[2, 23, 10, 0]  	877	3 
[2, 15, 16, 0]  	879	4 
[2, 7, 22, 0]  	881	3 
[2, 26, 8, 0]  	884	3 
[2, 14, 17, 0]  	887	4 
[2, 10, 20, 0]  	888	3 
[1, 15, 17, 0]  	891	3 
[1, 38, 0, 0]  	893	3 
[2, 13, 18, 0]  	895	3 
[2, 9, 21, 0]  	896	3 
[2, 1, 27, 0]  	898	4 
[1, 14, 18, 0]  	899	3 
[1, 10, 21, 0]  	900	2 
[2, 12, 19, 0]  	903	3 
[2, 0, 28, 0]  	906	4 
[1, 13, 19, 0]  	907	2 
[1, 12, 20, 0]  	915	2 
[1, 31, 6, 0]  	918	3 
[1, 27, 9, 0]  	919	2 
[0, 32, 6, 0]  	922	2 
[1, 30, 7, 0]  	926	2 
[1, 18, 16, 0]  	929	3 
[0, 31, 7, 0]  	930	2 
[1, 29, 8, 0]  	934	2 
[0, 30, 8, 0]  	938	1 
[1, 1, 29, 0]  	941	2 
[1, 24, 12, 0]  	943	3 
[1, 35, 4, 0]  	948	3 
[1, 0, 30, 0]  	949	2 
[0, 1, 30, 0]  	953	1 
[0, 16, 19, 0]  	957	1 
[0, 35, 5, 0]  	960	2 
[0, 0, 31, 0]  	961	1  <--- 3
[1, 21, 15, 0]  	967	3 
[0, 18, 18, 0]  	972	1 
[1, 4, 28, 0]  	979	2 
[0, 4, 29, 0]  	991	1 
[0, 38, 4, 0]  	998	2 
[0, 21, 17, 0]  	1010	1 
[0, 44, 0, 0]  	1012	2  <--- 2
[1, 7, 27, 0]  	1017	2 
[0, 7, 28, 0]  	1029	1 
[0, 41, 3, 0]  	1036	2 
[0, 24, 16, 0]  	1048	1 
[0, 10, 27, 0]  	1067	1 
[0, 27, 15, 0]  	1086	1 
[0, 13, 26, 0]  	1105	1 
[20, 1, 0, 1]  	403	6 
[6, 14, 3, 1]  	529	7 
[18, 5, 4, 1]  	581	10 
[14, 11, 3, 1]  	612	10 
[18, 8, 3, 1]  	619	10 
[14, 14, 2, 1]  	650	10 
[18, 11, 2, 1]  	657	9 
[12, 17, 2, 1]  	681	9 
[10, 19, 2, 1]  	689	9 
[9, 20, 2, 1]  	693	7 
[17, 0, 12, 1]  	695	8 
[16, 0, 13, 1]  	707	7 
[8, 23, 1, 1]  	712	8 
[12, 20, 1, 1]  	719	8 
[6, 9, 13, 1]  	724	6 
[14, 19, 1, 1]  	734	7 
[16, 19, 0, 1]  	741	7 
[12, 23, 0, 1]  	757	7 
[6, 28, 0, 1]  	758	7 
[4, 11, 14, 1]  	763	6 
[10, 25, 0, 1]  	765	7 
[19, 18, 0, 1]  	775	7 
[4, 31, 0, 1]  	789	6 
[4, 17, 11, 1]  	808	5 
[3, 26, 7, 1]  	872	4 
[15, 0, 13, 2]  	688	8 
[1, 32, 5, 2]  	910	3 
[7, 9, 12, 23]  	712	7 
[5, 8, 14, 23]  	713	7 
[1, 1, 28, 23]  	910	2 
[9, 2, 6, 24]  	403	5 
[7, 8, 5, 24]  	472	6 
[5, 0, 14, 24]  	529	5 
[5, 14, 4, 24]  	541	5 
[7, 5, 13, 24]  	651	5 
[7, 22, 1, 24]  	670	4 
[6, 22, 2, 24]  	682	6 
[14, 17, 1, 24]  	688	7 
[5, 25, 1, 24]  	701	5 
[7, 26, 0, 24]  	731	5 
[4, 25, 3, 24]  	744	6 
[3, 28, 2, 24]  	763	5 
[4, 0, 23, 24]  	789	3 
[3, 3, 22, 24]  	808	4 
[4, 9, 17, 24]  	810	4 
[2, 12, 18, 24]  	872	3 
------
The gap is between 3 and 22.
Lengths: 3 3 5 5 3 3.
For 982 = 5*d/2-d1-d2-d3 you get 3 in char 0.
1*x^1*y^23*z^14
1*y^40*z^2
1*y^9*z^25

For 560 = 3*d/2-d1-d2-d3 you get 5 in char 0.
1*x^4*y^17*z^3
1*x^3*y^3*z^14
1*x^2*y^20*z^2
1*x^1*y^6*z^13
1*y^23*z^1

For 138 = d/2-d1-d2-d3 you get 3 in char 0.
1*x^4*z^2
1*x^2*y^3*z^1
1*y^6

Extra powers of p used 0.
The invariant extra is equal to 1.
Start computing 7^3 Delta^1 (x1x2x3)^6... Done.
Start computing 7^4 Delta^2 (x1x2x3)^6... Done.
Start computing 7^5 Delta^3 (x1x2x3)^6... Done.
Start computing 7^6 Delta^4 (x1x2x3)^6... Done.
Start computing 7^7 Delta^5 (x1x2x3)^6... Done.
Start computing 7^8 Delta^6 (x1x2x3)^6... Done.
Start computing aa.
1 2 3 4 5 6 7 8 9 10 11 
*/
A = \
[187662921049540785529,77280679744089447605,130847395722361939324,111316819894597365657,54607302641676043560,133091481655257669768,48362703740584090095,21639407557046848051,35412094641622069014,67346635467287669948,38196378098470575774;\
152683855271143450172,17938356760012657744,81132584201117392017,58955675944080551692,31721944536297033599,75180047064932134101,89982615762785225683,17558918841980863921,183320116884377804583,2268232515348649829,13066507173485535707;\
67465688306952857400,22334839708918168885,112998517653752310994,26269616247988003506,156149437396786591002,176607011860311882563,33627164181482159519,89796596828575566545,167937983360183315118,120446802804391814471,50626289186982553639;\
39879743281188859081,112425218673737589514,160698579087926749079,14906626348489145858,47669639948034442576,8561174625248730555,23263921351847868629,2148604896229266426,123138337497990130155,12060645017264487266,130733971974421278932;\
129624346866783240755,122674566120392369442,124121928364452732181,101696616719495635187,4055297472620460549,105133790250520581795,131277998042395659252,104727913043056517865,56870388486443788130,50076977682967062688,99846819198180565182;\
157636655180299070399,17244118222390763246,110637634004101083385,168815754015694168250,163030793326035489988,133580266270858055432,100625887177868866639,106494704690172352379,140392804490101594298,45053831506602749376,152382809729118997966;\
68027831530909039473,43830759517618570076,147393922049087177136,24113613700781445582,55637258338782454432,108081889018257092302,114272732872821177606,171969984097347594872,97476076984668615723,87539259355446636101,103184280499542117337;\
97659171523094524684,109781820653629220843,141701769132767734789,47445791489173039151,91502704047224081626,185889370117944804143,138974594878617025563,72147391575178597496,94112735639867573839,37118798649405720807,43754749267296589564;\
173861424378831639562,104438337216843333888,154967043776135586085,25226367629304446759,52612073543786642459,76868727644031233008,181322693343441538224,190321560632288323798,105762315737100942920,84044703940393305473,75501084964707833494;\
189378501807435768948,106683985782322013100,8981600728169830789,136315833666938520462,74352653860286858973,142106545287134798307,138974491238388176889,116672239949969117568,128975934633553026019,92709723318140606734,127811965624068294863;\
94667851197737830656,106475279544095830820,3169153604682714854,4116025579715698705,54906414710629319474,83697549549624217263,157016541336269516104,106554099418835564587,89745524668664417763,26813337838762524392,9908177123929537495]
/* 
This should be the matrix of frobenius!
*/ 
B = A; 
/* Freed 53 lists. */
