/* Comments begin... 
Coefficient of   x^21 * y^1               = 0
Coefficient of   x^10 * y^2 * z^6         = 3
Coefficient of   x^8 * y^5 * z^5         = 0
Coefficient of   x^6 * y^8 * z^4         = -2
Coefficient of   x^4 * y^11 * z^3         = 0
Coefficient of   x^2 * y^14 * z^2         = 3
Coefficient of   x^1 * z^13               = 1
Coefficient of   y^17 * z^1               = 0

Here is the polynomial we're using this time:

3*x^10*y^2*z^6 + -2*x^6*y^8*z^4 + 3*x^2*y^14*z^2 + 1*x^1*z^13

Allocate G_len 20 elements and old = 0.
Allocate M_len = 400 elements.
Allocate G_len 40 elements and old = 20.
Not smooth!
Coefficient of   x^21 * y^1               = 3
Coefficient of   x^10 * y^2 * z^6         = -3
Coefficient of   x^8 * y^5 * z^5         = -1
Coefficient of   x^6 * y^8 * z^4         = -3
Coefficient of   x^4 * y^11 * z^3         = 2
Coefficient of   x^2 * y^14 * z^2         = 1
Coefficient of   x^1 * z^13               = -1
Coefficient of   y^17 * z^1               = -3

Here is the polynomial we're using this time:

3*x^21*y^1 + -3*x^10*y^2*z^6 + -1*x^8*y^5*z^5 + -3*x^6*y^8*z^4 + 2*x^4*y^11*z^3 + 1*x^2*y^14*z^2 + -1*x^1*z^13 + -3*y^17*z^1

Allocate M_len = 800 elements.
Allocate G_len 80 elements and old = 40.
Allocate M_len = 1600 elements.
Allocate M_len = 3200 elements.
Allocate G_len 160 elements and old = 80.
Allocate M_len = 6400 elements.
Allocate M_len = 12800 elements.
Allocate G_len 320 elements and old = 160.
Allocate M_len = 25600 elements.
The final length of G is 200
[10, 2, 5, 0]  	391	7 
[21, 0, 0, 0]  	399	7  <--- 1
[8, 5, 5, 0]  	422	6 
[8, 8, 4, 0]  	460	7 
[6, 11, 4, 0]  	491	6 
[6, 14, 3, 0]  	529	7 
[5, 0, 15, 0]  	560	6 
[19, 5, 4, 0]  	600	7 
[15, 11, 3, 0]  	631	10 
[19, 8, 3, 0]  	638	7 
[12, 0, 14, 0]  	662	9 
[15, 14, 2, 0]  	669	9 
[9, 3, 14, 0]  	674	9 
[19, 11, 2, 0]  	676	9 
[13, 17, 2, 0]  	700	8 
[7, 22, 2, 0]  	701	8 
[7, 6, 14, 0]  	705	8 
[16, 0, 13, 0]  	707	8 
[11, 19, 2, 0]  	708	8 
[8, 23, 1, 0]  	712	8 
[19, 14, 1, 0]  	714	8 
[7, 8, 13, 0]  	720	8 
[6, 9, 13, 0]  	724	7 
[6, 8, 14, 0]  	732	8 
[5, 9, 14, 0]  	736	7 
[13, 20, 1, 0]  	738	7 
[7, 25, 1, 0]  	739	7 
[6, 26, 1, 0]  	743	7 
[17, 17, 1, 0]  	745	7 
[11, 22, 1, 0]  	746	7 
[6, 25, 2, 0]  	751	7 
[5, 11, 13, 0]  	751	7 
[20, 0, 12, 0]  	752	7 
[5, 26, 2, 0]  	755	6 
[4, 12, 13, 0]  	755	6 
[5, 29, 0, 0]  	762	6 
[5, 25, 3, 0]  	763	6 
[4, 11, 14, 0]  	763	6 
[4, 26, 3, 0]  	767	6 
[9, 26, 0, 0]  	769	6 
[5, 28, 1, 0]  	770	6 
[4, 14, 12, 0]  	770	6 
[20, 17, 0, 0]  	771	2 
[5, 24, 4, 0]  	771	6 
[14, 22, 0, 0]  	772	7 
[4, 29, 1, 0]  	774	6 
[13, 23, 0, 0]  	776	6 
[7, 28, 0, 0]  	777	6 
[5, 15, 11, 0]  	781	6 
[4, 28, 2, 0]  	782	7 
[17, 20, 0, 0]  	783	6 
[3, 29, 2, 0]  	786	5 
[5, 18, 9, 0]  	788	6 
[4, 31, 0, 0]  	789	6 
[3, 32, 0, 0]  	793	5 
[5, 21, 7, 0]  	795	6 
[5, 17, 10, 0]  	796	6 
[19, 19, 0, 0]  	798	6 
[4, 18, 10, 0]  	800	5 
[3, 31, 1, 0]  	801	5 
[3, 0, 24, 0]  	801	5 
[5, 20, 8, 0]  	803	6 
[3, 15, 13, 0]  	805	5 
[2, 32, 1, 0]  	805	5 
[4, 25, 5, 0]  	806	6 
[4, 21, 8, 0]  	807	5 
[5, 23, 6, 0]  	810	6 
[4, 1, 23, 0]  	812	5 
[4, 24, 6, 0]  	814	5 
[4, 20, 9, 0]  	815	5 
[4, 4, 21, 0]  	819	5 
[3, 17, 12, 0]  	820	5 
[4, 23, 7, 0]  	822	5 
[2, 18, 12, 0]  	824	4 
[4, 7, 19, 0]  	826	5 
[4, 3, 22, 0]  	827	5 
[3, 12, 16, 0]  	829	5 
[3, 4, 22, 0]  	831	4 
[4, 10, 17, 0]  	833	5 
[4, 6, 20, 0]  	834	5 
[3, 11, 17, 0]  	837	5 
[3, 7, 20, 0]  	838	4 
[3, 3, 23, 0]  	839	4 
[4, 9, 18, 0]  	841	5 
[2, 35, 0, 0]  	843	4 
[3, 10, 18, 0]  	845	4 
[3, 6, 21, 0]  	846	4 
[3, 21, 10, 0]  	850	4 
[3, 9, 19, 0]  	853	4 
[3, 28, 5, 0]  	856	5 
[3, 24, 8, 0]  	857	4 
[3, 20, 11, 0]  	858	4 
[2, 29, 5, 0]  	860	4 
[3, 27, 6, 0]  	864	4 
[3, 23, 9, 0]  	865	4 
[2, 24, 9, 0]  	869	3 
[2, 4, 24, 0]  	874	4 
[2, 31, 4, 0]  	875	5 
[2, 27, 7, 0]  	876	3 
[2, 15, 16, 0]  	879	4 
[2, 7, 22, 0]  	881	3 
[2, 26, 8, 0]  	884	3 
[2, 14, 17, 0]  	887	4 
[2, 10, 20, 0]  	888	3 
[1, 15, 17, 0]  	891	3 
[2, 13, 18, 0]  	895	3 
[2, 9, 21, 0]  	896	3 
[2, 1, 27, 0]  	898	4 
[1, 14, 18, 0]  	899	3 
[1, 10, 21, 0]  	900	2 
[2, 12, 19, 0]  	903	3 
[2, 0, 28, 0]  	906	4 
[1, 13, 19, 0]  	907	2 
[1, 32, 5, 0]  	910	3 
[1, 12, 20, 0]  	915	2 
[1, 31, 6, 0]  	918	3 
[1, 27, 9, 0]  	919	2 
[0, 32, 6, 0]  	922	2 
[1, 30, 7, 0]  	926	2 
[1, 18, 16, 0]  	929	3 
[0, 31, 7, 0]  	930	2 
[1, 29, 8, 0]  	934	2 
[0, 30, 8, 0]  	938	1 
[1, 24, 12, 0]  	943	3 
[1, 35, 4, 0]  	948	3 
[1, 0, 30, 0]  	949	2 
[0, 1, 30, 0]  	953	1 
[0, 16, 19, 0]  	957	1 
[0, 0, 31, 0]  	961	1  <--- 3
[1, 41, 0, 0]  	962	2 
[1, 21, 15, 0]  	967	3 
[0, 18, 18, 0]  	972	1 
[1, 4, 28, 0]  	979	2 
[0, 4, 29, 0]  	991	1 
[0, 38, 4, 0]  	998	2 
[0, 21, 17, 0]  	1010	1 
[0, 44, 0, 0]  	1012	2  <--- 2
[1, 7, 27, 0]  	1017	2 
[0, 7, 28, 0]  	1029	1 
[0, 41, 3, 0]  	1036	2 
[0, 24, 16, 0]  	1048	1 
[0, 10, 27, 0]  	1067	1 
[0, 27, 15, 0]  	1086	1 
[0, 13, 26, 0]  	1105	1 
[20, 1, 0, 1]  	403	7 
[18, 5, 4, 1]  	581	12 
[14, 11, 3, 1]  	612	11 
[18, 8, 3, 1]  	619	11 
[11, 0, 14, 1]  	643	10 
[14, 14, 2, 1]  	650	10 
[18, 11, 2, 1]  	657	10 
[12, 17, 2, 1]  	681	9 
[15, 0, 13, 1]  	688	9 
[10, 19, 2, 1]  	689	9 
[18, 14, 1, 1]  	695	9 
[12, 20, 1, 1]  	719	8 
[16, 17, 1, 1]  	726	8 
[10, 22, 1, 1]  	727	8 
[5, 25, 2, 1]  	732	7 
[19, 0, 12, 1]  	733	8 
[8, 26, 0, 1]  	750	7 
[15, 19, 1, 1]  	753	7 
[12, 23, 0, 1]  	757	7 
[6, 28, 0, 1]  	758	7 
[16, 20, 0, 1]  	764	7 
[19, 18, 0, 1]  	775	7 
[18, 19, 0, 1]  	779	7 
[11, 25, 0, 1]  	784	6 
[4, 17, 11, 1]  	808	5 
[2, 21, 11, 1]  	862	3 
[2, 28, 6, 1]  	868	4 
[3, 26, 7, 1]  	872	4 
[2, 23, 10, 1]  	877	3 
[1, 38, 0, 1]  	893	3 
[1, 1, 29, 1]  	941	2 
[0, 35, 5, 1]  	960	2 
[9, 20, 2, 2]  	693	8 
[14, 19, 1, 2]  	734	8 
[10, 25, 0, 2]  	765	7 
[3, 14, 13, 2]  	782	6 
[7, 23, 1, 23]  	693	7 
[5, 17, 9, 23]  	765	6 
[2, 31, 1, 23]  	782	5 
[9, 2, 6, 24]  	403	6 
[7, 8, 5, 24]  	472	5 
[5, 14, 4, 24]  	541	6 
[7, 5, 14, 24]  	682	7 
[5, 8, 14, 24]  	713	6 
[4, 11, 13, 24]  	732	6 
[12, 22, 0, 24]  	734	7 
[4, 25, 3, 24]  	744	5 
[4, 20, 8, 24]  	784	5 
[4, 6, 19, 24]  	803	5 
[3, 3, 22, 24]  	808	4 
[1, 7, 22, 24]  	862	2 
[1, 14, 17, 24]  	868	2 
[2, 12, 18, 24]  	872	3 
[1, 9, 21, 24]  	877	2 
[0, 18, 17, 24]  	941	1 
[0, 4, 28, 24]  	960	1 
------
The gap is between 3 and 22.
Lengths: 3 3 5 5 3 3.
For 982 = 5*d/2-d1-d2-d3 you get 3 in char 0.
1*x^1*y^23*z^14
1*y^40*z^2
1*y^9*z^25

For 560 = 3*d/2-d1-d2-d3 you get 5 in char 0.
1*x^4*y^17*z^3
1*x^3*y^3*z^14
1*x^2*y^20*z^2
1*x^1*y^6*z^13
1*y^23*z^1

For 138 = d/2-d1-d2-d3 you get 3 in char 0.
1*x^4*z^2
1*x^2*y^3*z^1
1*y^6

Extra powers of p used 0.
The invariant extra is equal to 1.
Start computing 7^3 Delta^1 (x1x2x3)^6... Done.
Start computing 7^4 Delta^2 (x1x2x3)^6... Done.
Start computing 7^5 Delta^3 (x1x2x3)^6... Done.
Start computing 7^6 Delta^4 (x1x2x3)^6... Done.
Start computing 7^7 Delta^5 (x1x2x3)^6... Done.
Start computing 7^8 Delta^6 (x1x2x3)^6... Done.
Start computing aa.
1 2 3 4 5 6 7 8 9 10 11 
*/
A = \
[172647048471494413321,62154826270589465325,49230641005717418234,142984534584729020834,74021922235328324649,66904309558894699003,32267720609581786861,144794448510232009489,11776397027200316280,122435316289049900941,160003834144879674866;\
123731063612934897304,21334181309342059800,93009024632069523951,169299658188564520729,113941609229167802432,158833097812433198609,138995170497043899479,63440818502077795114,48155436042197448286,34042265590527154541,106737854630037815093;\
2583082133815068849,36574822411926514453,108198188928574012015,113531712942537869959,71808724571153790794,121138027977486155034,91372739886457278949,108042211277380479890,61120484318126998513,113138475821855987720,143845108716171363893;\
96362143182913522594,171516878743383659493,155352748422939274925,146735894151285979477,72743322778283531745,186794668083857248023,103980157416776833507,72332671402709045993,79645270854969830262,103526488650399394664,79472010874986776249;\
34729325315974245314,175442838465574288779,156338466221193726653,175383150962256092170,138738768203221764627,6682882749809837732,29658145764534066542,107998769249203408093,180749666614443202731,75930805100940130733,160000110153828360283;\
83894105248520412765,112009716704549846069,87894421030977877454,44483381979525206641,144231163967245367943,135038963781897458983,20791529823868385127,15977027639470253783,102978287301245520220,171740370596216590056,31984039481287007261;\
48349618408071829413,125068521127365257327,6012566882502033062,3282939137379728099,7416085496363465453,83504633736487854604,7523265551708091668,137966237700043627308,191352393070495041819,2759310022612678675,38988065490497144448;\
89759907467284634007,160503610969371393667,131867389855711397485,100445091091919386337,115155775125375354958,127942869649860971160,48758612717230955028,71150960165334080437,151178072763791822308,186867925457260347237,71643470557049536831;\
87287814031322519765,170821468102835081316,149126074845859130154,173514861888126800076,138239946830934955762,40533371725100382163,139610863234556730212,60628347475793942698,97424772191556311530,153528426967016952858,180641301171781407909;\
11788795694202732214,12955285360128606833,43037217072000848469,71898928024029768746,189151887809550864499,65670446185495911522,88687628806663316143,166203025948899615921,120962798423274549980,116794149897964839209,21754044225455151498;\
85286312796411667055,179381195289398451594,97501095503768512531,139839549423320323969,178290561100581489518,113226262032787804824,161052747301543904366,134924651996457695981,145231994127100632605,151526479796970447596,97870651285221394104]
/* 
This should be the matrix of frobenius!
*/ 
B = A; 
/* Freed 54 lists. */
