/* Comments begin... 
Coefficient of   x^21 * y^1               = -3
Coefficient of   x^10 * y^2 * z^6         = -3
Coefficient of   x^8 * y^5 * z^5         = 2
Coefficient of   x^6 * y^8 * z^4         = -2
Coefficient of   x^4 * y^11 * z^3         = 0
Coefficient of   x^2 * y^14 * z^2         = 0
Coefficient of   x^1 * z^13               = -3
Coefficient of   y^17 * z^1               = -1

Here is the polynomial we're using this time:

-3*x^21*y^1 + -3*x^10*y^2*z^6 + 2*x^8*y^5*z^5 + -2*x^6*y^8*z^4 + -3*x^1*z^13 + -1*y^17*z^1

Allocate G_len 20 elements and old = 0.
Allocate M_len = 400 elements.
Allocate G_len 40 elements and old = 20.
Allocate M_len = 800 elements.
Allocate G_len 80 elements and old = 40.
Allocate M_len = 1600 elements.
Allocate M_len = 3200 elements.
Allocate G_len 160 elements and old = 80.
Allocate M_len = 6400 elements.
Allocate M_len = 12800 elements.
Allocate G_len 320 elements and old = 160.
Allocate M_len = 25600 elements.
The final length of G is 175
[10, 2, 5, 0]  	391	5 
[21, 0, 0, 0]  	399	5  <--- 1
[8, 5, 5, 0]  	422	4 
[8, 8, 4, 0]  	460	6 
[6, 11, 4, 0]  	491	4 
[6, 14, 3, 0]  	529	7 
[5, 0, 15, 0]  	560	6 
[19, 5, 4, 0]  	600	5 
[15, 11, 3, 0]  	631	7 
[19, 8, 3, 0]  	638	5 
[12, 0, 14, 0]  	662	6 
[14, 0, 13, 0]  	669	4 
[9, 3, 14, 0]  	674	7 
[16, 0, 12, 0]  	676	7 
[9, 20, 2, 0]  	693	6 
[13, 17, 2, 0]  	700	6 
[7, 22, 2, 0]  	701	7 
[7, 6, 14, 0]  	705	7 
[15, 17, 1, 0]  	707	4 
[11, 19, 2, 0]  	708	6 
[13, 19, 1, 0]  	715	6 
[7, 8, 13, 0]  	720	7 
[15, 19, 0, 0]  	722	6 
[6, 9, 13, 0]  	724	6 
[9, 23, 1, 0]  	731	6 
[6, 8, 14, 0]  	732	7 
[5, 25, 2, 0]  	732	7 
[5, 17, 8, 0]  	734	6 
[5, 9, 14, 0]  	736	7 
[6, 26, 1, 0]  	743	6 
[11, 22, 1, 0]  	746	6 
[5, 11, 13, 0]  	751	7 
[4, 12, 13, 0]  	755	6 
[6, 28, 0, 0]  	758	7 
[5, 29, 0, 0]  	762	5 
[4, 11, 14, 0]  	763	6 
[4, 26, 3, 0]  	767	6 
[9, 26, 0, 0]  	769	6 
[5, 28, 1, 0]  	770	5 
[4, 14, 12, 0]  	770	6 
[20, 17, 0, 0]  	771	2 
[5, 24, 4, 0]  	771	6 
[5, 15, 11, 0]  	781	6 
[4, 28, 2, 0]  	782	7 
[4, 31, 0, 0]  	789	6 
[4, 23, 6, 0]  	791	5 
[3, 1, 23, 0]  	793	4 
[4, 18, 10, 0]  	800	5 
[3, 31, 1, 0]  	801	6 
[4, 6, 19, 0]  	803	5 
[3, 15, 13, 0]  	805	5 
[2, 32, 1, 0]  	805	5 
[4, 25, 5, 0]  	806	6 
[4, 17, 11, 0]  	808	5 
[4, 4, 21, 0]  	819	5 
[3, 17, 12, 0]  	820	5 
[3, 9, 18, 0]  	822	4 
[2, 18, 12, 0]  	824	4 
[4, 3, 22, 0]  	827	5 
[3, 12, 16, 0]  	829	5 
[3, 4, 22, 0]  	831	4 
[4, 10, 17, 0]  	833	5 
[3, 11, 17, 0]  	837	5 
[4, 21, 9, 0]  	838	4 
[3, 7, 20, 0]  	838	4 
[3, 34, 0, 0]  	839	4 
[2, 35, 0, 0]  	843	4 
[3, 6, 21, 0]  	846	4 
[3, 21, 10, 0]  	850	4 
[4, 0, 25, 0]  	851	5 
[3, 28, 5, 0]  	856	5 
[3, 24, 8, 0]  	857	4 
[3, 20, 11, 0]  	858	4 
[2, 29, 5, 0]  	860	4 
[2, 21, 11, 0]  	862	3 
[3, 27, 6, 0]  	864	4 
[3, 23, 9, 0]  	865	4 
[2, 28, 6, 0]  	868	4 
[2, 24, 9, 0]  	869	3 
[3, 26, 7, 0]  	872	4 
[2, 31, 4, 0]  	875	5 
[2, 27, 7, 0]  	876	3 
[2, 23, 10, 0]  	877	3 
[2, 15, 16, 0]  	879	4 
[2, 7, 22, 0]  	881	3 
[2, 26, 8, 0]  	884	3 
[2, 14, 17, 0]  	887	4 
[2, 10, 20, 0]  	888	3 
[1, 15, 17, 0]  	891	3 
[1, 38, 0, 0]  	893	3 
[2, 13, 18, 0]  	895	3 
[2, 9, 21, 0]  	896	3 
[2, 1, 27, 0]  	898	4 
[1, 14, 18, 0]  	899	3 
[2, 12, 19, 0]  	903	3 
[2, 0, 28, 0]  	906	4 
[1, 13, 19, 0]  	907	2 
[1, 32, 5, 0]  	910	3 
[1, 27, 9, 0]  	919	2 
[0, 32, 6, 0]  	922	2 
[1, 18, 16, 0]  	929	3 
[1, 29, 8, 0]  	934	2 
[0, 30, 8, 0]  	938	1 
[1, 1, 29, 0]  	941	2 
[1, 24, 12, 0]  	943	3 
[1, 35, 4, 0]  	948	3 
[0, 1, 30, 0]  	953	1 
[0, 16, 19, 0]  	957	1 
[0, 35, 5, 0]  	960	2 
[0, 0, 31, 0]  	961	1  <--- 3
[1, 21, 15, 0]  	967	3 
[0, 18, 18, 0]  	972	1 
[1, 4, 28, 0]  	979	2 
[0, 4, 29, 0]  	991	1 
[0, 38, 4, 0]  	998	2 
[0, 21, 17, 0]  	1010	1 
[0, 44, 0, 0]  	1012	2  <--- 2
[1, 7, 27, 0]  	1017	2 
[0, 7, 28, 0]  	1029	1 
[0, 41, 3, 0]  	1036	2 
[0, 24, 16, 0]  	1048	1 
[0, 10, 27, 0]  	1067	1 
[0, 27, 15, 0]  	1086	1 
[0, 13, 26, 0]  	1105	1 
[20, 1, 0, 1]  	403	5 
[18, 5, 4, 1]  	581	8 
[14, 11, 3, 1]  	612	8 
[18, 8, 3, 1]  	619	8 
[11, 0, 14, 1]  	643	7 
[13, 0, 13, 1]  	650	7 
[15, 0, 12, 1]  	657	8 
[12, 17, 2, 1]  	681	7 
[14, 17, 1, 1]  	688	7 
[10, 19, 2, 1]  	689	7 
[12, 19, 1, 1]  	696	7 
[14, 19, 0, 1]  	703	7 
[8, 23, 1, 1]  	712	7 
[10, 22, 1, 1]  	727	7 
[7, 25, 1, 1]  	739	6 
[8, 26, 0, 1]  	750	7 
[4, 20, 7, 1]  	753	5 
[4, 29, 1, 1]  	774	6 
[19, 18, 0, 1]  	775	7 
[3, 14, 13, 1]  	782	6 
[3, 29, 2, 1]  	786	5 
[3, 0, 24, 1]  	801	5 
[2, 4, 24, 1]  	874	4 
[1, 10, 21, 1]  	900	2 
[1, 12, 20, 1]  	915	2 
[1, 31, 6, 1]  	918	3 
[0, 31, 7, 1]  	930	2 
[1, 0, 30, 1]  	949	2 
[1, 30, 7, 2]  	926	2 
[4, 6, 18, 23]  	772	5 
[0, 16, 18, 23]  	926	1 
[9, 2, 6, 24]  	403	4 
[7, 8, 5, 24]  	472	5 
[5, 14, 4, 24]  	541	5 
[7, 5, 14, 24]  	682	7 
[5, 8, 14, 24]  	713	4 
[5, 28, 0, 24]  	739	4 
[4, 25, 3, 24]  	744	6 
[3, 6, 18, 24]  	753	4 
[3, 15, 12, 24]  	774	5 
[2, 31, 1, 24]  	782	4 
[2, 15, 13, 24]  	786	4 
[2, 17, 12, 24]  	801	4 
[4, 9, 17, 24]  	810	5 
[2, 34, 0, 24]  	820	4 
[3, 26, 6, 24]  	841	3 
[1, 21, 12, 24]  	874	3 
[0, 27, 9, 24]  	900	1 
[0, 29, 8, 24]  	915	1 
[1, 0, 29, 24]  	918	2 
[0, 0, 30, 24]  	930	1 
------
The gap is between 3 and 22.
Lengths: 3 3 5 5 3 4.
For 982 = 5*d/2-d1-d2-d3 you get 3 in char 0.
1*x^1*y^23*z^14
1*y^40*z^2
1*y^9*z^25

For 560 = 3*d/2-d1-d2-d3 you get 5 in char 0.
1*x^4*y^17*z^3
1*x^3*y^3*z^14
1*x^2*y^20*z^2
1*x^1*y^6*z^13
1*y^23*z^1

For 138 = d/2-d1-d2-d3 you get 3 in char 0.
1*x^4*z^2
1*x^2*y^3*z^1
1*y^6

Extra powers of p used 1.
The invariant extra is equal to 1.
Start computing 7^3 Delta^1 (x1x2x3)^6... Done.
Start computing 7^4 Delta^2 (x1x2x3)^6... Done.
Start computing 7^5 Delta^3 (x1x2x3)^6... Done.
Start computing 7^6 Delta^4 (x1x2x3)^6... Done.
Start computing 7^7 Delta^5 (x1x2x3)^6... Done.
Start computing 7^8 Delta^6 (x1x2x3)^6... Done.
Start computing aa.
1 2 3 4 5 6 7 8 9 10 11 
*/
A = \
[91340470506619648720,91967334437089795690,100651311020063381997,50318689910304069478,31425635347958986043,15153175388245756197,12966045494711891225,26261852314688430132,11186530323049914308,40921830426882731186,166423309103460821958;\
105340094009967270587,161033039417271426322,94739695143290189399,115862499653619133401,145472816409585438263,105033736555542232221,5547803161039070071,172173364329302301854,141075535718738776589,148882622078874520123,157622607528228201940;\
87720915379405840245,55514774436226370768,177579866098964291241,160059579449702872359,13431898289534297125,175862304688480655546,3867486094953404742,92740289193310363878,153682453481540834928,121905679142629898495,73448022718191382835;\
140693563157366461781,42514050532865418330,132597751778526596469,109870897022270346606,63992595213721457129,141519880464198048337,125956709114554815742,140434870509336296859,111010696373509598330,158077326010419018560,165622901512718828927;\
178135022970975500024,58761852960768847551,29388331458276319386,62956359383806201579,120065774480144023314,116915412279636608414,13656423792158887537,96756376510390305520,28105167633462100111,106495807509128531837,47596615955288128491;\
137933263466242751437,168418131529397549120,11199910176034314041,26117061904600667714,169303901284354145638,24214366223779158770,25525211000210759719,112555814714328878760,51640458161310886812,100471309837717436233,36636019776503443702;\
46343103642740711422,66183183116667027673,18911862861906369743,80575614270921335300,116032450921503651472,171351535725765462046,85642126877070601327,20187344552627924392,163111778831925432502,160278304703103079906,2259133002146393828;\
18580087033982326146,145794989533950801808,191201727411046256080,141658234924400041736,154764156373184752513,37610186273480432052,97589470619682135437,105820803464576681453,180728541871250581117,71830644230859333106,43459168568917187555;\
152681015060804014344,43665187486336711279,153787275766276509999,3657509130762506761,57658827274759028339,150042311246177380744,39483583359718714769,53627776198896366894,16461423596418708222,28607376546884079714,166517502081331263716;\
93120745635106650692,19916347264871874097,122379320417473510217,117100085271368198790,124146966286390853680,105856464526460822160,127462691520722525779,75778123870493107105,56470561609977510947,168826843888633693910,71504761150588426332;\
179704215127126788161,139194548295861580450,132626816611201113220,65682023193765765710,124109432930002260482,86586974830096849206,176313567297685617849,181818051904096802425,80096614942844044426,44284724007366904012,124795812357169921548]
/* 
This matrix times 7^(-1) should be the matrix of frobenius.
*/ 
B = 7^(-1) * A; 
/* Freed 53 lists. */
