/* Comments begin... 
Coefficient of   x^21 * y^1               = 3
Coefficient of   x^10 * y^2 * z^6         = 2
Coefficient of   x^8 * y^5 * z^5         = -1
Coefficient of   x^6 * y^8 * z^4         = 0
Coefficient of   x^4 * y^11 * z^3         = -3
Coefficient of   x^2 * y^14 * z^2         = 2
Coefficient of   x^1 * z^13               = 3
Coefficient of   y^17 * z^1               = 3

Here is the polynomial we're using this time:

3*x^21*y^1 + 2*x^10*y^2*z^6 + -1*x^8*y^5*z^5 + -3*x^4*y^11*z^3 + 2*x^2*y^14*z^2 + 3*x^1*z^13 + 3*y^17*z^1

Allocate G_len 20 elements and old = 0.
Allocate M_len = 400 elements.
Allocate G_len 40 elements and old = 20.
Allocate M_len = 800 elements.
Allocate G_len 80 elements and old = 40.
Allocate M_len = 1600 elements.
Allocate M_len = 3200 elements.
Allocate G_len 160 elements and old = 80.
Allocate M_len = 6400 elements.
Allocate M_len = 12800 elements.
Allocate G_len 320 elements and old = 160.
Allocate M_len = 25600 elements.
The final length of G is 196
[10, 2, 5, 0]  	391	6 
[21, 0, 0, 0]  	399	6  <--- 1
[8, 5, 5, 0]  	422	5 
[8, 8, 4, 0]  	460	7 
[6, 11, 4, 0]  	491	6 
[6, 14, 3, 0]  	529	7 
[5, 0, 15, 0]  	560	6 
[19, 5, 4, 0]  	600	6 
[15, 11, 3, 0]  	631	5 
[17, 11, 2, 0]  	638	6 
[12, 0, 14, 0]  	662	8 
[15, 14, 2, 0]  	669	5 
[9, 3, 14, 0]  	674	9 
[9, 20, 2, 0]  	693	8 
[13, 17, 2, 0]  	700	8 
[7, 22, 2, 0]  	701	8 
[11, 19, 2, 0]  	708	8 
[19, 14, 1, 0]  	714	8 
[7, 8, 13, 0]  	720	8 
[16, 17, 1, 0]  	726	8 
[9, 23, 1, 0]  	731	7 
[6, 8, 14, 0]  	732	7 
[5, 25, 2, 0]  	732	7 
[5, 9, 14, 0]  	736	7 
[13, 20, 1, 0]  	738	7 
[7, 25, 1, 0]  	739	7 
[6, 26, 1, 0]  	743	7 
[18, 0, 13, 0]  	745	7 
[11, 22, 1, 0]  	746	7 
[5, 11, 13, 0]  	751	7 
[20, 0, 12, 0]  	752	7 
[15, 19, 1, 0]  	753	7 
[4, 12, 13, 0]  	755	6 
[5, 29, 0, 0]  	762	6 
[4, 11, 14, 0]  	763	6 
[4, 26, 3, 0]  	767	6 
[9, 26, 0, 0]  	769	6 
[5, 28, 1, 0]  	770	7 
[20, 17, 0, 0]  	771	2 
[4, 29, 1, 0]  	774	6 
[13, 23, 0, 0]  	776	6 
[7, 28, 0, 0]  	777	6 
[4, 28, 2, 0]  	782	6 
[3, 14, 13, 0]  	782	6 
[17, 20, 0, 0]  	783	6 
[11, 25, 0, 0]  	784	6 
[3, 29, 2, 0]  	786	5 
[15, 22, 0, 0]  	791	6 
[4, 15, 12, 0]  	793	6 
[19, 19, 0, 0]  	798	6 
[4, 18, 10, 0]  	800	5 
[3, 31, 1, 0]  	801	5 
[3, 0, 24, 0]  	801	5 
[2, 32, 1, 0]  	805	5 
[4, 25, 5, 0]  	806	6 
[4, 17, 11, 0]  	808	5 
[4, 1, 23, 0]  	812	5 
[4, 24, 6, 0]  	814	5 
[4, 20, 9, 0]  	815	5 
[4, 4, 21, 0]  	819	5 
[3, 17, 12, 0]  	820	5 
[2, 18, 12, 0]  	824	4 
[4, 7, 19, 0]  	826	5 
[4, 3, 22, 0]  	827	5 
[3, 12, 16, 0]  	829	5 
[4, 10, 17, 0]  	833	5 
[4, 6, 20, 0]  	834	5 
[3, 7, 20, 0]  	838	4 
[3, 34, 0, 0]  	839	4 
[3, 3, 23, 0]  	839	4 
[4, 9, 18, 0]  	841	5 
[2, 35, 0, 0]  	843	4 
[3, 6, 21, 0]  	846	4 
[3, 21, 10, 0]  	850	4 
[3, 9, 19, 0]  	853	4 
[3, 24, 8, 0]  	857	4 
[3, 20, 11, 0]  	858	4 
[2, 21, 11, 0]  	862	3 
[3, 27, 6, 0]  	864	4 
[3, 23, 9, 0]  	865	4 
[2, 28, 6, 0]  	868	4 
[2, 24, 9, 0]  	869	3 
[3, 26, 7, 0]  	872	4 
[2, 4, 24, 0]  	874	4 
[2, 31, 4, 0]  	875	5 
[2, 27, 7, 0]  	876	3 
[2, 23, 10, 0]  	877	3 
[2, 15, 16, 0]  	879	4 
[2, 7, 22, 0]  	881	3 
[2, 26, 8, 0]  	884	3 
[2, 14, 17, 0]  	887	4 
[2, 10, 20, 0]  	888	3 
[1, 15, 17, 0]  	891	3 
[1, 38, 0, 0]  	893	3 
[2, 13, 18, 0]  	895	3 
[2, 9, 21, 0]  	896	3 
[2, 1, 27, 0]  	898	4 
[1, 14, 18, 0]  	899	3 
[1, 10, 21, 0]  	900	2 
[2, 12, 19, 0]  	903	3 
[1, 13, 19, 0]  	907	2 
[1, 32, 5, 0]  	910	3 
[1, 12, 20, 0]  	915	2 
[1, 31, 6, 0]  	918	3 
[1, 27, 9, 0]  	919	2 
[0, 32, 6, 0]  	922	2 
[1, 30, 7, 0]  	926	2 
[1, 18, 16, 0]  	929	3 
[0, 31, 7, 0]  	930	2 
[1, 29, 8, 0]  	934	2 
[2, 0, 29, 0]  	937	3 
[0, 30, 8, 0]  	938	1 
[1, 1, 29, 0]  	941	2 
[1, 24, 12, 0]  	943	3 
[1, 0, 30, 0]  	949	2 
[0, 1, 30, 0]  	953	1 
[0, 16, 19, 0]  	957	1 
[0, 35, 5, 0]  	960	2 
[0, 0, 31, 0]  	961	1  <--- 3
[1, 21, 15, 0]  	967	3 
[0, 18, 18, 0]  	972	1 
[1, 4, 28, 0]  	979	2 
[0, 4, 29, 0]  	991	1 
[0, 38, 4, 0]  	998	2 
[0, 21, 17, 0]  	1010	1 
[0, 44, 0, 0]  	1012	2  <--- 2
[1, 7, 27, 0]  	1017	2 
[0, 7, 28, 0]  	1029	1 
[0, 41, 3, 0]  	1036	2 
[0, 24, 16, 0]  	1048	1 
[0, 10, 27, 0]  	1067	1 
[0, 27, 15, 0]  	1086	1 
[0, 13, 26, 0]  	1105	1 
[20, 1, 0, 1]  	403	6 
[18, 5, 4, 1]  	581	10 
[14, 11, 3, 1]  	612	9 
[16, 11, 2, 1]  	619	10 
[11, 0, 14, 1]  	643	9 
[14, 14, 2, 1]  	650	9 
[12, 17, 2, 1]  	681	9 
[10, 19, 2, 1]  	689	9 
[18, 14, 1, 1]  	695	9 
[7, 6, 14, 1]  	705	8 
[16, 0, 13, 1]  	707	8 
[8, 23, 1, 1]  	712	8 
[12, 20, 1, 1]  	719	8 
[6, 9, 13, 1]  	724	7 
[10, 22, 1, 1]  	727	8 
[19, 0, 12, 1]  	733	8 
[14, 19, 1, 1]  	734	8 
[8, 26, 0, 1]  	750	7 
[12, 23, 0, 1]  	757	7 
[6, 28, 0, 1]  	758	7 
[16, 20, 0, 1]  	764	7 
[10, 25, 0, 1]  	765	7 
[4, 14, 12, 1]  	770	6 
[5, 24, 4, 1]  	771	6 
[14, 22, 0, 1]  	772	7 
[19, 18, 0, 1]  	775	7 
[18, 19, 0, 1]  	779	7 
[5, 15, 11, 1]  	781	6 
[5, 18, 9, 1]  	788	6 
[3, 32, 0, 1]  	793	5 
[5, 21, 7, 1]  	795	6 
[5, 17, 10, 1]  	796	6 
[5, 20, 8, 1]  	803	6 
[5, 23, 6, 1]  	810	6 
[4, 23, 7, 1]  	822	5 
[3, 4, 22, 1]  	831	4 
[3, 11, 17, 1]  	837	5 
[3, 10, 18, 1]  	845	4 
[3, 28, 5, 1]  	856	5 
[2, 29, 5, 1]  	860	4 
[2, 0, 28, 1]  	906	4 
[1, 35, 4, 1]  	948	3 
[15, 0, 13, 2]  	688	9 
[4, 31, 0, 2]  	789	6 
[4, 21, 8, 2]  	807	5 
[4, 0, 23, 23]  	789	4 
[3, 7, 19, 23]  	807	4 
[9, 2, 6, 24]  	403	5 
[7, 8, 5, 24]  	472	6 
[4, 0, 15, 24]  	541	5 
[6, 22, 2, 24]  	682	7 
[14, 17, 1, 24]  	688	8 
[5, 8, 14, 24]  	713	7 
[5, 26, 1, 24]  	724	6 
[4, 25, 3, 24]  	744	6 
[3, 0, 23, 24]  	770	3 
[3, 17, 11, 24]  	789	4 
[2, 26, 6, 24]  	822	3 
[3, 24, 7, 24]  	826	4 
[2, 21, 10, 24]  	831	2 
[1, 14, 16, 24]  	837	3 
[2, 12, 18, 24]  	872	3 
[1, 4, 27, 24]  	948	2 
------
The gap is between 3 and 22.
Lengths: 3 3 5 5 3 3.
For 982 = 5*d/2-d1-d2-d3 you get 3 in char 0.
1*x^1*y^23*z^14
1*y^40*z^2
1*y^9*z^25

For 560 = 3*d/2-d1-d2-d3 you get 5 in char 0.
1*x^4*y^17*z^3
1*x^3*y^3*z^14
1*x^2*y^20*z^2
1*x^1*y^6*z^13
1*y^23*z^1

For 138 = d/2-d1-d2-d3 you get 3 in char 0.
1*x^4*z^2
1*x^2*y^3*z^1
1*y^6

Extra powers of p used 0.
The invariant extra is equal to 1.
Start computing 7^3 Delta^1 (x1x2x3)^6... Done.
Start computing 7^4 Delta^2 (x1x2x3)^6... Done.
Start computing 7^5 Delta^3 (x1x2x3)^6... Done.
Start computing 7^6 Delta^4 (x1x2x3)^6... Done.
Start computing 7^7 Delta^5 (x1x2x3)^6... Done.
Start computing 7^8 Delta^6 (x1x2x3)^6... Done.
Start computing aa.
1 2 3 4 5 6 7 8 9 10 11 
*/
A = \
[144657243503952532698,60772576591635212526,103470248079917206802,158901127652813056245,87234739834208372679,30495824536993824666,189164577491189561695,6849537505954682329,42822000443003222679,94440019456446822921,3822298723441215353;\
150367595572838117385,144877938396906188191,161629025698539279183,11699419731383838153,127039936723345166563,163033843928918500482,88949541002871382925,12296477682677003095,159695608290273572951,67719461269065855284,170030200436956539001;\
163175008594281052288,136099215322619512614,174726493761407320969,91143488306401428576,119707786918740417292,160036733946302533411,138312688516256907058,838936397098937809,13587153804737839655,183281543287610058872,71820364581243974927;\
152470763733963196569,36331309502584156763,134040341438826400666,24453823315565988869,133520529688762333348,144474032484759006435,122778876627578060995,77686342210607770675,122454988294972722235,84038610318391678096,45843778395367992382;\
81572839938287798825,66175013817091309221,44630030614139867019,152064244628012852709,48892132911426764435,100330300416536082585,102066706189001092490,183975962270517416293,16997638878395373625,61980524900530663161,1651713933903770310;\
133880854274746548279,171246871954045261442,119043191221853332206,137150343978634591717,16486007603293486237,155787244163840192827,24273805302479409460,112142782265152512370,104243896071807247532,78699958381017999270,176006045371682537221;\
34917426628194107523,69051793516244309158,93187299919308106850,48245276964217456571,178668860194619497745,74747659140077214172,34951806737954741544,30047603400099169906,37283658515807424581,14538523735891754858,10828323334490548586;\
133291518942118189242,72582671252160319278,128460777763329154519,25747856492410948588,63854805087392777920,126162831918852788794,13282065455696484776,18548773865010257358,87711679490554371791,39137593377856510992,158462188733637610955;\
141614441244552268942,144930682618222775943,20174643625999961848,165956694352077445439,70266946769702619727,18752213543804962144,42828942598364060145,188194434897137273647,170615287906610989778,173706546948761581531,18506691628551624351;\
20107379332581589769,15690831589754972353,128887083238533399833,41728387718471454973,127549266154476973114,124348733399038856631,61306314459535084639,117998812631955132395,43534911772333721243,153504598068312033298,56059844643562947656;\
157115537432172069505,42801723607105953328,7738800482721621804,69668441551785236867,41780939326649349610,50541292456622732121,60440043439479508392,20943097966502927215,162669199895034107625,1379659779350483659,110293608967055125689]
/* 
This should be the matrix of frobenius!
*/ 
B = A; 
/* Freed 54 lists. */
