/* Comments begin... 
Coefficient of   x^21 * y^1               = -2
Coefficient of   x^10 * y^2 * z^6         = 3
Coefficient of   x^8 * y^5 * z^5         = 0
Coefficient of   x^6 * y^8 * z^4         = 0
Coefficient of   x^4 * y^11 * z^3         = 2
Coefficient of   x^2 * y^14 * z^2         = -3
Coefficient of   x^1 * z^13               = -3
Coefficient of   y^17 * z^1               = -1

Here is the polynomial we're using this time:

-2*x^21*y^1 + 3*x^10*y^2*z^6 + 2*x^4*y^11*z^3 + -3*x^2*y^14*z^2 + -3*x^1*z^13 + -1*y^17*z^1

Allocate G_len 20 elements and old = 0.
Allocate M_len = 400 elements.
Allocate G_len 40 elements and old = 20.
Allocate M_len = 800 elements.
Allocate G_len 80 elements and old = 40.
Allocate M_len = 1600 elements.
Allocate M_len = 3200 elements.
Allocate G_len 160 elements and old = 80.
Allocate M_len = 6400 elements.
Allocate M_len = 12800 elements.
Allocate G_len 320 elements and old = 160.
Allocate M_len = 25600 elements.
The final length of G is 184
[10, 2, 5, 0]  	391	5 
[21, 0, 0, 0]  	399	5  <--- 1
[4, 11, 3, 0]  	422	4 
[7, 0, 15, 0]  	598	7 
[15, 11, 2, 0]  	600	5 
[13, 14, 2, 0]  	631	4 
[9, 3, 14, 0]  	674	9 
[9, 20, 2, 0]  	693	8 
[8, 5, 14, 0]  	701	8 
[7, 6, 14, 0]  	705	8 
[11, 19, 2, 0]  	708	6 
[9, 6, 13, 0]  	712	8 
[19, 14, 1, 0]  	714	8 
[13, 19, 1, 0]  	715	7 
[7, 23, 2, 0]  	724	7 
[16, 17, 1, 0]  	726	8 
[9, 23, 1, 0]  	731	7 
[6, 8, 14, 0]  	732	7 
[5, 9, 14, 0]  	736	7 
[8, 8, 13, 0]  	739	7 
[7, 9, 13, 0]  	743	7 
[18, 0, 13, 0]  	745	7 
[11, 22, 1, 0]  	746	6 
[9, 9, 12, 0]  	750	7 
[20, 0, 12, 0]  	752	7 
[5, 26, 2, 0]  	755	6 
[12, 23, 0, 0]  	757	7 
[7, 26, 1, 0]  	762	6 
[5, 28, 1, 0]  	770	6 
[20, 17, 0, 0]  	771	2 
[6, 7, 16, 0]  	771	6 
[4, 29, 1, 0]  	774	6 
[7, 28, 0, 0]  	777	6 
[6, 29, 0, 0]  	781	6 
[4, 28, 2, 0]  	782	4 
[3, 14, 13, 0]  	782	6 
[17, 20, 0, 0]  	783	6 
[11, 25, 0, 0]  	784	6 
[3, 29, 2, 0]  	786	5 
[6, 1, 21, 0]  	788	6 
[4, 31, 0, 0]  	789	6 
[15, 22, 0, 0]  	791	6 
[3, 32, 0, 0]  	793	5 
[6, 4, 19, 0]  	795	6 
[6, 0, 22, 0]  	796	6 
[19, 19, 0, 0]  	798	6 
[5, 1, 22, 0]  	800	5 
[3, 31, 1, 0]  	801	5 
[3, 0, 24, 0]  	801	5 
[6, 3, 20, 0]  	803	6 
[2, 32, 1, 0]  	805	5 
[5, 8, 17, 0]  	806	6 
[5, 0, 23, 0]  	808	5 
[6, 6, 18, 0]  	810	6 
[4, 1, 23, 0]  	812	5 
[5, 7, 18, 0]  	814	5 
[5, 3, 21, 0]  	815	5 
[3, 17, 12, 0]  	820	5 
[2, 18, 12, 0]  	824	4 
[4, 7, 19, 0]  	826	5 
[4, 3, 22, 0]  	827	5 
[3, 4, 22, 0]  	831	4 
[4, 10, 17, 0]  	833	5 
[3, 11, 17, 0]  	837	5 
[3, 7, 20, 0]  	838	4 
[3, 3, 23, 0]  	839	4 
[4, 9, 18, 0]  	841	5 
[2, 35, 0, 0]  	843	4 
[3, 10, 18, 0]  	845	4 
[3, 6, 21, 0]  	846	4 
[3, 21, 10, 0]  	850	4 
[3, 9, 19, 0]  	853	4 
[3, 28, 5, 0]  	856	5 
[3, 24, 8, 0]  	857	4 
[3, 20, 11, 0]  	858	4 
[2, 29, 5, 0]  	860	4 
[2, 21, 11, 0]  	862	3 
[3, 27, 6, 0]  	864	4 
[3, 23, 9, 0]  	865	4 
[2, 28, 6, 0]  	868	4 
[3, 26, 7, 0]  	872	4 
[2, 4, 24, 0]  	874	4 
[2, 31, 4, 0]  	875	5 
[2, 27, 7, 0]  	876	3 
[2, 23, 10, 0]  	877	3 
[2, 15, 16, 0]  	879	4 
[2, 26, 8, 0]  	884	3 
[2, 14, 17, 0]  	887	4 
[1, 15, 17, 0]  	891	3 
[1, 38, 0, 0]  	893	3 
[2, 13, 18, 0]  	895	3 
[2, 1, 27, 0]  	898	4 
[1, 14, 18, 0]  	899	3 
[2, 0, 28, 0]  	906	4 
[1, 13, 19, 0]  	907	2 
[1, 32, 5, 0]  	910	3 
[1, 31, 6, 0]  	918	3 
[1, 27, 9, 0]  	919	2 
[0, 32, 6, 0]  	922	2 
[1, 30, 7, 0]  	926	2 
[1, 18, 16, 0]  	929	3 
[0, 31, 7, 0]  	930	2 
[1, 29, 8, 0]  	934	2 
[0, 30, 8, 0]  	938	1 
[1, 1, 29, 0]  	941	2 
[1, 24, 12, 0]  	943	3 
[1, 35, 4, 0]  	948	3 
[1, 0, 30, 0]  	949	2 
[0, 1, 30, 0]  	953	1 
[0, 16, 19, 0]  	957	1 
[0, 35, 5, 0]  	960	2 
[0, 0, 31, 0]  	961	1  <--- 3
[1, 21, 15, 0]  	967	3 
[0, 18, 18, 0]  	972	1 
[1, 4, 28, 0]  	979	2 
[0, 4, 29, 0]  	991	1 
[0, 38, 4, 0]  	998	2 
[0, 21, 17, 0]  	1010	1 
[1, 7, 27, 0]  	1017	2 
[0, 7, 28, 0]  	1029	1 
[0, 41, 3, 0]  	1036	2 
[0, 24, 16, 0]  	1048	1 
[0, 10, 27, 0]  	1067	1 
[0, 47, 0, 0]  	1081	1  <--- 2
[0, 27, 15, 0]  	1086	1 
[0, 13, 26, 0]  	1105	1 
[20, 1, 0, 1]  	403	5 
[14, 11, 2, 1]  	581	8 
[12, 14, 2, 1]  	612	7 
[12, 0, 14, 1]  	662	6 
[14, 0, 13, 1]  	669	7 
[10, 19, 2, 1]  	689	7 
[18, 14, 1, 1]  	695	9 
[12, 19, 1, 1]  	696	8 
[8, 22, 2, 1]  	720	8 
[10, 22, 1, 1]  	727	7 
[19, 0, 12, 1]  	733	8 
[6, 25, 2, 1]  	751	7 
[8, 25, 1, 1]  	758	7 
[16, 20, 0, 1]  	764	7 
[10, 25, 0, 1]  	765	7 
[9, 26, 0, 1]  	769	6 
[14, 22, 0, 1]  	772	7 
[19, 18, 0, 1]  	775	7 
[18, 19, 0, 1]  	779	7 
[4, 4, 21, 1]  	819	5 
[5, 6, 19, 1]  	822	5 
[3, 12, 16, 1]  	829	5 
[2, 24, 9, 1]  	869	3 
[2, 7, 22, 1]  	881	3 
[2, 10, 20, 1]  	888	3 
[2, 9, 21, 1]  	896	3 
[1, 10, 21, 1]  	900	2 
[2, 12, 19, 1]  	903	3 
[1, 12, 20, 1]  	915	2 
[0, 44, 0, 1]  	1012	2 
[11, 0, 14, 2]  	643	7 
[13, 0, 13, 2]  	650	8 
[4, 6, 20, 2]  	834	5 
[5, 4, 20, 3]  	807	5 
[3, 7, 19, 22]  	807	4 
[3, 23, 8, 23]  	834	4 
[9, 2, 6, 24]  	403	4 
[6, 0, 16, 24]  	610	6 
[10, 17, 2, 24]  	643	6 
[12, 17, 1, 24]  	650	7 
[10, 20, 1, 24]  	681	6 
[7, 5, 14, 24]  	682	6 
[5, 8, 14, 24]  	713	5 
[10, 23, 0, 24]  	719	7 
[7, 8, 13, 24]  	720	6 
[4, 28, 1, 24]  	751	6 
[6, 28, 0, 24]  	758	5 
[5, 1, 21, 24]  	769	5 
[3, 21, 8, 24]  	788	4 
[3, 9, 18, 24]  	822	4 
[2, 29, 4, 24]  	829	4 
[2, 26, 7, 24]  	853	3 
[0, 27, 8, 24]  	869	1 
[1, 24, 10, 24]  	881	2 
[1, 26, 9, 24]  	896	2 
[1, 29, 7, 24]  	903	2 
[0, 13, 20, 24]  	919	1 
[0, 15, 19, 24]  	934	1 
------
The gap is between 4 and 21.
Lengths: 3 3 5 5 3 3.
For 982 = 5*d/2-d1-d2-d3 you get 3 in char 0.
1*x^1*y^23*z^14
1*y^40*z^2
1*y^9*z^25

For 560 = 3*d/2-d1-d2-d3 you get 5 in char 0.
1*x^5*z^15
1*x^3*y^3*z^14
1*x^2*y^20*z^2
1*x^1*y^6*z^13
1*y^23*z^1

For 138 = d/2-d1-d2-d3 you get 3 in char 0.
1*x^4*z^2
1*x^2*y^3*z^1
1*y^6

Extra powers of p used 0.
The invariant extra is equal to 1.
Start computing 7^3 Delta^1 (x1x2x3)^6... Done.
Start computing 7^4 Delta^2 (x1x2x3)^6... Done.
Start computing 7^5 Delta^3 (x1x2x3)^6... Done.
Start computing 7^6 Delta^4 (x1x2x3)^6... Done.
Start computing 7^7 Delta^5 (x1x2x3)^6... Done.
Start computing 7^8 Delta^6 (x1x2x3)^6... Done.
Start computing aa.
1 2 3 4 5 6 7 8 9 10 11 
*/
A = \
[148201610326610466759,37632779166158160171,108701411444192084189,37410399816366628737,171568122410060437845,86945057161653159623,153749826120483367978,186451314298908588874,27985391026510388002,162750174955194415281,175756538139741671021;\
176641396052326984607,145109571052950219348,186365786062578400916,5112634798195938951,5574541242470785116,16321656465003242675,148646324134130736823,109261887424642262555,100944948088712447503,7536194765602146735,167235121287811076031;\
80593275437733096002,39729564697771437337,182275856048174476972,81222441452997320609,136243933374806171621,163316243029643175556,52369261959083893943,126744952970327714631,175883180635491426279,56850316718886133373,25509833970070708328;\
17082669480613060348,47667795620917796068,123409286931527044535,99383211167304863155,130128418858065627923,41950191939522878256,136975870498252492462,7950070378931205091,140863176973066111410,158116677656777972195,3563545891051060670;\
97259840032860690981,147254383732432464779,150085315447394563896,136898655523300106555,162798563495355086418,61953634395756276250,139092403250946712714,172015309271311490782,108401811861971064885,88282004254797658522,29936444856139507868;\
69455358775447706275,49606464429206868081,156706022675574413559,77641298564372975117,79065335152769025823,96432559773890521559,179455984668471693273,116007249609033383363,134095198869295121661,59357699510020180087,9158449548105563335;\
95027074086715854746,131140466325182391168,154583927800827056456,182948212929826151801,69028030360603361103,67632184317928302709,27862952376381304539,99555028723460976162,133423047874832695525,72646501335701512142,97262629676893129883;\
73686047298281068895,23088073822375839191,50334437077304310686,98447454667223699737,150891724116036428322,189850976100660878458,184085510368745228327,152917659198054669331,89759710337646365828,67398209794206876557,137033962916429111617;\
83126201578853452212,25408945183791183027,20869054405349679356,10948142181346184346,2097479479377482767,19495666026775529801,21009048981112362758,32046549443829335597,41242671916874826328,168634614367872664501,3260482593452183904;\
49019078542389513521,23648336154435075570,62339243163166842366,97971095551511012488,73254626515810665597,158319474379994168570,191389380948338297410,64470543595453638965,5019223201972699972,6471692366140547910,124819456924808780197;\
144325712005310514625,54350149553815288541,66602040634411290570,116227527693520704391,43400967885983406832,173053549520014281853,91610784486194004339,28922990698055327937,22976457961661400126,180943045248924261772,3611359679294239502]
/* 
This should be the matrix of frobenius!
*/ 
B = A; 
/* Freed 54 lists. */
