/* Comments begin... 
Coefficient of   x^21 * y^1               = 1
Coefficient of   x^10 * y^2 * z^6         = -3
Coefficient of   x^8 * y^5 * z^5         = 1
Coefficient of   x^6 * y^8 * z^4         = 0
Coefficient of   x^4 * y^11 * z^3         = 0
Coefficient of   x^2 * y^14 * z^2         = 0
Coefficient of   x^1 * z^13               = -3
Coefficient of   y^17 * z^1               = 1

Here is the polynomial we're using this time:

1*x^21*y^1 + -3*x^10*y^2*z^6 + 1*x^8*y^5*z^5 + -3*x^1*z^13 + 1*y^17*z^1

Allocate G_len 20 elements and old = 0.
Allocate M_len = 400 elements.
Allocate G_len 40 elements and old = 20.
Allocate M_len = 800 elements.
Allocate G_len 80 elements and old = 40.
Allocate M_len = 1600 elements.
Allocate M_len = 3200 elements.
Allocate G_len 160 elements and old = 80.
Allocate M_len = 6400 elements.
The final length of G is 124
[10, 2, 5, 0]  	391	4 
[21, 0, 0, 0]  	399	4  <--- 1
[8, 5, 5, 0]  	422	3 
[8, 8, 4, 0]  	460	5 
[3, 0, 14, 0]  	491	4 
[19, 5, 4, 0]  	600	4 
[12, 0, 13, 0]  	631	3 
[14, 0, 12, 0]  	638	5 
[11, 17, 2, 0]  	662	4 
[13, 17, 1, 0]  	669	3 
[9, 19, 2, 0]  	670	3 
[11, 19, 1, 0]  	677	4 
[13, 19, 0, 0]  	684	5 
[7, 11, 10, 0]  	696	5 
[7, 22, 2, 0]  	701	5 
[8, 20, 3, 0]  	705	7 
[9, 22, 1, 0]  	708	4 
[4, 17, 8, 0]  	715	4 
[7, 8, 13, 0]  	720	5 
[6, 9, 13, 0]  	724	6 
[5, 25, 2, 0]  	732	7 
[7, 25, 1, 0]  	739	4 
[6, 26, 1, 0]  	743	6 
[5, 11, 13, 0]  	751	7 
[4, 12, 13, 0]  	755	6 
[6, 12, 12, 0]  	762	5 
[5, 28, 1, 0]  	770	6 
[20, 17, 0, 0]  	771	2 
[7, 21, 5, 0]  	771	4 
[4, 29, 1, 0]  	774	6 
[6, 29, 0, 0]  	781	5 
[4, 28, 2, 0]  	782	6 
[3, 14, 13, 0]  	782	4 
[5, 14, 12, 0]  	789	6 
[4, 15, 12, 0]  	793	5 
[2, 32, 1, 0]  	805	4 
[3, 18, 11, 0]  	812	4 
[4, 23, 7, 0]  	822	4 
[6, 23, 6, 0]  	829	4 
[4, 26, 5, 0]  	829	5 
[2, 21, 10, 0]  	831	3 
[5, 24, 6, 0]  	833	5 
[3, 23, 8, 0]  	834	4 
[4, 25, 6, 0]  	837	5 
[3, 34, 0, 0]  	839	4 
[2, 35, 0, 0]  	843	4 
[2, 26, 7, 0]  	853	3 
[3, 28, 5, 0]  	856	5 
[2, 29, 5, 0]  	860	4 
[3, 27, 6, 0]  	864	4 
[2, 28, 6, 0]  	868	4 
[2, 24, 9, 0]  	869	3 
[2, 4, 24, 0]  	874	4 
[2, 0, 27, 0]  	875	4 
[2, 7, 22, 0]  	881	3 
[2, 14, 17, 0]  	887	4 
[2, 10, 20, 0]  	888	3 
[1, 15, 17, 0]  	891	3 
[1, 38, 0, 0]  	893	3 
[2, 13, 18, 0]  	895	3 
[2, 9, 21, 0]  	896	3 
[1, 14, 18, 0]  	899	3 
[1, 10, 21, 0]  	900	2 
[2, 12, 19, 0]  	903	3 
[1, 13, 19, 0]  	907	2 
[1, 32, 5, 0]  	910	3 
[1, 12, 20, 0]  	915	2 
[1, 31, 6, 0]  	918	3 
[1, 27, 9, 0]  	919	2 
[0, 32, 6, 0]  	922	2 
[1, 30, 7, 0]  	926	2 
[1, 18, 16, 0]  	929	3 
[0, 31, 7, 0]  	930	2 
[1, 29, 8, 0]  	934	2 
[0, 30, 8, 0]  	938	1 
[1, 1, 29, 0]  	941	2 
[1, 35, 4, 0]  	948	3 
[1, 0, 30, 0]  	949	2 
[0, 1, 30, 0]  	953	1 
[0, 16, 19, 0]  	957	1 
[0, 35, 5, 0]  	960	2 
[0, 0, 31, 0]  	961	1  <--- 3
[1, 21, 15, 0]  	967	3 
[0, 18, 18, 0]  	972	1 
[1, 4, 28, 0]  	979	2 
[0, 4, 29, 0]  	991	1 
[0, 38, 4, 0]  	998	2 
[0, 21, 17, 0]  	1010	1 
[0, 44, 0, 0]  	1012	2  <--- 2
[1, 7, 27, 0]  	1017	2 
[0, 7, 28, 0]  	1029	1 
[0, 41, 3, 0]  	1036	2 
[0, 24, 16, 0]  	1048	1 
[0, 10, 27, 0]  	1067	1 
[0, 27, 15, 0]  	1086	1 
[0, 13, 26, 0]  	1105	1 
[20, 1, 0, 1]  	403	4 
[18, 5, 4, 1]  	581	6 
[11, 0, 13, 1]  	612	5 
[13, 0, 12, 1]  	619	6 
[10, 17, 2, 1]  	643	5 
[12, 17, 1, 1]  	650	5 
[10, 19, 1, 1]  	658	5 
[12, 19, 0, 1]  	665	6 
[8, 22, 1, 1]  	689	5 
[6, 23, 3, 1]  	736	7 
[19, 18, 0, 1]  	775	7 
[2, 15, 13, 1]  	786	4 
[2, 17, 12, 1]  	801	4 
[6, 22, 6, 1]  	806	6 
[1, 24, 12, 1]  	943	3 
[6, 20, 7, 2]  	791	5 
[5, 23, 6, 22]  	810	5 
[4, 23, 6, 23]  	791	4 
[9, 2, 6, 24]  	403	3 
[7, 8, 5, 24]  	472	4 
[8, 19, 2, 24]  	651	4 
[4, 25, 2, 24]  	713	6 
[3, 23, 6, 24]  	772	4 
[1, 32, 1, 24]  	786	3 
[1, 34, 0, 24]  	801	3 
[2, 28, 5, 24]  	837	4 
[2, 12, 18, 24]  	872	3 
[0, 41, 0, 24]  	943	2 
------
The gap is between 3 and 21.
Lengths: 3 3 5 5 3 3.
For 982 = 5*d/2-d1-d2-d3 you get 3 in char 0.
1*x^1*y^23*z^14
1*y^40*z^2
1*y^9*z^25

For 560 = 3*d/2-d1-d2-d3 you get 5 in char 0.
1*x^6*y^14*z^4
1*x^4*y^17*z^3
1*x^2*y^20*z^2
1*x^1*y^6*z^13
1*y^23*z^1

For 138 = d/2-d1-d2-d3 you get 3 in char 0.
1*x^4*z^2
1*x^2*y^3*z^1
1*y^6

Extra powers of p used 0.
The invariant extra is equal to 1.
Start computing 7^3 Delta^1 (x1x2x3)^6... Done.
Start computing 7^4 Delta^2 (x1x2x3)^6... Done.
Start computing 7^5 Delta^3 (x1x2x3)^6... Done.
Start computing 7^6 Delta^4 (x1x2x3)^6... Done.
Start computing 7^7 Delta^5 (x1x2x3)^6... Done.
Start computing 7^8 Delta^6 (x1x2x3)^6... Done.
Start computing aa.
1 2 3 4 5 6 7 8 9 10 11 
*/
A = \
[108349073824916706057,142778039798684818248,73637065576206920741,116131378983214982086,17764181304661013565,120207050219123294987,123991648016166899948,145503961235394926864,149160526270531848786,25784410184880602591,122678577203864778348;\
180160354207456115386,188618650594650754631,174100926714639149580,61796011544362524072,121501060696286726742,68918027697108695021,63703800584244152241,148481039963362029924,184861495836937096121,122865823569940688153,165763919974591260546;\
113256541817868565677,79081234300051435931,1510261540994887182,190329804187988710497,167411240797806836110,62720764778804844075,168826904806669282824,32337218799279049684,116634620638768858619,28104206540111065574,133269771077245568689;\
56356444695547071313,68236836347871169958,121375225405450368702,110068057390431095060,93992914210150059818,31031574961429034622,170935892484314148982,64862428990096167059,141245881951845691965,158023926391201744615,34210757037239886236;\
24198972773972843414,52776748746009111022,99294650586284323943,172081281370805113209,168758191171205066837,177806525473793568611,61485341538052739433,5284233049935039480,63988848948181871616,117041049340823863178,50518526272212575472;\
170471763925840403362,155269276352627500342,177921675122487528859,35259734475478922472,164718826574925728112,31899754801265822863,132600999004673087511,24982224915227380528,40439401588926594044,115961902297982364386,142806595641664552619;\
3151593469457092164,26312081716449970386,68571510516059378168,32364198312690565118,179579343818512271571,85394444924731544665,101035357734980245927,175836466008829956295,106473235065190764365,86242510031870520692,145662018668393216822;\
56723382586952046515,81803715743022963420,54563276798518282446,100700844784997616908,56255264516510325777,42536901024307202807,129418878172082758308,148454012098546960239,111078842284895382856,163314591345123764392,62377246468265695764;\
135251398761016497719,187085597999715573246,31685069172179657178,161623699624130724932,107348943809987449661,9736843818350920425,7423436575767125116,136957075723294439417,122398125996911029951,144973100378022334558,173533480604107734530;\
146446731699623782442,114527508574383079309,156966524023069521124,151158776359948517048,74790406573192472512,120848063886018402199,99972785788127428631,59669737532521487413,168246845083200637740,128637043580302717222,174790841729921528314;\
92441298773736777567,178297830001736473800,5663854089309036700,28521259351533534425,95861867139849601091,30408764504409445637,49131623557695489930,96907282760443021223,25569642812230910792,104346155144323940288,6397029815914503738]
/* 
This should be the matrix of frobenius!
*/ 
B = A; 
/* Freed 50 lists. */
