/* Comments begin... 
Coefficient of   x^21 * y^1               = -3
Coefficient of   x^10 * y^2 * z^6         = -2
Coefficient of   x^8 * y^5 * z^5         = -1
Coefficient of   x^6 * y^8 * z^4         = -1
Coefficient of   x^4 * y^11 * z^3         = 3
Coefficient of   x^2 * y^14 * z^2         = 1
Coefficient of   x^1 * z^13               = 0
Coefficient of   y^17 * z^1               = 3

Here is the polynomial we're using this time:

-3*x^21*y^1 + -2*x^10*y^2*z^6 + -1*x^8*y^5*z^5 + -1*x^6*y^8*z^4 + 3*x^4*y^11*z^3 + 1*x^2*y^14*z^2 + 3*y^17*z^1

Allocate G_len 20 elements and old = 0.
Allocate M_len = 400 elements.
Allocate G_len 40 elements and old = 20.
Allocate M_len = 800 elements.
Allocate G_len 80 elements and old = 40.
Allocate M_len = 1600 elements.
Not smooth!
Coefficient of   x^21 * y^1               = 1
Coefficient of   x^10 * y^2 * z^6         = -1
Coefficient of   x^8 * y^5 * z^5         = -2
Coefficient of   x^6 * y^8 * z^4         = 2
Coefficient of   x^4 * y^11 * z^3         = 0
Coefficient of   x^2 * y^14 * z^2         = 2
Coefficient of   x^1 * z^13               = 2
Coefficient of   y^17 * z^1               = -1

Here is the polynomial we're using this time:

1*x^21*y^1 + -1*x^10*y^2*z^6 + -2*x^8*y^5*z^5 + 2*x^6*y^8*z^4 + 2*x^2*y^14*z^2 + 2*x^1*z^13 + -1*y^17*z^1

Allocate M_len = 3200 elements.
Allocate G_len 160 elements and old = 80.
Allocate M_len = 6400 elements.
Allocate M_len = 12800 elements.
Allocate G_len 320 elements and old = 160.
Allocate M_len = 25600 elements.
The final length of G is 197
[10, 2, 5, 0]  	391	6 
[21, 0, 0, 0]  	399	6  <--- 1
[8, 5, 5, 0]  	422	5 
[8, 8, 4, 0]  	460	7 
[6, 11, 4, 0]  	491	6 
[6, 14, 3, 0]  	529	7 
[5, 0, 15, 0]  	560	6 
[19, 5, 4, 0]  	600	6 
[15, 11, 3, 0]  	631	9 
[19, 8, 3, 0]  	638	6 
[12, 0, 14, 0]  	662	8 
[15, 14, 2, 0]  	669	5 
[9, 3, 14, 0]  	674	8 
[17, 14, 1, 0]  	676	8 
[9, 20, 2, 0]  	693	7 
[13, 17, 2, 0]  	700	8 
[7, 22, 2, 0]  	701	8 
[7, 6, 14, 0]  	705	8 
[16, 0, 13, 0]  	707	7 
[11, 19, 2, 0]  	708	8 
[7, 8, 13, 0]  	720	8 
[6, 9, 13, 0]  	724	7 
[9, 23, 1, 0]  	731	7 
[6, 8, 14, 0]  	732	7 
[5, 25, 2, 0]  	732	7 
[5, 9, 14, 0]  	736	7 
[13, 20, 1, 0]  	738	7 
[7, 25, 1, 0]  	739	7 
[6, 26, 1, 0]  	743	7 
[11, 22, 1, 0]  	746	7 
[5, 11, 13, 0]  	751	7 
[20, 0, 12, 0]  	752	7 
[15, 19, 1, 0]  	753	6 
[5, 29, 0, 0]  	762	6 
[4, 11, 14, 0]  	763	6 
[4, 26, 3, 0]  	767	6 
[9, 26, 0, 0]  	769	6 
[5, 28, 1, 0]  	770	6 
[4, 14, 12, 0]  	770	6 
[20, 17, 0, 0]  	771	2 
[5, 24, 4, 0]  	771	6 
[4, 29, 1, 0]  	774	6 
[13, 23, 0, 0]  	776	6 
[5, 15, 11, 0]  	781	6 
[4, 28, 2, 0]  	782	7 
[17, 20, 0, 0]  	783	6 
[11, 25, 0, 0]  	784	6 
[3, 29, 2, 0]  	786	5 
[5, 18, 9, 0]  	788	6 
[4, 31, 0, 0]  	789	6 
[15, 22, 0, 0]  	791	6 
[3, 32, 0, 0]  	793	5 
[5, 21, 7, 0]  	795	6 
[5, 17, 10, 0]  	796	6 
[19, 19, 0, 0]  	798	6 
[4, 18, 10, 0]  	800	5 
[3, 31, 1, 0]  	801	5 
[3, 0, 24, 0]  	801	5 
[5, 20, 8, 0]  	803	6 
[3, 15, 13, 0]  	805	5 
[2, 32, 1, 0]  	805	5 
[4, 25, 5, 0]  	806	6 
[4, 21, 8, 0]  	807	5 
[4, 17, 11, 0]  	808	5 
[5, 23, 6, 0]  	810	6 
[4, 1, 23, 0]  	812	5 
[4, 24, 6, 0]  	814	5 
[4, 20, 9, 0]  	815	5 
[4, 4, 21, 0]  	819	5 
[3, 17, 12, 0]  	820	5 
[4, 23, 7, 0]  	822	5 
[2, 18, 12, 0]  	824	4 
[4, 7, 19, 0]  	826	5 
[4, 3, 22, 0]  	827	5 
[3, 4, 22, 0]  	831	4 
[4, 10, 17, 0]  	833	5 
[3, 11, 17, 0]  	837	5 
[3, 7, 20, 0]  	838	4 
[3, 3, 23, 0]  	839	4 
[4, 9, 18, 0]  	841	5 
[3, 10, 18, 0]  	845	4 
[3, 6, 21, 0]  	846	4 
[3, 21, 10, 0]  	850	4 
[3, 9, 19, 0]  	853	4 
[3, 24, 8, 0]  	857	4 
[2, 29, 5, 0]  	860	4 
[2, 21, 11, 0]  	862	3 
[3, 27, 6, 0]  	864	4 
[3, 23, 9, 0]  	865	4 
[2, 28, 6, 0]  	868	4 
[2, 24, 9, 0]  	869	3 
[3, 26, 7, 0]  	872	4 
[2, 27, 7, 0]  	876	3 
[2, 23, 10, 0]  	877	3 
[2, 26, 8, 0]  	884	3 
[2, 10, 20, 0]  	888	3 
[1, 15, 17, 0]  	891	3 
[1, 38, 0, 0]  	893	3 
[2, 13, 18, 0]  	895	3 
[2, 1, 27, 0]  	898	4 
[1, 14, 18, 0]  	899	3 
[1, 10, 21, 0]  	900	2 
[2, 12, 19, 0]  	903	3 
[2, 0, 28, 0]  	906	4 
[1, 13, 19, 0]  	907	2 
[1, 32, 5, 0]  	910	3 
[1, 12, 20, 0]  	915	2 
[1, 31, 6, 0]  	918	3 
[1, 27, 9, 0]  	919	2 
[1, 30, 7, 0]  	926	2 
[1, 18, 16, 0]  	929	3 
[0, 31, 7, 0]  	930	2 
[1, 29, 8, 0]  	934	2 
[0, 30, 8, 0]  	938	1 
[1, 1, 29, 0]  	941	2 
[1, 24, 12, 0]  	943	3 
[1, 35, 4, 0]  	948	3 
[1, 0, 30, 0]  	949	2 
[0, 1, 30, 0]  	953	1 
[0, 16, 19, 0]  	957	1 
[0, 35, 5, 0]  	960	2 
[0, 0, 31, 0]  	961	1  <--- 3
[1, 21, 15, 0]  	967	3 
[0, 18, 18, 0]  	972	1 
[0, 4, 29, 0]  	991	1 
[0, 21, 17, 0]  	1010	1 
[0, 44, 0, 0]  	1012	2  <--- 2
[1, 7, 27, 0]  	1017	2 
[0, 7, 28, 0]  	1029	1 
[0, 41, 3, 0]  	1036	2 
[0, 24, 16, 0]  	1048	1 
[0, 10, 27, 0]  	1067	1 
[0, 27, 15, 0]  	1086	1 
[0, 13, 26, 0]  	1105	1 
[20, 1, 0, 1]  	403	6 
[18, 5, 4, 1]  	581	10 
[14, 11, 3, 1]  	612	10 
[18, 8, 3, 1]  	619	10 
[11, 0, 14, 1]  	643	9 
[14, 14, 2, 1]  	650	9 
[16, 14, 1, 1]  	657	9 
[12, 17, 2, 1]  	681	9 
[15, 0, 13, 1]  	688	8 
[10, 19, 2, 1]  	689	9 
[8, 23, 1, 1]  	712	8 
[12, 20, 1, 1]  	719	8 
[10, 22, 1, 1]  	727	8 
[19, 0, 12, 1]  	733	8 
[14, 19, 1, 1]  	734	7 
[8, 26, 0, 1]  	750	7 
[4, 12, 13, 1]  	755	6 
[12, 23, 0, 1]  	757	7 
[16, 20, 0, 1]  	764	7 
[10, 25, 0, 1]  	765	7 
[14, 22, 0, 1]  	772	7 
[19, 18, 0, 1]  	775	7 
[7, 28, 0, 1]  	777	6 
[18, 19, 0, 1]  	779	7 
[3, 14, 13, 1]  	782	6 
[3, 12, 16, 1]  	829	5 
[4, 6, 20, 1]  	834	5 
[2, 35, 0, 1]  	843	4 
[3, 28, 5, 1]  	856	5 
[3, 20, 11, 1]  	858	4 
[2, 4, 24, 1]  	874	4 
[2, 31, 4, 1]  	875	5 
[2, 15, 16, 1]  	879	4 
[2, 7, 22, 1]  	881	3 
[2, 9, 21, 1]  	896	3 
[0, 32, 6, 1]  	922	2 
[1, 4, 28, 1]  	979	2 
[6, 28, 0, 2]  	758	7 
[2, 14, 17, 2]  	887	4 
[0, 38, 4, 2]  	998	2 
[5, 14, 11, 23]  	758	6 
[2, 0, 27, 23]  	875	4 
[1, 31, 5, 23]  	887	3 
[0, 7, 27, 23]  	998	1 
[9, 2, 6, 24]  	403	5 
[7, 8, 5, 24]  	472	6 
[5, 14, 4, 24]  	541	6 
[7, 5, 14, 24]  	682	8 
[5, 8, 14, 24]  	713	7 
[4, 25, 3, 24]  	744	5 
[3, 29, 1, 24]  	755	3 
[4, 17, 10, 24]  	777	3 
[2, 31, 1, 24]  	782	5 
[4, 3, 21, 24]  	796	4 
[2, 29, 4, 24]  	829	3 
[3, 23, 8, 24]  	834	4 
[1, 21, 11, 24]  	843	2 
[1, 31, 4, 24]  	856	3 
[1, 23, 10, 24]  	858	2 
[1, 26, 9, 24]  	896	2 
[0, 1, 29, 24]  	922	1 
[0, 41, 0, 24]  	943	2 
[0, 21, 16, 24]  	979	1 
------
The gap is between 3 and 22.
Lengths: 3 3 5 5 3 4.
For 982 = 5*d/2-d1-d2-d3 you get 3 in char 0.
1*x^1*y^23*z^14
1*y^40*z^2
1*y^9*z^25

For 560 = 3*d/2-d1-d2-d3 you get 5 in char 0.
1*x^4*y^17*z^3
1*x^3*y^3*z^14
1*x^2*y^20*z^2
1*x^1*y^6*z^13
1*y^23*z^1

For 138 = d/2-d1-d2-d3 you get 3 in char 0.
1*x^4*z^2
1*x^2*y^3*z^1
1*y^6

Extra powers of p used 1.
The invariant extra is equal to 1.
Start computing 7^3 Delta^1 (x1x2x3)^6... Done.
Start computing 7^4 Delta^2 (x1x2x3)^6... Done.
Start computing 7^5 Delta^3 (x1x2x3)^6... Done.
Start computing 7^6 Delta^4 (x1x2x3)^6... Done.
Start computing 7^7 Delta^5 (x1x2x3)^6... Done.
Start computing 7^8 Delta^6 (x1x2x3)^6... Done.
Start computing aa.
1 2 3 4 5 6 7 8 9 10 11 
*/
A = \
[143121454819498451963,117030904832879210058,124129916514954783369,156931450981742336746,50394116154457593350,155780738229089623965,113379016933112287840,83844458449568820206,171291297817085473979,110889152598009323895,39517507817146698220;\
127652472219560453809,73703750427116989536,90738127616770273815,19091817669991374602,116283011634027196161,136724880880782610087,19470743704673774044,112095677336397281107,107706409971741783496,25488386682413341799,64575883837808756490;\
93957191711312281020,42081166272378328313,133765431048574200790,20738713668892842833,153372207407524483364,9005783945474229326,110082067403678625913,167637462300969635723,33023921201995765510,102445112748286668227,112615133247574122081;\
63312338112775954762,127486802731824115419,108691292382484170009,135587914966348879531,168648224400512217508,176298575436428308010,88921769260652809425,158054088539060759339,55833307776099152600,189225882675228277648,154714115885799088297;\
190002073314066959670,105077700896138664023,111304921089619633024,174686793534050502173,145238623715756546381,99264103738984704562,111654951007700048760,17150597809302922594,174648598212083950143,185760874764100300630,135691047175715617019;\
140133694954271604548,1161389692090635470,37005278764205215539,73647116987641849666,64351828744620216527,77376751024566488789,138036922267220707213,178895615500170049733,169921329877100939508,82787024388688556993,55506106738758303425;\
144441269801933788585,180074297297911055429,189375264908065774766,26257244147770829921,78902463394559411726,70810672988217552278,171356884712602855945,29037580812183548227,49651481186747866797,99496095957765080553,135746892099022899891;\
90687986229740564399,129518006876021792553,43997971421748067591,101022416883097541328,104354786202666156654,82746103573726859595,85977253182492935123,53362843189183091228,164443671502108350443,91585970805760994941,104972228934528260410;\
58602658133071573023,28425479152635292061,109481330004492237866,115720109319886594187,41362099795951683175,169865390671820979205,29254420256497360330,80240037505901931833,149307629062552433424,48858803665675182375,82060314156353111656;\
27595025284154503583,19222348110289225997,98501663110083521903,91531707605819279008,165849225020594994585,100568471968271877962,110690844690463839284,47556563919253901106,66163596436192100790,142304593850618786993,15873393999160651548;\
148565259693692866822,124359778208989442665,1348013762120940418,94176384384319567407,30709660944365843909,102579622867562288861,163483440147231116486,172897857686993556614,18403609860160359604,509464405016660107,147571366096487157342]
/* 
This matrix times 7^(-1) should be the matrix of frobenius.
*/ 
B = 7^(-1) * A; 
/* Freed 54 lists. */
