/* Comments begin... 
Coefficient of   x^21 * y^1               = 0
Coefficient of   x^10 * y^2 * z^6         = 0
Coefficient of   x^8 * y^5 * z^5         = 1
Coefficient of   x^6 * y^8 * z^4         = 0
Coefficient of   x^4 * y^11 * z^3         = -1
Coefficient of   x^2 * y^14 * z^2         = 1
Coefficient of   x^1 * z^13               = 2
Coefficient of   y^17 * z^1               = -2

Here is the polynomial we're using this time:

1*x^8*y^5*z^5 + -1*x^4*y^11*z^3 + 1*x^2*y^14*z^2 + 2*x^1*z^13 + -2*y^17*z^1

Allocate G_len 20 elements and old = 0.
Allocate M_len = 400 elements.
Allocate G_len 40 elements and old = 20.
Allocate M_len = 800 elements.
Allocate G_len 80 elements and old = 40.
Allocate M_len = 1600 elements.
Not smooth!
Coefficient of   x^21 * y^1               = -3
Coefficient of   x^10 * y^2 * z^6         = 0
Coefficient of   x^8 * y^5 * z^5         = 0
Coefficient of   x^6 * y^8 * z^4         = 0
Coefficient of   x^4 * y^11 * z^3         = -3
Coefficient of   x^2 * y^14 * z^2         = -3
Coefficient of   x^1 * z^13               = -2
Coefficient of   y^17 * z^1               = 1

Here is the polynomial we're using this time:

-3*x^21*y^1 + -3*x^4*y^11*z^3 + -3*x^2*y^14*z^2 + -2*x^1*z^13 + 1*y^17*z^1

Allocate M_len = 3200 elements.
Allocate G_len 160 elements and old = 80.
Allocate M_len = 6400 elements.
Allocate M_len = 12800 elements.
Allocate G_len 320 elements and old = 160.
The final length of G is 137
[4, 11, 2, 0]  	391	4 
[21, 0, 0, 0]  	399	4  <--- 1
[2, 14, 2, 0]  	422	3 
[19, 14, 1, 0]  	714	4 
[16, 17, 1, 0]  	726	6 
[3, 28, 1, 0]  	732	4 
[18, 0, 13, 0]  	745	4 
[20, 0, 12, 0]  	752	4 
[15, 3, 13, 0]  	757	6 
[14, 20, 1, 0]  	757	6 
[20, 17, 0, 0]  	771	2 
[2, 31, 1, 0]  	782	3 
[18, 3, 12, 0]  	783	4 
[13, 6, 13, 0]  	788	6 
[12, 23, 1, 0]  	788	6 
[3, 11, 16, 0]  	806	3 
[1, 14, 15, 0]  	806	3 
[16, 6, 12, 0]  	814	4 
[11, 9, 13, 0]  	819	6 
[10, 26, 1, 0]  	819	7 
[14, 9, 12, 0]  	845	4 
[11, 29, 0, 0]  	876	7 
[6, 1, 24, 0]  	881	3 
[4, 4, 23, 0]  	881	3 
[2, 7, 22, 0]  	881	3 
[8, 1, 23, 0]  	888	3 
[6, 4, 22, 0]  	888	3 
[4, 7, 21, 0]  	888	3 
[2, 10, 20, 0]  	888	3 
[13, 28, 0, 0]  	891	7 
[8, 0, 24, 0]  	896	3 
[6, 3, 23, 0]  	896	3 
[4, 6, 22, 0]  	896	3 
[2, 9, 21, 0]  	896	3 
[1, 10, 21, 0]  	900	2 
[10, 0, 23, 0]  	903	3 
[8, 3, 22, 0]  	903	3 
[6, 6, 21, 0]  	903	3 
[4, 9, 20, 0]  	903	3 
[2, 12, 19, 0]  	903	3 
[9, 32, 0, 0]  	907	2 
[1, 13, 19, 0]  	907	2 
[1, 12, 20, 0]  	915	2 
[1, 27, 9, 0]  	919	2 
[1, 29, 8, 0]  	934	2 
[7, 35, 0, 0]  	938	1 
[0, 30, 8, 0]  	938	1 
[1, 1, 29, 0]  	941	2 
[1, 24, 12, 0]  	943	3 
[1, 0, 30, 0]  	949	2 
[0, 32, 7, 0]  	953	1 
[0, 1, 30, 0]  	953	1 
[0, 16, 19, 0]  	957	1 
[0, 0, 31, 0]  	961	1  <--- 3
[5, 38, 0, 0]  	969	1 
[0, 18, 18, 0]  	972	1 
[1, 4, 28, 0]  	979	2 
[0, 35, 6, 0]  	991	1 
[0, 4, 29, 0]  	991	1 
[3, 41, 0, 0]  	1000	1 
[0, 21, 17, 0]  	1010	1 
[1, 7, 27, 0]  	1017	2 
[0, 38, 5, 0]  	1029	1 
[0, 7, 28, 0]  	1029	1 
[1, 44, 0, 0]  	1031	1 
[0, 24, 16, 0]  	1048	1 
[0, 41, 4, 0]  	1067	1 
[0, 10, 27, 0]  	1067	1 
[0, 47, 0, 0]  	1081	1  <--- 2
[0, 27, 15, 0]  	1086	1 
[0, 44, 3, 0]  	1105	1 
[0, 13, 26, 0]  	1105	1 
[20, 1, 0, 1]  	403	4 
[3, 0, 13, 1]  	460	4 
[18, 14, 1, 1]  	695	6 
[19, 0, 12, 1]  	733	5 
[1, 31, 1, 1]  	763	3 
[17, 3, 12, 1]  	764	5 
[2, 13, 14, 1]  	771	3 
[19, 18, 0, 1]  	775	5 
[15, 6, 12, 1]  	795	5 
[1, 34, 0, 1]  	801	3 
[13, 9, 12, 1]  	826	5 
[6, 32, 0, 1]  	850	6 
[10, 29, 0, 1]  	857	6 
[8, 31, 0, 1]  	865	6 
[12, 28, 0, 1]  	872	7 
[2, 0, 27, 1]  	875	3 
[1, 30, 7, 1]  	926	2 
[0, 44, 0, 1]  	1012	2 
[2, 0, 24, 2]  	782	3 
[0, 32, 6, 2]  	922	2 
[0, 31, 7, 2]  	930	2 
[0, 35, 5, 2]  	960	2 
[0, 38, 4, 2]  	998	2 
[0, 41, 3, 2]  	1036	2 
[1, 21, 12, 18]  	874	2 
[1, 18, 12, 19]  	805	2 
[1, 7, 22, 19]  	862	2 
[1, 9, 21, 19]  	877	2 
[2, 29, 1, 20]  	736	3 
[1, 15, 13, 20]  	767	2 
[1, 17, 12, 20]  	782	2 
[1, 4, 23, 20]  	824	2 
[1, 6, 22, 20]  	839	2 
[1, 12, 19, 20]  	884	2 
[2, 26, 1, 21]  	667	3 
[1, 12, 13, 21]  	698	2 
[1, 30, 2, 21]  	771	2 
[1, 1, 24, 21]  	786	2 
[1, 3, 23, 21]  	801	2 
[1, 9, 20, 21]  	846	2 
[0, 38, 3, 21]  	967	2 
[2, 23, 1, 22]  	598	3 
[1, 9, 13, 22]  	629	2 
[1, 32, 0, 22]  	755	3 
[1, 0, 24, 22]  	763	2 
[1, 6, 21, 22]  	808	2 
[0, 35, 3, 22]  	898	2 
[2, 20, 1, 23]  	529	3 
[1, 6, 13, 23]  	560	2 
[1, 31, 0, 23]  	732	3 
[1, 3, 22, 23]  	770	1 
[0, 0, 26, 23]  	806	1 
[0, 32, 3, 23]  	829	2 
[3, 11, 3, 24]  	403	3 
[2, 17, 1, 24]  	460	3 
[0, 3, 13, 24]  	472	1 
[1, 14, 12, 24]  	713	2 
[1, 0, 23, 24]  	732	2 
[0, 0, 24, 24]  	744	1 
[0, 17, 12, 24]  	763	1 
[0, 20, 11, 24]  	801	1 
[0, 31, 3, 24]  	806	2 
[0, 23, 10, 24]  	839	1 
[0, 26, 9, 24]  	877	1 
[0, 29, 8, 24]  	915	1 
------
The gap is between 3 and 17.
Lengths: 3 3 5 7 3 10.
For 982 = 5*d/2-d1-d2-d3 you get 3 in char 0.
1*x^1*y^23*z^14
1*y^40*z^2
1*y^9*z^25

For 560 = 3*d/2-d1-d2-d3 you get 5 in char 0.
1*x^14*y^2*z^8
1*x^12*y^5*z^7
1*x^10*y^8*z^6
1*x^1*y^6*z^13
1*y^23*z^1

For 138 = d/2-d1-d2-d3 you get 3 in char 0.
1*x^4*z^2
1*x^2*y^3*z^1
1*y^6

Extra powers of p used 7.
The invariant extra is equal to 1.
Start computing 7^3 Delta^1 (x1x2x3)^6... Done.
Start computing 7^4 Delta^2 (x1x2x3)^6... Done.
Start computing 7^5 Delta^3 (x1x2x3)^6... Done.
Start computing 7^6 Delta^4 (x1x2x3)^6... Done.
Start computing 7^7 Delta^5 (x1x2x3)^6... Done.
Start computing 7^8 Delta^6 (x1x2x3)^6... Done.
Start computing aa.
1 2 3 4 5 6 7 8 9 10 11 
*/
A = \
[16230663250531718452,20860046174163413517,23976343692547291696,10326958471264100080,14501219733415468179,3590422189142901532,17901971949298194212,27031774847759854335,25613773073293124888,17456822726168786401,20342531603406800319;\
17880997324219217048,20966741935414403408,3949391980805200769,26906012864181105438,5152689356220359947,15737962009693766213,16690190831854895586,13898938176017157410,8073443649867304198,19401279803429200110,17820662288669036636;\
13938336414635839073,19509358225168438963,7041474531703351530,24998985091361793134,19422577673404019289,17224642709684789960,23706956912378471130,17077532568849633902,19095785522842855666,2078303360593993988,20499230115785616559;\
12171130996818147053,12695143858569941104,2725683590928606973,18609128154755478389,774994528422259600,720679822545340742,27267386435182168800,13402368520013963252,14285955955264092169,14999459814080573244,662316498956155379;\
17643195005503133745,27208894064157853537,9087469827596485444,16325787316596454522,16194325815274766635,19216790760488921929,24324558754285193852,16240319623159839837,9742673300780710899,4605837595743587644,13605817653485865661;\
26811846169988621021,13382096515622627044,4452054052811802871,11906008955326189340,23074656638728483369,22795966865991996012,7507419882188379643,19665390403684672528,14531863259874780330,17453802977182883052,14118443288162084515;\
2697463010899750807,17627782086417405539,17855538402727772173,24338619906299996031,21828064696222494150,8730378613779084500,20243139633973819521,18277107170306230211,18377709869521929486,17168896580203087048,18971546614936218499;\
13439513301150133377,25036675890037299832,15079067680490960006,3345387537611488339,25490838526463623159,24978947857044012167,15972496811348248052,22006013286009409186,25870301435613170606,20665055897221202936,6742594993315560512;\
2637674288838611302,3070295689385085560,26869481658990654957,11587411901732010820,7662515100779929208,15343576888181785999,10148292730842145180,18209776698539975717,26151442469675618473,10991689604011546507,7166670131611098584;\
16293195537581046770,19440619172732790305,485257436789651869,6103434549134018565,1066054988047865788,27191191770312773504,2040810751446403475,21423614957758598081,8541491178293840830,16042374941081643091,10172390897215860145;\
6365855997929848706,5437664171231233176,5463974578921034463,10242120163784322001,19698034505169100682,6742253627430326369,7476444479161279972,11816182771828502759,21389483017036428910,22746274686318315629,10911204030549361966]
/* 
This matrix times 7^(-6) should be the matrix of frobenius.
*/ 
B = 7^(-6) * A; 
/* Freed 49 lists. */
