/* Comments begin... 
Coefficient of   x^21 * y^1               = 3
Coefficient of   x^10 * y^2 * z^6         = -3
Coefficient of   x^8 * y^5 * z^5         = 0
Coefficient of   x^6 * y^8 * z^4         = 0
Coefficient of   x^4 * y^11 * z^3         = -1
Coefficient of   x^2 * y^14 * z^2         = 2
Coefficient of   x^1 * z^13               = -3
Coefficient of   y^17 * z^1               = -2

Here is the polynomial we're using this time:

3*x^21*y^1 + -3*x^10*y^2*z^6 + -1*x^4*y^11*z^3 + 2*x^2*y^14*z^2 + -3*x^1*z^13 + -2*y^17*z^1

Allocate G_len 20 elements and old = 0.
Allocate M_len = 400 elements.
Allocate G_len 40 elements and old = 20.
Allocate M_len = 800 elements.
Allocate G_len 80 elements and old = 40.
Allocate M_len = 1600 elements.
Allocate M_len = 3200 elements.
Allocate G_len 160 elements and old = 80.
Allocate M_len = 6400 elements.
Allocate M_len = 12800 elements.
Allocate G_len 320 elements and old = 160.
Allocate M_len = 25600 elements.
The final length of G is 182
[10, 2, 5, 0]  	391	5 
[21, 0, 0, 0]  	399	5  <--- 1
[4, 11, 3, 0]  	422	4 
[7, 0, 15, 0]  	598	7 
[15, 11, 2, 0]  	600	5 
[13, 14, 2, 0]  	631	4 
[9, 3, 14, 0]  	674	9 
[8, 5, 14, 0]  	701	8 
[7, 6, 14, 0]  	705	8 
[11, 19, 2, 0]  	708	6 
[9, 6, 13, 0]  	712	8 
[19, 14, 1, 0]  	714	8 
[13, 19, 1, 0]  	715	7 
[8, 22, 2, 0]  	720	8 
[16, 17, 1, 0]  	726	8 
[9, 23, 1, 0]  	731	7 
[6, 8, 14, 0]  	732	7 
[5, 9, 14, 0]  	736	7 
[8, 8, 13, 0]  	739	7 
[7, 9, 13, 0]  	743	7 
[18, 0, 13, 0]  	745	7 
[11, 22, 1, 0]  	746	6 
[9, 9, 12, 0]  	750	7 
[6, 25, 2, 0]  	751	7 
[20, 0, 12, 0]  	752	7 
[5, 26, 2, 0]  	755	6 
[12, 23, 0, 0]  	757	7 
[8, 25, 1, 0]  	758	7 
[7, 26, 1, 0]  	762	6 
[5, 28, 1, 0]  	770	6 
[20, 17, 0, 0]  	771	2 
[6, 7, 16, 0]  	771	6 
[4, 29, 1, 0]  	774	6 
[7, 28, 0, 0]  	777	6 
[6, 29, 0, 0]  	781	6 
[4, 28, 2, 0]  	782	4 
[3, 14, 13, 0]  	782	6 
[17, 20, 0, 0]  	783	6 
[11, 25, 0, 0]  	784	6 
[3, 29, 2, 0]  	786	5 
[6, 1, 21, 0]  	788	6 
[4, 31, 0, 0]  	789	6 
[15, 22, 0, 0]  	791	6 
[3, 32, 0, 0]  	793	5 
[6, 4, 19, 0]  	795	6 
[6, 0, 22, 0]  	796	6 
[19, 19, 0, 0]  	798	6 
[5, 1, 22, 0]  	800	5 
[3, 31, 1, 0]  	801	5 
[3, 0, 24, 0]  	801	5 
[6, 3, 20, 0]  	803	6 
[5, 8, 17, 0]  	806	6 
[5, 4, 20, 0]  	807	5 
[5, 0, 23, 0]  	808	5 
[6, 6, 18, 0]  	810	6 
[4, 1, 23, 0]  	812	5 
[5, 7, 18, 0]  	814	5 
[5, 3, 21, 0]  	815	5 
[4, 4, 21, 0]  	819	5 
[4, 7, 19, 0]  	826	5 
[4, 3, 22, 0]  	827	5 
[4, 10, 17, 0]  	833	5 
[4, 6, 20, 0]  	834	5 
[3, 11, 17, 0]  	837	5 
[3, 7, 20, 0]  	838	4 
[3, 3, 23, 0]  	839	4 
[4, 9, 18, 0]  	841	5 
[3, 10, 18, 0]  	845	4 
[3, 6, 21, 0]  	846	4 
[3, 21, 10, 0]  	850	4 
[3, 9, 19, 0]  	853	4 
[3, 28, 5, 0]  	856	5 
[3, 24, 8, 0]  	857	4 
[2, 29, 5, 0]  	860	4 
[2, 21, 11, 0]  	862	3 
[3, 27, 6, 0]  	864	4 
[3, 23, 9, 0]  	865	4 
[2, 28, 6, 0]  	868	4 
[3, 26, 7, 0]  	872	4 
[2, 35, 1, 0]  	874	4 
[2, 4, 24, 0]  	874	4 
[2, 31, 4, 0]  	875	5 
[2, 27, 7, 0]  	876	3 
[2, 23, 10, 0]  	877	3 
[2, 15, 16, 0]  	879	4 
[2, 7, 22, 0]  	881	3 
[2, 26, 8, 0]  	884	3 
[2, 14, 17, 0]  	887	4 
[2, 10, 20, 0]  	888	3 
[1, 15, 17, 0]  	891	3 
[1, 38, 0, 0]  	893	3 
[2, 13, 18, 0]  	895	3 
[2, 9, 21, 0]  	896	3 
[2, 1, 27, 0]  	898	4 
[1, 14, 18, 0]  	899	3 
[1, 10, 21, 0]  	900	2 
[2, 12, 19, 0]  	903	3 
[2, 0, 28, 0]  	906	4 
[1, 13, 19, 0]  	907	2 
[1, 12, 20, 0]  	915	2 
[1, 31, 6, 0]  	918	3 
[1, 27, 9, 0]  	919	2 
[0, 32, 6, 0]  	922	2 
[1, 30, 7, 0]  	926	2 
[1, 18, 16, 0]  	929	3 
[0, 31, 7, 0]  	930	2 
[1, 29, 8, 0]  	934	2 
[0, 30, 8, 0]  	938	1 
[1, 1, 29, 0]  	941	2 
[1, 24, 12, 0]  	943	3 
[1, 35, 4, 0]  	948	3 
[1, 0, 30, 0]  	949	2 
[0, 1, 30, 0]  	953	1 
[0, 16, 19, 0]  	957	1 
[0, 35, 5, 0]  	960	2 
[0, 0, 31, 0]  	961	1  <--- 3
[1, 21, 15, 0]  	967	3 
[0, 18, 18, 0]  	972	1 
[1, 4, 28, 0]  	979	2 
[0, 4, 29, 0]  	991	1 
[0, 38, 4, 0]  	998	2 
[0, 21, 17, 0]  	1010	1 
[0, 44, 0, 0]  	1012	2  <--- 2
[1, 7, 27, 0]  	1017	2 
[0, 7, 28, 0]  	1029	1 
[0, 41, 3, 0]  	1036	2 
[0, 24, 16, 0]  	1048	1 
[0, 10, 27, 0]  	1067	1 
[0, 27, 15, 0]  	1086	1 
[0, 13, 26, 0]  	1105	1 
[20, 1, 0, 1]  	403	5 
[14, 11, 2, 1]  	581	8 
[12, 14, 2, 1]  	612	7 
[12, 0, 14, 1]  	662	6 
[14, 0, 13, 1]  	669	7 
[10, 19, 2, 1]  	689	7 
[9, 20, 2, 1]  	693	8 
[18, 14, 1, 1]  	695	9 
[12, 19, 1, 1]  	696	8 
[7, 23, 2, 1]  	724	7 
[10, 22, 1, 1]  	727	7 
[19, 0, 12, 1]  	733	8 
[16, 20, 0, 1]  	764	7 
[10, 25, 0, 1]  	765	7 
[9, 26, 0, 1]  	769	6 
[14, 22, 0, 1]  	772	7 
[19, 18, 0, 1]  	775	7 
[18, 19, 0, 1]  	779	7 
[2, 18, 12, 1]  	824	4 
[3, 12, 16, 1]  	829	5 
[3, 4, 22, 1]  	831	4 
[2, 35, 0, 1]  	843	4 
[1, 32, 5, 1]  	910	3 
[11, 0, 14, 2]  	643	7 
[13, 0, 13, 2]  	650	8 
[2, 32, 1, 2]  	805	5 
[3, 17, 12, 2]  	820	5 
[5, 6, 19, 2]  	822	5 
[3, 20, 11, 2]  	858	4 
[2, 24, 9, 2]  	869	3 
[2, 1, 24, 23]  	805	3 
[2, 3, 23, 23]  	820	3 
[3, 9, 18, 23]  	822	4 
[2, 6, 22, 23]  	858	3 
[1, 10, 20, 23]  	869	2 
[9, 2, 6, 24]  	403	4 
[6, 0, 16, 24]  	610	6 
[10, 17, 2, 24]  	643	6 
[12, 17, 1, 24]  	650	7 
[10, 20, 1, 24]  	681	6 
[7, 5, 14, 24]  	682	8 
[8, 6, 13, 24]  	693	5 
[8, 23, 1, 24]  	712	4 
[5, 8, 14, 24]  	713	6 
[10, 23, 0, 24]  	719	7 
[6, 9, 13, 24]  	724	5 
[5, 1, 21, 24]  	769	5 
[4, 4, 20, 24]  	788	5 
[1, 35, 0, 24]  	824	3 
[2, 29, 4, 24]  	829	4 
[2, 21, 10, 24]  	831	3 
[1, 1, 28, 24]  	910	2 
------
The gap is between 3 and 22.
Lengths: 3 3 5 5 3 3.
For 982 = 5*d/2-d1-d2-d3 you get 3 in char 0.
1*x^1*y^23*z^14
1*y^40*z^2
1*y^9*z^25

For 560 = 3*d/2-d1-d2-d3 you get 5 in char 0.
1*x^5*z^15
1*x^3*y^3*z^14
1*x^2*y^20*z^2
1*x^1*y^6*z^13
1*y^23*z^1

For 138 = d/2-d1-d2-d3 you get 3 in char 0.
1*x^4*z^2
1*x^2*y^3*z^1
1*y^6

Extra powers of p used 0.
The invariant extra is equal to 1.
Start computing 7^3 Delta^1 (x1x2x3)^6... Done.
Start computing 7^4 Delta^2 (x1x2x3)^6... Done.
Start computing 7^5 Delta^3 (x1x2x3)^6... Done.
Start computing 7^6 Delta^4 (x1x2x3)^6... Done.
Start computing 7^7 Delta^5 (x1x2x3)^6... Done.
Start computing 7^8 Delta^6 (x1x2x3)^6... Done.
Start computing aa.
1 2 3 4 5 6 7 8 9 10 11 
*/
A = \
[140445281547558788292,147265591954992466803,19211175374753073399,80322214204426862164,177539834542028235242,171817306306753428167,33611724244701395009,85154174636993948115,93740705670817328137,38526889804276339865,138667282560993326847;\
82592384343184010417,56699042255964153587,68050598399822547089,159288713523842089306,28939002391023793733,115998147113925625353,60179757035584854794,63542922200939589051,111108586203759517282,20584648887084904398,114466856294682990798;\
12135116464438680103,152399769340548645241,26089251247295424438,74130041718399389352,174019580882654053680,106833421151700995612,82071084806417239106,175698354283468231159,155797519754664649813,103099069907002414175,182250952496785011588;\
191144767716585723960,164731916299308165468,41511534362076853006,118400583914015252871,68007904642526911328,161256424312136959099,1061840847013282091,66640406051219335881,154110535293991960502,62156482976096932612,39105813170346402004;\
47115390202035669811,160159507473210204774,152181867718765509847,110632222373748330675,78564580309023698260,151577711405552917485,12119014080253921876,12529237128263081415,95287736920032523104,161119586796101489759,14142701876429831152;\
130132542213097670727,188048074829013893745,127216583213225247865,105212075751995343040,186831230828118895515,58943959984803675222,51458489659251899952,171134998753899990733,116203235252936403145,91886944806725898193,107668874827090876929;\
172897466739672500824,123388159985058560880,160245610701210625570,61192981007554087265,168550409486800950259,177651228653817838227,178014195151408692461,91597577753624139610,27851074473775307573,80358732970773126499,121806758520033818672;\
162266435679194688205,117442506815059426547,115156537667025489654,29256704133451194862,173530050500247823466,37314293203049701006,185755178812457790823,121621904765642442231,132858169751040496084,95631645810488080314,41207347727202613488;\
123917125469717401881,12302936541162847989,62860543363864693305,24673363975244913747,122037141780724224880,125989263918988568266,91528092176882802882,37618772106581829541,16523939941134143119,127645899214117901694,81924936985583326705;\
20381879131455869176,161880956287423105798,24657589191732496574,142506774006628502527,64268043215299188832,116254789569844454333,85949167824343199159,162017617215534730671,6627247116789809055,112291564655213454224,107484172993672973820;\
8478178920949716325,126634754149935216776,19338586546329596795,166170742285894989895,161171855620622785617,185646256549921577158,68394556140934018758,184394931976068976897,107111072096074211865,104917994194046331669,75887453823222577389]
/* 
This should be the matrix of frobenius!
*/ 
B = A; 
/* Freed 53 lists. */
