/* Comments begin... 
Coefficient of   x^21 * y^1               = -3
Coefficient of   x^10 * y^2 * z^6         = -3
Coefficient of   x^8 * y^5 * z^5         = -1
Coefficient of   x^6 * y^8 * z^4         = 3
Coefficient of   x^4 * y^11 * z^3         = -3
Coefficient of   x^2 * y^14 * z^2         = -2
Coefficient of   x^1 * z^13               = 1
Coefficient of   y^17 * z^1               = 1

Here is the polynomial we're using this time:

-3*x^21*y^1 + -3*x^10*y^2*z^6 + -1*x^8*y^5*z^5 + 3*x^6*y^8*z^4 + -3*x^4*y^11*z^3 + -2*x^2*y^14*z^2 + 1*x^1*z^13 + 1*y^17*z^1

Allocate G_len 20 elements and old = 0.
Allocate M_len = 400 elements.
Allocate G_len 40 elements and old = 20.
Allocate M_len = 800 elements.
Allocate G_len 80 elements and old = 40.
Allocate M_len = 1600 elements.
Allocate M_len = 3200 elements.
Allocate G_len 160 elements and old = 80.
Allocate M_len = 6400 elements.
Allocate M_len = 12800 elements.
Allocate G_len 320 elements and old = 160.
Allocate M_len = 25600 elements.
The final length of G is 209
[10, 2, 5, 0]  	391	7 
[21, 0, 0, 0]  	399	7  <--- 1
[8, 5, 5, 0]  	422	6 
[8, 8, 4, 0]  	460	7 
[6, 14, 3, 0]  	529	7 
[7, 0, 15, 0]  	598	7 
[19, 5, 4, 0]  	600	7 
[15, 11, 3, 0]  	631	10 
[19, 8, 3, 0]  	638	7 
[15, 14, 2, 0]  	669	10 
[9, 3, 14, 0]  	674	9 
[19, 11, 2, 0]  	676	7 
[12, 17, 2, 0]  	681	9 
[14, 0, 14, 0]  	700	9 
[7, 22, 2, 0]  	701	8 
[7, 6, 14, 0]  	705	8 
[16, 0, 13, 0]  	707	9 
[11, 19, 2, 0]  	708	9 
[8, 23, 1, 0]  	712	8 
[19, 14, 1, 0]  	714	9 
[7, 8, 13, 0]  	720	8 
[6, 9, 13, 0]  	724	7 
[6, 8, 14, 0]  	732	7 
[5, 25, 2, 0]  	732	7 
[5, 9, 14, 0]  	736	7 
[13, 20, 1, 0]  	738	8 
[7, 25, 1, 0]  	739	8 
[6, 26, 1, 0]  	743	7 
[17, 17, 1, 0]  	745	7 
[11, 22, 1, 0]  	746	8 
[5, 11, 13, 0]  	751	7 
[20, 0, 12, 0]  	752	8 
[15, 19, 1, 0]  	753	8 
[4, 12, 13, 0]  	755	6 
[7, 11, 12, 0]  	758	8 
[6, 12, 12, 0]  	762	7 
[4, 11, 14, 0]  	763	6 
[4, 26, 3, 0]  	767	6 
[9, 26, 0, 0]  	769	7 
[5, 28, 1, 0]  	770	6 
[4, 14, 12, 0]  	770	6 
[20, 17, 0, 0]  	771	2 
[6, 7, 16, 0]  	771	6 
[5, 24, 4, 0]  	771	6 
[4, 29, 1, 0]  	774	6 
[13, 23, 0, 0]  	776	7 
[7, 28, 0, 0]  	777	7 
[6, 29, 0, 0]  	781	6 
[5, 15, 11, 0]  	781	6 
[4, 28, 2, 0]  	782	6 
[3, 14, 13, 0]  	782	6 
[17, 20, 0, 0]  	783	7 
[11, 25, 0, 0]  	784	7 
[3, 29, 2, 0]  	786	5 
[6, 1, 21, 0]  	788	6 
[5, 18, 9, 0]  	788	6 
[4, 31, 0, 0]  	789	6 
[15, 22, 0, 0]  	791	6 
[3, 32, 0, 0]  	793	5 
[6, 4, 19, 0]  	795	6 
[5, 21, 7, 0]  	795	6 
[6, 0, 22, 0]  	796	6 
[5, 17, 10, 0]  	796	6 
[19, 19, 0, 0]  	798	6 
[4, 18, 10, 0]  	800	5 
[3, 31, 1, 0]  	801	5 
[3, 0, 24, 0]  	801	5 
[6, 3, 20, 0]  	803	6 
[5, 20, 8, 0]  	803	6 
[5, 8, 17, 0]  	806	6 
[4, 25, 5, 0]  	806	6 
[5, 4, 20, 0]  	807	5 
[4, 21, 8, 0]  	807	5 
[5, 0, 23, 0]  	808	5 
[4, 17, 11, 0]  	808	5 
[6, 6, 18, 0]  	810	6 
[5, 23, 6, 0]  	810	6 
[4, 1, 23, 0]  	812	5 
[5, 7, 18, 0]  	814	5 
[4, 24, 6, 0]  	814	5 
[5, 3, 21, 0]  	815	5 
[4, 20, 9, 0]  	815	5 
[4, 4, 21, 0]  	819	5 
[3, 17, 12, 0]  	820	5 
[5, 6, 19, 0]  	822	5 
[4, 23, 7, 0]  	822	5 
[2, 18, 12, 0]  	824	4 
[4, 7, 19, 0]  	826	5 
[4, 3, 22, 0]  	827	5 
[3, 12, 16, 0]  	829	5 
[3, 4, 22, 0]  	831	4 
[4, 10, 17, 0]  	833	5 
[4, 6, 20, 0]  	834	5 
[3, 11, 17, 0]  	837	5 
[3, 7, 20, 0]  	838	4 
[3, 3, 23, 0]  	839	4 
[4, 9, 18, 0]  	841	5 
[2, 35, 0, 0]  	843	4 
[3, 10, 18, 0]  	845	4 
[3, 6, 21, 0]  	846	4 
[3, 21, 10, 0]  	850	4 
[3, 9, 19, 0]  	853	4 
[3, 28, 5, 0]  	856	5 
[3, 24, 8, 0]  	857	4 
[3, 20, 11, 0]  	858	4 
[2, 29, 5, 0]  	860	4 
[2, 21, 11, 0]  	862	3 
[3, 27, 6, 0]  	864	4 
[3, 23, 9, 0]  	865	4 
[2, 28, 6, 0]  	868	4 
[2, 24, 9, 0]  	869	3 
[3, 26, 7, 0]  	872	4 
[2, 4, 24, 0]  	874	4 
[2, 27, 7, 0]  	876	3 
[2, 23, 10, 0]  	877	3 
[2, 15, 16, 0]  	879	4 
[2, 7, 22, 0]  	881	3 
[2, 26, 8, 0]  	884	3 
[2, 14, 17, 0]  	887	4 
[1, 15, 17, 0]  	891	3 
[1, 38, 0, 0]  	893	3 
[2, 13, 18, 0]  	895	3 
[2, 9, 21, 0]  	896	3 
[2, 1, 27, 0]  	898	4 
[1, 14, 18, 0]  	899	3 
[1, 10, 21, 0]  	900	2 
[2, 12, 19, 0]  	903	3 
[2, 0, 28, 0]  	906	4 
[1, 13, 19, 0]  	907	2 
[1, 32, 5, 0]  	910	3 
[1, 12, 20, 0]  	915	2 
[1, 31, 6, 0]  	918	3 
[1, 27, 9, 0]  	919	2 
[0, 32, 6, 0]  	922	2 
[1, 30, 7, 0]  	926	2 
[1, 18, 16, 0]  	929	3 
[0, 31, 7, 0]  	930	2 
[1, 29, 8, 0]  	934	2 
[0, 30, 8, 0]  	938	1 
[1, 24, 12, 0]  	943	3 
[1, 35, 4, 0]  	948	3 
[1, 0, 30, 0]  	949	2 
[0, 1, 30, 0]  	953	1 
[0, 16, 19, 0]  	957	1 
[0, 35, 5, 0]  	960	2 
[0, 0, 31, 0]  	961	1  <--- 3
[1, 21, 15, 0]  	967	3 
[0, 18, 18, 0]  	972	1 
[1, 4, 28, 0]  	979	2 
[0, 4, 29, 0]  	991	1 
[0, 21, 17, 0]  	1010	1 
[0, 44, 0, 0]  	1012	2  <--- 2
[1, 7, 27, 0]  	1017	2 
[0, 7, 28, 0]  	1029	1 
[0, 41, 3, 0]  	1036	2 
[0, 24, 16, 0]  	1048	1 
[0, 10, 27, 0]  	1067	1 
[0, 27, 15, 0]  	1086	1 
[0, 13, 26, 0]  	1105	1 
[20, 1, 0, 1]  	403	7 
[6, 11, 4, 1]  	491	6 
[5, 0, 15, 1]  	560	6 
[18, 5, 4, 1]  	581	12 
[14, 11, 3, 1]  	612	11 
[18, 8, 3, 1]  	619	11 
[14, 14, 2, 1]  	650	10 
[18, 11, 2, 1]  	657	11 
[13, 0, 14, 1]  	681	9 
[15, 0, 13, 1]  	688	10 
[10, 19, 2, 1]  	689	9 
[9, 20, 2, 1]  	693	8 
[18, 14, 1, 1]  	695	10 
[12, 20, 1, 1]  	719	9 
[16, 17, 1, 1]  	726	9 
[10, 22, 1, 1]  	727	9 
[19, 0, 12, 1]  	733	9 
[14, 19, 1, 1]  	734	9 
[8, 26, 0, 1]  	750	8 
[12, 23, 0, 1]  	757	8 
[5, 29, 0, 1]  	762	6 
[16, 20, 0, 1]  	764	8 
[10, 25, 0, 1]  	765	8 
[14, 22, 0, 1]  	772	8 
[19, 18, 0, 1]  	775	8 
[18, 19, 0, 1]  	779	8 
[2, 32, 1, 1]  	805	5 
[2, 31, 4, 1]  	875	5 
[2, 10, 20, 1]  	888	3 
[12, 0, 14, 2]  	662	9 
[6, 28, 0, 2]  	758	7 
[1, 1, 29, 2]  	941	2 
[0, 38, 4, 2]  	998	2 
[11, 0, 14, 3]  	643	10 
[5, 14, 4, 23]  	541	6 
[10, 17, 2, 23]  	643	9 
[4, 25, 3, 23]  	744	6 
[0, 18, 17, 23]  	941	1 
[0, 7, 27, 23]  	998	1 
[9, 2, 6, 24]  	403	6 
[7, 8, 5, 24]  	472	5 
[4, 14, 3, 24]  	491	4 
[7, 5, 14, 24]  	682	7 
[7, 23, 1, 24]  	693	5 
[5, 8, 14, 24]  	713	7 
[3, 4, 21, 24]  	800	4 
[2, 1, 24, 24]  	805	4 
[2, 0, 27, 24]  	875	4 
[1, 27, 8, 24]  	888	2 
[1, 18, 15, 24]  	898	2 
------
The gap is between 4 and 22.
Lengths: 3 3 5 6 3 3.
For 982 = 5*d/2-d1-d2-d3 you get 3 in char 0.
1*x^1*y^23*z^14
1*y^40*z^2
1*y^9*z^25

For 560 = 3*d/2-d1-d2-d3 you get 5 in char 0.
1*x^4*y^17*z^3
1*x^3*y^3*z^14
1*x^2*y^20*z^2
1*x^1*y^6*z^13
1*y^23*z^1

For 138 = d/2-d1-d2-d3 you get 3 in char 0.
1*x^4*z^2
1*x^2*y^3*z^1
1*y^6

Extra powers of p used 1.
The invariant extra is equal to 1.
Start computing 7^3 Delta^1 (x1x2x3)^6... Done.
Start computing 7^4 Delta^2 (x1x2x3)^6... Done.
Start computing 7^5 Delta^3 (x1x2x3)^6... Done.
Start computing 7^6 Delta^4 (x1x2x3)^6... Done.
Start computing 7^7 Delta^5 (x1x2x3)^6... Done.
Start computing 7^8 Delta^6 (x1x2x3)^6... Done.
Start computing aa.
1 2 3 4 5 6 7 8 9 10 11 
*/
A = \
[152845817504044481180,183150609673925028919,98858997179632267501,71015347268583004350,84047360933764270091,100438886080547659428,123950324120074589781,71492879546655551740,106034810049809192335,159962199779807753104,99252967864390009152;\
67297534074585800454,169369781644648076667,102030344595486585607,174756490485830410871,41165206676733734084,164018467460048370652,181861818499429624675,41450041143508904690,173051901349320214592,173776323115419899028,101790676696154316990;\
7805852128759880545,18335010610759475787,80333690573418992927,181809171781667264121,86934662157678874798,128210889470570227111,124355413363844853743,147939682990673173446,104280346892019345418,93728500407716051507,16733389172578393763;\
78180885721980510647,63259638614844692127,118990923320672879882,183588326523207751803,42204416001771812467,7790643388519487111,23335018969017304738,165422797512224998711,185162870610889655120,47158342651018345558,119775377884148836017;\
164275973170285092966,152425580939412945922,109731503713929987645,112957697513611915013,22960893983040318900,80141396354851269459,29409154445394728935,103503843537309072676,57784440687916350933,153535813517991568251,89209930666198161295;\
144070840381848974673,114268635570213773424,72631564659704179836,22638111636489918786,135749622163386601419,170127027895682140941,97117619440762976475,35448384170599713488,99575697947963904751,134112322881587448006,183649167033143208306;\
164722211567268502847,131718480831461747433,25683105581608493403,58537910443632197270,45301868285726297924,44812169300673261592,26022963358532405377,123500116246640871038,62279711353108140878,165148614342042936843,167340756321900024052;\
15226617153299970072,32861390329168001480,125562589081321835926,22013824747785151190,89678570796427535293,20690154679184270665,108354986749917355252,114578434974007067063,71667594109225079280,109686617571072207561,73287733245793161123;\
141100699631060519259,46075197911757313677,173371454778943775116,48697211748355464329,145422980857283577644,166211270989688582819,66359666080598315103,81941191666603821965,183823597276577304039,160660336912536130096,149800636104494114033;\
67370186312686810762,149299591581552324126,97146578422829350142,151974747915447917054,158392801232074417470,56676703859802224170,104725774795739710242,161519557170427914773,49882023822771012299,10994177942285822179,15683015029777478901;\
57065171318495973386,183018304156175282187,161520079285433956031,78708868911587819072,105292686784028071720,860290196413031125,129862552073852064362,49268435132063146692,14601361759273879779,103047698582634015504,41609361018974237097]
/* 
This matrix times 7^(-1) should be the matrix of frobenius.
*/ 
B = 7^(-1) * A; 
/* Freed 54 lists. */
