/* Comments begin... 
Coefficient of   x^21 * y^1               = -2
Coefficient of   x^10 * y^2 * z^6         = 0
Coefficient of   x^8 * y^5 * z^5         = -3
Coefficient of   x^6 * y^8 * z^4         = 2
Coefficient of   x^4 * y^11 * z^3         = 1
Coefficient of   x^2 * y^14 * z^2         = -1
Coefficient of   x^1 * z^13               = 1
Coefficient of   y^17 * z^1               = 3

Here is the polynomial we're using this time:

-2*x^21*y^1 + -3*x^8*y^5*z^5 + 2*x^6*y^8*z^4 + 1*x^4*y^11*z^3 + -1*x^2*y^14*z^2 + 1*x^1*z^13 + 3*y^17*z^1

Allocate G_len 20 elements and old = 0.
Allocate M_len = 400 elements.
Allocate G_len 40 elements and old = 20.
Allocate M_len = 800 elements.
Allocate G_len 80 elements and old = 40.
Allocate M_len = 1600 elements.
Allocate M_len = 3200 elements.
Allocate G_len 160 elements and old = 80.
Allocate M_len = 6400 elements.
Allocate M_len = 12800 elements.
Allocate G_len 320 elements and old = 160.
The final length of G is 157
[8, 5, 4, 0]  	391	6 
[21, 0, 0, 0]  	399	6  <--- 1
[6, 8, 4, 0]  	422	5 
[6, 11, 3, 0]  	460	6 
[4, 14, 3, 0]  	491	5 
[5, 0, 14, 0]  	529	6 
[19, 8, 3, 0]  	638	6 
[15, 14, 2, 0]  	669	6 
[19, 11, 2, 0]  	676	6 
[13, 17, 2, 0]  	700	8 
[7, 22, 2, 0]  	701	7 
[16, 0, 13, 0]  	707	6 
[19, 14, 1, 0]  	714	7 
[11, 20, 2, 0]  	731	7 
[5, 25, 2, 0]  	732	6 
[4, 11, 13, 0]  	732	6 
[14, 3, 13, 0]  	738	7 
[17, 17, 1, 0]  	745	7 
[20, 0, 12, 0]  	752	6 
[7, 26, 1, 0]  	762	6 
[3, 28, 2, 0]  	763	5 
[11, 23, 1, 0]  	769	6 
[5, 28, 1, 0]  	770	6 
[20, 17, 0, 0]  	771	2 
[4, 10, 15, 0]  	771	5 
[4, 29, 1, 0]  	774	6 
[15, 20, 1, 0]  	776	6 
[9, 25, 1, 0]  	777	6 
[3, 14, 13, 0]  	782	5 
[18, 3, 12, 0]  	783	6 
[13, 22, 1, 0]  	784	6 
[3, 32, 0, 0]  	793	5 
[7, 29, 0, 0]  	800	5 
[3, 31, 1, 0]  	801	5 
[3, 0, 24, 0]  	801	5 
[2, 32, 1, 0]  	805	5 
[3, 11, 16, 0]  	806	5 
[11, 26, 0, 0]  	807	5 
[5, 31, 0, 0]  	808	5 
[4, 1, 23, 0]  	812	5 
[15, 23, 0, 0]  	814	5 
[9, 28, 0, 0]  	815	5 
[4, 4, 21, 0]  	819	5 
[3, 17, 12, 0]  	820	5 
[13, 25, 0, 0]  	822	5 
[2, 18, 12, 0]  	824	4 
[4, 7, 19, 0]  	826	5 
[4, 3, 22, 0]  	827	5 
[17, 22, 0, 0]  	829	5 
[3, 4, 22, 0]  	831	4 
[4, 6, 20, 0]  	834	5 
[3, 7, 20, 0]  	838	4 
[4, 9, 18, 0]  	841	5 
[2, 35, 0, 0]  	843	4 
[3, 10, 18, 0]  	845	4 
[3, 6, 21, 0]  	846	4 
[3, 21, 10, 0]  	850	4 
[3, 9, 19, 0]  	853	4 
[3, 24, 8, 0]  	857	4 
[3, 20, 11, 0]  	858	4 
[2, 29, 5, 0]  	860	4 
[2, 21, 11, 0]  	862	3 
[3, 27, 6, 0]  	864	4 
[3, 23, 9, 0]  	865	4 
[2, 28, 6, 0]  	868	4 
[2, 24, 9, 0]  	869	3 
[2, 31, 4, 0]  	875	5 
[2, 27, 7, 0]  	876	3 
[2, 23, 10, 0]  	877	3 
[2, 7, 22, 0]  	881	3 
[2, 26, 8, 0]  	884	3 
[2, 14, 17, 0]  	887	4 
[2, 10, 20, 0]  	888	3 
[1, 15, 17, 0]  	891	3 
[1, 38, 0, 0]  	893	3 
[2, 13, 18, 0]  	895	3 
[2, 9, 21, 0]  	896	3 
[1, 14, 18, 0]  	899	3 
[1, 10, 21, 0]  	900	2 
[2, 12, 19, 0]  	903	3 
[2, 0, 28, 0]  	906	4 
[1, 13, 19, 0]  	907	2 
[1, 12, 20, 0]  	915	2 
[1, 31, 6, 0]  	918	3 
[1, 27, 9, 0]  	919	2 
[0, 32, 6, 0]  	922	2 
[1, 30, 7, 0]  	926	2 
[1, 18, 16, 0]  	929	3 
[0, 31, 7, 0]  	930	2 
[1, 29, 8, 0]  	934	2 
[0, 30, 8, 0]  	938	1 
[1, 0, 30, 0]  	949	2 
[0, 1, 30, 0]  	953	1 
[0, 16, 19, 0]  	957	1 
[0, 35, 5, 0]  	960	2 
[0, 0, 31, 0]  	961	1  <--- 3
[1, 21, 15, 0]  	967	3 
[0, 18, 18, 0]  	972	1 
[0, 4, 29, 0]  	991	1 
[0, 38, 4, 0]  	998	2 
[0, 21, 17, 0]  	1010	1 
[0, 44, 0, 0]  	1012	2  <--- 2
[0, 7, 28, 0]  	1029	1 
[0, 41, 3, 0]  	1036	2 
[0, 24, 16, 0]  	1048	1 
[0, 10, 27, 0]  	1067	1 
[0, 27, 15, 0]  	1086	1 
[0, 13, 26, 0]  	1105	1 
[20, 1, 0, 1]  	403	6 
[18, 8, 3, 1]  	619	10 
[14, 14, 2, 1]  	650	10 
[18, 11, 2, 1]  	657	9 
[12, 17, 2, 1]  	681	9 
[15, 0, 13, 1]  	688	9 
[18, 14, 1, 1]  	695	8 
[10, 20, 2, 1]  	712	8 
[13, 3, 13, 1]  	719	8 
[16, 17, 1, 1]  	726	8 
[19, 0, 12, 1]  	733	7 
[6, 26, 1, 1]  	743	7 
[10, 23, 1, 1]  	750	7 
[14, 20, 1, 1]  	757	7 
[8, 25, 1, 1]  	758	7 
[17, 3, 12, 1]  	764	7 
[12, 22, 1, 1]  	765	7 
[19, 18, 0, 1]  	775	6 
[6, 29, 0, 1]  	781	6 
[10, 26, 0, 1]  	788	6 
[4, 31, 0, 1]  	789	6 
[14, 23, 0, 1]  	795	6 
[8, 28, 0, 1]  	796	6 
[12, 25, 0, 1]  	803	6 
[16, 22, 0, 1]  	810	6 
[3, 26, 7, 1]  	872	4 
[2, 4, 24, 1]  	874	4 
[2, 1, 27, 1]  	898	4 
[1, 32, 5, 1]  	910	3 
[1, 1, 29, 1]  	941	2 
[1, 24, 12, 1]  	943	3 
[1, 35, 4, 1]  	948	3 
[1, 4, 28, 1]  	979	2 
[1, 7, 27, 1]  	1017	2 
[3, 3, 23, 2]  	839	4 
[2, 15, 16, 2]  	879	4 
[2, 20, 11, 23]  	839	3 
[7, 5, 5, 24]  	403	5 
[5, 11, 4, 24]  	472	5 
[4, 0, 15, 24]  	541	5 
[6, 22, 2, 24]  	682	6 
[4, 25, 2, 24]  	713	4 
[3, 11, 14, 24]  	744	3 
[4, 28, 1, 24]  	751	6 
[2, 31, 1, 24]  	782	5 
[2, 12, 18, 24]  	872	3 
[0, 38, 0, 24]  	874	2 
[1, 32, 4, 24]  	879	3 
[0, 18, 15, 24]  	879	1 
------
The gap is between 3 and 22.
Lengths: 3 3 5 5 3 4.
For 982 = 5*d/2-d1-d2-d3 you get 3 in char 0.
1*x^1*y^23*z^14
1*y^40*z^2
1*y^9*z^25

For 560 = 3*d/2-d1-d2-d3 you get 5 in char 0.
1*x^14*y^2*z^8
1*x^3*y^3*z^14
1*x^2*y^20*z^2
1*x^1*y^6*z^13
1*y^23*z^1

For 138 = d/2-d1-d2-d3 you get 3 in char 0.
1*x^4*z^2
1*x^2*y^3*z^1
1*y^6

Extra powers of p used 1.
The invariant extra is equal to 1.
Start computing 7^3 Delta^1 (x1x2x3)^6... Done.
Start computing 7^4 Delta^2 (x1x2x3)^6... Done.
Start computing 7^5 Delta^3 (x1x2x3)^6... Done.
Start computing 7^6 Delta^4 (x1x2x3)^6... Done.
Start computing 7^7 Delta^5 (x1x2x3)^6... Done.
Start computing 7^8 Delta^6 (x1x2x3)^6... Done.
Start computing aa.
1 2 3 4 5 6 7 8 9 10 11 
*/
A = \
[173587546769171371410,56764464788471955102,32679415450482999800,142891133067558396535,137301258818351923911,143534212124501813587,130663685968766244504,31727259644998530081,70800685386685091614,75101781391456201179,100457274383114768812;\
123034747500700967435,97623769134178824706,22077648946620630219,102454216581833827809,149495834665769706744,118737625526836051925,14819683216830340849,37461097192319678367,155363397527021500593,99881644070511486694,82814584190596837313;\
178399356866203834214,148395439537070188857,89823724147302994344,53257963138027249476,133798173044851115164,119585178225491303318,34367075130474474227,7080276623666026732,44814418013315538644,160170012750332256588,17149278965868860503;\
180463644640242007569,138070067028559299871,109016036955586438451,147878539970382420423,177686197167020329844,93058251814648778966,37525006166077402882,127029604280439758058,56792475693541653429,137967886509076482474,185877785445413524239;\
140729228878476711942,147282669890889974444,3758080724515888857,23776258796057027505,122756824017074949730,12095064520548615578,104633333246665950097,130615295021760778726,133343838672362257121,49023966483342668237,76355718499965160753;\
82823058969075944827,134236185649304026629,61993789122900053196,56775655882925716625,156668430731052215248,43149155776886705252,108502460646417693674,139319711611073866068,56864549412623850394,70233780618655797787,160674223733175728597;\
45015292857412293962,55776763109766367742,142633190646074552076,23776855316861708817,44783793317492046678,22661255658827160935,99887719605677818325,21713267566990538546,168432194171535327446,151912567058656476842,102152252258109325811;\
97813549723169161091,113788458463088014676,40242411624102075794,5004895161887468036,85248919755757727564,61584225141773847387,114962306087867327796,1299344901999506390,138077570020712737331,125648955168178058974,110442064394152280846;\
97862385099373917225,80366753350774381162,17303765782824130582,89352935899144794716,115217076414345846248,89944939678041579005,165411255447505095868,146442372284833931593,130784771340067049317,159600755964022000817,35439443337624452938;\
69936740306625850154,91762611724586052584,37608576615149910126,51944513015206321363,138860253728592559590,6605403010037656384,137656023258868747829,52688469284535802529,2562310697594791570,19236229592872361426,162699969273782534440;\
170252241034435655907,172063151684984520108,79561131275659938747,40693078870869632655,94704987601415450329,90647272891695637908,104280374615545007838,76717636531755083459,146958194269011689214,163518311881744994748,88956325020257082402]
/* 
This matrix times 7^(-1) should be the matrix of frobenius.
*/ 
B = 7^(-1) * A; 
/* Freed 52 lists. */
