/* Comments begin... 
Coefficient of   x^21 * y^1               = 2
Coefficient of   x^10 * y^2 * z^6         = 0
Coefficient of   x^8 * y^5 * z^5         = 0
Coefficient of   x^6 * y^8 * z^4         = 0
Coefficient of   x^4 * y^11 * z^3         = 2
Coefficient of   x^2 * y^14 * z^2         = 2
Coefficient of   x^1 * z^13               = 1
Coefficient of   y^17 * z^1               = -3

Here is the polynomial we're using this time:

2*x^21*y^1 + 2*x^4*y^11*z^3 + 2*x^2*y^14*z^2 + 1*x^1*z^13 + -3*y^17*z^1

Allocate G_len 20 elements and old = 0.
Allocate M_len = 400 elements.
Allocate G_len 40 elements and old = 20.
Allocate M_len = 800 elements.
Allocate G_len 80 elements and old = 40.
Allocate M_len = 1600 elements.
Allocate M_len = 3200 elements.
Allocate G_len 160 elements and old = 80.
Allocate M_len = 6400 elements.
Allocate M_len = 12800 elements.
Allocate G_len 320 elements and old = 160.
The final length of G is 137
[4, 11, 2, 0]  	391	4 
[21, 0, 0, 0]  	399	4  <--- 1
[2, 14, 2, 0]  	422	3 
[19, 14, 1, 0]  	714	4 
[16, 17, 1, 0]  	726	6 
[3, 28, 1, 0]  	732	4 
[18, 0, 13, 0]  	745	4 
[20, 0, 12, 0]  	752	4 
[15, 3, 13, 0]  	757	6 
[14, 20, 1, 0]  	757	6 
[20, 17, 0, 0]  	771	2 
[2, 31, 1, 0]  	782	3 
[18, 3, 12, 0]  	783	4 
[13, 6, 13, 0]  	788	6 
[12, 23, 1, 0]  	788	6 
[3, 11, 16, 0]  	806	3 
[1, 14, 15, 0]  	806	3 
[16, 6, 12, 0]  	814	4 
[11, 9, 13, 0]  	819	6 
[10, 26, 1, 0]  	819	7 
[14, 9, 12, 0]  	845	4 
[11, 29, 0, 0]  	876	7 
[6, 1, 24, 0]  	881	3 
[4, 4, 23, 0]  	881	3 
[2, 7, 22, 0]  	881	3 
[8, 1, 23, 0]  	888	3 
[6, 4, 22, 0]  	888	3 
[4, 7, 21, 0]  	888	3 
[2, 10, 20, 0]  	888	3 
[13, 28, 0, 0]  	891	7 
[8, 0, 24, 0]  	896	3 
[6, 3, 23, 0]  	896	3 
[4, 6, 22, 0]  	896	3 
[2, 9, 21, 0]  	896	3 
[1, 10, 21, 0]  	900	2 
[10, 0, 23, 0]  	903	3 
[8, 3, 22, 0]  	903	3 
[6, 6, 21, 0]  	903	3 
[4, 9, 20, 0]  	903	3 
[2, 12, 19, 0]  	903	3 
[9, 32, 0, 0]  	907	2 
[1, 13, 19, 0]  	907	2 
[1, 12, 20, 0]  	915	2 
[1, 27, 9, 0]  	919	2 
[1, 29, 8, 0]  	934	2 
[7, 35, 0, 0]  	938	1 
[0, 30, 8, 0]  	938	1 
[1, 1, 29, 0]  	941	2 
[1, 24, 12, 0]  	943	3 
[1, 0, 30, 0]  	949	2 
[0, 32, 7, 0]  	953	1 
[0, 1, 30, 0]  	953	1 
[0, 16, 19, 0]  	957	1 
[0, 0, 31, 0]  	961	1  <--- 3
[5, 38, 0, 0]  	969	1 
[0, 18, 18, 0]  	972	1 
[1, 4, 28, 0]  	979	2 
[0, 35, 6, 0]  	991	1 
[0, 4, 29, 0]  	991	1 
[3, 41, 0, 0]  	1000	1 
[0, 21, 17, 0]  	1010	1 
[1, 7, 27, 0]  	1017	2 
[0, 38, 5, 0]  	1029	1 
[0, 7, 28, 0]  	1029	1 
[1, 44, 0, 0]  	1031	1 
[0, 24, 16, 0]  	1048	1 
[0, 41, 4, 0]  	1067	1 
[0, 10, 27, 0]  	1067	1 
[0, 47, 0, 0]  	1081	1  <--- 2
[0, 27, 15, 0]  	1086	1 
[0, 44, 3, 0]  	1105	1 
[0, 13, 26, 0]  	1105	1 
[20, 1, 0, 1]  	403	4 
[3, 0, 13, 1]  	460	4 
[18, 14, 1, 1]  	695	6 
[19, 0, 12, 1]  	733	5 
[1, 31, 1, 1]  	763	3 
[17, 3, 12, 1]  	764	5 
[2, 13, 14, 1]  	771	3 
[19, 18, 0, 1]  	775	5 
[15, 6, 12, 1]  	795	5 
[1, 34, 0, 1]  	801	3 
[13, 9, 12, 1]  	826	5 
[6, 32, 0, 1]  	850	6 
[10, 29, 0, 1]  	857	6 
[8, 31, 0, 1]  	865	6 
[12, 28, 0, 1]  	872	7 
[2, 0, 27, 1]  	875	3 
[1, 30, 7, 1]  	926	2 
[0, 44, 0, 1]  	1012	2 
[2, 0, 24, 2]  	782	3 
[0, 32, 6, 2]  	922	2 
[0, 31, 7, 2]  	930	2 
[0, 35, 5, 2]  	960	2 
[0, 38, 4, 2]  	998	2 
[0, 41, 3, 2]  	1036	2 
[1, 21, 12, 18]  	874	2 
[1, 18, 12, 19]  	805	2 
[1, 7, 22, 19]  	862	2 
[1, 9, 21, 19]  	877	2 
[2, 29, 1, 20]  	736	3 
[1, 15, 13, 20]  	767	2 
[1, 17, 12, 20]  	782	2 
[1, 4, 23, 20]  	824	2 
[1, 6, 22, 20]  	839	2 
[1, 12, 19, 20]  	884	2 
[2, 26, 1, 21]  	667	3 
[1, 12, 13, 21]  	698	2 
[1, 30, 2, 21]  	771	2 
[1, 1, 24, 21]  	786	2 
[1, 3, 23, 21]  	801	2 
[1, 9, 20, 21]  	846	2 
[0, 38, 3, 21]  	967	2 
[2, 23, 1, 22]  	598	3 
[1, 9, 13, 22]  	629	2 
[1, 32, 0, 22]  	755	3 
[1, 0, 24, 22]  	763	2 
[1, 6, 21, 22]  	808	2 
[0, 35, 3, 22]  	898	2 
[2, 20, 1, 23]  	529	3 
[1, 6, 13, 23]  	560	2 
[1, 31, 0, 23]  	732	3 
[1, 3, 22, 23]  	770	2 
[0, 0, 26, 23]  	806	1 
[0, 32, 3, 23]  	829	2 
[3, 11, 3, 24]  	403	3 
[2, 17, 1, 24]  	460	3 
[0, 3, 13, 24]  	472	1 
[1, 14, 12, 24]  	713	2 
[1, 0, 23, 24]  	732	2 
[0, 0, 24, 24]  	744	1 
[0, 17, 12, 24]  	763	1 
[0, 20, 11, 24]  	801	1 
[0, 31, 3, 24]  	806	2 
[0, 23, 10, 24]  	839	1 
[0, 26, 9, 24]  	877	1 
[0, 29, 8, 24]  	915	1 
------
The gap is between 3 and 17.
Lengths: 3 3 5 7 3 10.
For 982 = 5*d/2-d1-d2-d3 you get 3 in char 0.
1*x^1*y^23*z^14
1*y^40*z^2
1*y^9*z^25

For 560 = 3*d/2-d1-d2-d3 you get 5 in char 0.
1*x^14*y^2*z^8
1*x^12*y^5*z^7
1*x^10*y^8*z^6
1*x^1*y^6*z^13
1*y^23*z^1

For 138 = d/2-d1-d2-d3 you get 3 in char 0.
1*x^4*z^2
1*x^2*y^3*z^1
1*y^6

Extra powers of p used 7.
The invariant extra is equal to 1.
Start computing 7^3 Delta^1 (x1x2x3)^6... Done.
Start computing 7^4 Delta^2 (x1x2x3)^6... Done.
Start computing 7^5 Delta^3 (x1x2x3)^6... Done.
Start computing 7^6 Delta^4 (x1x2x3)^6... Done.
Start computing 7^7 Delta^5 (x1x2x3)^6... Done.
Start computing 7^8 Delta^6 (x1x2x3)^6... Done.
Start computing aa.
1 2 3 4 5 6 7 8 9 10 11 
*/
A = \
[11139362264982714814,594424267430645140,7952127291560740862,17264399882019257995,14959335412341539954,15972217159682774746,19741301981835995470,9224564166475374247,7304175261580889860,5764889953596688159,13902762047076199003;\
12159248111213809354,22602799104801844600,3526503045717325422,15851649058611972333,18050747177935274523,3307499971953111725,11409536913943132727,5290634921617385060,16513222900476720719,20167953466413689958,7678822640482708428;\
24034777903091452455,23665219335070161352,12423106215292535112,16115920459136441741,16487412171688797199,8914748673857177186,24125860430738597118,7109242015428736547,21825565729050499458,2312742828512918970,4666424779958926726;\
925926923878988087,11975253185671354691,14783338741996663027,17774521751596338225,15800449080084925998,8186190012352432710,25534352840421548214,25673760682895348814,2326946556256089243,14377508718923297129,16030177814121318512;\
23450120153373046665,25802379495992631378,10716441065428547218,5505502222671590538,17793715745126947178,15885059817506823272,11092460215343798354,25570630867942419896,11129421953073702348,22806468247848542733,899269476882840609;\
12498623841082409954,19002009266816382282,4769163250012905807,15588868591795196145,9368134637863478729,4903567442065836684,25537649127558598660,24821525929863489491,21437494620255056630,27077545383363539183,26838567178726038533;\
23462657661138135930,22269557873718195796,18947961346906747008,20670035918465946621,23531234906725476686,286076264823977614,6906561368340455773,8927381491769799457,11134424686978451005,4668610456207876948,18546513422881910039;\
10009252680403876995,10387639493968208806,9949831189872576758,9912043291517605376,20576950733102157632,3771970992356148162,3424300616446470110,9779616484744084242,1198101159608148691,8046676553376540324,512777452307026697;\
26230084928038283173,483520681041046124,10854387004325014374,2298121550369885548,9423939417564292677,6508647452081697706,3659618746430190838,20785435346906401850,17355524555611096113,14133656392622877789,949089601359538681;\
24955288920396414937,17351487726452739216,18566380573468193445,22596975340013682839,13362409316010139609,10193897303030878129,11824512177857444408,5159271296478666395,9762242659841202244,4871905711965197339,23484181079359682689;\
15663363381103849303,27266957730084525535,4066741515630272220,1576306560904931826,26753673354805089581,818255065532823170,6722441010866115164,19365592882564473935,16442022978324151565,19055070904571755557,8676564631173822649]
/* 
This matrix times 7^(-6) should be the matrix of frobenius.
*/ 
B = 7^(-6) * A; 
/* Freed 49 lists. */
