/* Comments begin... 
Coefficient of   x^21 * y^1               = -2
Coefficient of   x^10 * y^2 * z^6         = 1
Coefficient of   x^8 * y^5 * z^5         = 1
Coefficient of   x^6 * y^8 * z^4         = 3
Coefficient of   x^4 * y^11 * z^3         = 1
Coefficient of   x^2 * y^14 * z^2         = -2
Coefficient of   x^1 * z^13               = -1
Coefficient of   y^17 * z^1               = 0

Here is the polynomial we're using this time:

-2*x^21*y^1 + 1*x^10*y^2*z^6 + 1*x^8*y^5*z^5 + 3*x^6*y^8*z^4 + 1*x^4*y^11*z^3 + -2*x^2*y^14*z^2 + -1*x^1*z^13

Allocate G_len 20 elements and old = 0.
Allocate M_len = 400 elements.
Allocate G_len 40 elements and old = 20.
Allocate M_len = 800 elements.
Allocate G_len 80 elements and old = 40.
Allocate M_len = 1600 elements.
Allocate M_len = 3200 elements.
Allocate G_len 160 elements and old = 80.
Allocate M_len = 6400 elements.
Allocate M_len = 12800 elements.
Allocate G_len 320 elements and old = 160.
Not smooth!
Coefficient of   x^21 * y^1               = 3
Coefficient of   x^10 * y^2 * z^6         = 1
Coefficient of   x^8 * y^5 * z^5         = 3
Coefficient of   x^6 * y^8 * z^4         = -2
Coefficient of   x^4 * y^11 * z^3         = -1
Coefficient of   x^2 * y^14 * z^2         = 3
Coefficient of   x^1 * z^13               = 2
Coefficient of   y^17 * z^1               = 0

Here is the polynomial we're using this time:

3*x^21*y^1 + 1*x^10*y^2*z^6 + 3*x^8*y^5*z^5 + -2*x^6*y^8*z^4 + -1*x^4*y^11*z^3 + 3*x^2*y^14*z^2 + 2*x^1*z^13

Not smooth!
Coefficient of   x^21 * y^1               = 2
Coefficient of   x^10 * y^2 * z^6         = 2
Coefficient of   x^8 * y^5 * z^5         = 2
Coefficient of   x^6 * y^8 * z^4         = 2
Coefficient of   x^4 * y^11 * z^3         = 2
Coefficient of   x^2 * y^14 * z^2         = -1
Coefficient of   x^1 * z^13               = 2
Coefficient of   y^17 * z^1               = 1

Here is the polynomial we're using this time:

2*x^21*y^1 + 2*x^10*y^2*z^6 + 2*x^8*y^5*z^5 + 2*x^6*y^8*z^4 + 2*x^4*y^11*z^3 + -1*x^2*y^14*z^2 + 2*x^1*z^13 + 1*y^17*z^1

Allocate M_len = 25600 elements.
The final length of G is 205
[10, 2, 5, 0]  	391	7 
[21, 0, 0, 0]  	399	7  <--- 1
[8, 5, 5, 0]  	422	6 
[4, 14, 3, 0]  	491	5 
[19, 5, 4, 0]  	600	7 
[12, 14, 2, 0]  	612	10 
[7, 0, 16, 0]  	629	6 
[17, 8, 4, 0]  	631	10 
[19, 8, 3, 0]  	638	7 
[12, 0, 14, 0]  	662	8 
[17, 11, 3, 0]  	669	8 
[9, 3, 14, 0]  	674	9 
[19, 11, 2, 0]  	676	7 
[9, 20, 2, 0]  	693	8 
[7, 22, 2, 0]  	701	8 
[16, 0, 13, 0]  	707	8 
[11, 19, 2, 0]  	708	7 
[19, 14, 1, 0]  	714	8 
[7, 8, 13, 0]  	720	8 
[6, 9, 13, 0]  	724	7 
[10, 22, 1, 0]  	727	8 
[9, 23, 1, 0]  	731	7 
[6, 8, 14, 0]  	732	7 
[5, 25, 2, 0]  	732	7 
[5, 9, 14, 0]  	736	7 
[7, 25, 1, 0]  	739	7 
[6, 26, 1, 0]  	743	7 
[17, 17, 1, 0]  	745	7 
[5, 11, 13, 0]  	751	7 
[20, 0, 12, 0]  	752	7 
[7, 11, 12, 0]  	758	7 
[6, 12, 12, 0]  	762	6 
[9, 26, 0, 0]  	769	6 
[20, 17, 0, 0]  	771	2 
[6, 7, 16, 0]  	771	6 
[14, 22, 0, 0]  	772	7 
[4, 29, 1, 0]  	774	6 
[13, 23, 0, 0]  	776	6 
[7, 28, 0, 0]  	777	6 
[6, 29, 0, 0]  	781	6 
[4, 28, 2, 0]  	782	6 
[3, 14, 13, 0]  	782	6 
[17, 20, 0, 0]  	783	6 
[11, 25, 0, 0]  	784	6 
[3, 29, 2, 0]  	786	5 
[6, 1, 21, 0]  	788	6 
[6, 4, 19, 0]  	795	6 
[6, 0, 22, 0]  	796	6 
[19, 19, 0, 0]  	798	6 
[5, 1, 22, 0]  	800	5 
[3, 31, 1, 0]  	801	5 
[6, 3, 20, 0]  	803	6 
[5, 8, 17, 0]  	806	6 
[5, 4, 20, 0]  	807	5 
[5, 31, 0, 0]  	808	6 
[6, 6, 18, 0]  	810	6 
[4, 32, 0, 0]  	812	5 
[5, 7, 18, 0]  	814	5 
[5, 3, 21, 0]  	815	5 
[4, 4, 21, 0]  	819	5 
[4, 0, 24, 0]  	820	6 
[5, 6, 19, 0]  	822	5 
[3, 1, 24, 0]  	824	4 
[4, 7, 19, 0]  	826	5 
[4, 3, 22, 0]  	827	5 
[3, 4, 22, 0]  	831	4 
[4, 10, 17, 0]  	833	5 
[4, 6, 20, 0]  	834	5 
[3, 11, 17, 0]  	837	5 
[3, 7, 20, 0]  	838	4 
[3, 3, 23, 0]  	839	4 
[4, 9, 18, 0]  	841	5 
[3, 18, 12, 0]  	843	5 
[3, 10, 18, 0]  	845	4 
[3, 6, 21, 0]  	846	4 
[3, 21, 10, 0]  	850	4 
[3, 9, 19, 0]  	853	4 
[3, 28, 5, 0]  	856	5 
[3, 24, 8, 0]  	857	4 
[3, 35, 0, 0]  	862	4 
[3, 27, 6, 0]  	864	4 
[3, 23, 9, 0]  	865	4 
[2, 28, 6, 0]  	868	4 
[2, 24, 9, 0]  	869	3 
[3, 26, 7, 0]  	872	4 
[2, 35, 1, 0]  	874	4 
[2, 4, 24, 0]  	874	4 
[2, 27, 7, 0]  	876	3 
[2, 7, 22, 0]  	881	3 
[2, 26, 8, 0]  	884	3 
[2, 14, 17, 0]  	887	4 
[2, 10, 20, 0]  	888	3 
[2, 21, 12, 0]  	893	4 
[2, 13, 18, 0]  	895	3 
[2, 9, 21, 0]  	896	3 
[2, 1, 27, 0]  	898	4 
[1, 10, 21, 0]  	900	2 
[2, 12, 19, 0]  	903	3 
[2, 0, 28, 0]  	906	4 
[1, 13, 19, 0]  	907	2 
[2, 38, 0, 0]  	912	3 
[1, 12, 20, 0]  	915	2 
[1, 31, 6, 0]  	918	3 
[1, 27, 9, 0]  	919	2 
[0, 32, 6, 0]  	922	2 
[1, 30, 7, 0]  	926	2 
[1, 18, 16, 0]  	929	3 
[0, 31, 7, 0]  	930	2 
[1, 29, 8, 0]  	934	2 
[0, 30, 8, 0]  	938	1 
[1, 1, 29, 0]  	941	2 
[1, 24, 12, 0]  	943	3 
[1, 0, 30, 0]  	949	2 
[0, 1, 30, 0]  	953	1 
[0, 16, 19, 0]  	957	1 
[0, 0, 31, 0]  	961	1  <--- 3
[1, 41, 0, 0]  	962	2 
[0, 18, 18, 0]  	972	1 
[1, 35, 5, 0]  	979	2 
[1, 4, 28, 0]  	979	2 
[0, 4, 29, 0]  	991	1 
[0, 21, 17, 0]  	1010	1 
[0, 44, 0, 0]  	1012	2  <--- 2
[1, 38, 4, 0]  	1017	2 
[1, 7, 27, 0]  	1017	2 
[0, 38, 5, 0]  	1029	1 
[0, 7, 28, 0]  	1029	1 
[0, 24, 16, 0]  	1048	1 
[0, 41, 4, 0]  	1067	1 
[0, 10, 27, 0]  	1067	1 
[0, 27, 15, 0]  	1086	1 
[0, 13, 26, 0]  	1105	1 
[20, 1, 0, 1]  	403	7 
[8, 8, 4, 1]  	460	7 
[18, 5, 4, 1]  	581	12 
[7, 0, 15, 1]  	598	7 
[18, 8, 3, 1]  	619	11 
[11, 0, 14, 1]  	643	9 
[16, 11, 3, 1]  	650	10 
[18, 11, 2, 1]  	657	10 
[15, 0, 13, 1]  	688	9 
[10, 19, 2, 1]  	689	8 
[18, 14, 1, 1]  	695	9 
[8, 23, 1, 1]  	712	8 
[16, 17, 1, 1]  	726	8 
[19, 0, 12, 1]  	733	8 
[13, 20, 1, 1]  	738	7 
[8, 26, 0, 1]  	750	7 
[15, 19, 1, 1]  	753	7 
[4, 12, 13, 1]  	755	6 
[12, 23, 0, 1]  	757	7 
[4, 11, 14, 1]  	763	6 
[16, 20, 0, 1]  	764	7 
[10, 25, 0, 1]  	765	7 
[5, 28, 1, 1]  	770	6 
[19, 18, 0, 1]  	775	7 
[18, 19, 0, 1]  	779	7 
[4, 31, 0, 1]  	789	6 
[3, 32, 0, 1]  	793	5 
[3, 0, 24, 1]  	801	5 
[2, 32, 1, 1]  	805	5 
[5, 0, 23, 1]  	808	5 
[4, 1, 23, 1]  	812	5 
[3, 17, 12, 1]  	820	5 
[2, 18, 12, 1]  	824	4 
[3, 12, 16, 1]  	829	5 
[2, 35, 0, 1]  	843	4 
[3, 20, 11, 1]  	858	4 
[2, 29, 5, 1]  	860	4 
[2, 21, 11, 1]  	862	3 
[2, 31, 4, 1]  	875	5 
[2, 23, 10, 1]  	877	3 
[2, 15, 16, 1]  	879	4 
[1, 15, 17, 1]  	891	3 
[1, 38, 0, 1]  	893	3 
[1, 14, 18, 1]  	899	3 
[1, 32, 5, 1]  	910	3 
[1, 35, 4, 1]  	948	3 
[0, 35, 5, 1]  	960	2 
[1, 21, 15, 1]  	967	3 
[0, 41, 3, 1]  	1036	2 
[7, 6, 14, 2]  	705	8 
[12, 20, 1, 2]  	719	8 
[14, 19, 1, 2]  	734	8 
[0, 38, 4, 2]  	998	2 
[6, 22, 2, 23]  	682	7 
[6, 1, 20, 23]  	757	6 
[0, 7, 27, 23]  	998	1 
[9, 2, 6, 24]  	403	6 
[4, 14, 2, 24]  	460	5 
[7, 8, 5, 24]  	472	6 
[6, 0, 16, 24]  	610	6 
[8, 22, 1, 24]  	689	8 
[5, 8, 14, 24]  	713	6 
[10, 23, 0, 24]  	719	6 
[12, 22, 0, 24]  	734	7 
[3, 29, 1, 24]  	755	4 
[3, 28, 2, 24]  	763	5 
[1, 3, 22, 24]  	770	1 
[5, 4, 19, 24]  	776	5 
[1, 1, 24, 24]  	786	1 
[4, 7, 18, 24]  	795	5 
[0, 1, 26, 24]  	829	1 
[1, 9, 21, 24]  	877	1 
[0, 31, 6, 24]  	899	2 
------
The gap is between 3 and 22.
Lengths: 3 3 5 5 3 3.
For 982 = 5*d/2-d1-d2-d3 you get 3 in char 0.
1*x^1*y^23*z^14
1*y^40*z^2
1*y^9*z^25

For 560 = 3*d/2-d1-d2-d3 you get 5 in char 0.
1*x^5*z^15
1*x^3*y^3*z^14
1*x^2*y^20*z^2
1*x^1*y^6*z^13
1*y^23*z^1

For 138 = d/2-d1-d2-d3 you get 3 in char 0.
1*x^4*z^2
1*x^2*y^3*z^1
1*y^6

Extra powers of p used 0.
The invariant extra is equal to 1.
Start computing 7^3 Delta^1 (x1x2x3)^6... Done.
Start computing 7^4 Delta^2 (x1x2x3)^6... Done.
Start computing 7^5 Delta^3 (x1x2x3)^6... Done.
Start computing 7^6 Delta^4 (x1x2x3)^6... Done.
Start computing 7^7 Delta^5 (x1x2x3)^6... Done.
Start computing 7^8 Delta^6 (x1x2x3)^6... Done.
Start computing aa.
1 2 3 4 5 6 7 8 9 10 11 
*/
A = \
[170999922738713897663,155818105211294234599,101750494455531082321,81987620973068302205,189014116208224349469,140495168704420360684,42245136760815930928,142685695659339580972,70277948644192201010,145884742898791020782,12695877453514468976;\
18458802038506680434,183776235757676408750,3861567307003777108,83933827663676282243,166665848549764665801,40766920513548620097,42831509034541874178,168760547661944465003,182330668088335821649,38211453647147141452,134606931252981782119;\
181926497284117250575,140986050484303991536,133221642467297053476,62370183534507652349,11870762441447836556,26581319780823974761,112654001912507729548,35929846261672960016,136360857786078655975,38857037364984518197,160108166671172339669;\
169627881269826963255,89975993302722681345,25048442500887871331,86651884605081737130,111798634199740162073,85076207758481590805,37766783714162770785,20620465416279343923,132020686759171530180,119447172910923088007,129264240705522596527;\
6388724856093735773,165943808540632953625,57762854911506615031,68007461305512589924,56020619536459099732,106586144907091922527,40366034390071302101,57351646834442906162,180084080167049428069,145004844266273006512,107627616711882445605;\
88742551097733998083,170698633099372111355,90182275035255639698,42685661646965146768,170071857287417426138,39336670377834416545,171793300658846303262,1921081368523004149,73146854246539808287,66230176958666253400,24933895464970216410;\
90712617081989266683,70075578752960706444,84968885108073338067,101595157233249083824,131855308773413952867,157958515974169679972,114644198618436067826,58065244911937958443,27801879828062329913,91118287421621946619,130222863070039883584;\
81880224612987524373,141765817134745957383,88114480849561609803,142327522460067022918,12730293889360814669,110781134612403147284,190824614991662555953,70756695891096785500,178031429477332859078,118465034199129087505,24618827060436953603;\
41198829027470493550,66161962446278203543,156227834969557334398,145166168928015140381,156318813753691389654,106857379044719713340,50085457995808977014,149478172674747664755,148064387306213771715,124564121643993845961,139908606220489950585;\
96646193384751297855,1745145203317943727,24244403657434743776,130430704080530820169,44756382708426320449,103797365598805830553,99476839697042374973,137504910605739326139,110504081291002642418,119478851250677283057,143398825505352045132;\
54735149386027258957,174257527703331724495,50746477419842346466,40830506871237008373,112781948184645031523,99698524250789843617,44201213962684717435,55917800104347027525,56472380226754017918,145654972620145467073,139997458982431445675]
/* 
This should be the matrix of frobenius!
*/ 
B = A; 
/* Freed 54 lists. */
