/* Comments begin... 
Coefficient of   x^21 * y^1               = 1
Coefficient of   x^10 * y^2 * z^6         = -1
Coefficient of   x^8 * y^5 * z^5         = -1
Coefficient of   x^6 * y^8 * z^4         = 1
Coefficient of   x^4 * y^11 * z^3         = 2
Coefficient of   x^2 * y^14 * z^2         = 0
Coefficient of   x^1 * z^13               = -3
Coefficient of   y^17 * z^1               = 3

Here is the polynomial we're using this time:

1*x^21*y^1 + -1*x^10*y^2*z^6 + -1*x^8*y^5*z^5 + 1*x^6*y^8*z^4 + 2*x^4*y^11*z^3 + -3*x^1*z^13 + 3*y^17*z^1

Allocate G_len 20 elements and old = 0.
Allocate M_len = 400 elements.
Allocate G_len 40 elements and old = 20.
Allocate M_len = 800 elements.
Allocate G_len 80 elements and old = 40.
Allocate M_len = 1600 elements.
Allocate M_len = 3200 elements.
Allocate G_len 160 elements and old = 80.
Allocate M_len = 6400 elements.
Allocate M_len = 12800 elements.
Allocate G_len 320 elements and old = 160.
Allocate M_len = 25600 elements.
Not smooth!
Coefficient of   x^21 * y^1               = 1
Coefficient of   x^10 * y^2 * z^6         = -3
Coefficient of   x^8 * y^5 * z^5         = -1
Coefficient of   x^6 * y^8 * z^4         = 3
Coefficient of   x^4 * y^11 * z^3         = -1
Coefficient of   x^2 * y^14 * z^2         = -3
Coefficient of   x^1 * z^13               = 2
Coefficient of   y^17 * z^1               = 1

Here is the polynomial we're using this time:

1*x^21*y^1 + -3*x^10*y^2*z^6 + -1*x^8*y^5*z^5 + 3*x^6*y^8*z^4 + -1*x^4*y^11*z^3 + -3*x^2*y^14*z^2 + 2*x^1*z^13 + 1*y^17*z^1

The final length of G is 202
[10, 2, 5, 0]  	391	7 
[21, 0, 0, 0]  	399	7  <--- 1
[8, 5, 5, 0]  	422	6 
[8, 8, 4, 0]  	460	7 
[6, 11, 4, 0]  	491	6 
[6, 14, 3, 0]  	529	7 
[5, 0, 15, 0]  	560	6 
[19, 5, 4, 0]  	600	7 
[19, 8, 3, 0]  	638	7 
[12, 0, 14, 0]  	662	9 
[17, 11, 3, 0]  	669	10 
[9, 3, 14, 0]  	674	9 
[19, 11, 2, 0]  	676	9 
[15, 0, 13, 0]  	688	9 
[9, 20, 2, 0]  	693	8 
[7, 6, 14, 0]  	705	8 
[17, 14, 2, 0]  	707	8 
[11, 19, 2, 0]  	708	8 
[19, 14, 1, 0]  	714	8 
[12, 20, 1, 0]  	719	8 
[7, 8, 13, 0]  	720	8 
[6, 9, 13, 0]  	724	7 
[9, 23, 1, 0]  	731	7 
[6, 8, 14, 0]  	732	7 
[5, 25, 2, 0]  	732	7 
[14, 19, 1, 0]  	734	8 
[5, 9, 14, 0]  	736	7 
[15, 17, 2, 0]  	738	7 
[7, 25, 1, 0]  	739	7 
[17, 17, 1, 0]  	745	7 
[11, 22, 1, 0]  	746	7 
[5, 11, 13, 0]  	751	7 
[20, 0, 12, 0]  	752	7 
[5, 29, 0, 0]  	762	6 
[4, 11, 14, 0]  	763	6 
[4, 26, 3, 0]  	767	6 
[9, 26, 0, 0]  	769	6 
[5, 28, 1, 0]  	770	6 
[4, 14, 12, 0]  	770	6 
[20, 17, 0, 0]  	771	2 
[5, 24, 4, 0]  	771	6 
[4, 29, 1, 0]  	774	6 
[13, 23, 0, 0]  	776	6 
[7, 28, 0, 0]  	777	6 
[5, 15, 11, 0]  	781	6 
[4, 28, 2, 0]  	782	6 
[3, 14, 13, 0]  	782	6 
[17, 20, 0, 0]  	783	6 
[11, 25, 0, 0]  	784	6 
[3, 29, 2, 0]  	786	5 
[5, 18, 9, 0]  	788	6 
[4, 31, 0, 0]  	789	6 
[15, 22, 0, 0]  	791	6 
[3, 32, 0, 0]  	793	5 
[5, 21, 7, 0]  	795	6 
[5, 17, 10, 0]  	796	6 
[19, 19, 0, 0]  	798	6 
[4, 18, 10, 0]  	800	5 
[3, 31, 1, 0]  	801	5 
[3, 0, 24, 0]  	801	5 
[5, 20, 8, 0]  	803	6 
[4, 25, 5, 0]  	806	6 
[4, 21, 8, 0]  	807	5 
[4, 17, 11, 0]  	808	5 
[5, 23, 6, 0]  	810	6 
[4, 24, 6, 0]  	814	5 
[4, 20, 9, 0]  	815	5 
[4, 4, 21, 0]  	819	5 
[3, 17, 12, 0]  	820	5 
[4, 23, 7, 0]  	822	5 
[2, 18, 12, 0]  	824	4 
[4, 7, 19, 0]  	826	5 
[4, 3, 22, 0]  	827	5 
[3, 12, 16, 0]  	829	5 
[3, 4, 22, 0]  	831	4 
[4, 6, 20, 0]  	834	5 
[3, 11, 17, 0]  	837	5 
[3, 7, 20, 0]  	838	4 
[3, 3, 23, 0]  	839	4 
[4, 9, 18, 0]  	841	5 
[2, 35, 0, 0]  	843	4 
[3, 10, 18, 0]  	845	4 
[3, 6, 21, 0]  	846	4 
[3, 21, 10, 0]  	850	4 
[3, 9, 19, 0]  	853	4 
[3, 24, 8, 0]  	857	4 
[3, 20, 11, 0]  	858	4 
[2, 29, 5, 0]  	860	4 
[2, 21, 11, 0]  	862	3 
[3, 23, 9, 0]  	865	4 
[2, 28, 6, 0]  	868	4 
[2, 24, 9, 0]  	869	3 
[3, 26, 7, 0]  	872	4 
[2, 4, 24, 0]  	874	4 
[2, 31, 4, 0]  	875	5 
[2, 27, 7, 0]  	876	3 
[2, 23, 10, 0]  	877	3 
[2, 15, 16, 0]  	879	4 
[2, 26, 8, 0]  	884	3 
[2, 14, 17, 0]  	887	4 
[1, 15, 17, 0]  	891	3 
[1, 38, 0, 0]  	893	3 
[2, 13, 18, 0]  	895	3 
[2, 1, 27, 0]  	898	4 
[1, 14, 18, 0]  	899	3 
[2, 0, 28, 0]  	906	4 
[1, 13, 19, 0]  	907	2 
[1, 32, 5, 0]  	910	3 
[1, 31, 6, 0]  	918	3 
[1, 27, 9, 0]  	919	2 
[0, 32, 6, 0]  	922	2 
[1, 30, 7, 0]  	926	2 
[1, 18, 16, 0]  	929	3 
[0, 31, 7, 0]  	930	2 
[1, 29, 8, 0]  	934	2 
[0, 30, 8, 0]  	938	1 
[1, 1, 29, 0]  	941	2 
[1, 24, 12, 0]  	943	3 
[1, 35, 4, 0]  	948	3 
[1, 0, 30, 0]  	949	2 
[0, 1, 30, 0]  	953	1 
[0, 16, 19, 0]  	957	1 
[0, 35, 5, 0]  	960	2 
[0, 0, 31, 0]  	961	1  <--- 3
[1, 21, 15, 0]  	967	3 
[0, 18, 18, 0]  	972	1 
[1, 4, 28, 0]  	979	2 
[0, 4, 29, 0]  	991	1 
[0, 38, 4, 0]  	998	2 
[0, 21, 17, 0]  	1010	1 
[1, 7, 27, 0]  	1017	2 
[0, 7, 28, 0]  	1029	1 
[0, 41, 3, 0]  	1036	2 
[0, 24, 16, 0]  	1048	1 
[0, 10, 27, 0]  	1067	1 
[0, 47, 0, 0]  	1081	1  <--- 2
[0, 27, 15, 0]  	1086	1 
[0, 13, 26, 0]  	1105	1 
[20, 1, 0, 1]  	403	7 
[18, 5, 4, 1]  	581	12 
[18, 8, 3, 1]  	619	11 
[15, 11, 3, 1]  	631	10 
[11, 0, 14, 1]  	643	10 
[14, 14, 2, 1]  	650	10 
[18, 11, 2, 1]  	657	10 
[10, 19, 2, 1]  	689	9 
[18, 14, 1, 1]  	695	9 
[13, 17, 2, 1]  	700	8 
[7, 22, 2, 1]  	701	8 
[8, 23, 1, 1]  	712	8 
[16, 17, 1, 1]  	726	8 
[10, 22, 1, 1]  	727	8 
[19, 0, 12, 1]  	733	8 
[6, 26, 1, 1]  	743	7 
[8, 26, 0, 1]  	750	7 
[12, 23, 0, 1]  	757	7 
[6, 28, 0, 1]  	758	7 
[16, 20, 0, 1]  	764	7 
[10, 25, 0, 1]  	765	7 
[14, 22, 0, 1]  	772	7 
[19, 18, 0, 1]  	775	7 
[18, 19, 0, 1]  	779	7 
[2, 32, 1, 1]  	805	5 
[4, 1, 23, 1]  	812	5 
[4, 10, 17, 1]  	833	5 
[3, 28, 5, 1]  	856	5 
[2, 7, 22, 1]  	881	3 
[2, 10, 20, 1]  	888	3 
[2, 9, 21, 1]  	896	3 
[1, 10, 21, 1]  	900	2 
[1, 12, 20, 1]  	915	2 
[0, 44, 0, 1]  	1012	2 
[14, 11, 3, 2]  	612	11 
[12, 17, 2, 2]  	681	9 
[4, 12, 13, 2]  	755	6 
[3, 27, 6, 2]  	864	4 
[2, 12, 19, 2]  	903	3 
[5, 12, 12, 23]  	743	5 
[3, 29, 1, 23]  	755	5 
[2, 13, 17, 23]  	864	3 
[1, 29, 7, 23]  	903	2 
[9, 2, 6, 24]  	403	6 
[7, 8, 5, 24]  	472	6 
[5, 14, 4, 24]  	541	6 
[11, 0, 13, 24]  	612	9 
[10, 19, 1, 24]  	658	8 
[7, 5, 14, 24]  	682	7 
[6, 8, 13, 24]  	701	6 
[5, 8, 14, 24]  	713	7 
[6, 25, 1, 24]  	720	5 
[5, 26, 1, 24]  	724	5 
[4, 25, 3, 24]  	744	6 
[2, 1, 24, 24]  	805	4 
[3, 18, 11, 24]  	812	4 
[2, 13, 16, 24]  	833	3 
[1, 24, 10, 24]  	881	2 
[1, 27, 8, 24]  	888	2 
[1, 26, 9, 24]  	896	2 
[0, 27, 9, 24]  	900	1 
[0, 29, 8, 24]  	915	1 
[0, 13, 20, 24]  	919	1 
[0, 15, 19, 24]  	934	1 
------
The gap is between 3 and 22.
Lengths: 3 3 5 5 3 3.
For 982 = 5*d/2-d1-d2-d3 you get 3 in char 0.
1*x^1*y^23*z^14
1*y^40*z^2
1*y^9*z^25

For 560 = 3*d/2-d1-d2-d3 you get 5 in char 0.
1*x^4*y^17*z^3
1*x^3*y^3*z^14
1*x^2*y^20*z^2
1*x^1*y^6*z^13
1*y^23*z^1

For 138 = d/2-d1-d2-d3 you get 3 in char 0.
1*x^4*z^2
1*x^2*y^3*z^1
1*y^6

Extra powers of p used 0.
The invariant extra is equal to 1.
Start computing 7^3 Delta^1 (x1x2x3)^6... Done.
Start computing 7^4 Delta^2 (x1x2x3)^6... Done.
Start computing 7^5 Delta^3 (x1x2x3)^6... Done.
Start computing 7^6 Delta^4 (x1x2x3)^6... Done.
Start computing 7^7 Delta^5 (x1x2x3)^6... Done.
Start computing 7^8 Delta^6 (x1x2x3)^6... Done.
Start computing aa.
1 2 3 4 5 6 7 8 9 10 11 
*/
A = \
[124735572000547632332,29652542105367854911,120002378050974927984,90745278174077605323,72326835031588191383,154568332311610516425,155776014639587309961,156699553152790728129,107107825672519216202,174771293687136667052,153774454346937879049;\
115956614536551504090,179883483521473216001,118355362251354645260,95641539688425455893,15033159470251168407,30959440709065870162,176737595155509050299,157971391549853884401,164575383780322670575,80768030936296440961,22903121706024773234;\
163688848113121168667,178075551319363433555,93032769287183993340,127217292589945256062,16149495645439248449,144257540928920498205,141885784832275238055,91289718981118377545,60009390641947669139,108577223990002008409,33235973119600793213;\
11782017873546094600,89134571082341247211,167780538279724068954,39746677821459001386,98629945478495230821,15201579837064620083,9666646894163080878,86784091146779355875,175068264137546166345,98229259590121165590,67197430030710129227;\
185128587172819872263,184505141346488858540,172735246266255158135,27941434917867536408,137851161310764034938,47794477602160558724,74331098603547134650,160729517986601554431,62044556120749865901,6743891386619622648,184169671964869488121;\
12223791386406932092,93270688441697725495,92971688246103904214,150552581599247704331,72941790222986988100,70311648783761657097,49280104993168955542,55818415314520885201,25111965414594179044,64363009352540567298,4922102514333592819;\
152331544340571519451,51675096457218245748,40852494274520533529,144135992032283975332,26355819560517450731,175158284437408225191,46724019114891152356,25882668774412698311,65754705751810608736,111649411334278210890,18160249943288534585;\
79402470057583785031,179153809326005503150,105270983442733971862,93101597575418761000,144565822365081796189,18407876181111104583,19722137277500466165,140952657129735221421,22567176027209820923,157464836338049787092,2408667958750563468;\
122784403516953677130,69527833877214778802,133674834321840287510,65229006957168186167,175903580247388936481,90690920490901218516,94669055687004919393,171512559857841954493,11131568965567871002,112431186809287212440,40678125363661229444;\
36136452937974565759,118899275260724730947,147271425572507137793,111827993726841203560,174573583256671380978,31251182247322584897,130121929540100099021,35567811034819532385,90241666042104895773,91257937799149762172,106332471051288170080;\
132152085730529666549,139984219048915954032,107382705975971919724,51177436086061173637,34243677614988792139,114447891307689785335,87996565726101146100,164960308176406886731,49361115979297370801,146115818939691454672,100105544414041712420]
/* 
This should be the matrix of frobenius!
*/ 
B = A; 
/* Freed 54 lists. */
