/* Comments begin... 
Coefficient of   x^21 * y^1               = 2
Coefficient of   x^10 * y^2 * z^6         = 1
Coefficient of   x^8 * y^5 * z^5         = 3
Coefficient of   x^6 * y^8 * z^4         = 2
Coefficient of   x^4 * y^11 * z^3         = 0
Coefficient of   x^2 * y^14 * z^2         = 3
Coefficient of   x^1 * z^13               = 3
Coefficient of   y^17 * z^1               = 2

Here is the polynomial we're using this time:

2*x^21*y^1 + 1*x^10*y^2*z^6 + 3*x^8*y^5*z^5 + 2*x^6*y^8*z^4 + 3*x^2*y^14*z^2 + 3*x^1*z^13 + 2*y^17*z^1

Allocate G_len 20 elements and old = 0.
Allocate M_len = 400 elements.
Allocate G_len 40 elements and old = 20.
Allocate M_len = 800 elements.
Allocate G_len 80 elements and old = 40.
Allocate M_len = 1600 elements.
Allocate M_len = 3200 elements.
Allocate G_len 160 elements and old = 80.
Allocate M_len = 6400 elements.
Allocate M_len = 12800 elements.
Allocate G_len 320 elements and old = 160.
Allocate M_len = 25600 elements.
Not smooth!
Coefficient of   x^21 * y^1               = 1
Coefficient of   x^10 * y^2 * z^6         = 0
Coefficient of   x^8 * y^5 * z^5         = -2
Coefficient of   x^6 * y^8 * z^4         = 1
Coefficient of   x^4 * y^11 * z^3         = 2
Coefficient of   x^2 * y^14 * z^2         = -2
Coefficient of   x^1 * z^13               = -1
Coefficient of   y^17 * z^1               = 0

Here is the polynomial we're using this time:

1*x^21*y^1 + -2*x^8*y^5*z^5 + 1*x^6*y^8*z^4 + 2*x^4*y^11*z^3 + -2*x^2*y^14*z^2 + -1*x^1*z^13

Not smooth!
Coefficient of   x^21 * y^1               = 2
Coefficient of   x^10 * y^2 * z^6         = -1
Coefficient of   x^8 * y^5 * z^5         = 3
Coefficient of   x^6 * y^8 * z^4         = -3
Coefficient of   x^4 * y^11 * z^3         = -2
Coefficient of   x^2 * y^14 * z^2         = 0
Coefficient of   x^1 * z^13               = -1
Coefficient of   y^17 * z^1               = 2

Here is the polynomial we're using this time:

2*x^21*y^1 + -1*x^10*y^2*z^6 + 3*x^8*y^5*z^5 + -3*x^6*y^8*z^4 + -2*x^4*y^11*z^3 + -1*x^1*z^13 + 2*y^17*z^1

The final length of G is 185
[10, 2, 5, 0]  	391	6 
[21, 0, 0, 0]  	399	6  <--- 1
[8, 5, 5, 0]  	422	5 
[8, 8, 4, 0]  	460	7 
[6, 11, 4, 0]  	491	5 
[6, 14, 3, 0]  	529	7 
[5, 0, 15, 0]  	560	6 
[19, 5, 4, 0]  	600	6 
[19, 8, 3, 0]  	638	6 
[14, 14, 2, 0]  	650	10 
[12, 0, 14, 0]  	662	8 
[17, 11, 3, 0]  	669	5 
[9, 3, 14, 0]  	674	8 
[19, 11, 2, 0]  	676	8 
[9, 20, 2, 0]  	693	7 
[13, 17, 2, 0]  	700	8 
[7, 22, 2, 0]  	701	7 
[7, 6, 14, 0]  	705	7 
[11, 19, 2, 0]  	708	8 
[18, 0, 12, 0]  	714	7 
[7, 8, 13, 0]  	720	8 
[6, 9, 13, 0]  	724	6 
[16, 17, 1, 0]  	726	7 
[9, 23, 1, 0]  	731	7 
[6, 8, 14, 0]  	732	7 
[5, 25, 2, 0]  	732	7 
[5, 9, 14, 0]  	736	7 
[7, 25, 1, 0]  	739	7 
[6, 26, 1, 0]  	743	7 
[11, 22, 1, 0]  	746	7 
[5, 11, 13, 0]  	751	7 
[15, 19, 1, 0]  	753	6 
[4, 12, 13, 0]  	755	6 
[12, 23, 0, 0]  	757	7 
[17, 19, 0, 0]  	760	6 
[5, 29, 0, 0]  	762	6 
[4, 11, 14, 0]  	763	6 
[9, 26, 0, 0]  	769	6 
[5, 28, 1, 0]  	770	6 
[4, 14, 12, 0]  	770	6 
[20, 17, 0, 0]  	771	2 
[5, 24, 4, 0]  	771	6 
[5, 20, 7, 0]  	772	6 
[4, 29, 1, 0]  	774	6 
[7, 28, 0, 0]  	777	6 
[5, 15, 11, 0]  	781	6 
[4, 28, 2, 0]  	782	6 
[3, 14, 13, 0]  	782	6 
[11, 25, 0, 0]  	784	6 
[3, 29, 2, 0]  	786	5 
[5, 18, 9, 0]  	788	6 
[4, 23, 6, 0]  	791	5 
[3, 32, 0, 0]  	793	5 
[5, 17, 10, 0]  	796	6 
[3, 31, 1, 0]  	801	5 
[3, 0, 24, 0]  	801	5 
[2, 32, 1, 0]  	805	5 
[4, 21, 8, 0]  	807	5 
[4, 17, 11, 0]  	808	5 
[4, 1, 23, 0]  	812	5 
[4, 20, 9, 0]  	815	5 
[4, 4, 21, 0]  	819	5 
[3, 17, 12, 0]  	820	5 
[2, 18, 12, 0]  	824	4 
[4, 7, 19, 0]  	826	5 
[4, 3, 22, 0]  	827	5 
[4, 26, 5, 0]  	829	5 
[3, 12, 16, 0]  	829	5 
[3, 4, 22, 0]  	831	4 
[4, 10, 17, 0]  	833	5 
[4, 6, 20, 0]  	834	5 
[3, 11, 17, 0]  	837	5 
[3, 7, 20, 0]  	838	4 
[3, 3, 23, 0]  	839	4 
[4, 9, 18, 0]  	841	5 
[2, 35, 0, 0]  	843	4 
[3, 10, 18, 0]  	845	4 
[3, 6, 21, 0]  	846	4 
[3, 21, 10, 0]  	850	4 
[3, 28, 5, 0]  	856	5 
[3, 20, 11, 0]  	858	4 
[2, 21, 11, 0]  	862	3 
[3, 27, 6, 0]  	864	4 
[3, 23, 9, 0]  	865	4 
[2, 28, 6, 0]  	868	4 
[2, 24, 9, 0]  	869	3 
[3, 26, 7, 0]  	872	4 
[2, 4, 24, 0]  	874	4 
[2, 31, 4, 0]  	875	5 
[2, 27, 7, 0]  	876	3 
[2, 23, 10, 0]  	877	3 
[2, 15, 16, 0]  	879	4 
[2, 7, 22, 0]  	881	3 
[2, 26, 8, 0]  	884	3 
[2, 14, 17, 0]  	887	4 
[2, 10, 20, 0]  	888	3 
[1, 15, 17, 0]  	891	3 
[1, 38, 0, 0]  	893	3 
[2, 13, 18, 0]  	895	3 
[2, 9, 21, 0]  	896	3 
[2, 1, 27, 0]  	898	4 
[1, 14, 18, 0]  	899	3 
[1, 10, 21, 0]  	900	2 
[2, 12, 19, 0]  	903	3 
[1, 13, 19, 0]  	907	2 
[1, 32, 5, 0]  	910	3 
[1, 12, 20, 0]  	915	2 
[1, 31, 6, 0]  	918	3 
[1, 27, 9, 0]  	919	2 
[0, 32, 6, 0]  	922	2 
[1, 30, 7, 0]  	926	2 
[1, 18, 16, 0]  	929	3 
[0, 31, 7, 0]  	930	2 
[1, 29, 8, 0]  	934	2 
[2, 0, 29, 0]  	937	3 
[0, 30, 8, 0]  	938	1 
[1, 1, 29, 0]  	941	2 
[1, 24, 12, 0]  	943	3 
[1, 35, 4, 0]  	948	3 
[1, 0, 30, 0]  	949	2 
[0, 1, 30, 0]  	953	1 
[0, 16, 19, 0]  	957	1 
[0, 35, 5, 0]  	960	2 
[0, 0, 31, 0]  	961	1  <--- 3
[1, 21, 15, 0]  	967	3 
[0, 18, 18, 0]  	972	1 
[0, 4, 29, 0]  	991	1 
[0, 38, 4, 0]  	998	2 
[0, 21, 17, 0]  	1010	1 
[0, 44, 0, 0]  	1012	2  <--- 2
[1, 7, 27, 0]  	1017	2 
[0, 7, 28, 0]  	1029	1 
[0, 41, 3, 0]  	1036	2 
[0, 24, 16, 0]  	1048	1 
[0, 10, 27, 0]  	1067	1 
[0, 27, 15, 0]  	1086	1 
[0, 13, 26, 0]  	1105	1 
[20, 1, 0, 1]  	403	6 
[18, 5, 4, 1]  	581	10 
[18, 8, 3, 1]  	619	10 
[15, 11, 3, 1]  	631	9 
[11, 0, 14, 1]  	643	9 
[18, 11, 2, 1]  	657	9 
[12, 17, 2, 1]  	681	9 
[10, 19, 2, 1]  	689	9 
[17, 0, 12, 1]  	695	8 
[16, 0, 13, 1]  	707	7 
[8, 23, 1, 1]  	712	8 
[10, 22, 1, 1]  	727	8 
[14, 19, 1, 1]  	734	7 
[13, 20, 1, 1]  	738	7 
[16, 19, 0, 1]  	741	7 
[8, 26, 0, 1]  	750	7 
[6, 28, 0, 1]  	758	7 
[10, 25, 0, 1]  	765	7 
[4, 26, 3, 1]  	767	6 
[19, 18, 0, 1]  	775	7 
[4, 31, 0, 1]  	789	6 
[4, 18, 10, 1]  	800	5 
[3, 24, 8, 1]  	857	4 
[2, 29, 5, 1]  	860	4 
[2, 0, 28, 1]  	906	4 
[14, 11, 3, 2]  	612	10 
[15, 0, 13, 2]  	688	8 
[12, 20, 1, 2]  	719	8 
[4, 25, 5, 2]  	806	6 
[3, 9, 19, 2]  	853	4 
[1, 4, 28, 2]  	979	2 
[3, 11, 16, 23]  	806	5 
[2, 26, 7, 23]  	853	3 
[0, 21, 16, 23]  	979	1 
[9, 2, 6, 24]  	403	5 
[7, 8, 5, 24]  	472	6 
[5, 14, 4, 24]  	541	6 
[12, 14, 2, 24]  	612	8 
[7, 5, 14, 24]  	682	7 
[14, 17, 1, 24]  	688	7 
[5, 8, 14, 24]  	713	6 
[10, 23, 0, 24]  	719	7 
[3, 11, 14, 24]  	744	3 
[4, 0, 23, 24]  	789	4 
[3, 4, 21, 24]  	800	2 
[4, 9, 17, 24]  	810	5 
[2, 10, 19, 24]  	857	3 
[1, 15, 16, 24]  	860	2 
------
The gap is between 3 and 22.
Lengths: 3 3 5 5 3 3.
For 982 = 5*d/2-d1-d2-d3 you get 3 in char 0.
1*x^1*y^23*z^14
1*y^40*z^2
1*y^9*z^25

For 560 = 3*d/2-d1-d2-d3 you get 5 in char 0.
1*x^4*y^17*z^3
1*x^3*y^3*z^14
1*x^2*y^20*z^2
1*x^1*y^6*z^13
1*y^23*z^1

For 138 = d/2-d1-d2-d3 you get 3 in char 0.
1*x^4*z^2
1*x^2*y^3*z^1
1*y^6

Extra powers of p used 0.
The invariant extra is equal to 1.
Start computing 7^3 Delta^1 (x1x2x3)^6... Done.
Start computing 7^4 Delta^2 (x1x2x3)^6... Done.
Start computing 7^5 Delta^3 (x1x2x3)^6... Done.
Start computing 7^6 Delta^4 (x1x2x3)^6... Done.
Start computing 7^7 Delta^5 (x1x2x3)^6... Done.
Start computing 7^8 Delta^6 (x1x2x3)^6... Done.
Start computing aa.
1 2 3 4 5 6 7 8 9 10 11 
*/
A = \
[126859012748395806922,141535714954136556179,79871251788016863158,120923801332715368498,138340744581679886379,3665885199088069468,123273556778470789978,154176320686342933531,58109732898877053856,44431078119757952434,124725849725367977471;\
142435169402874229911,15245865611455482206,32027376486303926867,182760877940090357901,1645128871653358399,28031999066689569322,69370847654833658052,87792355515338982340,123899656757342819290,79966645594432128462,182697662081324029836;\
9275836751202367520,21556537876539862060,101459786832546102213,102566393691791581944,141732776745571784521,17785557767145635698,112142409107401080555,182962680429042293794,107739527521283570542,45751065286093195504,79544836688406010936;\
102514527321417041727,32433072250927947047,135072638096782398802,188729034760303870434,93577740255212361589,62783145105754269917,78538436878155258872,119155219532439820464,16507974462301624400,55202828222225030305,90359271327763130357;\
110104489596694997667,42822140369643605907,40574600599896108906,111287056691979396228,57917941900662210507,122002888585063144988,65394609374187134622,153968505933424975436,103381895185180955238,24897490248512155722,61018938813644927934;\
95257679022493940903,159429098328085254533,130814301814307021518,112671620717422253641,152729895400565115227,44436663163012002057,40516540692963942096,101532557525621085465,155805868413371359512,100674486730513584490,127767765042048546590;\
10728687754346192252,16168571356492220989,90943806394089781451,71768313066298063411,97198138947226360974,22469022826295474443,55170632992351661358,181550610042901225833,89969604455662848077,43966553572144613914,124479705567333386711;\
25453099902154263641,82882095875145258878,118116027484453771003,41051954387131433704,62454971527938219181,174772669675387300461,182814679027894090681,43087048749277181082,49676481488880247540,64542133807071753546,87160835079959208554;\
140609996948853438576,86603272220622492053,7596196301143329502,185227679274976630334,134505326596420216584,102850991651993547991,104908478942688549268,163385273026883654453,165722486083400145648,79506462925581609211,191033090964331349755;\
6390267553675665817,9178223349015320184,149235483980459390600,189781286561195080773,170156595179404670991,169022714707018540676,7041840450676064824,13062433280950439855,2416291452958175114,169007977255630582202,179702906690199322262;\
173085507155378857401,171338980655225181595,70289671604458520443,177794149891018365670,15554614574447467624,9418717718665641092,3110891304062526446,32125062444909030954,71046764332872207229,95512699632673001868,149201982026080975831]
/* 
This should be the matrix of frobenius!
*/ 
B = A; 
/* Freed 53 lists. */
