/* Comments begin... 
Coefficient of   x^21 * y^1               = 3
Coefficient of   x^10 * y^2 * z^6         = 2
Coefficient of   x^8 * y^5 * z^5         = -2
Coefficient of   x^6 * y^8 * z^4         = 2
Coefficient of   x^4 * y^11 * z^3         = -1
Coefficient of   x^2 * y^14 * z^2         = -1
Coefficient of   x^1 * z^13               = 1
Coefficient of   y^17 * z^1               = -1

Here is the polynomial we're using this time:

3*x^21*y^1 + 2*x^10*y^2*z^6 + -2*x^8*y^5*z^5 + 2*x^6*y^8*z^4 + -1*x^4*y^11*z^3 + -1*x^2*y^14*z^2 + 1*x^1*z^13 + -1*y^17*z^1

Allocate G_len 20 elements and old = 0.
Allocate M_len = 400 elements.
Allocate G_len 40 elements and old = 20.
Allocate M_len = 800 elements.
Allocate G_len 80 elements and old = 40.
Allocate M_len = 1600 elements.
Allocate M_len = 3200 elements.
Allocate G_len 160 elements and old = 80.
Allocate M_len = 6400 elements.
Allocate M_len = 12800 elements.
Allocate G_len 320 elements and old = 160.
Allocate M_len = 25600 elements.
The final length of G is 198
[10, 2, 5, 0]  	391	7 
[21, 0, 0, 0]  	399	7  <--- 1
[8, 5, 5, 0]  	422	6 
[6, 11, 4, 0]  	491	6 
[6, 14, 3, 0]  	529	7 
[5, 0, 15, 0]  	560	6 
[19, 5, 4, 0]  	600	7 
[14, 11, 3, 0]  	612	11 
[17, 8, 4, 0]  	631	10 
[19, 8, 3, 0]  	638	7 
[9, 3, 14, 0]  	674	9 
[19, 11, 2, 0]  	676	9 
[15, 0, 13, 0]  	688	9 
[9, 20, 2, 0]  	693	8 
[14, 0, 14, 0]  	700	9 
[17, 14, 2, 0]  	707	8 
[19, 14, 1, 0]  	714	8 
[7, 8, 13, 0]  	720	8 
[7, 23, 2, 0]  	724	8 
[10, 22, 1, 0]  	727	8 
[9, 23, 1, 0]  	731	7 
[6, 8, 14, 0]  	732	7 
[5, 25, 2, 0]  	732	7 
[14, 19, 1, 0]  	734	8 
[13, 20, 1, 0]  	738	7 
[7, 25, 1, 0]  	739	7 
[6, 26, 1, 0]  	743	7 
[17, 17, 1, 0]  	745	7 
[13, 19, 2, 0]  	746	7 
[20, 0, 12, 0]  	752	7 
[12, 23, 0, 0]  	757	7 
[5, 29, 0, 0]  	762	6 
[4, 11, 14, 0]  	763	6 
[4, 26, 3, 0]  	767	6 
[9, 26, 0, 0]  	769	6 
[5, 28, 1, 0]  	770	6 
[4, 14, 12, 0]  	770	6 
[20, 17, 0, 0]  	771	2 
[5, 24, 4, 0]  	771	6 
[7, 28, 0, 0]  	777	6 
[5, 15, 11, 0]  	781	6 
[4, 28, 2, 0]  	782	6 
[3, 14, 13, 0]  	782	6 
[17, 20, 0, 0]  	783	6 
[11, 25, 0, 0]  	784	6 
[3, 29, 2, 0]  	786	5 
[5, 18, 9, 0]  	788	6 
[4, 31, 0, 0]  	789	6 
[15, 22, 0, 0]  	791	6 
[5, 21, 7, 0]  	795	6 
[5, 17, 10, 0]  	796	6 
[19, 19, 0, 0]  	798	6 
[4, 18, 10, 0]  	800	5 
[3, 31, 1, 0]  	801	5 
[3, 0, 24, 0]  	801	5 
[5, 20, 8, 0]  	803	6 
[2, 32, 1, 0]  	805	5 
[4, 25, 5, 0]  	806	6 
[4, 21, 8, 0]  	807	5 
[4, 17, 11, 0]  	808	5 
[5, 23, 6, 0]  	810	6 
[4, 1, 23, 0]  	812	5 
[4, 24, 6, 0]  	814	5 
[4, 4, 21, 0]  	819	5 
[3, 17, 12, 0]  	820	5 
[2, 18, 12, 0]  	824	4 
[4, 7, 19, 0]  	826	5 
[4, 3, 22, 0]  	827	5 
[3, 12, 16, 0]  	829	5 
[3, 4, 22, 0]  	831	4 
[4, 10, 17, 0]  	833	5 
[4, 6, 20, 0]  	834	5 
[3, 11, 17, 0]  	837	5 
[3, 7, 20, 0]  	838	4 
[3, 34, 0, 0]  	839	4 
[3, 3, 23, 0]  	839	4 
[4, 9, 18, 0]  	841	5 
[2, 35, 0, 0]  	843	4 
[3, 10, 18, 0]  	845	4 
[3, 6, 21, 0]  	846	4 
[3, 21, 10, 0]  	850	4 
[3, 9, 19, 0]  	853	4 
[3, 28, 5, 0]  	856	5 
[3, 24, 8, 0]  	857	4 
[3, 20, 11, 0]  	858	4 
[2, 29, 5, 0]  	860	4 
[2, 21, 11, 0]  	862	3 
[3, 27, 6, 0]  	864	4 
[3, 23, 9, 0]  	865	4 
[2, 28, 6, 0]  	868	4 
[3, 26, 7, 0]  	872	4 
[2, 4, 24, 0]  	874	4 
[2, 31, 4, 0]  	875	5 
[2, 27, 7, 0]  	876	3 
[2, 23, 10, 0]  	877	3 
[2, 15, 16, 0]  	879	4 
[2, 7, 22, 0]  	881	3 
[2, 26, 8, 0]  	884	3 
[2, 14, 17, 0]  	887	4 
[1, 38, 0, 0]  	893	3 
[2, 13, 18, 0]  	895	3 
[2, 9, 21, 0]  	896	3 
[2, 1, 27, 0]  	898	4 
[2, 12, 19, 0]  	903	3 
[2, 0, 28, 0]  	906	4 
[1, 13, 19, 0]  	907	2 
[1, 32, 5, 0]  	910	3 
[1, 27, 9, 0]  	919	2 
[0, 32, 6, 0]  	922	2 
[1, 30, 7, 0]  	926	2 
[1, 18, 16, 0]  	929	3 
[1, 29, 8, 0]  	934	2 
[0, 30, 8, 0]  	938	1 
[1, 1, 29, 0]  	941	2 
[1, 24, 12, 0]  	943	3 
[1, 35, 4, 0]  	948	3 
[1, 0, 30, 0]  	949	2 
[0, 1, 30, 0]  	953	1 
[0, 16, 19, 0]  	957	1 
[0, 35, 5, 0]  	960	2 
[0, 0, 31, 0]  	961	1  <--- 3
[1, 21, 15, 0]  	967	3 
[0, 18, 18, 0]  	972	1 
[1, 4, 28, 0]  	979	2 
[0, 4, 29, 0]  	991	1 
[0, 21, 17, 0]  	1010	1 
[0, 44, 0, 0]  	1012	2  <--- 2
[1, 7, 27, 0]  	1017	2 
[0, 7, 28, 0]  	1029	1 
[0, 41, 3, 0]  	1036	2 
[0, 24, 16, 0]  	1048	1 
[0, 10, 27, 0]  	1067	1 
[0, 27, 15, 0]  	1086	1 
[0, 13, 26, 0]  	1105	1 
[20, 1, 0, 1]  	403	7 
[8, 8, 4, 1]  	460	7 
[18, 5, 4, 1]  	581	12 
[18, 8, 3, 1]  	619	11 
[18, 11, 2, 1]  	657	10 
[12, 0, 14, 1]  	662	9 
[15, 14, 2, 1]  	669	9 
[12, 17, 2, 1]  	681	9 
[18, 14, 1, 1]  	695	9 
[7, 22, 2, 1]  	701	8 
[7, 6, 14, 1]  	705	8 
[11, 19, 2, 1]  	708	8 
[8, 23, 1, 1]  	712	8 
[12, 20, 1, 1]  	719	8 
[6, 9, 13, 1]  	724	7 
[16, 17, 1, 1]  	726	8 
[19, 0, 12, 1]  	733	8 
[5, 9, 14, 1]  	736	7 
[8, 26, 0, 1]  	750	7 
[5, 11, 13, 1]  	751	7 
[4, 12, 13, 1]  	755	6 
[6, 28, 0, 1]  	758	7 
[16, 20, 0, 1]  	764	7 
[10, 25, 0, 1]  	765	7 
[14, 22, 0, 1]  	772	7 
[4, 29, 1, 1]  	774	6 
[19, 18, 0, 1]  	775	7 
[18, 19, 0, 1]  	779	7 
[3, 32, 0, 1]  	793	5 
[4, 20, 9, 1]  	815	5 
[4, 23, 7, 1]  	822	5 
[2, 24, 9, 1]  	869	3 
[1, 15, 17, 1]  	891	3 
[1, 14, 18, 1]  	899	3 
[1, 10, 21, 1]  	900	2 
[1, 12, 20, 1]  	915	2 
[1, 31, 6, 1]  	918	3 
[0, 31, 7, 1]  	930	2 
[0, 38, 4, 1]  	998	2 
[11, 0, 14, 2]  	643	10 
[14, 14, 2, 2]  	650	10 
[10, 19, 2, 2]  	689	9 
[2, 10, 20, 2]  	888	3 
[9, 3, 13, 23]  	643	8 
[3, 15, 12, 23]  	774	5 
[1, 27, 8, 23]  	888	2 
[9, 2, 6, 24]  	403	6 
[6, 11, 3, 24]  	460	6 
[7, 8, 5, 24]  	472	6 
[5, 14, 4, 24]  	541	6 
[13, 0, 13, 24]  	650	9 
[9, 20, 1, 24]  	662	6 
[4, 25, 1, 24]  	682	4 
[8, 22, 1, 24]  	689	8 
[12, 19, 1, 24]  	696	8 
[10, 23, 0, 24]  	719	7 
[3, 29, 1, 24]  	755	5 
[3, 1, 23, 24]  	793	4 
[3, 6, 20, 24]  	815	3 
[3, 9, 18, 24]  	822	4 
[0, 27, 8, 24]  	869	1 
[0, 32, 5, 24]  	891	2 
[0, 0, 29, 24]  	899	1 
[0, 7, 27, 24]  	998	1 
------
The gap is between 3 and 22.
Lengths: 3 3 5 5 3 3.
For 982 = 5*d/2-d1-d2-d3 you get 3 in char 0.
1*x^1*y^23*z^14
1*y^40*z^2
1*y^9*z^25

For 560 = 3*d/2-d1-d2-d3 you get 5 in char 0.
1*x^4*y^17*z^3
1*x^3*y^3*z^14
1*x^2*y^20*z^2
1*x^1*y^6*z^13
1*y^23*z^1

For 138 = d/2-d1-d2-d3 you get 3 in char 0.
1*x^4*z^2
1*x^2*y^3*z^1
1*y^6

Extra powers of p used 0.
The invariant extra is equal to 1.
Start computing 7^3 Delta^1 (x1x2x3)^6... Done.
Start computing 7^4 Delta^2 (x1x2x3)^6... Done.
Start computing 7^5 Delta^3 (x1x2x3)^6... Done.
Start computing 7^6 Delta^4 (x1x2x3)^6... Done.
Start computing 7^7 Delta^5 (x1x2x3)^6... Done.
Start computing 7^8 Delta^6 (x1x2x3)^6... Done.
Start computing aa.
1 2 3 4 5 6 7 8 9 10 11 
*/
A = \
[14070178832260739198,151036973121069849227,186888549407446926934,124720259031684576400,61117330362710738690,144973550768073091456,28135983764698784828,82640989433345861644,155689867471753415850,113852307410712677128,86345066746611098797;\
145116543970290315122,12244006603890345320,163520344249387389864,61536039119555624162,78240306439211337547,115639865061908556271,43416964185337457071,50709217017358004553,144206965523526135538,31745877349747084664,179148443546109399656;\
34057115639296628842,57064198251411344233,17370829928974394159,24790939831757461999,54043750282686006122,54461207685984778224,40861804461385279862,22146717622352089935,80858031000704463275,100734754483167137445,10787316512880930260;\
11819124529630932503,182716635791302909514,182714439782404707519,176529593752225777406,61326539014504669899,174518587082809200035,183659097880873081544,141049327540832449221,61991408886064214172,13527034578732242764,9649392143510038724;\
112615409342729030229,102010353316744372249,128616021480028487255,34671097139141070685,168185850434408353232,10673637290787669583,5388551133505630440,119679557491653696278,178309820407202240946,129262811158835369827,171644429351289512233;\
144266631286207787160,12535585723079034374,161870383167753334649,57102050953519373221,169199705374245106610,87142979831504130086,155753856379888517513,107473411017888846182,191203153281521802225,46404885300172719383,178900241909640669607;\
41671160840266944010,108680343628412961047,45394753944082189672,4657895345580798797,140996294613446501600,67490319429676311035,167390794291760289117,179764258985026008671,143047812994846819262,136498158428609069610,52160067475692535989;\
45401069185878583194,31679584413379787399,154198717502804337144,166444564247633515200,61166872870099927791,143875653161445161964,166939434682698141940,57130798573062213146,104048436968079222668,9330932975005346026,65367841373453460478;\
189114481859065231102,110735804816304274596,58802350485129910743,14235398836444911356,137900514185954274076,71752866283205057342,112352160863345603354,190117650025684028438,144663159368534252873,16405277662068228080,68478948768650313887;\
70168344490332989513,54134773833441592552,133257197299284864877,92207514445970143899,189552420766766994034,173984810313969475016,24124188317118237831,31423750883542949785,128173842657311254384,154452598927987097969,114903756996652808751;\
86356009571818060168,86334687222065819164,123301723133145859465,180860947899193712423,2956955298024097125,57034386002678501956,165187179002264313013,103214822725258419581,53243582625290783712,114103097878388877552,14191702737897577291]
/* 
This should be the matrix of frobenius!
*/ 
B = A; 
/* Freed 54 lists. */
