/* Comments begin... 
Coefficient of   x^21 * y^1               = -3
Coefficient of   x^10 * y^2 * z^6         = 3
Coefficient of   x^8 * y^5 * z^5         = 0
Coefficient of   x^6 * y^8 * z^4         = -3
Coefficient of   x^4 * y^11 * z^3         = -2
Coefficient of   x^2 * y^14 * z^2         = 1
Coefficient of   x^1 * z^13               = -1
Coefficient of   y^17 * z^1               = -1

Here is the polynomial we're using this time:

-3*x^21*y^1 + 3*x^10*y^2*z^6 + -3*x^6*y^8*z^4 + -2*x^4*y^11*z^3 + 1*x^2*y^14*z^2 + -1*x^1*z^13 + -1*y^17*z^1

Allocate G_len 20 elements and old = 0.
Allocate M_len = 400 elements.
Allocate G_len 40 elements and old = 20.
Allocate M_len = 800 elements.
Allocate G_len 80 elements and old = 40.
Allocate M_len = 1600 elements.
Allocate M_len = 3200 elements.
Allocate G_len 160 elements and old = 80.
Allocate M_len = 6400 elements.
Allocate M_len = 12800 elements.
Allocate G_len 320 elements and old = 160.
Allocate M_len = 25600 elements.
The final length of G is 194
[10, 2, 5, 0]  	391	6 
[21, 0, 0, 0]  	399	6  <--- 1
[6, 8, 4, 0]  	422	5 
[6, 14, 3, 0]  	529	7 
[5, 0, 15, 0]  	560	6 
[17, 8, 3, 0]  	600	6 
[15, 11, 3, 0]  	631	5 
[12, 0, 14, 0]  	662	9 
[15, 14, 2, 0]  	669	9 
[9, 3, 14, 0]  	674	9 
[19, 11, 2, 0]  	676	9 
[9, 20, 2, 0]  	693	8 
[13, 17, 2, 0]  	700	8 
[8, 5, 14, 0]  	701	8 
[7, 6, 14, 0]  	705	8 
[16, 0, 13, 0]  	707	8 
[11, 19, 2, 0]  	708	8 
[9, 6, 13, 0]  	712	8 
[19, 14, 1, 0]  	714	8 
[8, 22, 2, 0]  	720	8 
[7, 23, 2, 0]  	724	7 
[9, 23, 1, 0]  	731	7 
[5, 25, 2, 0]  	732	7 
[5, 9, 14, 0]  	736	7 
[13, 20, 1, 0]  	738	7 
[7, 25, 1, 0]  	739	7 
[6, 26, 1, 0]  	743	7 
[17, 17, 1, 0]  	745	7 
[11, 22, 1, 0]  	746	7 
[5, 11, 13, 0]  	751	7 
[20, 0, 12, 0]  	752	7 
[15, 19, 1, 0]  	753	7 
[4, 12, 13, 0]  	755	6 
[5, 29, 0, 0]  	762	6 
[4, 26, 3, 0]  	767	6 
[9, 26, 0, 0]  	769	6 
[5, 28, 1, 0]  	770	6 
[4, 14, 12, 0]  	770	6 
[20, 17, 0, 0]  	771	2 
[5, 24, 4, 0]  	771	6 
[5, 15, 11, 0]  	781	6 
[4, 28, 2, 0]  	782	6 
[3, 14, 13, 0]  	782	6 
[17, 20, 0, 0]  	783	6 
[11, 25, 0, 0]  	784	6 
[3, 29, 2, 0]  	786	5 
[5, 18, 9, 0]  	788	6 
[4, 31, 0, 0]  	789	6 
[15, 22, 0, 0]  	791	6 
[3, 32, 0, 0]  	793	5 
[5, 21, 7, 0]  	795	6 
[5, 17, 10, 0]  	796	6 
[19, 19, 0, 0]  	798	6 
[4, 18, 10, 0]  	800	5 
[3, 31, 1, 0]  	801	5 
[3, 0, 24, 0]  	801	5 
[5, 20, 8, 0]  	803	6 
[2, 32, 1, 0]  	805	5 
[4, 25, 5, 0]  	806	6 
[4, 21, 8, 0]  	807	5 
[4, 17, 11, 0]  	808	5 
[5, 23, 6, 0]  	810	6 
[4, 1, 23, 0]  	812	5 
[4, 24, 6, 0]  	814	5 
[4, 4, 21, 0]  	819	5 
[3, 17, 12, 0]  	820	5 
[4, 23, 7, 0]  	822	5 
[2, 18, 12, 0]  	824	4 
[4, 7, 19, 0]  	826	5 
[4, 3, 22, 0]  	827	5 
[3, 12, 16, 0]  	829	5 
[3, 4, 22, 0]  	831	4 
[4, 10, 17, 0]  	833	5 
[4, 6, 20, 0]  	834	5 
[3, 11, 17, 0]  	837	5 
[3, 7, 20, 0]  	838	4 
[3, 3, 23, 0]  	839	4 
[4, 9, 18, 0]  	841	5 
[2, 35, 0, 0]  	843	4 
[3, 10, 18, 0]  	845	4 
[3, 6, 21, 0]  	846	4 
[3, 21, 10, 0]  	850	4 
[3, 9, 19, 0]  	853	4 
[3, 28, 5, 0]  	856	5 
[3, 20, 11, 0]  	858	4 
[2, 29, 5, 0]  	860	4 
[3, 27, 6, 0]  	864	4 
[3, 23, 9, 0]  	865	4 
[2, 28, 6, 0]  	868	4 
[2, 24, 9, 0]  	869	3 
[3, 26, 7, 0]  	872	4 
[2, 4, 24, 0]  	874	4 
[2, 27, 7, 0]  	876	3 
[2, 15, 16, 0]  	879	4 
[2, 7, 22, 0]  	881	3 
[2, 26, 8, 0]  	884	3 
[2, 10, 20, 0]  	888	3 
[1, 15, 17, 0]  	891	3 
[2, 13, 18, 0]  	895	3 
[2, 9, 21, 0]  	896	3 
[2, 1, 27, 0]  	898	4 
[1, 14, 18, 0]  	899	3 
[1, 10, 21, 0]  	900	2 
[2, 12, 19, 0]  	903	3 
[2, 0, 28, 0]  	906	4 
[1, 13, 19, 0]  	907	2 
[1, 32, 5, 0]  	910	3 
[1, 12, 20, 0]  	915	2 
[1, 31, 6, 0]  	918	3 
[1, 27, 9, 0]  	919	2 
[0, 32, 6, 0]  	922	2 
[1, 30, 7, 0]  	926	2 
[0, 31, 7, 0]  	930	2 
[1, 29, 8, 0]  	934	2 
[0, 30, 8, 0]  	938	1 
[1, 1, 29, 0]  	941	2 
[1, 24, 12, 0]  	943	3 
[1, 35, 4, 0]  	948	3 
[1, 0, 30, 0]  	949	2 
[0, 1, 30, 0]  	953	1 
[0, 16, 19, 0]  	957	1 
[0, 35, 5, 0]  	960	2 
[0, 0, 31, 0]  	961	1  <--- 3
[1, 41, 0, 0]  	962	2 
[1, 21, 15, 0]  	967	3 
[0, 18, 18, 0]  	972	1 
[0, 4, 29, 0]  	991	1 
[0, 38, 4, 0]  	998	2 
[0, 21, 17, 0]  	1010	1 
[0, 44, 0, 0]  	1012	2  <--- 2
[1, 7, 27, 0]  	1017	2 
[0, 7, 28, 0]  	1029	1 
[0, 41, 3, 0]  	1036	2 
[0, 24, 16, 0]  	1048	1 
[0, 10, 27, 0]  	1067	1 
[0, 27, 15, 0]  	1086	1 
[0, 13, 26, 0]  	1105	1 
[20, 1, 0, 1]  	403	6 
[16, 8, 3, 1]  	581	10 
[14, 11, 3, 1]  	612	9 
[11, 0, 14, 1]  	643	10 
[14, 14, 2, 1]  	650	10 
[18, 11, 2, 1]  	657	10 
[12, 17, 2, 1]  	681	9 
[15, 0, 13, 1]  	688	9 
[10, 19, 2, 1]  	689	9 
[18, 14, 1, 1]  	695	9 
[12, 20, 1, 1]  	719	8 
[16, 17, 1, 1]  	726	8 
[10, 22, 1, 1]  	727	8 
[19, 0, 12, 1]  	733	8 
[14, 19, 1, 1]  	734	8 
[8, 26, 0, 1]  	750	7 
[4, 11, 14, 1]  	763	6 
[16, 20, 0, 1]  	764	7 
[10, 25, 0, 1]  	765	7 
[14, 22, 0, 1]  	772	7 
[4, 29, 1, 1]  	774	6 
[19, 18, 0, 1]  	775	7 
[13, 23, 0, 1]  	776	6 
[7, 28, 0, 1]  	777	6 
[18, 19, 0, 1]  	779	7 
[4, 20, 9, 1]  	815	5 
[3, 24, 8, 1]  	857	4 
[2, 31, 4, 1]  	875	5 
[2, 14, 17, 1]  	887	4 
[12, 23, 0, 2]  	757	7 
[6, 28, 0, 2]  	758	7 
[1, 18, 16, 2]  	929	3 
[1, 4, 28, 2]  	979	2 
[2, 21, 11, 3]  	862	3 
[2, 23, 10, 3]  	877	3 
[1, 38, 0, 3]  	893	3 
[1, 7, 22, 22]  	862	2 
[1, 9, 21, 22]  	877	2 
[5, 18, 8, 23]  	757	6 
[5, 14, 11, 23]  	758	6 
[0, 35, 4, 23]  	929	2 
[0, 21, 16, 23]  	979	1 
[9, 2, 6, 24]  	403	5 
[5, 14, 4, 24]  	541	6 
[7, 5, 14, 24]  	682	8 
[5, 8, 14, 24]  	713	7 
[4, 25, 3, 24]  	744	6 
[3, 28, 2, 24]  	763	4 
[3, 15, 12, 24]  	774	5 
[4, 21, 7, 24]  	776	4 
[4, 17, 10, 24]  	777	4 
[4, 7, 18, 24]  	795	5 
[4, 3, 21, 24]  	796	5 
[3, 6, 20, 24]  	815	3 
[2, 10, 19, 24]  	857	3 
[2, 0, 27, 24]  	875	2 
[1, 31, 5, 24]  	887	3 
------
The gap is between 4 and 21.
Lengths: 3 3 5 5 3 3.
For 982 = 5*d/2-d1-d2-d3 you get 3 in char 0.
1*x^1*y^23*z^14
1*y^40*z^2
1*y^9*z^25

For 560 = 3*d/2-d1-d2-d3 you get 5 in char 0.
1*x^4*y^17*z^3
1*x^3*y^3*z^14
1*x^2*y^20*z^2
1*x^1*y^6*z^13
1*y^23*z^1

For 138 = d/2-d1-d2-d3 you get 3 in char 0.
1*x^4*z^2
1*x^2*y^3*z^1
1*y^6

Extra powers of p used 0.
The invariant extra is equal to 1.
Start computing 7^3 Delta^1 (x1x2x3)^6... Done.
Start computing 7^4 Delta^2 (x1x2x3)^6... Done.
Start computing 7^5 Delta^3 (x1x2x3)^6... Done.
Start computing 7^6 Delta^4 (x1x2x3)^6... Done.
Start computing 7^7 Delta^5 (x1x2x3)^6... Done.
Start computing 7^8 Delta^6 (x1x2x3)^6... Done.
Start computing aa.
1 2 3 4 5 6 7 8 9 10 11 
*/
A = \
[190849896446251294229,150316555700548528400,119816297706270803716,43192489233497149483,182592795388821980267,62212829038060731667,101063940892457143314,144779894052323887455,174126679334373528126,106408567078850814645,165307891541834194720;\
23553053206699217512,145334717451234446214,154507070563516721884,30286533946040491588,191311424445365256760,78760073723828166593,154701426933269615203,65030049065328889395,75702638611280067730,163169850770814292860,97589625395507708953;\
181018151798779480205,97351097913685109374,147830010308765950123,166364239050916647818,100232344947162762684,22972988595492801285,106533207920194821311,106819780408864613720,43365987386771477043,88178722310218991066,18482101430771790861;\
180183131372954742472,121890627778225419131,63219671643214099212,46024781967602156159,98720652056817808850,108728585805895305110,162095221189303761562,69791075421153810164,107517259777873467298,33649236808991686652,56668713000696427582;\
110573278918822393277,112961594671317842228,1680335964998635609,43253386167781958868,169626620401523332299,52815904993023247320,37672885294941712144,41115570317490538912,57790875288175703191,181425405760399695699,186682968537613091684;\
128838057797961379549,16867460371098361247,104025598433107337439,7609260669313106265,129042177579359346750,146881999159837991721,83436653277751810561,98337411572863169469,173090590691898509147,5419971443877138008,68823894607095807543;\
40722079910300540960,624743568335161551,82347897244440938251,9446485453607378918,36193515227044736722,127677427233754386856,2300122859303550323,5658571966836378520,80044833241245805940,15253445103503159182,148460297039412967343;\
149566017660477587678,47497222191164733263,134225555719702701270,39643005943732978878,46445222687203197760,131774653744752510779,165319863388134860552,65446630224062675623,133523660683910587482,32254126098003489925,187144904516685054632;\
31712201687123312712,179693892747174145063,191488668428276812323,1126583889729188632,88572687359686672793,107289703649225112533,115920698723490270092,134538203334285377872,19260603399799623561,72363878762445567745,157124018694377107709;\
16257866515366506803,26672227583090157906,176047336817439157457,23065565416715857266,42136679505095976983,137486244649640938653,99372116717491410604,133255659517849773023,102017157968214089489,79107871775938550517,43567172806511498494;\
113952431016537752951,179010200918249349929,106768421559094896789,45970809307737211282,144281400264982467578,16228153612031463277,124411834298816714888,157336063243284962925,14099014901217919428,155424900866465599285,10861827234955430167]
/* 
This should be the matrix of frobenius!
*/ 
B = A; 
/* Freed 54 lists. */
