/* Comments begin... 
Coefficient of   x^21 * y^1               = 2
Coefficient of   x^10 * y^2 * z^6         = 3
Coefficient of   x^8 * y^5 * z^5         = 2
Coefficient of   x^6 * y^8 * z^4         = 2
Coefficient of   x^4 * y^11 * z^3         = 1
Coefficient of   x^2 * y^14 * z^2         = -2
Coefficient of   x^1 * z^13               = -3
Coefficient of   y^17 * z^1               = -2

Here is the polynomial we're using this time:

2*x^21*y^1 + 3*x^10*y^2*z^6 + 2*x^8*y^5*z^5 + 2*x^6*y^8*z^4 + 1*x^4*y^11*z^3 + -2*x^2*y^14*z^2 + -3*x^1*z^13 + -2*y^17*z^1

Allocate G_len 20 elements and old = 0.
Allocate M_len = 400 elements.
Allocate G_len 40 elements and old = 20.
Allocate M_len = 800 elements.
Allocate G_len 80 elements and old = 40.
Allocate M_len = 1600 elements.
Allocate M_len = 3200 elements.
Allocate G_len 160 elements and old = 80.
Allocate M_len = 6400 elements.
Allocate M_len = 12800 elements.
Allocate G_len 320 elements and old = 160.
Allocate M_len = 25600 elements.
The final length of G is 194
[10, 2, 5, 0]  	391	7 
[21, 0, 0, 0]  	399	7  <--- 1
[8, 5, 5, 0]  	422	6 
[8, 8, 4, 0]  	460	7 
[6, 11, 4, 0]  	491	5 
[6, 14, 3, 0]  	529	7 
[5, 0, 15, 0]  	560	6 
[19, 5, 4, 0]  	600	7 
[19, 8, 3, 0]  	638	7 
[14, 14, 2, 0]  	650	10 
[12, 0, 14, 0]  	662	9 
[17, 11, 3, 0]  	669	9 
[9, 3, 14, 0]  	674	9 
[19, 11, 2, 0]  	676	9 
[9, 20, 2, 0]  	693	8 
[13, 17, 2, 0]  	700	8 
[7, 22, 2, 0]  	701	8 
[7, 6, 14, 0]  	705	8 
[16, 0, 13, 0]  	707	8 
[11, 19, 2, 0]  	708	8 
[19, 14, 1, 0]  	714	8 
[7, 8, 13, 0]  	720	8 
[6, 9, 13, 0]  	724	7 
[9, 23, 1, 0]  	731	7 
[6, 8, 14, 0]  	732	7 
[5, 25, 2, 0]  	732	7 
[5, 9, 14, 0]  	736	7 
[13, 20, 1, 0]  	738	7 
[7, 25, 1, 0]  	739	7 
[17, 17, 1, 0]  	745	7 
[11, 22, 1, 0]  	746	7 
[5, 11, 13, 0]  	751	7 
[20, 0, 12, 0]  	752	7 
[15, 19, 1, 0]  	753	7 
[4, 12, 13, 0]  	755	6 
[5, 29, 0, 0]  	762	6 
[4, 11, 14, 0]  	763	6 
[4, 26, 3, 0]  	767	6 
[5, 28, 1, 0]  	770	6 
[4, 14, 12, 0]  	770	6 
[20, 17, 0, 0]  	771	2 
[4, 29, 1, 0]  	774	6 
[13, 23, 0, 0]  	776	6 
[7, 28, 0, 0]  	777	6 
[4, 28, 2, 0]  	782	6 
[3, 14, 13, 0]  	782	6 
[17, 20, 0, 0]  	783	6 
[11, 25, 0, 0]  	784	6 
[3, 29, 2, 0]  	786	5 
[5, 18, 9, 0]  	788	6 
[15, 22, 0, 0]  	791	6 
[3, 32, 0, 0]  	793	5 
[19, 19, 0, 0]  	798	6 
[4, 18, 10, 0]  	800	5 
[3, 31, 1, 0]  	801	5 
[3, 0, 24, 0]  	801	5 
[2, 32, 1, 0]  	805	5 
[4, 25, 5, 0]  	806	6 
[4, 21, 8, 0]  	807	5 
[4, 17, 11, 0]  	808	5 
[4, 1, 23, 0]  	812	5 
[4, 24, 6, 0]  	814	5 
[4, 20, 9, 0]  	815	5 
[4, 4, 21, 0]  	819	5 
[3, 17, 12, 0]  	820	5 
[4, 23, 7, 0]  	822	5 
[2, 18, 12, 0]  	824	4 
[4, 7, 19, 0]  	826	5 
[4, 3, 22, 0]  	827	5 
[3, 12, 16, 0]  	829	5 
[3, 4, 22, 0]  	831	4 
[4, 10, 17, 0]  	833	5 
[4, 6, 20, 0]  	834	5 
[3, 11, 17, 0]  	837	5 
[3, 7, 20, 0]  	838	4 
[3, 3, 23, 0]  	839	4 
[4, 9, 18, 0]  	841	5 
[2, 35, 0, 0]  	843	4 
[3, 10, 18, 0]  	845	4 
[3, 6, 21, 0]  	846	4 
[3, 21, 10, 0]  	850	4 
[3, 24, 8, 0]  	857	4 
[3, 20, 11, 0]  	858	4 
[2, 29, 5, 0]  	860	4 
[2, 21, 11, 0]  	862	3 
[3, 27, 6, 0]  	864	4 
[3, 23, 9, 0]  	865	4 
[2, 28, 6, 0]  	868	4 
[2, 24, 9, 0]  	869	3 
[3, 26, 7, 0]  	872	4 
[2, 4, 24, 0]  	874	4 
[2, 31, 4, 0]  	875	5 
[2, 27, 7, 0]  	876	3 
[2, 23, 10, 0]  	877	3 
[2, 15, 16, 0]  	879	4 
[2, 7, 22, 0]  	881	3 
[2, 26, 8, 0]  	884	3 
[2, 14, 17, 0]  	887	4 
[1, 15, 17, 0]  	891	3 
[1, 38, 0, 0]  	893	3 
[2, 13, 18, 0]  	895	3 
[2, 9, 21, 0]  	896	3 
[1, 10, 21, 0]  	900	2 
[2, 12, 19, 0]  	903	3 
[2, 0, 28, 0]  	906	4 
[1, 32, 5, 0]  	910	3 
[1, 12, 20, 0]  	915	2 
[1, 31, 6, 0]  	918	3 
[1, 27, 9, 0]  	919	2 
[0, 32, 6, 0]  	922	2 
[1, 30, 7, 0]  	926	2 
[1, 18, 16, 0]  	929	3 
[0, 31, 7, 0]  	930	2 
[1, 29, 8, 0]  	934	2 
[0, 30, 8, 0]  	938	1 
[1, 1, 29, 0]  	941	2 
[1, 24, 12, 0]  	943	3 
[1, 35, 4, 0]  	948	3 
[1, 0, 30, 0]  	949	2 
[0, 1, 30, 0]  	953	1 
[0, 16, 19, 0]  	957	1 
[0, 35, 5, 0]  	960	2 
[0, 0, 31, 0]  	961	1  <--- 3
[1, 21, 15, 0]  	967	3 
[0, 18, 18, 0]  	972	1 
[1, 4, 28, 0]  	979	2 
[0, 4, 29, 0]  	991	1 
[0, 38, 4, 0]  	998	2 
[0, 21, 17, 0]  	1010	1 
[0, 44, 0, 0]  	1012	2  <--- 2
[1, 7, 27, 0]  	1017	2 
[0, 7, 28, 0]  	1029	1 
[0, 41, 3, 0]  	1036	2 
[0, 24, 16, 0]  	1048	1 
[0, 10, 27, 0]  	1067	1 
[0, 27, 15, 0]  	1086	1 
[0, 13, 26, 0]  	1105	1 
[20, 1, 0, 1]  	403	7 
[18, 5, 4, 1]  	581	12 
[18, 8, 3, 1]  	619	11 
[15, 11, 3, 1]  	631	10 
[11, 0, 14, 1]  	643	10 
[18, 11, 2, 1]  	657	10 
[12, 17, 2, 1]  	681	9 
[15, 0, 13, 1]  	688	9 
[10, 19, 2, 1]  	689	9 
[18, 14, 1, 1]  	695	9 
[8, 23, 1, 1]  	712	8 
[12, 20, 1, 1]  	719	8 
[16, 17, 1, 1]  	726	8 
[10, 22, 1, 1]  	727	8 
[19, 0, 12, 1]  	733	8 
[14, 19, 1, 1]  	734	8 
[6, 26, 1, 1]  	743	7 
[12, 23, 0, 1]  	757	7 
[6, 28, 0, 1]  	758	7 
[16, 20, 0, 1]  	764	7 
[10, 25, 0, 1]  	765	7 
[9, 26, 0, 1]  	769	6 
[5, 24, 4, 1]  	771	6 
[14, 22, 0, 1]  	772	7 
[19, 18, 0, 1]  	775	7 
[18, 19, 0, 1]  	779	7 
[5, 15, 11, 1]  	781	6 
[4, 31, 0, 1]  	789	6 
[5, 21, 7, 1]  	795	6 
[5, 17, 10, 1]  	796	6 
[5, 20, 8, 1]  	803	6 
[5, 23, 6, 1]  	810	6 
[3, 9, 19, 1]  	853	4 
[3, 28, 5, 1]  	856	5 
[2, 1, 27, 1]  	898	4 
[1, 13, 19, 1]  	907	2 
[14, 11, 3, 2]  	612	11 
[8, 26, 0, 2]  	750	7 
[2, 10, 20, 2]  	888	3 
[1, 14, 18, 3]  	899	3 
[0, 31, 6, 22]  	899	2 
[1, 27, 8, 23]  	888	2 
[9, 2, 6, 24]  	403	6 
[7, 8, 5, 24]  	472	6 
[4, 0, 15, 24]  	541	5 
[12, 14, 2, 24]  	612	10 
[7, 5, 14, 24]  	682	8 
[5, 8, 14, 24]  	713	7 
[5, 12, 12, 24]  	743	5 
[4, 25, 3, 24]  	744	6 
[5, 15, 10, 24]  	750	6 
[4, 18, 9, 24]  	769	5 
[2, 26, 7, 24]  	853	3 
[2, 14, 16, 24]  	856	3 
[1, 18, 15, 24]  	898	3 
[0, 30, 7, 24]  	907	1 
[0, 0, 30, 24]  	930	1 
------
The gap is between 4 and 21.
Lengths: 3 3 5 5 3 3.
For 982 = 5*d/2-d1-d2-d3 you get 3 in char 0.
1*x^1*y^23*z^14
1*y^40*z^2
1*y^9*z^25

For 560 = 3*d/2-d1-d2-d3 you get 5 in char 0.
1*x^4*y^17*z^3
1*x^3*y^3*z^14
1*x^2*y^20*z^2
1*x^1*y^6*z^13
1*y^23*z^1

For 138 = d/2-d1-d2-d3 you get 3 in char 0.
1*x^4*z^2
1*x^2*y^3*z^1
1*y^6

Extra powers of p used 0.
The invariant extra is equal to 1.
Start computing 7^3 Delta^1 (x1x2x3)^6... Done.
Start computing 7^4 Delta^2 (x1x2x3)^6... Done.
Start computing 7^5 Delta^3 (x1x2x3)^6... Done.
Start computing 7^6 Delta^4 (x1x2x3)^6... Done.
Start computing 7^7 Delta^5 (x1x2x3)^6... Done.
Start computing 7^8 Delta^6 (x1x2x3)^6... Done.
Start computing aa.
1 2 3 4 5 6 7 8 9 10 11 
*/
A = \
[157300352264106107123,52718424276104122020,181446020510989776390,24644540520497990897,58306140354857952193,108461245494589503593,165944623256252705298,169660171794159933621,4481118178056057174,184915572880457312579,183773414267946740398;\
64649244587474788311,150675348849377986488,187338910124299248033,38313518833174849768,126642962817616691369,78125387239382889000,48949748269609991279,121057845449404071222,654238955624247784,17834271043699406933,156578828143315869179;\
152705514520070961600,184141266326112018427,124322723227083232673,27715233084189456883,28558738203065158767,177243682633557944012,116442809053267367643,11345655428457895167,11987939379252304783,131174140952740743116,23621158310984282013;\
104551081367363079857,7923356002842654466,41993846286246536277,166289035675237027,87917364648586262727,182007754579208494916,15371474807081119671,8583765956273595822,169629856098276202860,176611692661399483719,175098881247796238593;\
521078612295584,52765025881448527288,110217125260231724552,34096143530305543393,83715924168969872283,102263424511936135259,127067102775898629365,130873521381664252079,17281410825104404965,171062028881409701560,99911114931525693957;\
126629256528816822558,53269910542480482366,137472872845722663434,86520829129571230289,122527678934238768183,50010692901816121076,159992066845613553138,43224379980402821578,148885265719301936300,54582744996785807830,10286082611779927379;\
142958865448584086071,75557048833399480923,89312720960203028506,55855128155139997579,168582569957519259178,121336356353421985881,145169735146395731513,165578786868547471034,144215449664430927531,163598861294999779929,165243804380511921288;\
21392534063439684172,165608287407191042879,89785510172530201610,47117205147844194244,15093702206469381810,140337089554966888276,138504054791476399683,92677691603048816110,89019745692437796726,160270975795013437746,80348561837758842502;\
57136040222590880915,137799107478469106975,33089269834527006683,63980212920177080198,55462977296323668848,140184582588917769602,9153010954352856647,187478719059647031198,180280169327336447348,66773999324841075099,132190600315665106117;\
103961978743927411975,94250772369458856265,128379255850480966570,81328700306905213778,159010325084173962182,183587461436095302845,85716241198012540633,23519246323191475164,148610131898351139219,65840654568186046535,151321638657620144504;\
325217767517666485,132639205406357065084,14318802752051238238,84013464177766624648,19994721683196320137,131802602890235437307,56855437314278757777,96809398846244040600,124541929615772132618,140659822760455391456,55897287625500402935]
/* 
This should be the matrix of frobenius!
*/ 
B = A; 
/* Freed 54 lists. */
