/* Comments begin... 
Coefficient of   x^21 * y^1               = -2
Coefficient of   x^10 * y^2 * z^6         = 2
Coefficient of   x^8 * y^5 * z^5         = 0
Coefficient of   x^6 * y^8 * z^4         = -3
Coefficient of   x^4 * y^11 * z^3         = 1
Coefficient of   x^2 * y^14 * z^2         = 3
Coefficient of   x^1 * z^13               = 0
Coefficient of   y^17 * z^1               = 3

Here is the polynomial we're using this time:

-2*x^21*y^1 + 2*x^10*y^2*z^6 + -3*x^6*y^8*z^4 + 1*x^4*y^11*z^3 + 3*x^2*y^14*z^2 + 3*y^17*z^1

Allocate G_len 20 elements and old = 0.
Allocate M_len = 400 elements.
Allocate G_len 40 elements and old = 20.
Allocate M_len = 800 elements.
Allocate G_len 80 elements and old = 40.
Allocate M_len = 1600 elements.
Not smooth!
Coefficient of   x^21 * y^1               = -1
Coefficient of   x^10 * y^2 * z^6         = 1
Coefficient of   x^8 * y^5 * z^5         = -3
Coefficient of   x^6 * y^8 * z^4         = 3
Coefficient of   x^4 * y^11 * z^3         = 1
Coefficient of   x^2 * y^14 * z^2         = 2
Coefficient of   x^1 * z^13               = -1
Coefficient of   y^17 * z^1               = -3

Here is the polynomial we're using this time:

-1*x^21*y^1 + 1*x^10*y^2*z^6 + -3*x^8*y^5*z^5 + 3*x^6*y^8*z^4 + 1*x^4*y^11*z^3 + 2*x^2*y^14*z^2 + -1*x^1*z^13 + -3*y^17*z^1

Allocate M_len = 3200 elements.
Allocate G_len 160 elements and old = 80.
Allocate M_len = 6400 elements.
Allocate M_len = 12800 elements.
Allocate G_len 320 elements and old = 160.
Allocate M_len = 25600 elements.
The final length of G is 193
[10, 2, 5, 0]  	391	7 
[21, 0, 0, 0]  	399	7  <--- 1
[8, 5, 5, 0]  	422	6 
[8, 8, 4, 0]  	460	7 
[6, 11, 4, 0]  	491	6 
[6, 14, 3, 0]  	529	7 
[5, 0, 15, 0]  	560	6 
[19, 5, 4, 0]  	600	7 
[15, 11, 3, 0]  	631	10 
[19, 8, 3, 0]  	638	7 
[12, 0, 14, 0]  	662	9 
[15, 14, 2, 0]  	669	9 
[9, 3, 14, 0]  	674	9 
[19, 11, 2, 0]  	676	9 
[9, 20, 2, 0]  	693	8 
[13, 17, 2, 0]  	700	8 
[7, 22, 2, 0]  	701	8 
[7, 6, 14, 0]  	705	8 
[16, 0, 13, 0]  	707	8 
[19, 14, 1, 0]  	714	8 
[7, 8, 13, 0]  	720	8 
[6, 9, 13, 0]  	724	7 
[10, 22, 1, 0]  	727	8 
[9, 23, 1, 0]  	731	7 
[6, 8, 14, 0]  	732	7 
[5, 25, 2, 0]  	732	7 
[5, 9, 14, 0]  	736	7 
[13, 20, 1, 0]  	738	7 
[7, 25, 1, 0]  	739	7 
[6, 26, 1, 0]  	743	7 
[17, 17, 1, 0]  	745	7 
[5, 11, 13, 0]  	751	7 
[20, 0, 12, 0]  	752	7 
[15, 19, 1, 0]  	753	7 
[4, 12, 13, 0]  	755	6 
[5, 29, 0, 0]  	762	6 
[4, 11, 14, 0]  	763	6 
[4, 26, 3, 0]  	767	6 
[5, 28, 1, 0]  	770	6 
[4, 14, 12, 0]  	770	6 
[20, 17, 0, 0]  	771	2 
[5, 24, 4, 0]  	771	6 
[4, 29, 1, 0]  	774	6 
[13, 23, 0, 0]  	776	6 
[7, 28, 0, 0]  	777	6 
[5, 15, 11, 0]  	781	6 
[4, 28, 2, 0]  	782	6 
[3, 14, 13, 0]  	782	6 
[17, 20, 0, 0]  	783	6 
[11, 25, 0, 0]  	784	6 
[3, 29, 2, 0]  	786	5 
[5, 18, 9, 0]  	788	6 
[4, 31, 0, 0]  	789	6 
[15, 22, 0, 0]  	791	6 
[3, 32, 0, 0]  	793	5 
[5, 21, 7, 0]  	795	6 
[5, 17, 10, 0]  	796	6 
[19, 19, 0, 0]  	798	6 
[4, 18, 10, 0]  	800	5 
[3, 31, 1, 0]  	801	5 
[3, 0, 24, 0]  	801	5 
[5, 20, 8, 0]  	803	6 
[2, 32, 1, 0]  	805	5 
[4, 25, 5, 0]  	806	6 
[4, 21, 8, 0]  	807	5 
[4, 17, 11, 0]  	808	5 
[5, 23, 6, 0]  	810	6 
[4, 1, 23, 0]  	812	5 
[4, 24, 6, 0]  	814	5 
[4, 20, 9, 0]  	815	5 
[4, 4, 21, 0]  	819	5 
[3, 17, 12, 0]  	820	5 
[4, 23, 7, 0]  	822	5 
[2, 18, 12, 0]  	824	4 
[4, 7, 19, 0]  	826	5 
[4, 3, 22, 0]  	827	5 
[3, 12, 16, 0]  	829	5 
[4, 10, 17, 0]  	833	5 
[4, 6, 20, 0]  	834	5 
[3, 7, 20, 0]  	838	4 
[3, 3, 23, 0]  	839	4 
[4, 9, 18, 0]  	841	5 
[2, 35, 0, 0]  	843	4 
[3, 10, 18, 0]  	845	4 
[3, 6, 21, 0]  	846	4 
[3, 21, 10, 0]  	850	4 
[3, 9, 19, 0]  	853	4 
[3, 28, 5, 0]  	856	5 
[3, 24, 8, 0]  	857	4 
[3, 20, 11, 0]  	858	4 
[2, 29, 5, 0]  	860	4 
[2, 21, 11, 0]  	862	3 
[3, 27, 6, 0]  	864	4 
[3, 23, 9, 0]  	865	4 
[2, 28, 6, 0]  	868	4 
[2, 24, 9, 0]  	869	3 
[3, 26, 7, 0]  	872	4 
[2, 4, 24, 0]  	874	4 
[2, 27, 7, 0]  	876	3 
[2, 23, 10, 0]  	877	3 
[2, 15, 16, 0]  	879	4 
[2, 7, 22, 0]  	881	3 
[2, 26, 8, 0]  	884	3 
[2, 14, 17, 0]  	887	4 
[2, 10, 20, 0]  	888	3 
[1, 15, 17, 0]  	891	3 
[1, 38, 0, 0]  	893	3 
[2, 13, 18, 0]  	895	3 
[2, 9, 21, 0]  	896	3 
[2, 1, 27, 0]  	898	4 
[1, 10, 21, 0]  	900	2 
[2, 0, 28, 0]  	906	4 
[1, 13, 19, 0]  	907	2 
[1, 12, 20, 0]  	915	2 
[1, 31, 6, 0]  	918	3 
[1, 27, 9, 0]  	919	2 
[0, 32, 6, 0]  	922	2 
[1, 30, 7, 0]  	926	2 
[1, 18, 16, 0]  	929	3 
[0, 31, 7, 0]  	930	2 
[1, 29, 8, 0]  	934	2 
[0, 30, 8, 0]  	938	1 
[1, 35, 4, 0]  	948	3 
[1, 0, 30, 0]  	949	2 
[0, 1, 30, 0]  	953	1 
[0, 16, 19, 0]  	957	1 
[0, 35, 5, 0]  	960	2 
[0, 0, 31, 0]  	961	1  <--- 3
[1, 21, 15, 0]  	967	3 
[0, 18, 18, 0]  	972	1 
[0, 4, 29, 0]  	991	1 
[0, 38, 4, 0]  	998	2 
[0, 21, 17, 0]  	1010	1 
[0, 44, 0, 0]  	1012	2  <--- 2
[1, 7, 27, 0]  	1017	2 
[0, 7, 28, 0]  	1029	1 
[0, 41, 3, 0]  	1036	2 
[0, 24, 16, 0]  	1048	1 
[0, 10, 27, 0]  	1067	1 
[0, 27, 15, 0]  	1086	1 
[0, 13, 26, 0]  	1105	1 
[20, 1, 0, 1]  	403	7 
[18, 5, 4, 1]  	581	12 
[14, 11, 3, 1]  	612	11 
[18, 8, 3, 1]  	619	11 
[11, 0, 14, 1]  	643	10 
[14, 14, 2, 1]  	650	10 
[18, 11, 2, 1]  	657	10 
[12, 17, 2, 1]  	681	9 
[15, 0, 13, 1]  	688	9 
[18, 14, 1, 1]  	695	9 
[11, 19, 2, 1]  	708	8 
[8, 23, 1, 1]  	712	8 
[12, 20, 1, 1]  	719	8 
[16, 17, 1, 1]  	726	8 
[19, 0, 12, 1]  	733	8 
[14, 19, 1, 1]  	734	8 
[12, 23, 0, 1]  	757	7 
[6, 28, 0, 1]  	758	7 
[16, 20, 0, 1]  	764	7 
[10, 25, 0, 1]  	765	7 
[9, 26, 0, 1]  	769	6 
[14, 22, 0, 1]  	772	7 
[19, 18, 0, 1]  	775	7 
[18, 19, 0, 1]  	779	7 
[3, 4, 22, 1]  	831	4 
[3, 11, 17, 1]  	837	5 
[2, 31, 4, 1]  	875	5 
[1, 14, 18, 1]  	899	3 
[2, 12, 19, 1]  	903	3 
[1, 32, 5, 1]  	910	3 
[1, 1, 29, 1]  	941	2 
[1, 24, 12, 1]  	943	3 
[1, 4, 28, 1]  	979	2 
[10, 19, 2, 2]  	689	9 
[8, 26, 0, 2]  	750	7 
[5, 15, 10, 23]  	750	6 
[9, 2, 6, 24]  	403	6 
[7, 8, 5, 24]  	472	5 
[5, 14, 4, 24]  	541	5 
[7, 5, 14, 24]  	682	8 
[8, 22, 1, 24]  	689	8 
[5, 8, 14, 24]  	713	6 
[4, 25, 3, 24]  	744	6 
[4, 18, 9, 24]  	769	5 
[4, 4, 20, 24]  	788	4 
[2, 21, 10, 24]  	831	3 
[2, 28, 5, 24]  	837	3 
[2, 0, 27, 24]  	875	4 
[0, 31, 6, 24]  	899	2 
[1, 29, 7, 24]  	903	2 
[0, 18, 16, 24]  	910	1 
[0, 41, 0, 24]  	943	2 
------
The gap is between 3 and 22.
Lengths: 3 3 5 5 3 3.
For 982 = 5*d/2-d1-d2-d3 you get 3 in char 0.
1*x^1*y^23*z^14
1*y^40*z^2
1*y^9*z^25

For 560 = 3*d/2-d1-d2-d3 you get 5 in char 0.
1*x^4*y^17*z^3
1*x^3*y^3*z^14
1*x^2*y^20*z^2
1*x^1*y^6*z^13
1*y^23*z^1

For 138 = d/2-d1-d2-d3 you get 3 in char 0.
1*x^4*z^2
1*x^2*y^3*z^1
1*y^6

Extra powers of p used 0.
The invariant extra is equal to 1.
Start computing 7^3 Delta^1 (x1x2x3)^6... Done.
Start computing 7^4 Delta^2 (x1x2x3)^6... Done.
Start computing 7^5 Delta^3 (x1x2x3)^6... Done.
Start computing 7^6 Delta^4 (x1x2x3)^6... Done.
Start computing 7^7 Delta^5 (x1x2x3)^6... Done.
Start computing 7^8 Delta^6 (x1x2x3)^6... Done.
Start computing aa.
1 2 3 4 5 6 7 8 9 10 11 
*/
A = \
[145113687141850122176,51319340173492297847,112151766840594402610,45882435785108308491,44592208941158381391,38638994401764160173,31031855857768309257,152075433865641513773,93110310143830344932,87281333097323993873,109693098348836473653;\
69423209058802011128,20856467362110703792,99767527580744281216,137069116957781991178,182636376380192342237,128350321329116009627,53435282057164555989,116879988039035976860,177208907903877858708,120285859438302361167,109075587506232287780;\
167796691140302628990,125685750762823457575,32605035305013459810,16824873719620846586,43041701792381339852,183904841727529807360,178248726477045906591,188602679584420554740,60002729261449362213,4841600188711689165,25084189719668815939;\
138298841370892423979,32964531799862022110,48351416262891409246,126899963898302126511,162752065812031194947,160104531658515132878,177929403767594027465,67132392440920526468,76580468808276413470,4609139628326855797,55869441874625155329;\
124323068910581578416,152240953312395976364,148973427953417726882,106578303262468257262,158374904819695589627,9205747777766164149,16725908215644595821,68907176926235592749,46801460737391951437,57964210340423384935,44947070199069164336;\
146860897437939671688,139593745293589984326,7231500544800156239,125204652594811302184,140706493243946071799,147651202150566019178,60695322968701794324,175723677429923307573,162915714919829098220,152751436211095059723,75358605054178473090;\
38470745681838345167,65978916691712668811,42182621187800043891,69417488320299740019,67852805013588306803,109107155637702162276,124494900615345787751,99005487190919599584,140844151706570656316,80296684353247445286,42225925239406806282;\
10171975609185021428,153188756273714753254,16238930122096074532,49059156490488901274,128298661972638230458,89274012391556708415,126544393934481999763,86742961381703527761,92842495550514364228,164636377420050768883,95288182500056598269;\
54692397180225676363,113651183144297533727,32805549903895853640,10108782359619837229,157165336455789603235,329248919823057129,138987269422562740144,88510413264536628302,18063884273350934676,131896014329951249882,188666420493727950893;\
150945334327863511526,159364123206801813821,35258245770503996520,53845593824287392932,186064997591653355504,48346275957998807824,79914559818573633370,171441894764817874862,165530114586378038364,25924345485810189929,48743978756537108723;\
59593870579573104130,40111275214467412091,135243664837395633766,165328847172310729103,147273734646235217062,22838952493793674000,59434406920702882775,40304545707915124363,152311615584349963609,134515724839553540189,57813774452196313306]
/* 
This should be the matrix of frobenius!
*/ 
B = A; 
/* Freed 53 lists. */
