/* Comments begin... 
Coefficient of   x^21 * y^1               = -2
Coefficient of   x^10 * y^2 * z^6         = -1
Coefficient of   x^8 * y^5 * z^5         = -1
Coefficient of   x^6 * y^8 * z^4         = -1
Coefficient of   x^4 * y^11 * z^3         = -1
Coefficient of   x^2 * y^14 * z^2         = -2
Coefficient of   x^1 * z^13               = 0
Coefficient of   y^17 * z^1               = 0

Here is the polynomial we're using this time:

-2*x^21*y^1 + -1*x^10*y^2*z^6 + -1*x^8*y^5*z^5 + -1*x^6*y^8*z^4 + -1*x^4*y^11*z^3 + -2*x^2*y^14*z^2

Allocate G_len 20 elements and old = 0.
Allocate M_len = 400 elements.
Allocate G_len 40 elements and old = 20.
Allocate M_len = 800 elements.
Allocate G_len 80 elements and old = 40.
Allocate M_len = 1600 elements.
Not smooth!
Coefficient of   x^21 * y^1               = -3
Coefficient of   x^10 * y^2 * z^6         = -2
Coefficient of   x^8 * y^5 * z^5         = 2
Coefficient of   x^6 * y^8 * z^4         = 1
Coefficient of   x^4 * y^11 * z^3         = -2
Coefficient of   x^2 * y^14 * z^2         = -3
Coefficient of   x^1 * z^13               = -1
Coefficient of   y^17 * z^1               = 1

Here is the polynomial we're using this time:

-3*x^21*y^1 + -2*x^10*y^2*z^6 + 2*x^8*y^5*z^5 + 1*x^6*y^8*z^4 + -2*x^4*y^11*z^3 + -3*x^2*y^14*z^2 + -1*x^1*z^13 + 1*y^17*z^1

Allocate M_len = 3200 elements.
Allocate G_len 160 elements and old = 80.
Allocate M_len = 6400 elements.
Allocate M_len = 12800 elements.
Allocate G_len 320 elements and old = 160.
Allocate M_len = 25600 elements.
The final length of G is 200
[10, 2, 5, 0]  	391	7 
[21, 0, 0, 0]  	399	7  <--- 1
[8, 5, 5, 0]  	422	6 
[8, 8, 4, 0]  	460	7 
[6, 11, 4, 0]  	491	6 
[6, 14, 3, 0]  	529	7 
[5, 0, 15, 0]  	560	6 
[19, 5, 4, 0]  	600	7 
[19, 8, 3, 0]  	638	7 
[14, 14, 2, 0]  	650	10 
[12, 0, 14, 0]  	662	9 
[17, 11, 3, 0]  	669	9 
[9, 3, 14, 0]  	674	9 
[19, 11, 2, 0]  	676	9 
[9, 20, 2, 0]  	693	8 
[13, 17, 2, 0]  	700	8 
[7, 22, 2, 0]  	701	8 
[7, 6, 14, 0]  	705	8 
[16, 0, 13, 0]  	707	8 
[19, 14, 1, 0]  	714	8 
[7, 8, 13, 0]  	720	8 
[6, 9, 13, 0]  	724	7 
[6, 8, 14, 0]  	732	7 
[5, 25, 2, 0]  	732	7 
[5, 9, 14, 0]  	736	7 
[13, 20, 1, 0]  	738	7 
[7, 25, 1, 0]  	739	7 
[6, 26, 1, 0]  	743	7 
[17, 17, 1, 0]  	745	7 
[8, 26, 0, 0]  	750	7 
[20, 0, 12, 0]  	752	7 
[15, 19, 1, 0]  	753	7 
[4, 12, 13, 0]  	755	6 
[5, 29, 0, 0]  	762	6 
[4, 11, 14, 0]  	763	6 
[10, 25, 0, 0]  	765	7 
[4, 26, 3, 0]  	767	6 
[11, 23, 1, 0]  	769	6 
[5, 28, 1, 0]  	770	6 
[4, 14, 12, 0]  	770	6 
[20, 17, 0, 0]  	771	2 
[5, 24, 4, 0]  	771	6 
[13, 23, 0, 0]  	776	6 
[7, 28, 0, 0]  	777	6 
[5, 15, 11, 0]  	781	6 
[4, 28, 2, 0]  	782	6 
[3, 14, 13, 0]  	782	6 
[17, 20, 0, 0]  	783	6 
[3, 29, 2, 0]  	786	5 
[5, 18, 9, 0]  	788	6 
[4, 31, 0, 0]  	789	6 
[15, 22, 0, 0]  	791	6 
[3, 32, 0, 0]  	793	5 
[5, 21, 7, 0]  	795	6 
[5, 17, 10, 0]  	796	6 
[19, 19, 0, 0]  	798	6 
[4, 18, 10, 0]  	800	5 
[3, 31, 1, 0]  	801	5 
[3, 0, 24, 0]  	801	5 
[5, 20, 8, 0]  	803	6 
[2, 32, 1, 0]  	805	5 
[4, 25, 5, 0]  	806	6 
[4, 21, 8, 0]  	807	5 
[4, 17, 11, 0]  	808	5 
[5, 23, 6, 0]  	810	6 
[4, 1, 23, 0]  	812	5 
[4, 24, 6, 0]  	814	5 
[3, 17, 12, 0]  	820	5 
[2, 18, 12, 0]  	824	4 
[4, 7, 19, 0]  	826	5 
[4, 3, 22, 0]  	827	5 
[3, 12, 16, 0]  	829	5 
[3, 4, 22, 0]  	831	4 
[4, 10, 17, 0]  	833	5 
[4, 6, 20, 0]  	834	5 
[3, 7, 20, 0]  	838	4 
[3, 3, 23, 0]  	839	4 
[2, 35, 0, 0]  	843	4 
[3, 6, 21, 0]  	846	4 
[3, 21, 10, 0]  	850	4 
[3, 28, 5, 0]  	856	5 
[3, 24, 8, 0]  	857	4 
[3, 20, 11, 0]  	858	4 
[2, 29, 5, 0]  	860	4 
[2, 21, 11, 0]  	862	3 
[3, 27, 6, 0]  	864	4 
[3, 23, 9, 0]  	865	4 
[2, 24, 9, 0]  	869	3 
[3, 26, 7, 0]  	872	4 
[2, 31, 4, 0]  	875	5 
[2, 27, 7, 0]  	876	3 
[2, 23, 10, 0]  	877	3 
[2, 15, 16, 0]  	879	4 
[2, 7, 22, 0]  	881	3 
[2, 26, 8, 0]  	884	3 
[2, 10, 20, 0]  	888	3 
[1, 38, 0, 0]  	893	3 
[2, 13, 18, 0]  	895	3 
[2, 9, 21, 0]  	896	3 
[2, 1, 27, 0]  	898	4 
[2, 12, 19, 0]  	903	3 
[2, 0, 28, 0]  	906	4 
[1, 13, 19, 0]  	907	2 
[1, 32, 5, 0]  	910	3 
[1, 31, 6, 0]  	918	3 
[1, 27, 9, 0]  	919	2 
[1, 15, 18, 0]  	922	2 
[0, 32, 6, 0]  	922	2 
[1, 30, 7, 0]  	926	2 
[1, 18, 16, 0]  	929	3 
[0, 31, 7, 0]  	930	2 
[1, 29, 8, 0]  	934	2 
[0, 30, 8, 0]  	938	1 
[1, 1, 29, 0]  	941	2 
[1, 24, 12, 0]  	943	3 
[1, 0, 30, 0]  	949	2 
[0, 1, 30, 0]  	953	1 
[0, 16, 19, 0]  	957	1 
[0, 35, 5, 0]  	960	2 
[0, 0, 31, 0]  	961	1  <--- 3
[1, 21, 15, 0]  	967	3 
[0, 18, 18, 0]  	972	1 
[1, 4, 28, 0]  	979	2 
[0, 4, 29, 0]  	991	1 
[0, 38, 4, 0]  	998	2 
[0, 21, 17, 0]  	1010	1 
[0, 44, 0, 0]  	1012	2  <--- 2
[1, 7, 27, 0]  	1017	2 
[0, 7, 28, 0]  	1029	1 
[0, 41, 3, 0]  	1036	2 
[0, 24, 16, 0]  	1048	1 
[0, 10, 27, 0]  	1067	1 
[0, 27, 15, 0]  	1086	1 
[0, 13, 26, 0]  	1105	1 
[20, 1, 0, 1]  	403	7 
[18, 5, 4, 1]  	581	12 
[18, 8, 3, 1]  	619	11 
[15, 11, 3, 1]  	631	10 
[11, 0, 14, 1]  	643	10 
[18, 11, 2, 1]  	657	10 
[12, 17, 2, 1]  	681	9 
[15, 0, 13, 1]  	688	9 
[18, 14, 1, 1]  	695	9 
[11, 19, 2, 1]  	708	8 
[12, 20, 1, 1]  	719	8 
[16, 17, 1, 1]  	726	8 
[9, 23, 1, 1]  	731	7 
[19, 0, 12, 1]  	733	8 
[14, 19, 1, 1]  	734	8 
[5, 11, 13, 1]  	751	7 
[12, 23, 0, 1]  	757	7 
[6, 28, 0, 1]  	758	7 
[16, 20, 0, 1]  	764	7 
[14, 22, 0, 1]  	772	7 
[4, 29, 1, 1]  	774	6 
[19, 18, 0, 1]  	775	7 
[18, 19, 0, 1]  	779	7 
[4, 20, 9, 1]  	815	5 
[4, 4, 21, 1]  	819	5 
[4, 23, 7, 1]  	822	5 
[3, 11, 17, 1]  	837	5 
[3, 10, 18, 1]  	845	4 
[3, 9, 19, 1]  	853	4 
[2, 4, 24, 1]  	874	4 
[2, 14, 17, 1]  	887	4 
[1, 15, 17, 1]  	891	3 
[1, 14, 18, 1]  	899	3 
[1, 10, 21, 1]  	900	2 
[1, 12, 20, 1]  	915	2 
[1, 35, 4, 1]  	948	3 
[14, 11, 3, 2]  	612	11 
[10, 19, 2, 2]  	689	9 
[8, 23, 1, 2]  	712	8 
[10, 22, 1, 2]  	727	8 
[4, 9, 18, 2]  	841	5 
[2, 28, 6, 2]  	868	4 
[7, 8, 12, 23]  	689	7 
[8, 25, 0, 23]  	727	7 
[3, 26, 6, 23]  	841	4 
[1, 14, 17, 23]  	868	3 
[0, 31, 6, 23]  	899	2 
[9, 2, 6, 24]  	403	6 
[7, 8, 5, 24]  	472	6 
[5, 14, 4, 24]  	541	6 
[12, 14, 2, 24]  	612	10 
[7, 5, 14, 24]  	682	8 
[7, 25, 0, 24]  	708	6 
[5, 8, 14, 24]  	713	7 
[4, 25, 3, 24]  	744	5 
[3, 14, 12, 24]  	751	5 
[3, 6, 20, 24]  	815	2 
[3, 21, 9, 24]  	819	3 
[2, 26, 6, 24]  	822	3 
[2, 28, 5, 24]  	837	4 
[0, 31, 5, 24]  	868	2 
[1, 21, 12, 24]  	874	3 
[1, 13, 18, 24]  	876	2 
[0, 27, 9, 24]  	900	1 
[0, 29, 8, 24]  	915	1 
[1, 4, 27, 24]  	948	2 
------
The gap is between 3 and 22.
Lengths: 3 3 5 5 3 4.
For 982 = 5*d/2-d1-d2-d3 you get 3 in char 0.
1*x^1*y^23*z^14
1*y^40*z^2
1*y^9*z^25

For 560 = 3*d/2-d1-d2-d3 you get 5 in char 0.
1*x^4*y^17*z^3
1*x^3*y^3*z^14
1*x^2*y^20*z^2
1*x^1*y^6*z^13
1*y^23*z^1

For 138 = d/2-d1-d2-d3 you get 3 in char 0.
1*x^4*z^2
1*x^2*y^3*z^1
1*y^6

Extra powers of p used 1.
The invariant extra is equal to 1.
Start computing 7^3 Delta^1 (x1x2x3)^6... Done.
Start computing 7^4 Delta^2 (x1x2x3)^6... Done.
Start computing 7^5 Delta^3 (x1x2x3)^6... Done.
Start computing 7^6 Delta^4 (x1x2x3)^6... Done.
Start computing 7^7 Delta^5 (x1x2x3)^6... Done.
Start computing 7^8 Delta^6 (x1x2x3)^6... Done.
Start computing aa.
1 2 3 4 5 6 7 8 9 10 11 
*/
A = \
[101305782399352315826,149793125739388354482,152251194138186805041,170998419554585283647,78132957566882192674,141153929083609310099,28838494225038934534,183714350459674451270,26475474670662966977,15242243430768285806,183026515103735666531;\
98387176281534667181,181688596561241278173,116289252285557143099,142610385463572630947,4828595234362400025,25799556765009884822,179978502121883590461,77749137920287684592,114866336270043445031,190595932061302328792,164596922733500048218;\
38818269827353479746,171312049103331261377,120741749679864552352,175354926370768312280,42152553673341114892,49261990202214605501,155554629937746079250,94757406017874469331,70146154735560829821,152845214704637725543,174677901689126454269;\
120517765105473378789,82249080045597999023,55373166855457347192,132122458307071587439,187475866991118934872,65722024714990138103,39733981118542381909,151040337849490877151,162790555664921135000,30273071799807541775,127173791342259659718;\
147748729372946037046,153204683676656919272,29009712912724909539,149212387705912163647,155639080617781409138,175701547571232471187,138075040736450709528,71967747204719835889,174729066921673306798,135341723912913950320,81803394286438471248;\
48990129870064314102,24091751866990029250,38403021588657082232,162423285272075309230,60660933601468051719,148628478610351081678,79179317450397013871,35020645456901215937,77993668275622987244,85704036924840533969,56271563583069667742;\
78331520053726038628,38801758404100594588,157847290172814002627,171473136639974759898,170045498225443234072,69928375067977992524,25194518367845207584,166524008594123465138,71874493535330747513,156253434337150815910,17242800508955626717;\
50136464469691690540,169376178052873935108,38978737865632033738,93402633273766875667,100557983292558961407,83925684431751464827,45827930105548394482,140790442421602868370,153659810198585660109,108321530481621636116,109301563740858650007;\
90225439653996899397,87275702082089095316,152997531694017276837,1683523728332008794,145731795391105302820,69772780865640369881,4467809732913600836,72972402233221673798,34448417014059926584,132086535860005245267,185799764157142531081;\
121421563031490610489,56908418501258346134,154272911697937522030,3420700953896799622,150204909150211066963,37906811022665711098,89414570845534020527,5236109110025137022,37702654196066211016,27705063518346595759,163225199180725212181;\
14936151338422028859,28610214722566539748,6309962617926635534,70585917960669052445,179046401501279759650,102336355062936999130,87060698677742279126,12875224322360171947,93397021789813031661,112068271455335839763,9191597647591229696]
/* 
This matrix times 7^(-1) should be the matrix of frobenius.
*/ 
B = 7^(-1) * A; 
/* Freed 54 lists. */
