/* Comments begin... 
Coefficient of   x^21 * y^1               = -3
Coefficient of   x^10 * y^2 * z^6         = 2
Coefficient of   x^8 * y^5 * z^5         = 0
Coefficient of   x^6 * y^8 * z^4         = 3
Coefficient of   x^4 * y^11 * z^3         = -1
Coefficient of   x^2 * y^14 * z^2         = 3
Coefficient of   x^1 * z^13               = -1
Coefficient of   y^17 * z^1               = 2

Here is the polynomial we're using this time:

-3*x^21*y^1 + 2*x^10*y^2*z^6 + 3*x^6*y^8*z^4 + -1*x^4*y^11*z^3 + 3*x^2*y^14*z^2 + -1*x^1*z^13 + 2*y^17*z^1

Allocate G_len 20 elements and old = 0.
Allocate M_len = 400 elements.
Allocate G_len 40 elements and old = 20.
Allocate M_len = 800 elements.
Allocate G_len 80 elements and old = 40.
Allocate M_len = 1600 elements.
Allocate M_len = 3200 elements.
Allocate G_len 160 elements and old = 80.
Allocate M_len = 6400 elements.
Allocate M_len = 12800 elements.
Allocate G_len 320 elements and old = 160.
Allocate M_len = 25600 elements.
Not smooth!
Coefficient of   x^21 * y^1               = 2
Coefficient of   x^10 * y^2 * z^6         = 1
Coefficient of   x^8 * y^5 * z^5         = 0
Coefficient of   x^6 * y^8 * z^4         = 3
Coefficient of   x^4 * y^11 * z^3         = -2
Coefficient of   x^2 * y^14 * z^2         = -3
Coefficient of   x^1 * z^13               = 2
Coefficient of   y^17 * z^1               = -1

Here is the polynomial we're using this time:

2*x^21*y^1 + 1*x^10*y^2*z^6 + 3*x^6*y^8*z^4 + -2*x^4*y^11*z^3 + -3*x^2*y^14*z^2 + 2*x^1*z^13 + -1*y^17*z^1

The final length of G is 196
[10, 2, 5, 0]  	391	6 
[21, 0, 0, 0]  	399	6  <--- 1
[6, 8, 4, 0]  	422	5 
[6, 14, 3, 0]  	529	7 
[5, 0, 15, 0]  	560	6 
[17, 8, 3, 0]  	600	6 
[15, 11, 3, 0]  	631	5 
[12, 0, 14, 0]  	662	9 
[9, 3, 14, 0]  	674	9 
[19, 11, 2, 0]  	676	9 
[15, 0, 13, 0]  	688	9 
[8, 5, 14, 0]  	701	8 
[7, 6, 14, 0]  	705	8 
[17, 14, 2, 0]  	707	8 
[11, 19, 2, 0]  	708	8 
[9, 6, 13, 0]  	712	8 
[19, 14, 1, 0]  	714	8 
[8, 22, 2, 0]  	720	8 
[9, 23, 1, 0]  	731	7 
[5, 25, 2, 0]  	732	7 
[14, 19, 1, 0]  	734	8 
[5, 9, 14, 0]  	736	7 
[13, 20, 1, 0]  	738	7 
[7, 25, 1, 0]  	739	7 
[6, 26, 1, 0]  	743	7 
[17, 17, 1, 0]  	745	7 
[11, 22, 1, 0]  	746	7 
[5, 11, 13, 0]  	751	7 
[20, 0, 12, 0]  	752	7 
[4, 12, 13, 0]  	755	6 
[12, 23, 0, 0]  	757	7 
[4, 11, 14, 0]  	763	6 
[4, 26, 3, 0]  	767	6 
[9, 26, 0, 0]  	769	6 
[5, 28, 1, 0]  	770	7 
[20, 17, 0, 0]  	771	2 
[5, 24, 4, 0]  	771	6 
[7, 28, 0, 0]  	777	6 
[5, 15, 11, 0]  	781	6 
[4, 28, 2, 0]  	782	7 
[17, 20, 0, 0]  	783	6 
[11, 25, 0, 0]  	784	6 
[3, 29, 2, 0]  	786	5 
[5, 18, 9, 0]  	788	6 
[5, 14, 12, 0]  	789	6 
[4, 31, 0, 0]  	789	6 
[15, 22, 0, 0]  	791	6 
[4, 15, 12, 0]  	793	5 
[3, 32, 0, 0]  	793	5 
[5, 21, 7, 0]  	795	6 
[5, 17, 10, 0]  	796	6 
[19, 19, 0, 0]  	798	6 
[3, 31, 1, 0]  	801	5 
[3, 0, 24, 0]  	801	5 
[5, 20, 8, 0]  	803	6 
[3, 15, 13, 0]  	805	5 
[2, 32, 1, 0]  	805	5 
[4, 25, 5, 0]  	806	6 
[4, 21, 8, 0]  	807	5 
[4, 17, 11, 0]  	808	5 
[5, 23, 6, 0]  	810	6 
[4, 1, 23, 0]  	812	5 
[4, 20, 9, 0]  	815	5 
[4, 4, 21, 0]  	819	5 
[3, 17, 12, 0]  	820	5 
[4, 23, 7, 0]  	822	5 
[2, 18, 12, 0]  	824	4 
[4, 7, 19, 0]  	826	5 
[4, 3, 22, 0]  	827	5 
[3, 12, 16, 0]  	829	5 
[3, 4, 22, 0]  	831	4 
[4, 10, 17, 0]  	833	5 
[4, 6, 20, 0]  	834	5 
[3, 11, 17, 0]  	837	5 
[3, 7, 20, 0]  	838	4 
[3, 3, 23, 0]  	839	4 
[4, 9, 18, 0]  	841	5 
[2, 35, 0, 0]  	843	4 
[3, 10, 18, 0]  	845	4 
[3, 6, 21, 0]  	846	4 
[3, 21, 10, 0]  	850	4 
[3, 9, 19, 0]  	853	4 
[3, 28, 5, 0]  	856	5 
[3, 24, 8, 0]  	857	4 
[3, 20, 11, 0]  	858	4 
[2, 29, 5, 0]  	860	4 
[2, 21, 11, 0]  	862	3 
[3, 23, 9, 0]  	865	4 
[2, 28, 6, 0]  	868	4 
[2, 24, 9, 0]  	869	3 
[3, 26, 7, 0]  	872	4 
[2, 4, 24, 0]  	874	4 
[2, 31, 4, 0]  	875	5 
[2, 27, 7, 0]  	876	3 
[2, 23, 10, 0]  	877	3 
[2, 7, 22, 0]  	881	3 
[2, 26, 8, 0]  	884	3 
[2, 14, 17, 0]  	887	4 
[2, 10, 20, 0]  	888	3 
[1, 15, 17, 0]  	891	3 
[1, 38, 0, 0]  	893	3 
[2, 13, 18, 0]  	895	3 
[2, 9, 21, 0]  	896	3 
[2, 1, 27, 0]  	898	4 
[1, 10, 21, 0]  	900	2 
[2, 12, 19, 0]  	903	3 
[2, 0, 28, 0]  	906	4 
[1, 13, 19, 0]  	907	2 
[1, 32, 5, 0]  	910	3 
[1, 12, 20, 0]  	915	2 
[1, 31, 6, 0]  	918	3 
[1, 27, 9, 0]  	919	2 
[0, 32, 6, 0]  	922	2 
[1, 30, 7, 0]  	926	2 
[1, 18, 16, 0]  	929	3 
[0, 31, 7, 0]  	930	2 
[1, 29, 8, 0]  	934	2 
[0, 30, 8, 0]  	938	1 
[1, 1, 29, 0]  	941	2 
[1, 24, 12, 0]  	943	3 
[1, 35, 4, 0]  	948	3 
[1, 0, 30, 0]  	949	2 
[0, 1, 30, 0]  	953	1 
[0, 16, 19, 0]  	957	1 
[0, 35, 5, 0]  	960	2 
[0, 0, 31, 0]  	961	1  <--- 3
[1, 21, 15, 0]  	967	3 
[0, 18, 18, 0]  	972	1 
[1, 4, 28, 0]  	979	2 
[0, 4, 29, 0]  	991	1 
[0, 38, 4, 0]  	998	2 
[0, 21, 17, 0]  	1010	1 
[0, 44, 0, 0]  	1012	2  <--- 2
[1, 7, 27, 0]  	1017	2 
[0, 7, 28, 0]  	1029	1 
[0, 24, 16, 0]  	1048	1 
[0, 10, 27, 0]  	1067	1 
[0, 27, 15, 0]  	1086	1 
[0, 13, 26, 0]  	1105	1 
[20, 1, 0, 1]  	403	6 
[16, 8, 3, 1]  	581	10 
[14, 11, 3, 1]  	612	9 
[11, 0, 14, 1]  	643	10 
[18, 11, 2, 1]  	657	10 
[15, 14, 2, 1]  	669	9 
[10, 19, 2, 1]  	689	9 
[9, 20, 2, 1]  	693	8 
[18, 14, 1, 1]  	695	9 
[13, 17, 2, 1]  	700	8 
[12, 20, 1, 1]  	719	8 
[7, 23, 2, 1]  	724	7 
[16, 17, 1, 1]  	726	8 
[10, 22, 1, 1]  	727	8 
[19, 0, 12, 1]  	733	8 
[8, 26, 0, 1]  	750	7 
[6, 28, 0, 1]  	758	7 
[5, 29, 0, 1]  	762	6 
[16, 20, 0, 1]  	764	7 
[10, 25, 0, 1]  	765	7 
[4, 14, 12, 1]  	770	6 
[14, 22, 0, 1]  	772	7 
[4, 29, 1, 1]  	774	6 
[19, 18, 0, 1]  	775	7 
[18, 19, 0, 1]  	779	7 
[3, 14, 13, 1]  	782	6 
[4, 18, 10, 1]  	800	5 
[4, 24, 6, 1]  	814	5 
[2, 15, 16, 1]  	879	4 
[1, 14, 18, 1]  	899	3 
[0, 41, 3, 1]  	1036	2 
[14, 14, 2, 2]  	650	10 
[12, 17, 2, 2]  	681	9 
[3, 27, 6, 2]  	864	4 
[2, 13, 17, 23]  	864	3 
[9, 2, 6, 24]  	403	5 
[5, 14, 4, 24]  	541	5 
[13, 0, 13, 24]  	650	9 
[10, 20, 1, 24]  	681	8 
[7, 5, 14, 24]  	682	8 
[8, 6, 13, 24]  	693	6 
[12, 19, 1, 24]  	696	8 
[8, 23, 1, 24]  	712	6 
[5, 8, 14, 24]  	713	5 
[10, 23, 0, 24]  	719	7 
[5, 26, 1, 24]  	724	6 
[4, 25, 3, 24]  	744	6 
[4, 15, 11, 24]  	762	4 
[3, 31, 0, 24]  	770	5 
[3, 15, 12, 24]  	774	5 
[4, 1, 22, 24]  	781	5 
[2, 31, 1, 24]  	782	5 
[3, 4, 21, 24]  	800	4 
[3, 10, 17, 24]  	814	4 
[1, 32, 4, 24]  	879	3 
[0, 31, 6, 24]  	899	2 
[0, 10, 26, 24]  	1036	1 
------
The gap is between 3 and 22.
Lengths: 3 3 5 5 3 3.
For 982 = 5*d/2-d1-d2-d3 you get 3 in char 0.
1*x^1*y^23*z^14
1*y^40*z^2
1*y^9*z^25

For 560 = 3*d/2-d1-d2-d3 you get 5 in char 0.
1*x^4*y^17*z^3
1*x^3*y^3*z^14
1*x^2*y^20*z^2
1*x^1*y^6*z^13
1*y^23*z^1

For 138 = d/2-d1-d2-d3 you get 3 in char 0.
1*x^4*z^2
1*x^2*y^3*z^1
1*y^6

Extra powers of p used 0.
The invariant extra is equal to 1.
Start computing 7^3 Delta^1 (x1x2x3)^6... Done.
Start computing 7^4 Delta^2 (x1x2x3)^6... Done.
Start computing 7^5 Delta^3 (x1x2x3)^6... Done.
Start computing 7^6 Delta^4 (x1x2x3)^6... Done.
Start computing 7^7 Delta^5 (x1x2x3)^6... Done.
Start computing 7^8 Delta^6 (x1x2x3)^6... Done.
Start computing aa.
1 2 3 4 5 6 7 8 9 10 11 
*/
A = \
[1850184288376824446,144727622357703579436,81065808278801764825,82007444428671355573,186731721261442082859,106031958310007705724,22265092242489557636,54416213879874306334,8906105064164778687,40772492026432805338,130801407049361512639;\
164855233384712900884,1704731135169484230,60885262616769146528,159593748999270495077,144993995961074367835,125509904894427553010,111776513936136148554,102731777727432589631,116881627826519402007,119344607976475038129,115891629669572187172;\
81508223144510217002,120961868724232017483,121893540122341238406,89092663739526760033,36143855930083840330,126563367669930537899,91097430809318809659,62290755847686880759,63810121620651175504,11369404072506634623,166017368407836849379;\
49920951925906861311,176256227135440531334,51678625361162321253,138807091115228121047,143973644183641529810,47276210648336296473,173707752541913391970,117580136665610158309,101950914794797524778,110107452120866061344,115225004927310418119;\
91199710723181916288,159894076571208640716,165547392603663638940,141460369372391176905,41607980626886268938,92164010523593223341,21290412777724159937,95805516991044988932,151586952083747566442,111947779378648511592,147061149876811855300;\
105516135151128105682,182637003566201432555,116586583557810353621,25329538903464553821,186615921220309534688,44678325889509785900,9622440593374733740,163216964282265332614,73265885054922764008,130248353814855035851,46219445791899996056;\
161548087590526289244,43587766263567856188,119542777697957080728,153950865626292742511,74012219392168584093,170178226161869734760,33927249038780540359,29628656845157451263,133147510870956856386,158521946749872360767,45635941768109396382;\
6056745455623185831,59117123933512710995,168240837052786906240,173366678212944974758,91787952784691443861,138029627349335777727,35551170890916167277,125598259391972320310,61601380847118668346,154563499029853657492,64251909241039729265;\
118911933070684328463,130563874779746585162,109263979899284009908,124435350978211594125,132967129937717460175,179431056965716744741,59317645261718122440,49874162504150132890,75261815823913740658,35296627749118112510,51915613787197276872;\
78220892848745118023,168315338504716862638,34494893606059680381,2165460630028788841,111625546273493910756,142612907377817875593,150903618470455328415,71309170691834517785,125940149671878402721,107507063647932726071,63417485805256613471;\
101930425739669677389,146668526443119081989,13687947692467711649,124966280952066011101,76873518815237905621,7621175075766605486,98720460891033004163,119750539145317611727,163955913920937701990,135291326153155286261,168368219848990880964]
/* 
This should be the matrix of frobenius!
*/ 
B = A; 
/* Freed 54 lists. */
