/* Comments begin... 
Coefficient of   x^21 * y^1               = -2
Coefficient of   x^10 * y^2 * z^6         = 1
Coefficient of   x^8 * y^5 * z^5         = -3
Coefficient of   x^6 * y^8 * z^4         = 2
Coefficient of   x^4 * y^11 * z^3         = -3
Coefficient of   x^2 * y^14 * z^2         = -3
Coefficient of   x^1 * z^13               = 3
Coefficient of   y^17 * z^1               = -3

Here is the polynomial we're using this time:

-2*x^21*y^1 + 1*x^10*y^2*z^6 + -3*x^8*y^5*z^5 + 2*x^6*y^8*z^4 + -3*x^4*y^11*z^3 + -3*x^2*y^14*z^2 + 3*x^1*z^13 + -3*y^17*z^1

Allocate G_len 20 elements and old = 0.
Allocate M_len = 400 elements.
Allocate G_len 40 elements and old = 20.
Allocate M_len = 800 elements.
Allocate G_len 80 elements and old = 40.
Allocate M_len = 1600 elements.
Allocate M_len = 3200 elements.
Allocate G_len 160 elements and old = 80.
Allocate M_len = 6400 elements.
Allocate M_len = 12800 elements.
Allocate G_len 320 elements and old = 160.
Allocate M_len = 25600 elements.
The final length of G is 196
[10, 2, 5, 0]  	391	7 
[21, 0, 0, 0]  	399	7  <--- 1
[8, 5, 5, 0]  	422	6 
[6, 11, 4, 0]  	491	6 
[6, 14, 3, 0]  	529	7 
[5, 0, 15, 0]  	560	6 
[19, 5, 4, 0]  	600	7 
[14, 11, 3, 0]  	612	11 
[17, 8, 4, 0]  	631	10 
[19, 8, 3, 0]  	638	7 
[15, 14, 2, 0]  	669	9 
[9, 3, 14, 0]  	674	9 
[19, 11, 2, 0]  	676	9 
[12, 17, 2, 0]  	681	9 
[14, 0, 14, 0]  	700	8 
[7, 22, 2, 0]  	701	8 
[7, 6, 14, 0]  	705	8 
[16, 0, 13, 0]  	707	8 
[11, 19, 2, 0]  	708	8 
[8, 23, 1, 0]  	712	8 
[19, 14, 1, 0]  	714	8 
[7, 8, 13, 0]  	720	8 
[6, 9, 13, 0]  	724	7 
[6, 8, 14, 0]  	732	7 
[5, 25, 2, 0]  	732	7 
[5, 9, 14, 0]  	736	7 
[13, 20, 1, 0]  	738	7 
[7, 25, 1, 0]  	739	7 
[6, 26, 1, 0]  	743	7 
[17, 17, 1, 0]  	745	7 
[11, 22, 1, 0]  	746	7 
[5, 11, 13, 0]  	751	7 
[20, 0, 12, 0]  	752	7 
[15, 19, 1, 0]  	753	7 
[4, 12, 13, 0]  	755	6 
[5, 29, 0, 0]  	762	6 
[4, 11, 14, 0]  	763	6 
[5, 28, 1, 0]  	770	6 
[4, 14, 12, 0]  	770	6 
[20, 17, 0, 0]  	771	2 
[5, 24, 4, 0]  	771	6 
[4, 29, 1, 0]  	774	6 
[13, 23, 0, 0]  	776	6 
[7, 28, 0, 0]  	777	6 
[5, 15, 11, 0]  	781	6 
[4, 28, 2, 0]  	782	6 
[3, 14, 13, 0]  	782	6 
[17, 20, 0, 0]  	783	6 
[11, 25, 0, 0]  	784	6 
[3, 29, 2, 0]  	786	5 
[5, 18, 9, 0]  	788	6 
[4, 31, 0, 0]  	789	6 
[15, 22, 0, 0]  	791	6 
[3, 32, 0, 0]  	793	5 
[5, 21, 7, 0]  	795	6 
[5, 17, 10, 0]  	796	6 
[19, 19, 0, 0]  	798	6 
[4, 18, 10, 0]  	800	5 
[3, 31, 1, 0]  	801	5 
[3, 0, 24, 0]  	801	5 
[5, 20, 8, 0]  	803	6 
[2, 32, 1, 0]  	805	5 
[4, 21, 8, 0]  	807	5 
[4, 17, 11, 0]  	808	5 
[5, 23, 6, 0]  	810	6 
[4, 1, 23, 0]  	812	5 
[4, 24, 6, 0]  	814	5 
[4, 20, 9, 0]  	815	5 
[4, 4, 21, 0]  	819	5 
[3, 17, 12, 0]  	820	5 
[4, 23, 7, 0]  	822	5 
[4, 7, 19, 0]  	826	5 
[4, 3, 22, 0]  	827	5 
[4, 26, 5, 0]  	829	5 
[3, 12, 16, 0]  	829	5 
[3, 4, 22, 0]  	831	4 
[4, 10, 17, 0]  	833	5 
[4, 6, 20, 0]  	834	5 
[3, 11, 17, 0]  	837	5 
[3, 7, 20, 0]  	838	4 
[3, 3, 23, 0]  	839	4 
[2, 35, 0, 0]  	843	4 
[3, 10, 18, 0]  	845	4 
[3, 6, 21, 0]  	846	4 
[3, 21, 10, 0]  	850	4 
[3, 9, 19, 0]  	853	4 
[3, 28, 5, 0]  	856	5 
[3, 24, 8, 0]  	857	4 
[3, 20, 11, 0]  	858	4 
[2, 29, 5, 0]  	860	4 
[2, 21, 11, 0]  	862	3 
[3, 27, 6, 0]  	864	4 
[3, 23, 9, 0]  	865	4 
[2, 28, 6, 0]  	868	4 
[2, 24, 9, 0]  	869	3 
[3, 26, 7, 0]  	872	4 
[2, 27, 7, 0]  	876	3 
[2, 23, 10, 0]  	877	3 
[2, 15, 16, 0]  	879	4 
[2, 7, 22, 0]  	881	3 
[2, 14, 17, 0]  	887	4 
[2, 10, 20, 0]  	888	3 
[1, 15, 17, 0]  	891	3 
[1, 38, 0, 0]  	893	3 
[2, 13, 18, 0]  	895	3 
[2, 9, 21, 0]  	896	3 
[2, 1, 27, 0]  	898	4 
[1, 14, 18, 0]  	899	3 
[1, 10, 21, 0]  	900	2 
[2, 12, 19, 0]  	903	3 
[2, 0, 28, 0]  	906	4 
[1, 13, 19, 0]  	907	2 
[1, 32, 5, 0]  	910	3 
[1, 12, 20, 0]  	915	2 
[1, 31, 6, 0]  	918	3 
[1, 27, 9, 0]  	919	2 
[0, 32, 6, 0]  	922	2 
[1, 30, 7, 0]  	926	2 
[1, 18, 16, 0]  	929	3 
[0, 31, 7, 0]  	930	2 
[1, 29, 8, 0]  	934	2 
[0, 30, 8, 0]  	938	1 
[1, 24, 12, 0]  	943	3 
[1, 35, 4, 0]  	948	3 
[1, 0, 30, 0]  	949	2 
[0, 1, 30, 0]  	953	1 
[0, 16, 19, 0]  	957	1 
[0, 35, 5, 0]  	960	2 
[0, 0, 31, 0]  	961	1  <--- 3
[1, 21, 15, 0]  	967	3 
[0, 18, 18, 0]  	972	1 
[1, 4, 28, 0]  	979	2 
[0, 4, 29, 0]  	991	1 
[0, 21, 17, 0]  	1010	1 
[0, 44, 0, 0]  	1012	2  <--- 2
[1, 7, 27, 0]  	1017	2 
[0, 7, 28, 0]  	1029	1 
[0, 41, 3, 0]  	1036	2 
[0, 24, 16, 0]  	1048	1 
[0, 10, 27, 0]  	1067	1 
[0, 27, 15, 0]  	1086	1 
[0, 13, 26, 0]  	1105	1 
[20, 1, 0, 1]  	403	7 
[8, 8, 4, 1]  	460	7 
[18, 5, 4, 1]  	581	12 
[18, 8, 3, 1]  	619	11 
[14, 14, 2, 1]  	650	10 
[18, 11, 2, 1]  	657	10 
[12, 0, 14, 1]  	662	9 
[15, 0, 13, 1]  	688	9 
[10, 19, 2, 1]  	689	9 
[9, 20, 2, 1]  	693	8 
[18, 14, 1, 1]  	695	9 
[12, 20, 1, 1]  	719	8 
[16, 17, 1, 1]  	726	8 
[10, 22, 1, 1]  	727	8 
[19, 0, 12, 1]  	733	8 
[14, 19, 1, 1]  	734	8 
[12, 23, 0, 1]  	757	7 
[6, 28, 0, 1]  	758	7 
[16, 20, 0, 1]  	764	7 
[10, 25, 0, 1]  	765	7 
[4, 26, 3, 1]  	767	6 
[9, 26, 0, 1]  	769	6 
[14, 22, 0, 1]  	772	7 
[19, 18, 0, 1]  	775	7 
[18, 19, 0, 1]  	779	7 
[4, 25, 5, 1]  	806	6 
[2, 18, 12, 1]  	824	4 
[4, 9, 18, 1]  	841	5 
[2, 4, 24, 1]  	874	4 
[2, 26, 8, 1]  	884	3 
[0, 38, 4, 1]  	998	2 
[11, 0, 14, 2]  	643	10 
[8, 26, 0, 2]  	750	7 
[2, 31, 4, 2]  	875	5 
[1, 1, 29, 2]  	941	2 
[5, 15, 10, 23]  	750	6 
[2, 0, 27, 23]  	875	4 
[0, 18, 17, 23]  	941	1 
[9, 2, 6, 24]  	403	6 
[6, 11, 3, 24]  	460	6 
[7, 8, 5, 24]  	472	5 
[5, 14, 4, 24]  	541	6 
[10, 17, 2, 24]  	643	9 
[7, 5, 14, 24]  	682	7 
[7, 23, 1, 24]  	693	7 
[5, 8, 14, 24]  	713	6 
[3, 11, 14, 24]  	744	5 
[4, 18, 9, 24]  	769	5 
[4, 4, 20, 24]  	788	5 
[1, 35, 0, 24]  	824	3 
[3, 26, 6, 24]  	841	4 
[1, 21, 12, 24]  	874	3 
[1, 12, 19, 24]  	884	2 
[0, 7, 27, 24]  	998	1 
------
The gap is between 3 and 22.
Lengths: 3 3 5 5 3 4.
For 982 = 5*d/2-d1-d2-d3 you get 3 in char 0.
1*x^1*y^23*z^14
1*y^40*z^2
1*y^9*z^25

For 560 = 3*d/2-d1-d2-d3 you get 5 in char 0.
1*x^4*y^17*z^3
1*x^3*y^3*z^14
1*x^2*y^20*z^2
1*x^1*y^6*z^13
1*y^23*z^1

For 138 = d/2-d1-d2-d3 you get 3 in char 0.
1*x^4*z^2
1*x^2*y^3*z^1
1*y^6

Extra powers of p used 1.
The invariant extra is equal to 1.
Start computing 7^3 Delta^1 (x1x2x3)^6... Done.
Start computing 7^4 Delta^2 (x1x2x3)^6... Done.
Start computing 7^5 Delta^3 (x1x2x3)^6... Done.
Start computing 7^6 Delta^4 (x1x2x3)^6... Done.
Start computing 7^7 Delta^5 (x1x2x3)^6... Done.
Start computing 7^8 Delta^6 (x1x2x3)^6... Done.
Start computing aa.
1 2 3 4 5 6 7 8 9 10 11 
*/
A = \
[108509576643188796281,10286630962520003105,22460974559012223536,297839436949978007,186380012210135486526,87094786149575473675,152631762548961941665,3686433868654505654,52764552498311960803,20616264791447451679,75350996252521355331;\
64107897169285307715,60308449855013644851,91613974187952670596,102524824264481652264,147380741870885851153,104299302354348098067,51929927962499971048,127745968026275747127,185058649952459784081,96619373790781002882,153903944445785270212;\
50738536068655959536,189181139162920562161,103671033224088279597,62546252712514197760,170739343661019289835,113754993104808973344,70946794000303825016,32633290184991372128,15185922801253938083,138715864076873795383,42543350073135919000;\
68252956748983697409,85106090546626203334,27659730200145332083,73616179435311370753,112486896274781459032,152105873291181019091,142177587028552162542,33846054402281490600,8829969240548521317,17073000678740559420,102040114248011639833;\
46806394930550364691,142710427925897072871,16058478717097316148,152234112527561362704,24749607399177949708,53650855532201889255,4373143907194609855,5945526332809205114,20468346746507933896,168261782899477016603,157850978132150303581;\
162435053075901188985,151539197692703608130,108566722855347111552,1865985099752367412,83323361244297253576,174782755180201646499,3039266802004795992,191274296140816213157,168927636453663042921,33860435318786115886,108643793826813795424;\
14424288819931047615,161822693890149222266,1067818243295679376,80195105853542006901,112220018862024326680,3965569392007704075,29158618735621384401,40574667187692602342,178559672194039530380,176358707116798241994,160475588600371578114;\
97596280900595329708,98403492461962879597,158466185706235139708,50293729020452690990,158652200821995699154,98376818263263201739,44871042934463834102,112612216418363885468,51521783080371137191,119471258485861097886,31551290556901281320;\
109734946723796787322,110269362951789701821,125210567467715657272,140788936848807923193,131281598827244660942,115129547599149416585,120963444838432129206,154704319468634846435,133193112513334054034,123496499735572146652,33168330971283742241;\
116387043559155826680,17176735395320434465,42615050309649000584,142775505022243611350,72324557986756266835,39795535109227753975,129969872808408731469,180571091933269074863,68723726198161494796,77675103640392698370,159738927930341873673;\
121370127882379006367,151949278955005104461,126006462259491397076,131255434720911922267,160294094541612772272,50403840182150940387,54233593849971131715,157281312387070299477,122697166799432849197,52645698401711566270,122769303361765703916]
/* 
This matrix times 7^(-1) should be the matrix of frobenius.
*/ 
B = 7^(-1) * A; 
/* Freed 54 lists. */
