/* Comments begin... 
Coefficient of   x^21 * y^1               = 3
Coefficient of   x^10 * y^2 * z^6         = 2
Coefficient of   x^8 * y^5 * z^5         = -3
Coefficient of   x^6 * y^8 * z^4         = -1
Coefficient of   x^4 * y^11 * z^3         = -1
Coefficient of   x^2 * y^14 * z^2         = -3
Coefficient of   x^1 * z^13               = -1
Coefficient of   y^17 * z^1               = -2

Here is the polynomial we're using this time:

3*x^21*y^1 + 2*x^10*y^2*z^6 + -3*x^8*y^5*z^5 + -1*x^6*y^8*z^4 + -1*x^4*y^11*z^3 + -3*x^2*y^14*z^2 + -1*x^1*z^13 + -2*y^17*z^1

Allocate G_len 20 elements and old = 0.
Allocate M_len = 400 elements.
Allocate G_len 40 elements and old = 20.
Allocate M_len = 800 elements.
Allocate G_len 80 elements and old = 40.
Allocate M_len = 1600 elements.
Allocate M_len = 3200 elements.
Allocate G_len 160 elements and old = 80.
Allocate M_len = 6400 elements.
Allocate M_len = 12800 elements.
Allocate G_len 320 elements and old = 160.
Allocate M_len = 25600 elements.
The final length of G is 196
[10, 2, 5, 0]  	391	7 
[21, 0, 0, 0]  	399	7  <--- 1
[8, 5, 5, 0]  	422	6 
[8, 8, 4, 0]  	460	7 
[6, 11, 4, 0]  	491	6 
[6, 14, 3, 0]  	529	7 
[5, 0, 15, 0]  	560	6 
[19, 5, 4, 0]  	600	7 
[15, 11, 3, 0]  	631	10 
[19, 8, 3, 0]  	638	7 
[12, 0, 14, 0]  	662	9 
[15, 14, 2, 0]  	669	9 
[9, 3, 14, 0]  	674	9 
[19, 11, 2, 0]  	676	9 
[9, 20, 2, 0]  	693	8 
[13, 17, 2, 0]  	700	8 
[7, 22, 2, 0]  	701	8 
[7, 6, 14, 0]  	705	8 
[16, 0, 13, 0]  	707	8 
[11, 19, 2, 0]  	708	8 
[19, 14, 1, 0]  	714	8 
[6, 9, 13, 0]  	724	7 
[9, 23, 1, 0]  	731	7 
[6, 8, 14, 0]  	732	7 
[5, 25, 2, 0]  	732	7 
[5, 9, 14, 0]  	736	7 
[13, 20, 1, 0]  	738	7 
[7, 25, 1, 0]  	739	7 
[17, 17, 1, 0]  	745	7 
[11, 22, 1, 0]  	746	7 
[5, 11, 13, 0]  	751	7 
[20, 0, 12, 0]  	752	7 
[15, 19, 1, 0]  	753	7 
[5, 29, 0, 0]  	762	6 
[4, 11, 14, 0]  	763	6 
[4, 26, 3, 0]  	767	6 
[9, 26, 0, 0]  	769	6 
[5, 28, 1, 0]  	770	7 
[20, 17, 0, 0]  	771	2 
[5, 24, 4, 0]  	771	6 
[4, 29, 1, 0]  	774	6 
[13, 23, 0, 0]  	776	6 
[7, 28, 0, 0]  	777	6 
[5, 15, 11, 0]  	781	6 
[4, 28, 2, 0]  	782	6 
[3, 14, 13, 0]  	782	6 
[17, 20, 0, 0]  	783	6 
[11, 25, 0, 0]  	784	6 
[3, 29, 2, 0]  	786	5 
[5, 18, 9, 0]  	788	6 
[5, 14, 12, 0]  	789	6 
[4, 31, 0, 0]  	789	6 
[15, 22, 0, 0]  	791	6 
[4, 15, 12, 0]  	793	5 
[3, 32, 0, 0]  	793	5 
[5, 21, 7, 0]  	795	6 
[5, 17, 10, 0]  	796	6 
[19, 19, 0, 0]  	798	6 
[4, 18, 10, 0]  	800	5 
[3, 31, 1, 0]  	801	5 
[3, 0, 24, 0]  	801	5 
[5, 20, 8, 0]  	803	6 
[2, 32, 1, 0]  	805	5 
[4, 25, 5, 0]  	806	6 
[4, 21, 8, 0]  	807	5 
[4, 17, 11, 0]  	808	5 
[5, 23, 6, 0]  	810	6 
[4, 24, 6, 0]  	814	5 
[4, 4, 21, 0]  	819	5 
[3, 17, 12, 0]  	820	5 
[2, 18, 12, 0]  	824	4 
[4, 7, 19, 0]  	826	5 
[4, 3, 22, 0]  	827	5 
[3, 12, 16, 0]  	829	5 
[4, 10, 17, 0]  	833	5 
[4, 6, 20, 0]  	834	5 
[3, 11, 17, 0]  	837	5 
[3, 7, 20, 0]  	838	4 
[3, 3, 23, 0]  	839	4 
[4, 9, 18, 0]  	841	5 
[2, 35, 0, 0]  	843	4 
[3, 10, 18, 0]  	845	4 
[3, 6, 21, 0]  	846	4 
[3, 21, 10, 0]  	850	4 
[3, 9, 19, 0]  	853	4 
[3, 28, 5, 0]  	856	5 
[3, 24, 8, 0]  	857	4 
[3, 20, 11, 0]  	858	4 
[2, 21, 11, 0]  	862	3 
[3, 27, 6, 0]  	864	4 
[3, 23, 9, 0]  	865	4 
[2, 28, 6, 0]  	868	4 
[2, 24, 9, 0]  	869	3 
[3, 26, 7, 0]  	872	4 
[2, 4, 24, 0]  	874	4 
[2, 31, 4, 0]  	875	5 
[2, 27, 7, 0]  	876	3 
[2, 23, 10, 0]  	877	3 
[2, 15, 16, 0]  	879	4 
[2, 7, 22, 0]  	881	3 
[2, 26, 8, 0]  	884	3 
[2, 14, 17, 0]  	887	4 
[2, 10, 20, 0]  	888	3 
[1, 15, 17, 0]  	891	3 
[1, 38, 0, 0]  	893	3 
[2, 13, 18, 0]  	895	3 
[2, 9, 21, 0]  	896	3 
[2, 1, 27, 0]  	898	4 
[1, 14, 18, 0]  	899	3 
[1, 10, 21, 0]  	900	2 
[2, 12, 19, 0]  	903	3 
[1, 32, 5, 0]  	910	3 
[1, 12, 20, 0]  	915	2 
[1, 31, 6, 0]  	918	3 
[1, 27, 9, 0]  	919	2 
[1, 30, 7, 0]  	926	2 
[1, 18, 16, 0]  	929	3 
[0, 31, 7, 0]  	930	2 
[1, 29, 8, 0]  	934	2 
[2, 0, 29, 0]  	937	3 
[0, 30, 8, 0]  	938	1 
[1, 1, 29, 0]  	941	2 
[1, 24, 12, 0]  	943	3 
[1, 0, 30, 0]  	949	2 
[0, 1, 30, 0]  	953	1 
[0, 16, 19, 0]  	957	1 
[0, 35, 5, 0]  	960	2 
[0, 0, 31, 0]  	961	1  <--- 3
[0, 18, 18, 0]  	972	1 
[1, 4, 28, 0]  	979	2 
[0, 4, 29, 0]  	991	1 
[0, 38, 4, 0]  	998	2 
[0, 21, 17, 0]  	1010	1 
[0, 44, 0, 0]  	1012	2  <--- 2
[1, 7, 27, 0]  	1017	2 
[0, 7, 28, 0]  	1029	1 
[0, 41, 3, 0]  	1036	2 
[0, 24, 16, 0]  	1048	1 
[0, 10, 27, 0]  	1067	1 
[0, 27, 15, 0]  	1086	1 
[0, 13, 26, 0]  	1105	1 
[20, 1, 0, 1]  	403	7 
[18, 5, 4, 1]  	581	12 
[14, 11, 3, 1]  	612	11 
[18, 8, 3, 1]  	619	11 
[11, 0, 14, 1]  	643	10 
[14, 14, 2, 1]  	650	10 
[18, 11, 2, 1]  	657	10 
[12, 17, 2, 1]  	681	9 
[15, 0, 13, 1]  	688	9 
[10, 19, 2, 1]  	689	9 
[18, 14, 1, 1]  	695	9 
[8, 23, 1, 1]  	712	8 
[12, 20, 1, 1]  	719	8 
[7, 8, 13, 1]  	720	8 
[16, 17, 1, 1]  	726	8 
[10, 22, 1, 1]  	727	8 
[19, 0, 12, 1]  	733	8 
[14, 19, 1, 1]  	734	8 
[6, 26, 1, 1]  	743	7 
[8, 26, 0, 1]  	750	7 
[12, 23, 0, 1]  	757	7 
[6, 28, 0, 1]  	758	7 
[16, 20, 0, 1]  	764	7 
[10, 25, 0, 1]  	765	7 
[4, 14, 12, 1]  	770	6 
[14, 22, 0, 1]  	772	7 
[19, 18, 0, 1]  	775	7 
[18, 19, 0, 1]  	779	7 
[4, 1, 23, 1]  	812	5 
[4, 20, 9, 1]  	815	5 
[3, 4, 22, 1]  	831	4 
[2, 29, 5, 1]  	860	4 
[2, 0, 28, 1]  	906	4 
[1, 13, 19, 1]  	907	2 
[0, 32, 6, 1]  	922	2 
[1, 35, 4, 1]  	948	3 
[1, 21, 15, 1]  	967	3 
[4, 12, 13, 2]  	755	6 
[4, 23, 7, 2]  	822	5 
[3, 29, 1, 23]  	755	5 
[3, 9, 18, 23]  	822	4 
[9, 2, 6, 24]  	403	6 
[5, 11, 4, 24]  	472	4 
[7, 5, 14, 24]  	682	7 
[5, 8, 14, 24]  	713	7 
[4, 25, 3, 24]  	744	6 
[3, 31, 0, 24]  	770	5 
[3, 18, 11, 24]  	812	4 
[3, 6, 20, 24]  	815	4 
[2, 21, 10, 24]  	831	3 
[1, 15, 16, 24]  	860	3 
[0, 30, 7, 24]  	907	1 
[0, 1, 29, 24]  	922	1 
[1, 4, 27, 24]  	948	2 
[0, 38, 3, 24]  	967	1 
------
The gap is between 3 and 22.
Lengths: 3 3 5 5 3 3.
For 982 = 5*d/2-d1-d2-d3 you get 3 in char 0.
1*x^1*y^23*z^14
1*y^40*z^2
1*y^9*z^25

For 560 = 3*d/2-d1-d2-d3 you get 5 in char 0.
1*x^4*y^17*z^3
1*x^3*y^3*z^14
1*x^2*y^20*z^2
1*x^1*y^6*z^13
1*y^23*z^1

For 138 = d/2-d1-d2-d3 you get 3 in char 0.
1*x^4*z^2
1*x^2*y^3*z^1
1*y^6

Extra powers of p used 0.
The invariant extra is equal to 1.
Start computing 7^3 Delta^1 (x1x2x3)^6... Done.
Start computing 7^4 Delta^2 (x1x2x3)^6... Done.
Start computing 7^5 Delta^3 (x1x2x3)^6... Done.
Start computing 7^6 Delta^4 (x1x2x3)^6... Done.
Start computing 7^7 Delta^5 (x1x2x3)^6... Done.
Start computing 7^8 Delta^6 (x1x2x3)^6... Done.
Start computing aa.
1 2 3 4 5 6 7 8 9 10 11 
*/
A = \
[68585706740662718735,137630547759914565113,108632588451006693255,65164609992736339617,178700002545679563886,71321476230896335864,112359470927489914891,182800538217487604960,46415941133611606298,164906001433255353908,142067156159758482275;\
85382804685543153288,107527180919641444878,59836508412682911286,182260452235461968158,57638886595086299965,125778792863290769237,9859593078129519263,119664838958542095540,39481158084419588173,104260086916390403782,184729397070003251837;\
81422815676123506610,40949681113748531243,24860543356016208707,67134721701513226096,132118453402990393493,101024575059587152694,72553497942694393205,158713033579049734099,92416469233801636196,190278543584748007760,79314917822765972767;\
532989022387203835,5861293634070057185,55035847297650957526,48356149732098452454,52147589765322960335,185296974049120238291,132223342300189775817,111356664023833645452,6483780374759978689,178067761318376958742,75150869565340353267;\
17888043037574893404,54895637852620053580,188527044480739739712,75507842503447043347,124571169288721637811,164486113016054352467,140519244970773560899,102318918677832992268,81843278462373788108,43688372380059947911,13670154545862935834;\
128127431403649356820,20271391831788740234,3792238873246526864,14824637157504072738,18337250563245043458,172656218369421214106,140101530148847281091,127769680180631165677,130026235669957612293,84178689176962549036,82020401789446308447;\
65452414538402494024,5322152282555458131,106039786973016463223,19217792319009642267,170249300182559640721,142387627044187837438,80770268777109842959,85341886101362903208,64627109267977911585,100119641766520827178,117036616362922610291;\
53569254243363193437,1388368916791508368,154821228218685035583,145721289189895482672,171423334923652664482,396345864835618635,27758558987217630614,89196266713765204791,67060122247185236596,87123247374685930373,121653500087391041490;\
114112313651182432781,48878385868634606298,73386728957778404137,184920417796284427376,118482373081355753071,18380636413554729741,169743360295705860706,3987860300913914264,33758760653266965204,90673369439675869973,13263469017826597164;\
87570474110521843210,107564851116971392361,172108281927992218511,112181446896281339612,58836767494168380234,169678125681791449429,90816414049804905014,120855695506925061333,23191220130650673472,38183254872292990180,114413457659050660047;\
100743306782288288745,40684348833365290350,129938630509113161352,72072741669219950414,9466823896801163011,173570892628727984467,64827659130751842353,41288724755644466576,157508729668690283527,59203999274565219760,102765933514350085623]
/* 
This should be the matrix of frobenius!
*/ 
B = A; 
/* Freed 54 lists. */
