/* Comments begin... 
Coefficient of   x^21 * y^1               = 1
Coefficient of   x^10 * y^2 * z^6         = -2
Coefficient of   x^8 * y^5 * z^5         = -2
Coefficient of   x^6 * y^8 * z^4         = 3
Coefficient of   x^4 * y^11 * z^3         = 0
Coefficient of   x^2 * y^14 * z^2         = -2
Coefficient of   x^1 * z^13               = -1
Coefficient of   y^17 * z^1               = -1

Here is the polynomial we're using this time:

1*x^21*y^1 + -2*x^10*y^2*z^6 + -2*x^8*y^5*z^5 + 3*x^6*y^8*z^4 + -2*x^2*y^14*z^2 + -1*x^1*z^13 + -1*y^17*z^1

Allocate G_len 20 elements and old = 0.
Allocate M_len = 400 elements.
Allocate G_len 40 elements and old = 20.
Allocate M_len = 800 elements.
Allocate G_len 80 elements and old = 40.
Allocate M_len = 1600 elements.
Allocate M_len = 3200 elements.
Allocate G_len 160 elements and old = 80.
Allocate M_len = 6400 elements.
Allocate M_len = 12800 elements.
Allocate G_len 320 elements and old = 160.
Allocate M_len = 25600 elements.
The final length of G is 210
[10, 2, 5, 0]  	391	6 
[21, 0, 0, 0]  	399	6  <--- 1
[8, 5, 5, 0]  	422	5 
[8, 8, 4, 0]  	460	7 
[6, 14, 3, 0]  	529	7 
[7, 0, 15, 0]  	598	7 
[19, 5, 4, 0]  	600	6 
[15, 11, 3, 0]  	631	9 
[19, 8, 3, 0]  	638	6 
[12, 0, 14, 0]  	662	8 
[15, 14, 2, 0]  	669	5 
[9, 3, 14, 0]  	674	8 
[17, 14, 1, 0]  	676	6 
[9, 20, 2, 0]  	693	7 
[13, 17, 2, 0]  	700	9 
[7, 22, 2, 0]  	701	8 
[7, 6, 14, 0]  	705	8 
[16, 0, 13, 0]  	707	5 
[11, 19, 2, 0]  	708	9 
[7, 8, 13, 0]  	720	8 
[6, 9, 13, 0]  	724	7 
[9, 23, 1, 0]  	731	7 
[6, 8, 14, 0]  	732	7 
[5, 25, 2, 0]  	732	7 
[13, 20, 1, 0]  	738	8 
[7, 25, 1, 0]  	739	8 
[6, 26, 1, 0]  	743	7 
[11, 22, 1, 0]  	746	8 
[5, 11, 13, 0]  	751	7 
[20, 0, 12, 0]  	752	8 
[15, 19, 1, 0]  	753	7 
[4, 12, 13, 0]  	755	6 
[7, 11, 12, 0]  	758	8 
[6, 12, 12, 0]  	762	7 
[4, 11, 14, 0]  	763	6 
[4, 26, 3, 0]  	767	6 
[9, 26, 0, 0]  	769	7 
[5, 28, 1, 0]  	770	6 
[4, 14, 12, 0]  	770	6 
[20, 17, 0, 0]  	771	2 
[6, 7, 16, 0]  	771	6 
[5, 24, 4, 0]  	771	6 
[4, 29, 1, 0]  	774	6 
[13, 23, 0, 0]  	776	7 
[6, 29, 0, 0]  	781	6 
[5, 15, 11, 0]  	781	6 
[4, 28, 2, 0]  	782	6 
[3, 14, 13, 0]  	782	6 
[17, 20, 0, 0]  	783	7 
[11, 25, 0, 0]  	784	7 
[3, 29, 2, 0]  	786	5 
[6, 1, 21, 0]  	788	6 
[5, 18, 9, 0]  	788	6 
[4, 31, 0, 0]  	789	6 
[15, 22, 0, 0]  	791	7 
[3, 32, 0, 0]  	793	5 
[6, 4, 19, 0]  	795	6 
[5, 21, 7, 0]  	795	6 
[5, 17, 10, 0]  	796	6 
[19, 19, 0, 0]  	798	6 
[5, 1, 22, 0]  	800	5 
[4, 18, 10, 0]  	800	5 
[3, 31, 1, 0]  	801	5 
[3, 0, 24, 0]  	801	5 
[6, 3, 20, 0]  	803	6 
[5, 20, 8, 0]  	803	6 
[4, 25, 5, 0]  	806	6 
[5, 4, 20, 0]  	807	5 
[4, 21, 8, 0]  	807	5 
[5, 0, 23, 0]  	808	5 
[4, 17, 11, 0]  	808	5 
[6, 6, 18, 0]  	810	6 
[5, 23, 6, 0]  	810	6 
[5, 7, 18, 0]  	814	5 
[4, 24, 6, 0]  	814	5 
[5, 3, 21, 0]  	815	5 
[4, 20, 9, 0]  	815	5 
[4, 4, 21, 0]  	819	5 
[3, 17, 12, 0]  	820	5 
[5, 6, 19, 0]  	822	5 
[4, 23, 7, 0]  	822	5 
[4, 7, 19, 0]  	826	5 
[4, 3, 22, 0]  	827	5 
[5, 9, 17, 0]  	829	5 
[3, 12, 16, 0]  	829	5 
[3, 4, 22, 0]  	831	4 
[4, 10, 17, 0]  	833	5 
[4, 6, 20, 0]  	834	5 
[3, 11, 17, 0]  	837	5 
[3, 7, 20, 0]  	838	4 
[3, 3, 23, 0]  	839	4 
[4, 9, 18, 0]  	841	5 
[2, 35, 0, 0]  	843	4 
[3, 21, 10, 0]  	850	4 
[3, 9, 19, 0]  	853	4 
[3, 24, 8, 0]  	857	4 
[3, 20, 11, 0]  	858	4 
[2, 29, 5, 0]  	860	4 
[2, 21, 11, 0]  	862	3 
[3, 23, 9, 0]  	865	4 
[2, 24, 9, 0]  	869	3 
[2, 4, 24, 0]  	874	4 
[2, 31, 4, 0]  	875	5 
[2, 23, 10, 0]  	877	3 
[2, 15, 16, 0]  	879	4 
[2, 7, 22, 0]  	881	3 
[2, 26, 8, 0]  	884	3 
[2, 14, 17, 0]  	887	4 
[2, 10, 20, 0]  	888	3 
[1, 15, 17, 0]  	891	3 
[1, 38, 0, 0]  	893	3 
[2, 13, 18, 0]  	895	3 
[2, 9, 21, 0]  	896	3 
[2, 1, 27, 0]  	898	4 
[1, 14, 18, 0]  	899	3 
[1, 10, 21, 0]  	900	2 
[2, 12, 19, 0]  	903	3 
[2, 0, 28, 0]  	906	4 
[1, 13, 19, 0]  	907	2 
[1, 12, 20, 0]  	915	2 
[1, 27, 9, 0]  	919	2 
[1, 18, 16, 0]  	929	3 
[1, 29, 8, 0]  	934	2 
[0, 30, 8, 0]  	938	1 
[1, 1, 29, 0]  	941	2 
[1, 24, 12, 0]  	943	3 
[1, 35, 4, 0]  	948	3 
[1, 0, 30, 0]  	949	2 
[0, 32, 7, 0]  	953	1 
[0, 1, 30, 0]  	953	1 
[0, 16, 19, 0]  	957	1 
[0, 35, 5, 0]  	960	2 
[0, 0, 31, 0]  	961	1  <--- 3
[1, 21, 15, 0]  	967	3 
[0, 18, 18, 0]  	972	1 
[1, 4, 28, 0]  	979	2 
[0, 4, 29, 0]  	991	1 
[0, 38, 4, 0]  	998	2 
[0, 21, 17, 0]  	1010	1 
[0, 44, 0, 0]  	1012	2  <--- 2
[1, 7, 27, 0]  	1017	2 
[0, 7, 28, 0]  	1029	1 
[0, 41, 3, 0]  	1036	2 
[0, 24, 16, 0]  	1048	1 
[0, 10, 27, 0]  	1067	1 
[0, 27, 15, 0]  	1086	1 
[0, 13, 26, 0]  	1105	1 
[20, 1, 0, 1]  	403	6 
[6, 11, 4, 1]  	491	6 
[5, 0, 15, 1]  	560	6 
[18, 5, 4, 1]  	581	10 
[14, 11, 3, 1]  	612	10 
[18, 8, 3, 1]  	619	10 
[11, 0, 14, 1]  	643	9 
[14, 14, 2, 1]  	650	9 
[16, 14, 1, 1]  	657	10 
[12, 17, 2, 1]  	681	9 
[15, 0, 13, 1]  	688	9 
[10, 19, 2, 1]  	689	9 
[8, 23, 1, 1]  	712	8 
[12, 20, 1, 1]  	719	9 
[10, 22, 1, 1]  	727	9 
[19, 0, 12, 1]  	733	9 
[14, 19, 1, 1]  	734	8 
[5, 9, 14, 1]  	736	7 
[8, 26, 0, 1]  	750	8 
[12, 23, 0, 1]  	757	8 
[5, 29, 0, 1]  	762	6 
[16, 20, 0, 1]  	764	8 
[10, 25, 0, 1]  	765	8 
[14, 22, 0, 1]  	772	8 
[19, 18, 0, 1]  	775	7 
[7, 28, 0, 1]  	777	7 
[18, 19, 0, 1]  	779	8 
[2, 32, 1, 1]  	805	5 
[4, 1, 23, 1]  	812	5 
[2, 18, 12, 1]  	824	4 
[3, 10, 18, 1]  	845	4 
[3, 6, 21, 1]  	846	4 
[3, 28, 5, 1]  	856	5 
[3, 27, 6, 1]  	864	4 
[2, 28, 6, 1]  	868	4 
[3, 26, 7, 1]  	872	4 
[2, 27, 7, 1]  	876	3 
[1, 32, 5, 1]  	910	3 
[1, 31, 6, 1]  	918	3 
[0, 32, 6, 1]  	922	2 
[1, 30, 7, 1]  	926	2 
[0, 31, 7, 1]  	930	2 
[6, 28, 0, 3]  	758	7 
[5, 14, 11, 22]  	758	6 
[5, 14, 4, 23]  	541	5 
[4, 17, 10, 23]  	777	5 
[4, 3, 21, 23]  	796	5 
[9, 2, 6, 24]  	403	5 
[7, 8, 5, 24]  	472	6 
[4, 14, 3, 24]  	491	4 
[7, 5, 14, 24]  	682	8 
[4, 25, 2, 24]  	713	5 
[3, 11, 14, 24]  	744	5 
[2, 1, 24, 24]  	805	4 
[3, 18, 11, 24]  	812	4 
[1, 35, 0, 24]  	824	3 
[1, 13, 17, 24]  	845	1 
[2, 23, 9, 24]  	846	3 
[2, 14, 16, 24]  	856	3 
[2, 12, 18, 24]  	872	2 
[1, 0, 28, 24]  	887	2 
[0, 16, 17, 24]  	895	1 
[0, 0, 29, 24]  	899	1 
------
The gap is between 4 and 21.
Lengths: 3 3 5 6 3 3.
For 982 = 5*d/2-d1-d2-d3 you get 3 in char 0.
1*x^1*y^23*z^14
1*y^40*z^2
1*y^9*z^25

For 560 = 3*d/2-d1-d2-d3 you get 5 in char 0.
1*x^4*y^17*z^3
1*x^3*y^3*z^14
1*x^2*y^20*z^2
1*x^1*y^6*z^13
1*y^23*z^1

For 138 = d/2-d1-d2-d3 you get 3 in char 0.
1*x^4*z^2
1*x^2*y^3*z^1
1*y^6

Extra powers of p used 1.
The invariant extra is equal to 1.
Start computing 7^3 Delta^1 (x1x2x3)^6... Done.
Start computing 7^4 Delta^2 (x1x2x3)^6... Done.
Start computing 7^5 Delta^3 (x1x2x3)^6... Done.
Start computing 7^6 Delta^4 (x1x2x3)^6... Done.
Start computing 7^7 Delta^5 (x1x2x3)^6... Done.
Start computing 7^8 Delta^6 (x1x2x3)^6... Done.
Start computing aa.
1 2 3 4 5 6 7 8 9 10 11 
*/
A = \
[117920587237771138674,117727601945687536726,152701740272735855572,45865605224327603967,26764399163268623556,29642685602513797975,99380444375912858858,1371618912765362996,73116567689409252785,83302848281827360179,79892037352934471630;\
52855093621944114494,122516266380735708425,46951427563354181749,116807069651923094059,96717072785543467026,82328838076428419168,17514513141786006892,81516199374937932437,45412723820496766188,186517564885622776218,127369075362048002791;\
175412366062834580967,59301383184767067470,139369648709209848055,152201100027609939180,178296687050961441753,161201188512514305750,133082490343018020350,90996152181700666586,140542842560119808648,147655305110540567473,67414663640616184088;\
50828945725884454436,162254225197029906411,38442357010485991315,163953167557043355204,46203814727220742340,156358044682191998639,186377423217873150137,50089460550896754211,134319949210158870865,180116450053633673349,21955916512479240648;\
86898239328139844269,80455925560990403191,167888897922707971579,175352762694207866138,14168782291648292210,87562414438377815496,59103755865725491158,84084129660241327498,88419556841610991822,57772701146246538823,149611768761270537001;\
138857828677804649399,109933276639473455462,133570735970530559638,135620064839534066890,59335814668866382773,68217150318193940854,149171455763217960450,160412640132362129932,154103921789038612293,144438608507900502257,173128059166745449963;\
137470203710929167162,20479729874051760384,185252345452856496224,138402399321989338977,104684199389353154648,143543082051656985264,136817171923177940264,159008531570968306556,120822841721668627576,24256351298131539195,44744195969401284636;\
23560381036320021355,125615427013244595465,22903727913742909561,8902815385382310868,28801768805328108611,24391886628941796454,12210341833362380869,161170270308797921521,142292438354465977039,185820195494802732052,72580624284484484378;\
179549506173085142829,24404560117789516672,40204975362149405192,158757528927550908803,152882272677811375314,24481664788112181531,120407546176861330254,96471162430082820170,28899153255082114683,159798869810735739899,177968912515187510906;\
113702132123362868211,38634627649643514262,179037864544682622641,111613093358432477448,168385259132933321556,143584468955068269954,45289228823449005808,5079188020875706248,181931570907116712689,6593164809448847294,115775539506293191609;\
43881560332710775773,39869111207405112691,133188639472292076376,84762545548230071935,105506141807070453127,187097489486657222760,136023665109944664038,137310223193461519999,67656870474093019910,133348729533297226018,169611792471666985692]
/* 
This matrix times 7^(-1) should be the matrix of frobenius.
*/ 
B = 7^(-1) * A; 
/* Freed 54 lists. */
