/* Comments begin... 
Coefficient of   x^21 * y^1               = 2
Coefficient of   x^10 * y^2 * z^6         = 3
Coefficient of   x^8 * y^5 * z^5         = -3
Coefficient of   x^6 * y^8 * z^4         = -3
Coefficient of   x^4 * y^11 * z^3         = 0
Coefficient of   x^2 * y^14 * z^2         = 2
Coefficient of   x^1 * z^13               = 0
Coefficient of   y^17 * z^1               = 0

Here is the polynomial we're using this time:

2*x^21*y^1 + 3*x^10*y^2*z^6 + -3*x^8*y^5*z^5 + -3*x^6*y^8*z^4 + 2*x^2*y^14*z^2

Allocate G_len 20 elements and old = 0.
Allocate M_len = 400 elements.
Allocate G_len 40 elements and old = 20.
Allocate M_len = 800 elements.
Allocate G_len 80 elements and old = 40.
Not smooth!
Coefficient of   x^21 * y^1               = 3
Coefficient of   x^10 * y^2 * z^6         = -1
Coefficient of   x^8 * y^5 * z^5         = 0
Coefficient of   x^6 * y^8 * z^4         = 2
Coefficient of   x^4 * y^11 * z^3         = 1
Coefficient of   x^2 * y^14 * z^2         = 2
Coefficient of   x^1 * z^13               = 3
Coefficient of   y^17 * z^1               = 1

Here is the polynomial we're using this time:

3*x^21*y^1 + -1*x^10*y^2*z^6 + 2*x^6*y^8*z^4 + 1*x^4*y^11*z^3 + 2*x^2*y^14*z^2 + 3*x^1*z^13 + 1*y^17*z^1

Allocate M_len = 1600 elements.
Allocate M_len = 3200 elements.
Allocate G_len 160 elements and old = 80.
Allocate M_len = 6400 elements.
Allocate M_len = 12800 elements.
Allocate G_len 320 elements and old = 160.
Allocate M_len = 25600 elements.
Not smooth!
Coefficient of   x^21 * y^1               = 1
Coefficient of   x^10 * y^2 * z^6         = -2
Coefficient of   x^8 * y^5 * z^5         = -2
Coefficient of   x^6 * y^8 * z^4         = -2
Coefficient of   x^4 * y^11 * z^3         = 0
Coefficient of   x^2 * y^14 * z^2         = -2
Coefficient of   x^1 * z^13               = 2
Coefficient of   y^17 * z^1               = -3

Here is the polynomial we're using this time:

1*x^21*y^1 + -2*x^10*y^2*z^6 + -2*x^8*y^5*z^5 + -2*x^6*y^8*z^4 + -2*x^2*y^14*z^2 + 2*x^1*z^13 + -3*y^17*z^1

The final length of G is 193
[10, 2, 5, 0]  	391	6 
[21, 0, 0, 0]  	399	6  <--- 1
[8, 5, 5, 0]  	422	5 
[6, 11, 4, 0]  	491	6 
[6, 14, 3, 0]  	529	7 
[5, 0, 15, 0]  	560	6 
[19, 5, 4, 0]  	600	6 
[14, 11, 3, 0]  	612	10 
[17, 8, 4, 0]  	631	5 
[19, 8, 3, 0]  	638	6 
[15, 14, 2, 0]  	669	5 
[9, 3, 14, 0]  	674	8 
[17, 14, 1, 0]  	676	8 
[9, 20, 2, 0]  	693	7 
[14, 0, 14, 0]  	700	9 
[7, 22, 2, 0]  	701	8 
[7, 6, 14, 0]  	705	8 
[16, 0, 13, 0]  	707	7 
[12, 20, 1, 0]  	719	8 
[7, 8, 13, 0]  	720	8 
[6, 9, 13, 0]  	724	7 
[10, 22, 1, 0]  	727	8 
[9, 23, 1, 0]  	731	7 
[6, 8, 14, 0]  	732	7 
[5, 25, 2, 0]  	732	7 
[5, 9, 14, 0]  	736	7 
[7, 25, 1, 0]  	739	7 
[6, 26, 1, 0]  	743	7 
[13, 19, 2, 0]  	746	7 
[5, 11, 13, 0]  	751	7 
[20, 0, 12, 0]  	752	7 
[15, 19, 1, 0]  	753	6 
[4, 12, 13, 0]  	755	6 
[5, 29, 0, 0]  	762	6 
[4, 11, 14, 0]  	763	6 
[4, 26, 3, 0]  	767	6 
[9, 26, 0, 0]  	769	6 
[5, 28, 1, 0]  	770	6 
[4, 14, 12, 0]  	770	6 
[20, 17, 0, 0]  	771	2 
[5, 24, 4, 0]  	771	6 
[4, 29, 1, 0]  	774	6 
[13, 23, 0, 0]  	776	6 
[7, 28, 0, 0]  	777	6 
[5, 15, 11, 0]  	781	6 
[4, 28, 2, 0]  	782	6 
[3, 14, 13, 0]  	782	6 
[17, 20, 0, 0]  	783	6 
[11, 25, 0, 0]  	784	6 
[3, 29, 2, 0]  	786	5 
[5, 18, 9, 0]  	788	6 
[4, 31, 0, 0]  	789	6 
[15, 22, 0, 0]  	791	6 
[3, 32, 0, 0]  	793	5 
[5, 21, 7, 0]  	795	6 
[5, 17, 10, 0]  	796	6 
[19, 19, 0, 0]  	798	6 
[4, 18, 10, 0]  	800	5 
[3, 31, 1, 0]  	801	5 
[3, 0, 24, 0]  	801	5 
[5, 20, 8, 0]  	803	6 
[2, 32, 1, 0]  	805	5 
[4, 25, 5, 0]  	806	6 
[4, 17, 11, 0]  	808	5 
[5, 23, 6, 0]  	810	6 
[4, 1, 23, 0]  	812	5 
[4, 20, 9, 0]  	815	5 
[4, 4, 21, 0]  	819	5 
[4, 23, 7, 0]  	822	5 
[2, 18, 12, 0]  	824	4 
[4, 7, 19, 0]  	826	5 
[4, 3, 22, 0]  	827	5 
[3, 12, 16, 0]  	829	5 
[3, 4, 22, 0]  	831	4 
[4, 10, 17, 0]  	833	5 
[4, 6, 20, 0]  	834	5 
[3, 11, 17, 0]  	837	5 
[3, 7, 20, 0]  	838	4 
[4, 9, 18, 0]  	841	5 
[2, 35, 0, 0]  	843	4 
[3, 10, 18, 0]  	845	4 
[3, 21, 10, 0]  	850	4 
[3, 9, 19, 0]  	853	4 
[3, 28, 5, 0]  	856	5 
[3, 24, 8, 0]  	857	4 
[3, 20, 11, 0]  	858	4 
[2, 21, 11, 0]  	862	3 
[3, 27, 6, 0]  	864	4 
[3, 23, 9, 0]  	865	4 
[2, 28, 6, 0]  	868	4 
[2, 24, 9, 0]  	869	3 
[3, 26, 7, 0]  	872	4 
[2, 4, 24, 0]  	874	4 
[2, 31, 4, 0]  	875	5 
[2, 23, 10, 0]  	877	3 
[2, 15, 16, 0]  	879	4 
[2, 7, 22, 0]  	881	3 
[2, 26, 8, 0]  	884	3 
[2, 10, 20, 0]  	888	3 
[1, 15, 17, 0]  	891	3 
[1, 38, 0, 0]  	893	3 
[2, 13, 18, 0]  	895	3 
[2, 9, 21, 0]  	896	3 
[2, 1, 27, 0]  	898	4 
[1, 14, 18, 0]  	899	3 
[1, 10, 21, 0]  	900	2 
[2, 12, 19, 0]  	903	3 
[1, 13, 19, 0]  	907	2 
[1, 32, 5, 0]  	910	3 
[1, 12, 20, 0]  	915	2 
[1, 31, 6, 0]  	918	3 
[1, 27, 9, 0]  	919	2 
[0, 32, 6, 0]  	922	2 
[1, 30, 7, 0]  	926	2 
[1, 18, 16, 0]  	929	3 
[1, 29, 8, 0]  	934	2 
[2, 0, 29, 0]  	937	3 
[0, 30, 8, 0]  	938	1 
[1, 1, 29, 0]  	941	2 
[1, 24, 12, 0]  	943	3 
[1, 35, 4, 0]  	948	3 
[1, 0, 30, 0]  	949	2 
[0, 1, 30, 0]  	953	1 
[0, 16, 19, 0]  	957	1 
[0, 35, 5, 0]  	960	2 
[0, 0, 31, 0]  	961	1  <--- 3
[1, 21, 15, 0]  	967	3 
[0, 18, 18, 0]  	972	1 
[1, 4, 28, 0]  	979	2 
[0, 4, 29, 0]  	991	1 
[0, 38, 4, 0]  	998	2 
[0, 21, 17, 0]  	1010	1 
[0, 44, 0, 0]  	1012	2  <--- 2
[0, 7, 28, 0]  	1029	1 
[0, 41, 3, 0]  	1036	2 
[0, 24, 16, 0]  	1048	1 
[0, 10, 27, 0]  	1067	1 
[0, 27, 15, 0]  	1086	1 
[0, 13, 26, 0]  	1105	1 
[20, 1, 0, 1]  	403	6 
[8, 8, 4, 1]  	460	7 
[18, 5, 4, 1]  	581	10 
[18, 8, 3, 1]  	619	10 
[14, 14, 2, 1]  	650	9 
[16, 14, 1, 1]  	657	9 
[12, 0, 14, 1]  	662	8 
[12, 17, 2, 1]  	681	9 
[15, 0, 13, 1]  	688	8 
[8, 23, 1, 1]  	712	8 
[19, 0, 12, 1]  	733	8 
[14, 19, 1, 1]  	734	7 
[8, 26, 0, 1]  	750	7 
[12, 23, 0, 1]  	757	7 
[6, 28, 0, 1]  	758	7 
[16, 20, 0, 1]  	764	7 
[10, 25, 0, 1]  	765	7 
[14, 22, 0, 1]  	772	7 
[19, 18, 0, 1]  	775	7 
[18, 19, 0, 1]  	779	7 
[4, 21, 8, 1]  	807	5 
[4, 24, 6, 1]  	814	5 
[3, 17, 12, 1]  	820	5 
[3, 3, 23, 1]  	839	4 
[2, 27, 7, 1]  	876	3 
[0, 31, 7, 1]  	930	2 
[11, 0, 14, 2]  	643	9 
[11, 19, 2, 2]  	708	8 
[3, 6, 21, 2]  	846	4 
[2, 29, 5, 2]  	860	4 
[2, 14, 17, 2]  	887	4 
[2, 0, 28, 2]  	906	4 
[10, 19, 2, 3]  	689	9 
[1, 7, 27, 3]  	1017	2 
[0, 24, 15, 22]  	1017	1 
[9, 3, 13, 23]  	643	7 
[8, 22, 1, 23]  	689	8 
[2, 23, 9, 23]  	846	3 
[1, 15, 16, 23]  	860	3 
[1, 31, 5, 23]  	887	3 
[9, 2, 6, 24]  	403	5 
[6, 11, 3, 24]  	460	6 
[7, 8, 5, 24]  	472	6 
[5, 14, 4, 24]  	541	5 
[9, 20, 1, 24]  	662	6 
[7, 5, 14, 24]  	682	8 
[5, 8, 14, 24]  	713	6 
[4, 25, 3, 24]  	744	5 
[3, 7, 19, 24]  	807	4 
[3, 10, 17, 24]  	814	4 
[2, 34, 0, 24]  	820	4 
[2, 20, 11, 24]  	839	3 
[1, 13, 18, 24]  	876	2 
[0, 0, 30, 24]  	930	1 
------
The gap is between 4 and 21.
Lengths: 3 3 5 5 3 3.
For 982 = 5*d/2-d1-d2-d3 you get 3 in char 0.
1*x^1*y^23*z^14
1*y^40*z^2
1*y^9*z^25

For 560 = 3*d/2-d1-d2-d3 you get 5 in char 0.
1*x^4*y^17*z^3
1*x^3*y^3*z^14
1*x^2*y^20*z^2
1*x^1*y^6*z^13
1*y^23*z^1

For 138 = d/2-d1-d2-d3 you get 3 in char 0.
1*x^4*z^2
1*x^2*y^3*z^1
1*y^6

Extra powers of p used 0.
The invariant extra is equal to 1.
Start computing 7^3 Delta^1 (x1x2x3)^6... Done.
Start computing 7^4 Delta^2 (x1x2x3)^6... Done.
Start computing 7^5 Delta^3 (x1x2x3)^6... Done.
Start computing 7^6 Delta^4 (x1x2x3)^6... Done.
Start computing 7^7 Delta^5 (x1x2x3)^6... Done.
Start computing 7^8 Delta^6 (x1x2x3)^6... Done.
Start computing aa.
1 2 3 4 5 6 7 8 9 10 11 
*/
A = \
[66564530328102102823,135996127871428719260,62830872470529616585,61917290465127760558,64961474129714162112,147290913502497009959,165154461928469559602,8468051563730543771,137495097474760770640,61104892009726244162,53134597281206056637;\
38089720810999451208,64694394202906680189,120991931941583984716,105003077556118322609,104946569492382481129,190749386327766577073,158013595476716227507,154003461118749512515,82598212122862070705,138264691653916885400,27491018392061660289;\
4607065560736548424,161175643297139173843,85054749011560755321,184327922195550915677,66384580155752845329,166000660941602583971,104256059042487164435,81465485364504119494,30990628344883468226,92247772379483960925,179299525914287233924;\
140695953474974192552,160294453025060034230,101169048050753529126,134180078839445807490,89461588404485704631,180775431658003460362,88836909769599375482,81486473997259092146,185190809970641906991,172022426554402627448,189113233140425159370;\
114809995367544870753,129773614236900472516,149642814321291117071,17539092841082565585,48789270057187880948,171311148740728447269,65622913699507573479,116570206537929317376,154917921721440266144,27992040801245898545,78778805352336763618;\
28734913774947429689,141348234595695860281,138662489025852933717,2047798634092800274,104683452705356679098,115080650627787812576,6642891489386184620,15794869505517728892,69047273113491339499,173525344185356711751,61357987279177941478;\
26315183359780090452,129872502391905679056,178621153865965885117,120548485663555961921,58656863180152802789,153244831048415553104,133285865764537854690,46952672306954328453,82240140610433645546,77424921082749810682,27537491438381307642;\
2792026893964300667,190529620441535389906,38671317173853536703,96636683827730453750,4211684367238909274,176600845246125979889,47920856041333032625,181229745327119803377,14446204438253176505,169704573562531426188,143574163368501551700;\
122983969496905949823,144631832001099423491,97910343569725072374,71810206198474800917,160522298352407220495,45386641367346431397,97520792626813971695,22492941635655900479,69821903144279845706,125167364324596031641,11781529900210659610;\
142035348854927885688,85213951190662946854,150925473259538189599,191252135043826256267,55215140687994411565,162975206424063059824,135534134656548301506,10745717716519084523,86350010636946008883,59885507173459245250,24984947953293624121;\
183254288427541356710,166363507128382545748,40041020048866771862,91993224500366437696,13869511244345502074,86505210565713417422,26623943085338534355,7881280643941181939,117524950167836523354,39548952779051937270,42480755671951542771]
/* 
This should be the matrix of frobenius!
*/ 
B = A; 
/* Freed 54 lists. */
