/* Comments begin... 
Coefficient of   x^21 * y^1               = 1
Coefficient of   x^10 * y^2 * z^6         = 3
Coefficient of   x^8 * y^5 * z^5         = 1
Coefficient of   x^6 * y^8 * z^4         = -2
Coefficient of   x^4 * y^11 * z^3         = -1
Coefficient of   x^2 * y^14 * z^2         = -3
Coefficient of   x^1 * z^13               = -2
Coefficient of   y^17 * z^1               = -1

Here is the polynomial we're using this time:

1*x^21*y^1 + 3*x^10*y^2*z^6 + 1*x^8*y^5*z^5 + -2*x^6*y^8*z^4 + -1*x^4*y^11*z^3 + -3*x^2*y^14*z^2 + -2*x^1*z^13 + -1*y^17*z^1

Allocate G_len 20 elements and old = 0.
Allocate M_len = 400 elements.
Allocate G_len 40 elements and old = 20.
Allocate M_len = 800 elements.
Allocate G_len 80 elements and old = 40.
Allocate M_len = 1600 elements.
Allocate M_len = 3200 elements.
Allocate G_len 160 elements and old = 80.
Allocate M_len = 6400 elements.
Allocate M_len = 12800 elements.
Allocate G_len 320 elements and old = 160.
Allocate M_len = 25600 elements.
The final length of G is 204
[10, 2, 5, 0]  	391	7 
[21, 0, 0, 0]  	399	7  <--- 1
[8, 5, 5, 0]  	422	6 
[6, 11, 4, 0]  	491	6 
[6, 14, 3, 0]  	529	7 
[5, 0, 15, 0]  	560	6 
[19, 5, 4, 0]  	600	7 
[14, 11, 3, 0]  	612	11 
[17, 8, 4, 0]  	631	10 
[19, 8, 3, 0]  	638	7 
[9, 3, 14, 0]  	674	9 
[19, 11, 2, 0]  	676	9 
[12, 17, 2, 0]  	681	9 
[15, 0, 13, 0]  	688	9 
[9, 20, 2, 0]  	693	8 
[14, 0, 14, 0]  	700	8 
[7, 22, 2, 0]  	701	8 
[7, 6, 14, 0]  	705	8 
[17, 14, 2, 0]  	707	8 
[11, 19, 2, 0]  	708	8 
[19, 14, 1, 0]  	714	8 
[7, 8, 13, 0]  	720	8 
[6, 9, 13, 0]  	724	7 
[9, 23, 1, 0]  	731	7 
[6, 8, 14, 0]  	732	7 
[5, 25, 2, 0]  	732	7 
[14, 19, 1, 0]  	734	8 
[5, 9, 14, 0]  	736	7 
[13, 20, 1, 0]  	738	7 
[7, 25, 1, 0]  	739	7 
[6, 26, 1, 0]  	743	7 
[17, 17, 1, 0]  	745	7 
[11, 22, 1, 0]  	746	7 
[20, 0, 12, 0]  	752	7 
[4, 12, 13, 0]  	755	6 
[5, 29, 0, 0]  	762	6 
[4, 11, 14, 0]  	763	6 
[5, 28, 1, 0]  	770	6 
[4, 14, 12, 0]  	770	6 
[20, 17, 0, 0]  	771	2 
[5, 24, 4, 0]  	771	6 
[13, 23, 0, 0]  	776	6 
[7, 28, 0, 0]  	777	6 
[5, 15, 11, 0]  	781	6 
[3, 14, 13, 0]  	782	6 
[17, 20, 0, 0]  	783	6 
[11, 25, 0, 0]  	784	6 
[3, 29, 2, 0]  	786	5 
[4, 31, 0, 0]  	789	6 
[15, 22, 0, 0]  	791	6 
[3, 32, 0, 0]  	793	5 
[5, 21, 7, 0]  	795	6 
[5, 17, 10, 0]  	796	6 
[19, 19, 0, 0]  	798	6 
[4, 18, 10, 0]  	800	5 
[3, 31, 1, 0]  	801	5 
[3, 0, 24, 0]  	801	5 
[5, 20, 8, 0]  	803	6 
[2, 32, 1, 0]  	805	5 
[4, 21, 8, 0]  	807	5 
[4, 17, 11, 0]  	808	5 
[5, 23, 6, 0]  	810	6 
[4, 1, 23, 0]  	812	5 
[4, 24, 6, 0]  	814	5 
[4, 20, 9, 0]  	815	5 
[4, 4, 21, 0]  	819	5 
[3, 17, 12, 0]  	820	5 
[4, 23, 7, 0]  	822	5 
[2, 18, 12, 0]  	824	4 
[4, 7, 19, 0]  	826	5 
[4, 3, 22, 0]  	827	5 
[4, 26, 5, 0]  	829	5 
[3, 12, 16, 0]  	829	5 
[3, 4, 22, 0]  	831	4 
[4, 6, 20, 0]  	834	5 
[3, 11, 17, 0]  	837	5 
[3, 7, 20, 0]  	838	4 
[3, 3, 23, 0]  	839	4 
[4, 9, 18, 0]  	841	5 
[2, 35, 0, 0]  	843	4 
[3, 10, 18, 0]  	845	4 
[3, 21, 10, 0]  	850	4 
[3, 9, 19, 0]  	853	4 
[3, 28, 5, 0]  	856	5 
[3, 20, 11, 0]  	858	4 
[2, 29, 5, 0]  	860	4 
[3, 27, 6, 0]  	864	4 
[2, 28, 6, 0]  	868	4 
[3, 26, 7, 0]  	872	4 
[2, 4, 24, 0]  	874	4 
[2, 31, 4, 0]  	875	5 
[2, 27, 7, 0]  	876	3 
[2, 15, 16, 0]  	879	4 
[2, 7, 22, 0]  	881	3 
[2, 26, 8, 0]  	884	3 
[2, 14, 17, 0]  	887	4 
[2, 10, 20, 0]  	888	3 
[1, 15, 17, 0]  	891	3 
[2, 13, 18, 0]  	895	3 
[2, 9, 21, 0]  	896	3 
[2, 1, 27, 0]  	898	4 
[1, 14, 18, 0]  	899	3 
[2, 24, 10, 0]  	900	2 
[1, 10, 21, 0]  	900	2 
[2, 0, 28, 0]  	906	4 
[1, 13, 19, 0]  	907	2 
[1, 32, 5, 0]  	910	3 
[1, 12, 20, 0]  	915	2 
[1, 31, 6, 0]  	918	3 
[1, 27, 9, 0]  	919	2 
[0, 32, 6, 0]  	922	2 
[1, 30, 7, 0]  	926	2 
[1, 18, 16, 0]  	929	3 
[0, 31, 7, 0]  	930	2 
[1, 29, 8, 0]  	934	2 
[0, 30, 8, 0]  	938	1 
[1, 24, 12, 0]  	943	3 
[1, 0, 30, 0]  	949	2 
[0, 1, 30, 0]  	953	1 
[0, 16, 19, 0]  	957	1 
[0, 35, 5, 0]  	960	2 
[0, 0, 31, 0]  	961	1  <--- 3
[1, 41, 0, 0]  	962	2 
[1, 21, 15, 0]  	967	3 
[0, 18, 18, 0]  	972	1 
[1, 4, 28, 0]  	979	2 
[0, 4, 29, 0]  	991	1 
[0, 21, 17, 0]  	1010	1 
[0, 44, 0, 0]  	1012	2  <--- 2
[0, 7, 28, 0]  	1029	1 
[0, 41, 3, 0]  	1036	2 
[0, 24, 16, 0]  	1048	1 
[0, 10, 27, 0]  	1067	1 
[0, 27, 15, 0]  	1086	1 
[0, 13, 26, 0]  	1105	1 
[20, 1, 0, 1]  	403	7 
[8, 8, 4, 1]  	460	7 
[18, 5, 4, 1]  	581	12 
[18, 8, 3, 1]  	619	11 
[18, 11, 2, 1]  	657	10 
[12, 0, 14, 1]  	662	9 
[15, 14, 2, 1]  	669	9 
[10, 19, 2, 1]  	689	9 
[18, 14, 1, 1]  	695	9 
[8, 23, 1, 1]  	712	8 
[12, 20, 1, 1]  	719	8 
[16, 17, 1, 1]  	726	8 
[10, 22, 1, 1]  	727	8 
[19, 0, 12, 1]  	733	8 
[5, 11, 13, 1]  	751	7 
[12, 23, 0, 1]  	757	7 
[6, 28, 0, 1]  	758	7 
[16, 20, 0, 1]  	764	7 
[10, 25, 0, 1]  	765	7 
[9, 26, 0, 1]  	769	6 
[14, 22, 0, 1]  	772	7 
[4, 29, 1, 1]  	774	6 
[19, 18, 0, 1]  	775	7 
[18, 19, 0, 1]  	779	7 
[4, 28, 2, 1]  	782	6 
[5, 18, 9, 1]  	788	6 
[4, 25, 5, 1]  	806	6 
[4, 10, 17, 1]  	833	5 
[3, 6, 21, 1]  	846	4 
[3, 24, 8, 1]  	857	4 
[2, 21, 11, 1]  	862	3 
[3, 23, 9, 1]  	865	4 
[2, 24, 9, 1]  	869	3 
[2, 23, 10, 1]  	877	3 
[1, 38, 0, 1]  	893	3 
[1, 1, 29, 1]  	941	2 
[1, 35, 4, 1]  	948	3 
[0, 38, 4, 1]  	998	2 
[11, 0, 14, 2]  	643	10 
[14, 14, 2, 2]  	650	10 
[8, 26, 0, 2]  	750	7 
[4, 26, 3, 2]  	767	6 
[2, 12, 19, 2]  	903	3 
[1, 7, 27, 2]  	1017	2 
[0, 24, 15, 22]  	1017	1 
[5, 15, 10, 23]  	750	6 
[3, 12, 14, 23]  	767	5 
[4, 4, 20, 23]  	788	4 
[1, 29, 7, 23]  	903	2 
[9, 2, 6, 24]  	403	6 
[6, 11, 3, 24]  	460	5 
[7, 8, 5, 24]  	472	6 
[5, 14, 4, 24]  	541	6 
[10, 17, 2, 24]  	643	9 
[13, 0, 13, 24]  	650	9 
[7, 5, 14, 24]  	682	6 
[12, 19, 1, 24]  	696	8 
[5, 8, 14, 24]  	713	5 
[3, 11, 14, 24]  	744	5 
[3, 14, 12, 24]  	751	5 
[4, 18, 9, 24]  	769	5 
[2, 31, 1, 24]  	782	5 
[3, 27, 5, 24]  	833	4 
[1, 9, 20, 24]  	846	2 
[1, 27, 7, 24]  	857	2 
[1, 7, 22, 24]  	862	2 
[0, 18, 17, 24]  	941	1 
[1, 4, 27, 24]  	948	2 
[0, 7, 27, 24]  	998	1 
------
The gap is between 3 and 21.
Lengths: 3 3 5 5 3 3.
For 982 = 5*d/2-d1-d2-d3 you get 3 in char 0.
1*x^1*y^23*z^14
1*y^40*z^2
1*y^9*z^25

For 560 = 3*d/2-d1-d2-d3 you get 5 in char 0.
1*x^4*y^17*z^3
1*x^3*y^3*z^14
1*x^2*y^20*z^2
1*x^1*y^6*z^13
1*y^23*z^1

For 138 = d/2-d1-d2-d3 you get 3 in char 0.
1*x^4*z^2
1*x^2*y^3*z^1
1*y^6

Extra powers of p used 0.
The invariant extra is equal to 1.
Start computing 7^3 Delta^1 (x1x2x3)^6... Done.
Start computing 7^4 Delta^2 (x1x2x3)^6... Done.
Start computing 7^5 Delta^3 (x1x2x3)^6... Done.
Start computing 7^6 Delta^4 (x1x2x3)^6... Done.
Start computing 7^7 Delta^5 (x1x2x3)^6... Done.
Start computing 7^8 Delta^6 (x1x2x3)^6... Done.
Start computing aa.
1 2 3 4 5 6 7 8 9 10 11 
*/
A = \
[125227731393723310512,188143045704921030866,157937768436476702243,37448840554130453917,15717603620413283925,172848231976961079595,109897986666943314637,13710498192515779256,168650224802180663717,21799663629364487377,122230322494127442847;\
119772817570118144650,45688565689498137663,141222736909527694719,177248339154968971218,78356930892600765048,40194332589846139299,131883887077429534775,144687336466846998853,83711114664358058563,44817822648098319071,75886007208730255208;\
90933079023308314144,22361107091141634917,38196318507667580860,111595979049948415848,73002130888892641940,70993449938543657000,186216158549373060031,190194492239427655371,126322997717790135710,120605481063048596440,186315630058491162705;\
51407264989378718014,29143777088100331965,33213439740110942602,98577406917077211963,108378997241740603287,180815190979611488041,149764579725489588937,138660701160776590824,7026530743700444823,139943180928292046802,46526293955286051851;\
50444149760278915051,162041695805073831423,127196189079955287741,100016332243347339848,150968907700703326353,53795740609682841203,122624276414374916594,91168319041720415005,148092718260830811048,159719756912262550486,165977474650538794138;\
134228857922546462665,33258206857265912106,84285915505482413261,90949639538179380882,101854398121493815798,10802309715027144146,9629704847036834175,161192883919449008102,81627182626953945282,144047708643672344301,176972615561461431278;\
46695753082355424318,41987684975548655879,105062729830889016892,58948775999103842621,94854647779613939371,37400723333615503106,109556451365145641269,56940606645762019278,113512714412568662674,169089079702242030149,164893810963341392877;\
62008520885764518927,22405542596961530158,11547437096043635486,62672237876379521383,74758172440017024525,9378660321518100970,94571505680450756972,1286539607828526184,69210892288146220255,166241483424814864444,173894311807988012556;\
77832414692835082275,123876711053572496977,95430150118059462854,116347543664225506955,78439972390550976583,47888481574171229593,34495400126577531120,117668353196648294726,166055965502015666826,86073638189683018056,96097876406693626857;\
50012090834889633244,100226486029723849706,60758260540948250931,41672560938055112968,49683598515445846014,43657784744980413350,135752676796575108186,29634009519195395384,99057426218227188761,67081035609692528354,156444284126371440297;\
104064323649077547030,55217767614609139344,183207271922165788322,97252001931241068646,181224429319581908666,78656709986046926342,163982114733868197046,90359871741937505022,124794263411007460424,48331144693214051942,130629040838840014009]
/* 
This should be the matrix of frobenius!
*/ 
B = A; 
/* Freed 54 lists. */
