/* Comments begin... 
Coefficient of   x^21 * y^1               = 2
Coefficient of   x^10 * y^2 * z^6         = 2
Coefficient of   x^8 * y^5 * z^5         = 2
Coefficient of   x^6 * y^8 * z^4         = 2
Coefficient of   x^4 * y^11 * z^3         = 3
Coefficient of   x^2 * y^14 * z^2         = -2
Coefficient of   x^1 * z^13               = 3
Coefficient of   y^17 * z^1               = 1

Here is the polynomial we're using this time:

2*x^21*y^1 + 2*x^10*y^2*z^6 + 2*x^8*y^5*z^5 + 2*x^6*y^8*z^4 + 3*x^4*y^11*z^3 + -2*x^2*y^14*z^2 + 3*x^1*z^13 + 1*y^17*z^1

Allocate G_len 20 elements and old = 0.
Allocate M_len = 400 elements.
Allocate G_len 40 elements and old = 20.
Allocate M_len = 800 elements.
Allocate G_len 80 elements and old = 40.
Allocate M_len = 1600 elements.
Allocate M_len = 3200 elements.
Allocate G_len 160 elements and old = 80.
Allocate M_len = 6400 elements.
Allocate M_len = 12800 elements.
Allocate G_len 320 elements and old = 160.
Allocate M_len = 25600 elements.
The final length of G is 199
[10, 2, 5, 0]  	391	7 
[21, 0, 0, 0]  	399	7  <--- 1
[8, 5, 5, 0]  	422	6 
[6, 11, 4, 0]  	491	6 
[6, 14, 3, 0]  	529	7 
[5, 0, 15, 0]  	560	6 
[19, 5, 4, 0]  	600	7 
[14, 11, 3, 0]  	612	11 
[17, 8, 4, 0]  	631	10 
[19, 8, 3, 0]  	638	7 
[15, 14, 2, 0]  	669	9 
[9, 3, 14, 0]  	674	9 
[19, 11, 2, 0]  	676	9 
[12, 17, 2, 0]  	681	9 
[14, 0, 14, 0]  	700	8 
[16, 0, 13, 0]  	707	8 
[11, 19, 2, 0]  	708	8 
[8, 23, 1, 0]  	712	8 
[19, 14, 1, 0]  	714	8 
[7, 8, 13, 0]  	720	8 
[7, 23, 2, 0]  	724	7 
[6, 9, 13, 0]  	724	7 
[6, 8, 14, 0]  	732	7 
[5, 25, 2, 0]  	732	7 
[5, 9, 14, 0]  	736	7 
[13, 20, 1, 0]  	738	7 
[7, 25, 1, 0]  	739	7 
[6, 26, 1, 0]  	743	7 
[17, 17, 1, 0]  	745	7 
[11, 22, 1, 0]  	746	7 
[5, 11, 13, 0]  	751	7 
[20, 0, 12, 0]  	752	7 
[15, 19, 1, 0]  	753	7 
[4, 12, 13, 0]  	755	6 
[6, 28, 0, 0]  	758	7 
[5, 29, 0, 0]  	762	6 
[4, 11, 14, 0]  	763	6 
[4, 26, 3, 0]  	767	6 
[9, 26, 0, 0]  	769	6 
[5, 28, 1, 0]  	770	6 
[4, 14, 12, 0]  	770	6 
[20, 17, 0, 0]  	771	2 
[4, 29, 1, 0]  	774	6 
[13, 23, 0, 0]  	776	6 
[4, 28, 2, 0]  	782	6 
[3, 14, 13, 0]  	782	6 
[17, 20, 0, 0]  	783	6 
[11, 25, 0, 0]  	784	6 
[3, 29, 2, 0]  	786	5 
[15, 22, 0, 0]  	791	6 
[3, 32, 0, 0]  	793	5 
[19, 19, 0, 0]  	798	6 
[4, 18, 10, 0]  	800	5 
[3, 31, 1, 0]  	801	5 
[3, 0, 24, 0]  	801	5 
[4, 25, 5, 0]  	806	6 
[4, 21, 8, 0]  	807	5 
[4, 1, 23, 0]  	812	5 
[4, 24, 6, 0]  	814	5 
[4, 20, 9, 0]  	815	5 
[4, 4, 21, 0]  	819	5 
[3, 17, 12, 0]  	820	5 
[4, 23, 7, 0]  	822	5 
[2, 18, 12, 0]  	824	4 
[4, 7, 19, 0]  	826	5 
[4, 3, 22, 0]  	827	5 
[3, 12, 16, 0]  	829	5 
[3, 4, 22, 0]  	831	4 
[4, 10, 17, 0]  	833	5 
[4, 6, 20, 0]  	834	5 
[3, 11, 17, 0]  	837	5 
[3, 7, 20, 0]  	838	4 
[3, 3, 23, 0]  	839	4 
[4, 9, 18, 0]  	841	5 
[2, 35, 0, 0]  	843	4 
[3, 10, 18, 0]  	845	4 
[3, 6, 21, 0]  	846	4 
[3, 21, 10, 0]  	850	4 
[3, 9, 19, 0]  	853	4 
[3, 28, 5, 0]  	856	5 
[3, 24, 8, 0]  	857	4 
[3, 20, 11, 0]  	858	4 
[2, 29, 5, 0]  	860	4 
[2, 21, 11, 0]  	862	3 
[3, 23, 9, 0]  	865	4 
[2, 28, 6, 0]  	868	4 
[2, 24, 9, 0]  	869	3 
[3, 26, 7, 0]  	872	4 
[2, 31, 4, 0]  	875	5 
[2, 27, 7, 0]  	876	3 
[2, 23, 10, 0]  	877	3 
[2, 15, 16, 0]  	879	4 
[2, 7, 22, 0]  	881	3 
[2, 26, 8, 0]  	884	3 
[2, 14, 17, 0]  	887	4 
[2, 10, 20, 0]  	888	3 
[1, 15, 17, 0]  	891	3 
[1, 38, 0, 0]  	893	3 
[2, 13, 18, 0]  	895	3 
[2, 9, 21, 0]  	896	3 
[1, 14, 18, 0]  	899	3 
[1, 10, 21, 0]  	900	2 
[2, 12, 19, 0]  	903	3 
[2, 0, 28, 0]  	906	4 
[1, 13, 19, 0]  	907	2 
[1, 32, 5, 0]  	910	3 
[1, 12, 20, 0]  	915	2 
[1, 31, 6, 0]  	918	3 
[1, 30, 7, 0]  	926	2 
[1, 18, 16, 0]  	929	3 
[0, 31, 7, 0]  	930	2 
[0, 30, 8, 0]  	938	1 
[1, 1, 29, 0]  	941	2 
[1, 24, 12, 0]  	943	3 
[1, 35, 4, 0]  	948	3 
[1, 0, 30, 0]  	949	2 
[0, 1, 30, 0]  	953	1 
[0, 16, 19, 0]  	957	1 
[0, 35, 5, 0]  	960	2 
[0, 0, 31, 0]  	961	1  <--- 3
[2, 4, 27, 0]  	967	3 
[1, 21, 15, 0]  	967	3 
[0, 18, 18, 0]  	972	1 
[1, 4, 28, 0]  	979	2 
[0, 4, 29, 0]  	991	1 
[0, 38, 4, 0]  	998	2 
[0, 21, 17, 0]  	1010	1 
[1, 7, 27, 0]  	1017	2 
[0, 7, 28, 0]  	1029	1 
[0, 41, 3, 0]  	1036	2 
[0, 24, 16, 0]  	1048	1 
[0, 10, 27, 0]  	1067	1 
[0, 47, 0, 0]  	1081	1  <--- 2
[0, 27, 15, 0]  	1086	1 
[0, 13, 26, 0]  	1105	1 
[20, 1, 0, 1]  	403	7 
[8, 8, 4, 1]  	460	7 
[18, 5, 4, 1]  	581	12 
[18, 8, 3, 1]  	619	11 
[14, 14, 2, 1]  	650	10 
[18, 11, 2, 1]  	657	10 
[12, 0, 14, 1]  	662	9 
[15, 0, 13, 1]  	688	9 
[10, 19, 2, 1]  	689	9 
[9, 20, 2, 1]  	693	8 
[18, 14, 1, 1]  	695	9 
[7, 22, 2, 1]  	701	8 
[12, 20, 1, 1]  	719	8 
[16, 17, 1, 1]  	726	8 
[10, 22, 1, 1]  	727	8 
[19, 0, 12, 1]  	733	8 
[14, 19, 1, 1]  	734	8 
[8, 26, 0, 1]  	750	7 
[12, 23, 0, 1]  	757	7 
[16, 20, 0, 1]  	764	7 
[10, 25, 0, 1]  	765	7 
[5, 24, 4, 1]  	771	6 
[14, 22, 0, 1]  	772	7 
[19, 18, 0, 1]  	775	7 
[18, 19, 0, 1]  	779	7 
[5, 15, 11, 1]  	781	6 
[5, 21, 7, 1]  	795	6 
[5, 17, 10, 1]  	796	6 
[5, 20, 8, 1]  	803	6 
[2, 32, 1, 1]  	805	5 
[4, 17, 11, 1]  	808	5 
[3, 27, 6, 1]  	864	4 
[2, 4, 24, 1]  	874	4 
[2, 1, 27, 1]  	898	4 
[0, 32, 6, 1]  	922	2 
[11, 0, 14, 2]  	643	10 
[7, 6, 14, 2]  	705	8 
[5, 18, 9, 2]  	788	6 
[4, 31, 0, 2]  	789	6 
[5, 23, 6, 2]  	810	6 
[1, 27, 9, 3]  	919	2 
[1, 29, 8, 3]  	934	2 
[0, 44, 0, 3]  	1012	2 
[0, 13, 20, 22]  	919	1 
[0, 15, 19, 22]  	934	1 
[4, 4, 20, 23]  	788	5 
[4, 0, 23, 23]  	789	5 
[4, 9, 17, 23]  	810	5 
[9, 2, 6, 24]  	403	6 
[6, 11, 3, 24]  	460	6 
[7, 8, 5, 24]  	472	6 
[4, 0, 15, 24]  	541	5 
[10, 17, 2, 24]  	643	9 
[5, 8, 13, 24]  	682	6 
[7, 23, 1, 24]  	693	7 
[6, 23, 2, 24]  	705	7 
[6, 25, 1, 24]  	720	7 
[5, 28, 0, 24]  	739	5 
[4, 25, 3, 24]  	744	5 
[1, 18, 12, 24]  	805	3 
[3, 3, 22, 24]  	808	4 
[3, 20, 10, 24]  	827	4 
[2, 13, 17, 24]  	864	3 
[0, 1, 29, 24]  	922	1 
------
The gap is between 4 and 21.
Lengths: 3 3 5 5 3 4.
For 982 = 5*d/2-d1-d2-d3 you get 3 in char 0.
1*x^1*y^23*z^14
1*y^40*z^2
1*y^9*z^25

For 560 = 3*d/2-d1-d2-d3 you get 5 in char 0.
1*x^4*y^17*z^3
1*x^3*y^3*z^14
1*x^2*y^20*z^2
1*x^1*y^6*z^13
1*y^23*z^1

For 138 = d/2-d1-d2-d3 you get 3 in char 0.
1*x^4*z^2
1*x^2*y^3*z^1
1*y^6

Extra powers of p used 1.
The invariant extra is equal to 1.
Start computing 7^3 Delta^1 (x1x2x3)^6... Done.
Start computing 7^4 Delta^2 (x1x2x3)^6... Done.
Start computing 7^5 Delta^3 (x1x2x3)^6... Done.
Start computing 7^6 Delta^4 (x1x2x3)^6... Done.
Start computing 7^7 Delta^5 (x1x2x3)^6... Done.
Start computing 7^8 Delta^6 (x1x2x3)^6... Done.
Start computing aa.
1 2 3 4 5 6 7 8 9 10 11 
*/
A = \
[180413824827229116537,127448207046246463164,95836590261022156036,124294431118298954107,170807395523407631870,122073729971362346408,55493435708063105179,61910039816684799432,52975123330314536932,88051596141183312694,130863624781787573704;\
146749077926585588919,109444727661521141160,26749295039009245377,9448339021480874788,149287658598065454915,22641270562832662944,122132374657286548317,158367561864199342130,179173498366585341059,148363559089123519561,98032610690523838140;\
27359017624260087032,94147575361525882361,144891104155229171580,61973411910931689791,142955183129890616681,117561176740818686155,132378537497292544458,163231818590181205207,160262833799176572338,117116458833664678731,159976414922820549627;\
64089983046993802478,173816145627009457827,186606079628884302435,82019695376298273594,50333055437118959330,109689696980219618220,52986001416611064025,85427518787592672705,64537368999844518470,32295092554845308034,64803471029061764601;\
39341656149381259089,122411944633566180283,88586456307924461862,182626833335892631098,68512926224023348578,88909061918288092236,166617834725454621110,111056132222877151625,21178174313478475272,80950060690869606740,151226375785680436514;\
167539023700075642857,172909629112944765708,115088523957509506016,75320243648830574716,101678506658912607137,168285727745941004332,61839861509855540573,12246903634288866186,106150506974458214324,98736163839732969312,108676844180608573709;\
174968341346977842903,144360719076471421927,29044709549934721301,116194096073029378369,60691502471560798649,41562460745312745707,2228340187603737543,118788506177870494826,30799540501438977891,103178327400001060102,125419903299273731925;\
111496706869644110002,156998086633717588260,81131978016135365286,149918935056838325658,97221541070390021789,189459337477841738489,177474191132620686269,49258701111385862313,73067013320536291532,129683655494137823862,37245768261073004220;\
131280181280800133351,85155084519302137515,143608096885389891601,46432154213227417467,107503731688943794148,144669412300367480435,161779901238213300203,154730735634732561871,140283574411294664427,162451532352550037730,148682314735226802621;\
96551977821131998153,116010854420506391319,158175781392936162956,187112287778385660740,162610863121430375351,23177723008290490122,138075673543680963559,155683595691892285787,20005364998164899514,160364574520217455626,96101214898517512509;\
74668390554423195805,113565052031470581207,19501827066018261484,68071329098172929494,152796145727331501913,116692664665271848755,62887589721329574670,105303134382014984793,102412169942956387101,109531324216211234470,85301333898412851205]
/* 
This matrix times 7^(-1) should be the matrix of frobenius.
*/ 
B = 7^(-1) * A; 
/* Freed 54 lists. */
