/* Comments begin... 
Coefficient of   x^21 * y^1               = 2
Coefficient of   x^10 * y^2 * z^6         = 1
Coefficient of   x^8 * y^5 * z^5         = -1
Coefficient of   x^6 * y^8 * z^4         = 1
Coefficient of   x^4 * y^11 * z^3         = -2
Coefficient of   x^2 * y^14 * z^2         = -2
Coefficient of   x^1 * z^13               = 1
Coefficient of   y^17 * z^1               = 0

Here is the polynomial we're using this time:

2*x^21*y^1 + 1*x^10*y^2*z^6 + -1*x^8*y^5*z^5 + 1*x^6*y^8*z^4 + -2*x^4*y^11*z^3 + -2*x^2*y^14*z^2 + 1*x^1*z^13

Allocate G_len 20 elements and old = 0.
Allocate M_len = 400 elements.
Allocate G_len 40 elements and old = 20.
Allocate M_len = 800 elements.
Allocate G_len 80 elements and old = 40.
Allocate M_len = 1600 elements.
Allocate M_len = 3200 elements.
Allocate G_len 160 elements and old = 80.
Allocate M_len = 6400 elements.
Allocate M_len = 12800 elements.
Allocate G_len 320 elements and old = 160.
Not smooth!
Coefficient of   x^21 * y^1               = -3
Coefficient of   x^10 * y^2 * z^6         = 3
Coefficient of   x^8 * y^5 * z^5         = 2
Coefficient of   x^6 * y^8 * z^4         = -2
Coefficient of   x^4 * y^11 * z^3         = -2
Coefficient of   x^2 * y^14 * z^2         = -1
Coefficient of   x^1 * z^13               = -3
Coefficient of   y^17 * z^1               = 0

Here is the polynomial we're using this time:

-3*x^21*y^1 + 3*x^10*y^2*z^6 + 2*x^8*y^5*z^5 + -2*x^6*y^8*z^4 + -2*x^4*y^11*z^3 + -1*x^2*y^14*z^2 + -3*x^1*z^13

Allocate M_len = 25600 elements.
Not smooth!
Coefficient of   x^21 * y^1               = 3
Coefficient of   x^10 * y^2 * z^6         = 0
Coefficient of   x^8 * y^5 * z^5         = 3
Coefficient of   x^6 * y^8 * z^4         = 1
Coefficient of   x^4 * y^11 * z^3         = 0
Coefficient of   x^2 * y^14 * z^2         = 3
Coefficient of   x^1 * z^13               = -2
Coefficient of   y^17 * z^1               = 0

Here is the polynomial we're using this time:

3*x^21*y^1 + 3*x^8*y^5*z^5 + 1*x^6*y^8*z^4 + 3*x^2*y^14*z^2 + -2*x^1*z^13

Not smooth!
Coefficient of   x^21 * y^1               = 3
Coefficient of   x^10 * y^2 * z^6         = 1
Coefficient of   x^8 * y^5 * z^5         = 1
Coefficient of   x^6 * y^8 * z^4         = 3
Coefficient of   x^4 * y^11 * z^3         = -3
Coefficient of   x^2 * y^14 * z^2         = -3
Coefficient of   x^1 * z^13               = -2
Coefficient of   y^17 * z^1               = -3

Here is the polynomial we're using this time:

3*x^21*y^1 + 1*x^10*y^2*z^6 + 1*x^8*y^5*z^5 + 3*x^6*y^8*z^4 + -3*x^4*y^11*z^3 + -3*x^2*y^14*z^2 + -2*x^1*z^13 + -3*y^17*z^1

The final length of G is 220
[10, 2, 5, 0]  	391	7 
[21, 0, 0, 0]  	399	7  <--- 1
[8, 5, 5, 0]  	422	6 
[8, 8, 4, 0]  	460	7 
[6, 14, 3, 0]  	529	7 
[7, 0, 15, 0]  	598	7 
[19, 5, 4, 0]  	600	7 
[15, 11, 3, 0]  	631	10 
[19, 8, 3, 0]  	638	7 
[12, 0, 14, 0]  	662	9 
[15, 14, 2, 0]  	669	10 
[9, 3, 14, 0]  	674	9 
[19, 11, 2, 0]  	676	7 
[9, 20, 2, 0]  	693	8 
[13, 17, 2, 0]  	700	9 
[7, 22, 2, 0]  	701	8 
[7, 6, 14, 0]  	705	8 
[16, 0, 13, 0]  	707	9 
[11, 19, 2, 0]  	708	9 
[19, 14, 1, 0]  	714	9 
[7, 8, 13, 0]  	720	8 
[6, 9, 13, 0]  	724	7 
[9, 23, 1, 0]  	731	7 
[6, 8, 14, 0]  	732	7 
[5, 25, 2, 0]  	732	7 
[5, 9, 14, 0]  	736	7 
[13, 20, 1, 0]  	738	8 
[7, 25, 1, 0]  	739	8 
[6, 26, 1, 0]  	743	7 
[17, 17, 1, 0]  	745	8 
[11, 22, 1, 0]  	746	7 
[5, 11, 13, 0]  	751	7 
[20, 0, 12, 0]  	752	8 
[15, 19, 1, 0]  	753	8 
[7, 11, 12, 0]  	758	8 
[6, 12, 12, 0]  	762	7 
[4, 26, 3, 0]  	767	6 
[5, 28, 1, 0]  	770	6 
[4, 14, 12, 0]  	770	6 
[20, 17, 0, 0]  	771	2 
[6, 7, 16, 0]  	771	6 
[5, 24, 4, 0]  	771	6 
[4, 29, 1, 0]  	774	6 
[13, 23, 0, 0]  	776	7 
[7, 28, 0, 0]  	777	7 
[6, 29, 0, 0]  	781	6 
[5, 15, 11, 0]  	781	6 
[4, 28, 2, 0]  	782	6 
[3, 14, 13, 0]  	782	6 
[17, 20, 0, 0]  	783	7 
[11, 25, 0, 0]  	784	7 
[3, 29, 2, 0]  	786	5 
[6, 1, 21, 0]  	788	6 
[5, 18, 9, 0]  	788	6 
[4, 31, 0, 0]  	789	6 
[15, 22, 0, 0]  	791	7 
[6, 4, 19, 0]  	795	6 
[5, 21, 7, 0]  	795	6 
[6, 0, 22, 0]  	796	6 
[5, 17, 10, 0]  	796	6 
[19, 19, 0, 0]  	798	6 
[5, 1, 22, 0]  	800	5 
[4, 18, 10, 0]  	800	5 
[3, 31, 1, 0]  	801	5 
[6, 3, 20, 0]  	803	6 
[5, 20, 8, 0]  	803	6 
[2, 32, 1, 0]  	805	5 
[5, 8, 17, 0]  	806	6 
[4, 25, 5, 0]  	806	6 
[5, 4, 20, 0]  	807	5 
[4, 21, 8, 0]  	807	5 
[5, 0, 23, 0]  	808	5 
[4, 17, 11, 0]  	808	5 
[6, 6, 18, 0]  	810	6 
[5, 23, 6, 0]  	810	6 
[4, 1, 23, 0]  	812	5 
[5, 7, 18, 0]  	814	5 
[4, 24, 6, 0]  	814	5 
[5, 3, 21, 0]  	815	5 
[4, 20, 9, 0]  	815	5 
[4, 4, 21, 0]  	819	5 
[4, 0, 24, 0]  	820	5 
[3, 17, 12, 0]  	820	5 
[5, 6, 19, 0]  	822	5 
[4, 23, 7, 0]  	822	5 
[3, 1, 24, 0]  	824	4 
[2, 18, 12, 0]  	824	4 
[4, 7, 19, 0]  	826	5 
[3, 4, 22, 0]  	831	4 
[4, 10, 17, 0]  	833	5 
[4, 6, 20, 0]  	834	5 
[3, 11, 17, 0]  	837	5 
[3, 7, 20, 0]  	838	4 
[3, 34, 0, 0]  	839	4 
[3, 3, 23, 0]  	839	4 
[4, 9, 18, 0]  	841	5 
[2, 35, 0, 0]  	843	4 
[3, 10, 18, 0]  	845	4 
[3, 6, 21, 0]  	846	4 
[3, 21, 10, 0]  	850	4 
[3, 9, 19, 0]  	853	4 
[3, 28, 5, 0]  	856	5 
[3, 24, 8, 0]  	857	4 
[3, 20, 11, 0]  	858	4 
[2, 29, 5, 0]  	860	4 
[2, 21, 11, 0]  	862	3 
[3, 27, 6, 0]  	864	4 
[2, 24, 9, 0]  	869	3 
[3, 26, 7, 0]  	872	4 
[2, 4, 24, 0]  	874	4 
[2, 31, 4, 0]  	875	5 
[2, 27, 7, 0]  	876	3 
[2, 23, 10, 0]  	877	3 
[2, 15, 16, 0]  	879	4 
[2, 7, 22, 0]  	881	3 
[2, 26, 8, 0]  	884	3 
[2, 10, 20, 0]  	888	3 
[1, 38, 0, 0]  	893	3 
[2, 13, 18, 0]  	895	3 
[2, 9, 21, 0]  	896	3 
[2, 1, 27, 0]  	898	4 
[1, 10, 21, 0]  	900	2 
[2, 12, 19, 0]  	903	3 
[2, 0, 28, 0]  	906	4 
[1, 13, 19, 0]  	907	2 
[1, 32, 5, 0]  	910	3 
[1, 12, 20, 0]  	915	2 
[1, 31, 6, 0]  	918	3 
[1, 27, 9, 0]  	919	2 
[1, 15, 18, 0]  	922	2 
[0, 32, 6, 0]  	922	2 
[1, 30, 7, 0]  	926	2 
[0, 31, 7, 0]  	930	2 
[1, 29, 8, 0]  	934	2 
[0, 30, 8, 0]  	938	1 
[1, 1, 29, 0]  	941	2 
[1, 24, 12, 0]  	943	3 
[1, 35, 4, 0]  	948	3 
[1, 0, 30, 0]  	949	2 
[0, 1, 30, 0]  	953	1 
[0, 16, 19, 0]  	957	1 
[0, 35, 5, 0]  	960	2 
[0, 0, 31, 0]  	961	1  <--- 3
[1, 21, 15, 0]  	967	3 
[0, 18, 18, 0]  	972	1 
[1, 4, 28, 0]  	979	2 
[0, 4, 29, 0]  	991	1 
[0, 38, 4, 0]  	998	2 
[0, 21, 17, 0]  	1010	1 
[0, 44, 0, 0]  	1012	2  <--- 2
[1, 7, 27, 0]  	1017	2 
[0, 7, 28, 0]  	1029	1 
[0, 41, 3, 0]  	1036	2 
[0, 24, 16, 0]  	1048	1 
[0, 10, 27, 0]  	1067	1 
[0, 27, 15, 0]  	1086	1 
[0, 13, 26, 0]  	1105	1 
[20, 1, 0, 1]  	403	7 
[6, 11, 4, 1]  	491	6 
[5, 0, 15, 1]  	560	6 
[18, 5, 4, 1]  	581	12 
[14, 11, 3, 1]  	612	11 
[18, 8, 3, 1]  	619	11 
[11, 0, 14, 1]  	643	10 
[14, 14, 2, 1]  	650	10 
[18, 11, 2, 1]  	657	11 
[12, 17, 2, 1]  	681	9 
[15, 0, 13, 1]  	688	10 
[10, 19, 2, 1]  	689	9 
[18, 14, 1, 1]  	695	10 
[8, 23, 1, 1]  	712	8 
[12, 20, 1, 1]  	719	9 
[16, 17, 1, 1]  	726	9 
[10, 22, 1, 1]  	727	9 
[19, 0, 12, 1]  	733	9 
[14, 19, 1, 1]  	734	9 
[4, 12, 13, 1]  	755	6 
[12, 23, 0, 1]  	757	8 
[5, 29, 0, 1]  	762	6 
[4, 11, 14, 1]  	763	6 
[16, 20, 0, 1]  	764	8 
[10, 25, 0, 1]  	765	8 
[9, 26, 0, 1]  	769	7 
[14, 22, 0, 1]  	772	8 
[19, 18, 0, 1]  	775	8 
[18, 19, 0, 1]  	779	8 
[3, 0, 24, 1]  	801	5 
[4, 3, 22, 1]  	827	5 
[3, 23, 9, 1]  	865	4 
[2, 14, 17, 1]  	887	4 
[1, 15, 17, 1]  	891	3 
[1, 14, 18, 1]  	899	3 
[1, 18, 16, 1]  	929	3 
[8, 26, 0, 2]  	750	8 
[6, 28, 0, 2]  	758	7 
[3, 32, 0, 2]  	793	5 
[3, 12, 16, 2]  	829	5 
[2, 28, 6, 2]  	868	4 
[5, 15, 10, 22]  	750	6 
[5, 14, 4, 23]  	541	6 
[4, 25, 3, 23]  	744	6 
[4, 18, 9, 23]  	769	5 
[3, 1, 23, 23]  	793	4 
[2, 29, 4, 23]  	829	4 
[9, 2, 6, 24]  	403	6 
[7, 8, 5, 24]  	472	6 
[4, 14, 3, 24]  	491	5 
[7, 5, 14, 24]  	682	7 
[5, 8, 14, 24]  	713	6 
[3, 29, 1, 24]  	755	5 
[3, 28, 2, 24]  	763	5 
[2, 15, 13, 24]  	786	4 
[4, 4, 20, 24]  	788	5 
[2, 17, 12, 24]  	801	4 
[3, 20, 10, 24]  	827	4 
[2, 9, 20, 24]  	865	3 
[1, 14, 17, 24]  	868	3 
[0, 31, 5, 24]  	868	2 
[0, 35, 4, 24]  	929	2 
[0, 4, 28, 24]  	960	1 
------
The gap is between 3 and 21.
Lengths: 3 3 5 6 3 3.
For 982 = 5*d/2-d1-d2-d3 you get 3 in char 0.
1*x^1*y^23*z^14
1*y^40*z^2
1*y^9*z^25

For 560 = 3*d/2-d1-d2-d3 you get 5 in char 0.
1*x^4*y^17*z^3
1*x^3*y^3*z^14
1*x^2*y^20*z^2
1*x^1*y^6*z^13
1*y^23*z^1

For 138 = d/2-d1-d2-d3 you get 3 in char 0.
1*x^4*z^2
1*x^2*y^3*z^1
1*y^6

Extra powers of p used 1.
The invariant extra is equal to 1.
Start computing 7^3 Delta^1 (x1x2x3)^6... Done.
Start computing 7^4 Delta^2 (x1x2x3)^6... Done.
Start computing 7^5 Delta^3 (x1x2x3)^6... Done.
Start computing 7^6 Delta^4 (x1x2x3)^6... Done.
Start computing 7^7 Delta^5 (x1x2x3)^6... Done.
Start computing 7^8 Delta^6 (x1x2x3)^6... Done.
Start computing aa.
1 2 3 4 5 6 7 8 9 10 11 
*/
A = \
[111694968119415112474,107791813895217992232,111678277817648334373,95721970583606358852,121477650351759122120,50487629954825634235,169222070267596560774,151228194613852108788,56514652768212416596,82761255173213510740,15853654668760542690;\
117040481348633326120,104765097631065236960,17228615247683909223,77425103066792194777,138344455565873857118,101684930550247771307,93076538329665733255,141519027288938869227,130845799067525646314,162131061341139807196,118137127183112054171;\
18250533516925803030,5372419866197073991,37893281555451743197,17081357801830210462,41047946717806634179,168441823934787274368,103596692545034112935,103795289404693455436,51075942022436063628,140448121605778683879,136446689383536719481;\
147365733619483142355,43743268935163396321,168378371854664417472,179551853537565116055,33637958338053817706,97139760408600362334,12602462092122249585,66699684427169200477,78062308562489930273,89258496744402990466,41073127953914209657;\
110054298675067116385,142669688201780936858,118004235124948446627,5500082436320957205,165648734412075285077,109606655688737435193,29177599121111783048,9731104751478241180,22395635178434911708,107198026520728599659,52889941806741987101;\
97864594337928983785,80005139951001836065,111498631103641881269,51488766288194730474,124148637217168396063,177771726074744931479,113369372218051664225,131940151889781359446,33802275910546262553,50854493620353311490,176240989707457616942;\
68719344628374877210,93606038467748955864,81550402496815374057,25727495024245637196,8699100080318070283,189946042503676004000,70142363980898622294,16514480325259308126,25271263794054436081,30226250834339141204,39752032096445058677;\
9781533882401710251,106018619081709161872,129034959969268452020,157308057524483653788,23542445703228989635,69238632529699345349,108490244736344972641,79868040524689414606,8992408278135848888,184628565634839287059,119922707376890322821;\
71336844750333143660,87331885796506782984,14999314369473421932,112964420747431362235,50572876068012609969,74754274219920124179,118285963081875090453,56075876638416268193,81699626371115890095,36510055871405760693,114617659018680927312;\
174379110437269265506,172721619357979031259,174646914087126784314,154737625870874637612,6291505440223134523,144359465792209992289,167393910382694763313,125369750707315141629,17072366555961758930,92173378233143082351,68638312136972579771;\
24357065240319143724,134670810470351615593,129939802279924808416,93882015472997657514,147644875321863740156,107232051838713927972,173036789993962998222,76766598857606132482,176146813223392873232,40909756287621369792,125083865210363408902]
/* 
This matrix times 7^(-1) should be the matrix of frobenius.
*/ 
B = 7^(-1) * A; 
/* Freed 54 lists. */
