/* Comments begin... 
Coefficient of   x^21 * y^1               = 1
Coefficient of   x^10 * y^2 * z^6         = -3
Coefficient of   x^8 * y^5 * z^5         = -2
Coefficient of   x^6 * y^8 * z^4         = 0
Coefficient of   x^4 * y^11 * z^3         = 1
Coefficient of   x^2 * y^14 * z^2         = -1
Coefficient of   x^1 * z^13               = -3
Coefficient of   y^17 * z^1               = -1

Here is the polynomial we're using this time:

1*x^21*y^1 + -3*x^10*y^2*z^6 + -2*x^8*y^5*z^5 + 1*x^4*y^11*z^3 + -1*x^2*y^14*z^2 + -3*x^1*z^13 + -1*y^17*z^1

Allocate G_len 20 elements and old = 0.
Allocate M_len = 400 elements.
Allocate G_len 40 elements and old = 20.
Allocate M_len = 800 elements.
Allocate G_len 80 elements and old = 40.
Allocate M_len = 1600 elements.
Allocate M_len = 3200 elements.
Allocate G_len 160 elements and old = 80.
Allocate M_len = 6400 elements.
Allocate M_len = 12800 elements.
Allocate G_len 320 elements and old = 160.
Allocate M_len = 25600 elements.
Not smooth!
Coefficient of   x^21 * y^1               = 0
Coefficient of   x^10 * y^2 * z^6         = -3
Coefficient of   x^8 * y^5 * z^5         = 1
Coefficient of   x^6 * y^8 * z^4         = 3
Coefficient of   x^4 * y^11 * z^3         = -1
Coefficient of   x^2 * y^14 * z^2         = -1
Coefficient of   x^1 * z^13               = -1
Coefficient of   y^17 * z^1               = 2

Here is the polynomial we're using this time:

-3*x^10*y^2*z^6 + 1*x^8*y^5*z^5 + 3*x^6*y^8*z^4 + -1*x^4*y^11*z^3 + -1*x^2*y^14*z^2 + -1*x^1*z^13 + 2*y^17*z^1

Not smooth!
Coefficient of   x^21 * y^1               = 2
Coefficient of   x^10 * y^2 * z^6         = 2
Coefficient of   x^8 * y^5 * z^5         = 3
Coefficient of   x^6 * y^8 * z^4         = -1
Coefficient of   x^4 * y^11 * z^3         = 0
Coefficient of   x^2 * y^14 * z^2         = -2
Coefficient of   x^1 * z^13               = -1
Coefficient of   y^17 * z^1               = -3

Here is the polynomial we're using this time:

2*x^21*y^1 + 2*x^10*y^2*z^6 + 3*x^8*y^5*z^5 + -1*x^6*y^8*z^4 + -2*x^2*y^14*z^2 + -1*x^1*z^13 + -3*y^17*z^1

The final length of G is 197
[10, 2, 5, 0]  	391	6 
[21, 0, 0, 0]  	399	6  <--- 1
[8, 5, 5, 0]  	422	5 
[8, 8, 4, 0]  	460	7 
[6, 11, 4, 0]  	491	6 
[6, 14, 3, 0]  	529	7 
[5, 0, 15, 0]  	560	6 
[19, 5, 4, 0]  	600	6 
[15, 11, 3, 0]  	631	9 
[19, 8, 3, 0]  	638	6 
[12, 0, 14, 0]  	662	8 
[15, 14, 2, 0]  	669	5 
[9, 3, 14, 0]  	674	8 
[17, 14, 1, 0]  	676	8 
[9, 20, 2, 0]  	693	7 
[13, 17, 2, 0]  	700	8 
[7, 22, 2, 0]  	701	8 
[7, 6, 14, 0]  	705	8 
[16, 0, 13, 0]  	707	7 
[11, 19, 2, 0]  	708	8 
[6, 9, 13, 0]  	724	7 
[9, 23, 1, 0]  	731	7 
[6, 8, 14, 0]  	732	7 
[5, 25, 2, 0]  	732	7 
[5, 9, 14, 0]  	736	7 
[13, 20, 1, 0]  	738	7 
[11, 22, 1, 0]  	746	7 
[5, 11, 13, 0]  	751	7 
[20, 0, 12, 0]  	752	7 
[15, 19, 1, 0]  	753	6 
[4, 12, 13, 0]  	755	6 
[6, 28, 0, 0]  	758	7 
[5, 29, 0, 0]  	762	6 
[4, 26, 3, 0]  	767	6 
[9, 26, 0, 0]  	769	6 
[5, 28, 1, 0]  	770	6 
[4, 14, 12, 0]  	770	6 
[20, 17, 0, 0]  	771	2 
[5, 24, 4, 0]  	771	6 
[4, 29, 1, 0]  	774	6 
[13, 23, 0, 0]  	776	6 
[5, 15, 11, 0]  	781	6 
[4, 28, 2, 0]  	782	6 
[3, 14, 13, 0]  	782	6 
[17, 20, 0, 0]  	783	6 
[11, 25, 0, 0]  	784	6 
[5, 18, 9, 0]  	788	6 
[15, 22, 0, 0]  	791	6 
[5, 21, 7, 0]  	795	6 
[5, 17, 10, 0]  	796	6 
[19, 19, 0, 0]  	798	6 
[4, 18, 10, 0]  	800	5 
[3, 31, 1, 0]  	801	6 
[5, 20, 8, 0]  	803	6 
[2, 32, 1, 0]  	805	5 
[4, 25, 5, 0]  	806	6 
[4, 21, 8, 0]  	807	5 
[4, 17, 11, 0]  	808	5 
[5, 23, 6, 0]  	810	6 
[4, 1, 23, 0]  	812	5 
[4, 24, 6, 0]  	814	5 
[4, 20, 9, 0]  	815	5 
[4, 4, 21, 0]  	819	5 
[4, 0, 24, 0]  	820	5 
[3, 17, 12, 0]  	820	5 
[4, 23, 7, 0]  	822	5 
[3, 1, 24, 0]  	824	4 
[2, 18, 12, 0]  	824	4 
[3, 12, 16, 0]  	829	5 
[3, 4, 22, 0]  	831	4 
[4, 10, 17, 0]  	833	5 
[3, 11, 17, 0]  	837	5 
[3, 34, 0, 0]  	839	4 
[3, 3, 23, 0]  	839	4 
[4, 9, 18, 0]  	841	5 
[2, 35, 0, 0]  	843	4 
[3, 10, 18, 0]  	845	4 
[3, 6, 21, 0]  	846	4 
[3, 21, 10, 0]  	850	4 
[3, 9, 19, 0]  	853	4 
[3, 24, 8, 0]  	857	4 
[3, 20, 11, 0]  	858	4 
[2, 29, 5, 0]  	860	4 
[2, 21, 11, 0]  	862	3 
[3, 27, 6, 0]  	864	4 
[3, 23, 9, 0]  	865	4 
[2, 28, 6, 0]  	868	4 
[3, 26, 7, 0]  	872	4 
[2, 4, 24, 0]  	874	4 
[2, 31, 4, 0]  	875	5 
[2, 27, 7, 0]  	876	3 
[2, 23, 10, 0]  	877	3 
[2, 15, 16, 0]  	879	4 
[2, 7, 22, 0]  	881	3 
[2, 14, 17, 0]  	887	4 
[2, 10, 20, 0]  	888	3 
[1, 15, 17, 0]  	891	3 
[1, 38, 0, 0]  	893	3 
[2, 9, 21, 0]  	896	3 
[2, 1, 27, 0]  	898	4 
[1, 14, 18, 0]  	899	3 
[1, 10, 21, 0]  	900	2 
[2, 12, 19, 0]  	903	3 
[2, 0, 28, 0]  	906	4 
[1, 13, 19, 0]  	907	2 
[1, 32, 5, 0]  	910	3 
[2, 26, 9, 0]  	915	2 
[1, 12, 20, 0]  	915	2 
[1, 31, 6, 0]  	918	3 
[1, 27, 9, 0]  	919	2 
[0, 32, 6, 0]  	922	2 
[1, 30, 7, 0]  	926	2 
[1, 18, 16, 0]  	929	3 
[0, 31, 7, 0]  	930	2 
[1, 29, 8, 0]  	934	2 
[0, 30, 8, 0]  	938	1 
[1, 1, 29, 0]  	941	2 
[1, 24, 12, 0]  	943	3 
[1, 0, 30, 0]  	949	2 
[0, 1, 30, 0]  	953	1 
[0, 16, 19, 0]  	957	1 
[0, 35, 5, 0]  	960	2 
[0, 0, 31, 0]  	961	1  <--- 3
[1, 21, 15, 0]  	967	3 
[0, 18, 18, 0]  	972	1 
[1, 4, 28, 0]  	979	2 
[0, 4, 29, 0]  	991	1 
[0, 38, 4, 0]  	998	2 
[0, 21, 17, 0]  	1010	1 
[0, 44, 0, 0]  	1012	2  <--- 2
[1, 7, 27, 0]  	1017	2 
[0, 7, 28, 0]  	1029	1 
[0, 41, 3, 0]  	1036	2 
[0, 24, 16, 0]  	1048	1 
[0, 10, 27, 0]  	1067	1 
[0, 27, 15, 0]  	1086	1 
[0, 13, 26, 0]  	1105	1 
[20, 1, 0, 1]  	403	6 
[18, 5, 4, 1]  	581	10 
[14, 11, 3, 1]  	612	10 
[18, 8, 3, 1]  	619	10 
[11, 0, 14, 1]  	643	9 
[14, 14, 2, 1]  	650	9 
[16, 14, 1, 1]  	657	9 
[12, 17, 2, 1]  	681	9 
[15, 0, 13, 1]  	688	8 
[10, 19, 2, 1]  	689	9 
[8, 23, 1, 1]  	712	8 
[12, 20, 1, 1]  	719	8 
[7, 8, 13, 1]  	720	8 
[10, 22, 1, 1]  	727	8 
[19, 0, 12, 1]  	733	8 
[14, 19, 1, 1]  	734	7 
[8, 26, 0, 1]  	750	7 
[12, 23, 0, 1]  	757	7 
[7, 26, 1, 1]  	762	6 
[4, 11, 14, 1]  	763	6 
[16, 20, 0, 1]  	764	7 
[10, 25, 0, 1]  	765	7 
[14, 22, 0, 1]  	772	7 
[19, 18, 0, 1]  	775	7 
[18, 19, 0, 1]  	779	7 
[3, 29, 2, 1]  	786	5 
[3, 32, 0, 1]  	793	5 
[3, 0, 24, 1]  	801	5 
[4, 7, 19, 1]  	826	5 
[4, 3, 22, 1]  	827	5 
[4, 6, 20, 1]  	834	5 
[3, 7, 20, 1]  	838	4 
[2, 24, 9, 1]  	869	3 
[2, 13, 18, 1]  	895	3 
[7, 25, 1, 2]  	739	7 
[6, 26, 1, 2]  	743	7 
[4, 31, 0, 2]  	789	6 
[3, 28, 5, 2]  	856	5 
[2, 26, 8, 2]  	884	3 
[1, 35, 4, 2]  	948	3 
[5, 28, 0, 23]  	739	6 
[5, 12, 12, 23]  	743	6 
[4, 0, 23, 23]  	789	5 
[2, 14, 16, 23]  	856	4 
[1, 12, 19, 23]  	884	2 
[1, 4, 27, 23]  	948	2 
[9, 2, 6, 24]  	403	5 
[5, 11, 4, 24]  	472	5 
[7, 5, 14, 24]  	682	8 
[5, 8, 14, 24]  	713	5 
[4, 25, 3, 24]  	744	5 
[4, 15, 11, 24]  	762	3 
[2, 14, 13, 24]  	763	4 
[3, 18, 10, 24]  	781	4 
[3, 1, 23, 24]  	793	4 
[2, 17, 12, 24]  	801	4 
[3, 24, 7, 24]  	826	3 
[3, 23, 8, 24]  	834	3 
[1, 10, 19, 24]  	838	2 
[1, 30, 6, 24]  	895	2 
------
The gap is between 3 and 22.
Lengths: 3 3 5 5 3 3.
For 982 = 5*d/2-d1-d2-d3 you get 3 in char 0.
1*x^1*y^23*z^14
1*y^40*z^2
1*y^9*z^25

For 560 = 3*d/2-d1-d2-d3 you get 5 in char 0.
1*x^4*y^17*z^3
1*x^3*y^3*z^14
1*x^2*y^20*z^2
1*x^1*y^6*z^13
1*y^23*z^1

For 138 = d/2-d1-d2-d3 you get 3 in char 0.
1*x^4*z^2
1*x^2*y^3*z^1
1*y^6

Extra powers of p used 0.
The invariant extra is equal to 1.
Start computing 7^3 Delta^1 (x1x2x3)^6... Done.
Start computing 7^4 Delta^2 (x1x2x3)^6... Done.
Start computing 7^5 Delta^3 (x1x2x3)^6... Done.
Start computing 7^6 Delta^4 (x1x2x3)^6... Done.
Start computing 7^7 Delta^5 (x1x2x3)^6... Done.
Start computing 7^8 Delta^6 (x1x2x3)^6... Done.
Start computing aa.
1 2 3 4 5 6 7 8 9 10 11 
*/
A = \
[28906062441160774596,33420264331822446522,189318573636921064098,51817015875664530575,133758409213447258499,72153267577595723785,57662434955569124191,105104804750820534037,52244946377358753214,166398711967108534585,100247661620563301600;\
44839594901489826046,72202510549622785566,33683518224927619953,178393087251331905225,18626323338532384048,150028377051196407148,124095428518840153263,90142330119503176347,92920155734460065893,78679461417351249546,100394753299290587053;\
46213030798238943309,47978474773951046697,95514425695210111764,16179698342508561798,146671518729591128847,166166449483689054477,111021279923774845576,3705874228610191890,160481169648550280173,79786319598917680966,131676101986199821995;\
130604896338302265871,18044660601809065685,542553859569903301,118564760651803770878,24728425211236518436,19030084429289486595,104021101722761018229,61556151514657132067,172531430277421536300,118053065522246796641,62411807394978454161;\
62156177533270044959,51921086470793448517,70584515350463573225,53722853156032838960,170673322446642729,108380987150772316323,49285293988622998579,6445383980888208426,176184825374811641570,111372401839607475945,189059132079005225779;\
171172743455208196152,182934767414620385571,164719152941146290103,101691465506143127111,35080548334517721630,148108817107162459625,115980606048175799091,19664258445199345544,95567031110440707286,12460797354891661202,187005246350545092134;\
171774798214318681223,133549709163203001124,186732027002933383851,157739982073668597169,90262376253787872834,105973588644919131626,130101319436043094559,168760083175942390230,82176892840700624722,119236444283357730511,167309453653109534466;\
17715707339241310119,191493335128546973953,184601811175196093577,66785601937529651281,53181670331168141756,133925148917840625681,186442192262466607509,136364380696640981927,154967388122943595269,190478171671770030531,66104551117507059836;\
108246385476560204061,95420418392796843959,41559418061031361639,158410521642439273088,82431718860589381948,67944870658702502178,188622882559170420053,33868907364606305719,17393056675444584106,81902369501715552258,42497385134150736293;\
173718723509991312093,113379795276707842141,72155074452351320870,147452310291392365609,49361956776526703953,51369147646332398477,110751710149735335989,111727101665500988191,93976213739204992944,13674328354096098815,159792608225788855107;\
96824881699113341676,71571488401384635644,81243943116565543501,128205292006003326205,156931173448624600382,207001933650778987,26963741960247780821,71101617115593489495,38671744060126976057,156004654238855851254,118228311444863472223]
/* 
This should be the matrix of frobenius!
*/ 
B = A; 
/* Freed 54 lists. */
