/* Comments begin... 
Coefficient of   x^21 * y^1               = 2
Coefficient of   x^10 * y^2 * z^6         = -1
Coefficient of   x^8 * y^5 * z^5         = 0
Coefficient of   x^6 * y^8 * z^4         = 2
Coefficient of   x^4 * y^11 * z^3         = 3
Coefficient of   x^2 * y^14 * z^2         = 0
Coefficient of   x^1 * z^13               = 1
Coefficient of   y^17 * z^1               = -3

Here is the polynomial we're using this time:

2*x^21*y^1 + -1*x^10*y^2*z^6 + 2*x^6*y^8*z^4 + 3*x^4*y^11*z^3 + 1*x^1*z^13 + -3*y^17*z^1

Allocate G_len 20 elements and old = 0.
Allocate M_len = 400 elements.
Allocate G_len 40 elements and old = 20.
Allocate M_len = 800 elements.
Allocate G_len 80 elements and old = 40.
Allocate M_len = 1600 elements.
Allocate M_len = 3200 elements.
Allocate G_len 160 elements and old = 80.
Allocate M_len = 6400 elements.
Allocate M_len = 12800 elements.
Allocate G_len 320 elements and old = 160.
Allocate M_len = 25600 elements.
The final length of G is 186
[10, 2, 5, 0]  	391	5 
[21, 0, 0, 0]  	399	5  <--- 1
[6, 8, 4, 0]  	422	4 
[6, 14, 3, 0]  	529	7 
[5, 0, 15, 0]  	560	6 
[17, 8, 3, 0]  	600	5 
[15, 11, 3, 0]  	631	4 
[12, 0, 14, 0]  	662	8 
[15, 14, 2, 0]  	669	9 
[9, 3, 14, 0]  	674	8 
[19, 11, 2, 0]  	676	8 
[9, 20, 2, 0]  	693	7 
[13, 17, 2, 0]  	700	8 
[8, 5, 14, 0]  	701	7 
[7, 6, 14, 0]  	705	7 
[9, 6, 13, 0]  	712	8 
[18, 0, 12, 0]  	714	7 
[8, 22, 2, 0]  	720	8 
[7, 23, 2, 0]  	724	6 
[16, 17, 1, 0]  	726	7 
[10, 22, 1, 0]  	727	8 
[9, 23, 1, 0]  	731	7 
[5, 25, 2, 0]  	732	7 
[5, 9, 14, 0]  	736	7 
[13, 20, 1, 0]  	738	7 
[6, 26, 1, 0]  	743	7 
[5, 11, 13, 0]  	751	7 
[15, 19, 1, 0]  	753	6 
[4, 12, 13, 0]  	755	6 
[6, 28, 0, 0]  	758	7 
[17, 19, 0, 0]  	760	6 
[5, 29, 0, 0]  	762	6 
[4, 11, 14, 0]  	763	6 
[4, 26, 3, 0]  	767	6 
[9, 26, 0, 0]  	769	6 
[5, 28, 1, 0]  	770	6 
[4, 14, 12, 0]  	770	6 
[20, 17, 0, 0]  	771	2 
[5, 24, 4, 0]  	771	6 
[5, 20, 7, 0]  	772	6 
[4, 29, 1, 0]  	774	6 
[13, 23, 0, 0]  	776	6 
[5, 15, 11, 0]  	781	6 
[4, 28, 2, 0]  	782	6 
[3, 14, 13, 0]  	782	6 
[11, 25, 0, 0]  	784	6 
[3, 29, 2, 0]  	786	5 
[5, 18, 9, 0]  	788	6 
[4, 23, 6, 0]  	791	5 
[3, 32, 0, 0]  	793	5 
[5, 17, 10, 0]  	796	6 
[3, 31, 1, 0]  	801	5 
[3, 0, 24, 0]  	801	5 
[2, 32, 1, 0]  	805	5 
[4, 25, 5, 0]  	806	6 
[4, 21, 8, 0]  	807	5 
[4, 17, 11, 0]  	808	5 
[4, 1, 23, 0]  	812	5 
[4, 4, 21, 0]  	819	5 
[3, 17, 12, 0]  	820	5 
[2, 18, 12, 0]  	824	4 
[4, 7, 19, 0]  	826	5 
[4, 3, 22, 0]  	827	5 
[3, 12, 16, 0]  	829	5 
[3, 4, 22, 0]  	831	4 
[4, 10, 17, 0]  	833	5 
[3, 11, 17, 0]  	837	5 
[3, 3, 23, 0]  	839	4 
[4, 9, 18, 0]  	841	5 
[2, 35, 0, 0]  	843	4 
[3, 6, 21, 0]  	846	4 
[3, 21, 10, 0]  	850	4 
[3, 28, 5, 0]  	856	5 
[3, 24, 8, 0]  	857	4 
[3, 20, 11, 0]  	858	4 
[2, 21, 11, 0]  	862	3 
[3, 27, 6, 0]  	864	4 
[3, 23, 9, 0]  	865	4 
[2, 28, 6, 0]  	868	4 
[2, 24, 9, 0]  	869	3 
[3, 26, 7, 0]  	872	4 
[2, 31, 4, 0]  	875	5 
[2, 27, 7, 0]  	876	3 
[2, 23, 10, 0]  	877	3 
[2, 15, 16, 0]  	879	4 
[2, 7, 22, 0]  	881	3 
[2, 26, 8, 0]  	884	3 
[1, 15, 17, 0]  	891	3 
[1, 38, 0, 0]  	893	3 
[2, 13, 18, 0]  	895	3 
[2, 9, 21, 0]  	896	3 
[2, 1, 27, 0]  	898	4 
[1, 14, 18, 0]  	899	3 
[1, 10, 21, 0]  	900	2 
[2, 12, 19, 0]  	903	3 
[1, 13, 19, 0]  	907	2 
[1, 32, 5, 0]  	910	3 
[1, 12, 20, 0]  	915	2 
[1, 31, 6, 0]  	918	3 
[1, 27, 9, 0]  	919	2 
[0, 32, 6, 0]  	922	2 
[1, 30, 7, 0]  	926	2 
[1, 18, 16, 0]  	929	3 
[0, 31, 7, 0]  	930	2 
[1, 29, 8, 0]  	934	2 
[2, 0, 29, 0]  	937	3 
[0, 30, 8, 0]  	938	1 
[1, 1, 29, 0]  	941	2 
[1, 0, 30, 0]  	949	2 
[0, 1, 30, 0]  	953	1 
[0, 16, 19, 0]  	957	1 
[0, 35, 5, 0]  	960	2 
[0, 0, 31, 0]  	961	1  <--- 3
[0, 18, 18, 0]  	972	1 
[1, 4, 28, 0]  	979	2 
[0, 4, 29, 0]  	991	1 
[0, 38, 4, 0]  	998	2 
[0, 21, 17, 0]  	1010	1 
[0, 44, 0, 0]  	1012	2  <--- 2
[1, 7, 27, 0]  	1017	2 
[0, 7, 28, 0]  	1029	1 
[1, 24, 15, 0]  	1036	2 
[0, 41, 3, 0]  	1036	2 
[0, 24, 16, 0]  	1048	1 
[0, 10, 27, 0]  	1067	1 
[0, 27, 15, 0]  	1086	1 
[0, 13, 26, 0]  	1105	1 
[20, 1, 0, 1]  	403	5 
[16, 8, 3, 1]  	581	8 
[14, 11, 3, 1]  	612	7 
[11, 0, 14, 1]  	643	9 
[14, 14, 2, 1]  	650	10 
[18, 11, 2, 1]  	657	9 
[12, 17, 2, 1]  	681	9 
[17, 0, 12, 1]  	695	8 
[16, 0, 13, 1]  	707	7 
[12, 20, 1, 1]  	719	8 
[14, 19, 1, 1]  	734	7 
[7, 25, 1, 1]  	739	7 
[16, 19, 0, 1]  	741	7 
[8, 26, 0, 1]  	750	7 
[12, 23, 0, 1]  	757	7 
[10, 25, 0, 1]  	765	7 
[19, 18, 0, 1]  	775	7 
[4, 31, 0, 1]  	789	6 
[4, 18, 10, 1]  	800	5 
[4, 20, 9, 1]  	815	5 
[4, 6, 20, 1]  	834	5 
[3, 7, 20, 1]  	838	4 
[3, 10, 18, 1]  	845	4 
[3, 9, 19, 1]  	853	4 
[2, 29, 5, 1]  	860	4 
[2, 14, 17, 1]  	887	4 
[2, 10, 20, 1]  	888	3 
[2, 0, 28, 1]  	906	4 
[1, 24, 12, 1]  	943	3 
[1, 35, 4, 1]  	948	3 
[1, 21, 15, 1]  	967	3 
[15, 0, 13, 2]  	688	8 
[11, 19, 2, 2]  	708	8 
[2, 4, 24, 2]  	874	4 
[10, 19, 2, 3]  	689	9 
[9, 5, 13, 22]  	689	8 
[9, 22, 1, 23]  	708	6 
[9, 2, 6, 24]  	403	4 
[5, 14, 4, 24]  	541	6 
[7, 5, 14, 24]  	682	7 
[14, 17, 1, 24]  	688	7 
[5, 8, 14, 24]  	713	6 
[5, 28, 0, 24]  	739	6 
[4, 25, 3, 24]  	744	5 
[4, 0, 23, 24]  	789	5 
[3, 4, 21, 24]  	800	2 
[4, 9, 17, 24]  	810	4 
[2, 23, 8, 24]  	815	3 
[2, 27, 6, 24]  	845	3 
[2, 26, 7, 24]  	853	3 
[1, 15, 16, 24]  	860	3 
[1, 21, 12, 24]  	874	3 
[0, 38, 0, 24]  	874	2 
[1, 13, 18, 24]  	876	2 
[1, 12, 19, 24]  	884	2 
[1, 31, 5, 24]  	887	3 
[1, 27, 8, 24]  	888	2 
[0, 30, 7, 24]  	907	1 
[1, 4, 27, 24]  	948	2 
------
The gap is between 4 and 21.
Lengths: 3 3 5 5 3 4.
For 982 = 5*d/2-d1-d2-d3 you get 3 in char 0.
1*x^1*y^23*z^14
1*y^40*z^2
1*y^9*z^25

For 560 = 3*d/2-d1-d2-d3 you get 5 in char 0.
1*x^4*y^17*z^3
1*x^3*y^3*z^14
1*x^2*y^20*z^2
1*x^1*y^6*z^13
1*y^23*z^1

For 138 = d/2-d1-d2-d3 you get 3 in char 0.
1*x^4*z^2
1*x^2*y^3*z^1
1*y^6

Extra powers of p used 2.
The invariant extra is equal to 1.
Start computing 7^3 Delta^1 (x1x2x3)^6... Done.
Start computing 7^4 Delta^2 (x1x2x3)^6... Done.
Start computing 7^5 Delta^3 (x1x2x3)^6... Done.
Start computing 7^6 Delta^4 (x1x2x3)^6... Done.
Start computing 7^7 Delta^5 (x1x2x3)^6... Done.
Start computing 7^8 Delta^6 (x1x2x3)^6... Done.
Start computing aa.
1 2 3 4 5 6 7 8 9 10 11 
*/
A = \
[38122591456057170538,146583967333891609697,157853027721828140611,45285270708542527138,166804324239838781384,83422297775662819792,64838801719661368567,159998830567150434552,26977175931230855078,144062170295531988906,115503411272576992189;\
122709862677251370068,187870737775352007049,128674137429242745894,32080590247904688721,102090506890895627972,58666389216460793509,49083838846820867320,63388764262976351318,99902245880192003787,147242092747374842014,20787314735228522943;\
35567921306906225226,11568488422556480047,128754878090095290528,108992814133815178490,45135963560524416741,138197527945422759338,100218375938527187810,151320594639860723028,49170808941019099719,83327285847183496951,45862073567143872745;\
146832784324539008025,66805090593560848236,2291016342567658010,113331488092396868721,89867741117642733581,93372655692720744242,151446716682426456172,110064035652234701681,140208825645922192054,29243273971710432774,168595926005814694870;\
104956914232254206006,172876990795167342995,161055804454981984161,121018395976268631365,27944347728218662916,164694256263467992775,53288516579255260576,16554488820531346517,100668483979173146876,80010528281922071057,23254289445148064478;\
86710624178038074920,67334421435389870383,104000554660472189366,107162607306734740957,76330782041000937632,4016652140427320422,95895190296173969421,20149893935375281651,99788113321702539083,116475268896298501385,76145680384495350118;\
184654108442612193184,190273787755561278638,83793685870813578591,71343103709056663057,125957383309445111893,105031224440018473338,70942864182291749767,36892856985498590412,101939510060662645651,28257761074599649621,170133663755966840615;\
84142029874406455575,63537930833090344002,70703652338779370992,44916395267696975610,45749764903804135888,74102498487360200284,147430353113139407059,155939870510027197888,147489424679721580967,117186621987006657372,176021350861070104929;\
180039057958917030032,25589481402971526626,57276899979580879576,8393807239617161831,84354215361170518169,155193737877339834764,46425554985096369572,148818044904475018044,40425217792215751873,111147818154076859925,141567068101679580150;\
67685286698937344764,104919771555519449520,130126986142216284563,140235196292735811169,133028258510390095902,145123441464696635038,42623660337844051214,5996857796601705789,14842071712040063526,144854363707914004207,110797131217549148309;\
42108959753647502052,143965674801940975180,138524985245130739315,173022298161940830792,162465217376019993960,133641868333546338843,105397222125787825912,69589038119419335671,116491545374108000740,141958106148945569742,40997082268224884067]
/* 
This matrix times 7^(-2) should be the matrix of frobenius.
*/ 
B = 7^(-2) * A; 
/* Freed 53 lists. */
