/* Comments begin... 
Coefficient of   x^21 * y^1               = 3
Coefficient of   x^10 * y^2 * z^6         = -2
Coefficient of   x^8 * y^5 * z^5         = 2
Coefficient of   x^6 * y^8 * z^4         = 1
Coefficient of   x^4 * y^11 * z^3         = 0
Coefficient of   x^2 * y^14 * z^2         = -2
Coefficient of   x^1 * z^13               = 1
Coefficient of   y^17 * z^1               = 0

Here is the polynomial we're using this time:

3*x^21*y^1 + -2*x^10*y^2*z^6 + 2*x^8*y^5*z^5 + 1*x^6*y^8*z^4 + -2*x^2*y^14*z^2 + 1*x^1*z^13

Allocate G_len 20 elements and old = 0.
Allocate M_len = 400 elements.
Allocate G_len 40 elements and old = 20.
Allocate M_len = 800 elements.
Allocate G_len 80 elements and old = 40.
Allocate M_len = 1600 elements.
Allocate M_len = 3200 elements.
Allocate G_len 160 elements and old = 80.
Allocate M_len = 6400 elements.
Allocate M_len = 12800 elements.
Allocate G_len 320 elements and old = 160.
Not smooth!
Coefficient of   x^21 * y^1               = -1
Coefficient of   x^10 * y^2 * z^6         = -1
Coefficient of   x^8 * y^5 * z^5         = -3
Coefficient of   x^6 * y^8 * z^4         = -2
Coefficient of   x^4 * y^11 * z^3         = 3
Coefficient of   x^2 * y^14 * z^2         = 1
Coefficient of   x^1 * z^13               = 1
Coefficient of   y^17 * z^1               = -2

Here is the polynomial we're using this time:

-1*x^21*y^1 + -1*x^10*y^2*z^6 + -3*x^8*y^5*z^5 + -2*x^6*y^8*z^4 + 3*x^4*y^11*z^3 + 1*x^2*y^14*z^2 + 1*x^1*z^13 + -2*y^17*z^1

Allocate M_len = 25600 elements.
The final length of G is 199
[10, 2, 5, 0]  	391	7 
[21, 0, 0, 0]  	399	7  <--- 1
[8, 5, 5, 0]  	422	6 
[6, 11, 4, 0]  	491	6 
[6, 14, 3, 0]  	529	7 
[5, 0, 15, 0]  	560	6 
[19, 5, 4, 0]  	600	7 
[14, 11, 3, 0]  	612	11 
[17, 8, 4, 0]  	631	10 
[19, 8, 3, 0]  	638	7 
[15, 14, 2, 0]  	669	9 
[9, 3, 14, 0]  	674	9 
[19, 11, 2, 0]  	676	9 
[12, 17, 2, 0]  	681	9 
[9, 20, 2, 0]  	693	8 
[14, 0, 14, 0]  	700	8 
[7, 22, 2, 0]  	701	8 
[7, 6, 14, 0]  	705	8 
[16, 0, 13, 0]  	707	8 
[11, 19, 2, 0]  	708	8 
[19, 14, 1, 0]  	714	8 
[7, 8, 13, 0]  	720	8 
[6, 9, 13, 0]  	724	7 
[9, 23, 1, 0]  	731	7 
[6, 8, 14, 0]  	732	7 
[5, 25, 2, 0]  	732	7 
[5, 9, 14, 0]  	736	7 
[13, 20, 1, 0]  	738	7 
[7, 25, 1, 0]  	739	7 
[6, 26, 1, 0]  	743	7 
[17, 17, 1, 0]  	745	7 
[5, 11, 13, 0]  	751	7 
[20, 0, 12, 0]  	752	7 
[15, 19, 1, 0]  	753	7 
[4, 12, 13, 0]  	755	6 
[4, 11, 14, 0]  	763	6 
[10, 25, 0, 0]  	765	7 
[4, 26, 3, 0]  	767	6 
[9, 26, 0, 0]  	769	6 
[5, 28, 1, 0]  	770	6 
[4, 14, 12, 0]  	770	6 
[20, 17, 0, 0]  	771	2 
[5, 24, 4, 0]  	771	6 
[4, 29, 1, 0]  	774	6 
[13, 23, 0, 0]  	776	6 
[7, 28, 0, 0]  	777	6 
[5, 15, 11, 0]  	781	6 
[4, 28, 2, 0]  	782	6 
[3, 14, 13, 0]  	782	6 
[17, 20, 0, 0]  	783	6 
[3, 29, 2, 0]  	786	5 
[5, 18, 9, 0]  	788	6 
[4, 31, 0, 0]  	789	6 
[15, 22, 0, 0]  	791	6 
[3, 32, 0, 0]  	793	5 
[5, 21, 7, 0]  	795	6 
[5, 17, 10, 0]  	796	6 
[19, 19, 0, 0]  	798	6 
[4, 18, 10, 0]  	800	5 
[3, 31, 1, 0]  	801	5 
[3, 0, 24, 0]  	801	5 
[5, 20, 8, 0]  	803	6 
[2, 32, 1, 0]  	805	5 
[4, 25, 5, 0]  	806	6 
[4, 17, 11, 0]  	808	5 
[5, 23, 6, 0]  	810	6 
[4, 1, 23, 0]  	812	5 
[4, 24, 6, 0]  	814	5 
[4, 20, 9, 0]  	815	5 
[4, 4, 21, 0]  	819	5 
[4, 23, 7, 0]  	822	5 
[4, 7, 19, 0]  	826	5 
[4, 3, 22, 0]  	827	5 
[3, 12, 16, 0]  	829	5 
[3, 4, 22, 0]  	831	4 
[4, 10, 17, 0]  	833	5 
[3, 11, 17, 0]  	837	5 
[3, 7, 20, 0]  	838	4 
[3, 3, 23, 0]  	839	4 
[4, 9, 18, 0]  	841	5 
[2, 35, 0, 0]  	843	4 
[3, 10, 18, 0]  	845	4 
[3, 6, 21, 0]  	846	4 
[3, 21, 10, 0]  	850	4 
[3, 9, 19, 0]  	853	4 
[3, 24, 8, 0]  	857	4 
[2, 29, 5, 0]  	860	4 
[2, 21, 11, 0]  	862	3 
[3, 27, 6, 0]  	864	4 
[3, 23, 9, 0]  	865	4 
[2, 28, 6, 0]  	868	4 
[2, 24, 9, 0]  	869	3 
[3, 26, 7, 0]  	872	4 
[2, 4, 24, 0]  	874	4 
[2, 31, 4, 0]  	875	5 
[2, 27, 7, 0]  	876	3 
[2, 23, 10, 0]  	877	3 
[2, 15, 16, 0]  	879	4 
[2, 7, 22, 0]  	881	3 
[2, 26, 8, 0]  	884	3 
[2, 14, 17, 0]  	887	4 
[2, 10, 20, 0]  	888	3 
[1, 15, 17, 0]  	891	3 
[1, 38, 0, 0]  	893	3 
[2, 9, 21, 0]  	896	3 
[2, 1, 27, 0]  	898	4 
[1, 14, 18, 0]  	899	3 
[1, 10, 21, 0]  	900	2 
[2, 0, 28, 0]  	906	4 
[1, 32, 5, 0]  	910	3 
[1, 12, 20, 0]  	915	2 
[1, 31, 6, 0]  	918	3 
[0, 32, 6, 0]  	922	2 
[1, 30, 7, 0]  	926	2 
[1, 18, 16, 0]  	929	3 
[0, 31, 7, 0]  	930	2 
[0, 30, 8, 0]  	938	1 
[1, 1, 29, 0]  	941	2 
[1, 24, 12, 0]  	943	3 
[1, 35, 4, 0]  	948	3 
[0, 1, 30, 0]  	953	1 
[0, 16, 19, 0]  	957	1 
[0, 35, 5, 0]  	960	2 
[0, 0, 31, 0]  	961	1  <--- 3
[1, 21, 15, 0]  	967	3 
[0, 18, 18, 0]  	972	1 
[1, 4, 28, 0]  	979	2 
[0, 4, 29, 0]  	991	1 
[0, 38, 4, 0]  	998	2 
[0, 21, 17, 0]  	1010	1 
[1, 7, 27, 0]  	1017	2 
[0, 7, 28, 0]  	1029	1 
[0, 41, 3, 0]  	1036	2 
[0, 24, 16, 0]  	1048	1 
[0, 10, 27, 0]  	1067	1 
[0, 47, 0, 0]  	1081	1  <--- 2
[0, 27, 15, 0]  	1086	1 
[0, 13, 26, 0]  	1105	1 
[20, 1, 0, 1]  	403	7 
[8, 8, 4, 1]  	460	7 
[18, 5, 4, 1]  	581	12 
[18, 8, 3, 1]  	619	11 
[14, 14, 2, 1]  	650	10 
[18, 11, 2, 1]  	657	10 
[12, 0, 14, 1]  	662	9 
[15, 0, 13, 1]  	688	9 
[10, 19, 2, 1]  	689	9 
[18, 14, 1, 1]  	695	9 
[8, 23, 1, 1]  	712	8 
[12, 20, 1, 1]  	719	8 
[16, 17, 1, 1]  	726	8 
[19, 0, 12, 1]  	733	8 
[14, 19, 1, 1]  	734	8 
[11, 22, 1, 1]  	746	7 
[8, 26, 0, 1]  	750	7 
[12, 23, 0, 1]  	757	7 
[6, 28, 0, 1]  	758	7 
[5, 29, 0, 1]  	762	6 
[16, 20, 0, 1]  	764	7 
[14, 22, 0, 1]  	772	7 
[19, 18, 0, 1]  	775	7 
[18, 19, 0, 1]  	779	7 
[4, 21, 8, 1]  	807	5 
[3, 17, 12, 1]  	820	5 
[2, 18, 12, 1]  	824	4 
[4, 6, 20, 1]  	834	5 
[3, 28, 5, 1]  	856	5 
[3, 20, 11, 1]  	858	4 
[2, 13, 18, 1]  	895	3 
[2, 12, 19, 1]  	903	3 
[1, 13, 19, 1]  	907	2 
[1, 27, 9, 1]  	919	2 
[1, 29, 8, 1]  	934	2 
[1, 0, 30, 1]  	949	2 
[0, 44, 0, 1]  	1012	2 
[11, 0, 14, 2]  	643	10 
[10, 22, 1, 2]  	727	8 
[9, 2, 6, 24]  	403	6 
[6, 11, 3, 24]  	460	6 
[7, 8, 5, 24]  	472	5 
[5, 14, 4, 24]  	541	6 
[10, 17, 2, 24]  	643	9 
[7, 5, 14, 24]  	682	7 
[5, 8, 14, 24]  	713	6 
[8, 25, 0, 24]  	727	7 
[4, 25, 3, 24]  	744	5 
[4, 15, 11, 24]  	762	4 
[4, 1, 22, 24]  	781	4 
[3, 7, 19, 24]  	807	4 
[2, 34, 0, 24]  	820	4 
[1, 35, 0, 24]  	824	3 
[3, 23, 8, 24]  	834	4 
[2, 4, 23, 24]  	843	3 
[2, 14, 16, 24]  	856	3 
[2, 6, 22, 24]  	858	3 
[1, 30, 6, 24]  	895	2 
[0, 15, 18, 24]  	903	1 
[0, 30, 7, 24]  	907	1 
[0, 13, 20, 24]  	919	1 
------
The gap is between 3 and 23.
Lengths: 3 3 5 5 3 3.
For 982 = 5*d/2-d1-d2-d3 you get 3 in char 0.
1*x^1*y^23*z^14
1*y^40*z^2
1*y^9*z^25

For 560 = 3*d/2-d1-d2-d3 you get 5 in char 0.
1*x^4*y^17*z^3
1*x^3*y^3*z^14
1*x^2*y^20*z^2
1*x^1*y^6*z^13
1*y^23*z^1

For 138 = d/2-d1-d2-d3 you get 3 in char 0.
1*x^4*z^2
1*x^2*y^3*z^1
1*y^6

Extra powers of p used 0.
The invariant extra is equal to 1.
Start computing 7^3 Delta^1 (x1x2x3)^6... Done.
Start computing 7^4 Delta^2 (x1x2x3)^6... Done.
Start computing 7^5 Delta^3 (x1x2x3)^6... Done.
Start computing 7^6 Delta^4 (x1x2x3)^6... Done.
Start computing 7^7 Delta^5 (x1x2x3)^6... Done.
Start computing 7^8 Delta^6 (x1x2x3)^6... Done.
Start computing aa.
1 2 3 4 5 6 7 8 9 10 11 
*/
A = \
[89945126331828449469,173130840668188049128,18136081820693180964,115112234270837511876,183016010164632069502,54066512200851848138,139454657475875457051,99085980345358581057,72276319490158991046,148288725280107004978,157928964292212053934;\
86212875245146404180,93662451691648002431,107691497214355736630,129017016862800508505,88864394007010235922,53254940787580637903,116302766202413100226,122635728299789102727,147551849213930873831,119868225052884087773,154847412446318507776;\
66198407471891223028,71638120099317383894,63440602423633117228,177739828419997268103,158989659721770695622,139871002564377538258,146743966302869440190,168897873484754933295,102983483675840617927,178325958788552756454,36897139150507440896;\
121048122733130278138,13797228440019142942,54477932031189847401,20353211210082155601,72211135463043341835,130738044796483532555,28836877423940148542,159188344681682213695,120742782172482934457,24071348808294131890,96595644998171401026;\
115047897341803865731,183396477787021291004,62814263790144981738,100841271061103071583,91689086188719767139,44956850068612488111,62822834236341218074,94193971976337253139,48306378280885322836,62003306688394626478,19255345005731055319;\
184473787520697457121,24193130563952167211,8725051802366644715,7485253135619486885,128806714454862538066,43726663689589282304,57649923007699677767,25593227578723512155,43693877931612949201,11294314876246773483,171703820344988666966;\
137846363246945039204,112987395717565689677,168042539771467802541,99722376790914756186,191314807987155574813,119353006186246515564,93574929468038020492,95396612425495966606,59577912742533394440,141995725912264321286,126967331607390820700;\
7392242485241202519,189679035247219706031,15521355256940968386,180516343278681791927,153457818748159312226,151385316003075084441,27636134448616904882,22691848188180004456,105194272461244042076,48915654038734920479,126953844770719055894;\
28466815989823515097,190163158890529650939,134496536905714929770,60981856778613892814,62524762350935674958,37872717213134689662,12639891482091433980,152372057010549240529,8616574417309969621,143618661282119271976,69044274444299246477;\
152609300565389778570,102640321334909108793,65030433629393272494,109887611452938835383,160621784281869664362,21341016060226871267,23485367642885734943,14401631102924231264,83098997538947349918,173493479179917427041,51192403330758484116;\
38084565824706846077,172611204285086658355,176962351368398907651,156181085592768896086,29332486380134554470,101980341963164348978,70595183317553638716,29001466774936832624,92994929015789114748,116005433287720278029,117114618545574103342]
/* 
This should be the matrix of frobenius!
*/ 
B = A; 
/* Freed 54 lists. */
