/* Comments begin... 
Coefficient of   x^21 * y^1               = -3
Coefficient of   x^10 * y^2 * z^6         = 3
Coefficient of   x^8 * y^5 * z^5         = 1
Coefficient of   x^6 * y^8 * z^4         = -1
Coefficient of   x^4 * y^11 * z^3         = -3
Coefficient of   x^2 * y^14 * z^2         = 0
Coefficient of   x^1 * z^13               = 3
Coefficient of   y^17 * z^1               = 0

Here is the polynomial we're using this time:

-3*x^21*y^1 + 3*x^10*y^2*z^6 + 1*x^8*y^5*z^5 + -1*x^6*y^8*z^4 + -3*x^4*y^11*z^3 + 3*x^1*z^13

Allocate G_len 20 elements and old = 0.
Allocate M_len = 400 elements.
Allocate G_len 40 elements and old = 20.
Allocate M_len = 800 elements.
Allocate G_len 80 elements and old = 40.
Allocate M_len = 1600 elements.
Allocate M_len = 3200 elements.
Allocate G_len 160 elements and old = 80.
Allocate M_len = 6400 elements.
Not smooth!
Coefficient of   x^21 * y^1               = 3
Coefficient of   x^10 * y^2 * z^6         = 2
Coefficient of   x^8 * y^5 * z^5         = 0
Coefficient of   x^6 * y^8 * z^4         = -2
Coefficient of   x^4 * y^11 * z^3         = -3
Coefficient of   x^2 * y^14 * z^2         = -1
Coefficient of   x^1 * z^13               = -3
Coefficient of   y^17 * z^1               = -2

Here is the polynomial we're using this time:

3*x^21*y^1 + 2*x^10*y^2*z^6 + -2*x^6*y^8*z^4 + -3*x^4*y^11*z^3 + -1*x^2*y^14*z^2 + -3*x^1*z^13 + -2*y^17*z^1

Allocate M_len = 12800 elements.
Allocate G_len 320 elements and old = 160.
Allocate M_len = 25600 elements.
The final length of G is 198
[10, 2, 5, 0]  	391	6 
[21, 0, 0, 0]  	399	6  <--- 1
[6, 8, 4, 0]  	422	5 
[6, 14, 3, 0]  	529	7 
[5, 0, 15, 0]  	560	6 
[17, 8, 3, 0]  	600	6 
[15, 11, 3, 0]  	631	5 
[12, 0, 14, 0]  	662	9 
[15, 14, 2, 0]  	669	9 
[9, 3, 14, 0]  	674	9 
[19, 11, 2, 0]  	676	9 
[9, 20, 2, 0]  	693	8 
[8, 5, 14, 0]  	701	8 
[7, 6, 14, 0]  	705	8 
[16, 0, 13, 0]  	707	8 
[11, 19, 2, 0]  	708	8 
[9, 6, 13, 0]  	712	8 
[19, 14, 1, 0]  	714	8 
[12, 20, 1, 0]  	719	8 
[8, 22, 2, 0]  	720	8 
[7, 23, 2, 0]  	724	7 
[9, 23, 1, 0]  	731	7 
[5, 25, 2, 0]  	732	7 
[5, 9, 14, 0]  	736	7 
[7, 25, 1, 0]  	739	7 
[6, 26, 1, 0]  	743	7 
[17, 17, 1, 0]  	745	7 
[11, 22, 1, 0]  	746	7 
[5, 11, 13, 0]  	751	7 
[20, 0, 12, 0]  	752	7 
[15, 19, 1, 0]  	753	7 
[4, 12, 13, 0]  	755	6 
[5, 29, 0, 0]  	762	6 
[4, 11, 14, 0]  	763	6 
[4, 26, 3, 0]  	767	6 
[5, 28, 1, 0]  	770	6 
[4, 14, 12, 0]  	770	6 
[20, 17, 0, 0]  	771	2 
[5, 24, 4, 0]  	771	6 
[4, 29, 1, 0]  	774	6 
[13, 23, 0, 0]  	776	6 
[7, 28, 0, 0]  	777	6 
[5, 15, 11, 0]  	781	6 
[4, 28, 2, 0]  	782	7 
[17, 20, 0, 0]  	783	6 
[11, 25, 0, 0]  	784	6 
[3, 29, 2, 0]  	786	5 
[5, 18, 9, 0]  	788	6 
[15, 22, 0, 0]  	791	6 
[3, 32, 0, 0]  	793	5 
[5, 21, 7, 0]  	795	6 
[5, 17, 10, 0]  	796	6 
[19, 19, 0, 0]  	798	6 
[4, 18, 10, 0]  	800	5 
[3, 31, 1, 0]  	801	5 
[3, 0, 24, 0]  	801	5 
[5, 20, 8, 0]  	803	6 
[3, 15, 13, 0]  	805	5 
[2, 32, 1, 0]  	805	5 
[4, 25, 5, 0]  	806	6 
[4, 21, 8, 0]  	807	5 
[4, 17, 11, 0]  	808	5 
[5, 23, 6, 0]  	810	6 
[4, 1, 23, 0]  	812	5 
[4, 24, 6, 0]  	814	5 
[4, 20, 9, 0]  	815	5 
[4, 4, 21, 0]  	819	5 
[3, 17, 12, 0]  	820	5 
[4, 7, 19, 0]  	826	5 
[4, 3, 22, 0]  	827	5 
[3, 4, 22, 0]  	831	4 
[4, 10, 17, 0]  	833	5 
[4, 6, 20, 0]  	834	5 
[3, 11, 17, 0]  	837	5 
[3, 7, 20, 0]  	838	4 
[3, 3, 23, 0]  	839	4 
[4, 9, 18, 0]  	841	5 
[2, 35, 0, 0]  	843	4 
[3, 10, 18, 0]  	845	4 
[3, 21, 10, 0]  	850	4 
[3, 9, 19, 0]  	853	4 
[3, 28, 5, 0]  	856	5 
[3, 20, 11, 0]  	858	4 
[2, 29, 5, 0]  	860	4 
[2, 21, 11, 0]  	862	3 
[3, 23, 9, 0]  	865	4 
[2, 28, 6, 0]  	868	4 
[2, 24, 9, 0]  	869	3 
[2, 4, 24, 0]  	874	4 
[2, 31, 4, 0]  	875	5 
[2, 23, 10, 0]  	877	3 
[2, 15, 16, 0]  	879	4 
[2, 7, 22, 0]  	881	3 
[2, 14, 17, 0]  	887	4 
[2, 10, 20, 0]  	888	3 
[1, 15, 17, 0]  	891	3 
[1, 38, 0, 0]  	893	3 
[2, 13, 18, 0]  	895	3 
[2, 9, 21, 0]  	896	3 
[2, 1, 27, 0]  	898	4 
[1, 14, 18, 0]  	899	3 
[1, 10, 21, 0]  	900	2 
[2, 12, 19, 0]  	903	3 
[2, 0, 28, 0]  	906	4 
[1, 13, 19, 0]  	907	2 
[1, 32, 5, 0]  	910	3 
[1, 12, 20, 0]  	915	2 
[1, 31, 6, 0]  	918	3 
[1, 27, 9, 0]  	919	2 
[0, 32, 6, 0]  	922	2 
[1, 18, 16, 0]  	929	3 
[0, 31, 7, 0]  	930	2 
[1, 29, 8, 0]  	934	2 
[0, 30, 8, 0]  	938	1 
[1, 1, 29, 0]  	941	2 
[1, 24, 12, 0]  	943	3 
[1, 35, 4, 0]  	948	3 
[0, 1, 30, 0]  	953	1 
[0, 16, 19, 0]  	957	1 
[0, 35, 5, 0]  	960	2 
[0, 0, 31, 0]  	961	1  <--- 3
[1, 21, 15, 0]  	967	3 
[0, 18, 18, 0]  	972	1 
[1, 4, 28, 0]  	979	2 
[0, 4, 29, 0]  	991	1 
[0, 38, 4, 0]  	998	2 
[0, 21, 17, 0]  	1010	1 
[0, 44, 0, 0]  	1012	2  <--- 2
[0, 7, 28, 0]  	1029	1 
[0, 41, 3, 0]  	1036	2 
[0, 24, 16, 0]  	1048	1 
[0, 10, 27, 0]  	1067	1 
[0, 27, 15, 0]  	1086	1 
[0, 13, 26, 0]  	1105	1 
[20, 1, 0, 1]  	403	6 
[16, 8, 3, 1]  	581	10 
[14, 11, 3, 1]  	612	9 
[11, 0, 14, 1]  	643	10 
[14, 14, 2, 1]  	650	10 
[18, 11, 2, 1]  	657	10 
[15, 0, 13, 1]  	688	9 
[10, 19, 2, 1]  	689	9 
[18, 14, 1, 1]  	695	9 
[13, 17, 2, 1]  	700	8 
[16, 17, 1, 1]  	726	8 
[10, 22, 1, 1]  	727	8 
[19, 0, 12, 1]  	733	8 
[14, 19, 1, 1]  	734	8 
[12, 23, 0, 1]  	757	7 
[6, 28, 0, 1]  	758	7 
[16, 20, 0, 1]  	764	7 
[10, 25, 0, 1]  	765	7 
[9, 26, 0, 1]  	769	6 
[14, 22, 0, 1]  	772	7 
[19, 18, 0, 1]  	775	7 
[18, 19, 0, 1]  	779	7 
[3, 14, 13, 1]  	782	6 
[4, 23, 7, 1]  	822	5 
[2, 18, 12, 1]  	824	4 
[3, 12, 16, 1]  	829	5 
[3, 24, 8, 1]  	857	4 
[3, 27, 6, 1]  	864	4 
[3, 26, 7, 1]  	872	4 
[2, 26, 8, 1]  	884	3 
[1, 7, 27, 1]  	1017	2 
[12, 17, 2, 2]  	681	9 
[8, 26, 0, 2]  	750	7 
[4, 31, 0, 2]  	789	6 
[3, 6, 21, 2]  	846	4 
[2, 27, 7, 2]  	876	3 
[1, 30, 7, 2]  	926	2 
[1, 0, 30, 3]  	949	2 
[0, 16, 18, 22]  	926	1 
[5, 15, 10, 23]  	750	6 
[4, 0, 23, 23]  	789	5 
[2, 23, 9, 23]  	846	3 
[1, 13, 18, 23]  	876	1 
[9, 2, 6, 24]  	403	5 
[5, 14, 4, 24]  	541	6 
[10, 20, 1, 24]  	681	7 
[7, 5, 14, 24]  	682	7 
[5, 8, 14, 24]  	713	7 
[4, 25, 3, 24]  	744	5 
[4, 18, 9, 24]  	769	4 
[2, 31, 1, 24]  	782	5 
[4, 4, 20, 24]  	788	4 
[3, 9, 18, 24]  	822	3 
[1, 35, 0, 24]  	824	3 
[2, 29, 4, 24]  	829	4 
[2, 10, 19, 24]  	857	3 
[2, 13, 17, 24]  	864	3 
[2, 12, 18, 24]  	872	3 
[2, 0, 27, 24]  	875	3 
[1, 12, 19, 24]  	884	2 
[1, 30, 6, 24]  	895	2 
[1, 29, 7, 24]  	903	2 
[0, 30, 7, 24]  	907	1 
[0, 24, 15, 24]  	1017	1 
------
The gap is between 4 and 21.
Lengths: 3 3 5 5 3 3.
For 982 = 5*d/2-d1-d2-d3 you get 3 in char 0.
1*x^1*y^23*z^14
1*y^40*z^2
1*y^9*z^25

For 560 = 3*d/2-d1-d2-d3 you get 5 in char 0.
1*x^4*y^17*z^3
1*x^3*y^3*z^14
1*x^2*y^20*z^2
1*x^1*y^6*z^13
1*y^23*z^1

For 138 = d/2-d1-d2-d3 you get 3 in char 0.
1*x^4*z^2
1*x^2*y^3*z^1
1*y^6

Extra powers of p used 0.
The invariant extra is equal to 1.
Start computing 7^3 Delta^1 (x1x2x3)^6... Done.
Start computing 7^4 Delta^2 (x1x2x3)^6... Done.
Start computing 7^5 Delta^3 (x1x2x3)^6... Done.
Start computing 7^6 Delta^4 (x1x2x3)^6... Done.
Start computing 7^7 Delta^5 (x1x2x3)^6... Done.
Start computing 7^8 Delta^6 (x1x2x3)^6... Done.
Start computing aa.
1 2 3 4 5 6 7 8 9 10 11 
*/
A = \
[147451629018248745695,59728194818707295653,107337631696590159447,54041487567736737803,99091110720828860711,44703205912136129652,180114017508673138471,14516599698377720433,64009477924881651120,59190790539219930297,84613404828748286785;\
50814432026531704467,124889827740062217326,165187558252480859130,37628490483537288615,4939691711153798550,61076031963101391362,19064194167206099205,144734044293086831695,73040926071195606727,183979186305704325123,166448766637225291030;\
112354663851925703641,57040181530969953439,57311614311902618281,169247482294154919053,18400920039134506615,80458155814328408634,32238910665877216322,24038515705097109559,128755175831233438550,62758119416078946230,26894755954082316503;\
979195620992433787,178413591201740280809,86249927953810671436,45849871814691925596,45304028556817511033,18911469185625296140,176129982120554008232,36921952895760367505,139089212821956583046,113428770582832746804,107459531431802208442;\
169122772021348607638,180990324464723853297,137752865066589971265,5358909775165916977,113027416084110867724,147089749716865582578,145326256075607144069,61347299573149437246,143021993904521704490,83289159117065502202,111675185354837568023;\
112195105051312926771,43845332978667862961,146459205411026034858,56200510372160523985,36552680748974873042,78984824138530407986,60031381067265275402,141688745809665979848,91031039029049501501,51885278677710184490,25700269643544998096;\
109540664650905876347,58040868832743624095,189898237040021195956,40996439272863618383,186537015634534496085,181737943829327051880,35863057716519120339,176502594129966951196,121159489757361840778,64689972166464669318,79985352795260397821;\
150803377936817495810,99602316655638875007,187511249280319756120,57837377990131253227,94193788661711346356,71792352362463891809,109570524222038892572,140203703802813578816,185071896264975438733,91742518492201073322,180744829706127420482;\
161812140185844266735,55326091133961906984,118906670473528316426,119194803318142728505,108237108960556347002,135534064426465111379,42687485159953409055,167406994167170410310,122950089098048048501,47197115332985971458,182254659460890899939;\
53538278465128186830,37786571271199997,123783657323930258997,49865605713200534782,131330478572080618985,42963031324279702657,95794692604199491973,114526301079371983375,2656766118848245222,74064383701517285489,111297811203972759450;\
154792911657663887954,2058014370540645400,29313671933597971697,190062533588656536710,71719848755110300241,25092859518578058158,96579752314269873159,29908537811216418718,109719315737246017782,114296884602709915491,20738701122312071087]
/* 
This should be the matrix of frobenius!
*/ 
B = A; 
/* Freed 54 lists. */
