/* Comments begin... 
Coefficient of   x^21 * y^1               = 1
Coefficient of   x^10 * y^2 * z^6         = 2
Coefficient of   x^8 * y^5 * z^5         = -2
Coefficient of   x^6 * y^8 * z^4         = 1
Coefficient of   x^4 * y^11 * z^3         = 2
Coefficient of   x^2 * y^14 * z^2         = 2
Coefficient of   x^1 * z^13               = -1
Coefficient of   y^17 * z^1               = -3

Here is the polynomial we're using this time:

1*x^21*y^1 + 2*x^10*y^2*z^6 + -2*x^8*y^5*z^5 + 1*x^6*y^8*z^4 + 2*x^4*y^11*z^3 + 2*x^2*y^14*z^2 + -1*x^1*z^13 + -3*y^17*z^1

Allocate G_len 20 elements and old = 0.
Allocate M_len = 400 elements.
Allocate G_len 40 elements and old = 20.
Allocate M_len = 800 elements.
Allocate G_len 80 elements and old = 40.
Allocate M_len = 1600 elements.
Allocate M_len = 3200 elements.
Allocate G_len 160 elements and old = 80.
Allocate M_len = 6400 elements.
Allocate M_len = 12800 elements.
Allocate G_len 320 elements and old = 160.
Allocate M_len = 25600 elements.
Allocate M_len = 51200 elements.
The final length of G is 224
[10, 2, 5, 0]  	391	7 
[21, 0, 0, 0]  	399	7  <--- 1
[8, 5, 5, 0]  	422	6 
[8, 8, 4, 0]  	460	7 
[6, 14, 3, 0]  	529	7 
[7, 0, 15, 0]  	598	7 
[19, 5, 4, 0]  	600	7 
[15, 11, 3, 0]  	631	9 
[19, 8, 3, 0]  	638	7 
[12, 0, 14, 0]  	662	9 
[15, 14, 2, 0]  	669	10 
[9, 3, 14, 0]  	674	9 
[19, 11, 2, 0]  	676	7 
[9, 20, 2, 0]  	693	8 
[13, 17, 2, 0]  	700	9 
[7, 22, 2, 0]  	701	8 
[7, 6, 14, 0]  	705	8 
[16, 0, 13, 0]  	707	9 
[11, 19, 2, 0]  	708	9 
[19, 14, 1, 0]  	714	9 
[7, 8, 13, 0]  	720	8 
[6, 9, 13, 0]  	724	7 
[9, 23, 1, 0]  	731	8 
[6, 8, 14, 0]  	732	7 
[5, 25, 2, 0]  	732	7 
[5, 9, 14, 0]  	736	7 
[13, 20, 1, 0]  	738	8 
[7, 25, 1, 0]  	739	8 
[6, 26, 1, 0]  	743	7 
[17, 17, 1, 0]  	745	8 
[11, 22, 1, 0]  	746	8 
[20, 0, 12, 0]  	752	8 
[15, 19, 1, 0]  	753	8 
[4, 12, 13, 0]  	755	6 
[7, 11, 12, 0]  	758	8 
[6, 12, 12, 0]  	762	7 
[4, 11, 14, 0]  	763	6 
[4, 26, 3, 0]  	767	6 
[9, 26, 0, 0]  	769	7 
[5, 28, 1, 0]  	770	6 
[4, 14, 12, 0]  	770	6 
[20, 17, 0, 0]  	771	2 
[6, 7, 16, 0]  	771	6 
[5, 24, 4, 0]  	771	6 
[4, 29, 1, 0]  	774	6 
[7, 28, 0, 0]  	777	6 
[5, 15, 11, 0]  	781	6 
[4, 28, 2, 0]  	782	6 
[3, 14, 13, 0]  	782	6 
[17, 20, 0, 0]  	783	7 
[11, 25, 0, 0]  	784	7 
[3, 29, 2, 0]  	786	5 
[6, 1, 21, 0]  	788	6 
[5, 18, 9, 0]  	788	6 
[4, 31, 0, 0]  	789	6 
[15, 22, 0, 0]  	791	7 
[3, 32, 0, 0]  	793	5 
[6, 4, 19, 0]  	795	6 
[5, 21, 7, 0]  	795	6 
[6, 0, 22, 0]  	796	6 
[5, 17, 10, 0]  	796	6 
[19, 19, 0, 0]  	798	6 
[5, 1, 22, 0]  	800	5 
[4, 18, 10, 0]  	800	5 
[3, 31, 1, 0]  	801	5 
[3, 0, 24, 0]  	801	5 
[6, 3, 20, 0]  	803	6 
[5, 20, 8, 0]  	803	6 
[2, 32, 1, 0]  	805	5 
[5, 8, 17, 0]  	806	6 
[4, 25, 5, 0]  	806	6 
[4, 21, 8, 0]  	807	5 
[5, 0, 23, 0]  	808	5 
[4, 17, 11, 0]  	808	5 
[6, 6, 18, 0]  	810	6 
[5, 23, 6, 0]  	810	6 
[4, 1, 23, 0]  	812	5 
[5, 7, 18, 0]  	814	5 
[4, 24, 6, 0]  	814	5 
[4, 20, 9, 0]  	815	5 
[4, 23, 7, 0]  	822	5 
[4, 7, 19, 0]  	826	5 
[4, 3, 22, 0]  	827	5 
[3, 12, 16, 0]  	829	5 
[3, 4, 22, 0]  	831	4 
[4, 6, 20, 0]  	834	5 
[3, 11, 17, 0]  	837	5 
[3, 3, 23, 0]  	839	4 
[4, 9, 18, 0]  	841	5 
[3, 10, 18, 0]  	845	4 
[3, 6, 21, 0]  	846	4 
[3, 21, 10, 0]  	850	4 
[3, 9, 19, 0]  	853	4 
[3, 28, 5, 0]  	856	5 
[3, 24, 8, 0]  	857	4 
[2, 29, 5, 0]  	860	4 
[2, 21, 11, 0]  	862	3 
[3, 27, 6, 0]  	864	4 
[3, 23, 9, 0]  	865	4 
[2, 28, 6, 0]  	868	4 
[2, 24, 9, 0]  	869	3 
[3, 26, 7, 0]  	872	4 
[2, 31, 4, 0]  	875	5 
[2, 27, 7, 0]  	876	3 
[2, 23, 10, 0]  	877	3 
[2, 15, 16, 0]  	879	4 
[2, 26, 8, 0]  	884	3 
[1, 15, 17, 0]  	891	3 
[1, 38, 0, 0]  	893	3 
[2, 13, 18, 0]  	895	3 
[1, 14, 18, 0]  	899	3 
[2, 0, 28, 0]  	906	4 
[1, 13, 19, 0]  	907	2 
[1, 32, 5, 0]  	910	3 
[1, 31, 6, 0]  	918	3 
[1, 27, 9, 0]  	919	2 
[0, 32, 6, 0]  	922	2 
[1, 30, 7, 0]  	926	2 
[0, 31, 7, 0]  	930	2 
[1, 29, 8, 0]  	934	2 
[0, 30, 8, 0]  	938	1 
[1, 1, 29, 0]  	941	2 
[2, 7, 24, 0]  	943	3 
[1, 24, 12, 0]  	943	3 
[1, 35, 4, 0]  	948	3 
[1, 0, 30, 0]  	949	2 
[0, 1, 30, 0]  	953	1 
[0, 16, 19, 0]  	957	1 
[0, 35, 5, 0]  	960	2 
[0, 0, 31, 0]  	961	1  <--- 3
[1, 21, 15, 0]  	967	3 
[0, 18, 18, 0]  	972	1 
[1, 4, 28, 0]  	979	2 
[0, 4, 29, 0]  	991	1 
[0, 38, 4, 0]  	998	2 
[0, 21, 17, 0]  	1010	1 
[1, 7, 27, 0]  	1017	2 
[0, 7, 28, 0]  	1029	1 
[0, 41, 3, 0]  	1036	2 
[0, 24, 16, 0]  	1048	1 
[0, 10, 27, 0]  	1067	1 
[0, 47, 0, 0]  	1081	1  <--- 2
[0, 27, 15, 0]  	1086	1 
[0, 13, 26, 0]  	1105	1 
[20, 1, 0, 1]  	403	7 
[6, 11, 4, 1]  	491	6 
[5, 0, 15, 1]  	560	6 
[18, 5, 4, 1]  	581	12 
[14, 11, 3, 1]  	612	10 
[18, 8, 3, 1]  	619	11 
[11, 0, 14, 1]  	643	10 
[14, 14, 2, 1]  	650	10 
[18, 11, 2, 1]  	657	11 
[12, 17, 2, 1]  	681	9 
[15, 0, 13, 1]  	688	10 
[10, 19, 2, 1]  	689	9 
[18, 14, 1, 1]  	695	10 
[8, 23, 1, 1]  	712	8 
[12, 20, 1, 1]  	719	9 
[16, 17, 1, 1]  	726	9 
[10, 22, 1, 1]  	727	9 
[19, 0, 12, 1]  	733	9 
[14, 19, 1, 1]  	734	9 
[8, 26, 0, 1]  	750	8 
[5, 11, 13, 1]  	751	7 
[16, 20, 0, 1]  	764	8 
[10, 25, 0, 1]  	765	8 
[14, 22, 0, 1]  	772	8 
[19, 18, 0, 1]  	775	8 
[13, 23, 0, 1]  	776	6 
[18, 19, 0, 1]  	779	8 
[6, 29, 0, 1]  	781	6 
[4, 4, 21, 1]  	819	5 
[3, 17, 12, 1]  	820	5 
[2, 18, 12, 1]  	824	4 
[4, 10, 17, 1]  	833	5 
[3, 7, 20, 1]  	838	4 
[2, 35, 0, 1]  	843	4 
[2, 4, 24, 1]  	874	4 
[2, 7, 22, 1]  	881	3 
[2, 14, 17, 1]  	887	4 
[2, 10, 20, 1]  	888	3 
[2, 9, 21, 1]  	896	3 
[2, 1, 27, 1]  	898	4 
[1, 10, 21, 1]  	900	2 
[1, 12, 20, 1]  	915	2 
[1, 18, 16, 1]  	929	3 
[0, 44, 0, 1]  	1012	2 
[12, 23, 0, 2]  	757	8 
[6, 28, 0, 2]  	758	7 
[5, 29, 0, 2]  	762	6 
[3, 20, 11, 2]  	858	4 
[2, 12, 19, 2]  	903	3 
[5, 18, 8, 22]  	757	6 
[5, 14, 4, 23]  	541	6 
[4, 25, 3, 23]  	744	6 
[4, 15, 11, 23]  	762	5 
[2, 24, 8, 23]  	838	3 
[1, 29, 7, 23]  	903	2 
[9, 2, 6, 24]  	403	6 
[7, 8, 5, 24]  	472	6 
[4, 14, 3, 24]  	491	5 
[7, 5, 14, 24]  	682	7 
[5, 8, 14, 24]  	713	7 
[4, 28, 1, 24]  	751	5 
[3, 7, 18, 24]  	776	4 
[4, 1, 22, 24]  	781	5 
[3, 6, 20, 24]  	815	4 
[3, 21, 9, 24]  	819	4 
[2, 34, 0, 24]  	820	4 
[1, 35, 0, 24]  	824	2 
[3, 27, 5, 24]  	833	4 
[2, 4, 23, 24]  	843	3 
[1, 21, 11, 24]  	843	2 
[2, 6, 22, 24]  	858	3 
[1, 23, 10, 24]  	858	2 
[1, 31, 5, 24]  	887	3 
[1, 27, 8, 24]  	888	2 
[1, 26, 9, 24]  	896	2 
[0, 35, 3, 24]  	898	2 
[0, 27, 9, 24]  	900	1 
[0, 29, 8, 24]  	915	1 
[0, 13, 20, 24]  	919	1 
[0, 15, 19, 24]  	934	1 
------
The gap is between 3 and 21.
Lengths: 3 3 5 6 3 4.
For 982 = 5*d/2-d1-d2-d3 you get 3 in char 0.
1*x^1*y^23*z^14
1*y^40*z^2
1*y^9*z^25

For 560 = 3*d/2-d1-d2-d3 you get 5 in char 0.
1*x^4*y^17*z^3
1*x^3*y^3*z^14
1*x^2*y^20*z^2
1*x^1*y^6*z^13
1*y^23*z^1

For 138 = d/2-d1-d2-d3 you get 3 in char 0.
1*x^4*z^2
1*x^2*y^3*z^1
1*y^6

Extra powers of p used 2.
The invariant extra is equal to 1.
Start computing 7^3 Delta^1 (x1x2x3)^6... Done.
Start computing 7^4 Delta^2 (x1x2x3)^6... Done.
Start computing 7^5 Delta^3 (x1x2x3)^6... Done.
Start computing 7^6 Delta^4 (x1x2x3)^6... Done.
Start computing 7^7 Delta^5 (x1x2x3)^6... Done.
Start computing 7^8 Delta^6 (x1x2x3)^6... Done.
Start computing aa.
1 2 3 4 5 6 7 8 9 10 11 
*/
A = \
[78708240100550598139,111858943266223390356,129250718971615959417,140714126261574233396,56083157591045875115,190855853047056160390,12716602310587483364,47679017211912947742,16539403772231100544,25451045145144698583,190272871557783884114;\
173013021676837847176,68864591629644520906,129703628953631037872,73378257633304978368,92598096659866460446,169902133270595797484,185928095321605118349,93039082681706553917,65985214333149879404,123241006173913701507,62212236477555636451;\
28246718941268678697,93596540404694444600,153550503598785048301,143111219803863804689,104871344726112156038,13896762994583528724,73251697578654804090,6886194421228799264,11457193473347721127,152715539601221056628,155136849109544567426;\
178988975796398084456,163304575940014188057,159592793159834086140,63723189987721804659,162848203279424939906,150591717380029043314,126473706942266807235,152539025746956703722,99623789553876195657,137933074925934869098,152292019232129299859;\
9129436991693106965,180454315353368588070,107583834754146094091,182720785290293962327,12343909855663361857,189397960382064547939,188058102730761276167,163223492611643016546,22065650190329305175,30352242848009924919,43593056162391877547;\
133295438960894658632,74405638895002552480,44414075540410122861,25732291439576173599,161005522013255469459,93362512720154008800,3435389846188009990,2901407911063559730,48563149149322196480,91706913309511442901,21461021643463244437;\
60270023269623595494,178809412329400367858,94995221327966827282,110708689841313618684,151362929954477708313,166958257551291091368,31799492457132805335,94727585980037837603,104144112308360246367,158084402163478620067,172582018323584208689;\
130746992131840149500,52101106704944593436,188305663376166400270,106030807948438561384,168075138983097525270,89096331507211587083,168113132686877877443,12303851686959164094,70673440206237693062,168871385950981969654,33426515471106684486;\
68474765347762560465,66808553451436640347,75498812227365936381,88050462910394899159,68592411022199224265,57182879968353944847,176027705103488898457,157626223596161292098,5497139023047031731,158778886161159603675,148595649621246458939;\
158076946085325539296,54715169451451137503,76660348584467311694,152211333716258586007,123385227221133473372,17499313014919931419,14550298359284378824,96777675675496754519,81757957456857839178,67171859361568042900,65787407396618338879;\
82443322992465906483,51050124381314899624,183010445157319534686,51107164876127172743,22710666745838487122,112960584349071689706,73396446371467725240,34232105177124585360,69087611761334308793,108720882882028716271,75970626384725577645]
/* 
This matrix times 7^(-2) should be the matrix of frobenius.
*/ 
B = 7^(-2) * A; 
/* Freed 54 lists. */
