/* Comments begin... 
Coefficient of   x^21 * y^1               = -2
Coefficient of   x^10 * y^2 * z^6         = -2
Coefficient of   x^8 * y^5 * z^5         = 1
Coefficient of   x^6 * y^8 * z^4         = 2
Coefficient of   x^4 * y^11 * z^3         = -3
Coefficient of   x^2 * y^14 * z^2         = 2
Coefficient of   x^1 * z^13               = 1
Coefficient of   y^17 * z^1               = 2

Here is the polynomial we're using this time:

-2*x^21*y^1 + -2*x^10*y^2*z^6 + 1*x^8*y^5*z^5 + 2*x^6*y^8*z^4 + -3*x^4*y^11*z^3 + 2*x^2*y^14*z^2 + 1*x^1*z^13 + 2*y^17*z^1

Allocate G_len 20 elements and old = 0.
Allocate M_len = 400 elements.
Allocate G_len 40 elements and old = 20.
Allocate M_len = 800 elements.
Allocate G_len 80 elements and old = 40.
Allocate M_len = 1600 elements.
Allocate M_len = 3200 elements.
Allocate G_len 160 elements and old = 80.
Allocate M_len = 6400 elements.
Allocate M_len = 12800 elements.
Allocate G_len 320 elements and old = 160.
Allocate M_len = 25600 elements.
The final length of G is 193
[10, 2, 5, 0]  	391	7 
[21, 0, 0, 0]  	399	7  <--- 1
[8, 5, 5, 0]  	422	6 
[8, 8, 4, 0]  	460	7 
[6, 11, 4, 0]  	491	6 
[6, 14, 3, 0]  	529	7 
[5, 0, 15, 0]  	560	6 
[19, 5, 4, 0]  	600	7 
[15, 11, 3, 0]  	631	10 
[19, 8, 3, 0]  	638	7 
[12, 0, 14, 0]  	662	9 
[15, 14, 2, 0]  	669	9 
[9, 3, 14, 0]  	674	9 
[19, 11, 2, 0]  	676	9 
[9, 20, 2, 0]  	693	8 
[13, 17, 2, 0]  	700	8 
[7, 22, 2, 0]  	701	8 
[7, 6, 14, 0]  	705	8 
[16, 0, 13, 0]  	707	8 
[19, 14, 1, 0]  	714	8 
[7, 8, 13, 0]  	720	8 
[6, 9, 13, 0]  	724	7 
[10, 22, 1, 0]  	727	8 
[9, 23, 1, 0]  	731	7 
[6, 8, 14, 0]  	732	7 
[5, 25, 2, 0]  	732	7 
[5, 9, 14, 0]  	736	7 
[13, 20, 1, 0]  	738	7 
[6, 26, 1, 0]  	743	7 
[17, 17, 1, 0]  	745	7 
[5, 11, 13, 0]  	751	7 
[20, 0, 12, 0]  	752	7 
[15, 19, 1, 0]  	753	7 
[4, 12, 13, 0]  	755	6 
[6, 28, 0, 0]  	758	7 
[5, 29, 0, 0]  	762	6 
[4, 11, 14, 0]  	763	6 
[9, 26, 0, 0]  	769	6 
[5, 28, 1, 0]  	770	6 
[4, 14, 12, 0]  	770	6 
[20, 17, 0, 0]  	771	2 
[5, 24, 4, 0]  	771	6 
[4, 29, 1, 0]  	774	6 
[5, 15, 11, 0]  	781	6 
[4, 28, 2, 0]  	782	6 
[3, 14, 13, 0]  	782	6 
[17, 20, 0, 0]  	783	6 
[11, 25, 0, 0]  	784	6 
[3, 29, 2, 0]  	786	5 
[5, 18, 9, 0]  	788	6 
[4, 31, 0, 0]  	789	6 
[15, 22, 0, 0]  	791	6 
[3, 32, 0, 0]  	793	5 
[5, 21, 7, 0]  	795	6 
[5, 17, 10, 0]  	796	6 
[19, 19, 0, 0]  	798	6 
[4, 18, 10, 0]  	800	5 
[3, 31, 1, 0]  	801	5 
[3, 0, 24, 0]  	801	5 
[5, 20, 8, 0]  	803	6 
[2, 32, 1, 0]  	805	5 
[4, 21, 8, 0]  	807	5 
[4, 17, 11, 0]  	808	5 
[5, 23, 6, 0]  	810	6 
[4, 24, 6, 0]  	814	5 
[4, 4, 21, 0]  	819	5 
[3, 17, 12, 0]  	820	5 
[4, 23, 7, 0]  	822	5 
[2, 18, 12, 0]  	824	4 
[4, 7, 19, 0]  	826	5 
[4, 3, 22, 0]  	827	5 
[4, 26, 5, 0]  	829	5 
[3, 12, 16, 0]  	829	5 
[3, 4, 22, 0]  	831	4 
[4, 10, 17, 0]  	833	5 
[4, 6, 20, 0]  	834	5 
[3, 11, 17, 0]  	837	5 
[3, 7, 20, 0]  	838	4 
[3, 3, 23, 0]  	839	4 
[4, 9, 18, 0]  	841	5 
[3, 10, 18, 0]  	845	4 
[3, 6, 21, 0]  	846	4 
[3, 21, 10, 0]  	850	4 
[3, 9, 19, 0]  	853	4 
[3, 24, 8, 0]  	857	4 
[2, 29, 5, 0]  	860	4 
[2, 21, 11, 0]  	862	3 
[3, 27, 6, 0]  	864	4 
[3, 23, 9, 0]  	865	4 
[2, 28, 6, 0]  	868	4 
[3, 26, 7, 0]  	872	4 
[2, 4, 24, 0]  	874	4 
[2, 31, 4, 0]  	875	5 
[2, 27, 7, 0]  	876	3 
[2, 23, 10, 0]  	877	3 
[2, 15, 16, 0]  	879	4 
[2, 7, 22, 0]  	881	3 
[2, 26, 8, 0]  	884	3 
[2, 14, 17, 0]  	887	4 
[2, 10, 20, 0]  	888	3 
[1, 15, 17, 0]  	891	3 
[1, 38, 0, 0]  	893	3 
[2, 13, 18, 0]  	895	3 
[2, 9, 21, 0]  	896	3 
[2, 1, 27, 0]  	898	4 
[1, 14, 18, 0]  	899	3 
[1, 10, 21, 0]  	900	2 
[2, 12, 19, 0]  	903	3 
[2, 0, 28, 0]  	906	4 
[1, 13, 19, 0]  	907	2 
[1, 32, 5, 0]  	910	3 
[1, 12, 20, 0]  	915	2 
[1, 31, 6, 0]  	918	3 
[1, 27, 9, 0]  	919	2 
[0, 32, 6, 0]  	922	2 
[1, 18, 16, 0]  	929	3 
[0, 31, 7, 0]  	930	2 
[1, 29, 8, 0]  	934	2 
[0, 30, 8, 0]  	938	1 
[1, 1, 29, 0]  	941	2 
[1, 24, 12, 0]  	943	3 
[0, 1, 30, 0]  	953	1 
[0, 16, 19, 0]  	957	1 
[0, 35, 5, 0]  	960	2 
[0, 0, 31, 0]  	961	1  <--- 3
[1, 21, 15, 0]  	967	3 
[0, 18, 18, 0]  	972	1 
[1, 4, 28, 0]  	979	2 
[0, 4, 29, 0]  	991	1 
[0, 38, 4, 0]  	998	2 
[0, 21, 17, 0]  	1010	1 
[0, 44, 0, 0]  	1012	2  <--- 2
[1, 7, 27, 0]  	1017	2 
[0, 7, 28, 0]  	1029	1 
[0, 41, 3, 0]  	1036	2 
[0, 24, 16, 0]  	1048	1 
[0, 10, 27, 0]  	1067	1 
[0, 27, 15, 0]  	1086	1 
[0, 13, 26, 0]  	1105	1 
[20, 1, 0, 1]  	403	7 
[18, 5, 4, 1]  	581	12 
[14, 11, 3, 1]  	612	11 
[18, 8, 3, 1]  	619	11 
[11, 0, 14, 1]  	643	10 
[14, 14, 2, 1]  	650	10 
[18, 11, 2, 1]  	657	10 
[12, 17, 2, 1]  	681	9 
[15, 0, 13, 1]  	688	9 
[18, 14, 1, 1]  	695	9 
[11, 19, 2, 1]  	708	8 
[8, 23, 1, 1]  	712	8 
[12, 20, 1, 1]  	719	8 
[16, 17, 1, 1]  	726	8 
[19, 0, 12, 1]  	733	8 
[14, 19, 1, 1]  	734	8 
[7, 25, 1, 1]  	739	7 
[8, 26, 0, 1]  	750	7 
[16, 20, 0, 1]  	764	7 
[10, 25, 0, 1]  	765	7 
[4, 26, 3, 1]  	767	6 
[14, 22, 0, 1]  	772	7 
[19, 18, 0, 1]  	775	7 
[13, 23, 0, 1]  	776	6 
[18, 19, 0, 1]  	779	7 
[4, 25, 5, 1]  	806	6 
[4, 1, 23, 1]  	812	5 
[4, 20, 9, 1]  	815	5 
[2, 35, 0, 1]  	843	4 
[3, 28, 5, 1]  	856	5 
[3, 20, 11, 1]  	858	4 
[2, 24, 9, 1]  	869	3 
[1, 30, 7, 1]  	926	2 
[1, 35, 4, 1]  	948	3 
[1, 0, 30, 1]  	949	2 
[10, 19, 2, 2]  	689	9 
[12, 23, 0, 2]  	757	7 
[5, 18, 8, 23]  	757	6 
[9, 2, 6, 24]  	403	6 
[7, 8, 5, 24]  	472	5 
[5, 14, 4, 24]  	541	6 
[7, 5, 14, 24]  	682	7 
[8, 22, 1, 24]  	689	8 
[5, 8, 14, 24]  	713	6 
[5, 28, 0, 24]  	739	5 
[3, 11, 14, 24]  	744	5 
[4, 21, 7, 24]  	776	4 
[4, 7, 18, 24]  	795	5 
[2, 4, 22, 24]  	812	3 
[3, 6, 20, 24]  	815	2 
[2, 14, 16, 24]  	856	4 
[1, 10, 20, 24]  	869	2 
[0, 16, 18, 24]  	926	1 
[1, 4, 27, 24]  	948	2 
------
The gap is between 3 and 22.
Lengths: 3 3 5 5 3 3.
For 982 = 5*d/2-d1-d2-d3 you get 3 in char 0.
1*x^1*y^23*z^14
1*y^40*z^2
1*y^9*z^25

For 560 = 3*d/2-d1-d2-d3 you get 5 in char 0.
1*x^4*y^17*z^3
1*x^3*y^3*z^14
1*x^2*y^20*z^2
1*x^1*y^6*z^13
1*y^23*z^1

For 138 = d/2-d1-d2-d3 you get 3 in char 0.
1*x^4*z^2
1*x^2*y^3*z^1
1*y^6

Extra powers of p used 0.
The invariant extra is equal to 1.
Start computing 7^3 Delta^1 (x1x2x3)^6... Done.
Start computing 7^4 Delta^2 (x1x2x3)^6... Done.
Start computing 7^5 Delta^3 (x1x2x3)^6... Done.
Start computing 7^6 Delta^4 (x1x2x3)^6... Done.
Start computing 7^7 Delta^5 (x1x2x3)^6... Done.
Start computing 7^8 Delta^6 (x1x2x3)^6... Done.
Start computing aa.
1 2 3 4 5 6 7 8 9 10 11 
*/
A = \
[183444540618298367551,34848331012902217418,35755419925512134201,17667099443498455531,117976105726353853986,23013010083074303110,174566101753103104709,89505352275816041684,55233094363872430481,99825969112477892844,176439896429757694405;\
28267020735286885593,76579339979204048712,116644692909234715224,38743639804411687467,8554731656495668847,70413605432157803102,46510572898366554061,74539155969571429647,87962333657100881636,124983421437510795362,93084160608234116790;\
86465446772946939190,100828304227762202432,60811805501406253008,83346618101038946129,102010363990987672570,106763491933408760331,151817270389831919089,107083321127972052675,99562061438245885913,40235115258590377951,130776560739693076635;\
162947143617288505900,164371537573478219209,29170471294342134158,87009728305383829463,25686824962345599759,18004972947481316552,106613830312144918665,84719857110437748276,141783091667929332187,19138368198056666118,50882287054609417281;\
17527120010203807032,100052034534856280956,69353802648383205135,169965316388602717962,68999514369614673929,118067071222284939489,108404394061062484196,174131877530708852482,102630971421553082018,87680688812079188735,8826283679837321677;\
61660537692391911171,67808627782641331445,47791695743981281342,47993676011686611409,116857836416522107046,91619678401438459510,174712132590464033208,12396242844479053959,185304711412917902925,151635040497942771630,59549983055793138097;\
51205736164875168154,61721040455959604136,153316015885544980646,20372133187427272286,25210236222035724832,40466938282789341967,72167684716250460183,128009399622515410972,29482506684934573648,2487591098264245953,183474032639799360347;\
130088446202751829025,127861564356551906766,159769384465210479557,184031399559685964195,50713666432551143525,78957602127384604974,152502559648316192252,95037749027524515653,134496067564977057205,140533118189602510694,150516527253282961477;\
24413697659661303255,24454439516812052371,171585447965822201501,139803690209988716569,38020567975458592125,86253761282566237843,124476801099465101133,3934662677036589253,28519437499410018952,38864395407267255763,102042778704830350135;\
71842968342546303141,26797449323693401205,104705188699689937755,9868869307043466867,40714587239526016957,153347443928358566530,74585833388419515736,99018567795291744852,129940685202058207036,75779859712112014347,12139712942223133050;\
6314569724965201653,118794633990475231311,113253222890603520689,142308552675782740366,82937373445930651921,12221906669467533010,77342124397014697269,176615838853653805088,25501419470889474483,99097893788775736701,100431570650581502276]
/* 
This should be the matrix of frobenius!
*/ 
B = A; 
/* Freed 54 lists. */
