/* Comments begin... 
Coefficient of   x^21 * y^1               = 1
Coefficient of   x^10 * y^2 * z^6         = -1
Coefficient of   x^8 * y^5 * z^5         = 1
Coefficient of   x^6 * y^8 * z^4         = 1
Coefficient of   x^4 * y^11 * z^3         = 3
Coefficient of   x^2 * y^14 * z^2         = 2
Coefficient of   x^1 * z^13               = -3
Coefficient of   y^17 * z^1               = 3

Here is the polynomial we're using this time:

1*x^21*y^1 + -1*x^10*y^2*z^6 + 1*x^8*y^5*z^5 + 1*x^6*y^8*z^4 + 3*x^4*y^11*z^3 + 2*x^2*y^14*z^2 + -3*x^1*z^13 + 3*y^17*z^1

Allocate G_len 20 elements and old = 0.
Allocate M_len = 400 elements.
Allocate G_len 40 elements and old = 20.
Allocate M_len = 800 elements.
Allocate G_len 80 elements and old = 40.
Allocate M_len = 1600 elements.
Allocate M_len = 3200 elements.
Allocate G_len 160 elements and old = 80.
Allocate M_len = 6400 elements.
Allocate M_len = 12800 elements.
Allocate G_len 320 elements and old = 160.
Allocate M_len = 25600 elements.
The final length of G is 203
[10, 2, 5, 0]  	391	7 
[21, 0, 0, 0]  	399	7  <--- 1
[8, 5, 5, 0]  	422	6 
[8, 8, 4, 0]  	460	7 
[6, 11, 4, 0]  	491	6 
[5, 0, 15, 0]  	560	6 
[19, 5, 4, 0]  	600	7 
[15, 11, 3, 0]  	631	10 
[19, 8, 3, 0]  	638	7 
[11, 0, 14, 0]  	643	10 
[13, 14, 3, 0]  	662	9 
[15, 14, 2, 0]  	669	9 
[9, 3, 14, 0]  	674	9 
[19, 11, 2, 0]  	676	9 
[10, 19, 2, 0]  	689	9 
[11, 17, 3, 0]  	693	8 
[9, 20, 2, 0]  	693	8 
[9, 19, 3, 0]  	701	8 
[7, 22, 2, 0]  	701	8 
[8, 20, 3, 0]  	705	8 
[7, 6, 14, 0]  	705	8 
[16, 0, 13, 0]  	707	8 
[19, 14, 1, 0]  	714	8 
[12, 20, 1, 0]  	719	8 
[6, 9, 13, 0]  	724	7 
[9, 23, 1, 0]  	731	7 
[6, 8, 14, 0]  	732	8 
[6, 23, 3, 0]  	736	7 
[5, 9, 14, 0]  	736	7 
[7, 25, 1, 0]  	739	7 
[17, 17, 1, 0]  	745	7 
[11, 22, 1, 0]  	746	7 
[5, 11, 13, 0]  	751	7 
[20, 0, 12, 0]  	752	7 
[15, 19, 1, 0]  	753	7 
[5, 26, 2, 0]  	755	6 
[4, 12, 13, 0]  	755	6 
[5, 29, 0, 0]  	762	6 
[5, 25, 3, 0]  	763	6 
[4, 11, 14, 0]  	763	6 
[4, 26, 3, 0]  	767	6 
[5, 28, 1, 0]  	770	6 
[4, 14, 12, 0]  	770	6 
[20, 17, 0, 0]  	771	2 
[5, 24, 4, 0]  	771	6 
[4, 29, 1, 0]  	774	6 
[13, 23, 0, 0]  	776	6 
[7, 28, 0, 0]  	777	6 
[5, 15, 11, 0]  	781	6 
[4, 28, 2, 0]  	782	6 
[3, 14, 13, 0]  	782	6 
[17, 20, 0, 0]  	783	6 
[11, 25, 0, 0]  	784	6 
[3, 29, 2, 0]  	786	5 
[5, 18, 9, 0]  	788	6 
[4, 31, 0, 0]  	789	6 
[15, 22, 0, 0]  	791	6 
[5, 21, 7, 0]  	795	6 
[5, 17, 10, 0]  	796	6 
[19, 19, 0, 0]  	798	6 
[4, 18, 10, 0]  	800	5 
[3, 31, 1, 0]  	801	5 
[3, 0, 24, 0]  	801	5 
[5, 20, 8, 0]  	803	6 
[4, 25, 5, 0]  	806	6 
[4, 21, 8, 0]  	807	5 
[4, 17, 11, 0]  	808	5 
[5, 23, 6, 0]  	810	6 
[4, 1, 23, 0]  	812	5 
[4, 24, 6, 0]  	814	5 
[4, 20, 9, 0]  	815	5 
[4, 4, 21, 0]  	819	5 
[3, 17, 12, 0]  	820	5 
[4, 23, 7, 0]  	822	5 
[2, 18, 12, 0]  	824	4 
[4, 7, 19, 0]  	826	5 
[4, 3, 22, 0]  	827	5 
[3, 12, 16, 0]  	829	5 
[3, 4, 22, 0]  	831	4 
[4, 10, 17, 0]  	833	5 
[4, 6, 20, 0]  	834	5 
[3, 34, 0, 0]  	839	4 
[3, 3, 23, 0]  	839	4 
[4, 9, 18, 0]  	841	5 
[2, 35, 0, 0]  	843	4 
[3, 10, 18, 0]  	845	4 
[3, 6, 21, 0]  	846	4 
[3, 9, 19, 0]  	853	4 
[3, 28, 5, 0]  	856	5 
[3, 24, 8, 0]  	857	4 
[3, 20, 11, 0]  	858	4 
[2, 29, 5, 0]  	860	4 
[2, 21, 11, 0]  	862	3 
[3, 27, 6, 0]  	864	4 
[3, 23, 9, 0]  	865	4 
[2, 28, 6, 0]  	868	4 
[2, 24, 9, 0]  	869	3 
[3, 26, 7, 0]  	872	4 
[2, 4, 24, 0]  	874	4 
[2, 31, 4, 0]  	875	5 
[2, 27, 7, 0]  	876	3 
[2, 23, 10, 0]  	877	3 
[2, 7, 22, 0]  	881	3 
[2, 26, 8, 0]  	884	3 
[2, 14, 17, 0]  	887	4 
[2, 10, 20, 0]  	888	3 
[1, 15, 17, 0]  	891	3 
[1, 38, 0, 0]  	893	3 
[2, 13, 18, 0]  	895	3 
[2, 9, 21, 0]  	896	3 
[2, 1, 27, 0]  	898	4 
[1, 14, 18, 0]  	899	3 
[1, 10, 21, 0]  	900	2 
[2, 12, 19, 0]  	903	3 
[2, 0, 28, 0]  	906	4 
[1, 32, 5, 0]  	910	3 
[1, 12, 20, 0]  	915	2 
[1, 31, 6, 0]  	918	3 
[1, 27, 9, 0]  	919	2 
[0, 32, 6, 0]  	922	2 
[1, 30, 7, 0]  	926	2 
[1, 18, 16, 0]  	929	3 
[0, 31, 7, 0]  	930	2 
[1, 29, 8, 0]  	934	2 
[0, 30, 8, 0]  	938	1 
[1, 24, 12, 0]  	943	3 
[1, 35, 4, 0]  	948	3 
[1, 0, 30, 0]  	949	2 
[0, 1, 30, 0]  	953	1 
[0, 16, 19, 0]  	957	1 
[0, 35, 5, 0]  	960	2 
[0, 0, 31, 0]  	961	1  <--- 3
[1, 21, 15, 0]  	967	3 
[0, 18, 18, 0]  	972	1 
[1, 4, 28, 0]  	979	2 
[0, 4, 29, 0]  	991	1 
[0, 38, 4, 0]  	998	2 
[0, 21, 17, 0]  	1010	1 
[0, 44, 0, 0]  	1012	2  <--- 2
[1, 7, 27, 0]  	1017	2 
[0, 7, 28, 0]  	1029	1 
[0, 41, 3, 0]  	1036	2 
[0, 24, 16, 0]  	1048	1 
[0, 10, 27, 0]  	1067	1 
[0, 27, 15, 0]  	1086	1 
[0, 13, 26, 0]  	1105	1 
[20, 1, 0, 1]  	403	7 
[6, 14, 3, 1]  	529	7 
[18, 5, 4, 1]  	581	12 
[14, 11, 3, 1]  	612	11 
[18, 8, 3, 1]  	619	11 
[14, 14, 2, 1]  	650	10 
[18, 11, 2, 1]  	657	10 
[15, 0, 13, 1]  	688	9 
[18, 14, 1, 1]  	695	9 
[13, 17, 2, 1]  	700	8 
[8, 23, 1, 1]  	712	8 
[7, 8, 13, 1]  	720	8 
[16, 17, 1, 1]  	726	8 
[10, 22, 1, 1]  	727	8 
[5, 25, 2, 1]  	732	7 
[19, 0, 12, 1]  	733	8 
[14, 19, 1, 1]  	734	8 
[6, 26, 1, 1]  	743	7 
[12, 23, 0, 1]  	757	7 
[6, 28, 0, 1]  	758	7 
[16, 20, 0, 1]  	764	7 
[10, 25, 0, 1]  	765	7 
[14, 22, 0, 1]  	772	7 
[19, 18, 0, 1]  	775	7 
[18, 19, 0, 1]  	779	7 
[2, 32, 1, 1]  	805	5 
[3, 11, 17, 1]  	837	5 
[3, 7, 20, 1]  	838	4 
[3, 21, 10, 1]  	850	4 
[2, 15, 16, 1]  	879	4 
[1, 13, 19, 1]  	907	2 
[12, 17, 2, 2]  	681	9 
[9, 26, 0, 2]  	769	6 
[3, 32, 0, 2]  	793	5 
[1, 1, 29, 2]  	941	2 
[8, 26, 0, 3]  	750	7 
[5, 15, 10, 22]  	750	6 
[7, 5, 14, 23]  	682	8 
[5, 8, 14, 23]  	713	7 
[4, 18, 9, 23]  	769	5 
[3, 1, 23, 23]  	793	4 
[0, 18, 17, 23]  	941	1 
[9, 2, 6, 24]  	403	6 
[5, 11, 4, 24]  	472	4 
[5, 0, 14, 24]  	529	6 
[8, 19, 2, 24]  	651	8 
[10, 20, 1, 24]  	681	7 
[4, 11, 13, 24]  	732	6 
[4, 25, 3, 24]  	744	5 
[4, 28, 1, 24]  	751	5 
[4, 4, 20, 24]  	788	5 
[2, 1, 24, 24]  	805	4 
[2, 28, 5, 24]  	837	4 
[2, 24, 8, 24]  	838	3 
[2, 7, 21, 24]  	850	3 
[1, 32, 4, 24]  	879	3 
[0, 30, 7, 24]  	907	1 
------
The gap is between 4 and 21.
Lengths: 3 3 5 5 3 3.
For 982 = 5*d/2-d1-d2-d3 you get 3 in char 0.
1*x^1*y^23*z^14
1*y^40*z^2
1*y^9*z^25

For 560 = 3*d/2-d1-d2-d3 you get 5 in char 0.
1*x^4*y^17*z^3
1*x^3*y^3*z^14
1*x^2*y^20*z^2
1*x^1*y^6*z^13
1*y^23*z^1

For 138 = d/2-d1-d2-d3 you get 3 in char 0.
1*x^4*z^2
1*x^2*y^3*z^1
1*y^6

Extra powers of p used 0.
The invariant extra is equal to 1.
Start computing 7^3 Delta^1 (x1x2x3)^6... Done.
Start computing 7^4 Delta^2 (x1x2x3)^6... Done.
Start computing 7^5 Delta^3 (x1x2x3)^6... Done.
Start computing 7^6 Delta^4 (x1x2x3)^6... Done.
Start computing 7^7 Delta^5 (x1x2x3)^6... Done.
Start computing 7^8 Delta^6 (x1x2x3)^6... Done.
Start computing aa.
1 2 3 4 5 6 7 8 9 10 11 
*/
A = \
[102734263574041877411,157461481611457772098,43398546820420781772,153950612944100816830,124212596399921569771,36405994167734119901,97750514132694498075,28396463885276869865,153437427271719756599,98112067511586215136,101898173911285496297;\
162461598041807264729,181278241580942569932,42852592359040365114,60456482725238083750,60278585368102532193,491740744230236123,18836772120813214414,4197567089657150783,33992723752469304795,16214306510141152518,69214441646967877519;\
57974943327175061254,9490506926530641710,34432978151609948767,144932493133637282094,190007265511636793962,6047595873005325457,130023016711811820618,108837574239151261875,23100335391278263559,89247387624334232517,21773722393897658079;\
170095337844440354359,190355321486039930714,107707344178424883881,127000052587142073430,49307963570853597022,58054108965472195184,7638278351866661961,11183301769746360282,33065145540250890220,28396528077462067936,94052161000129192623;\
168089193494443925637,41028814388209579940,49390328686811999361,38006927696790006857,100530806987793365120,97843379116455713153,123698925674798637660,102530003335154521413,122247498592385672849,134072875699514782128,15579295064389006447;\
172487224382001450850,93031692561769600991,29783337938681636733,51944012184363869108,169213749085617888687,71224010072177049276,150453754342112964197,161086631730483590523,132903587688971877169,76452769185650764298,89438033136896632146;\
106892651201936906597,167357768287820503949,5695242258235033805,111130069035207444712,22997535941005454668,149451486750334666632,180649516039842266333,86116605965341883687,16890766417915100515,167506687953234572257,177867247159895689844;\
135559832754510859596,27667720747074856013,113469206281602641571,181013544372546534453,8026320970890848962,174886133362813155535,150033147862356416938,55009433740063105429,66245692287281890747,169816547066705464625,104897633124550606914;\
121110655156547968781,169775171288105580032,157688005129505042307,147651753886520918076,164016214495741407422,114461679614260800178,22177530261558239939,171543084063068888709,145068168297266643954,135558560392222577435,133743909662206495232;\
168746644772344883157,115845535489794167945,99341629572380663438,183555162981424285653,43783448840645508624,56139578027976824493,8705963429204367375,68538637684419449855,86109272327949505733,85084153028736786995,28669804000441501142;\
13424907864343714960,162738935409410047921,111864396436025766370,131812391071151019103,102885449089184245974,137396788910285362129,181619882011778893270,16259080441897394696,112512038965467577716,128040609027403701153,65347387609123265100]
/* 
This should be the matrix of frobenius!
*/ 
B = A; 
/* Freed 54 lists. */
