/* Comments begin... 
Coefficient of   x^21 * y^1               = 2
Coefficient of   x^10 * y^2 * z^6         = -2
Coefficient of   x^8 * y^5 * z^5         = -2
Coefficient of   x^6 * y^8 * z^4         = -3
Coefficient of   x^4 * y^11 * z^3         = 2
Coefficient of   x^2 * y^14 * z^2         = 1
Coefficient of   x^1 * z^13               = 1
Coefficient of   y^17 * z^1               = 0

Here is the polynomial we're using this time:

2*x^21*y^1 + -2*x^10*y^2*z^6 + -2*x^8*y^5*z^5 + -3*x^6*y^8*z^4 + 2*x^4*y^11*z^3 + 1*x^2*y^14*z^2 + 1*x^1*z^13

Allocate G_len 20 elements and old = 0.
Allocate M_len = 400 elements.
Allocate G_len 40 elements and old = 20.
Allocate M_len = 800 elements.
Allocate G_len 80 elements and old = 40.
Allocate M_len = 1600 elements.
Allocate M_len = 3200 elements.
Allocate G_len 160 elements and old = 80.
Allocate M_len = 6400 elements.
Allocate M_len = 12800 elements.
Allocate G_len 320 elements and old = 160.
Allocate M_len = 25600 elements.
Not smooth!
Coefficient of   x^21 * y^1               = 3
Coefficient of   x^10 * y^2 * z^6         = 0
Coefficient of   x^8 * y^5 * z^5         = 0
Coefficient of   x^6 * y^8 * z^4         = -3
Coefficient of   x^4 * y^11 * z^3         = 1
Coefficient of   x^2 * y^14 * z^2         = 1
Coefficient of   x^1 * z^13               = 3
Coefficient of   y^17 * z^1               = 3

Here is the polynomial we're using this time:

3*x^21*y^1 + -3*x^6*y^8*z^4 + 1*x^4*y^11*z^3 + 1*x^2*y^14*z^2 + 3*x^1*z^13 + 3*y^17*z^1

The final length of G is 123
[6, 8, 3, 0]  	391	5 
[21, 0, 0, 0]  	399	5  <--- 1
[4, 11, 3, 0]  	422	4 
[4, 14, 2, 0]  	460	5 
[3, 0, 14, 0]  	491	4 
[19, 11, 2, 0]  	676	5 
[16, 0, 13, 0]  	707	5 
[19, 14, 1, 0]  	714	6 
[3, 28, 1, 0]  	732	5 
[14, 3, 13, 0]  	738	5 
[17, 17, 1, 0]  	745	6 
[20, 0, 12, 0]  	752	5 
[2, 14, 13, 0]  	763	4 
[20, 17, 0, 0]  	771	2 
[3, 27, 3, 0]  	771	4 
[2, 31, 1, 0]  	782	4 
[18, 3, 12, 0]  	783	5 
[12, 23, 1, 0]  	788	6 
[15, 6, 12, 0]  	795	6 
[2, 17, 12, 0]  	801	4 
[2, 28, 4, 0]  	806	4 
[11, 25, 1, 0]  	815	5 
[8, 29, 0, 0]  	819	5 
[3, 34, 0, 0]  	839	4 
[14, 25, 0, 0]  	841	5 
[2, 35, 0, 0]  	843	4 
[13, 26, 0, 0]  	845	4 
[7, 31, 0, 0]  	846	4 
[11, 28, 0, 0]  	853	4 
[3, 24, 8, 0]  	857	4 
[3, 20, 11, 0]  	858	4 
[2, 21, 11, 0]  	862	3 
[3, 23, 9, 0]  	865	4 
[2, 24, 9, 0]  	869	3 
[3, 26, 7, 0]  	872	4 
[2, 4, 24, 0]  	874	4 
[2, 0, 27, 0]  	875	4 
[2, 27, 7, 0]  	876	3 
[2, 23, 10, 0]  	877	3 
[2, 7, 22, 0]  	881	3 
[2, 26, 8, 0]  	884	3 
[2, 10, 20, 0]  	888	3 
[1, 15, 17, 0]  	891	3 
[1, 38, 0, 0]  	893	3 
[2, 13, 18, 0]  	895	3 
[2, 9, 21, 0]  	896	3 
[1, 10, 21, 0]  	900	2 
[2, 12, 19, 0]  	903	3 
[1, 32, 5, 0]  	910	3 
[1, 12, 20, 0]  	915	2 
[1, 31, 6, 0]  	918	3 
[1, 27, 9, 0]  	919	2 
[0, 32, 6, 0]  	922	2 
[1, 30, 7, 0]  	926	2 
[0, 31, 7, 0]  	930	2 
[1, 29, 8, 0]  	934	2 
[0, 30, 8, 0]  	938	1 
[1, 1, 29, 0]  	941	2 
[1, 24, 12, 0]  	943	3 
[1, 35, 4, 0]  	948	3 
[1, 0, 30, 0]  	949	2 
[0, 1, 30, 0]  	953	1 
[0, 16, 19, 0]  	957	1 
[0, 35, 5, 0]  	960	2 
[0, 0, 31, 0]  	961	1  <--- 3
[1, 21, 15, 0]  	967	3 
[0, 18, 18, 0]  	972	1 
[0, 4, 29, 0]  	991	1 
[0, 38, 4, 0]  	998	2 
[0, 21, 17, 0]  	1010	1 
[0, 44, 0, 0]  	1012	2  <--- 2
[1, 7, 27, 0]  	1017	2 
[0, 7, 28, 0]  	1029	1 
[0, 24, 16, 0]  	1048	1 
[0, 10, 27, 0]  	1067	1 
[0, 27, 15, 0]  	1086	1 
[0, 13, 26, 0]  	1105	1 
[20, 1, 0, 1]  	403	5 
[18, 11, 2, 1]  	657	8 
[15, 0, 13, 1]  	688	8 
[18, 14, 1, 1]  	695	7 
[13, 3, 13, 1]  	719	8 
[16, 17, 1, 1]  	726	7 
[19, 0, 12, 1]  	733	6 
[17, 3, 12, 1]  	764	6 
[12, 6, 13, 1]  	769	6 
[19, 18, 0, 1]  	775	5 
[10, 25, 1, 1]  	796	6 
[9, 26, 1, 1]  	800	5 
[12, 26, 0, 1]  	826	5 
[6, 31, 0, 1]  	827	5 
[5, 32, 0, 1]  	831	4 
[10, 28, 0, 1]  	834	5 
[3, 21, 10, 1]  	850	4 
[1, 14, 18, 1]  	899	3 
[1, 13, 19, 1]  	907	2 
[1, 18, 16, 1]  	929	3 
[1, 4, 28, 1]  	979	2 
[11, 6, 13, 2]  	750	7 
[15, 20, 1, 2]  	776	6 
[8, 26, 1, 2]  	781	6 
[4, 32, 0, 2]  	812	5 
[0, 41, 3, 2]  	1036	2 
[14, 20, 1, 3]  	757	7 
[13, 6, 12, 23]  	757	6 
[12, 25, 0, 23]  	803	5 
[3, 18, 11, 23]  	812	4 
[2, 7, 21, 23]  	850	3 
[0, 10, 26, 23]  	1036	1 
[5, 8, 4, 24]  	403	4 
[3, 14, 3, 24]  	472	4 
[3, 11, 13, 24]  	713	4 
[2, 28, 2, 24]  	744	4 
[10, 23, 1, 24]  	750	6 
[6, 29, 0, 24]  	781	5 
[2, 0, 24, 24]  	782	4 
[2, 34, 0, 24]  	820	4 
[2, 21, 10, 24]  	831	3 
[0, 31, 6, 24]  	899	2 
[0, 30, 7, 24]  	907	1 
[0, 35, 4, 24]  	929	2 
[0, 0, 30, 24]  	930	1 
[0, 21, 16, 24]  	979	1 
------
The gap is between 4 and 22.
Lengths: 3 3 5 5 3 3.
For 982 = 5*d/2-d1-d2-d3 you get 3 in char 0.
1*x^1*y^23*z^14
1*y^40*z^2
1*y^9*z^25

For 560 = 3*d/2-d1-d2-d3 you get 5 in char 0.
1*x^14*y^2*z^8
1*x^12*y^5*z^7
1*x^2*y^20*z^2
1*x^1*y^6*z^13
1*y^23*z^1

For 138 = d/2-d1-d2-d3 you get 3 in char 0.
1*x^4*z^2
1*x^2*y^3*z^1
1*y^6

Extra powers of p used 0.
The invariant extra is equal to 1.
Start computing 7^3 Delta^1 (x1x2x3)^6... Done.
Start computing 7^4 Delta^2 (x1x2x3)^6... Done.
Start computing 7^5 Delta^3 (x1x2x3)^6... Done.
Start computing 7^6 Delta^4 (x1x2x3)^6... Done.
Start computing 7^7 Delta^5 (x1x2x3)^6... Done.
Start computing 7^8 Delta^6 (x1x2x3)^6... Done.
Start computing aa.
1 2 3 4 5 6 7 8 9 10 11 
*/
A = \
[30474137840654779373,86019271350956651912,71694496935564174155,20788717141429726034,32622330566267866837,188712161324690011855,140035754695061403577,157274050471723099551,118523945191694876106,91309096523413148359,114943447345773456081;\
158036112490515248222,31377529902175925167,51332789349166754515,92863318499671534122,180972831551374774800,13330256058945037254,142054968682656536073,187338340762632876215,2583282169407757496,89696782010858001553,18160284856283426941;\
3170020030219340376,104058911588880659902,43892897670630150833,33740532209480221174,154131665845309733819,157153686764791594255,76968599180460475782,67851191455233435557,101804035134119338419,72940142057674818836,185812269296713358103;\
90488572653161142974,108484826047919717875,32042559609738764202,141175305403808394285,171623070189372587149,117780038088963178460,124116635677031333098,167586717648330074528,20476641362482672906,125894156784663217972,125743741188750628216;\
183651653704323063378,55585867310799516229,19795532242745532644,120194671548379955534,183068889866917710838,152187400326370272955,2794184011221184757,45356888824938445097,49713243787583559743,45740058399953603385,169570448792396547742;\
169637940466961473160,151954677640258610591,138325293119331172563,147113690008808928706,175491789262531195426,143652480720686431081,67640860694218437346,71497194161524353215,64142033050180768228,14161804305766504352,119754900686986525023;\
3364420683268004585,117000789952479741543,42881773914252924195,118170515977956021118,82535262939003740187,132178300511273622865,78034106408091630125,79450226378657860859,101644612013523458327,148861951458156247696,41206257563443971866;\
110907739403018997144,121905496791489009974,94647611638199262116,2280698849608339076,57199995850516115793,64217442513871157826,111635069254930339335,144209534562863829437,147429887606170998101,48498552054347009727,49996600281265101751;\
140106626813462561608,75192642364838931022,83994333697961834099,182749764454756743167,191027753363286271922,145013576158202174472,123542371137495658089,190510419822105792122,40859788885237549591,178189531824354986369,167394871487479589457;\
36617890023364498427,62389819971517957777,170102116841023917797,99168723747231327651,87903594479660312262,181410600741181981708,5845136064073548319,104548027700050690021,143195733418155810868,33906040779755806004,166871930760342020416;\
145149764031435088595,185123844889169227603,99497985296968350331,126612229582901754524,124295702790049230139,19932883464469788176,17253704743918132224,63514558768997587734,123008651978284785013,108970827481695922939,161995774527397036912]
/* 
This should be the matrix of frobenius!
*/ 
B = A; 
/* Freed 50 lists. */
