/* Comments begin... 
Coefficient of   x^21 * y^1               = 3
Coefficient of   x^10 * y^2 * z^6         = -3
Coefficient of   x^8 * y^5 * z^5         = -2
Coefficient of   x^6 * y^8 * z^4         = 0
Coefficient of   x^4 * y^11 * z^3         = 2
Coefficient of   x^2 * y^14 * z^2         = -1
Coefficient of   x^1 * z^13               = -1
Coefficient of   y^17 * z^1               = 0

Here is the polynomial we're using this time:

3*x^21*y^1 + -3*x^10*y^2*z^6 + -2*x^8*y^5*z^5 + 2*x^4*y^11*z^3 + -1*x^2*y^14*z^2 + -1*x^1*z^13

Allocate G_len 20 elements and old = 0.
Allocate M_len = 400 elements.
Allocate G_len 40 elements and old = 20.
Allocate M_len = 800 elements.
Allocate G_len 80 elements and old = 40.
Allocate M_len = 1600 elements.
Allocate M_len = 3200 elements.
Allocate G_len 160 elements and old = 80.
Allocate M_len = 6400 elements.
Allocate M_len = 12800 elements.
Allocate G_len 320 elements and old = 160.
Not smooth!
Coefficient of   x^21 * y^1               = -1
Coefficient of   x^10 * y^2 * z^6         = -2
Coefficient of   x^8 * y^5 * z^5         = 1
Coefficient of   x^6 * y^8 * z^4         = 2
Coefficient of   x^4 * y^11 * z^3         = -3
Coefficient of   x^2 * y^14 * z^2         = -3
Coefficient of   x^1 * z^13               = -2
Coefficient of   y^17 * z^1               = 2

Here is the polynomial we're using this time:

-1*x^21*y^1 + -2*x^10*y^2*z^6 + 1*x^8*y^5*z^5 + 2*x^6*y^8*z^4 + -3*x^4*y^11*z^3 + -3*x^2*y^14*z^2 + -2*x^1*z^13 + 2*y^17*z^1

Allocate M_len = 25600 elements.
The final length of G is 203
[10, 2, 5, 0]  	391	7 
[21, 0, 0, 0]  	399	7  <--- 1
[8, 5, 5, 0]  	422	6 
[8, 8, 4, 0]  	460	7 
[6, 11, 4, 0]  	491	6 
[5, 0, 15, 0]  	560	6 
[19, 5, 4, 0]  	600	7 
[15, 11, 3, 0]  	631	10 
[19, 8, 3, 0]  	638	7 
[11, 0, 14, 0]  	643	10 
[13, 14, 3, 0]  	662	9 
[15, 14, 2, 0]  	669	9 
[9, 3, 14, 0]  	674	9 
[19, 11, 2, 0]  	676	9 
[10, 19, 2, 0]  	689	9 
[11, 17, 3, 0]  	693	8 
[9, 20, 2, 0]  	693	8 
[13, 17, 2, 0]  	700	8 
[9, 19, 3, 0]  	701	8 
[7, 22, 2, 0]  	701	8 
[8, 20, 3, 0]  	705	8 
[7, 6, 14, 0]  	705	8 
[16, 0, 13, 0]  	707	8 
[19, 14, 1, 0]  	714	8 
[7, 8, 13, 0]  	720	8 
[6, 9, 13, 0]  	724	7 
[6, 8, 14, 0]  	732	8 
[6, 23, 3, 0]  	736	7 
[5, 9, 14, 0]  	736	7 
[13, 20, 1, 0]  	738	7 
[7, 25, 1, 0]  	739	7 
[6, 26, 1, 0]  	743	7 
[17, 17, 1, 0]  	745	7 
[11, 22, 1, 0]  	746	7 
[8, 26, 0, 0]  	750	7 
[6, 25, 2, 0]  	751	7 
[5, 11, 13, 0]  	751	7 
[20, 0, 12, 0]  	752	7 
[5, 26, 2, 0]  	755	6 
[4, 12, 13, 0]  	755	6 
[5, 29, 0, 0]  	762	6 
[5, 25, 3, 0]  	763	6 
[4, 11, 14, 0]  	763	6 
[4, 26, 3, 0]  	767	6 
[5, 28, 1, 0]  	770	6 
[4, 14, 12, 0]  	770	6 
[20, 17, 0, 0]  	771	2 
[5, 24, 4, 0]  	771	6 
[14, 22, 0, 0]  	772	7 
[4, 29, 1, 0]  	774	6 
[13, 23, 0, 0]  	776	6 
[7, 28, 0, 0]  	777	6 
[5, 15, 11, 0]  	781	6 
[4, 28, 2, 0]  	782	7 
[17, 20, 0, 0]  	783	6 
[11, 25, 0, 0]  	784	6 
[3, 29, 2, 0]  	786	5 
[5, 18, 9, 0]  	788	6 
[4, 31, 0, 0]  	789	6 
[3, 32, 0, 0]  	793	5 
[5, 21, 7, 0]  	795	6 
[5, 17, 10, 0]  	796	6 
[19, 19, 0, 0]  	798	6 
[4, 18, 10, 0]  	800	5 
[3, 31, 1, 0]  	801	5 
[3, 0, 24, 0]  	801	5 
[5, 20, 8, 0]  	803	6 
[3, 15, 13, 0]  	805	5 
[2, 32, 1, 0]  	805	5 
[4, 25, 5, 0]  	806	6 
[5, 23, 6, 0]  	810	6 
[4, 1, 23, 0]  	812	5 
[4, 24, 6, 0]  	814	5 
[4, 20, 9, 0]  	815	5 
[4, 4, 21, 0]  	819	5 
[3, 17, 12, 0]  	820	5 
[4, 23, 7, 0]  	822	5 
[2, 18, 12, 0]  	824	4 
[4, 7, 19, 0]  	826	5 
[4, 3, 22, 0]  	827	5 
[3, 4, 22, 0]  	831	4 
[4, 10, 17, 0]  	833	5 
[4, 6, 20, 0]  	834	5 
[3, 11, 17, 0]  	837	5 
[3, 7, 20, 0]  	838	4 
[3, 3, 23, 0]  	839	4 
[4, 9, 18, 0]  	841	5 
[2, 35, 0, 0]  	843	4 
[3, 10, 18, 0]  	845	4 
[3, 6, 21, 0]  	846	4 
[3, 21, 10, 0]  	850	4 
[3, 9, 19, 0]  	853	4 
[3, 28, 5, 0]  	856	5 
[3, 20, 11, 0]  	858	4 
[2, 29, 5, 0]  	860	4 
[2, 21, 11, 0]  	862	3 
[3, 27, 6, 0]  	864	4 
[3, 23, 9, 0]  	865	4 
[2, 24, 9, 0]  	869	3 
[3, 26, 7, 0]  	872	4 
[2, 4, 24, 0]  	874	4 
[2, 27, 7, 0]  	876	3 
[2, 23, 10, 0]  	877	3 
[2, 15, 16, 0]  	879	4 
[2, 7, 22, 0]  	881	3 
[2, 26, 8, 0]  	884	3 
[2, 14, 17, 0]  	887	4 
[2, 10, 20, 0]  	888	3 
[1, 15, 17, 0]  	891	3 
[1, 38, 0, 0]  	893	3 
[2, 9, 21, 0]  	896	3 
[2, 1, 27, 0]  	898	4 
[1, 14, 18, 0]  	899	3 
[1, 10, 21, 0]  	900	2 
[2, 12, 19, 0]  	903	3 
[2, 0, 28, 0]  	906	4 
[1, 13, 19, 0]  	907	2 
[1, 32, 5, 0]  	910	3 
[1, 12, 20, 0]  	915	2 
[1, 31, 6, 0]  	918	3 
[1, 27, 9, 0]  	919	2 
[0, 32, 6, 0]  	922	2 
[1, 30, 7, 0]  	926	2 
[1, 18, 16, 0]  	929	3 
[0, 31, 7, 0]  	930	2 
[1, 29, 8, 0]  	934	2 
[0, 30, 8, 0]  	938	1 
[1, 1, 29, 0]  	941	2 
[1, 24, 12, 0]  	943	3 
[1, 0, 30, 0]  	949	2 
[0, 1, 30, 0]  	953	1 
[0, 16, 19, 0]  	957	1 
[0, 35, 5, 0]  	960	2 
[0, 0, 31, 0]  	961	1  <--- 3
[1, 21, 15, 0]  	967	3 
[0, 18, 18, 0]  	972	1 
[1, 4, 28, 0]  	979	2 
[0, 4, 29, 0]  	991	1 
[0, 38, 4, 0]  	998	2 
[0, 21, 17, 0]  	1010	1 
[0, 44, 0, 0]  	1012	2  <--- 2
[1, 7, 27, 0]  	1017	2 
[0, 7, 28, 0]  	1029	1 
[0, 41, 3, 0]  	1036	2 
[0, 24, 16, 0]  	1048	1 
[0, 10, 27, 0]  	1067	1 
[0, 27, 15, 0]  	1086	1 
[0, 13, 26, 0]  	1105	1 
[20, 1, 0, 1]  	403	7 
[6, 14, 3, 1]  	529	7 
[18, 5, 4, 1]  	581	12 
[14, 11, 3, 1]  	612	11 
[18, 8, 3, 1]  	619	11 
[14, 14, 2, 1]  	650	10 
[18, 11, 2, 1]  	657	10 
[12, 17, 2, 1]  	681	9 
[15, 0, 13, 1]  	688	9 
[18, 14, 1, 1]  	695	9 
[12, 20, 1, 1]  	719	8 
[16, 17, 1, 1]  	726	8 
[10, 22, 1, 1]  	727	8 
[9, 23, 1, 1]  	731	7 
[5, 25, 2, 1]  	732	7 
[19, 0, 12, 1]  	733	8 
[15, 19, 1, 1]  	753	7 
[12, 23, 0, 1]  	757	7 
[6, 28, 0, 1]  	758	7 
[16, 20, 0, 1]  	764	7 
[10, 25, 0, 1]  	765	7 
[19, 18, 0, 1]  	775	7 
[18, 19, 0, 1]  	779	7 
[3, 14, 13, 1]  	782	6 
[4, 21, 8, 1]  	807	5 
[4, 17, 11, 1]  	808	5 
[3, 12, 16, 1]  	829	5 
[3, 24, 8, 1]  	857	4 
[2, 28, 6, 1]  	868	4 
[2, 31, 4, 1]  	875	5 
[1, 35, 4, 1]  	948	3 
[8, 23, 1, 2]  	712	8 
[14, 19, 1, 2]  	734	8 
[2, 13, 18, 2]  	895	3 
[7, 5, 14, 23]  	682	8 
[7, 9, 12, 23]  	712	6 
[5, 8, 14, 23]  	713	7 
[2, 0, 27, 23]  	875	4 
[1, 30, 6, 23]  	895	2 
[9, 2, 6, 24]  	403	6 
[7, 8, 5, 24]  	472	4 
[5, 0, 14, 24]  	529	6 
[5, 14, 4, 24]  	541	6 
[8, 19, 2, 24]  	651	8 
[7, 26, 0, 24]  	731	6 
[4, 11, 13, 24]  	732	6 
[12, 22, 0, 24]  	734	7 
[4, 25, 3, 24]  	744	5 
[2, 31, 1, 24]  	782	4 
[3, 7, 19, 24]  	807	3 
[3, 3, 22, 24]  	808	3 
[2, 29, 4, 24]  	829	4 
[2, 10, 19, 24]  	857	3 
[1, 14, 17, 24]  	868	3 
[1, 4, 27, 24]  	948	2 
------
The gap is between 3 and 22.
Lengths: 3 3 5 5 3 3.
For 982 = 5*d/2-d1-d2-d3 you get 3 in char 0.
1*x^1*y^23*z^14
1*y^40*z^2
1*y^9*z^25

For 560 = 3*d/2-d1-d2-d3 you get 5 in char 0.
1*x^4*y^17*z^3
1*x^3*y^3*z^14
1*x^2*y^20*z^2
1*x^1*y^6*z^13
1*y^23*z^1

For 138 = d/2-d1-d2-d3 you get 3 in char 0.
1*x^4*z^2
1*x^2*y^3*z^1
1*y^6

Extra powers of p used 0.
The invariant extra is equal to 1.
Start computing 7^3 Delta^1 (x1x2x3)^6... Done.
Start computing 7^4 Delta^2 (x1x2x3)^6... Done.
Start computing 7^5 Delta^3 (x1x2x3)^6... Done.
Start computing 7^6 Delta^4 (x1x2x3)^6... Done.
Start computing 7^7 Delta^5 (x1x2x3)^6... Done.
Start computing 7^8 Delta^6 (x1x2x3)^6... Done.
Start computing aa.
1 2 3 4 5 6 7 8 9 10 11 
*/
A = \
[109047468676212759888,138740714430320738627,31337781570652365854,76429879856327884824,188606284050638143655,154128886360194167954,151207713069701619695,159034686665836955897,16745658460452607665,159304519544260763946,183721217099441945301;\
94514455476163171854,296247739884292146,118140980785823638965,149103965012957139801,170363393385266190851,169324813297219945225,164350762914193392306,172610525754491227823,30494133738408841963,8907951352261442971,68411577391589632620;\
65936438768790779526,118318640090867653857,27124992553429244955,129537986491952278422,73800353825406550223,93280373714296163101,37161993779943597453,101919295598534780639,143760469129492736108,123566027901642363499,144957516891637216767;\
71663907101178814226,57074756070692878435,147491746661739327531,119352611178136424249,8111490501424090977,152490088772542170650,105453555829852470205,74179059208773296589,8420073356593560382,10830725236978089849,54647119928249594284;\
58255190766893485431,143899914417637256253,156597431802604462541,35262521703377010259,56102745492424952755,32843111136750222567,182366090571653396023,92956284123007824484,143200952306267415231,187262158138010966199,156647321961862244548;\
62905967865878908873,131257044403237961664,159604941049628332054,104602273873058851624,17466729068725852293,38728229841757701511,100399011397519335984,83544727092109912769,152925895199671035778,63048147483636581182,77884811277316010429;\
71574546389948052588,101563538242689333201,24167430277308346683,13036302566773309187,93930743242489564936,9896178331158858949,127988330918352073582,88313429780033619035,155860958282029352569,118972905206800573383,47787897710506761556;\
151144082299590394408,124612420492853151805,171105271008321358959,168876677188674396711,176930277167355170529,168208172077846295822,43110805284674562365,19167077351381034796,17859909158157066854,114743424889232726881,112663788486233086844;\
184710197840184963500,20133949473539886853,44350499337944913942,73868511838029063064,61911691440691608796,36763385018184345353,56671161744357991033,135514267862515876544,93688355211722002473,20306577295422610577,178064104093601130174;\
114438733539384793122,170797743270379748357,61100528714369067777,39165816702209792959,44809535583051869287,57687032557035822780,32199974216070206763,151083501771323909557,167064351747311568291,95973415215900657883,152131814974907841283;\
85410293891867454697,143107579297059812360,117663424851716977748,39645453115769718518,121317679826943997859,138577264523436587793,162199297184931774383,191290835189837035849,184204806966480272588,141283715800015524274,58819283706182437914]
/* 
This should be the matrix of frobenius!
*/ 
B = A; 
/* Freed 54 lists. */
