/* Comments begin... 
Coefficient of   x^21 * y^1               = 2
Coefficient of   x^10 * y^2 * z^6         = 0
Coefficient of   x^8 * y^5 * z^5         = 0
Coefficient of   x^6 * y^8 * z^4         = 0
Coefficient of   x^4 * y^11 * z^3         = 3
Coefficient of   x^2 * y^14 * z^2         = 0
Coefficient of   x^1 * z^13               = 1
Coefficient of   y^17 * z^1               = 2

Here is the polynomial we're using this time:

2*x^21*y^1 + 3*x^4*y^11*z^3 + 1*x^1*z^13 + 2*y^17*z^1

Allocate G_len 20 elements and old = 0.
Allocate M_len = 400 elements.
Allocate G_len 40 elements and old = 20.
Allocate M_len = 800 elements.
Allocate G_len 80 elements and old = 40.
Allocate M_len = 1600 elements.
Allocate M_len = 3200 elements.
Allocate G_len 160 elements and old = 80.
Allocate M_len = 6400 elements.
The final length of G is 88
[4, 11, 2, 0]  	391	3 
[21, 0, 0, 0]  	399	3  <--- 1
[18, 0, 12, 0]  	714	4 
[16, 17, 1, 0]  	726	3 
[3, 28, 1, 0]  	732	2 
[13, 6, 12, 0]  	757	4 
[20, 17, 0, 0]  	771	2 
[3, 27, 3, 0]  	771	2 
[12, 23, 1, 0]  	788	3 
[3, 11, 16, 0]  	806	2 
[2, 28, 4, 0]  	806	2 
[8, 29, 0, 0]  	819	6 
[3, 34, 0, 0]  	839	2 
[6, 1, 23, 0]  	850	5 
[3, 7, 21, 0]  	869	2 
[2, 24, 9, 0]  	869	2 
[12, 28, 0, 0]  	872	7 
[10, 0, 23, 0]  	903	3 
[6, 6, 21, 0]  	903	5 
[2, 10, 21, 0]  	919	2 
[1, 27, 9, 0]  	919	2 
[2, 13, 19, 0]  	926	2 
[1, 30, 7, 0]  	926	2 
[1, 14, 19, 0]  	930	2 
[0, 31, 7, 0]  	930	2 
[2, 12, 20, 0]  	934	2 
[1, 29, 8, 0]  	934	2 
[1, 13, 20, 0]  	938	1 
[0, 30, 8, 0]  	938	1 
[0, 1, 30, 0]  	953	1 
[0, 16, 19, 0]  	957	1 
[2, 1, 29, 0]  	960	2 
[1, 18, 17, 0]  	960	2 
[0, 35, 5, 0]  	960	2 
[0, 0, 31, 0]  	961	1  <--- 3
[1, 41, 0, 0]  	962	2 
[0, 18, 18, 0]  	972	1 
[0, 4, 29, 0]  	991	1 
[0, 21, 17, 0]  	1010	1 
[0, 44, 0, 0]  	1012	2  <--- 2
[0, 7, 28, 0]  	1029	1 
[2, 7, 27, 0]  	1036	2 
[1, 24, 15, 0]  	1036	2 
[0, 41, 3, 0]  	1036	2 
[0, 24, 16, 0]  	1048	1 
[0, 10, 27, 0]  	1067	1 
[0, 27, 15, 0]  	1086	1 
[0, 13, 26, 0]  	1105	1 
[20, 1, 0, 1]  	403	3 
[1, 0, 13, 1]  	422	2 
[17, 0, 12, 1]  	695	4 
[19, 18, 0, 1]  	775	4 
[1, 17, 12, 1]  	782	2 
[2, 38, 0, 1]  	912	4 
[3, 21, 10, 2]  	850	4 
[3, 26, 8, 2]  	903	4 
[0, 32, 6, 2]  	922	2 
[0, 38, 4, 2]  	998	2 
[2, 27, 8, 3]  	907	3 
[0, 41, 0, 18]  	943	2 
[0, 24, 15, 18]  	1017	1 
[1, 24, 10, 19]  	881	2 
[1, 26, 9, 19]  	896	2 
[0, 30, 7, 19]  	907	1 
[0, 18, 17, 19]  	941	1 
[0, 7, 27, 19]  	998	1 
[1, 29, 7, 20]  	903	2 
[0, 1, 29, 20]  	922	1 
[0, 35, 0, 21]  	805	1 
[0, 24, 9, 21]  	831	1 
[0, 29, 7, 21]  	884	1 
[0, 29, 1, 22]  	698	1 
[0, 18, 11, 22]  	755	1 
[0, 34, 0, 22]  	782	1 
[0, 23, 9, 22]  	808	1 
[0, 7, 26, 22]  	967	1 
[0, 23, 1, 23]  	560	1 
[1, 12, 12, 23]  	667	2 
[3, 29, 0, 23]  	724	2 
[0, 17, 11, 23]  	732	1 
[0, 16, 13, 23]  	771	1 
[0, 1, 26, 23]  	829	1 
[3, 11, 3, 24]  	403	2 
[0, 17, 1, 24]  	422	1 
[1, 6, 12, 24]  	529	2 
[0, 6, 13, 24]  	541	1 
[2, 28, 0, 24]  	682	2 
[0, 0, 23, 24]  	713	1 
------
The gap is between 4 and 17.
Lengths: 3 3 5 8 3 12.
For 982 = 5*d/2-d1-d2-d3 you get 3 in char 0.
1*x^2*y^37*z^3
1*y^40*z^2
1*y^9*z^25

For 560 = 3*d/2-d1-d2-d3 you get 5 in char 0.
1*x^14*y^2*z^8
1*x^12*y^5*z^7
1*x^10*y^8*z^6
1*x^2*y^20*z^2
1*y^23*z^1

For 138 = d/2-d1-d2-d3 you get 3 in char 0.
1*x^4*z^2
1*x^2*y^3*z^1
1*y^6

Extra powers of p used 4.
The invariant extra is equal to 1.
Start computing 7^3 Delta^1 (x1x2x3)^6... Done.
Start computing 7^4 Delta^2 (x1x2x3)^6... Done.
Start computing 7^5 Delta^3 (x1x2x3)^6... Done.
Start computing 7^6 Delta^4 (x1x2x3)^6... Done.
Start computing 7^7 Delta^5 (x1x2x3)^6... Done.
Start computing 7^8 Delta^6 (x1x2x3)^6... Done.
Start computing aa.
1 2 3 4 5 6 7 8 9 10 11 
*/
A = \
[21934304860525412558,9573761433802045137,12149164156724374257,11165424742137608875,8318357190714077536,19701871225901377022,23988337450729806896,13070105545540020915,12598424458276171004,13534968302780822877,18311279503406495207;\
22076756901030879915,16549128460576510890,23795533168335695487,6954199000596482681,3127568642508762284,26723214279698202287,5689174583067289811,26803984836617083165,5775599796941926602,6514017305861233322,15503061502993035706;\
4845044566964426139,7692220521560046703,22614283177353602049,11945816359058184771,23020780445357424884,24917632478501819224,24462506141021449816,18782639840698151103,15268581808503176748,16241110557787719338,18252279818177495377;\
1073421553412266254,21900166856098649076,12682027580291481496,14996794067646234830,17685660608115904999,22486966601578319288,10116130776232423348,27088713802446402694,3710936125437803241,20401548270011680303,24331980642619833799;\
19890475733296153776,21708019104752611848,331463578498167094,13554483512945482618,8765795162018817391,11049100269352309171,6968829227397607843,24933204390153308165,3816376063283279825,21470569669133215729,5634708163449496460;\
16015695566736334420,18427647517239863154,950105037083124909,15750983906974229130,11223581582268026447,21497833585222196307,6338077734109558885,20039240377272433226,11914380683090620483,4250459151061349569,13637616187148094855;\
13588870763368157565,2634790809440029415,13471750719946173909,3952613776328102818,6821396506632706622,17783095700917295790,26034913124308597390,17096498974055974606,12530416660422540334,10241880492869177362,2939969789201455304;\
6913190852204969269,578596609776157315,26761057607563424453,19810193385629127613,4851347453737808821,26440267110177276587,20124858863620057673,15260559506049979856,17747438738063920935,9752878733704513603,13197205696429110720;\
26383646325509142803,10544527012899607483,21076336709426732489,19781776623776674717,20946617336297192554,12593329549673697258,26730964364151800690,23944883788175794493,1476177013006432604,2698069043197244948,22247663944060366700;\
8174892944685864971,24069888534030341345,16611799264740921442,16481214279966112024,21677189814419745787,18868997755598809064,3979684387665934675,13379100404724157957,24821008797351034870,23679100838447485795,24060523950067279605;\
3552391760528230522,24296970386727203004,12220518797301506069,449997878102299598,20372321314868099759,2641606581930290870,20465734162696352593,20271440144812343998,1869593254143714960,26514123028954424563,23159109334452608454]
/* 
This matrix times 7^(-3) should be the matrix of frobenius.
*/ 
B = 7^(-3) * A; 
/* Freed 43 lists. */
