/* Comments begin... 
Coefficient of   x^21 * y^1               = -3
Coefficient of   x^10 * y^2 * z^6         = 0
Coefficient of   x^8 * y^5 * z^5         = 0
Coefficient of   x^6 * y^8 * z^4         = -3
Coefficient of   x^4 * y^11 * z^3         = 3
Coefficient of   x^2 * y^14 * z^2         = 2
Coefficient of   x^1 * z^13               = 0
Coefficient of   y^17 * z^1               = -2

Here is the polynomial we're using this time:

-3*x^21*y^1 + -3*x^6*y^8*z^4 + 3*x^4*y^11*z^3 + 2*x^2*y^14*z^2 + -2*y^17*z^1

Allocate G_len 20 elements and old = 0.
Allocate M_len = 400 elements.
Allocate G_len 40 elements and old = 20.
Not smooth!
Coefficient of   x^21 * y^1               = -1
Coefficient of   x^10 * y^2 * z^6         = 2
Coefficient of   x^8 * y^5 * z^5         = -3
Coefficient of   x^6 * y^8 * z^4         = 3
Coefficient of   x^4 * y^11 * z^3         = -3
Coefficient of   x^2 * y^14 * z^2         = 3
Coefficient of   x^1 * z^13               = -2
Coefficient of   y^17 * z^1               = -2

Here is the polynomial we're using this time:

-1*x^21*y^1 + 2*x^10*y^2*z^6 + -3*x^8*y^5*z^5 + 3*x^6*y^8*z^4 + -3*x^4*y^11*z^3 + 3*x^2*y^14*z^2 + -2*x^1*z^13 + -2*y^17*z^1

Allocate M_len = 800 elements.
Allocate G_len 80 elements and old = 40.
Allocate M_len = 1600 elements.
Allocate M_len = 3200 elements.
Allocate G_len 160 elements and old = 80.
Allocate M_len = 6400 elements.
Allocate M_len = 12800 elements.
Allocate G_len 320 elements and old = 160.
Allocate M_len = 25600 elements.
The final length of G is 201
[10, 2, 5, 0]  	391	7 
[21, 0, 0, 0]  	399	7  <--- 1
[8, 5, 5, 0]  	422	6 
[8, 8, 4, 0]  	460	7 
[6, 11, 4, 0]  	491	6 
[6, 14, 3, 0]  	529	7 
[5, 0, 15, 0]  	560	6 
[19, 5, 4, 0]  	600	7 
[15, 11, 3, 0]  	631	10 
[19, 8, 3, 0]  	638	7 
[12, 0, 14, 0]  	662	8 
[14, 0, 13, 0]  	669	7 
[9, 3, 14, 0]  	674	9 
[19, 11, 2, 0]  	676	9 
[9, 20, 2, 0]  	693	8 
[13, 17, 2, 0]  	700	6 
[7, 6, 14, 0]  	705	8 
[17, 14, 2, 0]  	707	8 
[11, 19, 2, 0]  	708	6 
[19, 14, 1, 0]  	714	8 
[13, 19, 1, 0]  	715	7 
[7, 8, 13, 0]  	720	8 
[6, 9, 13, 0]  	724	7 
[9, 23, 1, 0]  	731	7 
[6, 8, 14, 0]  	732	7 
[5, 25, 2, 0]  	732	7 
[5, 9, 14, 0]  	736	7 
[7, 25, 1, 0]  	739	7 
[6, 26, 1, 0]  	743	7 
[17, 17, 1, 0]  	745	7 
[11, 22, 1, 0]  	746	6 
[5, 11, 13, 0]  	751	7 
[20, 0, 12, 0]  	752	7 
[4, 12, 13, 0]  	755	6 
[5, 29, 0, 0]  	762	6 
[4, 11, 14, 0]  	763	6 
[4, 26, 3, 0]  	767	6 
[9, 26, 0, 0]  	769	6 
[5, 28, 1, 0]  	770	6 
[4, 14, 12, 0]  	770	6 
[20, 17, 0, 0]  	771	2 
[5, 24, 4, 0]  	771	6 
[4, 29, 1, 0]  	774	6 
[13, 23, 0, 0]  	776	6 
[7, 28, 0, 0]  	777	6 
[5, 15, 11, 0]  	781	6 
[4, 28, 2, 0]  	782	6 
[3, 14, 13, 0]  	782	6 
[17, 20, 0, 0]  	783	6 
[11, 25, 0, 0]  	784	6 
[3, 29, 2, 0]  	786	5 
[5, 18, 9, 0]  	788	6 
[4, 31, 0, 0]  	789	6 
[15, 22, 0, 0]  	791	6 
[3, 32, 0, 0]  	793	5 
[5, 21, 7, 0]  	795	6 
[5, 17, 10, 0]  	796	6 
[19, 19, 0, 0]  	798	6 
[3, 31, 1, 0]  	801	5 
[3, 0, 24, 0]  	801	5 
[5, 20, 8, 0]  	803	6 
[2, 32, 1, 0]  	805	5 
[4, 25, 5, 0]  	806	6 
[4, 21, 8, 0]  	807	5 
[5, 23, 6, 0]  	810	6 
[4, 20, 9, 0]  	815	5 
[4, 4, 21, 0]  	819	5 
[3, 17, 12, 0]  	820	5 
[4, 23, 7, 0]  	822	5 
[2, 18, 12, 0]  	824	4 
[4, 7, 19, 0]  	826	5 
[4, 3, 22, 0]  	827	5 
[3, 12, 16, 0]  	829	5 
[4, 10, 17, 0]  	833	5 
[4, 6, 20, 0]  	834	5 
[3, 11, 17, 0]  	837	5 
[3, 7, 20, 0]  	838	4 
[3, 3, 23, 0]  	839	4 
[3, 10, 18, 0]  	845	4 
[3, 6, 21, 0]  	846	4 
[3, 21, 10, 0]  	850	4 
[3, 9, 19, 0]  	853	4 
[3, 28, 5, 0]  	856	5 
[3, 24, 8, 0]  	857	4 
[2, 29, 5, 0]  	860	4 
[2, 21, 11, 0]  	862	3 
[3, 23, 9, 0]  	865	4 
[2, 28, 6, 0]  	868	4 
[2, 24, 9, 0]  	869	3 
[2, 31, 4, 0]  	875	5 
[2, 27, 7, 0]  	876	3 
[2, 23, 10, 0]  	877	3 
[2, 15, 16, 0]  	879	4 
[2, 26, 8, 0]  	884	3 
[1, 15, 17, 0]  	891	3 
[1, 38, 0, 0]  	893	3 
[2, 1, 27, 0]  	898	4 
[1, 14, 18, 0]  	899	3 
[2, 0, 28, 0]  	906	4 
[1, 13, 19, 0]  	907	2 
[1, 32, 5, 0]  	910	3 
[1, 31, 6, 0]  	918	3 
[1, 27, 9, 0]  	919	2 
[0, 32, 6, 0]  	922	2 
[1, 30, 7, 0]  	926	2 
[1, 18, 16, 0]  	929	3 
[0, 31, 7, 0]  	930	2 
[1, 29, 8, 0]  	934	2 
[0, 30, 8, 0]  	938	1 
[2, 7, 24, 0]  	943	3 
[1, 24, 12, 0]  	943	3 
[1, 35, 4, 0]  	948	3 
[1, 0, 30, 0]  	949	2 
[0, 1, 30, 0]  	953	1 
[0, 16, 19, 0]  	957	1 
[0, 35, 5, 0]  	960	2 
[0, 0, 31, 0]  	961	1  <--- 3
[1, 21, 15, 0]  	967	3 
[0, 18, 18, 0]  	972	1 
[1, 4, 28, 0]  	979	2 
[0, 4, 29, 0]  	991	1 
[0, 38, 4, 0]  	998	2 
[0, 21, 17, 0]  	1010	1 
[1, 7, 27, 0]  	1017	2 
[0, 7, 28, 0]  	1029	1 
[0, 41, 3, 0]  	1036	2 
[0, 24, 16, 0]  	1048	1 
[0, 10, 27, 0]  	1067	1 
[0, 47, 0, 0]  	1081	1  <--- 2
[0, 27, 15, 0]  	1086	1 
[0, 13, 26, 0]  	1105	1 
[20, 1, 0, 1]  	403	7 
[18, 5, 4, 1]  	581	12 
[14, 11, 3, 1]  	612	11 
[18, 8, 3, 1]  	619	11 
[11, 0, 14, 1]  	643	9 
[13, 0, 13, 1]  	650	9 
[18, 11, 2, 1]  	657	10 
[12, 17, 2, 1]  	681	8 
[16, 14, 2, 1]  	688	9 
[10, 19, 2, 1]  	689	8 
[18, 14, 1, 1]  	695	9 
[12, 19, 1, 1]  	696	8 
[7, 22, 2, 1]  	701	8 
[8, 23, 1, 1]  	712	8 
[16, 17, 1, 1]  	726	8 
[10, 22, 1, 1]  	727	7 
[19, 0, 12, 1]  	733	8 
[8, 26, 0, 1]  	750	7 
[12, 23, 0, 1]  	757	7 
[6, 28, 0, 1]  	758	7 
[16, 20, 0, 1]  	764	7 
[10, 25, 0, 1]  	765	7 
[14, 22, 0, 1]  	772	7 
[19, 18, 0, 1]  	775	7 
[18, 19, 0, 1]  	779	7 
[4, 18, 10, 1]  	800	5 
[4, 17, 11, 1]  	808	5 
[4, 1, 23, 1]  	812	5 
[4, 24, 6, 1]  	814	5 
[4, 9, 18, 1]  	841	5 
[2, 35, 0, 1]  	843	4 
[3, 20, 11, 1]  	858	4 
[3, 27, 6, 1]  	864	4 
[2, 4, 24, 1]  	874	4 
[2, 7, 22, 1]  	881	3 
[2, 14, 17, 1]  	887	4 
[2, 10, 20, 1]  	888	3 
[2, 13, 18, 1]  	895	3 
[2, 9, 21, 1]  	896	3 
[1, 10, 21, 1]  	900	2 
[2, 12, 19, 1]  	903	3 
[1, 12, 20, 1]  	915	2 
[1, 1, 29, 1]  	941	2 
[0, 44, 0, 1]  	1012	2 
[3, 4, 22, 2]  	831	4 
[3, 26, 7, 2]  	872	4 
[2, 21, 10, 22]  	831	3 
[9, 2, 6, 24]  	403	6 
[7, 8, 5, 24]  	472	4 
[5, 14, 4, 24]  	541	6 
[7, 5, 14, 24]  	682	7 
[6, 8, 13, 24]  	701	6 
[5, 8, 14, 24]  	713	6 
[6, 25, 1, 24]  	720	7 
[5, 26, 1, 24]  	724	5 
[5, 12, 12, 24]  	743	4 
[4, 25, 3, 24]  	744	6 
[3, 4, 21, 24]  	800	4 
[3, 3, 22, 24]  	808	3 
[1, 21, 10, 24]  	812	2 
[3, 10, 17, 24]  	814	4 
[1, 29, 5, 24]  	841	2 
[2, 12, 18, 24]  	872	3 
[1, 27, 8, 24]  	888	2 
[1, 26, 9, 24]  	896	2 
[0, 27, 9, 24]  	900	1 
[0, 29, 8, 24]  	915	1 
[0, 13, 20, 24]  	919	1 
[0, 15, 19, 24]  	934	1 
[0, 18, 17, 24]  	941	1 
------
The gap is between 3 and 21.
Lengths: 3 3 5 5 3 4.
For 982 = 5*d/2-d1-d2-d3 you get 3 in char 0.
1*x^1*y^23*z^14
1*y^40*z^2
1*y^9*z^25

For 560 = 3*d/2-d1-d2-d3 you get 5 in char 0.
1*x^4*y^17*z^3
1*x^3*y^3*z^14
1*x^2*y^20*z^2
1*x^1*y^6*z^13
1*y^23*z^1

For 138 = d/2-d1-d2-d3 you get 3 in char 0.
1*x^4*z^2
1*x^2*y^3*z^1
1*y^6

Extra powers of p used 1.
The invariant extra is equal to 1.
Start computing 7^3 Delta^1 (x1x2x3)^6... Done.
Start computing 7^4 Delta^2 (x1x2x3)^6... Done.
Start computing 7^5 Delta^3 (x1x2x3)^6... Done.
Start computing 7^6 Delta^4 (x1x2x3)^6... Done.
Start computing 7^7 Delta^5 (x1x2x3)^6... Done.
Start computing 7^8 Delta^6 (x1x2x3)^6... Done.
Start computing aa.
1 2 3 4 5 6 7 8 9 10 11 
*/
A = \
[138400026936700709193,45308465957567474402,4454047793585517368,109609308892474744178,183928204847196366571,99409600164720368880,4415017379478881196,109545281511122153256,165758249215714409751,157442722106287410786,64819060303437113576;\
169002027209546299461,129281118863552163137,22524741811440046199,147627241649637813462,85016828292835955187,65293252922501659363,117104944041732495947,176646258201528530492,48765875011717652285,21096106236467371298,107243020575568026303;\
33587632097766462270,85929258284598028386,112887493778886023450,151171409231494342453,142842351237709743039,160039440355824807379,47161428198016741322,110390929765781860650,22215424319825577008,120963672723346945366,88472516235080209197;\
38063808018979855568,178965478714161976572,17187795304394867912,95225752037258428383,61920344478106652559,111008919289074020221,25021787026312214250,136580013182333168189,124382998448034911431,49399655495834800177,112902446539350599250;\
13419640285936516227,73760379137008269007,88599411647713292155,101012148780510357579,18619067965094206645,177270714290585176303,153550459731328423309,71666709038560552287,50058312929148048672,54442886804542420793,38878268721608164485;\
59423790700891728593,39870254296003358576,172822580366187448007,61641631532020854545,30040682052249704150,92228820866984782029,119163365734316331953,166481947238412706880,171600864172153649870,26594190320020644755,25239420765261677149;\
96276107378098564628,49371930694483049749,76506784591624271401,144938157034357236249,162898308696631932487,142517204170120157861,30036388002410077708,75881312112508571340,72418380094928038206,180163736946717093486,175065395003787087037;\
156697705790892667681,56157824247727977656,124760462892273453441,2022886522894313881,38220319234654570237,124913520410822166079,4470780711087304635,34965675378432999459,138358280172929882058,73048532610035890082,140946093615279538222;\
119555351352566791128,134923029424394175669,58668354745496658427,15806772176351836750,75684117675832918497,49455430070760484113,70099368980988234685,157609915165295688382,25259583160609939659,87690661663434292841,39876812045525444773;\
67355432151379567005,176967757441809837621,148929839338656105306,100677781210683626663,179224703903837771739,135741738567500997253,4773804742425089728,166786837498092964796,32840839230357651094,128089033808697959732,16500748517585970491;\
187649326783383747308,165651341239476578393,89517086491839965524,177786455785955536065,27717797809096441186,158477965059761825121,37223618643037978102,29178884835739551010,185989986137579485106,66333685609976678012,179087089857282454050]
/* 
This matrix times 7^(-1) should be the matrix of frobenius.
*/ 
B = 7^(-1) * A; 
/* Freed 54 lists. */
