/* Comments begin... 
Coefficient of   x^21 * y^1               = -1
Coefficient of   x^10 * y^2 * z^6         = 3
Coefficient of   x^8 * y^5 * z^5         = -2
Coefficient of   x^6 * y^8 * z^4         = -2
Coefficient of   x^4 * y^11 * z^3         = 0
Coefficient of   x^2 * y^14 * z^2         = -2
Coefficient of   x^1 * z^13               = 2
Coefficient of   y^17 * z^1               = -3

Here is the polynomial we're using this time:

-1*x^21*y^1 + 3*x^10*y^2*z^6 + -2*x^8*y^5*z^5 + -2*x^6*y^8*z^4 + -2*x^2*y^14*z^2 + 2*x^1*z^13 + -3*y^17*z^1

Allocate G_len 20 elements and old = 0.
Allocate M_len = 400 elements.
Allocate G_len 40 elements and old = 20.
Allocate M_len = 800 elements.
Allocate G_len 80 elements and old = 40.
Allocate M_len = 1600 elements.
Allocate M_len = 3200 elements.
Allocate G_len 160 elements and old = 80.
Allocate M_len = 6400 elements.
Allocate M_len = 12800 elements.
Allocate G_len 320 elements and old = 160.
Allocate M_len = 25600 elements.
The final length of G is 217
[10, 2, 5, 0]  	391	6 
[21, 0, 0, 0]  	399	6  <--- 1
[8, 5, 5, 0]  	422	5 
[8, 8, 4, 0]  	460	7 
[6, 14, 3, 0]  	529	7 
[7, 0, 15, 0]  	598	7 
[19, 5, 4, 0]  	600	6 
[15, 11, 3, 0]  	631	9 
[19, 8, 3, 0]  	638	6 
[12, 0, 14, 0]  	662	8 
[15, 14, 2, 0]  	669	5 
[9, 3, 14, 0]  	674	8 
[17, 14, 1, 0]  	676	6 
[13, 17, 2, 0]  	700	9 
[7, 6, 14, 0]  	705	8 
[16, 0, 13, 0]  	707	5 
[11, 19, 2, 0]  	708	9 
[8, 23, 1, 0]  	712	8 
[7, 8, 13, 0]  	720	8 
[7, 23, 2, 0]  	724	7 
[6, 9, 13, 0]  	724	7 
[6, 8, 14, 0]  	732	7 
[5, 25, 2, 0]  	732	7 
[5, 9, 14, 0]  	736	7 
[13, 20, 1, 0]  	738	8 
[7, 25, 1, 0]  	739	8 
[6, 26, 1, 0]  	743	7 
[11, 22, 1, 0]  	746	8 
[5, 11, 13, 0]  	751	7 
[20, 0, 12, 0]  	752	8 
[15, 19, 1, 0]  	753	7 
[4, 12, 13, 0]  	755	6 
[7, 11, 12, 0]  	758	8 
[6, 12, 12, 0]  	762	7 
[4, 26, 3, 0]  	767	6 
[9, 26, 0, 0]  	769	7 
[5, 28, 1, 0]  	770	6 
[4, 14, 12, 0]  	770	6 
[20, 17, 0, 0]  	771	2 
[6, 7, 16, 0]  	771	6 
[5, 24, 4, 0]  	771	6 
[4, 29, 1, 0]  	774	6 
[13, 23, 0, 0]  	776	6 
[5, 15, 11, 0]  	781	6 
[4, 28, 2, 0]  	782	6 
[3, 14, 13, 0]  	782	6 
[17, 20, 0, 0]  	783	7 
[11, 25, 0, 0]  	784	7 
[3, 29, 2, 0]  	786	5 
[6, 1, 21, 0]  	788	6 
[5, 18, 9, 0]  	788	6 
[15, 22, 0, 0]  	791	7 
[3, 32, 0, 0]  	793	5 
[6, 4, 19, 0]  	795	6 
[5, 21, 7, 0]  	795	6 
[6, 0, 22, 0]  	796	6 
[5, 17, 10, 0]  	796	6 
[19, 19, 0, 0]  	798	6 
[7, 29, 0, 0]  	800	5 
[5, 1, 22, 0]  	800	5 
[4, 18, 10, 0]  	800	5 
[3, 31, 1, 0]  	801	5 
[3, 0, 24, 0]  	801	5 
[6, 3, 20, 0]  	803	6 
[5, 20, 8, 0]  	803	6 
[2, 32, 1, 0]  	805	5 
[5, 8, 17, 0]  	806	6 
[4, 25, 5, 0]  	806	6 
[5, 4, 20, 0]  	807	5 
[4, 21, 8, 0]  	807	5 
[5, 0, 23, 0]  	808	5 
[4, 17, 11, 0]  	808	5 
[6, 6, 18, 0]  	810	6 
[5, 23, 6, 0]  	810	6 
[4, 1, 23, 0]  	812	5 
[5, 7, 18, 0]  	814	5 
[4, 24, 6, 0]  	814	5 
[5, 3, 21, 0]  	815	5 
[4, 20, 9, 0]  	815	5 
[4, 4, 21, 0]  	819	5 
[3, 17, 12, 0]  	820	5 
[5, 6, 19, 0]  	822	5 
[4, 23, 7, 0]  	822	5 
[2, 18, 12, 0]  	824	4 
[4, 7, 19, 0]  	826	5 
[4, 3, 22, 0]  	827	5 
[3, 12, 16, 0]  	829	5 
[3, 4, 22, 0]  	831	4 
[4, 10, 17, 0]  	833	5 
[4, 6, 20, 0]  	834	5 
[3, 11, 17, 0]  	837	5 
[3, 7, 20, 0]  	838	4 
[3, 3, 23, 0]  	839	4 
[4, 9, 18, 0]  	841	5 
[2, 35, 0, 0]  	843	4 
[3, 10, 18, 0]  	845	4 
[3, 6, 21, 0]  	846	4 
[3, 21, 10, 0]  	850	4 
[3, 9, 19, 0]  	853	4 
[3, 28, 5, 0]  	856	5 
[3, 24, 8, 0]  	857	4 
[3, 20, 11, 0]  	858	4 
[2, 21, 11, 0]  	862	3 
[3, 27, 6, 0]  	864	4 
[3, 23, 9, 0]  	865	4 
[2, 24, 9, 0]  	869	3 
[3, 26, 7, 0]  	872	4 
[2, 4, 24, 0]  	874	4 
[2, 31, 4, 0]  	875	5 
[2, 23, 10, 0]  	877	3 
[2, 15, 16, 0]  	879	4 
[2, 26, 8, 0]  	884	3 
[2, 14, 17, 0]  	887	4 
[2, 10, 20, 0]  	888	3 
[1, 15, 17, 0]  	891	3 
[1, 38, 0, 0]  	893	3 
[2, 13, 18, 0]  	895	3 
[2, 1, 27, 0]  	898	4 
[1, 14, 18, 0]  	899	3 
[1, 10, 21, 0]  	900	2 
[2, 12, 19, 0]  	903	3 
[1, 13, 19, 0]  	907	2 
[1, 32, 5, 0]  	910	3 
[1, 12, 20, 0]  	915	2 
[1, 31, 6, 0]  	918	3 
[1, 27, 9, 0]  	919	2 
[0, 32, 6, 0]  	922	2 
[1, 18, 16, 0]  	929	3 
[0, 31, 7, 0]  	930	2 
[1, 29, 8, 0]  	934	2 
[0, 30, 8, 0]  	938	1 
[1, 1, 29, 0]  	941	2 
[1, 24, 12, 0]  	943	3 
[1, 35, 4, 0]  	948	3 
[0, 1, 30, 0]  	953	1 
[0, 16, 19, 0]  	957	1 
[0, 35, 5, 0]  	960	2 
[0, 0, 31, 0]  	961	1  <--- 3
[1, 21, 15, 0]  	967	3 
[0, 18, 18, 0]  	972	1 
[1, 4, 28, 0]  	979	2 
[0, 4, 29, 0]  	991	1 
[0, 38, 4, 0]  	998	2 
[0, 21, 17, 0]  	1010	1 
[0, 44, 0, 0]  	1012	2  <--- 2
[1, 7, 27, 0]  	1017	2 
[0, 7, 28, 0]  	1029	1 
[0, 41, 3, 0]  	1036	2 
[0, 24, 16, 0]  	1048	1 
[0, 10, 27, 0]  	1067	1 
[0, 27, 15, 0]  	1086	1 
[0, 13, 26, 0]  	1105	1 
[20, 1, 0, 1]  	403	6 
[6, 11, 4, 1]  	491	6 
[5, 0, 15, 1]  	560	6 
[18, 5, 4, 1]  	581	10 
[14, 11, 3, 1]  	612	10 
[18, 8, 3, 1]  	619	10 
[11, 0, 14, 1]  	643	9 
[14, 14, 2, 1]  	650	9 
[16, 14, 1, 1]  	657	10 
[12, 17, 2, 1]  	681	9 
[15, 0, 13, 1]  	688	9 
[10, 19, 2, 1]  	689	9 
[9, 20, 2, 1]  	693	7 
[7, 22, 2, 1]  	701	8 
[12, 20, 1, 1]  	719	9 
[10, 22, 1, 1]  	727	9 
[19, 0, 12, 1]  	733	9 
[14, 19, 1, 1]  	734	8 
[8, 26, 0, 1]  	750	8 
[12, 23, 0, 1]  	757	8 
[4, 11, 14, 1]  	763	6 
[16, 20, 0, 1]  	764	8 
[10, 25, 0, 1]  	765	8 
[14, 22, 0, 1]  	772	8 
[19, 18, 0, 1]  	775	8 
[7, 28, 0, 1]  	777	7 
[18, 19, 0, 1]  	779	8 
[4, 31, 0, 1]  	789	6 
[2, 29, 5, 1]  	860	4 
[2, 28, 6, 1]  	868	4 
[2, 27, 7, 1]  	876	3 
[2, 7, 22, 1]  	881	3 
[2, 9, 21, 1]  	896	3 
[2, 0, 28, 1]  	906	4 
[6, 28, 0, 2]  	758	7 
[5, 29, 0, 2]  	762	6 
[1, 30, 7, 2]  	926	2 
[1, 0, 30, 2]  	949	2 
[5, 14, 4, 23]  	541	6 
[4, 14, 11, 23]  	739	5 
[4, 25, 3, 23]  	744	6 
[4, 17, 10, 23]  	777	5 
[4, 1, 22, 23]  	781	5 
[0, 16, 18, 23]  	926	1 
[9, 2, 6, 24]  	403	5 
[7, 8, 5, 24]  	472	6 
[4, 14, 3, 24]  	491	5 
[7, 5, 14, 24]  	682	7 
[7, 23, 1, 24]  	693	6 
[6, 8, 13, 24]  	701	6 
[5, 8, 14, 24]  	713	5 
[6, 25, 1, 24]  	720	7 
[4, 0, 22, 24]  	758	5 
[3, 28, 2, 24]  	763	4 
[4, 3, 21, 24]  	796	5 
[3, 3, 22, 24]  	808	4 
[3, 20, 10, 24]  	827	2 
[1, 15, 16, 24]  	860	2 
[1, 14, 17, 24]  	868	3 
[1, 13, 18, 24]  	876	2 
[1, 24, 10, 24]  	881	2 
[0, 32, 5, 24]  	891	2 
[1, 26, 9, 24]  	896	2 
[0, 31, 6, 24]  	899	2 
[0, 1, 29, 24]  	922	1 
------
The gap is between 3 and 22.
Lengths: 3 3 5 6 3 3.
For 982 = 5*d/2-d1-d2-d3 you get 3 in char 0.
1*x^1*y^23*z^14
1*y^40*z^2
1*y^9*z^25

For 560 = 3*d/2-d1-d2-d3 you get 5 in char 0.
1*x^4*y^17*z^3
1*x^3*y^3*z^14
1*x^2*y^20*z^2
1*x^1*y^6*z^13
1*y^23*z^1

For 138 = d/2-d1-d2-d3 you get 3 in char 0.
1*x^4*z^2
1*x^2*y^3*z^1
1*y^6

Extra powers of p used 1.
The invariant extra is equal to 1.
Start computing 7^3 Delta^1 (x1x2x3)^6... Done.
Start computing 7^4 Delta^2 (x1x2x3)^6... Done.
Start computing 7^5 Delta^3 (x1x2x3)^6... Done.
Start computing 7^6 Delta^4 (x1x2x3)^6... Done.
Start computing 7^7 Delta^5 (x1x2x3)^6... Done.
Start computing 7^8 Delta^6 (x1x2x3)^6... Done.
Start computing aa.
1 2 3 4 5 6 7 8 9 10 11 
*/
A = \
[134385798710195188128,170775341281275137533,109660298098070797504,104381791901984958823,74005976152972153486,178137521743570636590,91582872221541277976,28036432941468114646,115619076232290473164,39470326912093713146,38653969040954936487;\
122211537087986779860,146409344116570039302,6125788948922092891,134885508307453240323,68110259790560574804,101384208023681181186,12067837278260895327,110503013649211323469,10241872756258795582,105190357420201096337,62192262869152180863;\
149365037491244599962,174400100925118645290,101570416107571064311,175876137350408004692,179156825555822580725,113773670917968766908,79030042879106601744,155623328897399183142,144847142650152839120,172189950006427761093,42605674815631461849;\
23347245663330010660,13554298196032547023,1843804316462392155,183088231278314648258,184419845762414392459,147790625653129943113,41811160986038820082,188384942081234097913,179698437355164927983,137955960706711756721,154811538838511020634;\
86661408909738797274,112090385321856698400,64585694218301657570,143727728877974921890,17284704536622955341,3748697003357232591,19106953671545941656,89987877654395776412,87567806394384726844,83647809438921509369,112384661837869912400;\
4438262533130836697,145347778797691021608,26720845834734222536,174316369424773098607,139781935967725152794,73641744137051618157,33409348902770337868,14359728949477336516,136994626928419426201,157470098929052004214,147854726082191499812;\
19271744956252680990,148272636729800166318,37361856516168903533,101427301103009371077,29123224561149345914,66621239551267460346,182633258108359003022,157407479000871934828,103455574147042525352,153069168465798445007,70990075044987041629;\
98283259793628883211,1945774191195017540,83254292066306960447,172716233349247290353,129290371990142329869,105297167685636133725,163605035815544765841,177273336406241934628,123540233949118240604,150208739109258967256,125541777481536921673;\
101498095020668896046,149698904042434180875,7633715343748265695,49063298816155646323,141400095728424877456,80221323729865834495,93409660782479725663,120137481099858874099,139028767191148870511,125098574181340609934,38697872428456098816;\
67614544030453530187,123482375751357481985,36616712444089101024,131483023069832388213,138547009493329675329,42080342781938414709,69991105700748034761,169621256084918334081,132610979545445476530,180327978672636083919,26281613440014303616;\
61998907121772300582,131488359523188754933,2601668857732172839,28103788772634871513,66585492568354288585,57756305147214516157,36933343092131213504,1413488197033240286,145869881986830956073,136566683792392131880,179078789443460742150]
/* 
This matrix times 7^(-1) should be the matrix of frobenius.
*/ 
B = 7^(-1) * A; 
/* Freed 54 lists. */
