/* Comments begin... 
Coefficient of   x^21 * y^1               = 1
Coefficient of   x^10 * y^2 * z^6         = 3
Coefficient of   x^8 * y^5 * z^5         = 2
Coefficient of   x^6 * y^8 * z^4         = -1
Coefficient of   x^4 * y^11 * z^3         = -1
Coefficient of   x^2 * y^14 * z^2         = -1
Coefficient of   x^1 * z^13               = -1
Coefficient of   y^17 * z^1               = -1

Here is the polynomial we're using this time:

1*x^21*y^1 + 3*x^10*y^2*z^6 + 2*x^8*y^5*z^5 + -1*x^6*y^8*z^4 + -1*x^4*y^11*z^3 + -1*x^2*y^14*z^2 + -1*x^1*z^13 + -1*y^17*z^1

Allocate G_len 20 elements and old = 0.
Allocate M_len = 400 elements.
Allocate G_len 40 elements and old = 20.
Allocate M_len = 800 elements.
Allocate G_len 80 elements and old = 40.
Allocate M_len = 1600 elements.
Allocate M_len = 3200 elements.
Allocate G_len 160 elements and old = 80.
Allocate M_len = 6400 elements.
Allocate M_len = 12800 elements.
Allocate G_len 320 elements and old = 160.
Allocate M_len = 25600 elements.
The final length of G is 191
[10, 2, 5, 0]  	391	7 
[21, 0, 0, 0]  	399	7  <--- 1
[8, 5, 5, 0]  	422	6 
[6, 11, 4, 0]  	491	6 
[6, 14, 3, 0]  	529	7 
[5, 0, 15, 0]  	560	6 
[19, 5, 4, 0]  	600	7 
[14, 11, 3, 0]  	612	11 
[17, 8, 4, 0]  	631	10 
[19, 8, 3, 0]  	638	7 
[15, 14, 2, 0]  	669	9 
[9, 3, 14, 0]  	674	9 
[19, 11, 2, 0]  	676	9 
[12, 17, 2, 0]  	681	9 
[14, 0, 14, 0]  	700	7 
[7, 6, 14, 0]  	705	8 
[16, 0, 13, 0]  	707	7 
[11, 19, 2, 0]  	708	8 
[8, 23, 1, 0]  	712	8 
[19, 14, 1, 0]  	714	8 
[7, 8, 13, 0]  	720	8 
[7, 23, 2, 0]  	724	8 
[6, 8, 14, 0]  	732	7 
[5, 25, 2, 0]  	732	7 
[5, 9, 14, 0]  	736	7 
[13, 20, 1, 0]  	738	6 
[7, 25, 1, 0]  	739	7 
[6, 26, 1, 0]  	743	7 
[17, 17, 1, 0]  	745	7 
[11, 22, 1, 0]  	746	6 
[5, 11, 13, 0]  	751	7 
[20, 0, 12, 0]  	752	7 
[13, 22, 0, 0]  	753	6 
[4, 12, 13, 0]  	755	6 
[6, 28, 0, 0]  	758	7 
[5, 29, 0, 0]  	762	6 
[4, 11, 14, 0]  	763	6 
[5, 17, 9, 0]  	765	6 
[9, 26, 0, 0]  	769	6 
[5, 28, 1, 0]  	770	6 
[4, 14, 12, 0]  	770	6 
[20, 17, 0, 0]  	771	2 
[5, 24, 4, 0]  	771	6 
[4, 29, 1, 0]  	774	6 
[5, 15, 11, 0]  	781	6 
[4, 28, 2, 0]  	782	6 
[3, 14, 13, 0]  	782	6 
[17, 20, 0, 0]  	783	6 
[4, 20, 8, 0]  	784	5 
[3, 29, 2, 0]  	786	5 
[4, 31, 0, 0]  	789	6 
[3, 32, 0, 0]  	793	5 
[5, 21, 7, 0]  	795	6 
[19, 19, 0, 0]  	798	6 
[4, 18, 10, 0]  	800	5 
[3, 31, 1, 0]  	801	5 
[3, 0, 24, 0]  	801	5 
[4, 17, 11, 0]  	808	5 
[5, 23, 6, 0]  	810	6 
[4, 24, 6, 0]  	814	5 
[4, 4, 21, 0]  	819	5 
[3, 17, 12, 0]  	820	5 
[4, 23, 7, 0]  	822	5 
[2, 18, 12, 0]  	824	4 
[4, 3, 22, 0]  	827	5 
[4, 26, 5, 0]  	829	5 
[3, 12, 16, 0]  	829	5 
[3, 4, 22, 0]  	831	4 
[3, 11, 17, 0]  	837	5 
[3, 7, 20, 0]  	838	4 
[3, 3, 23, 0]  	839	4 
[4, 9, 18, 0]  	841	5 
[2, 35, 0, 0]  	843	4 
[3, 10, 18, 0]  	845	4 
[3, 6, 21, 0]  	846	4 
[3, 9, 19, 0]  	853	4 
[3, 28, 5, 0]  	856	5 
[3, 24, 8, 0]  	857	4 
[3, 20, 11, 0]  	858	4 
[2, 29, 5, 0]  	860	4 
[2, 21, 11, 0]  	862	3 
[3, 27, 6, 0]  	864	4 
[3, 23, 9, 0]  	865	4 
[2, 28, 6, 0]  	868	4 
[3, 26, 7, 0]  	872	4 
[2, 4, 24, 0]  	874	4 
[2, 31, 4, 0]  	875	5 
[2, 27, 7, 0]  	876	3 
[2, 23, 10, 0]  	877	3 
[2, 15, 16, 0]  	879	4 
[2, 7, 22, 0]  	881	3 
[2, 26, 8, 0]  	884	3 
[2, 14, 17, 0]  	887	4 
[2, 10, 20, 0]  	888	3 
[1, 38, 0, 0]  	893	3 
[2, 9, 21, 0]  	896	3 
[2, 1, 27, 0]  	898	4 
[1, 14, 18, 0]  	899	3 
[1, 10, 21, 0]  	900	2 
[2, 12, 19, 0]  	903	3 
[2, 0, 28, 0]  	906	4 
[1, 13, 19, 0]  	907	2 
[1, 32, 5, 0]  	910	3 
[1, 12, 20, 0]  	915	2 
[1, 31, 6, 0]  	918	3 
[1, 27, 9, 0]  	919	2 
[0, 32, 6, 0]  	922	2 
[1, 30, 7, 0]  	926	2 
[1, 18, 16, 0]  	929	3 
[1, 29, 8, 0]  	934	2 
[0, 30, 8, 0]  	938	1 
[1, 1, 29, 0]  	941	2 
[1, 24, 12, 0]  	943	3 
[1, 35, 4, 0]  	948	3 
[1, 0, 30, 0]  	949	2 
[0, 1, 30, 0]  	953	1 
[0, 16, 19, 0]  	957	1 
[0, 35, 5, 0]  	960	2 
[0, 0, 31, 0]  	961	1  <--- 3
[1, 21, 15, 0]  	967	3 
[0, 18, 18, 0]  	972	1 
[1, 4, 28, 0]  	979	2 
[0, 4, 29, 0]  	991	1 
[0, 38, 4, 0]  	998	2 
[0, 21, 17, 0]  	1010	1 
[0, 44, 0, 0]  	1012	2  <--- 2
[1, 7, 27, 0]  	1017	2 
[0, 7, 28, 0]  	1029	1 
[0, 41, 3, 0]  	1036	2 
[0, 24, 16, 0]  	1048	1 
[0, 10, 27, 0]  	1067	1 
[0, 27, 15, 0]  	1086	1 
[0, 13, 26, 0]  	1105	1 
[20, 1, 0, 1]  	403	7 
[8, 8, 4, 1]  	460	7 
[18, 5, 4, 1]  	581	12 
[18, 8, 3, 1]  	619	11 
[14, 14, 2, 1]  	650	10 
[18, 11, 2, 1]  	657	10 
[12, 0, 14, 1]  	662	9 
[15, 0, 13, 1]  	688	8 
[10, 19, 2, 1]  	689	9 
[9, 20, 2, 1]  	693	8 
[18, 14, 1, 1]  	695	9 
[12, 20, 1, 1]  	719	7 
[6, 9, 13, 1]  	724	7 
[16, 17, 1, 1]  	726	8 
[10, 22, 1, 1]  	727	7 
[19, 0, 12, 1]  	733	8 
[12, 22, 0, 1]  	734	7 
[8, 26, 0, 1]  	750	7 
[16, 20, 0, 1]  	764	7 
[19, 18, 0, 1]  	775	7 
[18, 19, 0, 1]  	779	7 
[2, 32, 1, 1]  	805	5 
[4, 25, 5, 1]  	806	6 
[4, 1, 23, 1]  	812	5 
[4, 7, 19, 1]  	826	5 
[4, 6, 20, 1]  	834	5 
[3, 21, 10, 1]  	850	4 
[2, 24, 9, 1]  	869	3 
[1, 15, 17, 1]  	891	3 
[2, 13, 18, 1]  	895	3 
[11, 0, 14, 2]  	643	10 
[7, 22, 2, 2]  	701	8 
[4, 26, 3, 2]  	767	6 
[4, 10, 17, 2]  	833	5 
[0, 31, 7, 2]  	930	2 
[6, 25, 1, 23]  	720	7 
[3, 12, 14, 23]  	767	5 
[3, 27, 5, 23]  	833	4 
[0, 0, 30, 23]  	930	1 
[9, 2, 6, 24]  	403	6 
[6, 11, 3, 24]  	460	6 
[7, 8, 5, 24]  	472	5 
[5, 14, 4, 24]  	541	6 
[10, 17, 2, 24]  	643	9 
[7, 5, 14, 24]  	682	7 
[7, 23, 1, 24]  	693	7 
[6, 8, 13, 24]  	701	7 
[5, 25, 1, 24]  	701	6 
[5, 8, 14, 24]  	713	7 
[5, 28, 0, 24]  	739	6 
[3, 11, 14, 24]  	744	5 
[3, 23, 7, 24]  	803	4 
[2, 1, 24, 24]  	805	4 
[3, 18, 11, 24]  	812	4 
[2, 7, 21, 24]  	850	3 
[1, 10, 20, 24]  	869	2 
[0, 32, 5, 24]  	891	2 
[1, 30, 6, 24]  	895	2 
------
The gap is between 3 and 22.
Lengths: 3 3 5 5 3 3.
For 982 = 5*d/2-d1-d2-d3 you get 3 in char 0.
1*x^1*y^23*z^14
1*y^40*z^2
1*y^9*z^25

For 560 = 3*d/2-d1-d2-d3 you get 5 in char 0.
1*x^4*y^17*z^3
1*x^3*y^3*z^14
1*x^2*y^20*z^2
1*x^1*y^6*z^13
1*y^23*z^1

For 138 = d/2-d1-d2-d3 you get 3 in char 0.
1*x^4*z^2
1*x^2*y^3*z^1
1*y^6

Extra powers of p used 0.
The invariant extra is equal to 1.
Start computing 7^3 Delta^1 (x1x2x3)^6... Done.
Start computing 7^4 Delta^2 (x1x2x3)^6... Done.
Start computing 7^5 Delta^3 (x1x2x3)^6... Done.
Start computing 7^6 Delta^4 (x1x2x3)^6... Done.
Start computing 7^7 Delta^5 (x1x2x3)^6... Done.
Start computing 7^8 Delta^6 (x1x2x3)^6... Done.
Start computing aa.
1 2 3 4 5 6 7 8 9 10 11 
*/
A = \
[139026940853182882016,6543255864261188229,168533493975413242518,127064317562241813607,24924363931507478263,179941158153036507563,178775903778346872284,105917671171513973149,142334084720976586886,189491423407557579945,43221975239171909383;\
33138096949287057894,17318066613454901423,53061804513047719406,125077680521776108623,167370240626624501466,158271166782763809705,99571515867589112753,34074439936753002381,21061311340921858251,155746627377958888502,131671523987406040120;\
25157501588485170979,103872447374214344445,69470362966755941568,13111026942635080396,37117852613892449679,34717330445985978539,14033269226782708826,118659980982922734467,76969655349817639290,120851615582889557821,166491185724517285877;\
67005537419815234364,168252638882825635732,133531373949957005096,173308839925074906647,60852613473425821208,74391452611780795855,190123844516727837555,78756368985097996136,30678850092269555855,122198848485382185188,67600054876250100043;\
116014669967592521113,102633759280068647285,174932302551164637697,156477185825276489159,181661590457449968691,152760876742626062309,131719077118171585504,115263674801698060407,152311508406766624769,92268907810952325502,9544379323869065060;\
50896436795127687695,178306593414886531410,70158291322241017762,115981634596242927085,160773899870749743571,36152305119477448370,14850543247940135512,101351195583433230022,58789828298496073492,150079673648804991602,135647382469959316551;\
147026423252315150456,176939250179771766269,144030579625025618442,17777735953227144587,191303800812636454145,132710926434956422168,46764004744083922302,147552088373705763888,3694748782706380434,119082909585544338357,134886200679312076589;\
88321747703772239581,172536278576752640034,66175006682447464197,178805061520629382580,60241723032119979098,11668242858860162673,121713869734461042857,41581243611819975385,90553976705698060275,20687781642640347508,79453464484874594954;\
144280850762288552502,40704841281129830566,187429431834762243992,81005636508641007156,142857947461244439683,92897852933845220849,39488064027063335551,91395746387308832259,46454562353990316267,97819837000465757198,73392325068072842013;\
58153559895096665088,143771215334316566777,28963498810186931607,107063089106038182488,111461039239976890898,38612144028489403001,72556287839938103544,124377785358983304799,54585576257853358991,187415486982038487928,133712825480811700837;\
82530085946904606115,157908108653614250153,111382345355574960519,98740943950420337405,139028580228449718933,126978535685624574672,103425176656414431637,174248142892587084356,88200643281633733641,31760215760248137057,111492826476332831460]
/* 
This should be the matrix of frobenius!
*/ 
B = A; 
/* Freed 53 lists. */
