/* Comments begin... 
Coefficient of   x^21 * y^1               = 0
Coefficient of   x^10 * y^2 * z^6         = -2
Coefficient of   x^8 * y^5 * z^5         = 2
Coefficient of   x^6 * y^8 * z^4         = 1
Coefficient of   x^4 * y^11 * z^3         = -3
Coefficient of   x^2 * y^14 * z^2         = 3
Coefficient of   x^1 * z^13               = 3
Coefficient of   y^17 * z^1               = -3

Here is the polynomial we're using this time:

-2*x^10*y^2*z^6 + 2*x^8*y^5*z^5 + 1*x^6*y^8*z^4 + -3*x^4*y^11*z^3 + 3*x^2*y^14*z^2 + 3*x^1*z^13 + -3*y^17*z^1

Allocate G_len 20 elements and old = 0.
Allocate M_len = 400 elements.
Allocate G_len 40 elements and old = 20.
Allocate M_len = 800 elements.
Allocate G_len 80 elements and old = 40.
Allocate M_len = 1600 elements.
Allocate M_len = 3200 elements.
Allocate G_len 160 elements and old = 80.
Not smooth!
Coefficient of   x^21 * y^1               = 2
Coefficient of   x^10 * y^2 * z^6         = 1
Coefficient of   x^8 * y^5 * z^5         = 0
Coefficient of   x^6 * y^8 * z^4         = -1
Coefficient of   x^4 * y^11 * z^3         = 1
Coefficient of   x^2 * y^14 * z^2         = 2
Coefficient of   x^1 * z^13               = -3
Coefficient of   y^17 * z^1               = -3

Here is the polynomial we're using this time:

2*x^21*y^1 + 1*x^10*y^2*z^6 + -1*x^6*y^8*z^4 + 1*x^4*y^11*z^3 + 2*x^2*y^14*z^2 + -3*x^1*z^13 + -3*y^17*z^1

Allocate M_len = 6400 elements.
Allocate M_len = 12800 elements.
Allocate G_len 320 elements and old = 160.
Allocate M_len = 25600 elements.
The final length of G is 191
[10, 2, 5, 0]  	391	6 
[21, 0, 0, 0]  	399	6  <--- 1
[6, 8, 4, 0]  	422	5 
[6, 14, 3, 0]  	529	7 
[5, 0, 15, 0]  	560	6 
[17, 8, 3, 0]  	600	6 
[15, 11, 3, 0]  	631	5 
[12, 0, 14, 0]  	662	9 
[15, 14, 2, 0]  	669	9 
[9, 3, 14, 0]  	674	9 
[19, 11, 2, 0]  	676	9 
[9, 20, 2, 0]  	693	8 
[13, 17, 2, 0]  	700	8 
[8, 5, 14, 0]  	701	8 
[7, 6, 14, 0]  	705	8 
[16, 0, 13, 0]  	707	8 
[11, 19, 2, 0]  	708	8 
[9, 6, 13, 0]  	712	8 
[19, 14, 1, 0]  	714	8 
[8, 22, 2, 0]  	720	8 
[7, 23, 2, 0]  	724	7 
[5, 25, 2, 0]  	732	7 
[5, 9, 14, 0]  	736	7 
[13, 20, 1, 0]  	738	7 
[7, 25, 1, 0]  	739	7 
[6, 26, 1, 0]  	743	7 
[17, 17, 1, 0]  	745	7 
[5, 11, 13, 0]  	751	7 
[20, 0, 12, 0]  	752	7 
[15, 19, 1, 0]  	753	7 
[4, 12, 13, 0]  	755	6 
[5, 29, 0, 0]  	762	6 
[4, 11, 14, 0]  	763	6 
[10, 25, 0, 0]  	765	7 
[4, 26, 3, 0]  	767	6 
[9, 26, 0, 0]  	769	6 
[5, 28, 1, 0]  	770	6 
[4, 14, 12, 0]  	770	6 
[20, 17, 0, 0]  	771	2 
[5, 24, 4, 0]  	771	6 
[4, 29, 1, 0]  	774	6 
[13, 23, 0, 0]  	776	6 
[7, 28, 0, 0]  	777	6 
[5, 15, 11, 0]  	781	6 
[4, 28, 2, 0]  	782	6 
[3, 14, 13, 0]  	782	6 
[17, 20, 0, 0]  	783	6 
[3, 29, 2, 0]  	786	5 
[5, 18, 9, 0]  	788	6 
[15, 22, 0, 0]  	791	6 
[3, 32, 0, 0]  	793	5 
[5, 21, 7, 0]  	795	6 
[5, 17, 10, 0]  	796	6 
[19, 19, 0, 0]  	798	6 
[4, 18, 10, 0]  	800	5 
[3, 31, 1, 0]  	801	5 
[3, 0, 24, 0]  	801	5 
[5, 20, 8, 0]  	803	6 
[2, 32, 1, 0]  	805	5 
[4, 25, 5, 0]  	806	6 
[5, 23, 6, 0]  	810	6 
[4, 1, 23, 0]  	812	5 
[4, 24, 6, 0]  	814	5 
[4, 20, 9, 0]  	815	5 
[4, 4, 21, 0]  	819	5 
[3, 17, 12, 0]  	820	5 
[4, 23, 7, 0]  	822	5 
[2, 18, 12, 0]  	824	4 
[4, 7, 19, 0]  	826	5 
[4, 3, 22, 0]  	827	5 
[3, 12, 16, 0]  	829	5 
[3, 4, 22, 0]  	831	4 
[4, 10, 17, 0]  	833	5 
[4, 6, 20, 0]  	834	5 
[3, 11, 17, 0]  	837	5 
[3, 7, 20, 0]  	838	4 
[3, 3, 23, 0]  	839	4 
[4, 9, 18, 0]  	841	5 
[2, 35, 0, 0]  	843	4 
[3, 10, 18, 0]  	845	4 
[3, 6, 21, 0]  	846	4 
[3, 21, 10, 0]  	850	4 
[3, 9, 19, 0]  	853	4 
[3, 28, 5, 0]  	856	5 
[3, 20, 11, 0]  	858	4 
[2, 29, 5, 0]  	860	4 
[3, 27, 6, 0]  	864	4 
[3, 23, 9, 0]  	865	4 
[2, 28, 6, 0]  	868	4 
[2, 24, 9, 0]  	869	3 
[3, 26, 7, 0]  	872	4 
[2, 4, 24, 0]  	874	4 
[2, 31, 4, 0]  	875	5 
[2, 27, 7, 0]  	876	3 
[2, 15, 16, 0]  	879	4 
[2, 7, 22, 0]  	881	3 
[2, 26, 8, 0]  	884	3 
[2, 14, 17, 0]  	887	4 
[2, 10, 20, 0]  	888	3 
[1, 15, 17, 0]  	891	3 
[2, 13, 18, 0]  	895	3 
[2, 9, 21, 0]  	896	3 
[2, 1, 27, 0]  	898	4 
[1, 14, 18, 0]  	899	3 
[1, 10, 21, 0]  	900	2 
[2, 12, 19, 0]  	903	3 
[2, 0, 28, 0]  	906	4 
[1, 13, 19, 0]  	907	2 
[1, 32, 5, 0]  	910	3 
[1, 12, 20, 0]  	915	2 
[1, 31, 6, 0]  	918	3 
[1, 27, 9, 0]  	919	2 
[0, 32, 6, 0]  	922	2 
[1, 30, 7, 0]  	926	2 
[1, 18, 16, 0]  	929	3 
[0, 31, 7, 0]  	930	2 
[1, 29, 8, 0]  	934	2 
[0, 30, 8, 0]  	938	1 
[1, 1, 29, 0]  	941	2 
[1, 24, 12, 0]  	943	3 
[1, 35, 4, 0]  	948	3 
[1, 0, 30, 0]  	949	2 
[0, 1, 30, 0]  	953	1 
[0, 16, 19, 0]  	957	1 
[0, 35, 5, 0]  	960	2 
[0, 0, 31, 0]  	961	1  <--- 3
[1, 41, 0, 0]  	962	2 
[0, 18, 18, 0]  	972	1 
[0, 4, 29, 0]  	991	1 
[0, 21, 17, 0]  	1010	1 
[0, 44, 0, 0]  	1012	2  <--- 2
[1, 7, 27, 0]  	1017	2 
[0, 7, 28, 0]  	1029	1 
[0, 24, 16, 0]  	1048	1 
[0, 41, 4, 0]  	1067	1 
[0, 10, 27, 0]  	1067	1 
[0, 27, 15, 0]  	1086	1 
[0, 13, 26, 0]  	1105	1 
[20, 1, 0, 1]  	403	6 
[16, 8, 3, 1]  	581	10 
[14, 11, 3, 1]  	612	9 
[11, 0, 14, 1]  	643	10 
[14, 14, 2, 1]  	650	10 
[18, 11, 2, 1]  	657	10 
[12, 17, 2, 1]  	681	9 
[15, 0, 13, 1]  	688	9 
[10, 19, 2, 1]  	689	9 
[18, 14, 1, 1]  	695	9 
[12, 20, 1, 1]  	719	8 
[16, 17, 1, 1]  	726	8 
[9, 23, 1, 1]  	731	7 
[19, 0, 12, 1]  	733	8 
[14, 19, 1, 1]  	734	8 
[11, 22, 1, 1]  	746	7 
[8, 26, 0, 1]  	750	7 
[12, 23, 0, 1]  	757	7 
[6, 28, 0, 1]  	758	7 
[16, 20, 0, 1]  	764	7 
[14, 22, 0, 1]  	772	7 
[19, 18, 0, 1]  	775	7 
[18, 19, 0, 1]  	779	7 
[4, 31, 0, 1]  	789	6 
[4, 21, 8, 1]  	807	5 
[4, 17, 11, 1]  	808	5 
[3, 24, 8, 1]  	857	4 
[2, 21, 11, 1]  	862	3 
[2, 23, 10, 1]  	877	3 
[1, 38, 0, 1]  	893	3 
[1, 21, 15, 1]  	967	3 
[1, 4, 28, 1]  	979	2 
[0, 38, 4, 1]  	998	2 
[0, 41, 3, 1]  	1036	2 
[10, 22, 1, 2]  	727	8 
[5, 15, 10, 23]  	750	6 
[9, 2, 6, 24]  	403	5 
[5, 14, 4, 24]  	541	5 
[7, 5, 14, 24]  	682	8 
[5, 8, 14, 24]  	713	6 
[8, 25, 0, 24]  	727	7 
[7, 26, 0, 24]  	731	6 
[4, 25, 3, 24]  	744	6 
[4, 18, 9, 24]  	769	4 
[4, 4, 20, 24]  	788	5 
[4, 0, 23, 24]  	789	5 
[3, 7, 19, 24]  	807	3 
[3, 3, 22, 24]  	808	3 
[2, 10, 19, 24]  	857	3 
[1, 7, 22, 24]  	862	1 
[1, 9, 21, 24]  	877	1 
[0, 7, 26, 24]  	967	1 
[0, 21, 16, 24]  	979	1 
------
The gap is between 3 and 22.
Lengths: 3 3 5 5 3 3.
For 982 = 5*d/2-d1-d2-d3 you get 3 in char 0.
1*x^1*y^23*z^14
1*y^40*z^2
1*y^9*z^25

For 560 = 3*d/2-d1-d2-d3 you get 5 in char 0.
1*x^4*y^17*z^3
1*x^3*y^3*z^14
1*x^2*y^20*z^2
1*x^1*y^6*z^13
1*y^23*z^1

For 138 = d/2-d1-d2-d3 you get 3 in char 0.
1*x^4*z^2
1*x^2*y^3*z^1
1*y^6

Extra powers of p used 0.
The invariant extra is equal to 1.
Start computing 7^3 Delta^1 (x1x2x3)^6... Done.
Start computing 7^4 Delta^2 (x1x2x3)^6... Done.
Start computing 7^5 Delta^3 (x1x2x3)^6... Done.
Start computing 7^6 Delta^4 (x1x2x3)^6... Done.
Start computing 7^7 Delta^5 (x1x2x3)^6... Done.
Start computing 7^8 Delta^6 (x1x2x3)^6... Done.
Start computing aa.
1 2 3 4 5 6 7 8 9 10 11 
*/
A = \
[72377879291572866932,189438194479659370741,77125235609472803973,40374888796890615492,187214955997300538965,187749305009371557326,66444962368107671677,167343668101837245816,54251407937709192525,139794502944232321997,18600902871088927172;\
97088864028837672311,117860267313099745878,32241705178128885624,145158918965283943041,151483977828591747696,83273405592769686280,33246648798409760623,157212415243881625439,158466926147277570179,42687049256756601361,96126370107877566618;\
112827760037287176263,14503193858192800915,1196192889295150942,86208446383633280091,189818431397654888703,85024955364397570893,21899140840401241921,171511907472812886910,124458975150799385411,130594338171318369614,79733343815342796432;\
104341517601264887937,140319120738392647564,92823311926877560710,27501262284878355407,23894126832071324941,28490010472583254861,183583924545511692083,77261110909499927872,87895184106131996832,55821610032490078035,181444465712838078268;\
103800489208398214053,80643836777708939896,104572282002463685763,132093540203677809309,65165205229673168249,109819168848374057037,8091010718235038594,100464497508217975335,9725601989572901915,131010053542803865430,102702337900431087903;\
41164387539973993044,106544957622890032340,15881393609989084177,107796230632217202642,67284976438987978853,167923009378034639652,120218216141199517229,13335613269212983609,64435472350261323647,47168580365823017227,110053719341042582742;\
12930954163536600432,52408406412403233637,75070853524641893165,6868036871760482677,175884160041036186873,139443217255306125448,49953090424641027575,1289561516465366165,138652587813456055633,28428452867091998070,92947730564990040082;\
133263523157520667054,167942041611436961985,74223156203843608514,49468568424373689535,26657767078283976796,133222628198696614011,176694426182832099381,82713579643171495984,78745705579419415957,41382187800918720616,135577009298848336212;\
180650465441716846762,70036834373928060520,774258119520048226,133778790580461277468,61179095817704813585,160073103668243203606,7227153736693313661,55277493802699435631,191479485319790434263,148287771781329885110,189611333951919141661;\
109605213034838574762,71635778259493113547,187102825348198033020,61394654882555086659,122352759607357486228,88481571541949453868,81955835899774334022,20418259452033858751,154597885343566505456,23603160687096302375,135067901023088427079;\
135765605019212209947,87952371379682245814,180759745393369818214,138373774531174029967,180472179938256265759,102776634752356535733,94893788411592788926,154022878565787347088,181892299088836136913,94547721999401184171,179616911842458695661]
/* 
This should be the matrix of frobenius!
*/ 
B = A; 
/* Freed 54 lists. */
