/* Comments begin... 
Coefficient of   x^21 * y^1               = 3
Coefficient of   x^10 * y^2 * z^6         = 3
Coefficient of   x^8 * y^5 * z^5         = 3
Coefficient of   x^6 * y^8 * z^4         = 2
Coefficient of   x^4 * y^11 * z^3         = -3
Coefficient of   x^2 * y^14 * z^2         = -3
Coefficient of   x^1 * z^13               = -3
Coefficient of   y^17 * z^1               = -1

Here is the polynomial we're using this time:

3*x^21*y^1 + 3*x^10*y^2*z^6 + 3*x^8*y^5*z^5 + 2*x^6*y^8*z^4 + -3*x^4*y^11*z^3 + -3*x^2*y^14*z^2 + -3*x^1*z^13 + -1*y^17*z^1

Allocate G_len 20 elements and old = 0.
Allocate M_len = 400 elements.
Allocate G_len 40 elements and old = 20.
Allocate M_len = 800 elements.
Allocate G_len 80 elements and old = 40.
Allocate M_len = 1600 elements.
Allocate M_len = 3200 elements.
Allocate G_len 160 elements and old = 80.
Allocate M_len = 6400 elements.
Allocate M_len = 12800 elements.
Allocate G_len 320 elements and old = 160.
Allocate M_len = 25600 elements.
The final length of G is 197
[10, 2, 5, 0]  	391	7 
[21, 0, 0, 0]  	399	7  <--- 1
[8, 5, 5, 0]  	422	6 
[8, 8, 4, 0]  	460	7 
[6, 11, 4, 0]  	491	6 
[6, 14, 3, 0]  	529	7 
[5, 0, 15, 0]  	560	6 
[19, 5, 4, 0]  	600	7 
[19, 8, 3, 0]  	638	7 
[14, 14, 2, 0]  	650	10 
[12, 0, 14, 0]  	662	9 
[17, 11, 3, 0]  	669	9 
[9, 3, 14, 0]  	674	9 
[19, 11, 2, 0]  	676	9 
[9, 20, 2, 0]  	693	8 
[13, 17, 2, 0]  	700	8 
[7, 22, 2, 0]  	701	8 
[16, 0, 13, 0]  	707	8 
[11, 19, 2, 0]  	708	8 
[19, 14, 1, 0]  	714	8 
[7, 8, 13, 0]  	720	8 
[6, 9, 13, 0]  	724	7 
[9, 23, 1, 0]  	731	7 
[6, 8, 14, 0]  	732	7 
[5, 25, 2, 0]  	732	7 
[5, 9, 14, 0]  	736	7 
[13, 20, 1, 0]  	738	7 
[7, 25, 1, 0]  	739	7 
[6, 26, 1, 0]  	743	7 
[11, 22, 1, 0]  	746	7 
[5, 11, 13, 0]  	751	7 
[20, 0, 12, 0]  	752	7 
[15, 19, 1, 0]  	753	7 
[4, 12, 13, 0]  	755	6 
[5, 29, 0, 0]  	762	6 
[16, 20, 0, 0]  	764	7 
[4, 26, 3, 0]  	767	6 
[9, 26, 0, 0]  	769	6 
[5, 28, 1, 0]  	770	6 
[4, 14, 12, 0]  	770	6 
[20, 17, 0, 0]  	771	2 
[5, 24, 4, 0]  	771	6 
[13, 23, 0, 0]  	776	6 
[7, 28, 0, 0]  	777	6 
[5, 15, 11, 0]  	781	6 
[4, 28, 2, 0]  	782	6 
[3, 14, 13, 0]  	782	6 
[11, 25, 0, 0]  	784	6 
[3, 29, 2, 0]  	786	5 
[5, 18, 9, 0]  	788	6 
[4, 31, 0, 0]  	789	6 
[15, 22, 0, 0]  	791	6 
[3, 32, 0, 0]  	793	5 
[5, 21, 7, 0]  	795	6 
[5, 17, 10, 0]  	796	6 
[19, 19, 0, 0]  	798	6 
[4, 18, 10, 0]  	800	5 
[3, 31, 1, 0]  	801	5 
[3, 0, 24, 0]  	801	5 
[5, 20, 8, 0]  	803	6 
[2, 32, 1, 0]  	805	5 
[4, 25, 5, 0]  	806	6 
[4, 17, 11, 0]  	808	5 
[5, 23, 6, 0]  	810	6 
[4, 24, 6, 0]  	814	5 
[4, 20, 9, 0]  	815	5 
[4, 23, 7, 0]  	822	5 
[2, 18, 12, 0]  	824	4 
[4, 7, 19, 0]  	826	5 
[4, 3, 22, 0]  	827	5 
[3, 12, 16, 0]  	829	5 
[3, 4, 22, 0]  	831	4 
[4, 10, 17, 0]  	833	5 
[4, 6, 20, 0]  	834	5 
[3, 11, 17, 0]  	837	5 
[3, 7, 20, 0]  	838	4 
[3, 3, 23, 0]  	839	4 
[4, 9, 18, 0]  	841	5 
[2, 35, 0, 0]  	843	4 
[3, 10, 18, 0]  	845	4 
[3, 6, 21, 0]  	846	4 
[3, 21, 10, 0]  	850	4 
[3, 9, 19, 0]  	853	4 
[3, 28, 5, 0]  	856	5 
[3, 20, 11, 0]  	858	4 
[2, 29, 5, 0]  	860	4 
[3, 23, 9, 0]  	865	4 
[2, 28, 6, 0]  	868	4 
[2, 24, 9, 0]  	869	3 
[3, 26, 7, 0]  	872	4 
[2, 4, 24, 0]  	874	4 
[2, 31, 4, 0]  	875	5 
[2, 27, 7, 0]  	876	3 
[2, 15, 16, 0]  	879	4 
[2, 7, 22, 0]  	881	3 
[2, 26, 8, 0]  	884	3 
[2, 14, 17, 0]  	887	4 
[2, 10, 20, 0]  	888	3 
[1, 15, 17, 0]  	891	3 
[2, 13, 18, 0]  	895	3 
[2, 9, 21, 0]  	896	3 
[2, 1, 27, 0]  	898	4 
[1, 14, 18, 0]  	899	3 
[1, 10, 21, 0]  	900	2 
[2, 12, 19, 0]  	903	3 
[2, 0, 28, 0]  	906	4 
[1, 13, 19, 0]  	907	2 
[1, 32, 5, 0]  	910	3 
[1, 12, 20, 0]  	915	2 
[1, 31, 6, 0]  	918	3 
[1, 27, 9, 0]  	919	2 
[0, 32, 6, 0]  	922	2 
[1, 18, 16, 0]  	929	3 
[0, 31, 7, 0]  	930	2 
[1, 29, 8, 0]  	934	2 
[0, 30, 8, 0]  	938	1 
[1, 1, 29, 0]  	941	2 
[1, 35, 4, 0]  	948	3 
[0, 1, 30, 0]  	953	1 
[0, 16, 19, 0]  	957	1 
[0, 35, 5, 0]  	960	2 
[0, 0, 31, 0]  	961	1  <--- 3
[1, 41, 0, 0]  	962	2 
[1, 21, 15, 0]  	967	3 
[0, 18, 18, 0]  	972	1 
[1, 4, 28, 0]  	979	2 
[0, 4, 29, 0]  	991	1 
[0, 38, 4, 0]  	998	2 
[0, 21, 17, 0]  	1010	1 
[0, 44, 0, 0]  	1012	2  <--- 2
[1, 7, 27, 0]  	1017	2 
[0, 7, 28, 0]  	1029	1 
[0, 41, 3, 0]  	1036	2 
[0, 24, 16, 0]  	1048	1 
[0, 10, 27, 0]  	1067	1 
[0, 27, 15, 0]  	1086	1 
[0, 13, 26, 0]  	1105	1 
[20, 1, 0, 1]  	403	7 
[18, 5, 4, 1]  	581	12 
[18, 8, 3, 1]  	619	11 
[15, 11, 3, 1]  	631	10 
[11, 0, 14, 1]  	643	10 
[18, 11, 2, 1]  	657	10 
[12, 17, 2, 1]  	681	9 
[15, 0, 13, 1]  	688	9 
[10, 19, 2, 1]  	689	9 
[18, 14, 1, 1]  	695	9 
[7, 6, 14, 1]  	705	8 
[8, 23, 1, 1]  	712	8 
[12, 20, 1, 1]  	719	8 
[10, 22, 1, 1]  	727	8 
[19, 0, 12, 1]  	733	8 
[14, 19, 1, 1]  	734	8 
[17, 17, 1, 1]  	745	7 
[8, 26, 0, 1]  	750	7 
[12, 23, 0, 1]  	757	7 
[6, 28, 0, 1]  	758	7 
[4, 11, 14, 1]  	763	6 
[10, 25, 0, 1]  	765	7 
[14, 22, 0, 1]  	772	7 
[19, 18, 0, 1]  	775	7 
[18, 19, 0, 1]  	779	7 
[4, 21, 8, 1]  	807	5 
[4, 1, 23, 1]  	812	5 
[4, 4, 21, 1]  	819	5 
[3, 17, 12, 1]  	820	5 
[2, 21, 11, 1]  	862	3 
[3, 27, 6, 1]  	864	4 
[2, 23, 10, 1]  	877	3 
[1, 38, 0, 1]  	893	3 
[1, 30, 7, 1]  	926	2 
[1, 24, 12, 1]  	943	3 
[1, 0, 30, 1]  	949	2 
[14, 11, 3, 2]  	612	11 
[16, 17, 1, 2]  	726	8 
[3, 24, 8, 2]  	857	4 
[4, 29, 1, 3]  	774	6 
[3, 15, 12, 23]  	774	5 
[2, 10, 19, 23]  	857	3 
[9, 2, 6, 24]  	403	6 
[7, 8, 5, 24]  	472	6 
[5, 14, 4, 24]  	541	6 
[12, 14, 2, 24]  	612	10 
[6, 22, 2, 24]  	682	5 
[5, 8, 14, 24]  	713	4 
[14, 20, 0, 24]  	726	7 
[4, 25, 3, 24]  	744	6 
[3, 28, 2, 24]  	763	4 
[2, 32, 0, 24]  	774	4 
[3, 7, 19, 24]  	807	4 
[3, 18, 11, 24]  	812	4 
[3, 21, 9, 24]  	819	4 
[1, 7, 22, 24]  	862	2 
[2, 13, 17, 24]  	864	3 
[1, 9, 21, 24]  	877	2 
[0, 16, 18, 24]  	926	1 
[0, 41, 0, 24]  	943	2 
------
The gap is between 4 and 22.
Lengths: 3 3 5 5 3 3.
For 982 = 5*d/2-d1-d2-d3 you get 3 in char 0.
1*x^1*y^23*z^14
1*y^40*z^2
1*y^9*z^25

For 560 = 3*d/2-d1-d2-d3 you get 5 in char 0.
1*x^4*y^17*z^3
1*x^3*y^3*z^14
1*x^2*y^20*z^2
1*x^1*y^6*z^13
1*y^23*z^1

For 138 = d/2-d1-d2-d3 you get 3 in char 0.
1*x^4*z^2
1*x^2*y^3*z^1
1*y^6

Extra powers of p used 0.
The invariant extra is equal to 1.
Start computing 7^3 Delta^1 (x1x2x3)^6... Done.
Start computing 7^4 Delta^2 (x1x2x3)^6... Done.
Start computing 7^5 Delta^3 (x1x2x3)^6... Done.
Start computing 7^6 Delta^4 (x1x2x3)^6... Done.
Start computing 7^7 Delta^5 (x1x2x3)^6... Done.
Start computing 7^8 Delta^6 (x1x2x3)^6... Done.
Start computing aa.
1 2 3 4 5 6 7 8 9 10 11 
*/
A = \
[142060336156437124197,115918396644166770871,153832367851770832095,165552213195100786243,123092713540325161941,69623507449072898888,188675697336286743821,88845246226290054963,26894402203109188461,135932425698408930185,129948874440599425561;\
94502160675877144921,91740189378256794046,54580030507172765772,160946040563303307669,18782747372647827842,103173198627142001218,189570738985983435724,10268985141721463024,147181776354412040283,30277155084338216859,37664017235329029391;\
44176816217917274743,7059444961339137479,148045976321344465527,141529474915682421918,97244735717073140343,161349382425495895274,101635543251481381268,53195418352664151382,16169585766205598405,126381024185892691033,174622529425504023213;\
145253934624817901269,140790162357607701343,175030461561449827157,2596121261458170880,40019057429530950988,150122685975178350651,71372839884860979136,176963545701269183955,104159502863669108779,52815216753554280991,98106672979795659921;\
27543060164244546459,152725870597122531564,118815091347342366158,101530278229045401141,147813676515864630397,28391564240411654646,93710377139325329768,138900591338995645999,34796374055872304183,40790474674157532667,16698101517080068659;\
180936478250154857664,17041378036655415402,69940350994051578191,181444868426574954943,104526569400363838406,25405230273189340763,153979283274775910623,176016324069252482123,869852714325504567,173189126321421488810,147298362659872565827;\
169492860939383128566,15993691871199368404,58754208133504901426,23779537751437877654,188890434176798225655,180148242848903038227,112035388984524507292,51348267126502529505,73298608614309291612,122234163876802920971,63042379305617843432;\
8461288200378229226,32294187017022735957,159748540323837986006,171018409893073727957,139253833766638444658,173260175763214350524,51010735000537104219,73735491166280419903,57939415999645757444,52688557045330196494,56922630832755031463;\
167006390427743753483,126872395438266750800,135808286549714972791,3569241159647573606,42294962979570167090,10735822798679109404,18015748400193843873,62777629741473648876,110645610858074523770,108589425258173038004,20074471380514595793;\
142134050575154872429,23958943038537856281,169404868107883817627,101381376218695689130,118977821209054007704,74357160085148726744,173042770231625915677,69512608464789457919,133670170199283559051,174829422854087183917,102378154938686541985;\
41448508506132966115,133915445275952575924,175063702784449681334,82413371398021655502,35238825138642886138,29288593033869899352,96184248046367241404,4804148115875493791,61850779847467435713,77300274755882565387,189443134927972640442]
/* 
This should be the matrix of frobenius!
*/ 
B = A; 
/* Freed 54 lists. */
