/* Comments begin... 
Coefficient of   x^21 * y^1               = 0
Coefficient of   x^10 * y^2 * z^6         = 1
Coefficient of   x^8 * y^5 * z^5         = 1
Coefficient of   x^6 * y^8 * z^4         = 3
Coefficient of   x^4 * y^11 * z^3         = -3
Coefficient of   x^2 * y^14 * z^2         = -3
Coefficient of   x^1 * z^13               = 2
Coefficient of   y^17 * z^1               = -2

Here is the polynomial we're using this time:

1*x^10*y^2*z^6 + 1*x^8*y^5*z^5 + 3*x^6*y^8*z^4 + -3*x^4*y^11*z^3 + -3*x^2*y^14*z^2 + 2*x^1*z^13 + -2*y^17*z^1

Allocate G_len 20 elements and old = 0.
Allocate M_len = 400 elements.
Allocate G_len 40 elements and old = 20.
Allocate M_len = 800 elements.
Allocate G_len 80 elements and old = 40.
Allocate M_len = 1600 elements.
Allocate M_len = 3200 elements.
Allocate G_len 160 elements and old = 80.
Allocate M_len = 6400 elements.
Not smooth!
Coefficient of   x^21 * y^1               = 3
Coefficient of   x^10 * y^2 * z^6         = 2
Coefficient of   x^8 * y^5 * z^5         = 0
Coefficient of   x^6 * y^8 * z^4         = -3
Coefficient of   x^4 * y^11 * z^3         = 3
Coefficient of   x^2 * y^14 * z^2         = -3
Coefficient of   x^1 * z^13               = -3
Coefficient of   y^17 * z^1               = -3

Here is the polynomial we're using this time:

3*x^21*y^1 + 2*x^10*y^2*z^6 + -3*x^6*y^8*z^4 + 3*x^4*y^11*z^3 + -3*x^2*y^14*z^2 + -3*x^1*z^13 + -3*y^17*z^1

Allocate M_len = 12800 elements.
Allocate G_len 320 elements and old = 160.
Allocate M_len = 25600 elements.
The final length of G is 196
[10, 2, 5, 0]  	391	6 
[21, 0, 0, 0]  	399	6  <--- 1
[6, 8, 4, 0]  	422	5 
[6, 14, 3, 0]  	529	7 
[5, 0, 15, 0]  	560	6 
[17, 8, 3, 0]  	600	6 
[15, 11, 3, 0]  	631	5 
[15, 14, 2, 0]  	669	9 
[9, 3, 14, 0]  	674	9 
[19, 11, 2, 0]  	676	9 
[12, 17, 2, 0]  	681	9 
[9, 20, 2, 0]  	693	8 
[14, 0, 14, 0]  	700	8 
[8, 5, 14, 0]  	701	8 
[7, 6, 14, 0]  	705	8 
[16, 0, 13, 0]  	707	8 
[11, 19, 2, 0]  	708	8 
[9, 6, 13, 0]  	712	8 
[19, 14, 1, 0]  	714	8 
[8, 22, 2, 0]  	720	8 
[7, 23, 2, 0]  	724	7 
[5, 25, 2, 0]  	732	7 
[5, 9, 14, 0]  	736	7 
[13, 20, 1, 0]  	738	7 
[7, 25, 1, 0]  	739	7 
[6, 26, 1, 0]  	743	7 
[17, 17, 1, 0]  	745	7 
[5, 11, 13, 0]  	751	7 
[20, 0, 12, 0]  	752	7 
[15, 19, 1, 0]  	753	7 
[4, 12, 13, 0]  	755	6 
[4, 11, 14, 0]  	763	6 
[10, 25, 0, 0]  	765	7 
[4, 26, 3, 0]  	767	6 
[9, 26, 0, 0]  	769	6 
[5, 28, 1, 0]  	770	6 
[4, 14, 12, 0]  	770	6 
[20, 17, 0, 0]  	771	2 
[5, 24, 4, 0]  	771	6 
[4, 29, 1, 0]  	774	6 
[13, 23, 0, 0]  	776	6 
[5, 15, 11, 0]  	781	6 
[4, 28, 2, 0]  	782	6 
[3, 14, 13, 0]  	782	6 
[17, 20, 0, 0]  	783	6 
[3, 29, 2, 0]  	786	5 
[5, 18, 9, 0]  	788	6 
[4, 31, 0, 0]  	789	6 
[15, 22, 0, 0]  	791	6 
[3, 32, 0, 0]  	793	5 
[5, 21, 7, 0]  	795	6 
[5, 17, 10, 0]  	796	6 
[19, 19, 0, 0]  	798	6 
[4, 18, 10, 0]  	800	5 
[3, 31, 1, 0]  	801	5 
[3, 0, 24, 0]  	801	5 
[5, 20, 8, 0]  	803	6 
[4, 25, 5, 0]  	806	6 
[4, 21, 8, 0]  	807	5 
[4, 17, 11, 0]  	808	5 
[5, 23, 6, 0]  	810	6 
[4, 1, 23, 0]  	812	5 
[4, 24, 6, 0]  	814	5 
[4, 20, 9, 0]  	815	5 
[4, 23, 7, 0]  	822	5 
[2, 18, 12, 0]  	824	4 
[4, 7, 19, 0]  	826	5 
[4, 3, 22, 0]  	827	5 
[3, 12, 16, 0]  	829	5 
[3, 4, 22, 0]  	831	4 
[4, 10, 17, 0]  	833	5 
[4, 6, 20, 0]  	834	5 
[3, 11, 17, 0]  	837	5 
[3, 7, 20, 0]  	838	4 
[3, 3, 23, 0]  	839	4 
[4, 9, 18, 0]  	841	5 
[3, 10, 18, 0]  	845	4 
[3, 6, 21, 0]  	846	4 
[3, 21, 10, 0]  	850	4 
[3, 9, 19, 0]  	853	4 
[3, 28, 5, 0]  	856	5 
[2, 29, 5, 0]  	860	4 
[2, 21, 11, 0]  	862	3 
[3, 27, 6, 0]  	864	4 
[3, 23, 9, 0]  	865	4 
[2, 28, 6, 0]  	868	4 
[2, 24, 9, 0]  	869	3 
[3, 26, 7, 0]  	872	4 
[2, 27, 7, 0]  	876	3 
[2, 23, 10, 0]  	877	3 
[2, 15, 16, 0]  	879	4 
[2, 7, 22, 0]  	881	3 
[2, 26, 8, 0]  	884	3 
[2, 10, 20, 0]  	888	3 
[1, 15, 17, 0]  	891	3 
[1, 38, 0, 0]  	893	3 
[2, 13, 18, 0]  	895	3 
[2, 9, 21, 0]  	896	3 
[1, 14, 18, 0]  	899	3 
[1, 10, 21, 0]  	900	2 
[2, 12, 19, 0]  	903	3 
[2, 0, 28, 0]  	906	4 
[1, 13, 19, 0]  	907	2 
[1, 32, 5, 0]  	910	3 
[1, 12, 20, 0]  	915	2 
[1, 31, 6, 0]  	918	3 
[1, 27, 9, 0]  	919	2 
[0, 32, 6, 0]  	922	2 
[1, 30, 7, 0]  	926	2 
[1, 18, 16, 0]  	929	3 
[0, 31, 7, 0]  	930	2 
[1, 29, 8, 0]  	934	2 
[0, 30, 8, 0]  	938	1 
[1, 1, 29, 0]  	941	2 
[1, 24, 12, 0]  	943	3 
[1, 0, 30, 0]  	949	2 
[0, 1, 30, 0]  	953	1 
[0, 16, 19, 0]  	957	1 
[0, 35, 5, 0]  	960	2 
[0, 0, 31, 0]  	961	1  <--- 3
[1, 21, 15, 0]  	967	3 
[0, 18, 18, 0]  	972	1 
[0, 4, 29, 0]  	991	1 
[0, 38, 4, 0]  	998	2 
[0, 21, 17, 0]  	1010	1 
[0, 44, 0, 0]  	1012	2  <--- 2
[0, 7, 28, 0]  	1029	1 
[0, 41, 3, 0]  	1036	2 
[0, 24, 16, 0]  	1048	1 
[0, 10, 27, 0]  	1067	1 
[0, 27, 15, 0]  	1086	1 
[0, 13, 26, 0]  	1105	1 
[20, 1, 0, 1]  	403	6 
[16, 8, 3, 1]  	581	10 
[14, 11, 3, 1]  	612	9 
[14, 14, 2, 1]  	650	10 
[18, 11, 2, 1]  	657	10 
[12, 0, 14, 1]  	662	6 
[15, 0, 13, 1]  	688	9 
[10, 19, 2, 1]  	689	9 
[18, 14, 1, 1]  	695	9 
[12, 20, 1, 1]  	719	8 
[16, 17, 1, 1]  	726	8 
[9, 23, 1, 1]  	731	7 
[19, 0, 12, 1]  	733	8 
[14, 19, 1, 1]  	734	8 
[11, 22, 1, 1]  	746	7 
[8, 26, 0, 1]  	750	7 
[12, 23, 0, 1]  	757	7 
[5, 29, 0, 1]  	762	6 
[16, 20, 0, 1]  	764	7 
[14, 22, 0, 1]  	772	7 
[19, 18, 0, 1]  	775	7 
[7, 28, 0, 1]  	777	6 
[18, 19, 0, 1]  	779	7 
[2, 32, 1, 1]  	805	5 
[4, 4, 21, 1]  	819	5 
[3, 17, 12, 1]  	820	5 
[2, 35, 0, 1]  	843	4 
[3, 24, 8, 1]  	857	4 
[3, 20, 11, 1]  	858	4 
[2, 4, 24, 1]  	874	4 
[2, 31, 4, 1]  	875	5 
[2, 14, 17, 1]  	887	4 
[2, 1, 27, 1]  	898	4 
[1, 4, 28, 1]  	979	2 
[1, 7, 27, 1]  	1017	2 
[11, 0, 14, 2]  	643	10 
[10, 22, 1, 2]  	727	8 
[6, 28, 0, 2]  	758	7 
[1, 35, 4, 2]  	948	3 
[5, 14, 11, 23]  	758	5 
[3, 21, 9, 23]  	819	4 
[1, 21, 12, 23]  	874	3 
[1, 18, 15, 23]  	898	3 
[0, 38, 3, 23]  	967	2 
[9, 2, 6, 24]  	403	5 
[5, 14, 4, 24]  	541	5 
[10, 17, 2, 24]  	643	9 
[7, 5, 14, 24]  	682	8 
[5, 8, 14, 24]  	713	7 
[8, 25, 0, 24]  	727	6 
[4, 15, 10, 24]  	731	4 
[4, 25, 3, 24]  	744	6 
[4, 1, 21, 24]  	750	3 
[4, 18, 9, 24]  	769	4 
[4, 4, 20, 24]  	788	4 
[3, 4, 21, 24]  	800	3 
[2, 1, 24, 24]  	805	2 
[2, 3, 23, 24]  	820	2 
[2, 10, 19, 24]  	857	3 
[2, 6, 22, 24]  	858	2 
[2, 0, 27, 24]  	875	4 
[1, 31, 5, 24]  	887	3 
[1, 4, 27, 24]  	948	2 
[0, 21, 15, 24]  	948	1 
------
The gap is between 3 and 22.
Lengths: 3 3 5 5 3 5.
For 982 = 5*d/2-d1-d2-d3 you get 3 in char 0.
1*x^1*y^23*z^14
1*y^40*z^2
1*y^9*z^25

For 560 = 3*d/2-d1-d2-d3 you get 5 in char 0.
1*x^4*y^17*z^3
1*x^3*y^3*z^14
1*x^2*y^20*z^2
1*x^1*y^6*z^13
1*y^23*z^1

For 138 = d/2-d1-d2-d3 you get 3 in char 0.
1*x^4*z^2
1*x^2*y^3*z^1
1*y^6

Extra powers of p used 2.
The invariant extra is equal to 1.
Start computing 7^3 Delta^1 (x1x2x3)^6... Done.
Start computing 7^4 Delta^2 (x1x2x3)^6... Done.
Start computing 7^5 Delta^3 (x1x2x3)^6... Done.
Start computing 7^6 Delta^4 (x1x2x3)^6... Done.
Start computing 7^7 Delta^5 (x1x2x3)^6... Done.
Start computing 7^8 Delta^6 (x1x2x3)^6... Done.
Start computing aa.
1 2 3 4 5 6 7 8 9 10 11 
*/
A = \
[30674469703263756634,95124919189910099765,101039698838660173082,190438870781999221333,137494207035686049542,185983995350522673990,73174579714771055864,31506561049365421838,185684410012347973720,111462715790825305634,154396203770583236462;\
48355043253198977146,50383442348366242075,168088729317449117108,162767939893679217104,35548188502547141946,31139370247213314408,187432540296544435816,46464469670075438604,130655911903788291272,40366522379718042270,94956543449239476837;\
108041975250620880616,347575319115214708,157974548081582061095,11742553982461828498,27297523278347704669,28649238558595770570,31477607698565519127,58957541621487521992,83811359418057540339,110331275404746521503,24982930482084842981;\
113482246863810961705,100027808712676851417,185234690594966132931,9451466490886184723,77262010827024011772,14274928257162401234,20460006362395206369,154848604658860459032,158903366016820961935,130658502048587296833,160718079235002011240;\
188628570748988894668,86123613582547968584,168660816489295875981,109775309908568803443,119935935915422631746,17532876337621593011,120770518081120175359,62846015511919536309,141307657244964254205,157078428294734494170,116790752402652328980;\
62943939801451041603,38345910787382761566,148341108403678535511,43766222211154180206,68607406475044382848,165057988211846279711,183690867832991688939,142641275476162077153,123770132743414021333,34525800954600725077,29130057353390663866;\
56579039487486750345,140134838575863545212,93791289198450444395,39497577627178986413,135166860741576462610,59155659627239106890,24199120788008259093,5195188605001963253,91487937248903755357,103969038307416715209,141006774923055210708;\
2203429147474272225,115144075430357774909,160751026809683474477,157033540132631757686,47486296008979582237,156043727091030994117,6028928173933106092,180941999158935322728,181885604041014692287,181242988522649360111,83465312168420248388;\
145855024408000198279,103417406595608187423,93291779228621016581,120304221165473631104,104817009815092220282,97383907963422609487,2714602435693705116,134601289316933824056,137900993188560343392,88187358974578586982,64509747345283869776;\
149648358800802157140,178587179257200913852,1015140386457572481,178535427252965916154,32417925024920006740,13878751145703756683,85227842557848244352,64298375608768694008,149944511652992431795,44837253836353823929,50623584674299806337;\
38820118878732813,42420467890713384564,72520170161842814828,11866870704499505520,132169190070911860706,68435279326617403690,67635747620902756932,74263468805378715576,50512951563921746760,187845218174819100350,2493282959168087590]
/* 
This matrix times 7^(-2) should be the matrix of frobenius.
*/ 
B = 7^(-2) * A; 
/* Freed 54 lists. */
