/* Comments begin... 
Coefficient of   x^21 * y^1               = -2
Coefficient of   x^10 * y^2 * z^6         = 3
Coefficient of   x^8 * y^5 * z^5         = -3
Coefficient of   x^6 * y^8 * z^4         = -3
Coefficient of   x^4 * y^11 * z^3         = 3
Coefficient of   x^2 * y^14 * z^2         = 3
Coefficient of   x^1 * z^13               = 2
Coefficient of   y^17 * z^1               = 2

Here is the polynomial we're using this time:

-2*x^21*y^1 + 3*x^10*y^2*z^6 + -3*x^8*y^5*z^5 + -3*x^6*y^8*z^4 + 3*x^4*y^11*z^3 + 3*x^2*y^14*z^2 + 2*x^1*z^13 + 2*y^17*z^1

Allocate G_len 20 elements and old = 0.
Allocate M_len = 400 elements.
Allocate G_len 40 elements and old = 20.
Allocate M_len = 800 elements.
Allocate G_len 80 elements and old = 40.
Allocate M_len = 1600 elements.
Allocate M_len = 3200 elements.
Allocate G_len 160 elements and old = 80.
Allocate M_len = 6400 elements.
Allocate M_len = 12800 elements.
Allocate G_len 320 elements and old = 160.
Allocate M_len = 25600 elements.
The final length of G is 194
[10, 2, 5, 0]  	391	7 
[21, 0, 0, 0]  	399	7  <--- 1
[8, 5, 5, 0]  	422	6 
[8, 8, 4, 0]  	460	7 
[6, 11, 4, 0]  	491	6 
[6, 14, 3, 0]  	529	7 
[5, 0, 15, 0]  	560	6 
[19, 5, 4, 0]  	600	7 
[15, 11, 3, 0]  	631	10 
[19, 8, 3, 0]  	638	7 
[12, 0, 14, 0]  	662	9 
[15, 14, 2, 0]  	669	9 
[9, 3, 14, 0]  	674	9 
[19, 11, 2, 0]  	676	9 
[9, 20, 2, 0]  	693	8 
[13, 17, 2, 0]  	700	8 
[7, 22, 2, 0]  	701	8 
[16, 0, 13, 0]  	707	8 
[11, 19, 2, 0]  	708	8 
[19, 14, 1, 0]  	714	8 
[6, 9, 13, 0]  	724	7 
[9, 23, 1, 0]  	731	7 
[6, 8, 14, 0]  	732	7 
[5, 25, 2, 0]  	732	7 
[5, 9, 14, 0]  	736	7 
[13, 20, 1, 0]  	738	7 
[7, 25, 1, 0]  	739	7 
[17, 17, 1, 0]  	745	7 
[11, 22, 1, 0]  	746	7 
[5, 11, 13, 0]  	751	7 
[20, 0, 12, 0]  	752	7 
[4, 12, 13, 0]  	755	6 
[4, 11, 14, 0]  	763	6 
[4, 26, 3, 0]  	767	6 
[9, 26, 0, 0]  	769	6 
[5, 28, 1, 0]  	770	6 
[4, 14, 12, 0]  	770	6 
[20, 17, 0, 0]  	771	2 
[5, 24, 4, 0]  	771	6 
[14, 22, 0, 0]  	772	7 
[4, 29, 1, 0]  	774	6 
[13, 23, 0, 0]  	776	6 
[7, 28, 0, 0]  	777	6 
[4, 28, 2, 0]  	782	7 
[17, 20, 0, 0]  	783	6 
[11, 25, 0, 0]  	784	6 
[3, 29, 2, 0]  	786	5 
[5, 18, 9, 0]  	788	6 
[4, 31, 0, 0]  	789	6 
[3, 32, 0, 0]  	793	5 
[5, 21, 7, 0]  	795	6 
[5, 17, 10, 0]  	796	6 
[19, 19, 0, 0]  	798	6 
[3, 31, 1, 0]  	801	5 
[3, 0, 24, 0]  	801	5 
[5, 20, 8, 0]  	803	6 
[3, 15, 13, 0]  	805	5 
[2, 32, 1, 0]  	805	5 
[4, 25, 5, 0]  	806	6 
[4, 21, 8, 0]  	807	5 
[4, 17, 11, 0]  	808	5 
[5, 23, 6, 0]  	810	6 
[4, 1, 23, 0]  	812	5 
[4, 24, 6, 0]  	814	5 
[4, 20, 9, 0]  	815	5 
[4, 4, 21, 0]  	819	5 
[3, 17, 12, 0]  	820	5 
[4, 23, 7, 0]  	822	5 
[2, 18, 12, 0]  	824	4 
[4, 7, 19, 0]  	826	5 
[4, 3, 22, 0]  	827	5 
[3, 12, 16, 0]  	829	5 
[3, 4, 22, 0]  	831	4 
[4, 6, 20, 0]  	834	5 
[3, 11, 17, 0]  	837	5 
[3, 7, 20, 0]  	838	4 
[4, 9, 18, 0]  	841	5 
[2, 35, 0, 0]  	843	4 
[3, 10, 18, 0]  	845	4 
[3, 6, 21, 0]  	846	4 
[3, 21, 10, 0]  	850	4 
[3, 9, 19, 0]  	853	4 
[3, 28, 5, 0]  	856	5 
[3, 24, 8, 0]  	857	4 
[3, 20, 11, 0]  	858	4 
[2, 29, 5, 0]  	860	4 
[2, 21, 11, 0]  	862	3 
[3, 27, 6, 0]  	864	4 
[3, 23, 9, 0]  	865	4 
[2, 28, 6, 0]  	868	4 
[2, 24, 9, 0]  	869	3 
[3, 26, 7, 0]  	872	4 
[2, 4, 24, 0]  	874	4 
[2, 31, 4, 0]  	875	5 
[2, 27, 7, 0]  	876	3 
[2, 23, 10, 0]  	877	3 
[2, 15, 16, 0]  	879	4 
[2, 7, 22, 0]  	881	3 
[2, 26, 8, 0]  	884	3 
[2, 14, 17, 0]  	887	4 
[2, 10, 20, 0]  	888	3 
[1, 38, 0, 0]  	893	3 
[2, 9, 21, 0]  	896	3 
[2, 1, 27, 0]  	898	4 
[1, 14, 18, 0]  	899	3 
[1, 10, 21, 0]  	900	2 
[2, 12, 19, 0]  	903	3 
[2, 0, 28, 0]  	906	4 
[1, 13, 19, 0]  	907	2 
[1, 32, 5, 0]  	910	3 
[1, 12, 20, 0]  	915	2 
[1, 31, 6, 0]  	918	3 
[1, 27, 9, 0]  	919	2 
[0, 32, 6, 0]  	922	2 
[1, 30, 7, 0]  	926	2 
[1, 18, 16, 0]  	929	3 
[1, 29, 8, 0]  	934	2 
[0, 30, 8, 0]  	938	1 
[1, 1, 29, 0]  	941	2 
[1, 24, 12, 0]  	943	3 
[1, 35, 4, 0]  	948	3 
[1, 0, 30, 0]  	949	2 
[0, 1, 30, 0]  	953	1 
[0, 16, 19, 0]  	957	1 
[0, 35, 5, 0]  	960	2 
[0, 0, 31, 0]  	961	1  <--- 3
[1, 21, 15, 0]  	967	3 
[0, 18, 18, 0]  	972	1 
[0, 4, 29, 0]  	991	1 
[0, 38, 4, 0]  	998	2 
[0, 21, 17, 0]  	1010	1 
[0, 44, 0, 0]  	1012	2  <--- 2
[1, 7, 27, 0]  	1017	2 
[0, 7, 28, 0]  	1029	1 
[0, 24, 16, 0]  	1048	1 
[0, 10, 27, 0]  	1067	1 
[0, 27, 15, 0]  	1086	1 
[0, 13, 26, 0]  	1105	1 
[20, 1, 0, 1]  	403	7 
[18, 5, 4, 1]  	581	12 
[14, 11, 3, 1]  	612	11 
[18, 8, 3, 1]  	619	11 
[11, 0, 14, 1]  	643	10 
[14, 14, 2, 1]  	650	10 
[18, 11, 2, 1]  	657	10 
[12, 17, 2, 1]  	681	9 
[15, 0, 13, 1]  	688	9 
[10, 19, 2, 1]  	689	9 
[18, 14, 1, 1]  	695	9 
[7, 6, 14, 1]  	705	8 
[8, 23, 1, 1]  	712	8 
[12, 20, 1, 1]  	719	8 
[7, 8, 13, 1]  	720	8 
[16, 17, 1, 1]  	726	8 
[10, 22, 1, 1]  	727	8 
[19, 0, 12, 1]  	733	8 
[6, 26, 1, 1]  	743	7 
[8, 26, 0, 1]  	750	7 
[15, 19, 1, 1]  	753	7 
[12, 23, 0, 1]  	757	7 
[6, 28, 0, 1]  	758	7 
[5, 29, 0, 1]  	762	6 
[16, 20, 0, 1]  	764	7 
[10, 25, 0, 1]  	765	7 
[19, 18, 0, 1]  	775	7 
[18, 19, 0, 1]  	779	7 
[5, 15, 11, 1]  	781	6 
[3, 14, 13, 1]  	782	6 
[4, 18, 10, 1]  	800	5 
[4, 10, 17, 1]  	833	5 
[1, 15, 17, 1]  	891	3 
[2, 13, 18, 1]  	895	3 
[0, 31, 7, 1]  	930	2 
[1, 4, 28, 1]  	979	2 
[0, 41, 3, 1]  	1036	2 
[14, 19, 1, 2]  	734	8 
[3, 3, 23, 2]  	839	4 
[4, 1, 22, 23]  	781	5 
[2, 20, 11, 23]  	839	3 
[9, 2, 6, 24]  	403	6 
[5, 11, 4, 24]  	472	5 
[6, 22, 2, 24]  	682	7 
[5, 8, 14, 24]  	713	7 
[12, 22, 0, 24]  	734	7 
[4, 25, 3, 24]  	744	6 
[4, 15, 11, 24]  	762	4 
[2, 31, 1, 24]  	782	5 
[3, 4, 21, 24]  	800	4 
[3, 27, 5, 24]  	833	4 
[0, 32, 5, 24]  	891	2 
[1, 30, 6, 24]  	895	2 
[0, 0, 30, 24]  	930	1 
[0, 21, 16, 24]  	979	1 
[0, 10, 26, 24]  	1036	1 
------
The gap is between 3 and 22.
Lengths: 3 3 5 5 3 3.
For 982 = 5*d/2-d1-d2-d3 you get 3 in char 0.
1*x^1*y^23*z^14
1*y^40*z^2
1*y^9*z^25

For 560 = 3*d/2-d1-d2-d3 you get 5 in char 0.
1*x^4*y^17*z^3
1*x^3*y^3*z^14
1*x^2*y^20*z^2
1*x^1*y^6*z^13
1*y^23*z^1

For 138 = d/2-d1-d2-d3 you get 3 in char 0.
1*x^4*z^2
1*x^2*y^3*z^1
1*y^6

Extra powers of p used 0.
The invariant extra is equal to 1.
Start computing 7^3 Delta^1 (x1x2x3)^6... Done.
Start computing 7^4 Delta^2 (x1x2x3)^6... Done.
Start computing 7^5 Delta^3 (x1x2x3)^6... Done.
Start computing 7^6 Delta^4 (x1x2x3)^6... Done.
Start computing 7^7 Delta^5 (x1x2x3)^6... Done.
Start computing 7^8 Delta^6 (x1x2x3)^6... Done.
Start computing aa.
1 2 3 4 5 6 7 8 9 10 11 
*/
A = \
[126828822636925857105,116460628115977720591,24458670454659811286,149499645945805619604,122369401624894408250,43261155332561222042,92293483328443756933,85702701986102499277,151218588018065648717,159621524383630336860,76465767305813497619;\
176687896242872265343,67674697099937904558,126791584193076091400,41678263098772025782,130500248303403149598,116513619642429075255,69620993255099353984,14956235133700664909,134178237539936486260,152623412352939026786,8643667111628010462;\
177758590772467633598,153775840347094447977,50570894493016482613,172820601138615858750,83953455962415444181,153523682066663829669,152623586636557069446,87362375281125903140,158697667495865246616,72818031800303102915,140380364638698683009;\
24509719661981206240,134044425770059813384,138483601812573939462,102362384057939694647,4543065830033870608,161235498500831351779,190605831192125539225,173426132059730047617,100744407198193928225,126128513479276201320,41916158559913740081;\
73261061666065408094,120003661940297408511,9405664895927500238,79440254030903824618,129420879857073923496,151584816775214689202,2418547401375862421,123117454679990142911,53343572625887149620,27983117236074448154,86562025855064157370;\
6635382701273133152,154685676088227598385,189124909452405023465,141614724229878574080,189343344700380846374,150800575730817427079,76144648635026728477,122690625679642066515,72404659945193335270,175178445852952613232,114123933112703201912;\
119290621749149933375,153493983319793218629,162470160848084891818,105078806458621438219,22018683173150724130,113106495646514233556,20502723689277797506,177345061893170382008,70408495777533636359,137208321824461536740,168801355481238851980;\
109833516061533983558,169699382925951057957,175256140206645060753,168857684038680393869,92011475133409694359,108612181919806315555,33650593434024034636,171712323842747639035,126863179018884850094,127032129887152597723,44353864036268447871;\
38902722741542595910,155232935620345059665,75559497013147637934,82786680983716998946,56151874076264300866,69792997686624379314,1662092787905674544,59440357731015826859,20841949380180478109,114302228991454009751,68348941794488873546;\
93639327934679296541,156897502607016614145,146535313796934505080,136595489210359651836,157692306328877995325,173117854320191144406,100807984356116751756,115016228250064459647,70177169335357585844,48023033720458084316,140566739753378134070;\
100027329922770470195,15362496764689214396,141335423447220702147,171512245182428957905,88765580704680622407,39789409576595312522,27262257776663609056,94683157673632412633,45111217975389518743,105445366889879125781,68953783486394438198]
/* 
This should be the matrix of frobenius!
*/ 
B = A; 
/* Freed 54 lists. */
