/* Comments begin... 
Coefficient of   x^21 * y^1               = 3
Coefficient of   x^10 * y^2 * z^6         = 1
Coefficient of   x^8 * y^5 * z^5         = 0
Coefficient of   x^6 * y^8 * z^4         = 2
Coefficient of   x^4 * y^11 * z^3         = 0
Coefficient of   x^2 * y^14 * z^2         = 0
Coefficient of   x^1 * z^13               = -2
Coefficient of   y^17 * z^1               = 3

Here is the polynomial we're using this time:

3*x^21*y^1 + 1*x^10*y^2*z^6 + 2*x^6*y^8*z^4 + -2*x^1*z^13 + 3*y^17*z^1

Allocate G_len 20 elements and old = 0.
Allocate M_len = 400 elements.
Allocate G_len 40 elements and old = 20.
Allocate M_len = 800 elements.
Allocate G_len 80 elements and old = 40.
Allocate M_len = 1600 elements.
Allocate M_len = 3200 elements.
Allocate G_len 160 elements and old = 80.
Allocate M_len = 6400 elements.
Allocate M_len = 12800 elements.
Allocate G_len 320 elements and old = 160.
The final length of G is 148
[10, 2, 5, 0]  	391	4 
[21, 0, 0, 0]  	399	4  <--- 1
[6, 8, 4, 0]  	422	3 
[6, 14, 3, 0]  	529	5 
[5, 0, 15, 0]  	560	4 
[17, 8, 3, 0]  	600	4 
[12, 0, 13, 0]  	631	3 
[9, 3, 14, 0]  	674	7 
[16, 0, 12, 0]  	676	5 
[11, 19, 1, 0]  	677	4 
[9, 20, 2, 0]  	693	6 
[8, 5, 14, 0]  	701	6 
[7, 6, 14, 0]  	705	7 
[15, 17, 1, 0]  	707	3 
[9, 6, 13, 0]  	712	7 
[8, 22, 2, 0]  	720	7 
[15, 19, 0, 0]  	722	6 
[7, 23, 2, 0]  	724	6 
[9, 23, 1, 0]  	731	6 
[5, 25, 2, 0]  	732	4 
[5, 17, 8, 0]  	734	6 
[5, 9, 14, 0]  	736	7 
[7, 25, 1, 0]  	739	4 
[6, 26, 1, 0]  	743	6 
[5, 11, 13, 0]  	751	7 
[4, 20, 7, 0]  	753	5 
[4, 12, 13, 0]  	755	6 
[5, 29, 0, 0]  	762	5 
[4, 11, 14, 0]  	763	6 
[4, 26, 3, 0]  	767	6 
[9, 26, 0, 0]  	769	5 
[5, 28, 1, 0]  	770	5 
[4, 14, 12, 0]  	770	6 
[20, 17, 0, 0]  	771	2 
[5, 24, 4, 0]  	771	4 
[4, 29, 1, 0]  	774	6 
[7, 28, 0, 0]  	777	6 
[5, 15, 11, 0]  	781	5 
[4, 28, 2, 0]  	782	6 
[3, 14, 13, 0]  	782	5 
[3, 29, 2, 0]  	786	5 
[4, 31, 0, 0]  	789	6 
[4, 23, 6, 0]  	791	5 
[3, 1, 23, 0]  	793	4 
[4, 18, 10, 0]  	800	4 
[3, 31, 1, 0]  	801	5 
[3, 0, 24, 0]  	801	4 
[4, 6, 19, 0]  	803	5 
[2, 32, 1, 0]  	805	5 
[4, 25, 5, 0]  	806	6 
[4, 17, 11, 0]  	808	5 
[3, 17, 12, 0]  	820	5 
[3, 9, 18, 0]  	822	4 
[2, 18, 12, 0]  	824	4 
[4, 3, 22, 0]  	827	5 
[3, 12, 16, 0]  	829	5 
[3, 4, 22, 0]  	831	4 
[4, 10, 17, 0]  	833	5 
[3, 11, 17, 0]  	837	5 
[3, 7, 20, 0]  	838	4 
[3, 34, 0, 0]  	839	4 
[2, 35, 0, 0]  	843	4 
[3, 6, 21, 0]  	846	4 
[3, 21, 10, 0]  	850	4 
[3, 28, 5, 0]  	856	5 
[3, 24, 8, 0]  	857	4 
[3, 20, 11, 0]  	858	4 
[2, 29, 5, 0]  	860	4 
[2, 21, 11, 0]  	862	3 
[3, 27, 6, 0]  	864	4 
[3, 23, 9, 0]  	865	4 
[2, 28, 6, 0]  	868	4 
[2, 24, 9, 0]  	869	3 
[3, 26, 7, 0]  	872	4 
[2, 4, 24, 0]  	874	4 
[2, 0, 27, 0]  	875	4 
[2, 27, 7, 0]  	876	3 
[2, 23, 10, 0]  	877	3 
[2, 15, 16, 0]  	879	4 
[2, 7, 22, 0]  	881	3 
[2, 26, 8, 0]  	884	3 
[2, 14, 17, 0]  	887	4 
[2, 10, 20, 0]  	888	3 
[1, 38, 0, 0]  	893	3 
[2, 13, 18, 0]  	895	3 
[2, 9, 21, 0]  	896	3 
[1, 10, 21, 0]  	900	2 
[2, 12, 19, 0]  	903	3 
[1, 13, 19, 0]  	907	2 
[1, 32, 5, 0]  	910	3 
[1, 12, 20, 0]  	915	2 
[1, 31, 6, 0]  	918	3 
[1, 27, 9, 0]  	919	2 
[0, 32, 6, 0]  	922	2 
[1, 30, 7, 0]  	926	2 
[1, 18, 16, 0]  	929	3 
[0, 31, 7, 0]  	930	2 
[1, 29, 8, 0]  	934	2 
[0, 30, 8, 0]  	938	1 
[1, 1, 29, 0]  	941	2 
[1, 24, 12, 0]  	943	3 
[1, 0, 30, 0]  	949	2 
[0, 1, 30, 0]  	953	1 
[0, 16, 19, 0]  	957	1 
[0, 35, 5, 0]  	960	2 
[0, 0, 31, 0]  	961	1  <--- 3
[1, 21, 15, 0]  	967	3 
[0, 18, 18, 0]  	972	1 
[1, 4, 28, 0]  	979	2 
[0, 4, 29, 0]  	991	1 
[0, 38, 4, 0]  	998	2 
[0, 21, 17, 0]  	1010	1 
[0, 44, 0, 0]  	1012	2  <--- 2
[1, 7, 27, 0]  	1017	2 
[0, 7, 28, 0]  	1029	1 
[0, 24, 16, 0]  	1048	1 
[0, 10, 27, 0]  	1067	1 
[0, 27, 15, 0]  	1086	1 
[0, 13, 26, 0]  	1105	1 
[20, 1, 0, 1]  	403	4 
[16, 8, 3, 1]  	581	6 
[11, 0, 13, 1]  	612	5 
[15, 0, 12, 1]  	657	6 
[10, 19, 1, 1]  	658	6 
[14, 17, 1, 1]  	688	5 
[14, 19, 0, 1]  	703	7 
[8, 26, 0, 1]  	750	6 
[6, 28, 0, 1]  	758	7 
[19, 18, 0, 1]  	775	7 
[4, 4, 21, 1]  	819	5 
[1, 35, 4, 1]  	948	3 
[0, 41, 3, 1]  	1036	2 
[1, 15, 17, 2]  	891	3 
[1, 14, 18, 2]  	899	3 
[0, 32, 5, 23]  	891	1 
[0, 31, 6, 23]  	899	2 
[0, 1, 29, 23]  	922	1 
[9, 2, 6, 24]  	403	3 
[5, 14, 4, 24]  	541	4 
[7, 5, 14, 24]  	682	7 
[5, 8, 14, 24]  	713	5 
[4, 25, 3, 24]  	744	6 
[4, 6, 18, 24]  	772	4 
[4, 9, 17, 24]  	810	5 
[3, 21, 9, 24]  	819	3 
[3, 26, 6, 24]  	841	4 
[1, 4, 27, 24]  	948	2 
[0, 10, 26, 24]  	1036	1 
------
The gap is between 3 and 22.
Lengths: 3 3 5 5 3 3.
For 982 = 5*d/2-d1-d2-d3 you get 3 in char 0.
1*x^1*y^23*z^14
1*y^40*z^2
1*y^9*z^25

For 560 = 3*d/2-d1-d2-d3 you get 5 in char 0.
1*x^4*y^17*z^3
1*x^3*y^3*z^14
1*x^2*y^20*z^2
1*x^1*y^6*z^13
1*y^23*z^1

For 138 = d/2-d1-d2-d3 you get 3 in char 0.
1*x^4*z^2
1*x^2*y^3*z^1
1*y^6

Extra powers of p used 0.
The invariant extra is equal to 1.
Start computing 7^3 Delta^1 (x1x2x3)^6... Done.
Start computing 7^4 Delta^2 (x1x2x3)^6... Done.
Start computing 7^5 Delta^3 (x1x2x3)^6... Done.
Start computing 7^6 Delta^4 (x1x2x3)^6... Done.
Start computing 7^7 Delta^5 (x1x2x3)^6... Done.
Start computing 7^8 Delta^6 (x1x2x3)^6... Done.
Start computing aa.
1 2 3 4 5 6 7 8 9 10 11 
*/
A = \
[146413719029258218651,19474602383922001641,62776589476668750127,123992580968505427619,172467393324872434768,159577269562387678995,47466246057091666462,67614495246529793996,71393586945608594303,148085206613440945681,90944499327689119315;\
151751782484809004185,140649605928129871221,176405712028155985299,82239377782845520587,48407723833758553257,177137000376999836558,65232526425562704901,105916863161053296730,183351242525033723245,49001664324110998066,80455925267926190129;\
157850443746225324816,33623932857108654091,11976609495292906542,146521764161529317540,81412529260726552714,141942618044789097305,67533945059693758835,155875838574888268396,34714409831151178751,40162733732196745663,34336973207826587753;\
130035787230749514857,173012542323987515474,108150280939916000349,135641473996176737820,141681075097196474567,127584321067795127046,131783031307412811998,57963490383495248818,28090376641550545441,22723566223467457215,32546242250337830175;\
20364361728170319232,150064379577484929686,96194595780493432156,38264072851699606982,129872951505643577357,109341549078525680266,86399936773233753229,175007122601890386458,110489365386624892864,174433970064737662608,102913855960647796120;\
62344780166837294068,113808229655626084066,103659192057347818270,44383235063431305720,63030581041480542812,83312859668442115460,136039746235027216631,60727610817954647378,92265738995979415251,40943757099506990092,146124978951462450905;\
2325769920677940329,31235879935229300863,154343477347703764727,114750988747702891360,150776921609816943749,45726091195043692398,83713572238120375019,55849293306744650132,131945281420354340463,112050654312414285867,145860127577358336835;\
153427816781342312881,44859714569444597136,106874404498048409783,80915365581077253527,19692949930649573865,111634330766370196708,114077342449959156513,34183368950441815349,102244898601279946603,120995640077038306531,96320125554163323295;\
97991003436022850829,140164361801325961894,10198692016481837278,176894465138005237469,32883543414571796212,115547155984061168451,33355099001586596780,99608460514409678167,174262437391748710655,36685025092528572893,142932507500361397161;\
144505836912034704913,170280385079256509296,85221886984251054219,77536925473864675609,158533155145480831576,183405407761464188391,103588503898956523272,114566854617205575921,80425541996902731272,64507247268508641975,27248792428565301559;\
187654310058968857771,66634627800253793769,115665221089128749101,31052679508399796233,38296542220494401956,149183322030656297146,98558453787755113467,169297906417477702186,67218699997967147385,51414735089316579288,82414163770605169076]
/* 
This should be the matrix of frobenius!
*/ 
B = A; 
/* Freed 51 lists. */
