/* Comments begin... 
Coefficient of   x^13 * y^1               = 3
Coefficient of   x^6 * y^2 * z^4         = -4
Coefficient of   x^4 * y^5 * z^3         = -1
Coefficient of   x^2 * y^8 * z^2         = 2
Coefficient of   x^1 * z^9               = 3
Coefficient of   y^11 * z^1               = -5

Here is the polynomial we're using this time:

3*x^13*y^1 + -4*x^6*y^2*z^4 + -1*x^4*y^5*z^3 + 2*x^2*y^8*z^2 + 3*x^1*z^9 + -5*y^11*z^1

Allocate G_len 20 elements and old = 0.
Allocate M_len = 400 elements.
Allocate G_len 40 elements and old = 20.
Allocate M_len = 800 elements.
Allocate G_len 80 elements and old = 40.
Allocate M_len = 1600 elements.
Allocate M_len = 3200 elements.
The final length of G is 74
[6, 2, 3, 0]  	165	5 
[13, 0, 0, 0]  	169	5  <--- 1
[12, 1, 0, 0]  	171	5 
[4, 5, 3, 0]  	184	4 
[4, 8, 2, 0]  	210	5 
[3, 0, 10, 0]  	229	4 
[10, 5, 2, 0]  	243	8 
[7, 0, 9, 0]  	262	7 
[10, 8, 1, 0]  	269	7 
[5, 3, 9, 0]  	281	6 
[8, 11, 1, 0]  	288	6 
[6, 13, 1, 0]  	292	6 
[5, 14, 1, 0]  	294	5 
[11, 0, 8, 0]  	295	6 
[3, 16, 1, 0]  	298	5 
[4, 17, 0, 0]  	307	5 
[3, 8, 8, 0]  	311	5 
[2, 9, 8, 0]  	313	4 
[8, 14, 0, 0]  	314	5 
[2, 8, 9, 0]  	317	4 
[6, 16, 0, 0]  	318	5 
[2, 17, 2, 0]  	319	4 
[3, 15, 3, 0]  	321	4 
[11, 12, 0, 0]  	323	5 
[3, 19, 0, 0]  	324	4 
[10, 13, 0, 0]  	325	5 
[2, 20, 0, 0]  	326	4 
[2, 19, 1, 0]  	330	4 
[2, 0, 16, 0]  	330	4 
[1, 20, 1, 0]  	332	3 
[3, 11, 7, 0]  	337	4 
[2, 12, 7, 0]  	339	3 
[2, 16, 4, 0]  	342	4 
[1, 22, 0, 0]  	343	3 
[3, 14, 5, 0]  	344	4 
[1, 12, 8, 0]  	345	3 
[2, 15, 5, 0]  	346	3 
[2, 14, 6, 0]  	350	3 
[2, 4, 14, 0]  	352	3 
[2, 3, 15, 0]  	356	3 
[1, 9, 11, 0]  	357	3 
[1, 4, 15, 0]  	358	2 
[1, 8, 12, 0]  	361	3 
[2, 6, 13, 0]  	363	3 
[1, 7, 13, 0]  	365	2 
[1, 6, 14, 0]  	369	2 
[1, 19, 4, 0]  	374	3 
[1, 18, 5, 0]  	378	2 
[0, 19, 5, 0]  	380	2 
[0, 18, 6, 0]  	384	1 
[1, 1, 19, 0]  	389	2 
[1, 0, 20, 0]  	393	2 
[0, 1, 20, 0]  	395	1 
[0, 10, 13, 0]  	397	1 
[0, 0, 21, 0]  	399	1  <--- 3
[0, 23, 3, 0]  	402	2 
[0, 12, 12, 0]  	408	1 
[0, 4, 19, 0]  	421	1 
[0, 15, 11, 0]  	434	1 
[0, 29, 0, 0]  	435	1  <--- 2
[0, 7, 18, 0]  	447	1 
[3, 6, 9, 1]  	300	5 
[3, 12, 6, 1]  	333	4 
[2, 7, 12, 1]  	359	3 
[0, 20, 4, 1]  	376	2 
[1, 15, 7, 3]  	371	2 
[1, 17, 6, 3]  	382	2 
[0, 26, 0, 3]  	390	2 
[0, 7, 14, 47]  	371	1 
[0, 9, 13, 47]  	382	1 
[2, 17, 1, 49]  	300	4 
[2, 4, 13, 49]  	333	3 
[1, 18, 4, 49]  	359	2 
[0, 1, 19, 49]  	376	1 
------
The gap is between 4 and 46.
Lengths: 2 2 3 3 2 2.
For 413 = 5*d/2-d1-d2-d3 you get 2 in char 0.
1*y^25*z^2
1*y^6*z^17

For 229 = 3*d/2-d1-d2-d3 you get 3 in char 0.
1*x^2*y^11*z^2
1*x^1*y^3*z^9
1*y^14*z^1

For 45 = d/2-d1-d2-d3 you get 2 in char 0.
1*x^2*z^1
1*y^3

Extra powers of p used 0.
The invariant extra is equal to 1.
Start computing 11^3 Delta^1 (x1x2x3)^10... Done.
Start computing 11^4 Delta^2 (x1x2x3)^10... Done.
Start computing 11^5 Delta^3 (x1x2x3)^10... Done.
Start computing 11^6 Delta^4 (x1x2x3)^10... Done.
Start computing 11^7 Delta^5 (x1x2x3)^10... Done.
Start computing 11^8 Delta^6 (x1x2x3)^10... Done.
Start computing 11^9 Delta^7 (x1x2x3)^10... Done.
Start computing aa.
1 2 3 4 5 6 7 
*/
A = \
[698666434435747372401037100705482489086060792332960,452409615120193099722591920245597916048697749282631,756616908059595295313021680066761781749707899218677,367007489921912786982218711471482963530335427603636,468556382244686327459383845476936817996467018867810,649555031292196115860695176289749340791409581196145,352197509294327841576208643236741309610911624281721;\
705126660335176875311430692156776325491432919769812,536038029122514642524935631087373292274126007016222,692230205471907761579154369183685628102157858345622,756417039288218577875556865483253120267751039410609,82195223273565046865111117999184801978146234833431,466671580894927997854717456045771735125341145673342,82060256712656536979412206568840462872583625836005;\
416529305910710340781299235102372015288770193035834,275699597993096485740525714922782448530609067714404,954310979094792230127809594337825982684066081935817,402404334481774522191062654012113255092070081735439,623531446711648292533763633126477828354652237576781,1037619770117204879860625273831465200115750667861271,1256005117631474295792728640220832651484096059114;\
343976688863298218203465929776105648197635405802811,173007970076742975410771841728992060059789300931481,516985956931721048287633988798543288441774436572999,672607608175438296216447192909942793474311668956295,729966037494758115977427482241001261629994277227550,982827062128604067360652641114456670223642076004525,508878841190382256237077475009857359517319891433695;\
1057074037296561188672785813391789190444747180244206,861036477364908885654558378063270167199327250998695,198272588165163203364483923650927453562221210294808,676764211298476270319632336893054509681718649177034,73385768294836996825199592054641618709298583704732,127546731237563274258226350931344364799248441335340,355294899533489616054134597591442887753540070839401;\
310715318381270793906065950214545530112927765732874,636683509266449989898091072388344796941060527158672,239657547486168980810111148953178235992126512512334,137633195973171646464167649390505494616031243598732,950646142116457192070682934366341221280037476752000,62197804837290944539843567787479645648261253309796,743130339437719517507015103091383248328219409651482;\
1017121835728971945746764098413242410381238350865062,637255112140389441495658645933386121629359331774452,570051016446423574291019947807236855335275325137362,544818187000429883369807106691985184852739959388200,478623818484213409260727839775922186631762318543415,724205311396587962740511081866016487169773766218045,798103420301470488165420673655257376200883970096931]
/* 
This should be the matrix of frobenius!
*/ 
B = A; 
/* Freed 109 lists. */
