/* Comments begin... 
Coefficient of   x^13 * y^1               = 1
Coefficient of   x^6 * y^2 * z^4         = -4
Coefficient of   x^4 * y^5 * z^3         = 4
Coefficient of   x^2 * y^8 * z^2         = -1
Coefficient of   x^1 * z^9               = -1
Coefficient of   y^11 * z^1               = 5

Here is the polynomial we're using this time:

1*x^13*y^1 + -4*x^6*y^2*z^4 + 4*x^4*y^5*z^3 + -1*x^2*y^8*z^2 + -1*x^1*z^9 + 5*y^11*z^1

Allocate G_len 20 elements and old = 0.
Allocate M_len = 400 elements.
Allocate G_len 40 elements and old = 20.
Allocate M_len = 800 elements.
Allocate G_len 80 elements and old = 40.
Allocate M_len = 1600 elements.
Allocate M_len = 3200 elements.
Allocate G_len 160 elements and old = 80.
The final length of G is 78
[6, 2, 3, 0]  	165	5 
[13, 0, 0, 0]  	169	5  <--- 1
[12, 1, 0, 0]  	171	5 
[4, 5, 3, 0]  	184	4 
[4, 8, 2, 0]  	210	5 
[3, 0, 10, 0]  	229	4 
[10, 5, 2, 0]  	243	8 
[7, 0, 9, 0]  	262	7 
[10, 8, 1, 0]  	269	7 
[5, 3, 9, 0]  	281	6 
[8, 11, 1, 0]  	288	6 
[6, 13, 1, 0]  	292	6 
[5, 14, 1, 0]  	294	5 
[11, 0, 8, 0]  	295	6 
[3, 6, 9, 0]  	300	5 
[4, 16, 1, 0]  	311	5 
[3, 8, 8, 0]  	311	5 
[3, 17, 1, 0]  	313	4 
[2, 9, 8, 0]  	313	4 
[8, 14, 0, 0]  	314	5 
[3, 16, 2, 0]  	317	4 
[2, 8, 9, 0]  	317	4 
[6, 16, 0, 0]  	318	5 
[2, 17, 2, 0]  	319	4 
[3, 15, 3, 0]  	321	4 
[11, 12, 0, 0]  	323	5 
[3, 19, 0, 0]  	324	4 
[10, 13, 0, 0]  	325	5 
[2, 20, 0, 0]  	326	4 
[2, 19, 1, 0]  	330	4 
[2, 0, 16, 0]  	330	4 
[1, 20, 1, 0]  	332	3 
[3, 11, 7, 0]  	337	4 
[2, 16, 4, 0]  	342	4 
[1, 22, 0, 0]  	343	3 
[3, 14, 5, 0]  	344	4 
[1, 12, 8, 0]  	345	3 
[2, 4, 14, 0]  	352	3 
[1, 9, 11, 0]  	357	3 
[1, 4, 15, 0]  	358	2 
[2, 7, 12, 0]  	359	3 
[1, 8, 12, 0]  	361	3 
[2, 6, 13, 0]  	363	3 
[1, 7, 13, 0]  	365	2 
[2, 14, 7, 0]  	369	2 
[1, 6, 14, 0]  	369	2 
[1, 15, 7, 0]  	371	2 
[0, 20, 4, 0]  	376	2 
[1, 18, 5, 0]  	378	2 
[0, 19, 5, 0]  	380	2 
[1, 17, 6, 0]  	382	2 
[0, 18, 6, 0]  	384	1 
[1, 1, 19, 0]  	389	2 
[0, 26, 0, 0]  	390	2  <--- 2
[1, 0, 20, 0]  	393	2 
[0, 1, 20, 0]  	395	1 
[0, 10, 13, 0]  	397	1 
[0, 0, 21, 0]  	399	1  <--- 3
[0, 23, 3, 0]  	402	2 
[0, 12, 12, 0]  	408	1 
[0, 4, 19, 0]  	421	1 
[0, 15, 11, 0]  	434	1 
[0, 7, 18, 0]  	447	1 
[3, 16, 1, 1]  	298	5 
[4, 17, 0, 1]  	307	5 
[3, 12, 6, 1]  	333	4 
[2, 12, 7, 1]  	339	3 
[2, 15, 5, 1]  	346	3 
[2, 14, 6, 1]  	350	3 
[2, 3, 15, 1]  	356	3 
[1, 19, 4, 1]  	374	3 
[2, 8, 8, 49]  	298	4 
[3, 9, 7, 49]  	307	4 
[1, 4, 13, 49]  	320	2 
[1, 7, 12, 49]  	346	2 
[1, 14, 7, 49]  	356	2 
[0, 18, 5, 49]  	365	1 
[1, 0, 19, 49]  	374	2 
------
The gap is between 2 and 48.
Lengths: 2 2 3 3 2 2.
For 413 = 5*d/2-d1-d2-d3 you get 2 in char 0.
1*y^25*z^2
1*y^6*z^17

For 229 = 3*d/2-d1-d2-d3 you get 3 in char 0.
1*x^2*y^11*z^2
1*x^1*y^3*z^9
1*y^14*z^1

For 45 = d/2-d1-d2-d3 you get 2 in char 0.
1*x^2*z^1
1*y^3

Extra powers of p used 0.
The invariant extra is equal to 1.
Start computing 11^3 Delta^1 (x1x2x3)^10... Done.
Start computing 11^4 Delta^2 (x1x2x3)^10... Done.
Start computing 11^5 Delta^3 (x1x2x3)^10... Done.
Start computing 11^6 Delta^4 (x1x2x3)^10... Done.
Start computing 11^7 Delta^5 (x1x2x3)^10... Done.
Start computing 11^8 Delta^6 (x1x2x3)^10... Done.
Start computing 11^9 Delta^7 (x1x2x3)^10... Done.
Start computing aa.
1 2 3 4 5 6 7 
*/
A = \
[648278212589170904758117721937526138918110103639187,797585973611312066436318674126418881651833117296159,675834501352238644484240105362366917485369606972856,267006577905384712664080961939830233794284127612421,877775759442981129167121096477167584514959944089270,349256782529187381563681736129677952289801814131574,154992368296534431964987222118282182754924271406127;\
229249941852972736207839085990690375733088704742771,728020778007280044532241987516474993934663388778904,527897884776534687161995365572068651497330477276901,69732718691625976833412386280766290453626154595070,547011611031087091287484763185468242339109612157720,630264902543965310873339574373219075603471610261318,210534940014395181495862914911530150216659996858397;\
251836329304982025567191404461505515694430723973678,634858651208371452707857932459989717248747181867808,282423387097553681849469944820163968313645452529392,149685486830748687353204304898930493307559594785511,568913045384232514897802467523673226543858989834464,425471477486429450276596187035569410432618644548703,148591660501901401755026215219534534094908526425509;\
201855806866884598615015791949135507472969662727685,141349521991689263405431033174827842534260478596987,650014728159777201055449890814515762530766994360102,753385361956612943645416972400803356955497461230557,231115506971766202728904097620560884563218761828948,315480691250654304076724292622381518052510361281614,505360580722926241990175508650332036986003200047804;\
307348642615687003696437493537452650714614057874699,807732114290281856623791604748359339178756505715071,116199540374826459913843298257117434350155986906537,499500671190283422621330470521819277735530935904412,1036871027233220830952828193860216716360574285984528,288335797627212160487967965034787849722101933198181,1027811588899499827812132035246815325095496779840641;\
104333562432451295058774836616992523055645046842702,953370459940236982479670928373616056722601062420562,39329989151212988256868780578861289820989386621822,85377894105097287683780189079371858482926681741506,1041962209850015861583489418398398552036736784166001,684101555173326314037250110608784941193562868575792,499984647744997169516356080348857328605798710823860;\
206243922819602449172632729904921352265843860982847,220473194028498895227543639071768924211810309288242,300148111487150731342778888070534769757845378051551,836840880820198343807195163130195138168851905845230,817168961297713767371537242785598165143029056295506,760468603115240575050914586466160122680961492371894,107521419605388946226306538696722255231494219243039]
/* 
This should be the matrix of frobenius!
*/ 
B = A; 
/* Freed 109 lists. */
