/* Comments begin... 
Coefficient of   x^13 * y^1               = 3
Coefficient of   x^6 * y^2 * z^4         = 3
Coefficient of   x^4 * y^5 * z^3         = 4
Coefficient of   x^2 * y^8 * z^2         = 5
Coefficient of   x^1 * z^9               = -3
Coefficient of   y^11 * z^1               = 4

Here is the polynomial we're using this time:

3*x^13*y^1 + 3*x^6*y^2*z^4 + 4*x^4*y^5*z^3 + 5*x^2*y^8*z^2 + -3*x^1*z^9 + 4*y^11*z^1

Allocate G_len 20 elements and old = 0.
Allocate M_len = 400 elements.
Allocate G_len 40 elements and old = 20.
Allocate M_len = 800 elements.
Allocate G_len 80 elements and old = 40.
Allocate M_len = 1600 elements.
Allocate M_len = 3200 elements.
The final length of G is 74
[6, 2, 3, 0]  	165	5 
[13, 0, 0, 0]  	169	5  <--- 1
[12, 1, 0, 0]  	171	5 
[4, 5, 3, 0]  	184	4 
[4, 8, 2, 0]  	210	5 
[3, 0, 10, 0]  	229	4 
[10, 5, 2, 0]  	243	8 
[7, 0, 9, 0]  	262	7 
[10, 8, 1, 0]  	269	7 
[5, 3, 9, 0]  	281	6 
[8, 11, 1, 0]  	288	6 
[6, 13, 1, 0]  	292	6 
[5, 14, 1, 0]  	294	5 
[11, 0, 8, 0]  	295	6 
[3, 6, 9, 0]  	300	5 
[4, 16, 1, 0]  	311	5 
[3, 8, 8, 0]  	311	5 
[3, 17, 1, 0]  	313	4 
[2, 9, 8, 0]  	313	4 
[8, 14, 0, 0]  	314	5 
[3, 16, 2, 0]  	317	4 
[2, 8, 9, 0]  	317	4 
[6, 16, 0, 0]  	318	5 
[2, 17, 2, 0]  	319	4 
[3, 15, 3, 0]  	321	4 
[11, 12, 0, 0]  	323	5 
[3, 19, 0, 0]  	324	4 
[10, 13, 0, 0]  	325	5 
[2, 20, 0, 0]  	326	4 
[2, 19, 1, 0]  	330	4 
[2, 0, 16, 0]  	330	4 
[1, 20, 1, 0]  	332	3 
[3, 12, 6, 0]  	333	4 
[3, 11, 7, 0]  	337	4 
[2, 12, 7, 0]  	339	3 
[2, 16, 4, 0]  	342	4 
[1, 22, 0, 0]  	343	3 
[3, 14, 5, 0]  	344	4 
[1, 12, 8, 0]  	345	3 
[2, 15, 5, 0]  	346	3 
[2, 14, 6, 0]  	350	3 
[2, 4, 14, 0]  	352	3 
[2, 3, 15, 0]  	356	3 
[1, 9, 11, 0]  	357	3 
[1, 4, 15, 0]  	358	2 
[2, 7, 12, 0]  	359	3 
[1, 8, 12, 0]  	361	3 
[2, 6, 13, 0]  	363	3 
[1, 7, 13, 0]  	365	2 
[1, 6, 14, 0]  	369	2 
[1, 15, 7, 0]  	371	2 
[1, 19, 4, 0]  	374	3 
[0, 20, 4, 0]  	376	2 
[1, 18, 5, 0]  	378	2 
[0, 19, 5, 0]  	380	2 
[1, 17, 6, 0]  	382	2 
[0, 18, 6, 0]  	384	1 
[1, 1, 19, 0]  	389	2 
[0, 26, 0, 0]  	390	2  <--- 2
[1, 0, 20, 0]  	393	2 
[0, 1, 20, 0]  	395	1 
[0, 10, 13, 0]  	397	1 
[0, 0, 21, 0]  	399	1  <--- 3
[0, 12, 12, 0]  	408	1 
[0, 4, 19, 0]  	421	1 
[0, 15, 11, 0]  	434	1 
[0, 7, 18, 0]  	447	1 
[3, 16, 1, 1]  	298	5 
[4, 17, 0, 1]  	307	5 
[0, 23, 3, 1]  	402	2 
[2, 8, 8, 49]  	298	4 
[3, 9, 7, 49]  	307	4 
[2, 12, 6, 49]  	320	3 
[0, 4, 18, 49]  	402	1 
------
The gap is between 2 and 48.
Lengths: 2 2 3 3 2 2.
For 413 = 5*d/2-d1-d2-d3 you get 2 in char 0.
1*y^25*z^2
1*y^6*z^17

For 229 = 3*d/2-d1-d2-d3 you get 3 in char 0.
1*x^2*y^11*z^2
1*x^1*y^3*z^9
1*y^14*z^1

For 45 = d/2-d1-d2-d3 you get 2 in char 0.
1*x^2*z^1
1*y^3

Extra powers of p used 0.
The invariant extra is equal to 1.
Start computing 11^3 Delta^1 (x1x2x3)^10... Done.
Start computing 11^4 Delta^2 (x1x2x3)^10... Done.
Start computing 11^5 Delta^3 (x1x2x3)^10... Done.
Start computing 11^6 Delta^4 (x1x2x3)^10... Done.
Start computing 11^7 Delta^5 (x1x2x3)^10... Done.
Start computing 11^8 Delta^6 (x1x2x3)^10... Done.
Start computing 11^9 Delta^7 (x1x2x3)^10... Done.
Start computing aa.
1 2 3 4 5 6 7 
*/
A = \
[415155342864192183858765666636167485094902196484089,784565777926205883665501838299903824240196802233323,946415663171813503651204311269692417857241864922964,894353859085725846567178988701415152137072677096565,1021164147561525794255410329547902257258971536876596,283308034062478145558076920113562379190364391133023,1026812226005132386789642209225609880342012927982839;\
317987233904350053120409264595289792844874905636067,662031167047756418168739357362492912945336532909116,591828568383252196190376869404286982650096478881647,1043815048548300406458038388131830815396882322128473,346887736961381241126335875877023152832935614126119,873902755224251237587763448656056514315535593465891,694829100664443980788801400676241222482001566391047;\
456652298301067855851943809920370399822614199898964,93356968580393237376074720255144604391903325531575,186200697449951102981235268318360023050055666336683,850353617181609640208360292583406028904429826036285,621331079278435020091957170182742370594747720773745,1051793954663132621588351310746828095568879060475528,376471686226986788243276302584938297098538919284918;\
185361341860723884205742496717557930214727550081956,262083506005565082755242373376589259494208561255337,215051949286904550772335165518229385282325383549101,480134047128300266319042774962824139324420911504695,1039333820274117973685197555163342716920739951998372,118325196393633009980654709073403626017169199164720,279662875011250327689479450472392887728507918299867;\
777021471003332530536961626028594668543077390485250,625128742825730050542709122618215533953120057645139,730891127093839742163859989060408862174203331827842,460227945506727143479219097091651670690421243425390,44501145940895878797950005640704023952484933107202,785245631784437319451183887674801208128342192284366,858997455237607654640317735298571990448196045131737;\
414353139962531857446469357321842422373405868144427,11702763699517549697650354484704198841379294942314,211196128763115521348052367099712753823514751573115,349099420656594632319823241021001206240963143482728,767435265499248952332379228237013095502787228221417,628732383254113030393882795999322990855780672499235,774066941930265546552700000279154953289687511402197;\
577028385671420016492922787927044298082394792283295,488348431694030099144135382652512495708991827084443,100498942703286372210636235760734082872966245534124,927794247355683528078775079231949596955904213776223,986245653631208073012652897713716822248464648464158,696966342504142464196882924204637896098332202358093,888344503372406457800730766467185062697133431256169]
/* 
This should be the matrix of frobenius!
*/ 
B = A; 
/* Freed 109 lists. */
