/* Comments begin... 
Coefficient of   x^13 * y^1               = -4
Coefficient of   x^6 * y^2 * z^4         = -1
Coefficient of   x^4 * y^5 * z^3         = 4
Coefficient of   x^2 * y^8 * z^2         = -5
Coefficient of   x^1 * z^9               = -3
Coefficient of   y^11 * z^1               = 3

Here is the polynomial we're using this time:

-4*x^13*y^1 + -1*x^6*y^2*z^4 + 4*x^4*y^5*z^3 + -5*x^2*y^8*z^2 + -3*x^1*z^9 + 3*y^11*z^1

Allocate G_len 20 elements and old = 0.
Allocate M_len = 400 elements.
Allocate G_len 40 elements and old = 20.
Allocate M_len = 800 elements.
Allocate G_len 80 elements and old = 40.
Allocate M_len = 1600 elements.
Allocate M_len = 3200 elements.
Allocate G_len 160 elements and old = 80.
The final length of G is 78
[6, 2, 3, 0]  	165	5 
[13, 0, 0, 0]  	169	5  <--- 1
[12, 1, 0, 0]  	171	5 
[4, 5, 3, 0]  	184	4 
[4, 8, 2, 0]  	210	5 
[3, 0, 10, 0]  	229	4 
[10, 5, 2, 0]  	243	8 
[10, 8, 1, 0]  	269	7 
[5, 3, 9, 0]  	281	6 
[9, 0, 9, 0]  	288	6 
[8, 11, 1, 0]  	288	6 
[6, 13, 1, 0]  	292	6 
[5, 14, 1, 0]  	294	5 
[11, 0, 8, 0]  	295	6 
[3, 16, 1, 0]  	298	5 
[4, 17, 0, 0]  	307	5 
[3, 8, 8, 0]  	311	5 
[2, 9, 8, 0]  	313	4 
[8, 14, 0, 0]  	314	5 
[2, 8, 9, 0]  	317	4 
[6, 16, 0, 0]  	318	5 
[2, 17, 2, 0]  	319	4 
[3, 15, 3, 0]  	321	4 
[11, 12, 0, 0]  	323	5 
[3, 19, 0, 0]  	324	4 
[10, 13, 0, 0]  	325	5 
[2, 20, 0, 0]  	326	4 
[2, 19, 1, 0]  	330	4 
[2, 0, 16, 0]  	330	4 
[3, 12, 6, 0]  	333	4 
[3, 11, 7, 0]  	337	4 
[2, 12, 7, 0]  	339	3 
[2, 16, 4, 0]  	342	4 
[3, 14, 5, 0]  	344	4 
[1, 12, 8, 0]  	345	3 
[2, 15, 5, 0]  	346	3 
[2, 4, 14, 0]  	352	3 
[2, 3, 15, 0]  	356	3 
[1, 23, 0, 0]  	358	2 
[1, 4, 15, 0]  	358	2 
[1, 8, 12, 0]  	361	3 
[2, 6, 13, 0]  	363	3 
[1, 7, 13, 0]  	365	2 
[1, 6, 14, 0]  	369	2 
[1, 15, 7, 0]  	371	2 
[1, 19, 4, 0]  	374	3 
[1, 18, 5, 0]  	378	2 
[0, 19, 5, 0]  	380	2 
[1, 17, 6, 0]  	382	2 
[0, 18, 6, 0]  	384	1 
[1, 1, 19, 0]  	389	2 
[0, 26, 0, 0]  	390	2  <--- 2
[1, 0, 20, 0]  	393	2 
[0, 1, 20, 0]  	395	1 
[0, 10, 13, 0]  	397	1 
[0, 0, 21, 0]  	399	1  <--- 3
[0, 12, 12, 0]  	408	1 
[0, 23, 4, 0]  	421	1 
[0, 4, 19, 0]  	421	1 
[0, 15, 11, 0]  	434	1 
[0, 7, 18, 0]  	447	1 
[7, 0, 9, 1]  	262	7 
[3, 6, 9, 1]  	300	5 
[1, 20, 1, 1]  	332	3 
[1, 22, 0, 1]  	343	3 
[2, 14, 6, 1]  	350	3 
[1, 9, 11, 1]  	357	3 
[2, 7, 12, 1]  	359	3 
[0, 20, 4, 1]  	376	2 
[0, 23, 3, 4]  	402	2 
[0, 4, 18, 46]  	402	1 
[6, 11, 1, 49]  	262	6 
[2, 17, 1, 49]  	300	3 
[1, 1, 16, 49]  	332	1 
[1, 3, 15, 49]  	343	1 
[1, 6, 13, 49]  	350	1 
[0, 1, 18, 49]  	357	1 
[1, 18, 4, 49]  	359	2 
------
The gap is between 5 and 45.
Lengths: 2 2 3 3 2 2.
For 413 = 5*d/2-d1-d2-d3 you get 2 in char 0.
1*y^25*z^2
1*y^6*z^17

For 229 = 3*d/2-d1-d2-d3 you get 3 in char 0.
1*x^2*y^11*z^2
1*x^1*y^3*z^9
1*y^14*z^1

For 45 = d/2-d1-d2-d3 you get 2 in char 0.
1*x^2*z^1
1*y^3

Extra powers of p used 0.
The invariant extra is equal to 1.
Start computing 11^3 Delta^1 (x1x2x3)^10... Done.
Start computing 11^4 Delta^2 (x1x2x3)^10... Done.
Start computing 11^5 Delta^3 (x1x2x3)^10... Done.
Start computing 11^6 Delta^4 (x1x2x3)^10... Done.
Start computing 11^7 Delta^5 (x1x2x3)^10... Done.
Start computing 11^8 Delta^6 (x1x2x3)^10... Done.
Start computing 11^9 Delta^7 (x1x2x3)^10... Done.
Start computing aa.
1 2 3 4 5 6 7 
*/
A = \
[558787679770807776284766169219207097763348819796087,488459288036310453474399632406819965462228534511990,846618428099926249227151440481470634937804690149663,971063420893426643770703340754480754104991925796193,107498126530662198446203358159299044334398716061440,830244446186543860668468144846589453596117857324882,742386187631905326036487841093740642175385586646033;\
114019794703109154214092833607593469635905638062324,486825367290036997043708390930503261502268892157557,364759386923306016599989528370864113406790011767493,464080604367929738945228289285874329661980213587892,873419480129531517425759769626363710948979447960109,434083805191049701930750109508524259177109335391091,832911438942652473773458485846525161402454478761905;\
296148873513695282719670672335191672543541734037681,600192563426359115149456854410141145720477050802005,1035726761781123778551533296950003368868679208439936,17376975227074314277660781792314069424411574750702,649689014518633364162611030998512108583380907337009,920078213220371921907418644428916304544997515029136,983647647531616427916574026628091857937604468762005;\
777206039228804891457739795882189027086076670016509,751990298982109263442659956241413798524368357606702,800645474659413018005731959770459108500939621652236,609355156725100145874771781427188859567737186131095,571368949774862716827864822646175559449928425238882,1020472993070492543383179036182618459126794388198964,146619621423332747845273162809673953840830459991269;\
968062517336929970889475852426152392422337892727923,236822292069354810963902723424467542197908159009963,561833899743437538496233640393995757188305747889366,751034051150566041246597863287121502218668266319341,16899871533900603455345922077862427105118292848780,876741305032162210221322822227189389722838249046469,530765479908983048513997349891045120260279440621337;\
561101802984865409248360437312286954158795511257258,74826917183947420698281725332053517787565400180015,76376503604018531708828744101543926482556726224962,874014764931935308519081103572369941768438330586232,782095566922157772462954539351431181487755801034334,849518711434620822547658575605842700468685660492995,567648663499803909825847281997852333754641711292271;\
880646130407971463305748401911181130216084482597213,6761006963992674043632203916127797218681102134525,53655434246305872735011117222349619185177324994084,761974546763031788117865637110251038677198224710102,35372500353656757256362411453958380219911493532801,803725282037295391509932035313589746626289004374620,601119247233068497018040061121360883934546008867932]
/* 
This should be the matrix of frobenius!
*/ 
B = A; 
/* Freed 109 lists. */
