/* Comments begin... 
Coefficient of   x^13 * y^1               = -3
Coefficient of   x^6 * y^2 * z^4         = 2
Coefficient of   x^4 * y^5 * z^3         = -5
Coefficient of   x^2 * y^8 * z^2         = -2
Coefficient of   x^1 * z^9               = 1
Coefficient of   y^11 * z^1               = 5

Here is the polynomial we're using this time:

-3*x^13*y^1 + 2*x^6*y^2*z^4 + -5*x^4*y^5*z^3 + -2*x^2*y^8*z^2 + 1*x^1*z^9 + 5*y^11*z^1

Allocate G_len 20 elements and old = 0.
Allocate M_len = 400 elements.
Allocate G_len 40 elements and old = 20.
Allocate M_len = 800 elements.
Allocate G_len 80 elements and old = 40.
Allocate M_len = 1600 elements.
Allocate M_len = 3200 elements.
The final length of G is 74
[6, 2, 3, 0]  	165	5 
[13, 0, 0, 0]  	169	5  <--- 1
[12, 1, 0, 0]  	171	5 
[4, 5, 3, 0]  	184	4 
[4, 8, 2, 0]  	210	5 
[3, 0, 10, 0]  	229	4 
[10, 5, 2, 0]  	243	8 
[7, 0, 9, 0]  	262	7 
[10, 8, 1, 0]  	269	7 
[5, 3, 9, 0]  	281	6 
[8, 11, 1, 0]  	288	6 
[6, 13, 1, 0]  	292	6 
[5, 14, 1, 0]  	294	5 
[11, 0, 8, 0]  	295	6 
[3, 6, 9, 0]  	300	5 
[4, 17, 0, 0]  	307	5 
[4, 16, 1, 0]  	311	5 
[3, 8, 8, 0]  	311	5 
[3, 17, 1, 0]  	313	4 
[2, 9, 8, 0]  	313	4 
[8, 14, 0, 0]  	314	5 
[3, 16, 2, 0]  	317	4 
[2, 8, 9, 0]  	317	4 
[6, 16, 0, 0]  	318	5 
[2, 17, 2, 0]  	319	4 
[3, 15, 3, 0]  	321	4 
[11, 12, 0, 0]  	323	5 
[3, 19, 0, 0]  	324	4 
[10, 13, 0, 0]  	325	5 
[2, 19, 1, 0]  	330	4 
[2, 0, 16, 0]  	330	4 
[1, 20, 1, 0]  	332	3 
[3, 12, 6, 0]  	333	4 
[3, 11, 7, 0]  	337	4 
[2, 16, 4, 0]  	342	4 
[1, 22, 0, 0]  	343	3 
[3, 14, 5, 0]  	344	4 
[1, 12, 8, 0]  	345	3 
[2, 15, 5, 0]  	346	3 
[2, 14, 6, 0]  	350	3 
[2, 4, 14, 0]  	352	3 
[2, 3, 15, 0]  	356	3 
[1, 9, 11, 0]  	357	3 
[1, 4, 15, 0]  	358	2 
[2, 7, 12, 0]  	359	3 
[1, 8, 12, 0]  	361	3 
[2, 6, 13, 0]  	363	3 
[1, 6, 14, 0]  	369	2 
[1, 15, 7, 0]  	371	2 
[1, 19, 4, 0]  	374	3 
[0, 20, 4, 0]  	376	2 
[1, 18, 5, 0]  	378	2 
[0, 19, 5, 0]  	380	2 
[1, 17, 6, 0]  	382	2 
[0, 18, 6, 0]  	384	1 
[1, 1, 19, 0]  	389	2 
[0, 26, 0, 0]  	390	2  <--- 2
[1, 0, 20, 0]  	393	2 
[0, 1, 20, 0]  	395	1 
[0, 10, 13, 0]  	397	1 
[0, 0, 21, 0]  	399	1  <--- 3
[0, 23, 3, 0]  	402	2 
[0, 12, 12, 0]  	408	1 
[0, 4, 19, 0]  	421	1 
[0, 15, 11, 0]  	434	1 
[0, 7, 18, 0]  	447	1 
[3, 16, 1, 1]  	298	5 
[2, 20, 0, 1]  	326	4 
[2, 12, 7, 1]  	339	3 
[1, 7, 13, 1]  	365	2 
[2, 8, 8, 49]  	298	4 
[2, 1, 15, 49]  	326	3 
[1, 4, 14, 49]  	339	2 
[0, 18, 5, 49]  	365	1 
------
The gap is between 2 and 48.
Lengths: 2 2 3 3 2 2.
For 413 = 5*d/2-d1-d2-d3 you get 2 in char 0.
1*y^25*z^2
1*y^6*z^17

For 229 = 3*d/2-d1-d2-d3 you get 3 in char 0.
1*x^2*y^11*z^2
1*x^1*y^3*z^9
1*y^14*z^1

For 45 = d/2-d1-d2-d3 you get 2 in char 0.
1*x^2*z^1
1*y^3

Extra powers of p used 0.
The invariant extra is equal to 1.
Start computing 11^3 Delta^1 (x1x2x3)^10... Done.
Start computing 11^4 Delta^2 (x1x2x3)^10... Done.
Start computing 11^5 Delta^3 (x1x2x3)^10... Done.
Start computing 11^6 Delta^4 (x1x2x3)^10... Done.
Start computing 11^7 Delta^5 (x1x2x3)^10... Done.
Start computing 11^8 Delta^6 (x1x2x3)^10... Done.
Start computing 11^9 Delta^7 (x1x2x3)^10... Done.
Start computing aa.
1 2 3 4 5 6 7 
*/
A = \
[514819626387084823856782464449672644285494111251523,853520500072593204215737150754916940341261294315769,26848664942228599877004586117019568912722142875066,261563981439776182947333725421514163136559666434585,1035627069389153594121521902402542678425957973271956,1064310716532616245160544194774410252603264232912201,775930998863258653633891914646285969107380076066747;\
576117937639763410574808409346916296224258231340872,600601949104045899071274233634336789699146800998736,458872769323407944916344512916443253062154235976815,20725430727211853844696328289057641176208555138688,424152859570972955655926664729059728856557276219104,887959894560042595216154811993725395788185058082580,262968881263242170806660594689257815974325549970317;\
350502648328972922760005889689436330553398733402547,564365436932535851098628175804154586805686353342952,386223680453976242767552602464252003947055078197790,810760950338518152920456313148760841978216255138350,749504867681715510384725884898750922174432561366471,1004051070165172277872502661928670314797672601335751,224064544414403319476531257097283050993819542397982;\
776177894942369996282571908791742627196407608565114,399512883801149027500126822904582673817645754624823,688453152129628583843748601334678893750343763094949,359510465338193795532571504563132434812795672501167,76100856016938622380479027777967594337338724531329,107796507437508227148293671324600436683725724645738,610029970913802494497296893322952145639836920745632;\
70149157621576637937348615281777916337016804055415,432757108083374455476935458695487827891797700102143,538185035473442201701954368214556845099149652838226,307471316609686889561036829646259361556909748824901,617579347604449357361977118553826480233691700847535,247474319701852360152445522617761098130741567032611,361536964846207728354376738550409550578980764973119;\
768633185239778498551456174306729859824711688531100,1063683534475828037385378694420768413738457611524989,974147779966148970125800335033004566985548300770391,163683209840472845199861099622175710352779852417981,116686737279736256031991684636501706882702133293454,603109384728181166213588537461537973128180764482406,893819481973735623080548017465434643714670227052332;\
44190459922236364263249193806017725506917733591848,344681636550510838965872085483917257685577669362682,956139555626865325753062870988652025999035357357829,495088858210578926428741429426155632106518880291706,1002187469044659906933166473545430348277072371855258,489958405835352517959397193578512801471646508309536,437023353150623969900339213662124716129658602622362]
/* 
This should be the matrix of frobenius!
*/ 
B = A; 
/* Freed 109 lists. */
